#kinematics calculation by https://skisickness.com/math-physics/kinematics/
#vertex z = 0, E = 69.0. MeV, reaction: exex
#scattered particle
#angle [deg], energy [MeV]
    0.000000      0.000000
   21.229897      1.674926
   28.476916      2.369038
   33.266201      2.901876
   36.802127      3.351271
   39.564624      3.747365
   41.801402      4.105613
   43.658563      4.435197
   45.229808      4.742096
   46.578836      5.030465
   47.750867      5.303327
   48.779108      5.562965
   49.688611      5.811152
   50.498707      6.049298
   51.224595      6.278545
   51.878418      6.499836
   52.470014      6.713956
   53.007454      6.921573
   53.497429      7.123254
   53.945538      7.319491
   54.356511      7.510710
   54.734373      7.697286
   55.082572      7.879548
   55.404082      8.057789
   55.701486      8.232271
   55.977034      8.403228
   56.232701      8.570872
   56.470227      8.735392
   56.691149      8.896962
   56.896834      9.055741
   57.088500      9.211872
   57.267238      9.365489
   57.434026      9.516713
   57.589746      9.665656
   57.735192      9.812423
   57.871085      9.957110
   57.998080     10.099807
   58.116772     10.240596
   58.227704     10.379556
   58.331373     10.516759
   58.428234     10.652273
   58.518704     10.786161
   58.603168     10.918485
   58.681980     11.049299
   58.755466     11.178658
   58.823930     11.306611
   58.887650     11.433205
   58.946886     11.558486
   59.001880     11.682496
   59.052856     11.805274
   59.100022     11.926859
   59.143574     12.047287
   59.183693     12.166592
   59.220550     12.284808
   59.254304     12.401966
   59.285103     12.518095
   59.313089     12.633224
   59.338391     12.747380
   59.361135     12.860589
   59.381435     12.972876
   59.399402     13.084265
   59.415139     13.194778
   59.428743     13.304438
   59.440305     13.413265
   59.449914     13.521280
   59.457650     13.628503
   59.463591     13.734951
   59.467812     13.840642
   59.470382     13.945595
   59.471368     14.049825
   59.470831     14.153349
   59.468832     14.256183
   59.465428     14.358340
   59.460672     14.459836
   59.454616     14.560684
   59.447308     14.660898
   59.438796     14.760491
   59.429124     14.859475
   59.418334     14.957863
   59.406466     15.055666
   59.393559     15.152896
   59.379650     15.249564
   59.364774     15.345680
   59.348965     15.441255
   59.332256     15.536299
   59.314676     15.630822
   59.296255     15.724833
   59.277023     15.818342
   59.257005     15.911357
   59.236229     16.003886
   59.214718     16.095940
   59.192498     16.187524
   59.169590     16.278649
   59.146017     16.369321
   59.121800     16.459548
   59.096959     16.549337
   59.071515     16.638696
   59.045486     16.727631
   59.018889     16.816150
   58.991743     16.904258
   58.964065     16.991963
   58.935870     17.079270
   58.907174     17.166186
   58.877992     17.252717
   58.848339     17.338868
   58.818228     17.424646
   58.787673     17.510055
   58.756687     17.595102
   58.725283     17.679791
   58.693472     17.764128
   58.661266     17.848118
   58.628677     17.931766
   58.595715     18.015077
   58.562392     18.098054
   58.528716     18.180704
   58.494698     18.263030
   58.460348     18.345038
   58.425675     18.426730
   58.390687     18.508112
   58.355393     18.589188
   58.319802     18.669961
   58.283922     18.750436
   58.247760     18.830617
   58.211323     18.910507
   58.174621     18.990110
   58.137659     19.069430
   58.100444     19.148471
   58.062983     19.227235
   58.025282     19.305727
   57.987348     19.383949
   57.949188     19.461906
   57.910806     19.539600
   57.872208     19.617034
   57.833400     19.694212
   57.794388     19.771136
   57.755177     19.847811
   57.715771     19.924238
   57.676176     20.000420
   57.636396     20.076361
   57.596437     20.152064
   57.556302     20.227530
   57.515996     20.302763
   57.475524     20.377765
   57.434889     20.452539
   57.394095     20.527088
   57.353147     20.601414
   57.312048     20.675519
   57.270802     20.749406
   57.229413     20.823077
   57.187884     20.896535
   57.146218     20.969782
   57.104419     21.042821
   57.062491     21.115652
   57.020435     21.188280
   56.978256     21.260705
   56.935956     21.332930
   56.893538     21.404957
   56.851005     21.476788
   56.808359     21.548426
   56.765604     21.619871
   56.722742     21.691127
   56.679776     21.762194
   56.636708     21.833076
   56.593540     21.903773
   56.550275     21.974288
   56.506915     22.044622
   56.463462     22.114778
   56.419919     22.184757
   56.376288     22.254560
   56.332570     22.324190
   56.288768     22.393647
   56.244884     22.462935
   56.200919     22.532054
   56.156875     22.601006
   56.112755     22.669793
   56.068560     22.738416
   56.024292     22.806877
   55.979953     22.875176
   55.935543     22.943317
   55.891065     23.011300
   55.846521     23.079127
   55.801912     23.146798
   55.757239     23.214317
   55.712503     23.281683
   55.667707     23.348898
   55.622852     23.415965
   55.577939     23.482883
   55.532969     23.549654
   55.487943     23.616281
   55.442864     23.682763
   55.397732     23.749103
   55.352548     23.815301
   55.307313     23.881358
   55.262030     23.947277
   55.216698     24.013058
   55.171319     24.078702
   55.125894     24.144211
   55.080424     24.209586
   55.034910     24.274827
   54.989353     24.339936
   54.943754     24.404915
   54.898114     24.469763
   54.852434     24.534483
   54.806715     24.599076
   54.760957     24.663542
   54.715162     24.727882
   54.669330     24.792098
   54.623463     24.856191
   54.577561     24.920161
   54.531624     24.984010
   54.485654     25.047738
   54.439652     25.111347
   54.393617     25.174837
   54.347552     25.238210
   54.301456     25.301467
   54.255330     25.364608
   54.209175     25.427634
   54.162992     25.490546
   54.116781     25.553346
   54.070542     25.616033
   54.024277     25.678609
   53.977986     25.741076
   53.931670     25.803433
   53.885329     25.865681
   53.838964     25.927822
   53.792575     25.989856
   53.746163     26.051784
   53.699728     26.113606
   53.653271     26.175325
   53.606792     26.236940
   53.560293     26.298452
   53.513772     26.359862
   53.467232     26.421171
   53.420672     26.482379
   53.374092     26.543488
   53.327493     26.604497
   53.280877     26.665409
   53.234242     26.726223
   53.187589     26.786941
   53.140919     26.847562
   53.094233     26.908088
   53.047530     26.968520
   53.000811     27.028857
   52.954076     27.089102
   52.907326     27.149254
   52.860560     27.209314
   52.813780     27.269283
   52.766986     27.329161
   52.720178     27.388950
   52.673356     27.448649
   52.626520     27.508260
   52.579672     27.567783
   52.532810     27.627218
   52.485936     27.686567
   52.439050     27.745830
   52.392151     27.805008
   52.345241     27.864100
   52.298320     27.923109
   52.251387     27.982034
   52.204443     28.040876
   52.157489     28.099635
   52.110524     28.158312
   52.063549     28.216909
   52.016563     28.275424
   51.969568     28.333860
   51.922563     28.392215
   51.875549     28.450492
   51.828525     28.508690
   51.781493     28.566811
   51.734452     28.624853
   51.687402     28.682819
   51.640343     28.740709
   51.593276     28.798523
   51.546201     28.856262
   51.499119     28.913925
   51.452028     28.971515
   51.404930     29.029030
   51.357824     29.086473
   51.310711     29.143843
   51.263590     29.201140
   51.216463     29.258366
   51.169329     29.315520
   51.122188     29.372603
   51.075040     29.429616
   51.027886     29.486560
   50.980725     29.543434
   50.933558     29.600238
   50.886385     29.656975
   50.839206     29.713643
   50.792021     29.770244
   50.744830     29.826778
   50.697633     29.883245
   50.650430     29.939646
   50.603222     29.995980
   50.556009     30.052250
   50.508790     30.108455
   50.461566     30.164595
   50.414337     30.220671
   50.367102     30.276683
   50.319863     30.332633
   50.272618     30.388519
   50.225369     30.444343
   50.178115     30.500105
   50.130856     30.555805
   50.083592     30.611444
   50.036324     30.667022
   49.989051     30.722540
   49.941773     30.777998
   49.894491     30.833396
   49.847205     30.888735
   49.799914     30.944015
   49.752619     30.999237
   49.705319     31.054400
   49.658015     31.109506
   49.610707     31.164554
   49.563395     31.219546
   49.516079     31.274480
   49.468758     31.329359
   49.421434     31.384181
   49.374105     31.438948
   49.326773     31.493660
   49.279436     31.548317
   49.232095     31.602920
   49.184751     31.657468
   49.137402     31.711963
   49.090050     31.766404
   49.042693     31.820792
   48.995333     31.875127
   48.947968     31.929409
   48.900600     31.983640
   48.853228     32.037819
   48.805852     32.091946
   48.758472     32.146022
   48.711089     32.200048
   48.663701     32.254023
   48.616310     32.307947
   48.568914     32.361822
   48.521515     32.415647
   48.474112     32.469424
   48.426705     32.523151
   48.379294     32.576829
   48.331880     32.630460
   48.284461     32.684042
   48.237038     32.737576
   48.189612     32.791064
   48.142181     32.844504
   48.094747     32.897897
   48.047308     32.951244
   47.999866     33.004544
   47.952419     33.057799
   47.904969     33.111008
   47.857514     33.164171
   47.810055     33.217290
   47.762592     33.270363
   47.715125     33.323392
   47.667654     33.376377
   47.620178     33.429318
   47.572698     33.482216
   47.525214     33.535069
   47.477726     33.587880
   47.430233     33.640648
   47.382736     33.693373
   47.335235     33.746056
   47.287729     33.798697
   47.240218     33.851296
   47.192703     33.903854
   47.145184     33.956370
   47.097659     34.008845
   47.050130     34.061279
   47.002597     34.113673
   46.955059     34.166027
   46.907515     34.218341
   46.859968     34.270614
   46.812415     34.322849
   46.764857     34.375044
   46.717294     34.427200
   46.669726     34.479317
   46.622154     34.531396
   46.574576     34.583436
   46.526992     34.635438
   46.479404     34.687403
   46.431810     34.739330
   46.384211     34.791220
   46.336607     34.843072
   46.288997     34.894888
   46.241381     34.946667
   46.193760     34.998409
   46.146134     35.050116
   46.098501     35.101786
   46.050863     35.153421
   46.003219     35.205020
   45.955569     35.256584
   45.907914     35.308112
   45.860252     35.359606
   45.812584     35.411066
   45.764910     35.462491
   45.717230     35.513881
   45.669543     35.565238
   45.621850     35.616561
   45.574151     35.667851
   45.526445     35.719107
   45.478733     35.770330
   45.431014     35.821520
   45.383288     35.872677
   45.335556     35.923802
   45.287816     35.974895
   45.240070     36.025955
   45.192317     36.076984
   45.144557     36.127981
   45.096789     36.178947
   45.049015     36.229881
   45.001233     36.280784
   44.953444     36.331656
   44.905647     36.382498
   44.857843     36.433309
   44.810031     36.484090
   44.762211     36.534841
   44.714384     36.585561
   44.666549     36.636253
   44.618705     36.686914
   44.570854     36.737547
   44.522995     36.788150
   44.475128     36.838724
   44.427252     36.889270
   44.379368     36.939787
   44.331476     36.990275
   44.283575     37.040736
   44.235665     37.091168
   44.187747     37.141572
   44.139820     37.191949
   44.091884     37.242299
   44.043939     37.292621
   43.995985     37.342916
   43.948021     37.393184
   43.900049     37.443425
   43.852067     37.493640
   43.804076     37.543829
   43.756076     37.593991
   43.708065     37.644127
   43.660045     37.694237
   43.612016     37.744322
   43.563976     37.794380
   43.515926     37.844414
   43.467867     37.894423
   43.419797     37.944406
   43.371717     37.994364
   43.323626     38.044298
   43.275525     38.094208
   43.227413     38.144093
   43.179291     38.193953
   43.131158     38.243790
   43.083014     38.293603
   43.034859     38.343392
   42.986693     38.393158
   42.938516     38.442900
   42.890328     38.492619
   42.842128     38.542315
   42.793917     38.591988
   42.745694     38.641639
   42.697459     38.691266
   42.649213     38.740872
   42.600954     38.790455
   42.552684     38.840016
   42.504402     38.889554
   42.456107     38.939072
   42.407800     38.988567
   42.359480     39.038041
   42.311148     39.087494
   42.262804     39.136925
   42.214446     39.186335
   42.166076     39.235725
   42.117692     39.285093
   42.069296     39.334441
   42.020886     39.383769
   41.972463     39.433076
   41.924027     39.482363
   41.875577     39.531630
   41.827113     39.580877
   41.778635     39.630105
   41.730144     39.679313
   41.681638     39.728501
   41.633118     39.777670
   41.584585     39.826820
   41.536036     39.875951
   41.487473     39.925063
   41.438896     39.974156
   41.390304     40.023231
   41.341697     40.072287
   41.293075     40.121325
   41.244437     40.170344
   41.195785     40.219346
   41.147117     40.268329
   41.098434     40.317295
   41.049735     40.366243
   41.001021     40.415174
   40.952290     40.464087
   40.903544     40.512983
   40.854782     40.561861
   40.806003     40.610723
   40.757208     40.659568
   40.708396     40.708396
   40.659568     40.757208
   40.610723     40.806003
   40.561861     40.854782
   40.512983     40.903544
   40.464087     40.952290
   40.415174     41.001021
   40.366243     41.049735
   40.317295     41.098434
   40.268329     41.147117
   40.219346     41.195785
   40.170344     41.244437
   40.121325     41.293075
   40.072287     41.341697
   40.023231     41.390304
   39.974156     41.438896
   39.925063     41.487473
   39.875951     41.536036
   39.826820     41.584585
   39.777670     41.633118
   39.728501     41.681638
   39.679313     41.730144
   39.630105     41.778635
   39.580877     41.827113
   39.531630     41.875577
   39.482363     41.924027
   39.433076     41.972463
   39.383769     42.020886
   39.334441     42.069296
   39.285093     42.117692
   39.235725     42.166076
   39.186335     42.214446
   39.136925     42.262804
   39.087494     42.311148
   39.038041     42.359480
   38.988567     42.407800
   38.939072     42.456107
   38.889554     42.504402
   38.840016     42.552684
   38.790455     42.600954
   38.740872     42.649213
   38.691266     42.697459
   38.641639     42.745694
   38.591988     42.793917
   38.542315     42.842128
   38.492619     42.890328
   38.442900     42.938516
   38.393158     42.986693
   38.343392     43.034859
   38.293603     43.083014
   38.243790     43.131158
   38.193953     43.179291
   38.144093     43.227413
   38.094208     43.275525
   38.044298     43.323626
   37.994364     43.371717
   37.944406     43.419797
   37.894423     43.467867
   37.844414     43.515926
   37.794380     43.563976
   37.744322     43.612016
   37.694237     43.660045
   37.644127     43.708065
   37.593991     43.756076
   37.543829     43.804076
   37.493640     43.852067
   37.443425     43.900049
   37.393184     43.948021
   37.342916     43.995985
   37.292621     44.043939
   37.242299     44.091884
   37.191949     44.139820
   37.141572     44.187747
   37.091168     44.235665
   37.040736     44.283575
   36.990275     44.331476
   36.939787     44.379368
   36.889270     44.427252
   36.838724     44.475128
   36.788150     44.522995
   36.737547     44.570854
   36.686914     44.618705
   36.636253     44.666549
   36.585561     44.714384
   36.534841     44.762211
   36.484090     44.810031
   36.433309     44.857843
   36.382498     44.905647
   36.331656     44.953444
   36.280784     45.001233
   36.229881     45.049015
   36.178947     45.096789
   36.127981     45.144557
   36.076984     45.192317
   36.025955     45.240070
   35.974895     45.287816
   35.923802     45.335556
   35.872677     45.383288
   35.821520     45.431014
   35.770330     45.478733
   35.719107     45.526445
   35.667851     45.574151
   35.616561     45.621850
   35.565238     45.669543
   35.513881     45.717230
   35.462491     45.764910
   35.411066     45.812584
   35.359606     45.860252
   35.308112     45.907914
   35.256584     45.955569
   35.205020     46.003219
   35.153421     46.050863
   35.101786     46.098501
   35.050116     46.146134
   34.998409     46.193760
   34.946667     46.241381
   34.894888     46.288997
   34.843072     46.336607
   34.791220     46.384211
   34.739330     46.431810
   34.687403     46.479404
   34.635438     46.526992
   34.583436     46.574576
   34.531396     46.622154
   34.479317     46.669726
   34.427200     46.717294
   34.375044     46.764857
   34.322849     46.812415
   34.270614     46.859968
   34.218341     46.907515
   34.166027     46.955059
   34.113673     47.002597
   34.061279     47.050130
   34.008845     47.097659
   33.956370     47.145184
   33.903854     47.192703
   33.851296     47.240218
   33.798697     47.287729
   33.746056     47.335235
   33.693373     47.382736
   33.640648     47.430233
   33.587880     47.477726
   33.535069     47.525214
   33.482216     47.572698
   33.429318     47.620178
   33.376377     47.667654
   33.323392     47.715125
   33.270363     47.762592
   33.217290     47.810055
   33.164171     47.857514
   33.111008     47.904969
   33.057799     47.952419
   33.004544     47.999866
   32.951244     48.047308
   32.897897     48.094747
   32.844504     48.142181
   32.791064     48.189612
   32.737576     48.237038
   32.684042     48.284461
   32.630460     48.331880
   32.576829     48.379294
   32.523151     48.426705
   32.469424     48.474112
   32.415647     48.521515
   32.361822     48.568914
   32.307947     48.616310
   32.254023     48.663701
   32.200048     48.711089
   32.146022     48.758472
   32.091946     48.805852
   32.037819     48.853228
   31.983640     48.900600
   31.929409     48.947968
   31.875127     48.995333
   31.820792     49.042693
   31.766404     49.090050
   31.711963     49.137402
   31.657468     49.184751
   31.602920     49.232095
   31.548317     49.279436
   31.493660     49.326773
   31.438948     49.374105
   31.384181     49.421434
   31.329359     49.468758
   31.274480     49.516079
   31.219546     49.563395
   31.164554     49.610707
   31.109506     49.658015
   31.054400     49.705319
   30.999237     49.752619
   30.944015     49.799914
   30.888735     49.847205
   30.833396     49.894491
   30.777998     49.941773
   30.722540     49.989051
   30.667022     50.036324
   30.611444     50.083592
   30.555805     50.130856
   30.500105     50.178115
   30.444343     50.225369
   30.388519     50.272618
   30.332633     50.319863
   30.276683     50.367102
   30.220671     50.414337
   30.164595     50.461566
   30.108455     50.508790
   30.052250     50.556009
   29.995980     50.603222
   29.939646     50.650430
   29.883245     50.697633
   29.826778     50.744830
   29.770244     50.792021
   29.713643     50.839206
   29.656975     50.886385
   29.600238     50.933558
   29.543434     50.980725
   29.486560     51.027886
   29.429616     51.075040
   29.372603     51.122188
   29.315520     51.169329
   29.258366     51.216463
   29.201140     51.263590
   29.143843     51.310711
   29.086473     51.357824
   29.029030     51.404930
   28.971515     51.452028
   28.913925     51.499119
   28.856262     51.546201
   28.798523     51.593276
   28.740709     51.640343
   28.682819     51.687402
   28.624853     51.734452
   28.566811     51.781493
   28.508690     51.828525
   28.450492     51.875549
   28.392215     51.922563
   28.333860     51.969568
   28.275424     52.016563
   28.216909     52.063549
   28.158312     52.110524
   28.099635     52.157489
   28.040876     52.204443
   27.982034     52.251387
   27.923109     52.298320
   27.864100     52.345241
   27.805008     52.392151
   27.745830     52.439050
   27.686567     52.485936
   27.627218     52.532810
   27.567783     52.579672
   27.508260     52.626520
   27.448649     52.673356
   27.388950     52.720178
   27.329161     52.766986
   27.269283     52.813780
   27.209314     52.860560
   27.149254     52.907326
   27.089102     52.954076
   27.028857     53.000811
   26.968520     53.047530
   26.908088     53.094233
   26.847562     53.140919
   26.786941     53.187589
   26.726223     53.234242
   26.665409     53.280877
   26.604497     53.327493
   26.543488     53.374092
   26.482379     53.420672
   26.421171     53.467232
   26.359862     53.513772
   26.298452     53.560293
   26.236940     53.606792
   26.175325     53.653271
   26.113606     53.699728
   26.051784     53.746163
   25.989856     53.792575
   25.927822     53.838964
   25.865681     53.885329
   25.803433     53.931670
   25.741076     53.977986
   25.678609     54.024277
   25.616033     54.070542
   25.553346     54.116781
   25.490546     54.162992
   25.427634     54.209175
   25.364608     54.255330
   25.301467     54.301456
   25.238210     54.347552
   25.174837     54.393617
   25.111347     54.439652
   25.047738     54.485654
   24.984010     54.531624
   24.920161     54.577561
   24.856191     54.623463
   24.792098     54.669330
   24.727882     54.715162
   24.663542     54.760957
   24.599076     54.806715
   24.534483     54.852434
   24.469763     54.898114
   24.404915     54.943754
   24.339936     54.989353
   24.274827     55.034910
   24.209586     55.080424
   24.144211     55.125894
   24.078702     55.171319
   24.013058     55.216698
   23.947277     55.262030
   23.881358     55.307313
   23.815301     55.352548
   23.749103     55.397732
   23.682763     55.442864
   23.616281     55.487943
   23.549654     55.532969
   23.482883     55.577939
   23.415965     55.622852
   23.348898     55.667707
   23.281683     55.712503
   23.214317     55.757239
   23.146798     55.801912
   23.079127     55.846521
   23.011300     55.891065
   22.943317     55.935543
   22.875176     55.979953
   22.806877     56.024292
   22.738416     56.068560
   22.669793     56.112755
   22.601006     56.156875
   22.532054     56.200919
   22.462935     56.244884
   22.393647     56.288768
   22.324190     56.332570
   22.254560     56.376288
   22.184757     56.419919
   22.114778     56.463462
   22.044622     56.506915
   21.974288     56.550275
   21.903773     56.593540
   21.833076     56.636708
   21.762194     56.679776
   21.691127     56.722742
   21.619871     56.765604
   21.548426     56.808359
   21.476788     56.851005
   21.404957     56.893538
   21.332930     56.935956
   21.260705     56.978256
   21.188280     57.020435
   21.115652     57.062491
   21.042821     57.104419
   20.969782     57.146218
   20.896535     57.187884
   20.823077     57.229413
   20.749406     57.270802
   20.675519     57.312048
   20.601414     57.353147
   20.527088     57.394095
   20.452539     57.434889
   20.377765     57.475524
   20.302763     57.515996
   20.227530     57.556302
   20.152064     57.596437
   20.076361     57.636396
   20.000420     57.676176
   19.924238     57.715771
   19.847811     57.755177
   19.771136     57.794388
   19.694212     57.833400
   19.617034     57.872208
   19.539600     57.910806
   19.461906     57.949188
   19.383949     57.987348
   19.305727     58.025282
   19.227235     58.062983
   19.148471     58.100444
   19.069430     58.137659
   18.990110     58.174621
   18.910507     58.211323
   18.830617     58.247760
   18.750436     58.283922
   18.669961     58.319802
   18.589188     58.355393
   18.508112     58.390687
   18.426730     58.425675
   18.345038     58.460348
   18.263030     58.494698
   18.180704     58.528716
   18.098054     58.562392
   18.015077     58.595715
   17.931766     58.628677
   17.848118     58.661266
   17.764128     58.693472
   17.679791     58.725283
   17.595102     58.756687
   17.510055     58.787673
   17.424646     58.818228
   17.338868     58.848339
   17.252717     58.877992
   17.166186     58.907174
   17.079270     58.935870
   16.991963     58.964065
   16.904258     58.991743
   16.816150     59.018889
   16.727631     59.045486
   16.638696     59.071515
   16.549337     59.096959
   16.459548     59.121800
   16.369321     59.146017
   16.278649     59.169590
   16.187524     59.192498
   16.095940     59.214718
   16.003886     59.236229
   15.911357     59.257005
   15.818342     59.277023
   15.724833     59.296255
   15.630822     59.314676
   15.536299     59.332256
   15.441255     59.348965
   15.345680     59.364774
   15.249564     59.379650
   15.152896     59.393559
   15.055666     59.406466
   14.957863     59.418334
   14.859475     59.429124
   14.760491     59.438796
   14.660898     59.447308
   14.560684     59.454616
   14.459836     59.460672
   14.358340     59.465428
   14.256183     59.468832
   14.153349     59.470831
   14.049825     59.471368
   13.945595     59.470382
   13.840642     59.467812
   13.734951     59.463591
   13.628503     59.457650
   13.521280     59.449914
   13.413265     59.440305
   13.304438     59.428743
   13.194778     59.415139
   13.084265     59.399402
   12.972876     59.381435
   12.860589     59.361135
   12.747380     59.338391
   12.633224     59.313089
   12.518095     59.285103
   12.401966     59.254304
   12.284808     59.220550
   12.166592     59.183693
   12.047287     59.143574
   11.926859     59.100022
   11.805274     59.052856
   11.682496     59.001880
   11.558486     58.946886
   11.433205     58.887650
   11.306611     58.823930
   11.178658     58.755466
   11.049299     58.681980
   10.918485     58.603168
   10.786161     58.518704
   10.652273     58.428234
   10.516759     58.331373
   10.379556     58.227704
   10.240596     58.116772
   10.099807     57.998080
    9.957110     57.871085
    9.812423     57.735192
    9.665656     57.589746
    9.516713     57.434026
    9.365489     57.267238
    9.211872     57.088500
    9.055741     56.896834
    8.896962     56.691149
    8.735392     56.470227
    8.570872     56.232701
    8.403228     55.977034
    8.232271     55.701486
    8.057789     55.404082
    7.879548     55.082572
    7.697286     54.734373
    7.510710     54.356511
    7.319491     53.945538
    7.123254     53.497429
    6.921573     53.007454
    6.713956     52.470014
    6.499836     51.878418
    6.278545     51.224595
    6.049298     50.498707
    5.811152     49.688611
    5.562965     48.779108
    5.303327     47.750867
    5.030465     46.578836
    4.742096     45.229808
    4.435197     43.658563
    4.105613     41.801402
    3.747365     39.564624
    3.351271     36.802127
    2.901876     33.266201
    2.369038     28.476916
    1.674926     21.229897
    0.000000      0.000000
