#kinematics calculation by https://skisickness.com/math-physics/kinematics/
#vertex z = 0, E = 69.0. MeV, reaction: exex
#scattered particle
#angle [deg], energy [MeV]
    0.000000      0.000000
   40.806136      1.746867
   49.907933      2.470827
   54.777202      3.026605
   57.887440      3.495368
   60.065462      3.908551
   61.680229      4.282272
   62.924839      4.626106
   63.911426      4.946290
   64.710102      5.247154
   65.367213      5.531853
   65.914751      5.802766
   66.375589      6.061743
   66.766549      6.310253
   67.100313      6.549488
   67.386631      6.780430
   67.633137      7.003900
   67.845898      7.220592
   68.029802      7.431099
   68.188835      7.635932
   68.326280      7.835538
   68.444867      8.030305
   68.546888      8.220578
   68.634280      8.406662
   68.708693      8.588830
   68.771541      8.767326
   68.824042      8.942370
   68.867254      9.114161
   68.902098      9.282880
   68.929379      9.448692
   68.949806      9.611746
   68.964004      9.772182
   68.972529      9.930127
   68.975873     10.085697
   68.974476     10.239002
   68.968733     10.390140
   68.958995     10.539207
   68.945583     10.686288
   68.928782     10.831465
   68.908853     10.974813
   68.886032     11.116404
   68.860532     11.256303
   68.832549     11.394573
   68.802260     11.531274
   68.769830     11.666459
   68.735406     11.800182
   68.699126     11.932492
   68.661116     12.063434
   68.621491     12.193055
   68.580358     12.321395
   68.537817     12.448494
   68.493957     12.574389
   68.448864     12.699118
   68.402616     12.822713
   68.355285     12.945208
   68.306939     13.066634
   68.257641     13.187020
   68.207449     13.306394
   68.156418     13.424785
   68.104599     13.542216
   68.052039     13.658715
   67.998783     13.774303
   67.944872     13.889005
   67.890345     14.002841
   67.835239     14.115834
   67.779588     14.228003
   67.723424     14.339368
   67.666778     14.449947
   67.609677     14.559759
   67.552149     14.668820
   67.494218     14.777148
   67.435909     14.884759
   67.377244     14.991668
   67.318243     15.097890
   67.258927     15.203439
   67.199315     15.308331
   67.139424     15.412578
   67.079270     15.516193
   67.018871     15.619189
   66.958241     15.721579
   66.897393     15.823374
   66.836342     15.924585
   66.775101     16.025225
   66.713681     16.125303
   66.652094     16.224831
   66.590350     16.323818
   66.528460     16.422274
   66.466435     16.520209
   66.404282     16.617632
   66.342012     16.714552
   66.279632     16.810979
   66.217150     16.906920
   66.154574     17.002384
   66.091911     17.097379
   66.029169     17.191913
   65.966353     17.285993
   65.903469     17.379627
   65.840525     17.472823
   65.777525     17.565587
   65.714474     17.657927
   65.651379     17.749848
   65.588243     17.841358
   65.525071     17.932463
   65.461868     18.023169
   65.398639     18.113482
   65.335386     18.203409
   65.272114     18.292955
   65.208826     18.382125
   65.145527     18.470926
   65.082219     18.559362
   65.018905     18.647440
   64.955589     18.735163
   64.892274     18.822538
   64.828961     18.909568
   64.765655     18.996260
   64.702356     19.082617
   64.639069     19.168644
   64.575794     19.254346
   64.512534     19.339728
   64.449292     19.424793
   64.386069     19.509545
   64.322867     19.593990
   64.259688     19.678130
   64.196533     19.761970
   64.133404     19.845515
   64.070304     19.928766
   64.007233     20.011730
   63.944192     20.094408
   63.881183     20.176805
   63.818208     20.258924
   63.755267     20.340769
   63.692362     20.422343
   63.629494     20.503649
   63.566663     20.584691
   63.503872     20.665472
   63.441120     20.745994
   63.378409     20.826262
   63.315740     20.906278
   63.253113     20.986045
   63.190529     21.065566
   63.127989     21.144844
   63.065493     21.223882
   63.003043     21.302682
   62.940639     21.381247
   62.878281     21.459580
   62.815970     21.537684
   62.753707     21.615560
   62.691492     21.693213
   62.629325     21.770643
   62.567207     21.847854
   62.505139     21.924848
   62.443120     22.001627
   62.381151     22.078194
   62.319233     22.154551
   62.257365     22.230700
   62.195549     22.306643
   62.133783     22.382383
   62.072069     22.457922
   62.010408     22.533262
   61.948797     22.608404
   61.887240     22.683352
   61.825734     22.758107
   61.764281     22.832671
   61.702881     22.907046
   61.641533     22.981233
   61.580239     23.055236
   61.518997     23.129055
   61.457808     23.202693
   61.396673     23.276151
   61.335591     23.349431
   61.274562     23.422536
   61.213586     23.495465
   61.152664     23.568222
   61.091795     23.640808
   61.030979     23.713225
   60.970217     23.785474
   60.909508     23.857557
   60.848852     23.929476
   60.788250     24.001232
   60.727701     24.072826
   60.667205     24.144261
   60.606762     24.215537
   60.546372     24.286656
   60.486036     24.357620
   60.425752     24.428430
   60.365521     24.499088
   60.305342     24.569594
   60.245217     24.639951
   60.185143     24.710160
   60.125123     24.780221
   60.065154     24.850137
   60.005238     24.919909
   59.945374     24.989537
   59.885561     25.059024
   59.825801     25.128371
   59.766092     25.197578
   59.706435     25.266647
   59.646829     25.335579
   59.587274     25.404376
   59.527770     25.473039
   59.468317     25.541568
   59.408915     25.609965
   59.349563     25.678232
   59.290262     25.746368
   59.231011     25.814376
   59.171810     25.882257
   59.112659     25.950011
   59.053558     26.017639
   58.994506     26.085144
   58.935503     26.152525
   58.876550     26.219784
   58.817645     26.286922
   58.758789     26.353940
   58.699982     26.420838
   58.641223     26.487619
   58.582512     26.554282
   58.523849     26.620829
   58.465234     26.687261
   58.406666     26.753579
   58.348146     26.819783
   58.289673     26.885875
   58.231247     26.951856
   58.172867     27.017726
   58.114534     27.083486
   58.056247     27.149137
   57.998007     27.214681
   57.939812     27.280117
   57.881662     27.345448
   57.823559     27.410673
   57.765500     27.475793
   57.707486     27.540810
   57.649518     27.605724
   57.591593     27.670536
   57.533713     27.735247
   57.475877     27.799858
   57.418085     27.864369
   57.360337     27.928781
   57.302632     27.993095
   57.244970     28.057312
   57.187352     28.121432
   57.129776     28.185457
   57.072242     28.249387
   57.014751     28.313222
   56.957302     28.376964
   56.899895     28.440613
   56.842529     28.504169
   56.785205     28.567635
   56.727922     28.631010
   56.670680     28.694294
   56.613479     28.757490
   56.556319     28.820596
   56.499198     28.883615
   56.442118     28.946547
   56.385077     29.009392
   56.328076     29.072151
   56.271115     29.134824
   56.214192     29.197413
   56.157309     29.259918
   56.100464     29.322340
   56.043658     29.384679
   55.986890     29.446935
   55.930160     29.509110
   55.873467     29.571205
   55.816813     29.633218
   55.760195     29.695153
   55.703615     29.757008
   55.647072     29.818784
   55.590565     29.880483
   55.534095     29.942104
   55.477661     30.003648
   55.421263     30.065116
   55.364901     30.126508
   55.308574     30.187826
   55.252283     30.249068
   55.196027     30.310237
   55.139805     30.371332
   55.083619     30.432354
   55.027466     30.493304
   54.971348     30.554182
   54.915264     30.614989
   54.859214     30.675725
   54.803197     30.736390
   54.747214     30.796986
   54.691264     30.857513
   54.635346     30.917970
   54.579462     30.978360
   54.523609     31.038681
   54.467789     31.098936
   54.412001     31.159123
   54.356245     31.219244
   54.300521     31.279300
   54.244827     31.339290
   54.189165     31.399215
   54.133534     31.459076
   54.077934     31.518872
   54.022364     31.578606
   53.966824     31.638276
   53.911315     31.697884
   53.855835     31.757429
   53.800385     31.816913
   53.744964     31.876336
   53.689573     31.935698
   53.634211     31.994999
   53.578877     32.054241
   53.523572     32.113423
   53.468296     32.172546
   53.413047     32.231610
   53.357827     32.290617
   53.302634     32.349565
   53.247469     32.408456
   53.192331     32.467290
   53.137220     32.526068
   53.082137     32.584789
   53.027079     32.643455
   52.972049     32.702065
   52.917045     32.760621
   52.862066     32.819122
   52.807114     32.877569
   52.752188     32.935962
   52.697286     32.994301
   52.642411     33.052588
   52.587560     33.110822
   52.532734     33.169004
   52.477932     33.227134
   52.423156     33.285212
   52.368403     33.343240
   52.313675     33.401216
   52.258970     33.459143
   52.204289     33.517019
   52.149631     33.574846
   52.094997     33.632623
   52.040386     33.690352
   51.985797     33.748032
   51.931232     33.805664
   51.876688     33.863248
   51.822167     33.920784
   51.767668     33.978273
   51.713191     34.035716
   51.658736     34.093112
   51.604302     34.150462
   51.549889     34.207766
   51.495498     34.265024
   51.441127     34.322238
   51.386777     34.379406
   51.332448     34.436531
   51.278138     34.493611
   51.223849     34.550647
   51.169580     34.607640
   51.115331     34.664589
   51.061101     34.721496
   51.006890     34.778361
   50.952699     34.835183
   50.898526     34.891963
   50.844372     34.948701
   50.790237     35.005399
   50.736120     35.062055
   50.682022     35.118671
   50.627941     35.175246
   50.573878     35.231781
   50.519833     35.288277
   50.465806     35.344733
   50.411795     35.401150
   50.357802     35.457528
   50.303825     35.513867
   50.249865     35.570169
   50.195922     35.626432
   50.141995     35.682658
   50.088084     35.738846
   50.034189     35.794997
   49.980310     35.851111
   49.926446     35.907189
   49.872598     35.963231
   49.818765     36.019236
   49.764947     36.075206
   49.711143     36.131140
   49.657355     36.187040
   49.603581     36.242904
   49.549821     36.298734
   49.496075     36.354530
   49.442343     36.410291
   49.388625     36.466019
   49.334921     36.521713
   49.281229     36.577374
   49.227551     36.633002
   49.173886     36.688598
   49.120234     36.744161
   49.066594     36.799691
   49.012967     36.855190
   48.959352     36.910657
   48.905750     36.966093
   48.852159     37.021498
   48.798580     37.076871
   48.745012     37.132215
   48.691456     37.187527
   48.637911     37.242810
   48.584377     37.298063
   48.530854     37.353286
   48.477341     37.408479
   48.423839     37.463644
   48.370348     37.518780
   48.316866     37.573887
   48.263394     37.628966
   48.209933     37.684016
   48.156480     37.739039
   48.103037     37.794034
   48.049604     37.849001
   47.996179     37.903942
   47.942763     37.958855
   47.889356     38.013742
   47.835958     38.068602
   47.782568     38.123436
   47.729186     38.178244
   47.675812     38.233027
   47.622446     38.287783
   47.569087     38.342515
   47.515736     38.397221
   47.462392     38.451903
   47.409056     38.506560
   47.355726     38.561192
   47.302403     38.615801
   47.249087     38.670385
   47.195777     38.724946
   47.142473     38.779483
   47.089176     38.833997
   47.035884     38.888488
   46.982598     38.942956
   46.929317     38.997402
   46.876042     39.051825
   46.822772     39.106226
   46.769507     39.160605
   46.716247     39.214963
   46.662992     39.269299
   46.609741     39.323613
   46.556494     39.377907
   46.503252     39.432180
   46.450013     39.486432
   46.396778     39.540664
   46.343547     39.594875
   46.290320     39.649066
   46.237095     39.703238
   46.183874     39.757390
   46.130656     39.811523
   46.077440     39.865637
   46.024227     39.919731
   45.971016     39.973807
   45.917808     40.027865
   45.864601     40.081904
   45.811397     40.135925
   45.758194     40.189928
   45.704993     40.243913
   45.651793     40.297881
   45.598594     40.351832
   45.545396     40.405765
   45.492199     40.459682
   45.439003     40.513581
   45.385807     40.567465
   45.332611     40.621332
   45.279416     40.675183
   45.226220     40.729018
   45.173025     40.782838
   45.119829     40.836642
   45.066632     40.890430
   45.013435     40.944204
   44.960236     40.997962
   44.907037     41.051706
   44.853836     41.105436
   44.800634     41.159151
   44.747430     41.212852
   44.694225     41.266539
   44.641017     41.320213
   44.587808     41.373872
   44.534596     41.427519
   44.481381     41.481152
   44.428164     41.534773
   44.374944     41.588380
   44.321721     41.641975
   44.268495     41.695558
   44.215265     41.749129
   44.162032     41.802687
   44.108795     41.856234
   44.055554     41.909769
   44.002309     41.963293
   43.949060     42.016805
   43.895806     42.070306
   43.842548     42.123797
   43.789285     42.177277
   43.736017     42.230746
   43.682743     42.284205
   43.629465     42.337654
   43.576181     42.391093
   43.522891     42.444522
   43.469595     42.497942
   43.416293     42.551352
   43.362985     42.604753
   43.309671     42.658145
   43.256350     42.711528
   43.203022     42.764903
   43.149687     42.818269
   43.096346     42.871627
   43.042996     42.924976
   42.989640     42.978318
   42.936275     43.031652
   42.882903     43.084979
   42.829523     43.138298
   42.776134     43.191610
   42.722737     43.244915
   42.669331     43.298213
   42.615917     43.351504
   42.562494     43.404789
   42.509061     43.458068
   42.455619     43.511341
   42.402168     43.564608
   42.348707     43.617869
   42.295236     43.671124
   42.241755     43.724374
   42.188264     43.777619
   42.134762     43.830858
   42.081250     43.884093
   42.027726     43.937324
   41.974192     43.990549
   41.920647     44.043771
   41.867090     44.096988
   41.813521     44.150201
   41.759941     44.203411
   41.706349     44.256617
   41.652745     44.309819
   41.599128     44.363018
   41.545499     44.416214
   41.491857     44.469408
   41.438202     44.522598
   41.384534     44.575786
   41.330853     44.628972
   41.277158     44.682155
   41.223450     44.735336
   41.169728     44.788516
   41.115991     44.841693
   41.062241     44.894870
   41.008476     44.948045
   40.954696     45.001218
   40.900901     45.054391
   40.847091     45.107563
   40.793266     45.160735
   40.739426     45.213906
   40.685570     45.267076
   40.631698     45.320247
   40.577810     45.373417
   40.523906     45.426588
   40.469985     45.479760
   40.416048     45.532931
   40.362094     45.586104
   40.308122     45.639278
   40.254134     45.692452
   40.200128     45.745628
   40.146104     45.798806
   40.092063     45.851985
   40.038003     45.905166
   39.983925     45.958349
   39.929829     46.011534
   39.875714     46.064721
   39.821580     46.117911
   39.767427     46.171103
   39.713254     46.224299
   39.659062     46.277497
   39.604850     46.330699
   39.550619     46.383904
   39.496367     46.437113
   39.442094     46.490325
   39.387802     46.543541
   39.333488     46.596761
   39.279153     46.649986
   39.224797     46.703215
   39.170420     46.756448
   39.116020     46.809687
   39.061599     46.862930
   39.007156     46.916178
   38.952691     46.969432
   38.898203     47.022691
   38.843692     47.075956
   38.789158     47.129226
   38.734601     47.182503
   38.680020     47.235785
   38.625416     47.289075
   38.570788     47.342370
   38.516136     47.395672
   38.461459     47.448981
   38.406758     47.502298
   38.352032     47.555621
   38.297281     47.608952
   38.242505     47.662290
   38.187703     47.715636
   38.132875     47.768990
   38.078022     47.822352
   38.023142     47.875723
   37.968236     47.929101
   37.913303     47.982489
   37.858343     48.035885
   37.803356     48.089290
   37.748342     48.142705
   37.693300     48.196128
   37.638230     48.249562
   37.583132     48.303004
   37.528006     48.356457
   37.472851     48.409920
   37.417667     48.463393
   37.362454     48.516876
   37.307212     48.570370
   37.251940     48.623875
   37.196638     48.677390
   37.141306     48.730917
   37.085944     48.784455
   37.030551     48.838005
   36.975128     48.891566
   36.919673     48.945139
   36.864187     48.998724
   36.808669     49.052321
   36.753119     49.105930
   36.697538     49.159552
   36.641923     49.213187
   36.586276     49.266835
   36.530597     49.320496
   36.474883     49.374170
   36.419137     49.427857
   36.363357     49.481558
   36.307542     49.535273
   36.251694     49.589002
   36.195810     49.642745
   36.139892     49.696503
   36.083939     49.750275
   36.027951     49.804061
   35.971927     49.857863
   35.915866     49.911680
   35.859770     49.965512
   35.803637     50.019359
   35.747467     50.073222
   35.691261     50.127101
   35.635016     50.180996
   35.578735     50.234908
   35.522415     50.288835
   35.466057     50.342779
   35.409660     50.396740
   35.353225     50.450718
   35.296750     50.504713
   35.240237     50.558725
   35.183683     50.612755
   35.127089     50.666803
   35.070455     50.720868
   35.013780     50.774952
   34.957065     50.829054
   34.900308     50.883174
   34.843510     50.937313
   34.786669     50.991470
   34.729787     51.045647
   34.672862     51.099843
   34.615894     51.154059
   34.558883     51.208294
   34.501828     51.262548
   34.444730     51.316823
   34.387588     51.371118
   34.330401     51.425433
   34.273169     51.479769
   34.215893     51.534126
   34.158570     51.588503
   34.101202     51.642902
   34.043788     51.697322
   33.986328     51.751764
   33.928821     51.806227
   33.871266     51.860713
   33.813664     51.915220
   33.756014     51.969750
   33.698316     52.024302
   33.640570     52.078877
   33.582774     52.133475
   33.524930     52.188096
   33.467035     52.242740
   33.409091     52.297408
   33.351096     52.352100
   33.293051     52.406815
   33.234955     52.461555
   33.176807     52.516319
   33.118607     52.571107
   33.060355     52.625920
   33.002051     52.680758
   32.943693     52.735621
   32.885282     52.790510
   32.826818     52.845424
   32.768299     52.900364
   32.709726     52.955329
   32.651098     53.010321
   32.592414     53.065339
   32.533675     53.120384
   32.474880     53.175456
   32.416028     53.230554
   32.357119     53.285680
   32.298153     53.340833
   32.239129     53.396013
   32.180047     53.451222
   32.120906     53.506458
   32.061706     53.561723
   32.002447     53.617016
   31.943128     53.672337
   31.883748     53.727688
   31.824308     53.783067
   31.764806     53.838476
   31.705243     53.893915
   31.645618     53.949382
   31.585930     54.004880
   31.526179     54.060408
   31.466365     54.115967
   31.406486     54.171555
   31.346544     54.227175
   31.286536     54.282826
   31.226463     54.338507
   31.166324     54.394220
   31.106119     54.449965
   31.045847     54.505742
   30.985508     54.561550
   30.925101     54.617391
   30.864626     54.673265
   30.804082     54.729171
   30.743469     54.785110
   30.682786     54.841082
   30.622032     54.897087
   30.561208     54.953126
   30.500313     55.009199
   30.439345     55.065306
   30.378306     55.121447
   30.317193     55.177622
   30.256007     55.233832
   30.194747     55.290077
   30.133412     55.346357
   30.072002     55.402673
   30.010516     55.459023
   29.948955     55.515410
   29.887316     55.571833
   29.825600     55.628292
   29.763806     55.684787
   29.701934     55.741319
   29.639982     55.797888
   29.577951     55.854494
   29.515839     55.911137
   29.453647     55.967818
   29.391373     56.024537
   29.329016     56.081294
   29.266577     56.138088
   29.204055     56.194922
   29.141449     56.251794
   29.078757     56.308705
   29.015981     56.365655
   28.953119     56.422644
   28.890170     56.479673
   28.827133     56.536741
   28.764009     56.593850
   28.700796     56.650999
   28.637494     56.708188
   28.574102     56.765418
   28.510619     56.822689
   28.447045     56.880001
   28.383378     56.937355
   28.319619     56.994750
   28.255767     57.052187
   28.191820     57.109665
   28.127777     57.167187
   28.063640     57.224750
   27.999405     57.282356
   27.935074     57.340005
   27.870644     57.397697
   27.806116     57.455433
   27.741488     57.513212
   27.676759     57.571035
   27.611930     57.628902
   27.546998     57.686813
   27.481964     57.744768
   27.416826     57.802768
   27.351583     57.860813
   27.286235     57.918904
   27.220781     57.977039
   27.155220     58.035220
   27.089551     58.093446
   27.023774     58.151719
   26.957886     58.210037
   26.891888     58.268402
   26.825779     58.326814
   26.759557     58.385272
   26.693222     58.443777
   26.626772     58.502329
   26.560207     58.560929
   26.493527     58.619576
   26.426729     58.678271
   26.359812     58.737014
   26.292777     58.795805
   26.225622     58.854644
   26.158345     58.913532
   26.090946     58.972469
   26.023424     59.031454
   25.955778     59.090488
   25.888006     59.149572
   25.820108     59.208705
   25.752082     59.267888
   25.683928     59.327120
   25.615644     59.386402
   25.547229     59.445735
   25.478682     59.505118
   25.410002     59.564551
   25.341187     59.624034
   25.272237     59.683569
   25.203150     59.743154
   25.133925     59.802790
   25.064561     59.862477
   24.995056     59.922216
   24.925410     59.982006
   24.855621     60.041848
   24.785687     60.101741
   24.715607     60.161686
   24.645381     60.221682
   24.575006     60.281731
   24.504482     60.341832
   24.433806     60.401985
   24.362978     60.462190
   24.291997     60.522448
   24.220859     60.582758
   24.149565     60.643120
   24.078113     60.703535
   24.006500     60.764002
   23.934726     60.824522
   23.862790     60.885095
   23.790689     60.945720
   23.718421     61.006398
   23.645987     61.067129
   23.573382     61.127912
   23.500607     61.188748
   23.427659     61.249637
   23.354537     61.310578
   23.281239     61.371572
   23.207762     61.432618
   23.134106     61.493717
   23.060269     61.554868
   22.986248     61.616071
   22.912042     61.677326
   22.837649     61.738634
   22.763066     61.799993
   22.688293     61.861404
   22.613327     61.922866
   22.538166     61.984380
   22.462808     62.045945
   22.387250     62.107561
   22.311492     62.169227
   22.235530     62.230944
   22.159362     62.292711
   22.082987     62.354528
   22.006401     62.416394
   21.929603     62.478310
   21.852591     62.540274
   21.775361     62.602286
   21.697912     62.664347
   21.620241     62.726455
   21.542346     62.788610
   21.464223     62.850811
   21.385871     62.913058
   21.307287     62.975351
   21.228468     63.037689
   21.149412     63.100070
   21.070115     63.162495
   20.990575     63.224963
   20.910789     63.287473
   20.830754     63.350024
   20.750467     63.412615
   20.669925     63.475246
   20.589125     63.537915
   20.508064     63.600622
   20.426738     63.663366
   20.345145     63.726145
   20.263281     63.788958
   20.181142     63.851804
   20.098726     63.914683
   20.016028     63.977592
   19.933045     64.040530
   19.849774     64.103496
   19.766210     64.166488
   19.682350     64.229505
   19.598190     64.292544
   19.513726     64.355606
   19.428953     64.418686
   19.343868     64.481784
   19.258467     64.544898
   19.172745     64.608024
   19.086698     64.671162
   19.000320     64.734309
   18.913609     64.797463
   18.826558     64.860620
   18.739163     64.923778
   18.651420     64.986935
   18.563322     65.050087
   18.474865     65.113232
   18.386044     65.176366
   18.296853     65.239485
   18.207287     65.302587
   18.117339     65.365668
   18.027005     65.428723
   17.936278     65.491749
   17.845152     65.554741
   17.753621     65.617695
   17.661679     65.680606
   17.569319     65.743469
   17.476533     65.806279
   17.383316     65.869031
   17.289661     65.931719
   17.195559     65.994337
   17.101004     66.056878
   17.005987     66.119336
   16.910501     66.181704
   16.814539     66.243975
   16.718091     66.306141
   16.621148     66.368193
   16.523703     66.430125
   16.425746     66.491925
   16.327268     66.553586
   16.228259     66.615098
   16.128709     66.676448
   16.028608     66.737628
   15.927946     66.798625
   15.826712     66.859427
   15.724894     66.920021
   15.622482     66.980394
   15.519463     67.040530
   15.415824     67.100416
   15.311554     67.160035
   15.206640     67.219370
   15.101066     67.278403
   14.994821     67.337115
   14.887888     67.395486
   14.780254     67.453495
   14.671902     67.511119
   14.562817     67.568335
   14.452981     67.625116
   14.342377     67.681437
   14.230988     67.737268
   14.118794     67.792578
   14.005777     67.847337
   13.891915     67.901508
   13.777188     67.955055
   13.661574     68.007939
   13.545051     68.060117
   13.427593     68.111546
   13.309177     68.162177
   13.189777     68.211959
   13.069365     68.260836
   12.947913     68.308751
   12.825391     68.355639
   12.701769     68.401432
   12.577014     68.446058
   12.451091     68.489438
   12.323964     68.531485
   12.195597     68.572110
   12.065948     68.611212
   11.934977     68.648683
   11.802639     68.684407
   11.668887     68.718257
   11.533673     68.750096
   11.396943     68.779773
   11.258643     68.807125
   11.118714     68.831971
   10.977093     68.854115
   10.833715     68.873343
   10.688507     68.889416
   10.541394     68.902074
   10.392296     68.911026
   10.241125     68.915954
   10.087788     68.916500
    9.932185     68.912270
    9.774207     68.902820
    9.613737     68.887654
    9.450648     68.866215
    9.284801     68.837873
    9.116047     68.801916
    8.944219     68.757533
    8.769138     68.703798
    8.590605     68.639649
    8.408399     68.563859
    8.222275     68.475008
    8.031962     68.371437
    7.837155     68.251199
    7.637508     68.111992
    7.432631     67.951071
    7.222081     67.765137
    7.005344     67.550187
    6.781827     67.301311
    6.550837     67.012415
    6.311552     66.675833
    6.062990     66.281776
    5.803960     65.817515
    5.532990     65.266165
    5.248233     64.604779
    4.947306     63.801266
    4.627056     62.809154
    4.283152     61.558169
    3.909353     59.935971
    3.496086     57.749235
    3.027226     54.628875
    2.471334     49.748783
    1.747225     40.642139
    0.000000      0.000000
