#kinematics calculation by https://skisickness.com/math-physics/kinematics/
#vertex z = 500, E = 38.1 MeV
#scattered particle
#angle [deg], energy [MeV]
   90.000000     -0.000000
   88.186303      0.038100
   87.434619      0.076200
   86.857540      0.114300
   86.370795      0.152400
   85.941750      0.190500
   85.553668      0.228600
   85.196611      0.266700
   84.864103      0.304800
   84.551648      0.342900
   84.255972      0.381000
   83.974605      0.419100
   83.705625      0.457200
   83.447509      0.495300
   83.199018      0.533400
   82.959133      0.571500
   82.727001      0.609600
   82.501904      0.647700
   82.283225      0.685800
   82.070432      0.723900
   81.863064      0.762000
   81.660715      0.800100
   81.463029      0.838200
   81.269689      0.876300
   81.080411      0.914400
   80.894943      0.952500
   80.713055      0.990600
   80.534542      1.028700
   80.359215      1.066800
   80.186903      1.104900
   80.017451      1.143000
   79.850715      1.181100
   79.686562      1.219200
   79.524872      1.257300
   79.365531      1.295400
   79.208436      1.333500
   79.053490      1.371600
   78.900602      1.409700
   78.749689      1.447800
   78.600671      1.485900
   78.453475      1.524000
   78.308033      1.562100
   78.164279      1.600200
   78.022153      1.638300
   77.881597      1.676400
   77.742556      1.714500
   77.604981      1.752600
   77.468821      1.790700
   77.334033      1.828800
   77.200571      1.866900
   77.068395      1.905000
   76.937466      1.943100
   76.807746      1.981200
   76.679199      2.019300
   76.551793      2.057400
   76.425495      2.095500
   76.300274      2.133600
   76.176100      2.171700
   76.052946      2.209800
   75.930784      2.247900
   75.809589      2.286000
   75.689336      2.324100
   75.570002      2.362200
   75.451563      2.400300
   75.333998      2.438400
   75.217286      2.476500
   75.101407      2.514600
   74.986340      2.552700
   74.872068      2.590800
   74.758573      2.628900
   74.645837      2.667000
   74.533843      2.705100
   74.422576      2.743200
   74.312019      2.781300
   74.202158      2.819400
   74.092978      2.857500
   73.984465      2.895600
   73.876605      2.933700
   73.769386      2.971800
   73.662794      3.009900
   73.556817      3.048000
   73.451444      3.086100
   73.346662      3.124200
   73.242461      3.162300
   73.138829      3.200400
   73.035756      3.238500
   72.933232      3.276600
   72.831247      3.314700
   72.729790      3.352800
   72.628854      3.390900
   72.528428      3.429000
   72.428503      3.467100
   72.329072      3.505200
   72.230125      3.543300
   72.131655      3.581400
   72.033653      3.619500
   71.936112      3.657600
   71.839025      3.695700
   71.742383      3.733800
   71.646179      3.771900
   71.550408      3.810000
   71.455061      3.848100
   71.360132      3.886200
   71.265616      3.924300
   71.171504      3.962400
   71.077792      4.000500
   70.984474      4.038600
   70.891542      4.076700
   70.798992      4.114800
   70.706819      4.152900
   70.615015      4.191000
   70.523577      4.229100
   70.432499      4.267200
   70.341775      4.305300
   70.251401      4.343400
   70.161373      4.381500
   70.071684      4.419600
   69.982331      4.457700
   69.893308      4.495800
   69.804612      4.533900
   69.716237      4.572000
   69.628181      4.610100
   69.540437      4.648200
   69.453003      4.686300
   69.365874      4.724400
   69.279046      4.762500
   69.192516      4.800600
   69.106279      4.838700
   69.020332      4.876800
   68.934671      4.914900
   68.849293      4.953000
   68.764193      4.991100
   68.679369      5.029200
   68.594818      5.067300
   68.510535      5.105400
   68.426517      5.143500
   68.342762      5.181600
   68.259267      5.219700
   68.176027      5.257800
   68.093040      5.295900
   68.010304      5.334000
   67.927814      5.372100
   67.845569      5.410200
   67.763566      5.448300
   67.681801      5.486400
   67.600272      5.524500
   67.518976      5.562600
   67.437911      5.600700
   67.357074      5.638800
   67.276462      5.676900
   67.196074      5.715000
   67.115905      5.753100
   67.035955      5.791200
   66.956221      5.829300
   66.876700      5.867400
   66.797390      5.905500
   66.718289      5.943600
   66.639394      5.981700
   66.560704      6.019800
   66.482216      6.057900
   66.403928      6.096000
   66.325838      6.134100
   66.247943      6.172200
   66.170243      6.210300
   66.092734      6.248400
   66.015415      6.286500
   65.938285      6.324600
   65.861340      6.362700
   65.784579      6.400800
   65.708000      6.438900
   65.631602      6.477000
   65.555383      6.515100
   65.479340      6.553200
   65.403472      6.591300
   65.327778      6.629400
   65.252255      6.667500
   65.176903      6.705600
   65.101718      6.743700
   65.026700      6.781800
   64.951848      6.819900
   64.877158      6.858000
   64.802631      6.896100
   64.728264      6.934200
   64.654055      6.972300
   64.580004      7.010400
   64.506109      7.048500
   64.432368      7.086600
   64.358780      7.124700
   64.285344      7.162800
   64.212058      7.200900
   64.138920      7.239000
   64.065929      7.277100
   63.993085      7.315200
   63.920385      7.353300
   63.847828      7.391400
   63.775414      7.429500
   63.703140      7.467600
   63.631005      7.505700
   63.559009      7.543800
   63.487150      7.581900
   63.415426      7.620000
   63.343837      7.658100
   63.272381      7.696200
   63.201057      7.734300
   63.129864      7.772400
   63.058801      7.810500
   62.987866      7.848600
   62.917059      7.886700
   62.846378      7.924800
   62.775823      7.962900
   62.705392      8.001000
   62.635084      8.039100
   62.564898      8.077200
   62.494833      8.115300
   62.424888      8.153400
   62.355062      8.191500
   62.285354      8.229600
   62.215763      8.267700
   62.146287      8.305800
   62.076927      8.343900
   62.007681      8.382000
   61.938548      8.420100
   61.869526      8.458200
   61.800616      8.496300
   61.731816      8.534400
   61.663126      8.572500
   61.594544      8.610600
   61.526069      8.648700
   61.457700      8.686800
   61.389438      8.724900
   61.321280      8.763000
   61.253226      8.801100
   61.185276      8.839200
   61.117427      8.877300
   61.049680      8.915400
   60.982034      8.953500
   60.914487      8.991600
   60.847039      9.029700
   60.779690      9.067800
   60.712437      9.105900
   60.645282      9.144000
   60.578222      9.182100
   60.511257      9.220200
   60.444386      9.258300
   60.377609      9.296400
   60.310924      9.334500
   60.244332      9.372600
   60.177830      9.410700
   60.111420      9.448800
   60.045099      9.486900
   59.978867      9.525000
   59.912723      9.563100
   59.846667      9.601200
   59.780698      9.639300
   59.714816      9.677400
   59.649018      9.715500
   59.583306      9.753600
   59.517678      9.791700
   59.452134      9.829800
   59.386673      9.867900
   59.321293      9.906000
   59.255996      9.944100
   59.190779      9.982200
   59.125643     10.020300
   59.060587     10.058400
   58.995609     10.096500
   58.930710     10.134600
   58.865889     10.172700
   58.801145     10.210800
   58.736478     10.248900
   58.671886     10.287000
   58.607371     10.325100
   58.542930     10.363200
   58.478563     10.401300
   58.414270     10.439400
   58.350050     10.477500
   58.285903     10.515600
   58.221827     10.553700
   58.157823     10.591800
   58.093890     10.629900
   58.030028     10.668000
   57.966235     10.706100
   57.902511     10.744200
   57.838856     10.782300
   57.775269     10.820400
   57.711749     10.858500
   57.648297     10.896600
   57.584911     10.934700
   57.521592     10.972800
   57.458338     11.010900
   57.395148     11.049000
   57.332024     11.087100
   57.268963     11.125200
   57.205966     11.163300
   57.143032     11.201400
   57.080161     11.239500
   57.017351     11.277600
   56.954604     11.315700
   56.891917     11.353800
   56.829291     11.391900
   56.766725     11.430000
   56.704218     11.468100
   56.641771     11.506200
   56.579383     11.544300
   56.517053     11.582400
   56.454780     11.620500
   56.392565     11.658600
   56.330407     11.696700
   56.268306     11.734800
   56.206260     11.772900
   56.144270     11.811000
   56.082335     11.849100
   56.020455     11.887200
   55.958630     11.925300
   55.896858     11.963400
   55.835139     12.001500
   55.773473     12.039600
   55.711860     12.077700
   55.650300     12.115800
   55.588791     12.153900
   55.527333     12.192000
   55.465926     12.230100
   55.404570     12.268200
   55.343263     12.306300
   55.282007     12.344400
   55.220800     12.382500
   55.159642     12.420600
   55.098532     12.458700
   55.037470     12.496800
   54.976456     12.534900
   54.915490     12.573000
   54.854570     12.611100
   54.793697     12.649200
   54.732870     12.687300
   54.672089     12.725400
   54.611354     12.763500
   54.550663     12.801600
   54.490017     12.839700
   54.429416     12.877800
   54.368859     12.915900
   54.308345     12.954000
   54.247874     12.992100
   54.187446     13.030200
   54.127061     13.068300
   54.066718     13.106400
   54.006417     13.144500
   53.946157     13.182600
   53.885938     13.220700
   53.825760     13.258800
   53.765622     13.296900
   53.705525     13.335000
   53.645467     13.373100
   53.585449     13.411200
   53.525469     13.449300
   53.465528     13.487400
   53.405626     13.525500
   53.345762     13.563600
   53.285935     13.601700
   53.226146     13.639800
   53.166394     13.677900
   53.106678     13.716000
   53.046999     13.754100
   52.987356     13.792200
   52.927748     13.830300
   52.868176     13.868400
   52.808639     13.906500
   52.749137     13.944600
   52.689670     13.982700
   52.630236     14.020800
   52.570836     14.058900
   52.511470     14.097000
   52.452137     14.135100
   52.392837     14.173200
   52.333569     14.211300
   52.274334     14.249400
   52.215131     14.287500
   52.155959     14.325600
   52.096819     14.363700
   52.037710     14.401800
   51.978631     14.439900
   51.919583     14.478000
   51.860566     14.516100
   51.801578     14.554200
   51.742619     14.592300
   51.683690     14.630400
   51.624790     14.668500
   51.565919     14.706600
   51.507076     14.744700
   51.448261     14.782800
   51.389474     14.820900
   51.330715     14.859000
   51.271982     14.897100
   51.213277     14.935200
   51.154599     14.973300
   51.095946     15.011400
   51.037321     15.049500
   50.978720     15.087600
   50.920146     15.125700
   50.861597     15.163800
   50.803072     15.201900
   50.744573     15.240000
   50.686098     15.278100
   50.627647     15.316200
   50.569220     15.354300
   50.510817     15.392400
   50.452437     15.430500
   50.394080     15.468600
   50.335746     15.506700
   50.277435     15.544800
   50.219146     15.582900
   50.160879     15.621000
   50.102634     15.659100
   50.044410     15.697200
   49.986208     15.735300
   49.928026     15.773400
   49.869865     15.811500
   49.811725     15.849600
   49.753605     15.887700
   49.695505     15.925800
   49.637424     15.963900
   49.579363     16.002000
   49.521321     16.040100
   49.463298     16.078200
   49.405294     16.116300
   49.347308     16.154400
   49.289340     16.192500
   49.231390     16.230600
   49.173458     16.268700
   49.115543     16.306800
   49.057645     16.344900
   48.999764     16.383000
   48.941900     16.421100
   48.884052     16.459200
   48.826221     16.497300
   48.768405     16.535400
   48.710604     16.573500
   48.652819     16.611600
   48.595050     16.649700
   48.537295     16.687800
   48.479555     16.725900
   48.421829     16.764000
   48.364117     16.802100
   48.306419     16.840200
   48.248735     16.878300
   48.191065     16.916400
   48.133407     16.954500
   48.075763     16.992600
   48.018131     17.030700
   47.960511     17.068800
   47.902904     17.106900
   47.845309     17.145000
   47.787726     17.183100
   47.730154     17.221200
   47.672593     17.259300
   47.615043     17.297400
   47.557504     17.335500
   47.499976     17.373600
   47.442458     17.411700
   47.384950     17.449800
   47.327451     17.487900
   47.269963     17.526000
   47.212483     17.564100
   47.155013     17.602200
   47.097552     17.640300
   47.040099     17.678400
   46.982655     17.716500
   46.925219     17.754600
   46.867791     17.792700
   46.810371     17.830800
   46.752958     17.868900
   46.695552     17.907000
   46.638154     17.945100
   46.580762     17.983200
   46.523376     18.021300
   46.465997     18.059400
   46.408624     18.097500
   46.351257     18.135600
   46.293896     18.173700
   46.236540     18.211800
   46.179189     18.249900
   46.121843     18.288000
   46.064502     18.326100
   46.007165     18.364200
   45.949832     18.402300
   45.892504     18.440400
   45.835179     18.478500
   45.777858     18.516600
   45.720540     18.554700
   45.663225     18.592800
   45.605913     18.630900
   45.548603     18.669000
   45.491296     18.707100
   45.433991     18.745200
   45.376688     18.783300
   45.319387     18.821400
   45.262087     18.859500
   45.204789     18.897600
   45.147491     18.935700
   45.090195     18.973800
   45.032898     19.011900
   44.975602     19.050000
   44.918307     19.088100
   44.861011     19.126200
   44.803715     19.164300
   44.746418     19.202400
   44.689120     19.240500
   44.631821     19.278600
   44.574521     19.316700
   44.517220     19.354800
   44.459917     19.392900
   44.402612     19.431000
   44.345304     19.469100
   44.287994     19.507200
   44.230682     19.545300
   44.173367     19.583400
   44.116048     19.621500
   44.058726     19.659600
   44.001401     19.697700
   43.944072     19.735800
   43.886739     19.773900
   43.829401     19.812000
   43.772059     19.850100
   43.714712     19.888200
   43.657361     19.926300
   43.600004     19.964400
   43.542642     20.002500
   43.485274     20.040600
   43.427900     20.078700
   43.370520     20.116800
   43.313134     20.154900
   43.255741     20.193000
   43.198341     20.231100
   43.140934     20.269200
   43.083520     20.307300
   43.026099     20.345400
   42.968669     20.383500
   42.911232     20.421600
   42.853787     20.459700
   42.796333     20.497800
   42.738870     20.535900
   42.681399     20.574000
   42.623918     20.612100
   42.566428     20.650200
   42.508928     20.688300
   42.451419     20.726400
   42.393899     20.764500
   42.336369     20.802600
   42.278828     20.840700
   42.221277     20.878800
   42.163714     20.916900
   42.106141     20.955000
   42.048555     20.993100
   41.990958     21.031200
   41.933349     21.069300
   41.875728     21.107400
   41.818094     21.145500
   41.760447     21.183600
   41.702788     21.221700
   41.645115     21.259800
   41.587429     21.297900
   41.529729     21.336000
   41.472015     21.374100
   41.414287     21.412200
   41.356544     21.450300
   41.298787     21.488400
   41.241015     21.526500
   41.183227     21.564600
   41.125425     21.602700
   41.067606     21.640800
   41.009772     21.678900
   40.951921     21.717000
   40.894054     21.755100
   40.836170     21.793200
   40.778270     21.831300
   40.720352     21.869400
   40.662417     21.907500
   40.604464     21.945600
   40.546493     21.983700
   40.488504     22.021800
   40.430497     22.059900
   40.372470     22.098000
   40.314425     22.136100
   40.256361     22.174200
   40.198277     22.212300
   40.140173     22.250400
   40.082050     22.288500
   40.023906     22.326600
   39.965742     22.364700
   39.907557     22.402800
   39.849350     22.440900
   39.791123     22.479000
   39.732874     22.517100
   39.674603     22.555200
   39.616310     22.593300
   39.557995     22.631400
   39.499657     22.669500
   39.441296     22.707600
   39.382912     22.745700
   39.324504     22.783800
   39.266073     22.821900
   39.207618     22.860000
   39.149138     22.898100
   39.090634     22.936200
   39.032106     22.974300
   38.973552     23.012400
   38.914973     23.050500
   38.856368     23.088600
   38.797737     23.126700
   38.739080     23.164800
   38.680396     23.202900
   38.621686     23.241000
   38.562949     23.279100
   38.504184     23.317200
   38.445392     23.355300
   38.386571     23.393400
   38.327723     23.431500
   38.268846     23.469600
   38.209940     23.507700
   38.151006     23.545800
   38.092042     23.583900
   38.033048     23.622000
   37.974024     23.660100
   37.914970     23.698200
   37.855886     23.736300
   37.796770     23.774400
   37.737624     23.812500
   37.678446     23.850600
   37.619236     23.888700
   37.559994     23.926800
   37.500720     23.964900
   37.441413     24.003000
   37.382073     24.041100
   37.322700     24.079200
   37.263293     24.117300
   37.203853     24.155400
   37.144378     24.193500
   37.084868     24.231600
   37.025324     24.269700
   36.965745     24.307800
   36.906130     24.345900
   36.846479     24.384000
   36.786792     24.422100
   36.727068     24.460200
   36.667308     24.498300
   36.607511     24.536400
   36.547676     24.574500
   36.487803     24.612600
   36.427892     24.650700
   36.367943     24.688800
   36.307955     24.726900
   36.247928     24.765000
   36.187861     24.803100
   36.127754     24.841200
   36.067608     24.879300
   36.007420     24.917400
   35.947192     24.955500
   35.886923     24.993600
   35.826612     25.031700
   35.766259     25.069800
   35.705864     25.107900
   35.645426     25.146000
   35.584945     25.184100
   35.524421     25.222200
   35.463853     25.260300
   35.403241     25.298400
   35.342585     25.336500
   35.281883     25.374600
   35.221137     25.412700
   35.160345     25.450800
   35.099507     25.488900
   35.038622     25.527000
   34.977691     25.565100
   34.916713     25.603200
   34.855687     25.641300
   34.794613     25.679400
   34.733491     25.717500
   34.672321     25.755600
   34.611101     25.793700
   34.549832     25.831800
   34.488513     25.869900
   34.427144     25.908000
   34.365724     25.946100
   34.304253     25.984200
   34.242730     26.022300
   34.181156     26.060400
   34.119529     26.098500
   34.057849     26.136600
   33.996117     26.174700
   33.934330     26.212800
   33.872490     26.250900
   33.810595     26.289000
   33.748645     26.327100
   33.686640     26.365200
   33.624579     26.403300
   33.562462     26.441400
   33.500288     26.479500
   33.438058     26.517600
   33.375769     26.555700
   33.313423     26.593800
   33.251018     26.631900
   33.188554     26.670000
   33.126031     26.708100
   33.063447     26.746200
   33.000804     26.784300
   32.938100     26.822400
   32.875334     26.860500
   32.812506     26.898600
   32.749617     26.936700
   32.686664     26.974800
   32.623648     27.012900
   32.560569     27.051000
   32.497425     27.089100
   32.434217     27.127200
   32.370943     27.165300
   32.307603     27.203400
   32.244197     27.241500
   32.180724     27.279600
   32.117184     27.317700
   32.053576     27.355800
   31.989900     27.393900
   31.926155     27.432000
   31.862340     27.470100
   31.798455     27.508200
   31.734499     27.546300
   31.670473     27.584400
   31.606375     27.622500
   31.542204     27.660600
   31.477961     27.698700
   31.413644     27.736800
   31.349253     27.774900
   31.284787     27.813000
   31.220247     27.851100
   31.155631     27.889200
   31.090938     27.927300
   31.026168     27.965400
   30.961321     28.003500
   30.896396     28.041600
   30.831392     28.079700
   30.766308     28.117800
   30.701145     28.155900
   30.635900     28.194000
   30.570575     28.232100
   30.505167     28.270200
   30.439677     28.308300
   30.374103     28.346400
   30.308446     28.384500
   30.242704     28.422600
   30.176876     28.460700
   30.110963     28.498800
   30.044963     28.536900
   29.978876     28.575000
   29.912700     28.613100
   29.846436     28.651200
   29.780082     28.689300
   29.713638     28.727400
   29.647104     28.765500
   29.580477     28.803600
   29.513758     28.841700
   29.446946     28.879800
   29.380040     28.917900
   29.313039     28.956000
   29.245943     28.994100
   29.178751     29.032200
   29.111461     29.070300
   29.044074     29.108400
   28.976588     29.146500
   28.909003     29.184600
   28.841317     29.222700
   28.773531     29.260800
   28.705642     29.298900
   28.637651     29.337000
   28.569556     29.375100
   28.501356     29.413200
   28.433052     29.451300
   28.364641     29.489400
   28.296122     29.527500
   28.227496     29.565600
   28.158761     29.603700
   28.089916     29.641800
   28.020960     29.679900
   27.951893     29.718000
   27.882713     29.756100
   27.813419     29.794200
   27.744010     29.832300
   27.674486     29.870400
   27.604846     29.908500
   27.535088     29.946600
   27.465211     29.984700
   27.395215     30.022800
   27.325098     30.060900
   27.254859     30.099000
   27.184497     30.137100
   27.114012     30.175200
   27.043402     30.213300
   26.972666     30.251400
   26.901802     30.289500
   26.830811     30.327600
   26.759689     30.365700
   26.688438     30.403800
   26.617054     30.441900
   26.545538     30.480000
   26.473888     30.518100
   26.402102     30.556200
   26.330180     30.594300
   26.258120     30.632400
   26.185921     30.670500
   26.113582     30.708600
   26.041101     30.746700
   25.968477     30.784800
   25.895709     30.822900
   25.822795     30.861000
   25.749735     30.899100
   25.676526     30.937200
   25.603168     30.975300
   25.529659     31.013400
   25.455997     31.051500
   25.382181     31.089600
   25.308210     31.127700
   25.234082     31.165800
   25.159795     31.203900
   25.085349     31.242000
   25.010741     31.280100
   24.935970     31.318200
   24.861035     31.356300
   24.785933     31.394400
   24.710664     31.432500
   24.635225     31.470600
   24.559615     31.508700
   24.483831     31.546800
   24.407874     31.584900
   24.331740     31.623000
   24.255428     31.661100
   24.178935     31.699200
   24.102262     31.737300
   24.025404     31.775400
   23.948361     31.813500
   23.871131     31.851600
   23.793711     31.889700
   23.716100     31.927800
   23.638295     31.965900
   23.560295     32.004000
   23.482098     32.042100
   23.403701     32.080200
   23.325102     32.118300
   23.246300     32.156400
   23.167292     32.194500
   23.088075     32.232600
   23.008648     32.270700
   22.929008     32.308800
   22.849153     32.346900
   22.769080     32.385000
   22.688787     32.423100
   22.608272     32.461200
   22.527532     32.499300
   22.446564     32.537400
   22.365367     32.575500
   22.283936     32.613600
   22.202271     32.651700
   22.120367     32.689800
   22.038222     32.727900
   21.955834     32.766000
   21.873199     32.804100
   21.790314     32.842200
   21.707177     32.880300
   21.623785     32.918400
   21.540134     32.956500
   21.456221     32.994600
   21.372043     33.032700
   21.287597     33.070800
   21.202880     33.108900
   21.117887     33.147000
   21.032617     33.185100
   20.947064     33.223200
   20.861226     33.261300
   20.775099     33.299400
   20.688679     33.337500
   20.601962     33.375600
   20.514945     33.413700
   20.427623     33.451800
   20.339993     33.489900
   20.252050     33.528000
   20.163790     33.566100
   20.075209     33.604200
   19.986302     33.642300
   19.897065     33.680400
   19.807494     33.718500
   19.717583     33.756600
   19.627328     33.794700
   19.536725     33.832800
   19.445767     33.870900
   19.354450     33.909000
   19.262769     33.947100
   19.170718     33.985200
   19.078291     34.023300
   18.985484     34.061400
   18.892291     34.099500
   18.798705     34.137600
   18.704721     34.175700
   18.610332     34.213800
   18.515532     34.251900
   18.420315     34.290000
   18.324674     34.328100
   18.228602     34.366200
   18.132093     34.404300
   18.035138     34.442400
   17.937732     34.480500
   17.839865     34.518600
   17.741531     34.556700
   17.642722     34.594800
   17.543429     34.632900
   17.443644     34.671000
   17.343358     34.709100
   17.242563     34.747200
   17.141249     34.785300
   17.039407     34.823400
   16.937028     34.861500
   16.834101     34.899600
   16.730616     34.937700
   16.626563     34.975800
   16.521930     35.013900
   16.416707     35.052000
   16.310882     35.090100
   16.204443     35.128200
   16.097378     35.166300
   15.989674     35.204400
   15.881318     35.242500
   15.772296     35.280600
   15.662594     35.318700
   15.552198     35.356800
   15.441093     35.394900
   15.329263     35.433000
   15.216692     35.471100
   15.103364     35.509200
   14.989260     35.547300
   14.874364     35.585400
   14.758655     35.623500
   14.642116     35.661600
   14.524726     35.699700
   14.406464     35.737800
   14.287307     35.775900
   14.167234     35.814000
   14.046221     35.852100
   13.924243     35.890200
   13.801275     35.928300
   13.677288     35.966400
   13.552256     36.004500
   13.426150     36.042600
   13.298937     36.080700
   13.170587     36.118800
   13.041065     36.156900
   12.910336     36.195000
   12.778363     36.233100
   12.645106     36.271200
   12.510525     36.309300
   12.374576     36.347400
   12.237213     36.385500
   12.098388     36.423600
   11.958050     36.461700
   11.816145     36.499800
   11.672616     36.537900
   11.527401     36.576000
   11.380436     36.614100
   11.231653     36.652200
   11.080977     36.690300
   10.928330     36.728400
   10.773629     36.766500
   10.616782     36.804600
   10.457695     36.842700
   10.296262     36.880800
   10.132371     36.918900
    9.965901     36.957000
    9.796721     36.995100
    9.624686     37.033200
    9.449641     37.071300
    9.271415     37.109400
    9.089821     37.147500
    8.904653     37.185600
    8.715682     37.223700
    8.522656     37.261800
    8.325292     37.299900
    8.123274     37.338000
    7.916245     37.376100
    7.703801     37.414200
    7.485480     37.452300
    7.260753     37.490400
    7.029005     37.528500
    6.789516     37.566600
    6.541437     37.604700
    6.283748     37.642800
    6.015217     37.680900
    5.734317     37.719000
    5.439135     37.757100
    5.127203     37.795200
    4.795253     37.833300
    4.438795     37.871400
    4.051367     37.909500
    3.623045     37.947600
    3.137123     37.985700
    2.561021     38.023800
    1.810612     38.061900
    0.000000     38.100000
