#kinematics calculation by https://skisickness.com/math-physics/kinematics/
#vertex z = 750, E = 13.6 MeV
#scattered particle
#angle [deg], energy [MeV]
   90.000000      0.000000
   88.187295      0.013600
   87.436021      0.027200
   86.859256      0.040800
   86.372776      0.054400
   85.943963      0.068000
   85.556092      0.081600
   85.199228      0.095200
   84.866899      0.108800
   84.554612      0.122400
   84.259095      0.136000
   83.977878      0.149600
   83.709043      0.163200
   83.451064      0.176800
   83.202705      0.190400
   82.962947      0.204000
   82.730940      0.217600
   82.505961      0.231200
   82.287397      0.244800
   82.074717      0.258400
   81.867457      0.272000
   81.665215      0.285600
   81.467633      0.299200
   81.274393      0.312800
   81.085214      0.326400
   80.899843      0.340000
   80.718049      0.353600
   80.539629      0.367200
   80.364392      0.380800
   80.192170      0.394400
   80.022805      0.408000
   79.856154      0.421600
   79.692086      0.435200
   79.530478      0.448800
   79.371219      0.462400
   79.214204      0.476000
   79.059337      0.489600
   78.906526      0.503200
   78.755689      0.516800
   78.606747      0.530400
   78.459625      0.544000
   78.314256      0.557600
   78.170575      0.571200
   78.028520      0.584800
   77.888034      0.598400
   77.749063      0.612000
   77.611555      0.625600
   77.475464      0.639200
   77.340742      0.652800
   77.207346      0.666400
   77.075235      0.680000
   76.944370      0.693600
   76.814714      0.707200
   76.686230      0.720800
   76.558887      0.734400
   76.432650      0.748000
   76.307489      0.761600
   76.183376      0.775200
   76.060281      0.788800
   75.938179      0.802400
   75.817042      0.816000
   75.696847      0.829600
   75.577570      0.843200
   75.459188      0.856800
   75.341679      0.870400
   75.225023      0.884000
   75.109199      0.897600
   74.994187      0.911200
   74.879969      0.924800
   74.766527      0.938400
   74.653844      0.952000
   74.541903      0.965600
   74.430688      0.979200
   74.320183      0.992800
   74.210373      1.006400
   74.101244      1.020000
   73.992781      1.033600
   73.884972      1.047200
   73.777802      1.060800
   73.671259      1.074400
   73.565331      1.088000
   73.460006      1.101600
   73.355273      1.115200
   73.251119      1.128800
   73.147534      1.142400
   73.044508      1.156000
   72.942031      1.169600
   72.840091      1.183200
   72.738681      1.196800
   72.637790      1.210400
   72.537409      1.224000
   72.437529      1.237600
   72.338142      1.251200
   72.239240      1.264800
   72.140813      1.278400
   72.042855      1.292000
   71.945357      1.305600
   71.848312      1.319200
   71.751713      1.332800
   71.655552      1.346400
   71.559822      1.360000
   71.464517      1.373600
   71.369630      1.387200
   71.275155      1.400800
   71.181084      1.414400
   71.087413      1.428000
   70.994134      1.441600
   70.901243      1.455200
   70.808733      1.468800
   70.716598      1.482400
   70.624834      1.496000
   70.533435      1.509600
   70.442395      1.523200
   70.351710      1.536800
   70.261375      1.550400
   70.171384      1.564000
   70.081733      1.577600
   69.992417      1.591200
   69.903432      1.604800
   69.814773      1.618400
   69.726435      1.632000
   69.638415      1.645600
   69.550708      1.659200
   69.463310      1.672800
   69.376217      1.686400
   69.289425      1.700000
   69.202930      1.713600
   69.116728      1.727200
   69.030816      1.740800
   68.945190      1.754400
   68.859846      1.768000
   68.774781      1.781600
   68.689992      1.795200
   68.605474      1.808800
   68.521225      1.822400
   68.437241      1.836000
   68.353519      1.849600
   68.270057      1.863200
   68.186850      1.876800
   68.103896      1.890400
   68.021193      1.904000
   67.938736      1.917600
   67.856523      1.931200
   67.774551      1.944800
   67.692818      1.958400
   67.611321      1.972000
   67.530057      1.985600
   67.449023      1.999200
   67.368217      2.012800
   67.287636      2.026400
   67.207279      2.040000
   67.127141      2.053600
   67.047222      2.067200
   66.967518      2.080800
   66.888027      2.094400
   66.808747      2.108000
   66.729675      2.121600
   66.650810      2.135200
   66.572150      2.148800
   66.493691      2.162400
   66.415432      2.176000
   66.337371      2.189600
   66.259505      2.203200
   66.181834      2.216800
   66.104354      2.230400
   66.027063      2.244000
   65.949960      2.257600
   65.873044      2.271200
   65.796311      2.284800
   65.719760      2.298400
   65.643390      2.312000
   65.567197      2.325600
   65.491182      2.339200
   65.415342      2.352800
   65.339674      2.366400
   65.264179      2.380000
   65.188853      2.393600
   65.113695      2.407200
   65.038703      2.420800
   64.963877      2.434400
   64.889214      2.448000
   64.814712      2.461600
   64.740371      2.475200
   64.666189      2.488800
   64.592163      2.502400
   64.518294      2.516000
   64.444578      2.529600
   64.371016      2.543200
   64.297604      2.556800
   64.224343      2.570400
   64.151230      2.584000
   64.078264      2.597600
   64.005444      2.611200
   63.932769      2.624800
   63.860237      2.638400
   63.787846      2.652000
   63.715596      2.665600
   63.643486      2.679200
   63.571513      2.692800
   63.499677      2.706400
   63.427977      2.720000
   63.356411      2.733600
   63.284979      2.747200
   63.213678      2.760800
   63.142508      2.774400
   63.071468      2.788000
   63.000556      2.801600
   62.929772      2.815200
   62.859114      2.828800
   62.788581      2.842400
   62.718172      2.856000
   62.647887      2.869600
   62.577723      2.883200
   62.507680      2.896800
   62.437757      2.910400
   62.367953      2.924000
   62.298266      2.937600
   62.228697      2.951200
   62.159243      2.964800
   62.089904      2.978400
   62.020679      2.992000
   61.951567      3.005600
   61.882567      3.019200
   61.813678      3.032800
   61.744899      3.046400
   61.676229      3.060000
   61.607667      3.073600
   61.539213      3.087200
   61.470865      3.100800
   61.402622      3.114400
   61.334485      3.128000
   61.266451      3.141600
   61.198520      3.155200
   61.130692      3.168800
   61.062965      3.182400
   60.995338      3.196000
   60.927811      3.209600
   60.860382      3.223200
   60.793052      3.236800
   60.725819      3.250400
   60.658682      3.264000
   60.591641      3.277600
   60.524695      3.291200
   60.457843      3.304800
   60.391085      3.318400
   60.324419      3.332000
   60.257845      3.345600
   60.191362      3.359200
   60.124970      3.372800
   60.058667      3.386400
   59.992453      3.400000
   59.926328      3.413600
   59.860290      3.427200
   59.794339      3.440800
   59.728474      3.454400
   59.662694      3.468000
   59.597000      3.481600
   59.531389      3.495200
   59.465862      3.508800
   59.400418      3.522400
   59.335056      3.536000
   59.269776      3.549600
   59.204576      3.563200
   59.139457      3.576800
   59.074417      3.590400
   59.009457      3.604000
   58.944574      3.617600
   58.879770      3.631200
   58.815042      3.644800
   58.750391      3.658400
   58.685816      3.672000
   58.621317      3.685600
   58.556892      3.699200
   58.492541      3.712800
   58.428264      3.726400
   58.364060      3.740000
   58.299928      3.753600
   58.235869      3.767200
   58.171880      3.780800
   58.107963      3.794400
   58.044115      3.808000
   57.980338      3.821600
   57.916629      3.835200
   57.852989      3.848800
   57.789417      3.862400
   57.725913      3.876000
   57.662475      3.889600
   57.599104      3.903200
   57.535799      3.916800
   57.472560      3.930400
   57.409385      3.944000
   57.346275      3.957600
   57.283229      3.971200
   57.220246      3.984800
   57.157327      3.998400
   57.094469      4.012000
   57.031674      4.025600
   56.968940      4.039200
   56.906267      4.052800
   56.843655      4.066400
   56.781103      4.080000
   56.718610      4.093600
   56.656176      4.107200
   56.593801      4.120800
   56.531485      4.134400
   56.469226      4.148000
   56.407024      4.161600
   56.344879      4.175200
   56.282791      4.188800
   56.220758      4.202400
   56.158781      4.216000
   56.096859      4.229600
   56.034992      4.243200
   55.973178      4.256800
   55.911419      4.270400
   55.849713      4.284000
   55.788060      4.297600
   55.726459      4.311200
   55.664911      4.324800
   55.603414      4.338400
   55.541968      4.352000
   55.480573      4.365600
   55.419229      4.379200
   55.357935      4.392800
   55.296690      4.406400
   55.235495      4.420000
   55.174348      4.433600
   55.113250      4.447200
   55.052200      4.460800
   54.991197      4.474400
   54.930242      4.488000
   54.869334      4.501600
   54.808472      4.515200
   54.747656      4.528800
   54.686886      4.542400
   54.626162      4.556000
   54.565482      4.569600
   54.504847      4.583200
   54.444257      4.596800
   54.383710      4.610400
   54.323207      4.624000
   54.262747      4.637600
   54.202329      4.651200
   54.141954      4.664800
   54.081622      4.678400
   54.021331      4.692000
   53.961081      4.705600
   53.900872      4.719200
   53.840704      4.732800
   53.780577      4.746400
   53.720489      4.760000
   53.660441      4.773600
   53.600432      4.787200
   53.540462      4.800800
   53.480531      4.814400
   53.420639      4.828000
   53.360784      4.841600
   53.300966      4.855200
   53.241186      4.868800
   53.181443      4.882400
   53.121737      4.896000
   53.062067      4.909600
   53.002433      4.923200
   52.942834      4.936800
   52.883271      4.950400
   52.823743      4.964000
   52.764250      4.977600
   52.704791      4.991200
   52.645366      5.004800
   52.585975      5.018400
   52.526617      5.032000
   52.467292      5.045600
   52.408000      5.059200
   52.348741      5.072800
   52.289514      5.086400
   52.230319      5.100000
   52.171155      5.113600
   52.112023      5.127200
   52.052922      5.140800
   51.993851      5.154400
   51.934811      5.168000
   51.875801      5.181600
   51.816821      5.195200
   51.757870      5.208800
   51.698948      5.222400
   51.640056      5.236000
   51.581192      5.249600
   51.522356      5.263200
   51.463548      5.276800
   51.404768      5.290400
   51.346016      5.304000
   51.287291      5.317600
   51.228593      5.331200
   51.169921      5.344800
   51.111276      5.358400
   51.052657      5.372000
   50.994063      5.385600
   50.935495      5.399200
   50.876953      5.412800
   50.818435      5.426400
   50.759942      5.440000
   50.701473      5.453600
   50.643029      5.467200
   50.584608      5.480800
   50.526211      5.494400
   50.467837      5.508000
   50.409486      5.521600
   50.351158      5.535200
   50.292853      5.548800
   50.234570      5.562400
   50.176308      5.576000
   50.118069      5.589600
   50.059851      5.603200
   50.001654      5.616800
   49.943478      5.630400
   49.885323      5.644000
   49.827188      5.657600
   49.769073      5.671200
   49.710978      5.684800
   49.652903      5.698400
   49.594847      5.712000
   49.536810      5.725600
   49.478792      5.739200
   49.420792      5.752800
   49.362811      5.766400
   49.304848      5.780000
   49.246903      5.793600
   49.188975      5.807200
   49.131065      5.820800
   49.073172      5.834400
   49.015295      5.848000
   48.957435      5.861600
   48.899592      5.875200
   48.841764      5.888800
   48.783952      5.902400
   48.726156      5.916000
   48.668376      5.929600
   48.610610      5.943200
   48.552859      5.956800
   48.495123      5.970400
   48.437401      5.984000
   48.379693      5.997600
   48.321999      6.011200
   48.264318      6.024800
   48.206651      6.038400
   48.148997      6.052000
   48.091356      6.065600
   48.033727      6.079200
   47.976111      6.092800
   47.918507      6.106400
   47.860915      6.120000
   47.803335      6.133600
   47.745766      6.147200
   47.688208      6.160800
   47.630661      6.174400
   47.573125      6.188000
   47.515600      6.201600
   47.458084      6.215200
   47.400579      6.228800
   47.343083      6.242400
   47.285597      6.256000
   47.228120      6.269600
   47.170653      6.283200
   47.113194      6.296800
   47.055743      6.310400
   46.998301      6.324000
   46.940867      6.337600
   46.883441      6.351200
   46.826023      6.364800
   46.768612      6.378400
   46.711208      6.392000
   46.653812      6.405600
   46.596422      6.419200
   46.539038      6.432800
   46.481661      6.446400
   46.424289      6.460000
   46.366924      6.473600
   46.309564      6.487200
   46.252209      6.500800
   46.194859      6.514400
   46.137515      6.528000
   46.080175      6.541600
   46.022839      6.555200
   45.965507      6.568800
   45.908180      6.582400
   45.850856      6.596000
   45.793536      6.609600
   45.736218      6.623200
   45.678904      6.636800
   45.621593      6.650400
   45.564284      6.664000
   45.506978      6.677600
   45.449673      6.691200
   45.392371      6.704800
   45.335070      6.718400
   45.277771      6.732000
   45.220472      6.745600
   45.163175      6.759200
   45.105878      6.772800
   45.048582      6.786400
   44.991286      6.800000
   44.933991      6.813600
   44.876695      6.827200
   44.819398      6.840800
   44.762101      6.854400
   44.704803      6.868000
   44.647504      6.881600
   44.590204      6.895200
   44.532902      6.908800
   44.475598      6.922400
   44.418292      6.936000
   44.360984      6.949600
   44.303674      6.963200
   44.246360      6.976800
   44.189044      6.990400
   44.131725      7.004000
   44.074402      7.017600
   44.017075      7.031200
   43.959745      7.044800
   43.902411      7.058400
   43.845072      7.072000
   43.787729      7.085600
   43.730381      7.099200
   43.673028      7.112800
   43.615669      7.126400
   43.558305      7.140000
   43.500936      7.153600
   43.443560      7.167200
   43.386179      7.180800
   43.328791      7.194400
   43.271396      7.208000
   43.213994      7.221600
   43.156585      7.235200
   43.099169      7.248800
   43.041746      7.262400
   42.984314      7.276000
   42.926875      7.289600
   42.869427      7.303200
   42.811971      7.316800
   42.754506      7.330400
   42.697032      7.344000
   42.639548      7.357600
   42.582056      7.371200
   42.524553      7.384800
   42.467041      7.398400
   42.409518      7.412000
   42.351985      7.425600
   42.294442      7.439200
   42.236887      7.452800
   42.179322      7.466400
   42.121745      7.480000
   42.064156      7.493600
   42.006556      7.507200
   41.948944      7.520800
   41.891319      7.534400
   41.833682      7.548000
   41.776032      7.561600
   41.718368      7.575200
   41.660692      7.588800
   41.603002      7.602400
   41.545298      7.616000
   41.487580      7.629600
   41.429848      7.643200
   41.372102      7.656800
   41.314341      7.670400
   41.256564      7.684000
   41.198773      7.697600
   41.140966      7.711200
   41.083143      7.724800
   41.025304      7.738400
   40.967449      7.752000
   40.909578      7.765600
   40.851690      7.779200
   40.793784      7.792800
   40.735862      7.806400
   40.677922      7.820000
   40.619964      7.833600
   40.561988      7.847200
   40.503995      7.860800
   40.445982      7.874400
   40.387951      7.888000
   40.329900      7.901600
   40.271831      7.915200
   40.213742      7.928800
   40.155633      7.942400
   40.097504      7.956000
   40.039355      7.969600
   39.981185      7.983200
   39.922994      7.996800
   39.864782      8.010400
   39.806549      8.024000
   39.748294      8.037600
   39.690018      8.051200
   39.631719      8.064800
   39.573397      8.078400
   39.515053      8.092000
   39.456686      8.105600
   39.398296      8.119200
   39.339882      8.132800
   39.281445      8.146400
   39.222983      8.160000
   39.164497      8.173600
   39.105987      8.187200
   39.047451      8.200800
   38.988891      8.214400
   38.930305      8.228000
   38.871693      8.241600
   38.813055      8.255200
   38.754392      8.268800
   38.695701      8.282400
   38.636984      8.296000
   38.578239      8.309600
   38.519467      8.323200
   38.460668      8.336800
   38.401840      8.350400
   38.342984      8.364000
   38.284100      8.377600
   38.225187      8.391200
   38.166245      8.404800
   38.107273      8.418400
   38.048271      8.432000
   37.989240      8.445600
   37.930178      8.459200
   37.871085      8.472800
   37.811962      8.486400
   37.752807      8.500000
   37.693621      8.513600
   37.634403      8.527200
   37.575153      8.540800
   37.515871      8.554400
   37.456555      8.568000
   37.397207      8.581600
   37.337825      8.595200
   37.278410      8.608800
   37.218961      8.622400
   37.159477      8.636000
   37.099959      8.649600
   37.040405      8.663200
   36.980817      8.676800
   36.921193      8.690400
   36.861533      8.704000
   36.801837      8.717600
   36.742104      8.731200
   36.682334      8.744800
   36.622528      8.758400
   36.562683      8.772000
   36.502801      8.785600
   36.442881      8.799200
   36.382922      8.812800
   36.322924      8.826400
   36.262887      8.840000
   36.202810      8.853600
   36.142693      8.867200
   36.082537      8.880800
   36.022339      8.894400
   35.962101      8.908000
   35.901821      8.921600
   35.841500      8.935200
   35.781137      8.948800
   35.720731      8.962400
   35.660283      8.976000
   35.599791      8.989600
   35.539256      9.003200
   35.478677      9.016800
   35.418055      9.030400
   35.357387      9.044000
   35.296675      9.057600
   35.235917      9.071200
   35.175114      9.084800
   35.114265      9.098400
   35.053369      9.112000
   34.992426      9.125600
   34.931437      9.139200
   34.870399      9.152800
   34.809314      9.166400
   34.748180      9.180000
   34.686998      9.193600
   34.625767      9.207200
   34.564485      9.220800
   34.503154      9.234400
   34.441773      9.248000
   34.380341      9.261600
   34.318858      9.275200
   34.257323      9.288800
   34.195736      9.302400
   34.134097      9.316000
   34.072404      9.329600
   34.010659      9.343200
   33.948860      9.356800
   33.887007      9.370400
   33.825099      9.384000
   33.763136      9.397600
   33.701118      9.411200
   33.639044      9.424800
   33.576914      9.438400
   33.514727      9.452000
   33.452483      9.465600
   33.390181      9.479200
   33.327821      9.492800
   33.265403      9.506400
   33.202925      9.520000
   33.140388      9.533600
   33.077791      9.547200
   33.015134      9.560800
   32.952415      9.574400
   32.889636      9.588000
   32.826794      9.601600
   32.763890      9.615200
   32.700923      9.628800
   32.637893      9.642400
   32.574799      9.656000
   32.511641      9.669600
   32.448417      9.683200
   32.385129      9.696800
   32.321774      9.710400
   32.258354      9.724000
   32.194866      9.737600
   32.131311      9.751200
   32.067687      9.764800
   32.003996      9.778400
   31.940235      9.792000
   31.876405      9.805600
   31.812505      9.819200
   31.748533      9.832800
   31.684491      9.846400
   31.620377      9.860000
   31.556191      9.873600
   31.491931      9.887200
   31.427598      9.900800
   31.363191      9.914400
   31.298710      9.928000
   31.234153      9.941600
   31.169520      9.955200
   31.104811      9.968800
   31.040025      9.982400
   30.975161      9.996000
   30.910219     10.009600
   30.845198     10.023200
   30.780097     10.036800
   30.714917     10.050400
   30.649655     10.064000
   30.584313     10.077600
   30.518888     10.091200
   30.453380     10.104800
   30.387789     10.118400
   30.322114     10.132000
   30.256354     10.145600
   30.190509     10.159200
   30.124578     10.172800
   30.058560     10.186400
   29.992454     10.200000
   29.926261     10.213600
   29.859978     10.227200
   29.793606     10.240800
   29.727144     10.254400
   29.660591     10.268000
   29.593945     10.281600
   29.527208     10.295200
   29.460377     10.308800
   29.393452     10.322400
   29.326432     10.336000
   29.259317     10.349600
   29.192105     10.363200
   29.124796     10.376800
   29.057390     10.390400
   28.989884     10.404000
   28.922279     10.417600
   28.854574     10.431200
   28.786767     10.444800
   28.718859     10.458400
   28.650847     10.472000
   28.582732     10.485600
   28.514512     10.499200
   28.446187     10.512800
   28.377756     10.526400
   28.309217     10.540000
   28.240570     10.553600
   28.171814     10.567200
   28.102948     10.580800
   28.033971     10.594400
   27.964883     10.608000
   27.895681     10.621600
   27.826366     10.635200
   27.756936     10.648800
   27.687391     10.662400
   27.617728     10.676000
   27.547948     10.689600
   27.478050     10.703200
   27.408031     10.716800
   27.337892     10.730400
   27.267631     10.744000
   27.197247     10.757600
   27.126739     10.771200
   27.056106     10.784800
   26.985347     10.798400
   26.914461     10.812000
   26.843446     10.825600
   26.772302     10.839200
   26.701027     10.852800
   26.629621     10.866400
   26.558081     10.880000
   26.486407     10.893600
   26.414598     10.907200
   26.342652     10.920800
   26.270568     10.934400
   26.198344     10.948000
   26.125981     10.961600
   26.053476     10.975200
   25.980828     10.988800
   25.908035     11.002400
   25.835097     11.016000
   25.762011     11.029600
   25.688778     11.043200
   25.615394     11.056800
   25.541860     11.070400
   25.468172     11.084000
   25.394331     11.097600
   25.320334     11.111200
   25.246180     11.124800
   25.171868     11.138400
   25.097396     11.152000
   25.022762     11.165600
   24.947964     11.179200
   24.873002     11.192800
   24.797874     11.206400
   24.722578     11.220000
   24.647112     11.233600
   24.571475     11.247200
   24.495665     11.260800
   24.419680     11.274400
   24.343518     11.288000
   24.267178     11.301600
   24.190658     11.315200
   24.113957     11.328800
   24.037071     11.342400
   23.960000     11.356000
   23.882741     11.369600
   23.805292     11.383200
   23.727653     11.396800
   23.649819     11.410400
   23.571790     11.424000
   23.493564     11.437600
   23.415138     11.451200
   23.336509     11.464800
   23.257677     11.478400
   23.178639     11.492000
   23.099393     11.505600
   23.019935     11.519200
   22.940265     11.532800
   22.860379     11.546400
   22.780276     11.560000
   22.699952     11.573600
   22.619406     11.587200
   22.538635     11.600800
   22.457636     11.614400
   22.376407     11.628000
   22.294945     11.641600
   22.213247     11.655200
   22.131311     11.668800
   22.049134     11.682400
   21.966713     11.696000
   21.884046     11.709600
   21.801128     11.723200
   21.717959     11.736800
   21.634533     11.750400
   21.550848     11.764000
   21.466902     11.777600
   21.382690     11.791200
   21.298210     11.804800
   21.213459     11.818400
   21.128432     11.832000
   21.043127     11.845600
   20.957539     11.859200
   20.871666     11.872800
   20.785504     11.886400
   20.699048     11.900000
   20.612296     11.913600
   20.525243     11.927200
   20.437885     11.940800
   20.350218     11.954400
   20.262239     11.968000
   20.173942     11.981600
   20.085324     11.995200
   19.996380     12.008800
   19.907106     12.022400
   19.817497     12.036000
   19.727548     12.049600
   19.637255     12.063200
   19.546613     12.076800
   19.455616     12.090400
   19.364260     12.104000
   19.272540     12.117600
   19.180449     12.131200
   19.087983     12.144800
   18.995136     12.158400
   18.901903     12.172000
   18.808276     12.185600
   18.714251     12.199200
   18.619821     12.212800
   18.524980     12.226400
   18.429721     12.240000
   18.334038     12.253600
   18.237924     12.267200
   18.141372     12.280800
   18.044375     12.294400
   17.946925     12.308000
   17.849015     12.321600
   17.750637     12.335200
   17.651784     12.348800
   17.552446     12.362400
   17.452616     12.376000
   17.352286     12.389600
   17.251445     12.403200
   17.150085     12.416800
   17.048197     12.430400
   16.945771     12.444000
   16.842798     12.457600
   16.739266     12.471200
   16.635165     12.484800
   16.530484     12.498400
   16.425213     12.512000
   16.319339     12.525600
   16.212851     12.539200
   16.105736     12.552800
   15.997982     12.566400
   15.889576     12.580000
   15.780503     12.593600
   15.670750     12.607200
   15.560303     12.620800
   15.449145     12.634400
   15.337263     12.648000
   15.224639     12.661600
   15.111256     12.675200
   14.997099     12.688800
   14.882148     12.702400
   14.766385     12.716000
   14.649790     12.729600
   14.532343     12.743200
   14.414024     12.756800
   14.294811     12.770400
   14.174680     12.784000
   14.053609     12.797600
   13.931572     12.811200
   13.808543     12.824800
   13.684497     12.838400
   13.559404     12.852000
   13.433236     12.865600
   13.305961     12.879200
   13.177548     12.892800
   13.047962     12.906400
   12.917169     12.920000
   12.785130     12.933600
   12.651808     12.947200
   12.517160     12.960800
   12.381143     12.974400
   12.243712     12.988000
   12.104818     13.001600
   11.964410     13.015200
   11.822434     13.028800
   11.678832     13.042400
   11.533544     13.056000
   11.386506     13.069600
   11.237647     13.083200
   11.086894     13.096800
   10.934170     13.110400
   10.779390     13.124000
   10.622464     13.137600
   10.463295     13.151200
   10.301780     13.164800
   10.137805     13.178400
    9.971249     13.192000
    9.801981     13.205600
    9.629858     13.219200
    9.454722     13.232800
    9.276404     13.246400
    9.094716     13.260000
    8.909451     13.273600
    8.720382     13.287200
    8.527255     13.300800
    8.329787     13.314400
    8.127663     13.328000
    7.920525     13.341600
    7.707969     13.355200
    7.489533     13.368800
    7.264687     13.382400
    7.032816     13.396000
    6.793200     13.409600
    6.544988     13.423200
    6.287162     13.436800
    6.018486     13.450400
    5.737437     13.464000
    5.442096     13.477600
    5.129996     13.491200
    4.797866     13.504800
    4.441216     13.518400
    4.053578     13.532000
    3.625024     13.545600
    3.138837     13.559200
    2.562422     13.572800
    1.811603     13.586400
    0.000000     13.600000
