#kinematics calculation by https://skisickness.com/math-physics/kinematics/
#vertex z = 200, E = 58.1 MeV
#scattered particle
#angle [deg], energy [MeV]
   90.000000      0.000000
   88.185494      0.058100
   87.433475      0.116200
   86.856139      0.174300
   86.369179      0.232400
   85.939943      0.290500
   85.551690      0.348600
   85.194476      0.406700
   84.861822      0.464800
   84.549230      0.522900
   84.253424      0.581000
   83.971934      0.639100
   83.702837      0.697200
   83.444608      0.755300
   83.196009      0.813400
   82.956020      0.871500
   82.723788      0.929600
   82.498594      0.987700
   82.279820      1.045800
   82.066936      1.103900
   81.859479      1.162000
   81.657043      1.220100
   81.459273      1.278200
   81.265850      1.336300
   81.076492      1.394400
   80.890945      1.452500
   80.708980      1.510600
   80.530391      1.568700
   80.354990      1.626800
   80.182606      1.684900
   80.013083      1.743000
   79.846277      1.801100
   79.682055      1.859200
   79.520298      1.917300
   79.360891      1.975400
   79.203730      2.033500
   79.048720      2.091600
   78.895769      2.149700
   78.744793      2.207800
   78.595714      2.265900
   78.448458      2.324000
   78.302956      2.382100
   78.159143      2.440200
   78.016959      2.498300
   77.876345      2.556400
   77.737248      2.614500
   77.599617      2.672600
   77.463402      2.730700
   77.328559      2.788800
   77.195043      2.846900
   77.062814      2.905000
   76.931832      2.963100
   76.802060      3.021200
   76.673463      3.079300
   76.546006      3.137400
   76.419657      3.195500
   76.294386      3.253600
   76.170164      3.311700
   76.046961      3.369800
   75.924751      3.427900
   75.803508      3.486000
   75.683208      3.544100
   75.563827      3.602200
   75.445342      3.660300
   75.327731      3.718400
   75.210974      3.776500
   75.095049      3.834600
   74.979938      3.892700
   74.865623      3.950800
   74.752084      4.008900
   74.639304      4.067000
   74.527267      4.125100
   74.415957      4.183200
   74.305358      4.241300
   74.195455      4.299400
   74.086234      4.357500
   73.977680      4.415600
   73.869779      4.473700
   73.762520      4.531800
   73.655888      4.589900
   73.549871      4.648000
   73.444458      4.706100
   73.339637      4.764200
   73.235397      4.822300
   73.131727      4.880400
   73.028616      4.938500
   72.926054      4.996600
   72.824031      5.054700
   72.722537      5.112800
   72.621563      5.170900
   72.521100      5.229000
   72.421140      5.287100
   72.321672      5.345200
   72.222689      5.403300
   72.124183      5.461400
   72.026146      5.519500
   71.928570      5.577600
   71.831447      5.635700
   71.734770      5.693800
   71.638533      5.751900
   71.542727      5.810000
   71.447346      5.868100
   71.352384      5.926200
   71.257834      5.984300
   71.163689      6.042400
   71.069944      6.100500
   70.976592      6.158600
   70.883628      6.216700
   70.791046      6.274800
   70.698840      6.332900
   70.607004      6.391000
   70.515534      6.449100
   70.424425      6.507200
   70.333670      6.565300
   70.243265      6.623400
   70.153205      6.681500
   70.063485      6.739600
   69.974101      6.797700
   69.885049      6.855800
   69.796322      6.913900
   69.707918      6.972000
   69.619831      7.030100
   69.532058      7.088200
   69.444594      7.146300
   69.357436      7.204400
   69.270579      7.262500
   69.184020      7.320600
   69.097755      7.378700
   69.011779      7.436800
   68.926090      7.494900
   68.840683      7.553000
   68.755555      7.611100
   68.670704      7.669200
   68.586124      7.727300
   68.501814      7.785400
   68.417769      7.843500
   68.333987      7.901600
   68.250464      7.959700
   68.167197      8.017800
   68.084184      8.075900
   68.001421      8.134000
   67.918905      8.192100
   67.836633      8.250200
   67.754604      8.308300
   67.672813      8.366400
   67.591258      8.424500
   67.509936      8.482600
   67.428846      8.540700
   67.347983      8.598800
   67.267346      8.656900
   67.186932      8.715000
   67.106739      8.773100
   67.026764      8.831200
   66.947005      8.889300
   66.867460      8.947400
   66.788125      9.005500
   66.709000      9.063600
   66.630081      9.121700
   66.551367      9.179800
   66.472855      9.237900
   66.394543      9.296000
   66.316429      9.354100
   66.238511      9.412200
   66.160787      9.470300
   66.083255      9.528400
   66.005913      9.586500
   65.928760      9.644600
   65.851792      9.702700
   65.775008      9.760800
   65.698407      9.818900
   65.621986      9.877000
   65.545744      9.935100
   65.469679      9.993200
   65.393790     10.051300
   65.318073     10.109400
   65.242529     10.167500
   65.167154     10.225600
   65.091948     10.283700
   65.016908     10.341800
   64.942034     10.399900
   64.867324     10.458000
   64.792775     10.516100
   64.718387     10.574200
   64.644157     10.632300
   64.570085     10.690400
   64.496169     10.748500
   64.422408     10.806600
   64.348799     10.864700
   64.275342     10.922800
   64.202036     10.980900
   64.128878     11.039000
   64.055867     11.097100
   63.983003     11.155200
   63.910283     11.213300
   63.837706     11.271400
   63.765272     11.329500
   63.692978     11.387600
   63.620824     11.445700
   63.548809     11.503800
   63.476930     11.561900
   63.405187     11.620000
   63.333578     11.678100
   63.262103     11.736200
   63.190761     11.794300
   63.119549     11.852400
   63.048467     11.910500
   62.977514     11.968600
   62.906688     12.026700
   62.835989     12.084800
   62.765415     12.142900
   62.694966     12.201000
   62.624640     12.259100
   62.554436     12.317200
   62.484353     12.375300
   62.414390     12.433400
   62.344546     12.491500
   62.274820     12.549600
   62.205212     12.607700
   62.135719     12.665800
   62.066341     12.723900
   61.997078     12.782000
   61.927927     12.840100
   61.858889     12.898200
   61.789962     12.956300
   61.721145     13.014400
   61.652437     13.072500
   61.583838     13.130600
   61.515347     13.188700
   61.446962     13.246800
   61.378683     13.304900
   61.310509     13.363000
   61.242438     13.421100
   61.174472     13.479200
   61.106607     13.537300
   61.038844     13.595400
   60.971181     13.653500
   60.903619     13.711600
   60.836155     13.769700
   60.768790     13.827800
   60.701522     13.885900
   60.634350     13.944000
   60.567275     14.002100
   60.500294     14.060200
   60.433408     14.118300
   60.366616     14.176400
   60.299916     14.234500
   60.233308     14.292600
   60.166792     14.350700
   60.100366     14.408800
   60.034031     14.466900
   59.967784     14.525000
   59.901626     14.583100
   59.835555     14.641200
   59.769571     14.699300
   59.703674     14.757400
   59.637863     14.815500
   59.572136     14.873600
   59.506494     14.931700
   59.440936     14.989800
   59.375460     15.047900
   59.310067     15.106000
   59.244756     15.164100
   59.179525     15.222200
   59.114375     15.280300
   59.049305     15.338400
   58.984314     15.396500
   58.919401     15.454600
   58.854566     15.512700
   58.789809     15.570800
   58.725129     15.628900
   58.660524     15.687000
   58.595995     15.745100
   58.531541     15.803200
   58.467161     15.861300
   58.402855     15.919400
   58.338622     15.977500
   58.274462     16.035600
   58.210374     16.093700
   58.146357     16.151800
   58.082412     16.209900
   58.018536     16.268000
   57.954731     16.326100
   57.890995     16.384200
   57.827327     16.442300
   57.763728     16.500400
   57.700196     16.558500
   57.636732     16.616600
   57.573334     16.674700
   57.510003     16.732800
   57.446736     16.790900
   57.383536     16.849000
   57.320399     16.907100
   57.257327     16.965200
   57.194318     17.023300
   57.131373     17.081400
   57.068490     17.139500
   57.005669     17.197600
   56.942910     17.255700
   56.880212     17.313800
   56.817574     17.371900
   56.754997     17.430000
   56.692480     17.488100
   56.630021     17.546200
   56.567622     17.604300
   56.505281     17.662400
   56.442998     17.720500
   56.380772     17.778600
   56.318603     17.836700
   56.256491     17.894800
   56.194435     17.952900
   56.132434     18.011000
   56.070489     18.069100
   56.008599     18.127200
   55.946763     18.185300
   55.884980     18.243400
   55.823252     18.301500
   55.761576     18.359600
   55.699953     18.417700
   55.638382     18.475800
   55.576863     18.533900
   55.515395     18.592000
   55.453979     18.650100
   55.392613     18.708200
   55.331297     18.766300
   55.270031     18.824400
   55.208814     18.882500
   55.147646     18.940600
   55.086527     18.998700
   55.025456     19.056800
   54.964433     19.114900
   54.903457     19.173000
   54.842528     19.231100
   54.781646     19.289200
   54.720810     19.347300
   54.660020     19.405400
   54.599275     19.463500
   54.538576     19.521600
   54.477922     19.579700
   54.417311     19.637800
   54.356745     19.695900
   54.296223     19.754000
   54.235743     19.812100
   54.175307     19.870200
   54.114913     19.928300
   54.054562     19.986400
   53.994252     20.044500
   53.933984     20.102600
   53.873757     20.160700
   53.813571     20.218800
   53.753425     20.276900
   53.693320     20.335000
   53.633254     20.393100
   53.573227     20.451200
   53.513240     20.509300
   53.453292     20.567400
   53.393381     20.625500
   53.333509     20.683600
   53.273675     20.741700
   53.213878     20.799800
   53.154118     20.857900
   53.094395     20.916000
   53.034709     20.974100
   52.975058     21.032200
   52.915444     21.090300
   52.855864     21.148400
   52.796320     21.206500
   52.736811     21.264600
   52.677336     21.322700
   52.617896     21.380800
   52.558489     21.438900
   52.499116     21.497000
   52.439776     21.555100
   52.380469     21.613200
   52.321195     21.671300
   52.261953     21.729400
   52.202743     21.787500
   52.143565     21.845600
   52.084418     21.903700
   52.025303     21.961800
   51.966218     22.019900
   51.907163     22.078000
   51.848139     22.136100
   51.789145     22.194200
   51.730181     22.252300
   51.671246     22.310400
   51.612339     22.368500
   51.553462     22.426600
   51.494613     22.484700
   51.435793     22.542800
   51.377000     22.600900
   51.318234     22.659000
   51.259497     22.717100
   51.200786     22.775200
   51.142102     22.833300
   51.083444     22.891400
   51.024812     22.949500
   50.966207     23.007600
   50.907627     23.065700
   50.849072     23.123800
   50.790543     23.181900
   50.732038     23.240000
   50.673558     23.298100
   50.615102     23.356200
   50.556670     23.414300
   50.498262     23.472400
   50.439877     23.530500
   50.381515     23.588600
   50.323177     23.646700
   50.264860     23.704800
   50.206567     23.762900
   50.148295     23.821000
   50.090045     23.879100
   50.031817     23.937200
   49.973610     23.995300
   49.915424     24.053400
   49.857259     24.111500
   49.799114     24.169600
   49.740990     24.227700
   49.682885     24.285800
   49.624801     24.343900
   49.566735     24.402000
   49.508689     24.460100
   49.450662     24.518200
   49.392654     24.576300
   49.334664     24.634400
   49.276692     24.692500
   49.218739     24.750600
   49.160803     24.808700
   49.102884     24.866800
   49.044983     24.924900
   48.987098     24.983000
   48.929230     25.041100
   48.871379     25.099200
   48.813544     25.157300
   48.755724     25.215400
   48.697921     25.273500
   48.640132     25.331600
   48.582359     25.389700
   48.524601     25.447800
   48.466858     25.505900
   48.409129     25.564000
   48.351414     25.622100
   48.293714     25.680200
   48.236027     25.738300
   48.178353     25.796400
   48.120693     25.854500
   48.063046     25.912600
   48.005411     25.970700
   47.947789     26.028800
   47.890179     26.086900
   47.832581     26.145000
   47.774995     26.203100
   47.717421     26.261200
   47.659858     26.319300
   47.602306     26.377400
   47.544764     26.435500
   47.487234     26.493600
   47.429713     26.551700
   47.372203     26.609800
   47.314703     26.667900
   47.257212     26.726000
   47.199731     26.784100
   47.142259     26.842200
   47.084796     26.900300
   47.027341     26.958400
   46.969895     27.016500
   46.912457     27.074600
   46.855028     27.132700
   46.797606     27.190800
   46.740191     27.248900
   46.682784     27.307000
   46.625384     27.365100
   46.567991     27.423200
   46.510604     27.481300
   46.453224     27.539400
   46.395849     27.597500
   46.338481     27.655600
   46.281118     27.713700
   46.223761     27.771800
   46.166409     27.829900
   46.109062     27.888000
   46.051720     27.946100
   45.994382     28.004200
   45.937049     28.062300
   45.879719     28.120400
   45.822394     28.178500
   45.765072     28.236600
   45.707753     28.294700
   45.650438     28.352800
   45.593125     28.410900
   45.535815     28.469000
   45.478507     28.527100
   45.421202     28.585200
   45.363899     28.643300
   45.306597     28.701400
   45.249297     28.759500
   45.191999     28.817600
   45.134701     28.875700
   45.077404     28.933800
   45.020108     28.991900
   44.962812     29.050000
   44.905516     29.108100
   44.848221     29.166200
   44.790924     29.224300
   44.733628     29.282400
   44.676330     29.340500
   44.619032     29.398600
   44.561732     29.456700
   44.504431     29.514800
   44.447129     29.572900
   44.389824     29.631000
   44.332517     29.689100
   44.275208     29.747200
   44.217896     29.805300
   44.160582     29.863400
   44.103264     29.921500
   44.045943     29.979600
   43.988618     30.037700
   43.931290     30.095800
   43.873958     30.153900
   43.816621     30.212000
   43.759280     30.270100
   43.701935     30.328200
   43.644584     30.386300
   43.587229     30.444400
   43.529868     30.502500
   43.472501     30.560600
   43.415129     30.618700
   43.357750     30.676800
   43.300365     30.734900
   43.242974     30.793000
   43.185576     30.851100
   43.128171     30.909200
   43.070759     30.967300
   43.013339     31.025400
   42.955911     31.083500
   42.898476     31.141600
   42.841032     31.199700
   42.783580     31.257800
   42.726120     31.315900
   42.668650     31.374000
   42.611172     31.432100
   42.553684     31.490200
   42.496186     31.548300
   42.438679     31.606400
   42.381162     31.664500
   42.323634     31.722600
   42.266096     31.780700
   42.208547     31.838800
   42.150987     31.896900
   42.093416     31.955000
   42.035833     32.013100
   41.978239     32.071200
   41.920632     32.129300
   41.863014     32.187400
   41.805383     32.245500
   41.747739     32.303600
   41.690082     32.361700
   41.632412     32.419800
   41.574729     32.477900
   41.517032     32.536000
   41.459322     32.594100
   41.401597     32.652200
   41.343857     32.710300
   41.286103     32.768400
   41.228335     32.826500
   41.170551     32.884600
   41.112751     32.942700
   41.054936     33.000800
   40.997105     33.058900
   40.939258     33.117000
   40.881395     33.175100
   40.823515     33.233200
   40.765618     33.291300
   40.707704     33.349400
   40.649773     33.407500
   40.591824     33.465600
   40.533857     33.523700
   40.475872     33.581800
   40.417869     33.639900
   40.359847     33.698000
   40.301806     33.756100
   40.243746     33.814200
   40.185666     33.872300
   40.127567     33.930400
   40.069448     33.988500
   40.011308     34.046600
   39.953149     34.104700
   39.894968     34.162800
   39.836767     34.220900
   39.778544     34.279000
   39.720300     34.337100
   39.662033     34.395200
   39.603745     34.453300
   39.545435     34.511400
   39.487102     34.569500
   39.428746     34.627600
   39.370367     34.685700
   39.311965     34.743800
   39.253539     34.801900
   39.195089     34.860000
   39.136614     34.918100
   39.078116     34.976200
   39.019592     35.034300
   38.961044     35.092400
   38.902470     35.150500
   38.843871     35.208600
   38.785246     35.266700
   38.726594     35.324800
   38.667916     35.382900
   38.609212     35.441000
   38.550480     35.499100
   38.491721     35.557200
   38.432935     35.615300
   38.374121     35.673400
   38.315279     35.731500
   38.256408     35.789600
   38.197508     35.847700
   38.138580     35.905800
   38.079622     35.963900
   38.020634     36.022000
   37.961617     36.080100
   37.902569     36.138200
   37.843491     36.196300
   37.784383     36.254400
   37.725243     36.312500
   37.666071     36.370600
   37.606868     36.428700
   37.547633     36.486800
   37.488366     36.544900
   37.429066     36.603000
   37.369733     36.661100
   37.310367     36.719200
   37.250967     36.777300
   37.191534     36.835400
   37.132066     36.893500
   37.072564     36.951600
   37.013027     37.009700
   36.953455     37.067800
   36.893847     37.125900
   36.834204     37.184000
   36.774524     37.242100
   36.714808     37.300200
   36.655056     37.358300
   36.595266     37.416400
   36.535439     37.474500
   36.475574     37.532600
   36.415671     37.590700
   36.355730     37.648800
   36.295749     37.706900
   36.235730     37.765000
   36.175672     37.823100
   36.115573     37.881200
   36.055435     37.939300
   35.995256     37.997400
   35.935036     38.055500
   35.874775     38.113600
   35.814472     38.171700
   35.754128     38.229800
   35.693741     38.287900
   35.633312     38.346000
   35.572840     38.404100
   35.512325     38.462200
   35.451766     38.520300
   35.391163     38.578400
   35.330515     38.636500
   35.269823     38.694600
   35.209085     38.752700
   35.148302     38.810800
   35.087473     38.868900
   35.026598     38.927000
   34.965676     38.985100
   34.904707     39.043200
   34.843691     39.101300
   34.782627     39.159400
   34.721515     39.217500
   34.660354     39.275600
   34.599144     39.333700
   34.537884     39.391800
   34.476575     39.449900
   34.415215     39.508000
   34.353805     39.566100
   34.292344     39.624200
   34.230832     39.682300
   34.169267     39.740400
   34.107651     39.798500
   34.045982     39.856600
   33.984259     39.914700
   33.922483     39.972800
   33.860653     40.030900
   33.798769     40.089000
   33.736830     40.147100
   33.674835     40.205200
   33.612785     40.263300
   33.550679     40.321400
   33.488516     40.379500
   33.426296     40.437600
   33.364018     40.495700
   33.301683     40.553800
   33.239289     40.611900
   33.176836     40.670000
   33.114324     40.728100
   33.051752     40.786200
   32.989120     40.844300
   32.926427     40.902400
   32.863673     40.960500
   32.800857     41.018600
   32.737979     41.076700
   32.675038     41.134800
   32.612034     41.192900
   32.548966     41.251000
   32.485835     41.309100
   32.422638     41.367200
   32.359376     41.425300
   32.296049     41.483400
   32.232655     41.541500
   32.169194     41.599600
   32.105667     41.657700
   32.042071     41.715800
   31.978407     41.773900
   31.914674     41.832000
   31.850872     41.890100
   31.787000     41.948200
   31.723057     42.006300
   31.659043     42.064400
   31.594958     42.122500
   31.530800     42.180600
   31.466570     42.238700
   31.402266     42.296800
   31.337888     42.354900
   31.273436     42.413000
   31.208909     42.471100
   31.144306     42.529200
   31.079627     42.587300
   31.014871     42.645400
   30.950037     42.703500
   30.885125     42.761600
   30.820135     42.819700
   30.755065     42.877800
   30.689916     42.935900
   30.624685     42.994000
   30.559374     43.052100
   30.493980     43.110200
   30.428504     43.168300
   30.362945     43.226400
   30.297302     43.284500
   30.231574     43.342600
   30.165761     43.400700
   30.099863     43.458800
   30.033877     43.516900
   29.967805     43.575000
   29.901644     43.633100
   29.835395     43.691200
   29.769056     43.749300
   29.702627     43.807400
   29.636108     43.865500
   29.569496     43.923600
   29.502793     43.981700
   29.435996     44.039800
   29.369105     44.097900
   29.302120     44.156000
   29.235040     44.214100
   29.167863     44.272200
   29.100589     44.330300
   29.033218     44.388400
   28.965748     44.446500
   28.898179     44.504600
   28.830509     44.562700
   28.762739     44.620800
   28.694867     44.678900
   28.626892     44.737000
   28.558813     44.795100
   28.490630     44.853200
   28.422342     44.911300
   28.353948     44.969400
   28.285447     45.027500
   28.216837     45.085600
   28.148119     45.143700
   28.079291     45.201800
   28.010353     45.259900
   27.941302     45.318000
   27.872140     45.376100
   27.802863     45.434200
   27.733472     45.492300
   27.663966     45.550400
   27.594343     45.608500
   27.524603     45.666600
   27.454744     45.724700
   27.384766     45.782800
   27.314667     45.840900
   27.244446     45.899000
   27.174103     45.957100
   27.103636     46.015200
   27.033044     46.073300
   26.962326     46.131400
   26.891482     46.189500
   26.820509     46.247600
   26.749407     46.305700
   26.678174     46.363800
   26.606810     46.421900
   26.535312     46.480000
   26.463681     46.538100
   26.391915     46.596200
   26.320012     46.654300
   26.247972     46.712400
   26.175792     46.770500
   26.103473     46.828600
   26.031012     46.886700
   25.958408     46.944800
   25.885660     47.002900
   25.812767     47.061000
   25.739727     47.119100
   25.666538     47.177200
   25.593200     47.235300
   25.519712     47.293400
   25.446071     47.351500
   25.372276     47.409600
   25.298325     47.467700
   25.224218     47.525800
   25.149953     47.583900
   25.075528     47.642000
   25.000941     47.700100
   24.926192     47.758200
   24.851278     47.816300
   24.776198     47.874400
   24.700951     47.932500
   24.625534     47.990600
   24.549945     48.048700
   24.474185     48.106800
   24.398249     48.164900
   24.322138     48.223000
   24.245848     48.281100
   24.169378     48.339200
   24.092727     48.397300
   24.015893     48.455400
   23.938873     48.513500
   23.861665     48.571600
   23.784269     48.629700
   23.706681     48.687800
   23.628900     48.745900
   23.550924     48.804000
   23.472750     48.862100
   23.394377     48.920200
   23.315803     48.978300
   23.237025     49.036400
   23.158041     49.094500
   23.078848     49.152600
   22.999446     49.210700
   22.919831     49.268800
   22.840000     49.326900
   22.759953     49.385000
   22.679685     49.443100
   22.599195     49.501200
   22.518480     49.559300
   22.437538     49.617400
   22.356367     49.675500
   22.274962     49.733600
   22.193322     49.791700
   22.111445     49.849800
   22.029326     49.907900
   21.946964     49.966000
   21.864356     50.024100
   21.781498     50.082200
   21.698388     50.140300
   21.615023     50.198400
   21.531399     50.256500
   21.447514     50.314600
   21.363363     50.372700
   21.278945     50.430800
   21.194256     50.488900
   21.109291     50.547000
   21.024049     50.605100
   20.938525     50.663200
   20.852715     50.721300
   20.766617     50.779400
   20.680225     50.837500
   20.593538     50.895600
   20.506550     50.953700
   20.419258     51.011800
   20.331657     51.069900
   20.243744     51.128000
   20.155514     51.186100
   20.066963     51.244200
   19.978087     51.302300
   19.888880     51.360400
   19.799340     51.418500
   19.709460     51.476600
   19.619236     51.534700
   19.528664     51.592800
   19.437738     51.650900
   19.346453     51.709000
   19.254803     51.767100
   19.162784     51.825200
   19.070391     51.883300
   18.977616     51.941400
   18.884456     51.999500
   18.790903     52.057600
   18.696952     52.115700
   18.602597     52.173800
   18.507831     52.231900
   18.412648     52.290000
   18.317041     52.348100
   18.221003     52.406200
   18.124529     52.464300
   18.027609     52.522400
   17.930238     52.580500
   17.832407     52.638600
   17.734108     52.696700
   17.635335     52.754800
   17.536078     52.812900
   17.436329     52.871000
   17.336080     52.929100
   17.235322     52.987200
   17.134046     53.045300
   17.032242     53.103400
   16.929900     53.161500
   16.827011     53.219600
   16.723565     53.277700
   16.619550     53.335800
   16.514957     53.393900
   16.409773     53.452000
   16.303988     53.510100
   16.197589     53.568200
   16.090565     53.626300
   15.982901     53.684400
   15.874586     53.742500
   15.765606     53.800600
   15.655946     53.858700
   15.545592     53.916800
   15.434529     53.974900
   15.322742     54.033000
   15.210215     54.091100
   15.096930     54.149200
   14.982870     54.207300
   14.868018     54.265400
   14.752355     54.323500
   14.635861     54.381600
   14.518517     54.439700
   14.400300     54.497800
   14.281191     54.555900
   14.161165     54.614000
   14.040200     54.672100
   13.918270     54.730200
   13.795349     54.788300
   13.671412     54.846400
   13.546430     54.904500
   13.420373     54.962600
   13.293212     55.020700
   13.164913     55.078800
   13.035443     55.136900
   12.904766     55.195000
   12.772846     55.253100
   12.639643     55.311200
   12.505116     55.369300
   12.369222     55.427400
   12.231915     55.485500
   12.093147     55.543600
   11.952866     55.601700
   11.811019     55.659800
   11.667548     55.717900
   11.522393     55.776000
   11.375489     55.834100
   11.226766     55.892200
   11.076153     55.950300
   10.923569     56.008400
   10.768932     56.066500
   10.612151     56.124600
   10.453130     56.182700
   10.291764     56.240800
   10.127942     56.298900
    9.961542     56.357000
    9.792432     56.415100
    9.620470     56.473200
    9.445499     56.531300
    9.267348     56.589400
    9.085831     56.647500
    8.900742     56.705600
    8.711852     56.763700
    8.518908     56.821800
    8.321628     56.879900
    8.119696     56.938000
    7.912756     56.996100
    7.700403     57.054200
    7.482177     57.112300
    7.257547     57.170400
    7.025899     57.228500
    6.786514     57.286600
    6.538542     57.344700
    6.280966     57.402800
    6.012551     57.460900
    5.731775     57.519000
    5.436722     57.577100
    5.124926     57.635200
    4.793122     57.693300
    4.436822     57.751400
    4.049565     57.809500
    3.621432     57.867600
    3.135725     57.925700
    2.559879     57.983800
    1.809804     58.041900
    0.000000     58.100000
