#kinematics calculation by https://skisickness.com/math-physics/kinematics/
#vertex z = 400, E = 45.4 MeV
#scattered particle
#angle [deg], energy [MeV]
   90.000000      0.000000
   88.186008      0.045400
   87.434201      0.090800
   86.857029      0.136200
   86.370205      0.181600
   85.941090      0.227000
   85.552946      0.272400
   85.195832      0.317800
   84.863271      0.363200
   84.550766      0.408600
   84.255042      0.454000
   83.973630      0.499400
   83.704608      0.544800
   83.446450      0.590200
   83.197919      0.635600
   82.957996      0.681000
   82.725829      0.726400
   82.500696      0.771800
   82.281982      0.817200
   82.069156      0.862600
   81.861755      0.908000
   81.659375      0.953400
   81.461658      0.998800
   81.268287      1.044200
   81.078980      1.089600
   80.893483      1.135000
   80.711567      1.180400
   80.533026      1.225800
   80.357672      1.271200
   80.185335      1.316600
   80.015856      1.362000
   79.849095      1.407400
   79.684917      1.452800
   79.523202      1.498200
   79.363837      1.543600
   79.206718      1.589000
   79.051749      1.634400
   78.898838      1.679800
   78.747901      1.725200
   78.598861      1.770600
   78.451644      1.816000
   78.306180      1.861400
   78.162404      1.906800
   78.020257      1.952200
   77.879680      1.997600
   77.740619      2.043000
   77.603023      2.088400
   77.466843      2.133800
   77.332034      2.179200
   77.198553      2.224600
   77.066358      2.270000
   76.935409      2.315400
   76.805670      2.360800
   76.677105      2.406200
   76.549681      2.451600
   76.423364      2.497000
   76.298124      2.542400
   76.173933      2.587800
   76.050761      2.633200
   75.928582      2.678600
   75.807369      2.724000
   75.687099      2.769400
   75.567748      2.814800
   75.449292      2.860200
   75.331710      2.905600
   75.214982      2.951000
   75.099086      2.996400
   74.984003      3.041800
   74.869715      3.087200
   74.756204      3.132600
   74.643452      3.178000
   74.531443      3.223400
   74.420160      3.268800
   74.309588      3.314200
   74.199711      3.359600
   74.090516      3.405000
   73.981988      3.450400
   73.874113      3.495800
   73.766879      3.541200
   73.660273      3.586600
   73.554282      3.632000
   73.448894      3.677400
   73.344098      3.722800
   73.239882      3.768200
   73.136236      3.813600
   73.033149      3.859000
   72.930611      3.904400
   72.828612      3.949800
   72.727142      3.995200
   72.626192      4.040600
   72.525753      4.086000
   72.425815      4.131400
   72.326371      4.176800
   72.227411      4.222200
   72.128927      4.267600
   72.030913      4.313000
   71.933359      4.358400
   71.836258      4.403800
   71.739604      4.449200
   71.643388      4.494600
   71.547604      4.540000
   71.452245      4.585400
   71.357304      4.630800
   71.262775      4.676200
   71.168651      4.721600
   71.074927      4.767000
   70.981596      4.812400
   70.888653      4.857800
   70.796091      4.903200
   70.703906      4.948600
   70.612091      4.994000
   70.520641      5.039400
   70.429551      5.084800
   70.338816      5.130200
   70.248431      5.175600
   70.158391      5.221000
   70.068691      5.266400
   69.979326      5.311800
   69.890293      5.357200
   69.801585      5.402600
   69.713200      5.448000
   69.625132      5.493400
   69.537378      5.538800
   69.449933      5.584200
   69.362794      5.629600
   69.275955      5.675000
   69.189414      5.720400
   69.103167      5.765800
   69.017210      5.811200
   68.931538      5.856600
   68.846150      5.902000
   68.761040      5.947400
   68.676206      5.992800
   68.591644      6.038200
   68.507351      6.083600
   68.423324      6.129000
   68.339559      6.174400
   68.256053      6.219800
   68.172804      6.265200
   68.089807      6.310600
   68.007061      6.356000
   67.924562      6.401400
   67.842307      6.446800
   67.760294      6.492200
   67.678519      6.537600
   67.596981      6.583000
   67.515676      6.628400
   67.434601      6.673800
   67.353755      6.719200
   67.273134      6.764600
   67.192736      6.810000
   67.112559      6.855400
   67.032600      6.900800
   66.952857      6.946200
   66.873327      6.991600
   66.794008      7.037000
   66.714898      7.082400
   66.635994      7.127800
   66.557295      7.173200
   66.478798      7.218600
   66.400502      7.264000
   66.322403      7.309400
   66.244500      7.354800
   66.166791      7.400200
   66.089274      7.445600
   66.011947      7.491000
   65.934807      7.536400
   65.857854      7.581800
   65.781085      7.627200
   65.704498      7.672600
   65.628092      7.718000
   65.551864      7.763400
   65.475813      7.808800
   65.399937      7.854200
   65.324235      7.899600
   65.248704      7.945000
   65.173344      7.990400
   65.098151      8.035800
   65.023126      8.081200
   64.948265      8.126600
   64.873568      8.172000
   64.799033      8.217400
   64.724658      8.262800
   64.650442      8.308200
   64.576383      8.353600
   64.502480      8.399000
   64.428732      8.444400
   64.355137      8.489800
   64.281693      8.535200
   64.208399      8.580600
   64.135254      8.626000
   64.062256      8.671400
   63.989404      8.716800
   63.916697      8.762200
   63.844133      8.807600
   63.771711      8.853000
   63.699430      8.898400
   63.627289      8.943800
   63.555285      8.989200
   63.483419      9.034600
   63.411688      9.080000
   63.340092      9.125400
   63.268629      9.170800
   63.197298      9.216200
   63.126098      9.261600
   63.055028      9.307000
   62.984087      9.352400
   62.913273      9.397800
   62.842585      9.443200
   62.772023      9.488600
   62.701586      9.534000
   62.631271      9.579400
   62.561078      9.624800
   62.491007      9.670200
   62.421055      9.715600
   62.351223      9.761000
   62.281508      9.806400
   62.211911      9.851800
   62.142429      9.897200
   62.073063      9.942600
   62.003810      9.988000
   61.934670     10.033400
   61.865643     10.078800
   61.796727     10.124200
   61.727920     10.169600
   61.659224     10.215000
   61.590635     10.260400
   61.522154     10.305800
   61.453780     10.351200
   61.385511     10.396600
   61.317348     10.442000
   61.249288     10.487400
   61.181331     10.532800
   61.113477     10.578200
   61.045724     10.623600
   60.978072     10.669000
   60.910519     10.714400
   60.843066     10.759800
   60.775710     10.805200
   60.708452     10.850600
   60.641291     10.896000
   60.574225     10.941400
   60.507255     10.986800
   60.440378     11.032200
   60.373595     11.077600
   60.306905     11.123000
   60.240307     11.168400
   60.173801     11.213800
   60.107384     11.259200
   60.041058     11.304600
   59.974821     11.350000
   59.908672     11.395400
   59.842610     11.440800
   59.776636     11.486200
   59.710748     11.531600
   59.644946     11.577000
   59.579228     11.622400
   59.513595     11.667800
   59.448046     11.713200
   59.382579     11.758600
   59.317195     11.804000
   59.251892     11.849400
   59.186671     11.894800
   59.121529     11.940200
   59.056468     11.985600
   58.991485     12.031000
   58.926581     12.076400
   58.861755     12.121800
   58.797007     12.167200
   58.732334     12.212600
   58.667738     12.258000
   58.603218     12.303400
   58.538772     12.348800
   58.474400     12.394200
   58.410103     12.439600
   58.345878     12.485000
   58.281726     12.530400
   58.217646     12.575800
   58.153637     12.621200
   58.089700     12.666600
   58.025832     12.712000
   57.962035     12.757400
   57.898306     12.802800
   57.834647     12.848200
   57.771055     12.893600
   57.707531     12.939000
   57.644075     12.984400
   57.580685     13.029800
   57.517361     13.075200
   57.454102     13.120600
   57.390909     13.166000
   57.327780     13.211400
   57.264715     13.256800
   57.201714     13.302200
   57.138776     13.347600
   57.075900     13.393000
   57.013086     13.438400
   56.950334     13.483800
   56.887644     13.529200
   56.825013     13.574600
   56.762443     13.620000
   56.699933     13.665400
   56.637482     13.710800
   56.575089     13.756200
   56.512755     13.801600
   56.450479     13.847000
   56.388260     13.892400
   56.326098     13.937800
   56.263992     13.983200
   56.201943     14.028600
   56.139949     14.074000
   56.078011     14.119400
   56.016127     14.164800
   55.954297     14.210200
   55.892521     14.255600
   55.830799     14.301000
   55.769130     14.346400
   55.707513     14.391800
   55.645949     14.437200
   55.584436     14.482600
   55.522975     14.528000
   55.461564     14.573400
   55.400204     14.618800
   55.338895     14.664200
   55.277635     14.709600
   55.216424     14.755000
   55.155262     14.800400
   55.094149     14.845800
   55.033084     14.891200
   54.972067     14.936600
   54.911097     14.982000
   54.850174     15.027400
   54.789297     15.072800
   54.728467     15.118200
   54.667683     15.163600
   54.606944     15.209000
   54.546250     15.254400
   54.485601     15.299800
   54.424997     15.345200
   54.364436     15.390600
   54.303919     15.436000
   54.243445     15.481400
   54.183014     15.526800
   54.122626     15.572200
   54.062280     15.617600
   54.001976     15.663000
   53.941713     15.708400
   53.881491     15.753800
   53.821310     15.799200
   53.761169     15.844600
   53.701069     15.890000
   53.641008     15.935400
   53.580987     15.980800
   53.521004     16.026200
   53.461061     16.071600
   53.401156     16.117000
   53.341289     16.162400
   53.281459     16.207800
   53.221667     16.253200
   53.161912     16.298600
   53.102194     16.344000
   53.042512     16.389400
   52.982866     16.434800
   52.923256     16.480200
   52.863681     16.525600
   52.804142     16.571000
   52.744637     16.616400
   52.685167     16.661800
   52.625731     16.707200
   52.566328     16.752600
   52.506960     16.798000
   52.447624     16.843400
   52.388322     16.888800
   52.329052     16.934200
   52.269814     16.979600
   52.210608     17.025000
   52.151434     17.070400
   52.092292     17.115800
   52.033180     17.161200
   51.974099     17.206600
   51.915049     17.252000
   51.856029     17.297400
   51.797039     17.342800
   51.738078     17.388200
   51.679147     17.433600
   51.620244     17.479000
   51.561371     17.524400
   51.502526     17.569800
   51.443709     17.615200
   51.384920     17.660600
   51.326158     17.706000
   51.267424     17.751400
   51.208717     17.796800
   51.150036     17.842200
   51.091382     17.887600
   51.032754     17.933000
   50.974152     17.978400
   50.915575     18.023800
   50.857024     18.069200
   50.798498     18.114600
   50.739997     18.160000
   50.681520     18.205400
   50.623067     18.250800
   50.564638     18.296200
   50.506233     18.341600
   50.447851     18.387000
   50.389493     18.432400
   50.331157     18.477800
   50.272844     18.523200
   50.214553     18.568600
   50.156285     18.614000
   50.098038     18.659400
   50.039812     18.704800
   49.981608     18.750200
   49.923425     18.795600
   49.865263     18.841000
   49.807121     18.886400
   49.748999     18.931800
   49.690898     18.977200
   49.632815     19.022600
   49.574753     19.068000
   49.516710     19.113400
   49.458685     19.158800
   49.400679     19.204200
   49.342692     19.249600
   49.284723     19.295000
   49.226771     19.340400
   49.168838     19.385800
   49.110921     19.431200
   49.053022     19.476600
   48.995140     19.522000
   48.937274     19.567400
   48.879425     19.612800
   48.821592     19.658200
   48.763775     19.703600
   48.705974     19.749000
   48.648187     19.794400
   48.590417     19.839800
   48.532661     19.885200
   48.474919     19.930600
   48.417192     19.976000
   48.359479     20.021400
   48.301781     20.066800
   48.244095     20.112200
   48.186424     20.157600
   48.128765     20.203000
   48.071120     20.248400
   48.013487     20.293800
   47.955866     20.339200
   47.898258     20.384600
   47.840662     20.430000
   47.783078     20.475400
   47.725505     20.520800
   47.667943     20.566200
   47.610393     20.611600
   47.552853     20.657000
   47.495324     20.702400
   47.437805     20.747800
   47.380296     20.793200
   47.322797     20.838600
   47.265308     20.884000
   47.207828     20.929400
   47.150357     20.974800
   47.092895     21.020200
   47.035441     21.065600
   46.977997     21.111000
   46.920560     21.156400
   46.863131     21.201800
   46.805710     21.247200
   46.748297     21.292600
   46.690891     21.338000
   46.633491     21.383400
   46.576099     21.428800
   46.518713     21.474200
   46.461334     21.519600
   46.403960     21.565000
   46.346593     21.610400
   46.289231     21.655800
   46.231874     21.701200
   46.174523     21.746600
   46.117177     21.792000
   46.059835     21.837400
   46.002498     21.882800
   45.945165     21.928200
   45.887836     21.973600
   45.830511     22.019000
   45.773189     22.064400
   45.715871     22.109800
   45.658556     22.155200
   45.601244     22.200600
   45.543934     22.246000
   45.486627     22.291400
   45.429322     22.336800
   45.372019     22.382200
   45.314717     22.427600
   45.257418     22.473000
   45.200119     22.518400
   45.142821     22.563800
   45.085525     22.609200
   45.028228     22.654600
   44.970933     22.700000
   44.913637     22.745400
   44.856341     22.790800
   44.799045     22.836200
   44.741748     22.881600
   44.684451     22.927000
   44.627152     22.972400
   44.569852     23.017800
   44.512551     23.063200
   44.455248     23.108600
   44.397943     23.154000
   44.340636     23.199400
   44.283326     23.244800
   44.226014     23.290200
   44.168699     23.335600
   44.111381     23.381000
   44.054059     23.426400
   43.996734     23.471800
   43.939405     23.517200
   43.882072     23.562600
   43.824735     23.608000
   43.767394     23.653400
   43.710047     23.698800
   43.652696     23.744200
   43.595340     23.789600
   43.537978     23.835000
   43.480610     23.880400
   43.423237     23.925800
   43.365858     23.971200
   43.308472     24.016600
   43.251080     24.062000
   43.193680     24.107400
   43.136274     24.152800
   43.078861     24.198200
   43.021440     24.243600
   42.964011     24.289000
   42.906575     24.334400
   42.849130     24.379800
   42.791677     24.425200
   42.734215     24.470600
   42.676744     24.516000
   42.619264     24.561400
   42.561775     24.606800
   42.504276     24.652200
   42.446767     24.697600
   42.389248     24.743000
   42.331719     24.788400
   42.274179     24.833800
   42.216629     24.879200
   42.159067     24.924600
   42.101495     24.970000
   42.043910     25.015400
   41.986314     25.060800
   41.928706     25.106200
   41.871086     25.151600
   41.813453     25.197000
   41.755807     25.242400
   41.698149     25.287800
   41.640477     25.333200
   41.582792     25.378600
   41.525093     25.424000
   41.467380     25.469400
   41.409653     25.514800
   41.351912     25.560200
   41.294156     25.605600
   41.236385     25.651000
   41.178599     25.696400
   41.120797     25.741800
   41.062980     25.787200
   41.005147     25.832600
   40.947298     25.878000
   40.889432     25.923400
   40.831550     25.968800
   40.773651     26.014200
   40.715734     26.059600
   40.657800     26.105000
   40.599849     26.150400
   40.541880     26.195800
   40.483892     26.241200
   40.425886     26.286600
   40.367861     26.332000
   40.309818     26.377400
   40.251755     26.422800
   40.193673     26.468200
   40.135571     26.513600
   40.077449     26.559000
   40.019306     26.604400
   39.961144     26.649800
   39.902960     26.695200
   39.844756     26.740600
   39.786530     26.786000
   39.728283     26.831400
   39.670014     26.876800
   39.611722     26.922200
   39.553409     26.967600
   39.495073     27.013000
   39.436714     27.058400
   39.378332     27.103800
   39.319926     27.149200
   39.261497     27.194600
   39.203043     27.240000
   39.144566     27.285400
   39.086064     27.330800
   39.027537     27.376200
   38.968985     27.421600
   38.910408     27.467000
   38.851805     27.512400
   38.793176     27.557800
   38.734521     27.603200
   38.675840     27.648600
   38.617131     27.694000
   38.558396     27.739400
   38.499634     27.784800
   38.440844     27.830200
   38.382026     27.875600
   38.323179     27.921000
   38.264305     27.966400
   38.205401     28.011800
   38.146469     28.057200
   38.087507     28.102600
   38.028515     28.148000
   37.969494     28.193400
   37.910442     28.238800
   37.851360     28.284200
   37.792247     28.329600
   37.733103     28.375000
   37.673928     28.420400
   37.614720     28.465800
   37.555481     28.511200
   37.496209     28.556600
   37.436905     28.602000
   37.377568     28.647400
   37.318197     28.692800
   37.258793     28.738200
   37.199355     28.783600
   37.139883     28.829000
   37.080376     28.874400
   37.020834     28.919800
   36.961257     28.965200
   36.901645     29.010600
   36.841997     29.056000
   36.782313     29.101400
   36.722592     29.146800
   36.662835     29.192200
   36.603040     29.237600
   36.543208     29.283000
   36.483338     29.328400
   36.423430     29.373800
   36.363484     29.419200
   36.303498     29.464600
   36.243474     29.510000
   36.183410     29.555400
   36.123307     29.600800
   36.063163     29.646200
   36.002979     29.691600
   35.942754     29.737000
   35.882487     29.782400
   35.822180     29.827800
   35.761830     29.873200
   35.701438     29.918600
   35.641003     29.964000
   35.580525     30.009400
   35.520004     30.054800
   35.459440     30.100200
   35.398831     30.145600
   35.338178     30.191000
   35.277480     30.236400
   35.216737     30.281800
   35.155948     30.327200
   35.095113     30.372600
   35.034232     30.418000
   34.973304     30.463400
   34.912329     30.508800
   34.851307     30.554200
   34.790237     30.599600
   34.729118     30.645000
   34.667951     30.690400
   34.606735     30.735800
   34.545470     30.781200
   34.484154     30.826600
   34.422788     30.872000
   34.361372     30.917400
   34.299905     30.962800
   34.238386     31.008200
   34.176815     31.053600
   34.115192     31.099000
   34.053516     31.144400
   33.991787     31.189800
   33.930005     31.235200
   33.868168     31.280600
   33.806277     31.326000
   33.744331     31.371400
   33.682330     31.416800
   33.620273     31.462200
   33.558160     31.507600
   33.495990     31.553000
   33.433763     31.598400
   33.371479     31.643800
   33.309136     31.689200
   33.246735     31.734600
   33.184275     31.780000
   33.121756     31.825400
   33.059177     31.870800
   32.996538     31.916200
   32.933838     31.961600
   32.871076     32.007000
   32.808253     32.052400
   32.745367     32.097800
   32.682419     32.143200
   32.619408     32.188600
   32.556333     32.234000
   32.493193     32.279400
   32.429989     32.324800
   32.366719     32.370200
   32.303384     32.415600
   32.239983     32.461000
   32.176515     32.506400
   32.112979     32.551800
   32.049375     32.597200
   31.985704     32.642600
   31.921963     32.688000
   31.858153     32.733400
   31.794272     32.778800
   31.730322     32.824200
   31.666300     32.869600
   31.602206     32.915000
   31.538040     32.960400
   31.473801     33.005800
   31.409489     33.051200
   31.345103     33.096600
   31.280643     33.142000
   31.216107     33.187400
   31.151496     33.232800
   31.086808     33.278200
   31.022043     33.323600
   30.957201     33.369000
   30.892281     33.414400
   30.827282     33.459800
   30.762203     33.505200
   30.697045     33.550600
   30.631805     33.596000
   30.566485     33.641400
   30.501082     33.686800
   30.435597     33.732200
   30.370029     33.777600
   30.304377     33.823000
   30.238640     33.868400
   30.172818     33.913800
   30.106910     33.959200
   30.040915     34.004600
   29.974833     34.050000
   29.908663     34.095400
   29.842405     34.140800
   29.776056     34.186200
   29.709618     34.231600
   29.643089     34.277000
   29.576468     34.322400
   29.509754     34.367800
   29.442948     34.413200
   29.376047     34.458600
   29.309052     34.504000
   29.241962     34.549400
   29.174775     34.594800
   29.107492     34.640200
   29.040110     34.685600
   28.972630     34.731000
   28.905051     34.776400
   28.837371     34.821800
   28.769590     34.867200
   28.701708     34.912600
   28.633722     34.958000
   28.565633     35.003400
   28.497440     35.048800
   28.429141     35.094200
   28.360736     35.139600
   28.292224     35.185000
   28.223604     35.230400
   28.154875     35.275800
   28.086037     35.321200
   28.017087     35.366600
   27.948026     35.412000
   27.878852     35.457400
   27.809565     35.502800
   27.740163     35.548200
   27.670645     35.593600
   27.601011     35.639000
   27.531259     35.684400
   27.461389     35.729800
   27.391399     35.775200
   27.321289     35.820600
   27.251057     35.866000
   27.180702     35.911400
   27.110223     35.956800
   27.039620     36.002200
   26.968890     36.047600
   26.898034     36.093000
   26.827049     36.138400
   26.755935     36.183800
   26.684690     36.229200
   26.613314     36.274600
   26.541804     36.320000
   26.470161     36.365400
   26.398382     36.410800
   26.326467     36.456200
   26.254414     36.501600
   26.182223     36.547000
   26.109891     36.592400
   26.037417     36.637800
   25.964800     36.683200
   25.892040     36.728600
   25.819134     36.774000
   25.746081     36.819400
   25.672879     36.864800
   25.599529     36.910200
   25.526027     36.955600
   25.452372     37.001000
   25.378564     37.046400
   25.304601     37.091800
   25.230480     37.137200
   25.156201     37.182600
   25.081763     37.228000
   25.007163     37.273400
   24.932400     37.318800
   24.857472     37.364200
   24.782379     37.409600
   24.707117     37.455000
   24.631686     37.500400
   24.556084     37.545800
   24.480309     37.591200
   24.404359     37.636600
   24.328234     37.682000
   24.251930     37.727400
   24.175446     37.772800
   24.098780     37.818200
   24.021931     37.863600
   23.944896     37.909000
   23.867674     37.954400
   23.790263     37.999800
   23.712660     38.045200
   23.634865     38.090600
   23.556873     38.136000
   23.478685     38.181400
   23.400297     38.226800
   23.321707     38.272200
   23.242913     38.317600
   23.163914     38.363000
   23.084706     38.408400
   23.005288     38.453800
   22.925657     38.499200
   22.845811     38.544600
   22.765747     38.590000
   22.685464     38.635400
   22.604958     38.680800
   22.524227     38.726200
   22.443269     38.771600
   22.362080     38.817000
   22.280660     38.862400
   22.199003     38.907800
   22.117109     38.953200
   22.034974     38.998600
   21.952595     39.044000
   21.869970     39.089400
   21.787095     39.134800
   21.703968     39.180200
   21.620585     39.225600
   21.536944     39.271000
   21.453042     39.316400
   21.368874     39.361800
   21.284438     39.407200
   21.199731     39.452600
   21.114749     39.498000
   21.029488     39.543400
   20.943946     39.588800
   20.858118     39.634200
   20.772002     39.679600
   20.685592     39.725000
   20.598886     39.770400
   20.511879     39.815800
   20.424568     39.861200
   20.336949     39.906600
   20.249017     39.952000
   20.160768     39.997400
   20.072198     40.042800
   19.983302     40.088200
   19.894077     40.133600
   19.804517     40.179000
   19.714617     40.224400
   19.624374     40.269800
   19.533781     40.315200
   19.442835     40.360600
   19.351530     40.406000
   19.259860     40.451400
   19.167821     40.496800
   19.075407     40.542200
   18.982611     40.587600
   18.889430     40.633000
   18.795856     40.678400
   18.701884     40.723800
   18.607508     40.769200
   18.512720     40.814600
   18.417515     40.860000
   18.321887     40.905400
   18.225828     40.950800
   18.129331     40.996200
   18.032389     41.041600
   17.934995     41.087000
   17.837142     41.132400
   17.738821     41.177800
   17.640025     41.223200
   17.540745     41.268600
   17.440973     41.314000
   17.340701     41.359400
   17.239919     41.404800
   17.138619     41.450200
   17.036791     41.495600
   16.934425     41.541000
   16.831512     41.586400
   16.728041     41.631800
   16.624002     41.677200
   16.519384     41.722600
   16.414175     41.768000
   16.308365     41.813400
   16.201941     41.858800
   16.094890     41.904200
   15.987201     41.949600
   15.878860     41.995000
   15.769853     42.040400
   15.660167     42.085800
   15.549786     42.131200
   15.438696     42.176600
   15.326882     42.222000
   15.214327     42.267400
   15.101014     42.312800
   14.986927     42.358200
   14.872047     42.403600
   14.756355     42.449000
   14.639832     42.494400
   14.522459     42.539800
   14.404213     42.585200
   14.285074     42.630600
   14.165018     42.676000
   14.044022     42.721400
   13.922062     42.766800
   13.799111     42.812200
   13.675143     42.857600
   13.550129     42.903000
   13.424041     42.948400
   13.296847     42.993800
   13.168515     43.039200
   13.039012     43.084600
   12.908302     43.130000
   12.776348     43.175400
   12.643111     43.220800
   12.508550     43.266200
   12.372621     43.311600
   12.235278     43.357000
   12.096474     43.402400
   11.956157     43.447800
   11.814273     43.493200
   11.670765     43.538600
   11.525572     43.584000
   11.378630     43.629400
   11.229868     43.674800
   11.079215     43.720200
   10.926592     43.765600
   10.771914     43.811000
   10.615091     43.856400
   10.456028     43.901800
   10.294620     43.947200
   10.130754     43.992600
    9.964309     44.038000
    9.795155     44.083400
    9.623146     44.128800
    9.448128     44.174200
    9.269930     44.219600
    9.088364     44.265000
    8.903225     44.310400
    8.714283     44.355800
    8.521287     44.401200
    8.323954     44.446600
    8.121967     44.492000
    7.914971     44.537400
    7.702560     44.582800
    7.484274     44.628200
    7.259583     44.673600
    7.027871     44.719000
    6.788420     44.764400
    6.540380     44.809800
    6.282732     44.855200
    6.014243     44.900600
    5.733389     44.946000
    5.438254     44.991400
    5.126372     45.036800
    4.794475     45.082200
    4.438075     45.127600
    4.050709     45.173000
    3.622456     45.218400
    3.136613     45.263800
    2.560604     45.309200
    1.810317     45.354600
    0.000000     45.400000
