#kinematics calculation by https://skisickness.com/math-physics/kinematics/
#vertex z = 200, E = 55.1 MeV
#scattered particle
#angle [deg], energy [MeV]
   90.000000      0.000000
   88.185615      0.055100
   87.433647      0.110200
   86.856349      0.165300
   86.369421      0.220400
   85.940214      0.275500
   85.551987      0.330600
   85.194796      0.385700
   84.862164      0.440800
   84.549593      0.495900
   84.253807      0.551000
   83.972334      0.606100
   83.703255      0.661200
   83.445043      0.716300
   83.196460      0.771400
   82.956487      0.826500
   82.724270      0.881600
   82.499090      0.936700
   82.280331      0.991800
   82.067460      1.046900
   81.860016      1.102000
   81.657594      1.157100
   81.459836      1.212200
   81.266426      1.267300
   81.077080      1.322400
   80.891544      1.377500
   80.709591      1.432600
   80.531014      1.487700
   80.355624      1.542800
   80.183251      1.597900
   80.013738      1.653000
   79.846942      1.708100
   79.682731      1.763200
   79.520984      1.818300
   79.361587      1.873400
   79.204436      1.928500
   79.049435      1.983600
   78.896493      2.038700
   78.745527      2.093800
   78.596457      2.148900
   78.449210      2.204000
   78.303717      2.259100
   78.159913      2.314200
   78.017738      2.369300
   77.877133      2.424400
   77.738044      2.479500
   77.600421      2.534600
   77.464215      2.589700
   77.329380      2.644800
   77.195872      2.699900
   77.063651      2.755000
   76.932677      2.810100
   76.802913      2.865200
   76.674323      2.920300
   76.546874      2.975400
   76.420533      3.030500
   76.295269      3.085600
   76.171054      3.140700
   76.047858      3.195800
   75.925656      3.250900
   75.804420      3.306000
   75.684127      3.361100
   75.564753      3.416200
   75.446275      3.471300
   75.328671      3.526400
   75.211920      3.581500
   75.096003      3.636600
   74.980899      3.691700
   74.866589      3.746800
   74.753057      3.801900
   74.640284      3.857000
   74.528254      3.912100
   74.416950      3.967200
   74.306357      4.022300
   74.196461      4.077400
   74.087245      4.132500
   73.978697      4.187600
   73.870803      4.242700
   73.763549      4.297800
   73.656923      4.352900
   73.550913      4.408000
   73.445506      4.463100
   73.340691      4.518200
   73.236456      4.573300
   73.132792      4.628400
   73.029687      4.683500
   72.927130      4.738600
   72.825113      4.793700
   72.723625      4.848800
   72.622657      4.903900
   72.522199      4.959000
   72.422244      5.014100
   72.322782      5.069200
   72.223804      5.124300
   72.125304      5.179400
   72.027272      5.234500
   71.929701      5.289600
   71.832583      5.344700
   71.735912      5.399800
   71.639679      5.454900
   71.543879      5.510000
   71.448503      5.565100
   71.353546      5.620200
   71.259001      5.675300
   71.164861      5.730400
   71.071121      5.785500
   70.977774      5.840600
   70.884815      5.895700
   70.792238      5.950800
   70.700036      6.005900
   70.608206      6.061000
   70.516741      6.116100
   70.425635      6.171200
   70.334885      6.226300
   70.244485      6.281400
   70.154430      6.336500
   70.064715      6.391600
   69.975336      6.446700
   69.886287      6.501800
   69.797565      6.556900
   69.709165      6.612000
   69.621083      6.667100
   69.533315      6.722200
   69.445855      6.777300
   69.358702      6.832400
   69.271849      6.887500
   69.185294      6.942600
   69.099033      6.997700
   69.013062      7.052800
   68.927376      7.107900
   68.841974      7.163000
   68.756851      7.218100
   68.672003      7.273200
   68.587428      7.328300
   68.503122      7.383400
   68.419081      7.438500
   68.335303      7.493600
   68.251784      7.548700
   68.168521      7.603800
   68.085512      7.658900
   68.002753      7.714000
   67.920241      7.769100
   67.837973      7.824200
   67.755948      7.879300
   67.674161      7.934400
   67.592610      7.989500
   67.511292      8.044600
   67.430205      8.099700
   67.349346      8.154800
   67.268713      8.209900
   67.188303      8.265000
   67.108114      8.320100
   67.028143      8.375200
   66.948387      8.430300
   66.868845      8.485400
   66.789515      8.540500
   66.710393      8.595600
   66.631478      8.650700
   66.552767      8.705800
   66.474259      8.760900
   66.395950      8.816000
   66.317840      8.871100
   66.239926      8.926200
   66.162205      8.981300
   66.084677      9.036400
   66.007338      9.091500
   65.930188      9.146600
   65.853224      9.201700
   65.776443      9.256800
   65.699846      9.311900
   65.623428      9.367000
   65.547190      9.422100
   65.471128      9.477200
   65.395242      9.532300
   65.319529      9.587400
   65.243987      9.642500
   65.168616      9.697600
   65.093413      9.752700
   65.018377      9.807800
   64.943506      9.862900
   64.868798      9.918000
   64.794253      9.973100
   64.719868     10.028200
   64.645642     10.083300
   64.571573     10.138400
   64.497660     10.193500
   64.423902     10.248600
   64.350296     10.303700
   64.276842     10.358800
   64.203539     10.413900
   64.130384     10.469000
   64.057376     10.524100
   63.984515     10.579200
   63.911798     10.634300
   63.839224     10.689400
   63.766793     10.744500
   63.694502     10.799600
   63.622351     10.854700
   63.550338     10.909800
   63.478462     10.964900
   63.406722     11.020000
   63.335117     11.075100
   63.263645     11.130200
   63.192305     11.185300
   63.121096     11.240400
   63.050017     11.295500
   62.979066     11.350600
   62.908243     11.405700
   62.837547     11.460800
   62.766976     11.515900
   62.696529     11.571000
   62.626206     11.626100
   62.556005     11.681200
   62.485924     11.736300
   62.415964     11.791400
   62.346123     11.846500
   62.276400     11.901600
   62.206794     11.956700
   62.137304     12.011800
   62.067929     12.066900
   61.998668     12.122000
   61.929520     12.177100
   61.860484     12.232200
   61.791559     12.287300
   61.722745     12.342400
   61.654040     12.397500
   61.585444     12.452600
   61.516955     12.507700
   61.448572     12.562800
   61.380296     12.617900
   61.312124     12.673000
   61.244056     12.728100
   61.176092     12.783200
   61.108229     12.838300
   61.040469     12.893400
   60.972809     12.948500
   60.905248     13.003600
   60.837787     13.058700
   60.770424     13.113800
   60.703159     13.168900
   60.635990     13.224000
   60.568916     13.279100
   60.501938     13.334200
   60.435055     13.389300
   60.368264     13.444400
   60.301567     13.499500
   60.234961     13.554600
   60.168447     13.609700
   60.102024     13.664800
   60.035690     13.719900
   59.969446     13.775000
   59.903290     13.830100
   59.837221     13.885200
   59.771240     13.940300
   59.705345     13.995400
   59.639536     14.050500
   59.573811     14.105600
   59.508171     14.160700
   59.442615     14.215800
   59.377142     14.270900
   59.311750     14.326000
   59.246441     14.381100
   59.181213     14.436200
   59.116065     14.491300
   59.050997     14.546400
   58.986007     14.601500
   58.921097     14.656600
   58.856264     14.711700
   58.791509     14.766800
   58.726830     14.821900
   58.662228     14.877000
   58.597701     14.932100
   58.533249     14.987200
   58.468871     15.042300
   58.404567     15.097400
   58.340336     15.152500
   58.276178     15.207600
   58.212092     15.262700
   58.148077     15.317800
   58.084133     15.372900
   58.020259     15.428000
   57.956456     15.483100
   57.892721     15.538200
   57.829056     15.593300
   57.765458     15.648400
   57.701929     15.703500
   57.638466     15.758600
   57.575070     15.813700
   57.511740     15.868800
   57.448476     15.923900
   57.385277     15.979000
   57.322142     16.034100
   57.259072     16.089200
   57.196065     16.144300
   57.133121     16.199400
   57.070240     16.254500
   57.007421     16.309600
   56.944663     16.364700
   56.881967     16.419800
   56.819331     16.474900
   56.756756     16.530000
   56.694240     16.585100
   56.631783     16.640200
   56.569386     16.695300
   56.507046     16.750400
   56.444765     16.805500
   56.382541     16.860600
   56.320373     16.915700
   56.258263     16.970800
   56.196208     17.025900
   56.134209     17.081000
   56.072266     17.136100
   56.010377     17.191200
   55.948542     17.246300
   55.886761     17.301400
   55.825034     17.356500
   55.763360     17.411600
   55.701738     17.466700
   55.640169     17.521800
   55.578652     17.576900
   55.517185     17.632000
   55.455770     17.687100
   55.394406     17.742200
   55.333091     17.797300
   55.271826     17.852400
   55.210611     17.907500
   55.149445     17.962600
   55.088327     18.017700
   55.027257     18.072800
   54.966236     18.127900
   54.905261     18.183000
   54.844334     18.238100
   54.783453     18.293200
   54.722618     18.348300
   54.661830     18.403400
   54.601087     18.458500
   54.540389     18.513600
   54.479735     18.568700
   54.419126     18.623800
   54.358562     18.678900
   54.298040     18.734000
   54.237562     18.789100
   54.177127     18.844200
   54.116735     18.899300
   54.056385     18.954400
   53.996076     19.009500
   53.935809     19.064600
   53.875584     19.119700
   53.815399     19.174800
   53.755254     19.229900
   53.695150     19.285000
   53.635085     19.340100
   53.575060     19.395200
   53.515074     19.450300
   53.455126     19.505400
   53.395218     19.560500
   53.335347     19.615600
   53.275513     19.670700
   53.215718     19.725800
   53.155959     19.780900
   53.096237     19.836000
   53.036552     19.891100
   52.976902     19.946200
   52.917289     20.001300
   52.857711     20.056400
   52.798168     20.111500
   52.738659     20.166600
   52.679186     20.221700
   52.619746     20.276800
   52.560341     20.331900
   52.500968     20.387000
   52.441630     20.442100
   52.382324     20.497200
   52.323051     20.552300
   52.263810     20.607400
   52.204601     20.662500
   52.145423     20.717600
   52.086278     20.772700
   52.027163     20.827800
   51.968079     20.882900
   51.909026     20.938000
   51.850003     20.993100
   51.791009     21.048200
   51.732046     21.103300
   51.673112     21.158400
   51.614206     21.213500
   51.555330     21.268600
   51.496482     21.323700
   51.437662     21.378800
   51.378870     21.433900
   51.320106     21.489000
   51.261369     21.544100
   51.202659     21.599200
   51.143975     21.654300
   51.085319     21.709400
   51.026688     21.764500
   50.968083     21.819600
   50.909504     21.874700
   50.850950     21.929800
   50.792422     21.984900
   50.733918     22.040000
   50.675438     22.095100
   50.616983     22.150200
   50.558552     22.205300
   50.500144     22.260400
   50.441760     22.315500
   50.383399     22.370600
   50.325061     22.425700
   50.266746     22.480800
   50.208453     22.535900
   50.150182     22.591000
   50.091933     22.646100
   50.033705     22.701200
   49.975499     22.756300
   49.917314     22.811400
   49.859149     22.866500
   49.801005     22.921600
   49.742881     22.976700
   49.684778     23.031800
   49.626694     23.086900
   49.568629     23.142000
   49.510584     23.197100
   49.452557     23.252200
   49.394549     23.307300
   49.336560     23.362400
   49.278589     23.417500
   49.220636     23.472600
   49.162700     23.527700
   49.104782     23.582800
   49.046881     23.637900
   48.988997     23.693000
   48.931130     23.748100
   48.873279     23.803200
   48.815444     23.858300
   48.757626     23.913400
   48.699823     23.968500
   48.642035     24.023600
   48.584262     24.078700
   48.526505     24.133800
   48.468762     24.188900
   48.411033     24.244000
   48.353319     24.299100
   48.295619     24.354200
   48.237932     24.409300
   48.180259     24.464400
   48.122599     24.519500
   48.064952     24.574600
   48.007318     24.629700
   47.949697     24.684800
   47.892087     24.739900
   47.834490     24.795000
   47.776904     24.850100
   47.719330     24.905200
   47.661767     24.960300
   47.604216     25.015400
   47.546675     25.070500
   47.489144     25.125600
   47.431624     25.180700
   47.374114     25.235800
   47.316614     25.290900
   47.259124     25.346000
   47.201643     25.401100
   47.144171     25.456200
   47.086708     25.511300
   47.029254     25.566400
   46.971808     25.621500
   46.914371     25.676600
   46.856941     25.731700
   46.799520     25.786800
   46.742105     25.841900
   46.684698     25.897000
   46.627299     25.952100
   46.569906     26.007200
   46.512519     26.062300
   46.455139     26.117400
   46.397765     26.172500
   46.340397     26.227600
   46.283034     26.282700
   46.225677     26.337800
   46.168325     26.392900
   46.110979     26.448000
   46.053636     26.503100
   45.996299     26.558200
   45.938966     26.613300
   45.881636     26.668400
   45.824311     26.723500
   45.766989     26.778600
   45.709670     26.833700
   45.652355     26.888800
   45.595042     26.943900
   45.537732     26.999000
   45.480425     27.054100
   45.423120     27.109200
   45.365817     27.164300
   45.308515     27.219400
   45.251215     27.274500
   45.193916     27.329600
   45.136619     27.384700
   45.079322     27.439800
   45.022026     27.494900
   44.964730     27.550000
   44.907434     27.605100
   44.850138     27.660200
   44.792842     27.715300
   44.735546     27.770400
   44.678248     27.825500
   44.620950     27.880600
   44.563650     27.935700
   44.506349     27.990800
   44.449046     28.045900
   44.391741     28.101000
   44.334434     28.156100
   44.277125     28.211200
   44.219813     28.266300
   44.162499     28.321400
   44.105181     28.376500
   44.047860     28.431600
   43.990535     28.486700
   43.933207     28.541800
   43.875874     28.596900
   43.818538     28.652000
   43.761197     28.707100
   43.703851     28.762200
   43.646500     28.817300
   43.589144     28.872400
   43.531783     28.927500
   43.474416     28.982600
   43.417044     29.037700
   43.359665     29.092800
   43.302280     29.147900
   43.244888     29.203000
   43.187490     29.258100
   43.130085     29.313200
   43.072672     29.368300
   43.015252     29.423400
   42.957824     29.478500
   42.900389     29.533600
   42.842945     29.588700
   42.785492     29.643800
   42.728032     29.698900
   42.670562     29.754000
   42.613083     29.809100
   42.555595     29.864200
   42.498097     29.919300
   42.440589     29.974400
   42.383071     30.029500
   42.325543     30.084600
   42.268005     30.139700
   42.210456     30.194800
   42.152895     30.249900
   42.095324     30.305000
   42.037741     30.360100
   41.980146     30.415200
   41.922539     30.470300
   41.864920     30.525400
   41.807288     30.580500
   41.749644     30.635600
   41.691987     30.690700
   41.634317     30.745800
   41.576633     30.800900
   41.518936     30.856000
   41.461225     30.911100
   41.403499     30.966200
   41.345760     31.021300
   41.288005     31.076400
   41.230236     31.131500
   41.172451     31.186600
   41.114651     31.241700
   41.056836     31.296800
   40.999005     31.351900
   40.941157     31.407000
   40.883293     31.462100
   40.825413     31.517200
   40.767515     31.572300
   40.709601     31.627400
   40.651669     31.682500
   40.593719     31.737600
   40.535752     31.792700
   40.477766     31.847800
   40.419762     31.902900
   40.361740     31.958000
   40.303698     32.013100
   40.245637     32.068200
   40.187557     32.123300
   40.129457     32.178400
   40.071337     32.233500
   40.013197     32.288600
   39.955037     32.343700
   39.896856     32.398800
   39.838653     32.453900
   39.780430     32.509000
   39.722185     32.564100
   39.663918     32.619200
   39.605629     32.674300
   39.547318     32.729400
   39.488984     32.784500
   39.430628     32.839600
   39.372248     32.894700
   39.313845     32.949800
   39.255418     33.004900
   39.196967     33.060000
   39.138492     33.115100
   39.079993     33.170200
   39.021469     33.225300
   38.962919     33.280400
   38.904345     33.335500
   38.845744     33.390600
   38.787118     33.445700
   38.728466     33.500800
   38.669788     33.555900
   38.611082     33.611000
   38.552350     33.666100
   38.493590     33.721200
   38.434803     33.776300
   38.375988     33.831400
   38.317144     33.886500
   38.258273     33.941600
   38.199372     33.996700
   38.140443     34.051800
   38.081484     34.106900
   38.022496     34.162000
   37.963477     34.217100
   37.904429     34.272200
   37.845350     34.327300
   37.786240     34.382400
   37.727099     34.437500
   37.667927     34.492600
   37.608723     34.547700
   37.549487     34.602800
   37.490218     34.657900
   37.430917     34.713000
   37.371583     34.768100
   37.312216     34.823200
   37.252815     34.878300
   37.193381     34.933400
   37.133912     34.988500
   37.074409     35.043600
   37.014871     35.098700
   36.955297     35.153800
   36.895689     35.208900
   36.836044     35.264000
   36.776364     35.319100
   36.716647     35.374200
   36.656893     35.429300
   36.597102     35.484400
   36.537274     35.539500
   36.477408     35.594600
   36.417503     35.649700
   36.357561     35.704800
   36.297579     35.759900
   36.237559     35.815000
   36.177499     35.870100
   36.117400     35.925200
   36.057260     35.980300
   35.997080     36.035400
   35.936859     36.090500
   35.876596     36.145600
   35.816293     36.200700
   35.755947     36.255800
   35.695559     36.310900
   35.635129     36.366000
   35.574655     36.421100
   35.514138     36.476200
   35.453578     36.531300
   35.392974     36.586400
   35.332325     36.641500
   35.271631     36.696600
   35.210892     36.751700
   35.150108     36.806800
   35.089278     36.861900
   35.028401     36.917000
   34.967478     36.972100
   34.906507     37.027200
   34.845490     37.082300
   34.784424     37.137400
   34.723310     37.192500
   34.662148     37.247600
   34.600936     37.302700
   34.539676     37.357800
   34.478365     37.412900
   34.417004     37.468000
   34.355592     37.523100
   34.294130     37.578200
   34.232616     37.633300
   34.171050     37.688400
   34.109432     37.743500
   34.047761     37.798600
   33.986037     37.853700
   33.924259     37.908800
   33.862428     37.963900
   33.800542     38.019000
   33.738601     38.074100
   33.676605     38.129200
   33.614553     38.184300
   33.552445     38.239400
   33.490281     38.294500
   33.428059     38.349600
   33.365780     38.404700
   33.303443     38.459800
   33.241048     38.514900
   33.178593     38.570000
   33.116079     38.625100
   33.053506     38.680200
   32.990872     38.735300
   32.928177     38.790400
   32.865421     38.845500
   32.802604     38.900600
   32.739724     38.955700
   32.676781     39.010800
   32.613776     39.065900
   32.550706     39.121000
   32.487572     39.176100
   32.424374     39.231200
   32.361110     39.286300
   32.297781     39.341400
   32.234385     39.396500
   32.170923     39.451600
   32.107393     39.506700
   32.043796     39.561800
   31.980130     39.616900
   31.916396     39.672000
   31.852591     39.727100
   31.788717     39.782200
   31.724773     39.837300
   31.660757     39.892400
   31.596670     39.947500
   31.532510     40.002600
   31.468278     40.057700
   31.403972     40.112800
   31.339592     40.167900
   31.275138     40.223000
   31.210609     40.278100
   31.146004     40.333200
   31.081323     40.388300
   31.016565     40.443400
   30.951729     40.498500
   30.886815     40.553600
   30.821823     40.608700
   30.756751     40.663800
   30.691599     40.718900
   30.626367     40.774000
   30.561053     40.829100
   30.495657     40.884200
   30.430179     40.939300
   30.364618     40.994400
   30.298973     41.049500
   30.233243     41.104600
   30.167428     41.159700
   30.101527     41.214800
   30.035539     41.269900
   29.969465     41.325000
   29.903302     41.380100
   29.837050     41.435200
   29.770709     41.490300
   29.704278     41.545400
   29.637756     41.600500
   29.571143     41.655600
   29.504437     41.710700
   29.437638     41.765800
   29.370745     41.820900
   29.303757     41.876000
   29.236674     41.931100
   29.169495     41.986200
   29.102219     42.041300
   29.034846     42.096400
   28.967373     42.151500
   28.899802     42.206600
   28.832130     42.261700
   28.764357     42.316800
   28.696482     42.371900
   28.628505     42.427000
   28.560424     42.482100
   28.492238     42.537200
   28.423948     42.592300
   28.355551     42.647400
   28.287047     42.702500
   28.218435     42.757600
   28.149715     42.812700
   28.080884     42.867800
   28.011943     42.922900
   27.942890     42.978000
   27.873725     43.033100
   27.804446     43.088200
   27.735052     43.143300
   27.665543     43.198400
   27.595918     43.253500
   27.526175     43.308600
   27.456313     43.363700
   27.386332     43.418800
   27.316231     43.473900
   27.246007     43.529000
   27.175661     43.584100
   27.105192     43.639200
   27.034597     43.694300
   26.963877     43.749400
   26.893029     43.804500
   26.822053     43.859600
   26.750948     43.914700
   26.679713     43.969800
   26.608345     44.024900
   26.536845     44.080000
   26.465211     44.135100
   26.393442     44.190200
   26.321537     44.245300
   26.249493     44.300400
   26.177311     44.355500
   26.104988     44.410600
   26.032524     44.465700
   25.959918     44.520800
   25.887167     44.575900
   25.814270     44.631000
   25.741227     44.686100
   25.668036     44.741200
   25.594695     44.796300
   25.521203     44.851400
   25.447559     44.906500
   25.373761     44.961600
   25.299807     45.016700
   25.225697     45.071800
   25.151429     45.126900
   25.077000     45.182000
   25.002411     45.237100
   24.927658     45.292200
   24.852741     45.347300
   24.777658     45.402400
   24.702407     45.457500
   24.626986     45.512600
   24.551395     45.567700
   24.475631     45.622800
   24.399692     45.677900
   24.323577     45.733000
   24.247284     45.788100
   24.170811     45.843200
   24.094157     45.898300
   24.017319     45.953400
   23.940295     46.008500
   23.863084     46.063600
   23.785684     46.118700
   23.708093     46.173800
   23.630309     46.228900
   23.552329     46.284000
   23.474152     46.339100
   23.395775     46.394200
   23.317197     46.449300
   23.238415     46.504400
   23.159428     46.559500
   23.080232     46.614600
   23.000825     46.669700
   22.921206     46.724800
   22.841372     46.779900
   22.761321     46.835000
   22.681050     46.890100
   22.600556     46.945200
   22.519837     47.000300
   22.438892     47.055400
   22.357716     47.110500
   22.276308     47.165600
   22.194664     47.220700
   22.112782     47.275800
   22.030660     47.330900
   21.948294     47.386000
   21.865682     47.441100
   21.782820     47.496200
   21.699706     47.551300
   21.616336     47.606400
   21.532709     47.661500
   21.448819     47.716600
   21.364665     47.771700
   21.280242     47.826800
   21.195549     47.881900
   21.110580     47.937000
   21.025333     47.992100
   20.939805     48.047200
   20.853991     48.102300
   20.767888     48.157400
   20.681493     48.212500
   20.594801     48.267600
   20.507808     48.322700
   20.420512     48.377800
   20.332907     48.432900
   20.244989     48.488000
   20.156755     48.543100
   20.068199     48.598200
   19.979318     48.653300
   19.890108     48.708400
   19.800562     48.763500
   19.710678     48.818600
   19.620450     48.873700
   19.529872     48.928800
   19.438941     48.983900
   19.347652     49.039000
   19.255997     49.094100
   19.163974     49.149200
   19.071575     49.204300
   18.978796     49.259400
   18.885630     49.314500
   18.792073     49.369600
   18.698117     49.424700
   18.603756     49.479800
   18.508985     49.534900
   18.413797     49.590000
   18.318185     49.645100
   18.222143     49.700200
   18.125663     49.755300
   18.028738     49.810400
   17.931361     49.865500
   17.833525     49.920600
   17.735221     49.975700
   17.636442     50.030800
   17.537180     50.085900
   17.437426     50.141000
   17.337172     50.196100
   17.236408     50.251200
   17.135126     50.306300
   17.033316     50.361400
   16.930969     50.416500
   16.828074     50.471600
   16.724622     50.526700
   16.620602     50.581800
   16.516002     50.636900
   16.410813     50.692000
   16.305022     50.747100
   16.198617     50.802200
   16.091586     50.857300
   15.983917     50.912400
   15.875595     50.967500
   15.766609     51.022600
   15.656943     51.077700
   15.546582     51.132800
   15.435513     51.187900
   15.323720     51.243000
   15.211186     51.298100
   15.097894     51.353200
   14.983828     51.408300
   14.868970     51.463400
   14.753300     51.518500
   14.636799     51.573600
   14.519448     51.628700
   14.401224     51.683800
   14.282108     51.738900
   14.162075     51.794000
   14.041102     51.849100
   13.919165     51.904200
   13.796238     51.959300
   13.672293     52.014400
   13.547304     52.069500
   13.421239     52.124600
   13.294070     52.179700
   13.165763     52.234800
   13.036285     52.289900
   12.905601     52.345000
   12.773673     52.400100
   12.640462     52.455200
   12.505927     52.510300
   12.370025     52.565400
   12.232709     52.620500
   12.093932     52.675600
   11.953643     52.730700
   11.811787     52.785800
   11.668308     52.840900
   11.523144     52.896000
   11.376230     52.951100
   11.227499     53.006200
   11.076876     53.061300
   10.924283     53.116400
   10.769636     53.171500
   10.612845     53.226600
   10.453814     53.281700
   10.292439     53.336800
   10.128606     53.391900
    9.962195     53.447000
    9.793075     53.502100
    9.621102     53.557200
    9.446120     53.612300
    9.267958     53.667400
    9.086430     53.722500
    8.901328     53.777600
    8.712426     53.832700
    8.519470     53.887800
    8.322177     53.942900
    8.120233     53.998000
    7.913279     54.053100
    7.700913     54.108200
    7.482672     54.163300
    7.258028     54.218400
    7.026365     54.273500
    6.786964     54.328600
    6.538976     54.383700
    6.281383     54.438800
    6.012951     54.493900
    5.732156     54.549000
    5.437084     54.604100
    5.125268     54.659200
    4.793442     54.714300
    4.437118     54.769400
    4.049835     54.824500
    3.621674     54.879600
    3.135935     54.934700
    2.560050     54.989800
    1.809926     55.044900
    0.000000     55.100000
