#kinematics calculation by https://skisickness.com/math-physics/kinematics/
#vertex z = 0, E = 69.0. MeV, reaction: exex
#scattered particle
#angle [deg], energy [MeV]
    0.000000      0.330736
   21.229897      0.390195
   28.476916      0.449653
   33.266201      0.509112
   36.802127      0.568570
   39.564624      0.628029
   41.801402      0.687487
   43.658563      0.746946
   45.229808      0.806404
   46.578836      0.865863
   47.750867      0.925321
   48.779108      0.984780
   49.688611      1.044238
   50.498707      1.103697
   51.224595      1.163155
   51.878418      1.222614
   52.470014      1.282072
   53.007454      1.341531
   53.497429      1.400989
   53.945538      1.460448
   54.356511      1.519907
   54.734373      1.579365
   55.082572      1.638824
   55.404082      1.698282
   55.701486      1.757741
   55.977034      1.817199
   56.232701      1.876658
   56.470227      1.936116
   56.691149      1.995575
   56.896834      2.055033
   57.088500      2.114492
   57.267238      2.173950
   57.434026      2.233409
   57.589746      2.292867
   57.735192      2.352326
   57.871085      2.411784
   57.998080      2.471243
   58.116772      2.530702
   58.227704      2.590160
   58.331373      2.649619
   58.428234      2.709077
   58.518704      2.768536
   58.603168      2.827994
   58.681980      2.887453
   58.755466      2.946911
   58.823930      3.006370
   58.887650      3.065828
   58.946886      3.125287
   59.001880      3.184745
   59.052856      3.244204
   59.100022      3.303662
   59.143574      3.363121
   59.183693      3.422579
   59.220550      3.482038
   59.254304      3.541497
   59.285103      3.600955
   59.313089      3.660414
   59.338391      3.719872
   59.361135      3.779331
   59.381435      3.838789
   59.399402      3.898248
   59.415139      3.957706
   59.428743      4.017165
   59.440305      4.076623
   59.449914      4.136082
   59.457650      4.195540
   59.463591      4.254999
   59.467812      4.314457
   59.470382      4.373916
   59.471368      4.433374
   59.470831      4.492833
   59.468832      4.552291
   59.465428      4.611750
   59.460672      4.671209
   59.454616      4.730667
   59.447308      4.790126
   59.438796      4.849584
   59.429124      4.909043
   59.418334      4.968501
   59.406466      5.027960
   59.393559      5.087418
   59.379650      5.146877
   59.364774      5.206335
   59.348965      5.265794
   59.332256      5.325252
   59.314676      5.384711
   59.296255      5.444169
   59.277023      5.503628
   59.257005      5.563086
   59.236229      5.622545
   59.214718      5.682004
   59.192498      5.741462
   59.169590      5.800921
   59.146017      5.860379
   59.121800      5.919838
   59.096959      5.979296
   59.071515      6.038755
   59.045486      6.098213
   59.018889      6.157672
   58.991743      6.217130
   58.964065      6.276589
   58.935870      6.336047
   58.907174      6.395506
   58.877992      6.454964
   58.848339      6.514423
   58.818228      6.573881
   58.787673      6.633340
   58.756687      6.692798
   58.725283      6.752257
   58.693472      6.811716
   58.661266      6.871174
   58.628677      6.930633
   58.595715      6.990091
   58.562392      7.049550
   58.528716      7.109008
   58.494698      7.168467
   58.460348      7.227925
   58.425675      7.287384
   58.390687      7.346842
   58.355393      7.406301
   58.319802      7.465759
   58.283922      7.525218
   58.247760      7.584676
   58.211323      7.644135
   58.174621      7.703593
   58.137659      7.763052
   58.100444      7.822511
   58.062983      7.881969
   58.025282      7.941428
   57.987348      8.000886
   57.949188      8.060345
   57.910806      8.119803
   57.872208      8.179262
   57.833400      8.238720
   57.794388      8.298179
   57.755177      8.357637
   57.715771      8.417096
   57.676176      8.476554
   57.636396      8.536013
   57.596437      8.595471
   57.556302      8.654930
   57.515996      8.714388
   57.475524      8.773847
   57.434889      8.833305
   57.394095      8.892764
   57.353147      8.952223
   57.312048      9.011681
   57.270802      9.071140
   57.229413      9.130598
   57.187884      9.190057
   57.146218      9.249515
   57.104419      9.308974
   57.062491      9.368432
   57.020435      9.427891
   56.978256      9.487349
   56.935956      9.546808
   56.893538      9.606266
   56.851005      9.665725
   56.808359      9.725183
   56.765604      9.784642
   56.722742      9.844100
   56.679776      9.903559
   56.636708      9.963018
   56.593540     10.022476
   56.550275     10.081935
   56.506915     10.141393
   56.463462     10.200852
   56.419919     10.260310
   56.376288     10.319769
   56.332570     10.379227
   56.288768     10.438686
   56.244884     10.498144
   56.200919     10.557603
   56.156875     10.617061
   56.112755     10.676520
   56.068560     10.735978
   56.024292     10.795437
   55.979953     10.854895
   55.935543     10.914354
   55.891065     10.973813
   55.846521     11.033271
   55.801912     11.092730
   55.757239     11.152188
   55.712503     11.211647
   55.667707     11.271105
   55.622852     11.330564
   55.577939     11.390022
   55.532969     11.449481
   55.487943     11.508939
   55.442864     11.568398
   55.397732     11.627856
   55.352548     11.687315
   55.307313     11.746773
   55.262030     11.806232
   55.216698     11.865690
   55.171319     11.925149
   55.125894     11.984607
   55.080424     12.044066
   55.034910     12.103525
   54.989353     12.162983
   54.943754     12.222442
   54.898114     12.281900
   54.852434     12.341359
   54.806715     12.400817
   54.760957     12.460276
   54.715162     12.519734
   54.669330     12.579193
   54.623463     12.638651
   54.577561     12.698110
   54.531624     12.757568
   54.485654     12.817027
   54.439652     12.876485
   54.393617     12.935944
   54.347552     12.995402
   54.301456     13.054861
   54.255330     13.114320
   54.209175     13.173778
   54.162992     13.233237
   54.116781     13.292695
   54.070542     13.352154
   54.024277     13.411612
   53.977986     13.471071
   53.931670     13.530529
   53.885329     13.589988
   53.838964     13.649446
   53.792575     13.708905
   53.746163     13.768363
   53.699728     13.827822
   53.653271     13.887280
   53.606792     13.946739
   53.560293     14.006197
   53.513772     14.065656
   53.467232     14.125114
   53.420672     14.184573
   53.374092     14.244032
   53.327493     14.303490
   53.280877     14.362949
   53.234242     14.422407
   53.187589     14.481866
   53.140919     14.541324
   53.094233     14.600783
   53.047530     14.660241
   53.000811     14.719700
   52.954076     14.779158
   52.907326     14.838617
   52.860560     14.898075
   52.813780     14.957534
   52.766986     15.016992
   52.720178     15.076451
   52.673356     15.135909
   52.626520     15.195368
   52.579672     15.254827
   52.532810     15.314285
   52.485936     15.373744
   52.439050     15.433202
   52.392151     15.492661
   52.345241     15.552119
   52.298320     15.611578
   52.251387     15.671036
   52.204443     15.730495
   52.157489     15.789953
   52.110524     15.849412
   52.063549     15.908870
   52.016563     15.968329
   51.969568     16.027787
   51.922563     16.087246
   51.875549     16.146704
   51.828525     16.206163
   51.781493     16.265622
   51.734452     16.325080
   51.687402     16.384539
   51.640343     16.443997
   51.593276     16.503456
   51.546201     16.562914
   51.499119     16.622373
   51.452028     16.681831
   51.404930     16.741290
   51.357824     16.800748
   51.310711     16.860207
   51.263590     16.919665
   51.216463     16.979124
   51.169329     17.038582
   51.122188     17.098041
   51.075040     17.157499
   51.027886     17.216958
   50.980725     17.276416
   50.933558     17.335875
   50.886385     17.395334
   50.839206     17.454792
   50.792021     17.514251
   50.744830     17.573709
   50.697633     17.633168
   50.650430     17.692626
   50.603222     17.752085
   50.556009     17.811543
   50.508790     17.871002
   50.461566     17.930460
   50.414337     17.989919
   50.367102     18.049377
   50.319863     18.108836
   50.272618     18.168294
   50.225369     18.227753
   50.178115     18.287211
   50.130856     18.346670
   50.083592     18.406129
   50.036324     18.465587
   49.989051     18.525046
   49.941773     18.584504
   49.894491     18.643963
   49.847205     18.703421
   49.799914     18.762880
   49.752619     18.822338
   49.705319     18.881797
   49.658015     18.941255
   49.610707     19.000714
   49.563395     19.060172
   49.516079     19.119631
   49.468758     19.179089
   49.421434     19.238548
   49.374105     19.298006
   49.326773     19.357465
   49.279436     19.416923
   49.232095     19.476382
   49.184751     19.535841
   49.137402     19.595299
   49.090050     19.654758
   49.042693     19.714216
   48.995333     19.773675
   48.947968     19.833133
   48.900600     19.892592
   48.853228     19.952050
   48.805852     20.011509
   48.758472     20.070967
   48.711089     20.130426
   48.663701     20.189884
   48.616310     20.249343
   48.568914     20.308801
   48.521515     20.368260
   48.474112     20.427718
   48.426705     20.487177
   48.379294     20.546636
   48.331880     20.606094
   48.284461     20.665553
   48.237038     20.725011
   48.189612     20.784470
   48.142181     20.843928
   48.094747     20.903387
   48.047308     20.962845
   47.999866     21.022304
   47.952419     21.081762
   47.904969     21.141221
   47.857514     21.200679
   47.810055     21.260138
   47.762592     21.319596
   47.715125     21.379055
   47.667654     21.438513
   47.620178     21.497972
   47.572698     21.557430
   47.525214     21.616889
   47.477726     21.676348
   47.430233     21.735806
   47.382736     21.795265
   47.335235     21.854723
   47.287729     21.914182
   47.240218     21.973640
   47.192703     22.033099
   47.145184     22.092557
   47.097659     22.152016
   47.050130     22.211474
   47.002597     22.270933
   46.955059     22.330391
   46.907515     22.389850
   46.859968     22.449308
   46.812415     22.508767
   46.764857     22.568225
   46.717294     22.627684
   46.669726     22.687143
   46.622154     22.746601
   46.574576     22.806060
   46.526992     22.865518
   46.479404     22.924977
   46.431810     22.984435
   46.384211     23.043894
   46.336607     23.103352
   46.288997     23.162811
   46.241381     23.222269
   46.193760     23.281728
   46.146134     23.341186
   46.098501     23.400645
   46.050863     23.460103
   46.003219     23.519562
   45.955569     23.579020
   45.907914     23.638479
   45.860252     23.697938
   45.812584     23.757396
   45.764910     23.816855
   45.717230     23.876313
   45.669543     23.935772
   45.621850     23.995230
   45.574151     24.054689
   45.526445     24.114147
   45.478733     24.173606
   45.431014     24.233064
   45.383288     24.292523
   45.335556     24.351981
   45.287816     24.411440
   45.240070     24.470898
   45.192317     24.530357
   45.144557     24.589815
   45.096789     24.649274
   45.049015     24.708732
   45.001233     24.768191
   44.953444     24.827650
   44.905647     24.887108
   44.857843     24.946567
   44.810031     25.006025
   44.762211     25.065484
   44.714384     25.124942
   44.666549     25.184401
   44.618705     25.243859
   44.570854     25.303318
   44.522995     25.362776
   44.475128     25.422235
   44.427252     25.481693
   44.379368     25.541152
   44.331476     25.600610
   44.283575     25.660069
   44.235665     25.719527
   44.187747     25.778986
   44.139820     25.838445
   44.091884     25.897903
   44.043939     25.957362
   43.995985     26.016820
   43.948021     26.076279
   43.900049     26.135737
   43.852067     26.195196
   43.804076     26.254654
   43.756076     26.314113
   43.708065     26.373571
   43.660045     26.433030
   43.612016     26.492488
   43.563976     26.551947
   43.515926     26.611405
   43.467867     26.670864
   43.419797     26.730322
   43.371717     26.789781
   43.323626     26.849239
   43.275525     26.908698
   43.227413     26.968157
   43.179291     27.027615
   43.131158     27.087074
   43.083014     27.146532
   43.034859     27.205991
   42.986693     27.265449
   42.938516     27.324908
   42.890328     27.384366
   42.842128     27.443825
   42.793917     27.503283
   42.745694     27.562742
   42.697459     27.622200
   42.649213     27.681659
   42.600954     27.741117
   42.552684     27.800576
   42.504402     27.860034
   42.456107     27.919493
   42.407800     27.978952
   42.359480     28.038410
   42.311148     28.097869
   42.262804     28.157327
   42.214446     28.216786
   42.166076     28.276244
   42.117692     28.335703
   42.069296     28.395161
   42.020886     28.454620
   41.972463     28.514078
   41.924027     28.573537
   41.875577     28.632995
   41.827113     28.692454
   41.778635     28.751912
   41.730144     28.811371
   41.681638     28.870829
   41.633118     28.930288
   41.584585     28.989746
   41.536036     29.049205
   41.487473     29.108664
   41.438896     29.168122
   41.390304     29.227581
   41.341697     29.287039
   41.293075     29.346498
   41.244437     29.405956
   41.195785     29.465415
   41.147117     29.524873
   41.098434     29.584332
   41.049735     29.643790
   41.001021     29.703249
   40.952290     29.762707
   40.903544     29.822166
   40.854782     29.881624
   40.806003     29.941083
   40.757208     30.000541
   40.708396     30.060000
   40.659568     30.119459
   40.610723     30.178917
   40.561861     30.238376
   40.512983     30.297834
   40.464087     30.357293
   40.415174     30.416751
   40.366243     30.476210
   40.317295     30.535668
   40.268329     30.595127
   40.219346     30.654585
   40.170344     30.714044
   40.121325     30.773502
   40.072287     30.832961
   40.023231     30.892419
   39.974156     30.951878
   39.925063     31.011336
   39.875951     31.070795
   39.826820     31.130254
   39.777670     31.189712
   39.728501     31.249171
   39.679313     31.308629
   39.630105     31.368088
   39.580877     31.427546
   39.531630     31.487005
   39.482363     31.546463
   39.433076     31.605922
   39.383769     31.665380
   39.334441     31.724839
   39.285093     31.784297
   39.235725     31.843756
   39.186335     31.903214
   39.136925     31.962673
   39.087494     32.022131
   39.038041     32.081590
   38.988567     32.141048
   38.939072     32.200507
   38.889554     32.259966
   38.840016     32.319424
   38.790455     32.378883
   38.740872     32.438341
   38.691266     32.497800
   38.641639     32.557258
   38.591988     32.616717
   38.542315     32.676175
   38.492619     32.735634
   38.442900     32.795092
   38.393158     32.854551
   38.343392     32.914009
   38.293603     32.973468
   38.243790     33.032926
   38.193953     33.092385
   38.144093     33.151843
   38.094208     33.211302
   38.044298     33.270761
   37.994364     33.330219
   37.944406     33.389678
   37.894423     33.449136
   37.844414     33.508595
   37.794380     33.568053
   37.744322     33.627512
   37.694237     33.686970
   37.644127     33.746429
   37.593991     33.805887
   37.543829     33.865346
   37.493640     33.924804
   37.443425     33.984263
   37.393184     34.043721
   37.342916     34.103180
   37.292621     34.162638
   37.242299     34.222097
   37.191949     34.281555
   37.141572     34.341014
   37.091168     34.400473
   37.040736     34.459931
   36.990275     34.519390
   36.939787     34.578848
   36.889270     34.638307
   36.838724     34.697765
   36.788150     34.757224
   36.737547     34.816682
   36.686914     34.876141
   36.636253     34.935599
   36.585561     34.995058
   36.534841     35.054516
   36.484090     35.113975
   36.433309     35.173433
   36.382498     35.232892
   36.331656     35.292350
   36.280784     35.351809
   36.229881     35.411268
   36.178947     35.470726
   36.127981     35.530185
   36.076984     35.589643
   36.025955     35.649102
   35.974895     35.708560
   35.923802     35.768019
   35.872677     35.827477
   35.821520     35.886936
   35.770330     35.946394
   35.719107     36.005853
   35.667851     36.065311
   35.616561     36.124770
   35.565238     36.184228
   35.513881     36.243687
   35.462491     36.303145
   35.411066     36.362604
   35.359606     36.422062
   35.308112     36.481521
   35.256584     36.540980
   35.205020     36.600438
   35.153421     36.659897
   35.101786     36.719355
   35.050116     36.778814
   34.998409     36.838272
   34.946667     36.897731
   34.894888     36.957189
   34.843072     37.016648
   34.791220     37.076106
   34.739330     37.135565
   34.687403     37.195023
   34.635438     37.254482
   34.583436     37.313940
   34.531396     37.373399
   34.479317     37.432857
   34.427200     37.492316
   34.375044     37.551775
   34.322849     37.611233
   34.270614     37.670692
   34.218341     37.730150
   34.166027     37.789609
   34.113673     37.849067
   34.061279     37.908526
   34.008845     37.967984
   33.956370     38.027443
   33.903854     38.086901
   33.851296     38.146360
   33.798697     38.205818
   33.746056     38.265277
   33.693373     38.324735
   33.640648     38.384194
   33.587880     38.443652
   33.535069     38.503111
   33.482216     38.562570
   33.429318     38.622028
   33.376377     38.681487
   33.323392     38.740945
   33.270363     38.800404
   33.217290     38.859862
   33.164171     38.919321
   33.111008     38.978779
   33.057799     39.038238
   33.004544     39.097696
   32.951244     39.157155
   32.897897     39.216613
   32.844504     39.276072
   32.791064     39.335530
   32.737576     39.394989
   32.684042     39.454447
   32.630460     39.513906
   32.576829     39.573364
   32.523151     39.632823
   32.469424     39.692282
   32.415647     39.751740
   32.361822     39.811199
   32.307947     39.870657
   32.254023     39.930116
   32.200048     39.989574
   32.146022     40.049033
   32.091946     40.108491
   32.037819     40.167950
   31.983640     40.227408
   31.929409     40.286867
   31.875127     40.346325
   31.820792     40.405784
   31.766404     40.465242
   31.711963     40.524701
   31.657468     40.584159
   31.602920     40.643618
   31.548317     40.703077
   31.493660     40.762535
   31.438948     40.821994
   31.384181     40.881452
   31.329359     40.940911
   31.274480     41.000369
   31.219546     41.059828
   31.164554     41.119286
   31.109506     41.178745
   31.054400     41.238203
   30.999237     41.297662
   30.944015     41.357120
   30.888735     41.416579
   30.833396     41.476037
   30.777998     41.535496
   30.722540     41.594954
   30.667022     41.654413
   30.611444     41.713871
   30.555805     41.773330
   30.500105     41.832789
   30.444343     41.892247
   30.388519     41.951706
   30.332633     42.011164
   30.276683     42.070623
   30.220671     42.130081
   30.164595     42.189540
   30.108455     42.248998
   30.052250     42.308457
   29.995980     42.367915
   29.939646     42.427374
   29.883245     42.486832
   29.826778     42.546291
   29.770244     42.605749
   29.713643     42.665208
   29.656975     42.724666
   29.600238     42.784125
   29.543434     42.843584
   29.486560     42.903042
   29.429616     42.962501
   29.372603     43.021959
   29.315520     43.081418
   29.258366     43.140876
   29.201140     43.200335
   29.143843     43.259793
   29.086473     43.319252
   29.029030     43.378710
   28.971515     43.438169
   28.913925     43.497627
   28.856262     43.557086
   28.798523     43.616544
   28.740709     43.676003
   28.682819     43.735461
   28.624853     43.794920
   28.566811     43.854378
   28.508690     43.913837
   28.450492     43.973296
   28.392215     44.032754
   28.333860     44.092213
   28.275424     44.151671
   28.216909     44.211130
   28.158312     44.270588
   28.099635     44.330047
   28.040876     44.389505
   27.982034     44.448964
   27.923109     44.508422
   27.864100     44.567881
   27.805008     44.627339
   27.745830     44.686798
   27.686567     44.746256
   27.627218     44.805715
   27.567783     44.865173
   27.508260     44.924632
   27.448649     44.984091
   27.388950     45.043549
   27.329161     45.103008
   27.269283     45.162466
   27.209314     45.221925
   27.149254     45.281383
   27.089102     45.340842
   27.028857     45.400300
   26.968520     45.459759
   26.908088     45.519217
   26.847562     45.578676
   26.786941     45.638134
   26.726223     45.697593
   26.665409     45.757051
   26.604497     45.816510
   26.543488     45.875968
   26.482379     45.935427
   26.421171     45.994886
   26.359862     46.054344
   26.298452     46.113803
   26.236940     46.173261
   26.175325     46.232720
   26.113606     46.292178
   26.051784     46.351637
   25.989856     46.411095
   25.927822     46.470554
   25.865681     46.530012
   25.803433     46.589471
   25.741076     46.648929
   25.678609     46.708388
   25.616033     46.767846
   25.553346     46.827305
   25.490546     46.886763
   25.427634     46.946222
   25.364608     47.005680
   25.301467     47.065139
   25.238210     47.124598
   25.174837     47.184056
   25.111347     47.243515
   25.047738     47.302973
   24.984010     47.362432
   24.920161     47.421890
   24.856191     47.481349
   24.792098     47.540807
   24.727882     47.600266
   24.663542     47.659724
   24.599076     47.719183
   24.534483     47.778641
   24.469763     47.838100
   24.404915     47.897558
   24.339936     47.957017
   24.274827     48.016475
   24.209586     48.075934
   24.144211     48.135393
   24.078702     48.194851
   24.013058     48.254310
   23.947277     48.313768
   23.881358     48.373227
   23.815301     48.432685
   23.749103     48.492144
   23.682763     48.551602
   23.616281     48.611061
   23.549654     48.670519
   23.482883     48.729978
   23.415965     48.789436
   23.348898     48.848895
   23.281683     48.908353
   23.214317     48.967812
   23.146798     49.027270
   23.079127     49.086729
   23.011300     49.146187
   22.943317     49.205646
   22.875176     49.265105
   22.806877     49.324563
   22.738416     49.384022
   22.669793     49.443480
   22.601006     49.502939
   22.532054     49.562397
   22.462935     49.621856
   22.393647     49.681314
   22.324190     49.740773
   22.254560     49.800231
   22.184757     49.859690
   22.114778     49.919148
   22.044622     49.978607
   21.974288     50.038065
   21.903773     50.097524
   21.833076     50.156982
   21.762194     50.216441
   21.691127     50.275900
   21.619871     50.335358
   21.548426     50.394817
   21.476788     50.454275
   21.404957     50.513734
   21.332930     50.573192
   21.260705     50.632651
   21.188280     50.692109
   21.115652     50.751568
   21.042821     50.811026
   20.969782     50.870485
   20.896535     50.929943
   20.823077     50.989402
   20.749406     51.048860
   20.675519     51.108319
   20.601414     51.167777
   20.527088     51.227236
   20.452539     51.286695
   20.377765     51.346153
   20.302763     51.405612
   20.227530     51.465070
   20.152064     51.524529
   20.076361     51.583987
   20.000420     51.643446
   19.924238     51.702904
   19.847811     51.762363
   19.771136     51.821821
   19.694212     51.881280
   19.617034     51.940738
   19.539600     52.000197
   19.461906     52.059655
   19.383949     52.119114
   19.305727     52.178572
   19.227235     52.238031
   19.148471     52.297489
   19.069430     52.356948
   18.990110     52.416407
   18.910507     52.475865
   18.830617     52.535324
   18.750436     52.594782
   18.669961     52.654241
   18.589188     52.713699
   18.508112     52.773158
   18.426730     52.832616
   18.345038     52.892075
   18.263030     52.951533
   18.180704     53.010992
   18.098054     53.070450
   18.015077     53.129909
   17.931766     53.189367
   17.848118     53.248826
   17.764128     53.308284
   17.679791     53.367743
   17.595102     53.427202
   17.510055     53.486660
   17.424646     53.546119
   17.338868     53.605577
   17.252717     53.665036
   17.166186     53.724494
   17.079270     53.783953
   16.991963     53.843411
   16.904258     53.902870
   16.816150     53.962328
   16.727631     54.021787
   16.638696     54.081245
   16.549337     54.140704
   16.459548     54.200162
   16.369321     54.259621
   16.278649     54.319079
   16.187524     54.378538
   16.095940     54.437996
   16.003886     54.497455
   15.911357     54.556914
   15.818342     54.616372
   15.724833     54.675831
   15.630822     54.735289
   15.536299     54.794748
   15.441255     54.854206
   15.345680     54.913665
   15.249564     54.973123
   15.152896     55.032582
   15.055666     55.092040
   14.957863     55.151499
   14.859475     55.210957
   14.760491     55.270416
   14.660898     55.329874
   14.560684     55.389333
   14.459836     55.448791
   14.358340     55.508250
   14.256183     55.567709
   14.153349     55.627167
   14.049825     55.686626
   13.945595     55.746084
   13.840642     55.805543
   13.734951     55.865001
   13.628503     55.924460
   13.521280     55.983918
   13.413265     56.043377
   13.304438     56.102835
   13.194778     56.162294
   13.084265     56.221752
   12.972876     56.281211
   12.860589     56.340669
   12.747380     56.400128
   12.633224     56.459586
   12.518095     56.519045
   12.401966     56.578503
   12.284808     56.637962
   12.166592     56.697421
   12.047287     56.756879
   11.926859     56.816338
   11.805274     56.875796
   11.682496     56.935255
   11.558486     56.994713
   11.433205     57.054172
   11.306611     57.113630
   11.178658     57.173089
   11.049299     57.232547
   10.918485     57.292006
   10.786161     57.351464
   10.652273     57.410923
   10.516759     57.470381
   10.379556     57.529840
   10.240596     57.589298
   10.099807     57.648757
    9.957110     57.708216
    9.812423     57.767674
    9.665656     57.827133
    9.516713     57.886591
    9.365489     57.946050
    9.211872     58.005508
    9.055741     58.064967
    8.896962     58.124425
    8.735392     58.183884
    8.570872     58.243342
    8.403228     58.302801
    8.232271     58.362259
    8.057789     58.421718
    7.879548     58.481176
    7.697286     58.540635
    7.510710     58.600093
    7.319491     58.659552
    7.123254     58.719011
    6.921573     58.778469
    6.713956     58.837928
    6.499836     58.897386
    6.278545     58.956845
    6.049298     59.016303
    5.811152     59.075762
    5.562965     59.135220
    5.303327     59.194679
    5.030465     59.254137
    4.742096     59.313596
    4.435197     59.373054
    4.105613     59.432513
    3.747365     59.491971
    3.351271     59.551430
    2.901876     59.610888
    2.369038     59.670347
    1.674926     59.729805
    0.000000     59.789264
