#kinematics calculation by https://skisickness.com/math-physics/kinematics/
#vertex z = 50, E = 66.4 MeV
#scattered particle
#angle [deg], energy [MeV]
   90.000000      0.000000
   88.185158      0.066400
   87.433000      0.132800
   86.855558      0.199200
   86.368508      0.265600
   85.939194      0.332000
   85.550870      0.398400
   85.193590      0.464800
   84.860876      0.531200
   84.548227      0.597600
   84.252367      0.664000
   83.970826      0.730400
   83.701680      0.796800
   83.443405      0.863200
   83.194761      0.929600
   82.954729      0.996000
   82.722455      1.062400
   82.497220      1.128800
   82.278408      1.195200
   82.065485      1.261600
   81.857991      1.328000
   81.655520      1.394400
   81.457715      1.460800
   81.264258      1.527200
   81.074866      1.593600
   80.889286      1.660000
   80.707289      1.726400
   80.528669      1.792800
   80.353238      1.859200
   80.180824      1.925600
   80.011271      1.992000
   79.844435      2.058400
   79.680186      2.124800
   79.518400      2.191200
   79.358966      2.257600
   79.201778      2.324000
   79.046741      2.390400
   78.893763      2.456800
   78.742762      2.523200
   78.593657      2.589600
   78.446376      2.656000
   78.300849      2.722400
   78.157012      2.788800
   78.014804      2.855200
   77.874166      2.921600
   77.735046      2.988000
   77.597391      3.054400
   77.461154      3.120800
   77.326288      3.187200
   77.192750      3.253600
   77.060499      3.320000
   76.929495      3.386400
   76.799702      3.452800
   76.671083      3.519200
   76.543605      3.585600
   76.417236      3.652000
   76.291944      3.718400
   76.167701      3.784800
   76.044478      3.851200
   75.922248      3.917600
   75.800986      3.984000
   75.680666      4.050400
   75.561266      4.116800
   75.442761      4.183200
   75.325132      4.249600
   75.208355      4.316000
   75.092412      4.382400
   74.977283      4.448800
   74.862948      4.515200
   74.749391      4.581600
   74.636594      4.648000
   74.524539      4.714400
   74.413212      4.780800
   74.302595      4.847200
   74.192675      4.913600
   74.083436      4.980000
   73.974865      5.046400
   73.866948      5.112800
   73.759671      5.179200
   73.653022      5.245600
   73.546989      5.312000
   73.441560      5.378400
   73.336723      5.444800
   73.232467      5.511200
   73.128780      5.577600
   73.025654      5.644000
   72.923076      5.710400
   72.821037      5.776800
   72.719528      5.843200
   72.618539      5.909600
   72.518061      5.976000
   72.418085      6.042400
   72.318602      6.108800
   72.219605      6.175200
   72.121084      6.241600
   72.023032      6.308000
   71.925441      6.374400
   71.828304      6.440800
   71.731613      6.507200
   71.635360      6.573600
   71.539540      6.640000
   71.444146      6.706400
   71.349169      6.772800
   71.254605      6.839200
   71.160447      6.905600
   71.066688      6.972000
   70.973323      7.038400
   70.880345      7.104800
   70.787749      7.171200
   70.695530      7.237600
   70.603681      7.304000
   70.512198      7.370400
   70.421075      7.436800
   70.330307      7.503200
   70.239889      7.569600
   70.149817      7.636000
   70.060084      7.702400
   69.970688      7.768800
   69.881622      7.835200
   69.792883      7.901600
   69.704466      7.968000
   69.616367      8.034400
   69.528582      8.100800
   69.441106      8.167200
   69.353936      8.233600
   69.267067      8.300000
   69.180496      8.366400
   69.094218      8.432800
   69.008231      8.499200
   68.922530      8.565600
   68.837111      8.632000
   68.751972      8.698400
   68.667109      8.764800
   68.582518      8.831200
   68.498196      8.897600
   68.414140      8.964000
   68.330346      9.030400
   68.246812      9.096800
   68.163534      9.163200
   68.080510      9.229600
   67.997736      9.296000
   67.915209      9.362400
   67.832927      9.428800
   67.750886      9.495200
   67.669084      9.561600
   67.587518      9.628000
   67.506186      9.694400
   67.425085      9.760800
   67.344212      9.827200
   67.263565      9.893600
   67.183140      9.960000
   67.102937     10.026400
   67.022952     10.092800
   66.943182     10.159200
   66.863627     10.225600
   66.784282     10.292000
   66.705147     10.358400
   66.626218     10.424800
   66.547493     10.491200
   66.468971     10.557600
   66.390650     10.624000
   66.312526     10.690400
   66.234598     10.756800
   66.156865     10.823200
   66.079323     10.889600
   66.001972     10.956000
   65.924808     11.022400
   65.847831     11.088800
   65.771038     11.155200
   65.694427     11.221600
   65.617997     11.288000
   65.541746     11.354400
   65.465672     11.420800
   65.389773     11.487200
   65.314047     11.553600
   65.238494     11.620000
   65.163110     11.686400
   65.087895     11.752800
   65.012847     11.819200
   64.937963     11.885600
   64.863244     11.952000
   64.788686     12.018400
   64.714289     12.084800
   64.640051     12.151200
   64.565971     12.217600
   64.492046     12.284000
   64.418276     12.350400
   64.344659     12.416800
   64.271194     12.483200
   64.197878     12.549600
   64.124712     12.616000
   64.051693     12.682400
   63.978820     12.748800
   63.906092     12.815200
   63.833508     12.881600
   63.761065     12.948000
   63.688763     13.014400
   63.616601     13.080800
   63.544577     13.147200
   63.472691     13.213600
   63.400940     13.280000
   63.329323     13.346400
   63.257840     13.412800
   63.186490     13.479200
   63.115270     13.545600
   63.044180     13.612000
   62.973219     13.678400
   62.902386     13.744800
   62.831679     13.811200
   62.761098     13.877600
   62.690641     13.944000
   62.620307     14.010400
   62.550096     14.076800
   62.480006     14.143200
   62.410035     14.209600
   62.340184     14.276000
   62.270451     14.342400
   62.200835     14.408800
   62.131335     14.475200
   62.061950     14.541600
   61.992679     14.608000
   61.923522     14.674400
   61.854476     14.740800
   61.785542     14.807200
   61.716718     14.873600
   61.648004     14.940000
   61.579398     15.006400
   61.510899     15.072800
   61.442507     15.139200
   61.374221     15.205600
   61.306040     15.272000
   61.237964     15.338400
   61.169990     15.404800
   61.102119     15.471200
   61.034349     15.537600
   60.966680     15.604000
   60.899110     15.670400
   60.831640     15.736800
   60.764268     15.803200
   60.696994     15.869600
   60.629816     15.936000
   60.562734     16.002400
   60.495747     16.068800
   60.428855     16.135200
   60.362056     16.201600
   60.295350     16.268000
   60.228736     16.334400
   60.162213     16.400800
   60.095782     16.467200
   60.029439     16.533600
   59.963187     16.600000
   59.897022     16.666400
   59.830946     16.732800
   59.764956     16.799200
   59.699053     16.865600
   59.633236     16.932000
   59.567503     16.998400
   59.501855     17.064800
   59.436291     17.131200
   59.370809     17.197600
   59.305410     17.264000
   59.240093     17.330400
   59.174857     17.396800
   59.109701     17.463200
   59.044625     17.529600
   58.979628     17.596000
   58.914710     17.662400
   58.849870     17.728800
   58.785107     17.795200
   58.720421     17.861600
   58.655811     17.928000
   58.591276     17.994400
   58.526817     18.060800
   58.462432     18.127200
   58.398120     18.193600
   58.333882     18.260000
   58.269717     18.326400
   58.205623     18.392800
   58.141601     18.459200
   58.077650     18.525600
   58.013770     18.592000
   57.949959     18.658400
   57.886218     18.724800
   57.822545     18.791200
   57.758941     18.857600
   57.695404     18.924000
   57.631935     18.990400
   57.568532     19.056800
   57.505195     19.123200
   57.441924     19.189600
   57.378719     19.256000
   57.315577     19.322400
   57.252500     19.388800
   57.189487     19.455200
   57.126536     19.521600
   57.063649     19.588000
   57.000823     19.654400
   56.938059     19.720800
   56.875356     19.787200
   56.812714     19.853600
   56.750133     19.920000
   56.687610     19.986400
   56.625148     20.052800
   56.562744     20.119200
   56.500398     20.185600
   56.438110     20.252000
   56.375880     20.318400
   56.313707     20.384800
   56.251590     20.451200
   56.189530     20.517600
   56.127525     20.584000
   56.065575     20.650400
   56.003681     20.716800
   55.941840     20.783200
   55.880054     20.849600
   55.818321     20.916000
   55.756641     20.982400
   55.695014     21.048800
   55.633439     21.115200
   55.571916     21.181600
   55.510444     21.248000
   55.449023     21.314400
   55.387653     21.380800
   55.326333     21.447200
   55.265063     21.513600
   55.203842     21.580000
   55.142671     21.646400
   55.081547     21.712800
   55.020472     21.779200
   54.959445     21.845600
   54.898466     21.912000
   54.837533     21.978400
   54.776647     22.044800
   54.715808     22.111200
   54.655014     22.177600
   54.594266     22.244000
   54.533563     22.310400
   54.472904     22.376800
   54.412290     22.443200
   54.351721     22.509600
   54.291195     22.576000
   54.230712     22.642400
   54.170272     22.708800
   54.109875     22.775200
   54.049520     22.841600
   53.989207     22.908000
   53.928935     22.974400
   53.868705     23.040800
   53.808515     23.107200
   53.748366     23.173600
   53.688257     23.240000
   53.628188     23.306400
   53.568158     23.372800
   53.508168     23.439200
   53.448216     23.505600
   53.388303     23.572000
   53.328427     23.638400
   53.268590     23.704800
   53.208790     23.771200
   53.149027     23.837600
   53.089301     23.904000
   53.029611     23.970400
   52.969958     24.036800
   52.910340     24.103200
   52.850758     24.169600
   52.791211     24.236000
   52.731699     24.302400
   52.672221     24.368800
   52.612777     24.435200
   52.553368     24.501600
   52.493992     24.568000
   52.434649     24.634400
   52.375339     24.700800
   52.316062     24.767200
   52.256818     24.833600
   52.197605     24.900000
   52.138424     24.966400
   52.079275     25.032800
   52.020156     25.099200
   51.961069     25.165600
   51.902012     25.232000
   51.842985     25.298400
   51.783989     25.364800
   51.725022     25.431200
   51.666084     25.497600
   51.607175     25.564000
   51.548296     25.630400
   51.489444     25.696800
   51.430621     25.763200
   51.371826     25.829600
   51.313058     25.896000
   51.254318     25.962400
   51.195605     26.028800
   51.136918     26.095200
   51.078258     26.161600
   51.019625     26.228000
   50.961017     26.294400
   50.902435     26.360800
   50.843878     26.427200
   50.785346     26.493600
   50.726839     26.560000
   50.668357     26.626400
   50.609899     26.692800
   50.551465     26.759200
   50.493054     26.825600
   50.434668     26.892000
   50.376304     26.958400
   50.317963     27.024800
   50.259645     27.091200
   50.201349     27.157600
   50.143076     27.224000
   50.084824     27.290400
   50.026594     27.356800
   49.968385     27.423200
   49.910197     27.489600
   49.852030     27.556000
   49.793884     27.622400
   49.735757     27.688800
   49.677651     27.755200
   49.619565     27.821600
   49.561498     27.888000
   49.503450     27.954400
   49.445421     28.020800
   49.387412     28.087200
   49.329420     28.153600
   49.271447     28.220000
   49.213491     28.286400
   49.155554     28.352800
   49.097634     28.419200
   49.039731     28.485600
   48.981845     28.552000
   48.923975     28.618400
   48.866122     28.684800
   48.808286     28.751200
   48.750465     28.817600
   48.692660     28.884000
   48.634870     28.950400
   48.577096     29.016800
   48.519337     29.083200
   48.461592     29.149600
   48.403862     29.216000
   48.346146     29.282400
   48.288444     29.348800
   48.230756     29.415200
   48.173081     29.481600
   48.115420     29.548000
   48.057771     29.614400
   48.000135     29.680800
   47.942512     29.747200
   47.884901     29.813600
   47.827302     29.880000
   47.769715     29.946400
   47.712140     30.012800
   47.654576     30.079200
   47.597023     30.145600
   47.539480     30.212000
   47.481949     30.278400
   47.424428     30.344800
   47.366917     30.411200
   47.309415     30.477600
   47.251924     30.544000
   47.194442     30.610400
   47.136969     30.676800
   47.079505     30.743200
   47.022050     30.809600
   46.964603     30.876000
   46.907164     30.942400
   46.849734     31.008800
   46.792311     31.075200
   46.734896     31.141600
   46.677488     31.208000
   46.620088     31.274400
   46.562694     31.340800
   46.505307     31.407200
   46.447926     31.473600
   46.390551     31.540000
   46.333182     31.606400
   46.275819     31.672800
   46.218461     31.739200
   46.161109     31.805600
   46.103761     31.872000
   46.046419     31.938400
   45.989081     32.004800
   45.931747     32.071200
   45.874417     32.137600
   45.817091     32.204000
   45.759769     32.270400
   45.702450     32.336800
   45.645134     32.403200
   45.587821     32.469600
   45.530511     32.536000
   45.473204     32.602400
   45.415898     32.668800
   45.358595     32.735200
   45.301293     32.801600
   45.243993     32.868000
   45.186694     32.934400
   45.129396     33.000800
   45.072099     33.067200
   45.014803     33.133600
   44.957507     33.200000
   44.900212     33.266400
   44.842916     33.332800
   44.785620     33.399200
   44.728323     33.465600
   44.671026     33.532000
   44.613728     33.598400
   44.556428     33.664800
   44.499127     33.731200
   44.441825     33.797600
   44.384520     33.864000
   44.327214     33.930400
   44.269905     33.996800
   44.212593     34.063200
   44.155279     34.129600
   44.097962     34.196000
   44.040641     34.262400
   43.983317     34.328800
   43.925989     34.395200
   43.868657     34.461600
   43.811321     34.528000
   43.753981     34.594400
   43.696636     34.660800
   43.639286     34.727200
   43.581931     34.793600
   43.524570     34.860000
   43.467204     34.926400
   43.409832     34.992800
   43.352454     35.059200
   43.295070     35.125600
   43.237679     35.192000
   43.180282     35.258400
   43.122878     35.324800
   43.065466     35.391200
   43.008047     35.457600
   42.950620     35.524000
   42.893186     35.590400
   42.835743     35.656800
   42.778292     35.723200
   42.720832     35.789600
   42.663363     35.856000
   42.605885     35.922400
   42.548398     35.988800
   42.490902     36.055200
   42.433395     36.121600
   42.375879     36.188000
   42.318352     36.254400
   42.260815     36.320800
   42.203267     36.387200
   42.145708     36.453600
   42.088138     36.520000
   42.030557     36.586400
   41.972963     36.652800
   41.915358     36.719200
   41.857741     36.785600
   41.800111     36.852000
   41.742468     36.918400
   41.684813     36.984800
   41.627144     37.051200
   41.569462     37.117600
   41.511767     37.184000
   41.454057     37.250400
   41.396334     37.316800
   41.338596     37.383200
   41.280843     37.449600
   41.223076     37.516000
   41.165293     37.582400
   41.107495     37.648800
   41.049682     37.715200
   40.991853     37.781600
   40.934007     37.848000
   40.876145     37.914400
   40.818267     37.980800
   40.760372     38.047200
   40.702459     38.113600
   40.644529     38.180000
   40.586582     38.246400
   40.528617     38.312800
   40.470634     38.379200
   40.412632     38.445600
   40.354612     38.512000
   40.296572     38.578400
   40.238514     38.644800
   40.180436     38.711200
   40.122339     38.777600
   40.064222     38.844000
   40.006084     38.910400
   39.947926     38.976800
   39.889748     39.043200
   39.831548     39.109600
   39.773327     39.176000
   39.715085     39.242400
   39.656821     39.308800
   39.598535     39.375200
   39.540226     39.441600
   39.481895     39.508000
   39.423541     39.574400
   39.365164     39.640800
   39.306764     39.707200
   39.248340     39.773600
   39.189893     39.840000
   39.131421     39.906400
   39.072924     39.972800
   39.014403     40.039200
   38.955857     40.105600
   38.897285     40.172000
   38.838688     40.238400
   38.780065     40.304800
   38.721416     40.371200
   38.662741     40.437600
   38.604039     40.504000
   38.545310     40.570400
   38.486553     40.636800
   38.427769     40.703200
   38.368958     40.769600
   38.310118     40.836000
   38.251249     40.902400
   38.192352     40.968800
   38.133427     41.035200
   38.074471     41.101600
   38.015486     41.168000
   37.956472     41.234400
   37.897427     41.300800
   37.838351     41.367200
   37.779245     41.433600
   37.720108     41.500000
   37.660940     41.566400
   37.601739     41.632800
   37.542507     41.699200
   37.483243     41.765600
   37.423946     41.832000
   37.364616     41.898400
   37.305252     41.964800
   37.245856     42.031200
   37.186425     42.097600
   37.126960     42.164000
   37.067461     42.230400
   37.007927     42.296800
   36.948358     42.363200
   36.888753     42.429600
   36.829113     42.496000
   36.769437     42.562400
   36.709724     42.628800
   36.649975     42.695200
   36.590188     42.761600
   36.530364     42.828000
   36.470502     42.894400
   36.410603     42.960800
   36.350665     43.027200
   36.290688     43.093600
   36.230672     43.160000
   36.170617     43.226400
   36.110522     43.292800
   36.050387     43.359200
   35.990211     43.425600
   35.929995     43.492000
   35.869737     43.558400
   35.809438     43.624800
   35.749097     43.691200
   35.688714     43.757600
   35.628289     43.824000
   35.567820     43.890400
   35.507309     43.956800
   35.446753     44.023200
   35.386154     44.089600
   35.325510     44.156000
   35.264821     44.222400
   35.204088     44.288800
   35.143308     44.355200
   35.082483     44.421600
   35.021612     44.488000
   34.960694     44.554400
   34.899729     44.620800
   34.838716     44.687200
   34.777656     44.753600
   34.716548     44.820000
   34.655391     44.886400
   34.594185     44.952800
   34.532929     45.019200
   34.471624     45.085600
   34.410269     45.152000
   34.348863     45.218400
   34.287406     45.284800
   34.225898     45.351200
   34.164338     45.417600
   34.102725     45.484000
   34.041060     45.550400
   33.979342     45.616800
   33.917570     45.683200
   33.855745     45.749600
   33.793865     45.816000
   33.731930     45.882400
   33.669940     45.948800
   33.607894     46.015200
   33.545792     46.081600
   33.483634     46.148000
   33.421418     46.214400
   33.359145     46.280800
   33.296814     46.347200
   33.234425     46.413600
   33.171977     46.480000
   33.109470     46.546400
   33.046903     46.612800
   32.984275     46.679200
   32.921587     46.745600
   32.858837     46.812000
   32.796026     46.878400
   32.733153     46.944800
   32.670217     47.011200
   32.607218     47.077600
   32.544155     47.144000
   32.481028     47.210400
   32.417837     47.276800
   32.354580     47.343200
   32.291257     47.409600
   32.227869     47.476000
   32.164413     47.542400
   32.100890     47.608800
   32.037300     47.675200
   31.973641     47.741600
   31.909914     47.808000
   31.846117     47.874400
   31.782250     47.940800
   31.718312     48.007200
   31.654304     48.073600
   31.590224     48.140000
   31.526071     48.206400
   31.461846     48.272800
   31.397548     48.339200
   31.333176     48.405600
   31.268729     48.472000
   31.204207     48.538400
   31.139610     48.604800
   31.074936     48.671200
   31.010186     48.737600
   30.945358     48.804000
   30.880452     48.870400
   30.815467     48.936800
   30.750403     49.003200
   30.685259     49.069600
   30.620035     49.136000
   30.554729     49.202400
   30.489341     49.268800
   30.423871     49.335200
   30.358318     49.401600
   30.292681     49.468000
   30.226959     49.534400
   30.161152     49.600800
   30.095260     49.667200
   30.029280     49.733600
   29.963214     49.800000
   29.897059     49.866400
   29.830816     49.932800
   29.764484     49.999200
   29.698061     50.065600
   29.631548     50.132000
   29.564943     50.198400
   29.498246     50.264800
   29.431455     50.331200
   29.364571     50.397600
   29.297592     50.464000
   29.230518     50.530400
   29.163348     50.596800
   29.096081     50.663200
   29.028716     50.729600
   28.961253     50.796000
   28.893690     50.862400
   28.826028     50.928800
   28.758264     50.995200
   28.690398     51.061600
   28.622430     51.128000
   28.554359     51.194400
   28.486183     51.260800
   28.417901     51.327200
   28.349514     51.393600
   28.281020     51.460000
   28.212417     51.526400
   28.143706     51.592800
   28.074885     51.659200
   28.005954     51.725600
   27.936911     51.792000
   27.867755     51.858400
   27.798486     51.924800
   27.729103     51.991200
   27.659603     52.057600
   27.589988     52.124000
   27.520255     52.190400
   27.450404     52.256800
   27.380433     52.323200
   27.310341     52.389600
   27.240128     52.456000
   27.169793     52.522400
   27.099333     52.588800
   27.028749     52.655200
   26.958039     52.721600
   26.887202     52.788000
   26.816237     52.854400
   26.745143     52.920800
   26.673918     52.987200
   26.602561     53.053600
   26.531072     53.120000
   26.459449     53.186400
   26.387691     53.252800
   26.315796     53.319200
   26.243764     53.385600
   26.171592     53.452000
   26.099281     53.518400
   26.026828     53.584800
   25.954233     53.651200
   25.881493     53.717600
   25.808608     53.784000
   25.735577     53.850400
   25.662397     53.916800
   25.589067     53.983200
   25.515587     54.049600
   25.441955     54.116000
   25.368168     54.182400
   25.294227     54.248800
   25.220128     54.315200
   25.145872     54.381600
   25.071455     54.448000
   24.996878     54.514400
   24.922137     54.580800
   24.847233     54.647200
   24.772162     54.713600
   24.696923     54.780000
   24.621515     54.846400
   24.545936     54.912800
   24.470184     54.979200
   24.394258     55.045600
   24.318156     55.112000
   24.241876     55.178400
   24.165416     55.244800
   24.088774     55.311200
   24.011949     55.377600
   23.934938     55.444000
   23.857741     55.510400
   23.780354     55.576800
   23.702776     55.643200
   23.625004     55.709600
   23.547038     55.776000
   23.468874     55.842400
   23.390511     55.908800
   23.311947     55.975200
   23.233179     56.041600
   23.154205     56.108000
   23.075023     56.174400
   22.995630     56.240800
   22.916025     56.307200
   22.836205     56.373600
   22.756168     56.440000
   22.675911     56.506400
   22.595431     56.572800
   22.514727     56.639200
   22.433796     56.705600
   22.352635     56.772000
   22.271241     56.838400
   22.189612     56.904800
   22.107745     56.971200
   22.025638     57.037600
   21.943287     57.104000
   21.860689     57.170400
   21.777843     57.236800
   21.694744     57.303200
   21.611390     57.369600
   21.527777     57.436000
   21.443903     57.502400
   21.359764     57.568800
   21.275358     57.635200
   21.190680     57.701600
   21.105727     57.768000
   21.020496     57.834400
   20.934984     57.900800
   20.849186     57.967200
   20.763100     58.033600
   20.676720     58.100000
   20.590045     58.166400
   20.503069     58.232800
   20.415789     58.299200
   20.328200     58.365600
   20.240300     58.432000
   20.152082     58.498400
   20.063544     58.564800
   19.974680     58.631200
   19.885487     58.697600
   19.795959     58.764000
   19.706092     58.830400
   19.615881     58.896800
   19.525322     58.963200
   19.434409     59.029600
   19.343137     59.096000
   19.251501     59.162400
   19.159495     59.228800
   19.067115     59.295200
   18.974354     59.361600
   18.881207     59.428000
   18.787668     59.494400
   18.693731     59.560800
   18.599389     59.627200
   18.504637     59.693600
   18.409468     59.760000
   18.313876     59.826400
   18.217853     59.892800
   18.121392     59.959200
   18.024487     60.025600
   17.927130     60.092000
   17.829314     60.158400
   17.731030     60.224800
   17.632272     60.291200
   17.533030     60.357600
   17.433297     60.424000
   17.333063     60.490400
   17.232320     60.556800
   17.131059     60.623200
   17.029271     60.689600
   16.926945     60.756000
   16.824072     60.822400
   16.720641     60.888800
   16.616643     60.955200
   16.512066     61.021600
   16.406899     61.088000
   16.301130     61.154400
   16.194748     61.220800
   16.087740     61.287200
   15.980093     61.353600
   15.871795     61.420000
   15.762832     61.486400
   15.653189     61.552800
   15.542853     61.619200
   15.431808     61.685600
   15.320039     61.752000
   15.207529     61.818400
   15.094262     61.884800
   14.980221     61.951200
   14.865387     62.017600
   14.749743     62.084000
   14.633268     62.150400
   14.515942     62.216800
   14.397745     62.283200
   14.278655     62.349600
   14.158649     62.416000
   14.037703     62.482400
   13.915793     62.548800
   13.792893     62.615200
   13.668976     62.681600
   13.544014     62.748000
   13.417979     62.814400
   13.290838     62.880800
   13.162560     62.947200
   13.033111     63.013600
   12.902457     63.080000
   12.770558     63.146400
   12.637378     63.212800
   12.502873     63.279200
   12.367002     63.345600
   12.229718     63.412000
   12.090973     63.478400
   11.950716     63.544800
   11.808894     63.611200
   11.665447     63.677600
   11.520317     63.744000
   11.373437     63.810400
   11.224741     63.876800
   11.074153     63.943200
   10.921595     64.009600
   10.766985     64.076000
   10.610231     64.142400
   10.451237     64.208800
   10.289899     64.275200
   10.126106     64.341600
    9.959734     64.408000
    9.790654     64.474400
    9.618722     64.540800
    9.443781     64.607200
    9.265662     64.673600
    9.084177     64.740000
    8.899120     64.806400
    8.710263     64.872800
    8.517354     64.939200
    8.320109     65.005600
    8.118213     65.072000
    7.911309     65.138400
    7.698995     65.204800
    7.480807     65.271200
    7.256218     65.337600
    7.024611     65.404000
    6.785269     65.470400
    6.537342     65.536800
    6.279812     65.603200
    6.011446     65.669600
    5.730721     65.736000
    5.435721     65.802400
    5.123983     65.868800
    4.792239     65.935200
    4.436004     66.001600
    4.048817     66.068000
    3.620763     66.134400
    3.135146     66.200800
    2.559406     66.267200
    1.809470     66.333600
    0.000000     66.400000
