#kinematics calculation by https://skisickness.com/math-physics/kinematics/
#vertex z = 300, E = 52.1 MeV
#scattered particle
#angle [deg], energy [MeV]
   90.000000     -0.000000
   88.185737      0.052100
   87.433818      0.104200
   86.856560      0.156300
   86.369664      0.208400
   85.940485      0.260500
   85.552284      0.312600
   85.195116      0.364700
   84.862506      0.416800
   84.549955      0.468900
   84.254189      0.521000
   83.972735      0.573100
   83.703673      0.625200
   83.445478      0.677300
   83.196911      0.729400
   82.956954      0.781500
   82.724752      0.833600
   82.499587      0.885700
   82.280841      0.937800
   82.067984      0.989900
   81.860554      1.042000
   81.658145      1.094100
   81.460400      1.146200
   81.267001      1.198300
   81.077667      1.250400
   80.892144      1.302500
   80.710202      1.354600
   80.531636      1.406700
   80.356257      1.458800
   80.183895      1.510900
   80.014393      1.563000
   79.847608      1.615100
   79.683407      1.667200
   79.521670      1.719300
   79.362283      1.771400
   79.205142      1.823500
   79.050151      1.875600
   78.897218      1.927700
   78.746261      1.979800
   78.597201      2.031900
   78.449963      2.084000
   78.304479      2.136100
   78.160684      2.188200
   78.018517      2.240300
   77.877920      2.292400
   77.738840      2.344500
   77.601226      2.396600
   77.465028      2.448700
   77.330201      2.500800
   77.196701      2.552900
   77.064488      2.605000
   76.933522      2.657100
   76.803766      2.709200
   76.675184      2.761300
   76.547742      2.813400
   76.421408      2.865500
   76.296152      2.917600
   76.171944      2.969700
   76.048756      3.021800
   75.926560      3.073900
   75.805332      3.126000
   75.685046      3.178100
   75.565679      3.230200
   75.447208      3.282300
   75.329611      3.334400
   75.212867      3.386500
   75.096956      3.438600
   74.981859      3.490700
   74.867556      3.542800
   74.754030      3.594900
   74.641264      3.647000
   74.529240      3.699100
   74.417943      3.751200
   74.307356      3.803300
   74.197466      3.855400
   74.088257      3.907500
   73.979715      3.959600
   73.871827      4.011700
   73.764579      4.063800
   73.657959      4.115900
   73.551955      4.168000
   73.446554      4.220100
   73.341744      4.272200
   73.237516      4.324300
   73.133857      4.376400
   73.030757      4.428500
   72.928207      4.480600
   72.826195      4.532700
   72.724713      4.584800
   72.623750      4.636900
   72.523298      4.689000
   72.423348      4.741100
   72.323892      4.793200
   72.224920      4.845300
   72.126424      4.897400
   72.028398      4.949500
   71.930832      5.001600
   71.833720      5.053700
   71.737054      5.105800
   71.640826      5.157900
   71.545031      5.210000
   71.449660      5.262100
   71.354708      5.314200
   71.260168      5.366300
   71.166033      5.418400
   71.072298      5.470500
   70.978956      5.522600
   70.886002      5.574700
   70.793429      5.626800
   70.701233      5.678900
   70.609407      5.731000
   70.517947      5.783100
   70.426846      5.835200
   70.336101      5.887300
   70.245705      5.939400
   70.155655      5.991500
   70.065945      6.043600
   69.976570      6.095700
   69.887526      6.147800
   69.798808      6.199900
   69.710413      6.252000
   69.622335      6.304100
   69.534571      6.356200
   69.447117      6.408300
   69.359967      6.460400
   69.273119      6.512500
   69.186568      6.564600
   69.100311      6.616700
   69.014344      6.668800
   68.928663      6.720900
   68.843265      6.773000
   68.758146      6.825100
   68.673303      6.877200
   68.588732      6.929300
   68.504430      6.981400
   68.420393      7.033500
   68.336619      7.085600
   68.253104      7.137700
   68.169846      7.189800
   68.086840      7.241900
   68.004085      7.294000
   67.921577      7.346100
   67.839314      7.398200
   67.757292      7.450300
   67.675509      7.502400
   67.593961      7.554500
   67.512648      7.606600
   67.431565      7.658700
   67.350710      7.710800
   67.270080      7.762900
   67.189674      7.815000
   67.109489      7.867100
   67.029521      7.919200
   66.949769      7.971300
   66.870231      8.023400
   66.790904      8.075500
   66.711786      8.127600
   66.632874      8.179700
   66.554167      8.231800
   66.475662      8.283900
   66.397358      8.336000
   66.319251      8.388100
   66.241340      8.440200
   66.163623      8.492300
   66.086098      8.544400
   66.008763      8.596500
   65.931616      8.648600
   65.854656      8.700700
   65.777879      8.752800
   65.701284      8.804900
   65.624871      8.857000
   65.548635      8.909100
   65.472577      8.961200
   65.396694      9.013300
   65.320984      9.065400
   65.245446      9.117500
   65.170078      9.169600
   65.094878      9.221700
   65.019845      9.273800
   64.944978      9.325900
   64.870273      9.378000
   64.795731      9.430100
   64.721349      9.482200
   64.647126      9.534300
   64.573060      9.586400
   64.499151      9.638500
   64.425395      9.690600
   64.351793      9.742700
   64.278342      9.794800
   64.205042      9.846900
   64.131890      9.899000
   64.058885      9.951100
   63.986027     10.003200
   63.913313     10.055300
   63.840742     10.107400
   63.768314     10.159500
   63.696026     10.211600
   63.623878     10.263700
   63.551868     10.315800
   63.479995     10.367900
   63.408258     10.420000
   63.336655     10.472100
   63.265186     10.524200
   63.193849     10.576300
   63.122643     10.628400
   63.051566     10.680500
   62.980619     10.732600
   62.909799     10.784700
   62.839105     10.836800
   62.768537     10.888900
   62.698093     10.941000
   62.627772     10.993100
   62.557574     11.045200
   62.487496     11.097300
   62.417539     11.149400
   62.347700     11.201500
   62.277980     11.253600
   62.208376     11.305700
   62.138889     11.357800
   62.069516     11.409900
   62.000258     11.462000
   61.931113     11.514100
   61.862079     11.566200
   61.793157     11.618300
   61.724346     11.670400
   61.655643     11.722500
   61.587049     11.774600
   61.518563     11.826700
   61.450183     11.878800
   61.381909     11.930900
   61.313739     11.983000
   61.245674     12.035100
   61.177712     12.087200
   61.109852     12.139300
   61.042094     12.191400
   60.974436     12.243500
   60.906878     12.295600
   60.839420     12.347700
   60.772059     12.399800
   60.704796     12.451900
   60.637629     12.504000
   60.570558     12.556100
   60.503582     12.608200
   60.436701     12.660300
   60.369913     12.712400
   60.303218     12.764500
   60.236615     12.816600
   60.170103     12.868700
   60.103682     12.920800
   60.037350     12.972900
   59.971108     13.025000
   59.904954     13.077100
   59.838888     13.129200
   59.772909     13.181300
   59.707016     13.233400
   59.641209     13.285500
   59.575487     13.337600
   59.509849     13.389700
   59.444294     13.441800
   59.378823     13.493900
   59.313434     13.546000
   59.248127     13.598100
   59.182901     13.650200
   59.117755     13.702300
   59.052688     13.754400
   58.987701     13.806500
   58.922793     13.858600
   58.857962     13.910700
   58.793209     13.962800
   58.728532     14.014900
   58.663932     14.067000
   58.599407     14.119100
   58.534957     14.171200
   58.470581     14.223300
   58.406279     14.275400
   58.342050     14.327500
   58.277894     14.379600
   58.213809     14.431700
   58.149796     14.483800
   58.085854     14.535900
   58.021983     14.588000
   57.958181     14.640100
   57.894449     14.692200
   57.830785     14.744300
   57.767189     14.796400
   57.703661     14.848500
   57.640201     14.900600
   57.576806     14.952700
   57.513478     15.004800
   57.450216     15.056900
   57.387019     15.109000
   57.323886     15.161100
   57.260817     15.213200
   57.197812     15.265300
   57.134870     15.317400
   57.071990     15.369500
   57.009173     15.421600
   56.946417     15.473700
   56.883722     15.525800
   56.821088     15.577900
   56.758514     15.630000
   56.696000     15.682100
   56.633545     15.734200
   56.571149     15.786300
   56.508812     15.838400
   56.446532     15.890500
   56.384309     15.942600
   56.322144     15.994700
   56.260035     16.046800
   56.197982     16.098900
   56.135984     16.151000
   56.074042     16.203100
   56.012155     16.255200
   55.950322     16.307300
   55.888543     16.359400
   55.826817     16.411500
   55.765144     16.463600
   55.703524     16.515700
   55.641956     16.567800
   55.580440     16.619900
   55.518976     16.672000
   55.457562     16.724100
   55.396199     16.776200
   55.334886     16.828300
   55.273623     16.880400
   55.212409     16.932500
   55.151244     16.984600
   55.090127     17.036700
   55.029059     17.088800
   54.968039     17.140900
   54.907066     17.193000
   54.846140     17.245100
   54.785260     17.297200
   54.724427     17.349300
   54.663640     17.401400
   54.602898     17.453500
   54.542201     17.505600
   54.481549     17.557700
   54.420942     17.609800
   54.360378     17.661900
   54.299858     17.714000
   54.239382     17.766100
   54.178948     17.818200
   54.118557     17.870300
   54.058208     17.922400
   53.997901     17.974500
   53.937635     18.026600
   53.877410     18.078700
   53.817227     18.130800
   53.757083     18.182900
   53.696980     18.235000
   53.636917     18.287100
   53.576893     18.339200
   53.516908     18.391300
   53.456962     18.443400
   53.397054     18.495500
   53.337184     18.547600
   53.277352     18.599700
   53.217557     18.651800
   53.157800     18.703900
   53.098079     18.756000
   53.038395     18.808100
   52.978747     18.860200
   52.919134     18.912300
   52.859557     18.964400
   52.800015     19.016500
   52.740508     19.068600
   52.681035     19.120700
   52.621597     19.172800
   52.562192     19.224900
   52.502821     19.277000
   52.443483     19.329100
   52.384179     19.381200
   52.324906     19.433300
   52.265666     19.485400
   52.206458     19.537500
   52.147282     19.589600
   52.088137     19.641700
   52.029024     19.693800
   51.969941     19.745900
   51.910888     19.798000
   51.851866     19.850100
   51.792874     19.902200
   51.733911     19.954300
   51.674978     20.006400
   51.616074     20.058500
   51.557198     20.110600
   51.498351     20.162700
   51.439532     20.214800
   51.380741     20.266900
   51.321977     20.319000
   51.263241     20.371100
   51.204532     20.423200
   51.145850     20.475300
   51.087194     20.527400
   51.028564     20.579500
   50.969960     20.631600
   50.911382     20.683700
   50.852829     20.735800
   50.794301     20.787900
   50.735798     20.840000
   50.677319     20.892100
   50.618864     20.944200
   50.560434     20.996300
   50.502027     21.048400
   50.443644     21.100500
   50.385284     21.152600
   50.326946     21.204700
   50.268632     21.256800
   50.210339     21.308900
   50.152069     21.361000
   50.093821     21.413100
   50.035594     21.465200
   49.977388     21.517300
   49.919204     21.569400
   49.861040     21.621500
   49.802896     21.673600
   49.744773     21.725700
   49.686670     21.777800
   49.628587     21.829900
   49.570523     21.882000
   49.512478     21.934100
   49.454452     21.986200
   49.396445     22.038300
   49.338456     22.090400
   49.280486     22.142500
   49.222533     22.194600
   49.164598     22.246700
   49.106681     22.298800
   49.048780     22.350900
   48.990897     22.403000
   48.933030     22.455100
   48.875180     22.507200
   48.817346     22.559300
   48.759527     22.611400
   48.701725     22.663500
   48.643937     22.715600
   48.586165     22.767700
   48.528408     22.819800
   48.470666     22.871900
   48.412938     22.924000
   48.355224     22.976100
   48.297524     23.028200
   48.239838     23.080300
   48.182165     23.132400
   48.124506     23.184500
   48.066860     23.236600
   48.009226     23.288700
   47.951604     23.340800
   47.893995     23.392900
   47.836398     23.445000
   47.778813     23.497100
   47.721239     23.549200
   47.663677     23.601300
   47.606126     23.653400
   47.548585     23.705500
   47.491055     23.757600
   47.433535     23.809700
   47.376026     23.861800
   47.318526     23.913900
   47.261036     23.966000
   47.203556     24.018100
   47.146084     24.070200
   47.088621     24.122300
   47.031167     24.174400
   46.973722     24.226500
   46.916285     24.278600
   46.858856     24.330700
   46.801434     24.382800
   46.744020     24.434900
   46.686613     24.487000
   46.629214     24.539100
   46.571821     24.591200
   46.514434     24.643300
   46.457055     24.695400
   46.399681     24.747500
   46.342313     24.799600
   46.284950     24.851700
   46.227594     24.903800
   46.170242     24.955900
   46.112895     25.008000
   46.055553     25.060100
   45.998216     25.112200
   45.940883     25.164300
   45.883553     25.216400
   45.826228     25.268500
   45.768906     25.320600
   45.711588     25.372700
   45.654272     25.424800
   45.596960     25.476900
   45.539650     25.529000
   45.482343     25.581100
   45.425038     25.633200
   45.367735     25.685300
   45.310433     25.737400
   45.253133     25.789500
   45.195834     25.841600
   45.138537     25.893700
   45.081240     25.945800
   45.023944     25.997900
   44.966648     26.050000
   44.909352     26.102100
   44.852056     26.154200
   44.794760     26.206300
   44.737464     26.258400
   44.680166     26.310500
   44.622868     26.362600
   44.565568     26.414700
   44.508267     26.466800
   44.450964     26.518900
   44.393659     26.571000
   44.336352     26.623100
   44.279043     26.675200
   44.221731     26.727300
   44.164416     26.779400
   44.107098     26.831500
   44.049777     26.883600
   43.992452     26.935700
   43.935123     26.987800
   43.877791     27.039900
   43.820454     27.092000
   43.763113     27.144100
   43.705767     27.196200
   43.648416     27.248300
   43.591060     27.300400
   43.533699     27.352500
   43.476332     27.404600
   43.418959     27.456700
   43.361580     27.508800
   43.304195     27.560900
   43.246803     27.613000
   43.189404     27.665100
   43.131999     27.717200
   43.074586     27.769300
   43.017166     27.821400
   42.959738     27.873500
   42.902302     27.925600
   42.844857     27.977700
   42.787405     28.029800
   42.729944     28.081900
   42.672474     28.134000
   42.614994     28.186100
   42.557506     28.238200
   42.500008     28.290300
   42.442500     28.342400
   42.384982     28.394500
   42.327453     28.446600
   42.269914     28.498700
   42.212365     28.550800
   42.154804     28.602900
   42.097232     28.655000
   42.039648     28.707100
   41.982053     28.759200
   41.924446     28.811300
   41.866827     28.863400
   41.809195     28.915500
   41.751550     28.967600
   41.693893     29.019700
   41.636222     29.071800
   41.578538     29.123900
   41.520840     29.176000
   41.463128     29.228100
   41.405402     29.280200
   41.347662     29.332300
   41.289907     29.384400
   41.232137     29.436500
   41.174352     29.488600
   41.116552     29.540700
   41.058736     29.592800
   41.000904     29.644900
   40.943056     29.697000
   40.885192     29.749100
   40.827310     29.801200
   40.769413     29.853300
   40.711497     29.905400
   40.653565     29.957500
   40.595615     30.009600
   40.537647     30.061700
   40.479660     30.113800
   40.421656     30.165900
   40.363633     30.218000
   40.305590     30.270100
   40.247529     30.322200
   40.189448     30.374300
   40.131348     30.426400
   40.073227     30.478500
   40.015086     30.530600
   39.956925     30.582700
   39.898743     30.634800
   39.840540     30.686900
   39.782316     30.739000
   39.724071     30.791100
   39.665803     30.843200
   39.607513     30.895300
   39.549202     30.947400
   39.490867     30.999500
   39.432510     31.051600
   39.374129     31.103700
   39.315725     31.155800
   39.257298     31.207900
   39.198846     31.260000
   39.140370     31.312100
   39.081870     31.364200
   39.023345     31.416300
   38.964795     31.468400
   38.906220     31.520500
   38.847619     31.572600
   38.788992     31.624700
   38.730339     31.676800
   38.671659     31.728900
   38.612953     31.781000
   38.554219     31.833100
   38.495459     31.885200
   38.436671     31.937300
   38.377855     31.989400
   38.319011     32.041500
   38.260138     32.093600
   38.201237     32.145700
   38.142306     32.197800
   38.083346     32.249900
   38.024357     32.302000
   37.965338     32.354100
   37.906288     32.406200
   37.847208     32.458300
   37.788098     32.510400
   37.728956     32.562500
   37.669782     32.614600
   37.610577     32.666700
   37.551340     32.718800
   37.492071     32.770900
   37.432769     32.823000
   37.373434     32.875100
   37.314066     32.927200
   37.254664     32.979300
   37.195228     33.031400
   37.135758     33.083500
   37.076254     33.135600
   37.016715     33.187700
   36.957140     33.239800
   36.897531     33.291900
   36.837885     33.344000
   36.778203     33.396100
   36.718485     33.448200
   36.658730     33.500300
   36.598938     33.552400
   36.539109     33.604500
   36.479241     33.656600
   36.419336     33.708700
   36.359392     33.760800
   36.299410     33.812900
   36.239388     33.865000
   36.179327     33.917100
   36.119226     33.969200
   36.059085     34.021300
   35.998904     34.073400
   35.938681     34.125500
   35.878418     34.177600
   35.818113     34.229700
   35.757766     34.281800
   35.697377     34.333900
   35.636945     34.386000
   35.576470     34.438100
   35.515952     34.490200
   35.455391     34.542300
   35.394785     34.594400
   35.334135     34.646500
   35.273440     34.698600
   35.212699     34.750700
   35.151914     34.802800
   35.091082     34.854900
   35.030204     34.907000
   34.969279     34.959100
   34.908308     35.011200
   34.847289     35.063300
   34.786222     35.115400
   34.725106     35.167500
   34.663942     35.219600
   34.602730     35.271700
   34.541467     35.323800
   34.480155     35.375900
   34.418793     35.428000
   34.357380     35.480100
   34.295916     35.532200
   34.234400     35.584300
   34.172833     35.636400
   34.111213     35.688500
   34.049541     35.740600
   33.987815     35.792700
   33.926036     35.844800
   33.864203     35.896900
   33.802315     35.949000
   33.740373     36.001100
   33.678375     36.053200
   33.616322     36.105300
   33.554212     36.157400
   33.492046     36.209500
   33.429823     36.261600
   33.367542     36.313700
   33.305203     36.365800
   33.242806     36.417900
   33.180350     36.470000
   33.117835     36.522100
   33.055260     36.574200
   32.992624     36.626300
   32.929928     36.678400
   32.867170     36.730500
   32.804351     36.782600
   32.741469     36.834700
   32.678525     36.886800
   32.615517     36.938900
   32.552446     36.991000
   32.489310     37.043100
   32.426110     37.095200
   32.362845     37.147300
   32.299514     37.199400
   32.236116     37.251500
   32.172652     37.303600
   32.109121     37.355700
   32.045521     37.407800
   31.981854     37.459900
   31.918117     37.512000
   31.854311     37.564100
   31.790435     37.616200
   31.726488     37.668300
   31.662471     37.720400
   31.598382     37.772500
   31.534220     37.824600
   31.469986     37.876700
   31.405678     37.928800
   31.341296     37.980900
   31.276840     38.033000
   31.212309     38.085100
   31.147702     38.137200
   31.083019     38.189300
   31.018259     38.241400
   30.953421     38.293500
   30.888505     38.345600
   30.823511     38.397700
   30.758437     38.449800
   30.693283     38.501900
   30.628048     38.554000
   30.562733     38.606100
   30.497335     38.658200
   30.431855     38.710300
   30.366291     38.762400
   30.300644     38.814500
   30.234912     38.866600
   30.169095     38.918700
   30.103191     38.970800
   30.037202     39.022900
   29.971125     39.075000
   29.904960     39.127100
   29.838706     39.179200
   29.772363     39.231300
   29.705929     39.283400
   29.639405     39.335500
   29.572789     39.387600
   29.506081     39.439700
   29.439280     39.491800
   29.372385     39.543900
   29.305395     39.596000
   29.238309     39.648100
   29.171128     39.700200
   29.103850     39.752300
   29.036474     39.804400
   28.968999     39.856500
   28.901425     39.908600
   28.833751     39.960700
   28.765975     40.012800
   28.698098     40.064900
   28.630118     40.117000
   28.562035     40.169100
   28.493847     40.221200
   28.425554     40.273300
   28.357154     40.325400
   28.288648     40.377500
   28.220034     40.429600
   28.151310     40.481700
   28.082477     40.533800
   28.013534     40.585900
   27.944478     40.638000
   27.875310     40.690100
   27.806029     40.742200
   27.736632     40.794300
   27.667121     40.846400
   27.597493     40.898500
   27.527747     40.950600
   27.457883     41.002700
   27.387899     41.054800
   27.317795     41.106900
   27.247569     41.159000
   27.177220     41.211100
   27.106748     41.263200
   27.036150     41.315300
   26.965427     41.367400
   26.894577     41.419500
   26.823598     41.471600
   26.752490     41.523700
   26.681252     41.575800
   26.609882     41.627900
   26.538379     41.680000
   26.466742     41.732100
   26.394970     41.784200
   26.323061     41.836300
   26.251015     41.888400
   26.178830     41.940500
   26.106504     41.992600
   26.034037     42.044700
   25.961427     42.096800
   25.888674     42.148900
   25.815774     42.201000
   25.742728     42.253100
   25.669534     42.305200
   25.596190     42.357300
   25.522695     42.409400
   25.449047     42.461500
   25.375246     42.513600
   25.301289     42.565700
   25.227176     42.617800
   25.152904     42.669900
   25.078473     42.722000
   25.003880     42.774100
   24.929124     42.826200
   24.854204     42.878300
   24.779118     42.930400
   24.703863     42.982500
   24.628440     43.034600
   24.552845     43.086700
   24.477077     43.138800
   24.401135     43.190900
   24.325017     43.243000
   24.248721     43.295100
   24.172244     43.347200
   24.095586     43.399300
   24.018745     43.451400
   23.941718     43.503500
   23.864504     43.555600
   23.787100     43.607700
   23.709505     43.659800
   23.631717     43.711900
   23.553734     43.764000
   23.475553     43.816100
   23.397173     43.868200
   23.318592     43.920300
   23.239806     43.972400
   23.160815     44.024500
   23.081615     44.076600
   23.002205     44.128700
   22.922583     44.180800
   22.842745     44.232900
   22.762690     44.285000
   22.682414     44.337100
   22.601917     44.389200
   22.521195     44.441300
   22.440245     44.493400
   22.359065     44.545500
   22.277653     44.597600
   22.196006     44.649700
   22.114120     44.701800
   22.031994     44.753900
   21.949624     44.806000
   21.867008     44.858100
   21.784142     44.910200
   21.701024     44.962300
   21.617650     45.014400
   21.534018     45.066500
   21.450125     45.118600
   21.365966     45.170700
   21.281540     45.222800
   21.196842     45.274900
   21.111869     45.327000
   21.026618     45.379100
   20.941085     45.431200
   20.855267     45.483300
   20.769160     45.535400
   20.682760     45.587500
   20.596064     45.639600
   20.509067     45.691700
   20.421766     45.743800
   20.334157     45.795900
   20.246234     45.848000
   20.157996     45.900100
   20.069436     45.952200
   19.980550     46.004300
   19.891335     46.056400
   19.801785     46.108500
   19.711896     46.160600
   19.621663     46.212700
   19.531081     46.264800
   19.440145     46.316900
   19.348851     46.369000
   19.257192     46.421100
   19.165163     46.473200
   19.072760     46.525300
   18.979976     46.577400
   18.886805     46.629500
   18.793243     46.681600
   18.699282     46.733700
   18.604916     46.785800
   18.510140     46.837900
   18.414947     46.890000
   18.319330     46.942100
   18.223282     46.994200
   18.126797     47.046300
   18.029867     47.098400
   17.932485     47.150500
   17.834643     47.202600
   17.736334     47.254700
   17.637550     47.306800
   17.538282     47.358900
   17.438523     47.411000
   17.338263     47.463100
   17.237494     47.515200
   17.136206     47.567300
   17.034390     47.619400
   16.932037     47.671500
   16.829137     47.723600
   16.725679     47.775700
   16.621653     47.827800
   16.517048     47.879900
   16.411853     47.932000
   16.306056     47.984100
   16.199645     48.036200
   16.092608     48.088300
   15.984932     48.140400
   15.876605     48.192500
   15.767612     48.244600
   15.657939     48.296700
   15.547573     48.348800
   15.436498     48.400900
   15.324698     48.453000
   15.212157     48.505100
   15.098859     48.557200
   14.984786     48.609300
   14.869921     48.661400
   14.754244     48.713500
   14.637737     48.765600
   14.520379     48.817700
   14.402149     48.869800
   14.283025     48.921900
   14.162985     48.974000
   14.042005     49.026100
   13.920061     49.078200
   13.797126     49.130300
   13.673174     49.182400
   13.548177     49.234500
   13.422106     49.286600
   13.294929     49.338700
   13.166614     49.390800
   13.037128     49.442900
   12.906436     49.495000
   12.774500     49.547100
   12.641281     49.599200
   12.506738     49.651300
   12.370827     49.703400
   12.233504     49.755500
   12.094718     49.807600
   11.954420     49.859700
   11.812556     49.911800
   11.669068     49.963900
   11.523895     50.016000
   11.376972     50.068100
   11.228232     50.120200
   11.077599     50.172300
   10.924997     50.224400
   10.770340     50.276500
   10.613540     50.328600
   10.454499     50.380700
   10.293113     50.432800
   10.129270     50.484900
    9.962849     50.537000
    9.793718     50.589100
    9.621734     50.641200
    9.446741     50.693300
    9.268568     50.745400
    9.087028     50.797500
    8.901915     50.849600
    8.713000     50.901700
    8.520032     50.953800
    8.322727     51.005900
    8.120769     51.058000
    7.913802     51.110100
    7.701422     51.162200
    7.483167     51.214300
    7.258508     51.266400
    7.026830     51.318500
    6.787414     51.370600
    6.539410     51.422700
    6.281800     51.474800
    6.013350     51.526900
    5.732537     51.579000
    5.437445     51.631100
    5.125609     51.683200
    4.793761     51.735300
    4.437414     51.787400
    4.050105     51.839500
    3.621916     51.891600
    3.136144     51.943700
    2.560222     51.995800
    1.810047     52.047900
    0.000000     52.100000
