#kinematics calculation by https://skisickness.com/math-physics/kinematics/
#vertex z = 800, E = 6.19 MeV
#scattered particle
#angle [deg], energy [MeV]
   90.000000      0.000000
   88.187595      0.006190
   87.436446      0.012380
   86.859776      0.018570
   86.373376      0.024760
   85.944633      0.030950
   85.556825      0.037140
   85.200019      0.043330
   84.867745      0.049520
   84.555509      0.055710
   84.260040      0.061900
   83.978869      0.068090
   83.710077      0.074280
   83.452140      0.080470
   83.203821      0.086660
   82.964102      0.092850
   82.732131      0.099040
   82.507189      0.105230
   82.288660      0.111420
   82.076013      0.117610
   81.868787      0.123800
   81.666577      0.129990
   81.469026      0.136180
   81.275817      0.142370
   81.086668      0.148560
   80.901325      0.154750
   80.719561      0.160940
   80.541168      0.167130
   80.365959      0.173320
   80.193763      0.179510
   80.024425      0.185700
   79.857800      0.191890
   79.693757      0.198080
   79.532175      0.204270
   79.372940      0.210460
   79.215949      0.216650
   79.061106      0.222840
   78.908319      0.229030
   78.757505      0.235220
   78.608585      0.241410
   78.461486      0.247600
   78.316139      0.253790
   78.172479      0.259980
   78.030446      0.266170
   77.889981      0.272360
   77.751031      0.278550
   77.613545      0.284740
   77.477473      0.290930
   77.342771      0.297120
   77.209396      0.303310
   77.077304      0.309500
   76.946459      0.315690
   76.816822      0.321880
   76.688358      0.328070
   76.561033      0.334260
   76.434815      0.340450
   76.309673      0.346640
   76.185578      0.352830
   76.062501      0.359020
   75.940416      0.365210
   75.819298      0.371400
   75.699120      0.377590
   75.579860      0.383780
   75.461495      0.389970
   75.344004      0.396160
   75.227364      0.402350
   75.111556      0.408540
   74.996561      0.414730
   74.882360      0.420920
   74.768934      0.427110
   74.656267      0.433300
   74.544342      0.439490
   74.433143      0.445680
   74.322653      0.451870
   74.212859      0.458060
   74.103745      0.464250
   73.995298      0.470440
   73.887503      0.476630
   73.780348      0.482820
   73.673821      0.489010
   73.567907      0.495200
   73.462597      0.501390
   73.357878      0.507580
   73.253738      0.513770
   73.150168      0.519960
   73.047156      0.526150
   72.944693      0.532340
   72.842768      0.538530
   72.741371      0.544720
   72.640494      0.550910
   72.540126      0.557100
   72.440260      0.563290
   72.340887      0.569480
   72.241998      0.575670
   72.143585      0.581860
   72.045639      0.588050
   71.948155      0.594240
   71.851123      0.600430
   71.754536      0.606620
   71.658388      0.612810
   71.562671      0.619000
   71.467379      0.625190
   71.372504      0.631380
   71.278041      0.637570
   71.183983      0.643760
   71.090324      0.649950
   70.997057      0.656140
   70.904178      0.662330
   70.811680      0.668520
   70.719558      0.674710
   70.627805      0.680900
   70.536418      0.687090
   70.445390      0.693280
   70.354717      0.699470
   70.264393      0.705660
   70.174413      0.711850
   70.084774      0.718040
   69.995469      0.724230
   69.906495      0.730420
   69.817847      0.736610
   69.729521      0.742800
   69.641512      0.748990
   69.553816      0.755180
   69.466429      0.761370
   69.379346      0.767560
   69.292565      0.773750
   69.206081      0.779940
   69.119890      0.786130
   69.033989      0.792320
   68.948373      0.798510
   68.863040      0.804700
   68.777985      0.810890
   68.693206      0.817080
   68.608698      0.823270
   68.524459      0.829460
   68.440486      0.835650
   68.356774      0.841840
   68.273322      0.848030
   68.190125      0.854220
   68.107181      0.860410
   68.024487      0.866600
   67.942040      0.872790
   67.859837      0.878980
   67.777875      0.885170
   67.696152      0.891360
   67.614664      0.897550
   67.533410      0.903740
   67.452385      0.909930
   67.371589      0.916120
   67.291018      0.922310
   67.210669      0.928500
   67.130541      0.934690
   67.050631      0.940880
   66.970936      0.947070
   66.891454      0.953260
   66.812183      0.959450
   66.733121      0.965640
   66.654265      0.971830
   66.575613      0.978020
   66.497163      0.984210
   66.418913      0.990400
   66.340861      0.996590
   66.263004      1.002780
   66.185341      1.008970
   66.107869      1.015160
   66.030588      1.021350
   65.953493      1.027540
   65.876585      1.033730
   65.799861      1.039920
   65.723318      1.046110
   65.646956      1.052300
   65.570773      1.058490
   65.494765      1.064680
   65.418933      1.070870
   65.343274      1.077060
   65.267786      1.083250
   65.192469      1.089440
   65.117319      1.095630
   65.042335      1.101820
   64.967517      1.108010
   64.892862      1.114200
   64.818368      1.120390
   64.744035      1.126580
   64.669860      1.132770
   64.595843      1.138960
   64.521981      1.145150
   64.448273      1.151340
   64.374718      1.157530
   64.301314      1.163720
   64.228060      1.169910
   64.154955      1.176100
   64.081997      1.182290
   64.009184      1.188480
   63.936516      1.194670
   63.863991      1.200860
   63.791608      1.207050
   63.719366      1.213240
   63.647262      1.219430
   63.575297      1.225620
   63.503468      1.231810
   63.431775      1.238000
   63.360217      1.244190
   63.288791      1.250380
   63.217497      1.256570
   63.146335      1.262760
   63.075301      1.268950
   63.004397      1.275140
   62.933619      1.281330
   62.862968      1.287520
   62.792442      1.293710
   62.722040      1.299900
   62.651761      1.306090
   62.581604      1.312280
   62.511568      1.318470
   62.441651      1.324660
   62.371854      1.330850
   62.302174      1.337040
   62.232611      1.343230
   62.163163      1.349420
   62.093831      1.355610
   62.024612      1.361800
   61.955507      1.367990
   61.886513      1.374180
   61.817630      1.380370
   61.748857      1.386560
   61.680194      1.392750
   61.611638      1.398940
   61.543190      1.405130
   61.474848      1.411320
   61.406612      1.417510
   61.338481      1.423700
   61.270453      1.429890
   61.202528      1.436080
   61.134706      1.442270
   61.066984      1.448460
   60.999364      1.454650
   60.931842      1.460840
   60.864420      1.467030
   60.797095      1.473220
   60.729868      1.479410
   60.662737      1.485600
   60.595702      1.491790
   60.528762      1.497980
   60.461916      1.504170
   60.395163      1.510360
   60.328503      1.516550
   60.261934      1.522740
   60.195457      1.528930
   60.129070      1.535120
   60.062773      1.541310
   59.996565      1.547500
   59.930445      1.553690
   59.864412      1.559880
   59.798466      1.566070
   59.732607      1.572260
   59.666833      1.578450
   59.601144      1.584640
   59.535538      1.590830
   59.470017      1.597020
   59.404578      1.603210
   59.339221      1.609400
   59.273946      1.615590
   59.208751      1.621780
   59.143637      1.627970
   59.078603      1.634160
   59.013647      1.640350
   58.948770      1.646540
   58.883970      1.652730
   58.819248      1.658920
   58.754602      1.665110
   58.690032      1.671300
   58.625537      1.677490
   58.561117      1.683680
   58.496771      1.689870
   58.432499      1.696060
   58.368300      1.702250
   58.304173      1.708440
   58.240118      1.714630
   58.176134      1.720820
   58.112221      1.727010
   58.048378      1.733200
   57.984605      1.739390
   57.920901      1.745580
   57.857266      1.751770
   57.793699      1.757960
   57.730199      1.764150
   57.666766      1.770340
   57.603399      1.776530
   57.540099      1.782720
   57.476864      1.788910
   57.413694      1.795100
   57.350588      1.801290
   57.287546      1.807480
   57.224568      1.813670
   57.161652      1.819860
   57.098799      1.826050
   57.036008      1.832240
   56.973279      1.838430
   56.910610      1.844620
   56.848002      1.850810
   56.785454      1.857000
   56.722965      1.863190
   56.660536      1.869380
   56.598165      1.875570
   56.535852      1.881760
   56.473597      1.887950
   56.411399      1.894140
   56.349258      1.900330
   56.287174      1.906520
   56.225145      1.912710
   56.163172      1.918900
   56.101254      1.925090
   56.039391      1.931280
   55.977581      1.937470
   55.915826      1.943660
   55.854123      1.949850
   55.792474      1.956040
   55.730877      1.962230
   55.669332      1.968420
   55.607839      1.974610
   55.546397      1.980800
   55.485006      1.986990
   55.423665      1.993180
   55.362375      1.999370
   55.301134      2.005560
   55.239942      2.011750
   55.178799      2.017940
   55.117704      2.024130
   55.056657      2.030320
   54.995658      2.036510
   54.934707      2.042700
   54.873802      2.048890
   54.812943      2.055080
   54.752131      2.061270
   54.691364      2.067460
   54.630643      2.073650
   54.569967      2.079840
   54.509335      2.086030
   54.448748      2.092220
   54.388204      2.098410
   54.327704      2.104600
   54.267247      2.110790
   54.206833      2.116980
   54.146462      2.123170
   54.086132      2.129360
   54.025844      2.135550
   53.965597      2.141740
   53.905392      2.147930
   53.845227      2.154120
   53.785102      2.160310
   53.725018      2.166500
   53.664973      2.172690
   53.604967      2.178880
   53.545000      2.185070
   53.485072      2.191260
   53.425182      2.197450
   53.365330      2.203640
   53.305515      2.209830
   53.245738      2.216020
   53.185998      2.222210
   53.126294      2.228400
   53.066627      2.234590
   53.006996      2.240780
   52.947400      2.246970
   52.887839      2.253160
   52.828314      2.259350
   52.768823      2.265540
   52.709367      2.271730
   52.649945      2.277920
   52.590556      2.284110
   52.531201      2.290300
   52.471879      2.296490
   52.412589      2.302680
   52.353333      2.308870
   52.294108      2.315060
   52.234915      2.321250
   52.175754      2.327440
   52.116624      2.333630
   52.057525      2.339820
   51.998457      2.346010
   51.939419      2.352200
   51.880412      2.358390
   51.821434      2.364580
   51.762485      2.370770
   51.703566      2.376960
   51.644676      2.383150
   51.585814      2.389340
   51.526980      2.395530
   51.468175      2.401720
   51.409397      2.407910
   51.350647      2.414100
   51.291924      2.420290
   51.233228      2.426480
   51.174558      2.432670
   51.115915      2.438860
   51.057298      2.445050
   50.998706      2.451240
   50.940141      2.457430
   50.881600      2.463620
   50.823084      2.469810
   50.764593      2.476000
   50.706126      2.482190
   50.647684      2.488380
   50.589265      2.494570
   50.530870      2.500760
   50.472498      2.506950
   50.414149      2.513140
   50.355823      2.519330
   50.297519      2.525520
   50.239238      2.531710
   50.180978      2.537900
   50.122740      2.544090
   50.064524      2.550280
   50.006329      2.556470
   49.948154      2.562660
   49.890001      2.568850
   49.831867      2.575040
   49.773754      2.581230
   49.715661      2.587420
   49.657587      2.593610
   49.599533      2.599800
   49.541497      2.605990
   49.483481      2.612180
   49.425483      2.618370
   49.367503      2.624560
   49.309541      2.630750
   49.251598      2.636940
   49.193671      2.643130
   49.135763      2.649320
   49.077871      2.655510
   49.019996      2.661700
   48.962137      2.667890
   48.904295      2.674080
   48.846468      2.680270
   48.788658      2.686460
   48.730863      2.692650
   48.673084      2.698840
   48.615319      2.705030
   48.557569      2.711220
   48.499834      2.717410
   48.442113      2.723600
   48.384407      2.729790
   48.326714      2.735980
   48.269034      2.742170
   48.211368      2.748360
   48.153715      2.754550
   48.096075      2.760740
   48.038448      2.766930
   47.980833      2.773120
   47.923230      2.779310
   47.865638      2.785500
   47.808059      2.791690
   47.750491      2.797880
   47.692934      2.804070
   47.635388      2.810260
   47.577853      2.816450
   47.520328      2.822640
   47.462814      2.828830
   47.405309      2.835020
   47.347814      2.841210
   47.290329      2.847400
   47.232853      2.853590
   47.175386      2.859780
   47.117928      2.865970
   47.060478      2.872160
   47.003037      2.878350
   46.945603      2.884540
   46.888178      2.890730
   46.830760      2.896920
   46.773350      2.903110
   46.715947      2.909300
   46.658551      2.915490
   46.601161      2.921680
   46.543778      2.927870
   46.486401      2.934060
   46.429030      2.940250
   46.371665      2.946440
   46.314306      2.952630
   46.256951      2.958820
   46.199602      2.965010
   46.142258      2.971200
   46.084918      2.977390
   46.027583      2.983580
   45.970252      2.989770
   45.912924      2.995960
   45.855601      3.002150
   45.798281      3.008340
   45.740964      3.014530
   45.683650      3.020720
   45.626339      3.026910
   45.569030      3.033100
   45.511724      3.039290
   45.454420      3.045480
   45.397117      3.051670
   45.339817      3.057860
   45.282517      3.064050
   45.225219      3.070240
   45.167922      3.076430
   45.110625      3.082620
   45.053329      3.088810
   44.996033      3.095000
   44.938738      3.101190
   44.881442      3.107380
   44.824145      3.113570
   44.766848      3.119760
   44.709550      3.125950
   44.652251      3.132140
   44.594950      3.138330
   44.537648      3.144520
   44.480344      3.150710
   44.423038      3.156900
   44.365730      3.163090
   44.308419      3.169280
   44.251106      3.175470
   44.193789      3.181660
   44.136470      3.187850
   44.079146      3.194040
   44.021820      3.200230
   43.964489      3.206420
   43.907154      3.212610
   43.849815      3.218800
   43.792471      3.224990
   43.735123      3.231180
   43.677769      3.237370
   43.620411      3.243560
   43.563046      3.249750
   43.505676      3.255940
   43.448300      3.262130
   43.390918      3.268320
   43.333529      3.274510
   43.276134      3.280700
   43.218732      3.286890
   43.161323      3.293080
   43.103906      3.299270
   43.046482      3.305460
   42.989050      3.311650
   42.931609      3.317840
   42.874161      3.324030
   42.816704      3.330220
   42.759238      3.336410
   42.701763      3.342600
   42.644279      3.348790
   42.586786      3.354980
   42.529282      3.361170
   42.471769      3.367360
   42.414246      3.373550
   42.356712      3.379740
   42.299168      3.385930
   42.241612      3.392120
   42.184046      3.398310
   42.126468      3.404500
   42.068879      3.410690
   42.011277      3.416880
   41.953664      3.423070
   41.896038      3.429260
   41.838400      3.435450
   41.780749      3.441640
   41.723084      3.447830
   41.665407      3.454020
   41.607716      3.460210
   41.550011      3.466400
   41.492292      3.472590
   41.434559      3.478780
   41.376811      3.484970
   41.319048      3.491160
   41.261271      3.497350
   41.203478      3.503540
   41.145670      3.509730
   41.087846      3.515920
   41.030006      3.522110
   40.972149      3.528300
   40.914277      3.534490
   40.856387      3.540680
   40.798480      3.546870
   40.740556      3.553060
   40.682615      3.559250
   40.624656      3.565440
   40.566679      3.571630
   40.508683      3.577820
   40.450669      3.584010
   40.392636      3.590200
   40.334585      3.596390
   40.276513      3.602580
   40.218423      3.608770
   40.160312      3.614960
   40.102182      3.621150
   40.044031      3.627340
   39.985859      3.633530
   39.927667      3.639720
   39.869453      3.645910
   39.811218      3.652100
   39.752962      3.658290
   39.694683      3.664480
   39.636383      3.670670
   39.578059      3.676860
   39.519714      3.683050
   39.461345      3.689240
   39.402953      3.695430
   39.344537      3.701620
   39.286098      3.707810
   39.227634      3.714000
   39.169146      3.720190
   39.110634      3.726380
   39.052096      3.732570
   38.993534      3.738760
   38.934946      3.744950
   38.876332      3.751140
   38.817692      3.757330
   38.759026      3.763520
   38.700334      3.769710
   38.641614      3.775900
   38.582868      3.782090
   38.524093      3.788280
   38.465292      3.794470
   38.406462      3.800660
   38.347604      3.806850
   38.288717      3.813040
   38.229802      3.819230
   38.170857      3.825420
   38.111883      3.831610
   38.052879      3.837800
   37.993845      3.843990
   37.934781      3.850180
   37.875686      3.856370
   37.816560      3.862560
   37.757403      3.868750
   37.698215      3.874940
   37.638994      3.881130
   37.579742      3.887320
   37.520457      3.893510
   37.461139      3.899700
   37.401788      3.905890
   37.342404      3.912080
   37.282986      3.918270
   37.223534      3.924460
   37.164047      3.930650
   37.104526      3.936840
   37.044970      3.943030
   36.985379      3.949220
   36.925752      3.955410
   36.866090      3.961600
   36.806391      3.967790
   36.746655      3.973980
   36.686883      3.980170
   36.627073      3.986360
   36.567226      3.992550
   36.507341      3.998740
   36.447417      4.004930
   36.387455      4.011120
   36.327455      4.017310
   36.267415      4.023500
   36.207335      4.029690
   36.147215      4.035880
   36.087056      4.042070
   36.026855      4.048260
   35.966614      4.054450
   35.906331      4.060640
   35.846006      4.066830
   35.785640      4.073020
   35.725231      4.079210
   35.664780      4.085400
   35.604285      4.091590
   35.543747      4.097780
   35.483165      4.103970
   35.422539      4.110160
   35.361868      4.116350
   35.301152      4.122540
   35.240391      4.128730
   35.179585      4.134920
   35.118732      4.141110
   35.057833      4.147300
   34.996887      4.153490
   34.935894      4.159680
   34.874853      4.165870
   34.813764      4.172060
   34.752627      4.178250
   34.691441      4.184440
   34.630206      4.190630
   34.568921      4.196820
   34.507586      4.203010
   34.446201      4.209200
   34.384766      4.215390
   34.323279      4.221580
   34.261740      4.227770
   34.200149      4.233960
   34.138506      4.240150
   34.076810      4.246340
   34.015061      4.252530
   33.953258      4.258720
   33.891401      4.264910
   33.829490      4.271100
   33.767523      4.277290
   33.705501      4.283480
   33.643423      4.289670
   33.581289      4.295860
   33.519098      4.302050
   33.456850      4.308240
   33.394544      4.314430
   33.332180      4.320620
   33.269757      4.326810
   33.207275      4.333000
   33.144734      4.339190
   33.082133      4.345380
   33.019471      4.351570
   32.956749      4.357760
   32.893965      4.363950
   32.831119      4.370140
   32.768211      4.376330
   32.705239      4.382520
   32.642205      4.388710
   32.579107      4.394900
   32.515944      4.401090
   32.452716      4.407280
   32.389423      4.413470
   32.326064      4.419660
   32.262639      4.425850
   32.199147      4.432040
   32.135587      4.438230
   32.071959      4.444420
   32.008263      4.450610
   31.944498      4.456800
   31.880663      4.462990
   31.816758      4.469180
   31.752782      4.475370
   31.688735      4.481560
   31.624616      4.487750
   31.560425      4.493940
   31.496160      4.500130
   31.431823      4.506320
   31.367411      4.512510
   31.302924      4.518700
   31.238363      4.524890
   31.173725      4.531080
   31.109011      4.537270
   31.044220      4.543460
   30.979351      4.549650
   30.914403      4.555840
   30.849377      4.562030
   30.784272      4.568220
   30.719086      4.574410
   30.653819      4.580600
   30.588471      4.586790
   30.523041      4.592980
   30.457528      4.599170
   30.391932      4.605360
   30.326252      4.611550
   30.260486      4.617740
   30.194636      4.623930
   30.128699      4.630120
   30.062676      4.636310
   29.996565      4.642500
   29.930366      4.648690
   29.864078      4.654880
   29.797700      4.661070
   29.731232      4.667260
   29.664673      4.673450
   29.598022      4.679640
   29.531279      4.685830
   29.464442      4.692020
   29.397512      4.698210
   29.330486      4.704400
   29.263365      4.710590
   29.196148      4.716780
   29.128833      4.722970
   29.061420      4.729160
   28.993909      4.735350
   28.926298      4.741540
   28.858587      4.747730
   28.790774      4.753920
   28.722860      4.760110
   28.654842      4.766300
   28.586721      4.772490
   28.518495      4.778680
   28.450164      4.784870
   28.381726      4.791060
   28.313181      4.797250
   28.244528      4.803440
   28.175765      4.809630
   28.106893      4.815820
   28.037910      4.822010
   27.968815      4.828200
   27.899607      4.834390
   27.830285      4.840580
   27.760849      4.846770
   27.691297      4.852960
   27.621628      4.859150
   27.551842      4.865340
   27.481936      4.871530
   27.411911      4.877720
   27.341765      4.883910
   27.271498      4.890100
   27.201107      4.896290
   27.130592      4.902480
   27.059952      4.908670
   26.989187      4.914860
   26.918293      4.921050
   26.847272      4.927240
   26.776121      4.933430
   26.704839      4.939620
   26.633425      4.945810
   26.561878      4.952000
   26.490197      4.958190
   26.418380      4.964380
   26.346427      4.970570
   26.274336      4.976760
   26.202105      4.982950
   26.129735      4.989140
   26.057222      4.995330
   25.984566      5.001520
   25.911766      5.007710
   25.838821      5.013900
   25.765728      5.020090
   25.692487      5.026280
   25.619096      5.032470
   25.545553      5.038660
   25.471858      5.044850
   25.398009      5.051040
   25.324005      5.057230
   25.249843      5.063420
   25.175523      5.069610
   25.101043      5.075800
   25.026401      5.081990
   24.951595      5.088180
   24.876626      5.094370
   24.801489      5.100560
   24.726185      5.106750
   24.650711      5.112940
   24.575065      5.119130
   24.499247      5.125320
   24.423254      5.131510
   24.347084      5.137700
   24.270736      5.143890
   24.194207      5.150080
   24.117497      5.156270
   24.040603      5.162460
   23.963523      5.168650
   23.886256      5.174840
   23.808799      5.181030
   23.731150      5.187220
   23.653308      5.193410
   23.575270      5.199600
   23.497035      5.205790
   23.418600      5.211980
   23.339963      5.218170
   23.261122      5.224360
   23.182075      5.230550
   23.102819      5.236740
   23.023352      5.242930
   22.943673      5.249120
   22.863778      5.255310
   22.783665      5.261500
   22.703333      5.267690
   22.622777      5.273880
   22.541996      5.280070
   22.460988      5.286260
   22.379749      5.292450
   22.298278      5.298640
   22.216570      5.304830
   22.134625      5.311020
   22.052438      5.317210
   21.970007      5.323400
   21.887330      5.329590
   21.804402      5.335780
   21.721222      5.341970
   21.637787      5.348160
   21.554092      5.354350
   21.470136      5.360540
   21.385914      5.366730
   21.301424      5.372920
   21.216662      5.379110
   21.131624      5.385300
   21.046309      5.391490
   20.960711      5.397680
   20.874827      5.403870
   20.788654      5.410060
   20.702188      5.416250
   20.615424      5.422440
   20.528360      5.428630
   20.440991      5.434820
   20.353314      5.441010
   20.265323      5.447200
   20.177015      5.453390
   20.088386      5.459580
   19.999431      5.465770
   19.910145      5.471960
   19.820525      5.478150
   19.730565      5.484340
   19.640260      5.490530
   19.549606      5.496720
   19.458598      5.502910
   19.367230      5.509100
   19.275498      5.515290
   19.183395      5.521480
   19.090917      5.527670
   18.998058      5.533860
   18.904812      5.540050
   18.811174      5.546240
   18.717136      5.552430
   18.622694      5.558620
   18.527840      5.564810
   18.432569      5.571000
   18.336873      5.577190
   18.240746      5.583380
   18.144181      5.589570
   18.047171      5.595760
   17.949708      5.601950
   17.851785      5.608140
   17.753394      5.614330
   17.654527      5.620520
   17.555176      5.626710
   17.455333      5.632900
   17.354988      5.639090
   17.254134      5.645280
   17.152761      5.651470
   17.050859      5.657660
   16.948419      5.663850
   16.845431      5.670040
   16.741884      5.676230
   16.637769      5.682420
   16.533074      5.688610
   16.427788      5.694800
   16.321900      5.700990
   16.215397      5.707180
   16.108267      5.713370
   16.000498      5.719560
   15.892076      5.725750
   15.782988      5.731940
   15.673219      5.738130
   15.562756      5.744320
   15.451583      5.750510
   15.339685      5.756700
   15.227044      5.762890
   15.113646      5.769080
   14.999472      5.775270
   14.884505      5.781460
   14.768725      5.787650
   14.652113      5.793840
   14.534650      5.800030
   14.416313      5.806220
   14.297083      5.812410
   14.176934      5.818600
   14.055845      5.824790
   13.933790      5.830980
   13.810744      5.837170
   13.686679      5.843360
   13.561568      5.849550
   13.435381      5.855740
   13.308088      5.861930
   13.179655      5.868120
   13.050050      5.874310
   12.919237      5.880500
   12.787179      5.886690
   12.653837      5.892880
   12.519169      5.899070
   12.383132      5.905260
   12.245680      5.911450
   12.106765      5.917640
   11.966335      5.923830
   11.824338      5.930020
   11.680715      5.936210
   11.535405      5.942400
   11.388343      5.948590
   11.239462      5.954780
   11.088686      5.960970
   10.935939      5.967160
   10.781135      5.973350
   10.624184      5.979540
   10.464991      5.985730
   10.303450      5.991920
   10.139450      5.998110
    9.972869      6.004300
    9.803574      6.010490
    9.631424      6.016680
    9.456261      6.022870
    9.277914      6.029060
    9.096198      6.035250
    8.910904      6.041440
    8.721805      6.047630
    8.528647      6.053820
    8.331148      6.060010
    8.128992      6.066200
    7.921821      6.072390
    7.709231      6.078580
    7.490760      6.084770
    7.265878      6.090960
    7.033970      6.097150
    6.794315      6.103340
    6.546063      6.109530
    6.288196      6.115720
    6.019476      6.121910
    5.738381      6.128100
    5.442992      6.134290
    5.130841      6.140480
    4.798658      6.146670
    4.441950      6.152860
    4.054248      6.159050
    3.625623      6.165240
    3.139356      6.171430
    2.562846      6.177620
    1.811903      6.183810
    0.000000      6.190000
