#kinematics calculation of gsex
#vertex z = 350 mm, E_reaction = 48.784 MeV
#theta_cm, theta3_lab, Ek3_lab, theta4_lab, Ek4_lab
0 0 44.2319 0 0.112105
0.1 0.0474435 44.2319 0.943033 0.112139
0.2 0.0948869 44.2318 1.88547 0.11224
0.3 0.14233 44.2316 2.82672 0.112408
0.4 0.189774 44.2314 3.7662 0.112643
0.5 0.237217 44.2311 4.70332 0.112945
0.6 0.284661 44.2307 5.6375 0.113315
0.7 0.332104 44.2302 6.56819 0.113752
0.8 0.379547 44.2297 7.49484 0.114256
0.9 0.426991 44.2292 8.4169 0.114827
1 0.474434 44.2285 9.33385 0.115465
1.1 0.521877 44.2278 10.2452 0.116171
1.2 0.56932 44.2271 11.1504 0.116944
1.3 0.616764 44.2262 12.0491 0.117784
1.4 0.664207 44.2253 12.9408 0.118691
1.5 0.71165 44.2243 13.825 0.119665
1.6 0.759093 44.2233 14.7015 0.120706
1.7 0.806536 44.2222 15.5697 0.121815
1.8 0.853979 44.221 16.4293 0.122991
1.9 0.901421 44.2198 17.28 0.124234
2 0.948864 44.2185 18.1215 0.125544
2.1 0.996307 44.2171 18.9536 0.126921
2.2 1.04375 44.2156 19.7758 0.128366
2.3 1.09119 44.2141 20.5881 0.129877
2.4 1.13863 44.2125 21.3902 0.131456
2.5 1.18608 44.2109 22.1819 0.133102
2.6 1.23352 44.2092 22.9631 0.134815
2.7 1.28096 44.2074 23.7336 0.136595
2.8 1.3284 44.2056 24.4932 0.138442
2.9 1.37585 44.2036 25.2419 0.140357
3 1.42329 44.2017 25.9796 0.142338
3.1 1.47073 44.1996 26.7062 0.144387
3.2 1.51817 44.1975 27.4218 0.146503
3.3 1.56561 44.1953 28.1261 0.148685
3.4 1.61305 44.1931 28.8193 0.150935
3.5 1.66049 44.1907 29.5014 0.153252
3.6 1.70794 44.1884 30.1723 0.155636
3.7 1.75538 44.1859 30.8321 0.158088
3.8 1.80282 44.1834 31.4808 0.160606
3.9 1.85026 44.1808 32.1185 0.163191
4 1.8977 44.1782 32.7453 0.165843
4.1 1.94514 44.1754 33.3612 0.168563
4.2 1.99258 44.1727 33.9663 0.171349
4.3 2.04002 44.1698 34.5607 0.174202
4.4 2.08746 44.1669 35.1445 0.177123
4.5 2.1349 44.1639 35.7178 0.18011
4.6 2.18234 44.1608 36.2808 0.183164
4.7 2.22978 44.1577 36.8335 0.186286
4.8 2.27722 44.1545 37.3761 0.189474
4.9 2.32466 44.1513 37.9087 0.192729
5 2.3721 44.1479 38.4315 0.196052
5.1 2.41954 44.1446 38.9445 0.199441
5.2 2.46697 44.1411 39.448 0.202897
5.3 2.51441 44.1376 39.942 0.20642
5.4 2.56185 44.134 40.4267 0.21001
5.5 2.60929 44.1303 40.9023 0.213667
5.6 2.65673 44.1266 41.3689 0.217391
5.7 2.70416 44.1228 41.8266 0.221181
5.8 2.7516 44.119 42.2756 0.225039
5.9 2.79904 44.115 42.7161 0.228963
6 2.84648 44.111 43.1481 0.232954
6.1 2.89391 44.107 43.5719 0.237012
6.2 2.94135 44.1029 43.9876 0.241137
6.3 2.98879 44.0987 44.3953 0.245329
6.4 3.03622 44.0944 44.7952 0.249587
6.5 3.08366 44.0901 45.1875 0.253912
6.6 3.13109 44.0857 45.5722 0.258304
6.7 3.17853 44.0812 45.9495 0.262763
6.8 3.22596 44.0767 46.3196 0.267289
6.9 3.2734 44.0721 46.6826 0.271881
7 3.32083 44.0675 47.0386 0.27654
7.1 3.36827 44.0627 47.3878 0.281265
7.2 3.4157 44.0579 47.7303 0.286058
7.3 3.46313 44.0531 48.0662 0.290917
7.4 3.51057 44.0482 48.3957 0.295842
7.5 3.558 44.0432 48.7188 0.300835
7.6 3.60543 44.0381 49.0358 0.305894
7.7 3.65287 44.033 49.3467 0.311019
7.8 3.7003 44.0278 49.6517 0.316211
7.9 3.74773 44.0225 49.9509 0.32147
8 3.79516 44.0172 50.2444 0.326795
8.1 3.8426 44.0118 50.5323 0.332187
8.2 3.89003 44.0064 50.8147 0.337645
8.3 3.93746 44.0008 51.0917 0.34317
8.4 3.98489 43.9952 51.3635 0.348761
8.5 4.03232 43.9896 51.6301 0.354419
8.6 4.07975 43.9839 51.8917 0.360143
8.7 4.12718 43.9781 52.1484 0.365934
8.8 4.17461 43.9722 52.4002 0.371791
8.9 4.22204 43.9663 52.6473 0.377715
9 4.26947 43.9603 52.8897 0.383705
9.1 4.31689 43.9542 53.1276 0.389761
9.2 4.36432 43.9481 53.361 0.395884
9.3 4.41175 43.9419 53.59 0.402073
9.4 4.45918 43.9357 53.8147 0.408328
9.5 4.5066 43.9294 54.0353 0.41465
9.6 4.55403 43.923 54.2517 0.421038
9.7 4.60146 43.9165 54.4641 0.427492
9.8 4.64888 43.91 54.6725 0.434012
9.9 4.69631 43.9034 54.8771 0.440599
10 4.74373 43.8967 55.0779 0.447251
10.1 4.79116 43.89 55.2749 0.45397
10.2 4.83858 43.8832 55.4683 0.460756
10.3 4.88601 43.8764 55.6581 0.467607
10.4 4.93343 43.8695 55.8444 0.474524
10.5 4.98085 43.8625 56.0273 0.481508
10.6 5.02828 43.8554 56.2068 0.488557
10.7 5.0757 43.8483 56.383 0.495673
10.8 5.12312 43.8411 56.556 0.502855
10.9 5.17054 43.8339 56.7258 0.510102
11 5.21797 43.8266 56.8925 0.517416
11.1 5.26539 43.8192 57.0561 0.524796
11.2 5.31281 43.8118 57.2167 0.532241
11.3 5.36023 43.8042 57.3744 0.539753
11.4 5.40765 43.7967 57.5292 0.54733
11.5 5.45507 43.789 57.6812 0.554973
11.6 5.50248 43.7813 57.8304 0.562682
11.7 5.5499 43.7735 57.9769 0.570457
11.8 5.59732 43.7657 58.1207 0.578298
11.9 5.64474 43.7578 58.2618 0.586204
12 5.69216 43.7498 58.4005 0.594177
12.1 5.73957 43.7418 58.5365 0.602215
12.2 5.78699 43.7337 58.6701 0.610318
12.3 5.8344 43.7255 58.8013 0.618488
12.4 5.88182 43.7173 58.9301 0.626723
12.5 5.92923 43.709 59.0565 0.635023
12.6 5.97665 43.7006 59.1807 0.64339
12.7 6.02406 43.6922 59.3026 0.651822
12.8 6.07148 43.6837 59.4222 0.660319
12.9 6.11889 43.6751 59.5397 0.668882
13 6.1663 43.6665 59.6551 0.67751
13.1 6.21371 43.6578 59.7683 0.686204
13.2 6.26113 43.649 59.8795 0.694964
13.3 6.30854 43.6402 59.9887 0.703788
13.4 6.35595 43.6313 60.0958 0.712679
13.5 6.40336 43.6224 60.201 0.721634
13.6 6.45077 43.6133 60.3043 0.730655
13.7 6.49818 43.6043 60.4057 0.739741
13.8 6.54558 43.5951 60.5053 0.748893
13.9 6.59299 43.5859 60.603 0.75811
14 6.6404 43.5766 60.6989 0.767392
14.1 6.68781 43.5673 60.7931 0.776739
14.2 6.73521 43.5578 60.8855 0.786151
14.3 6.78262 43.5484 60.9762 0.795629
14.4 6.83002 43.5388 61.0653 0.805171
14.5 6.87743 43.5292 61.1527 0.814779
14.6 6.92483 43.5195 61.2385 0.824452
14.7 6.97224 43.5098 61.3227 0.83419
14.8 7.01964 43.5 61.4054 0.843993
14.9 7.06704 43.4901 61.4865 0.85386
15 7.11444 43.4802 61.5661 0.863793
15.1 7.16185 43.4702 61.6442 0.873791
15.2 7.20925 43.4601 61.7208 0.883853
15.3 7.25665 43.45 61.7961 0.893981
15.4 7.30405 43.4398 61.8699 0.904173
15.5 7.35145 43.4296 61.9423 0.91443
15.6 7.39885 43.4192 62.0133 0.924752
15.7 7.44624 43.4089 62.083 0.935138
15.8 7.49364 43.3984 62.1513 0.945589
15.9 7.54104 43.3879 62.2184 0.956105
16 7.58843 43.3773 62.2841 0.966685
16.1 7.63583 43.3667 62.3486 0.97733
16.2 7.68322 43.356 62.4119 0.98804
16.3 7.73062 43.3452 62.4739 0.998814
16.4 7.77801 43.3343 62.5348 1.00965
16.5 7.82541 43.3234 62.5944 1.02056
16.6 7.8728 43.3125 62.6529 1.03152
16.7 7.92019 43.3014 62.7102 1.04256
16.8 7.96758 43.2903 62.7664 1.05365
16.9 8.01497 43.2792 62.8214 1.06481
17 8.06236 43.268 62.8754 1.07604
17.1 8.10975 43.2567 62.9283 1.08733
17.2 8.15714 43.2453 62.9801 1.09868
17.3 8.20453 43.2339 63.0309 1.1101
17.4 8.25192 43.2224 63.0806 1.12158
17.5 8.2993 43.2109 63.1293 1.13313
17.6 8.34669 43.1993 63.1771 1.14473
17.7 8.39408 43.1876 63.2238 1.15641
17.8 8.44146 43.1759 63.2695 1.16815
17.9 8.48884 43.1641 63.3143 1.17995
18 8.53623 43.1522 63.3582 1.19182
18.1 8.58361 43.1403 63.4011 1.20374
18.2 8.63099 43.1283 63.4431 1.21574
18.3 8.67837 43.1162 63.4842 1.2278
18.4 8.72575 43.1041 63.5243 1.23992
18.5 8.77313 43.0919 63.5637 1.2521
18.6 8.82051 43.0796 63.6021 1.26435
18.7 8.86789 43.0673 63.6397 1.27666
18.8 8.91527 43.055 63.6764 1.28904
18.9 8.96265 43.0425 63.7124 1.30148
19 9.01002 43.03 63.7474 1.31398
19.1 9.0574 43.0174 63.7817 1.32655
19.2 9.10477 43.0048 63.8152 1.33918
19.3 9.15215 42.9921 63.8479 1.35188
19.4 9.19952 42.9794 63.8799 1.36463
19.5 9.2469 42.9665 63.911 1.37745
19.6 9.29427 42.9537 63.9414 1.39034
19.7 9.34164 42.9407 63.9711 1.40328
19.8 9.38901 42.9277 64 1.4163
19.9 9.43638 42.9146 64.0282 1.42937
20 9.48375 42.9015 64.0557 1.44251
20.1 9.53112 42.8883 64.0825 1.45571
20.2 9.57848 42.875 64.1086 1.46897
20.3 9.62585 42.8617 64.134 1.4823
20.4 9.67322 42.8483 64.1587 1.49569
20.5 9.72058 42.8349 64.1828 1.50914
20.6 9.76795 42.8213 64.2062 1.52265
20.7 9.81531 42.8078 64.229 1.53623
20.8 9.86267 42.7941 64.2511 1.54987
20.9 9.91004 42.7804 64.2726 1.56358
21 9.9574 42.7667 64.2934 1.57734
21.1 10.0048 42.7528 64.3136 1.59117
21.2 10.0521 42.7389 64.3333 1.60507
21.3 10.0995 42.725 64.3523 1.61902
21.4 10.1468 42.711 64.3707 1.63304
21.5 10.1942 42.6969 64.3886 1.64712
21.6 10.2415 42.6827 64.4058 1.66126
21.7 10.2889 42.6685 64.4225 1.67546
21.8 10.3363 42.6543 64.4386 1.68973
21.9 10.3836 42.6399 64.4542 1.70406
22 10.431 42.6255 64.4692 1.71845
22.1 10.4783 42.6111 64.4837 1.73291
22.2 10.5257 42.5966 64.4976 1.74743
22.3 10.573 42.582 64.511 1.762
22.4 10.6204 42.5674 64.5239 1.77665
22.5 10.6677 42.5527 64.5363 1.79135
22.6 10.7151 42.5379 64.5482 1.80611
22.7 10.7624 42.5231 64.5595 1.82094
22.8 10.8098 42.5082 64.5704 1.83583
22.9 10.8571 42.4932 64.5807 1.85078
23 10.9044 42.4782 64.5906 1.8658
23.1 10.9518 42.4631 64.6 1.88087
23.2 10.9991 42.448 64.6089 1.89601
23.3 11.0465 42.4328 64.6173 1.91121
23.4 11.0938 42.4175 64.6253 1.92647
23.5 11.1412 42.4022 64.6328 1.94179
23.6 11.1885 42.3868 64.6399 1.95717
23.7 11.2358 42.3714 64.6465 1.97262
23.8 11.2832 42.3559 64.6527 1.98812
23.9 11.3305 42.3403 64.6584 2.00369
24 11.3778 42.3247 64.6637 2.01932
24.1 11.4252 42.309 64.6686 2.03501
24.2 11.4725 42.2932 64.6731 2.05077
24.3 11.5198 42.2774 64.6771 2.06658
24.4 11.5672 42.2615 64.6808 2.08245
24.5 11.6145 42.2456 64.684 2.09839
24.6 11.6618 42.2296 64.6868 2.11439
24.7 11.7092 42.2136 64.6892 2.13045
24.8 11.7565 42.1974 64.6912 2.14657
24.9 11.8038 42.1813 64.6928 2.16275
25 11.8511 42.165 64.6941 2.17899
25.1 11.8985 42.1487 64.695 2.19529
25.2 11.9458 42.1323 64.6954 2.21165
25.3 11.9931 42.1159 64.6956 2.22808
25.4 12.0404 42.0994 64.6953 2.24456
25.5 12.0878 42.0829 64.6947 2.26111
25.6 12.1351 42.0663 64.6937 2.27771
25.7 12.1824 42.0496 64.6924 2.29438
25.8 12.2297 42.0329 64.6907 2.31111
25.9 12.277 42.0161 64.6886 2.32789
26 12.3243 41.9993 64.6862 2.34474
26.1 12.3717 41.9823 64.6835 2.36165
26.2 12.419 41.9654 64.6804 2.37862
26.3 12.4663 41.9484 64.677 2.39565
26.4 12.5136 41.9313 64.6733 2.41274
26.5 12.5609 41.9141 64.6692 2.42989
26.6 12.6082 41.8969 64.6649 2.4471
26.7 12.6555 41.8796 64.6602 2.46437
26.8 12.7028 41.8623 64.6551 2.4817
26.9 12.7501 41.8449 64.6498 2.49909
27 12.7974 41.8275 64.6442 2.51654
27.1 12.8447 41.81 64.6382 2.53405
27.2 12.892 41.7924 64.6319 2.55162
27.3 12.9393 41.7748 64.6254 2.56925
27.4 12.9867 41.7571 64.6185 2.58694
27.5 13.034 41.7393 64.6114 2.60468
27.6 13.0812 41.7215 64.6039 2.62249
27.7 13.1285 41.7036 64.5962 2.64036
27.8 13.1758 41.6857 64.5882 2.65829
27.9 13.2231 41.6677 64.5799 2.67627
28 13.2704 41.6497 64.5713 2.69432
28.1 13.3177 41.6316 64.5624 2.71243
28.2 13.365 41.6134 64.5533 2.73059
28.3 13.4123 41.5952 64.5439 2.74882
28.4 13.4596 41.5769 64.5342 2.7671
28.5 13.5069 41.5586 64.5243 2.78544
28.6 13.5542 41.5402 64.5141 2.80384
28.7 13.6015 41.5217 64.5036 2.8223
28.8 13.6487 41.5032 64.4929 2.84082
28.9 13.696 41.4846 64.4819 2.8594
29 13.7433 41.466 64.4707 2.87804
29.1 13.7906 41.4473 64.4592 2.89673
29.2 13.8379 41.4285 64.4475 2.91549
29.3 13.8852 41.4097 64.4355 2.9343
29.4 13.9324 41.3908 64.4233 2.95317
29.5 13.9797 41.3719 64.4108 2.9721
29.6 14.027 41.3529 64.3981 2.99109
29.7 14.0743 41.3339 64.3852 3.01014
29.8 14.1215 41.3148 64.372 3.02924
29.9 14.1688 41.2956 64.3586 3.04841
30 14.2161 41.2764 64.345 3.06763
30.1 14.2633 41.2571 64.3311 3.08691
30.2 14.3106 41.2378 64.317 3.10625
30.3 14.3579 41.2184 64.3027 3.12565
30.4 14.4052 41.1989 64.2882 3.1451
30.5 14.4524 41.1794 64.2735 3.16461
30.6 14.4997 41.1598 64.2585 3.18418
30.7 14.5469 41.1402 64.2433 3.20381
30.8 14.5942 41.1205 64.2279 3.2235
30.9 14.6415 41.1008 64.2123 3.24324
31 14.6887 41.081 64.1965 3.26304
31.1 14.736 41.0611 64.1805 3.2829
31.2 14.7832 41.0412 64.1642 3.30282
31.3 14.8305 41.0212 64.1478 3.32279
31.4 14.8777 41.0012 64.1312 3.34282
31.5 14.925 40.9811 64.1143 3.36291
31.6 14.9722 40.9609 64.0973 3.38306
31.7 15.0195 40.9407 64.0801 3.40326
31.8 15.0667 40.9205 64.0626 3.42352
31.9 15.114 40.9002 64.045 3.44384
32 15.1612 40.8798 64.0272 3.46422
32.1 15.2085 40.8594 64.0092 3.48465
32.2 15.2557 40.8389 63.991 3.50514
32.3 15.303 40.8183 63.9727 3.52568
32.4 15.3502 40.7977 63.9541 3.54628
32.5 15.3975 40.7771 63.9354 3.56694
32.6 15.4447 40.7563 63.9165 3.58766
32.7 15.4919 40.7356 63.8974 3.60843
32.8 15.5392 40.7147 63.8781 3.62926
32.9 15.5864 40.6939 63.8586 3.65015
33 15.6336 40.6729 63.839 3.67109
33.1 15.6809 40.6519 63.8192 3.69208
33.2 15.7281 40.6309 63.7993 3.71314
33.3 15.7753 40.6097 63.7791 3.73425
33.4 15.8225 40.5886 63.7588 3.75542
33.5 15.8698 40.5674 63.7383 3.77664
33.6 15.917 40.5461 63.7177 3.79792
33.7 15.9642 40.5247 63.6969 3.81925
33.8 16.0114 40.5034 63.6759 3.84064
33.9 16.0587 40.4819 63.6548 3.86209
34 16.1059 40.4604 63.6335 3.88359
34.1 16.1531 40.4388 63.612 3.90515
34.2 16.2003 40.4172 63.5904 3.92677
34.3 16.2475 40.3956 63.5687 3.94844
34.4 16.2947 40.3738 63.5467 3.97016
34.5 16.342 40.3521 63.5247 3.99194
34.6 16.3892 40.3302 63.5024 4.01378
34.7 16.4364 40.3083 63.4801 4.03567
34.8 16.4836 40.2864 63.4575 4.05761
34.9 16.5308 40.2644 63.4349 4.07962
35 16.578 40.2423 63.412 4.10167
35.1 16.6252 40.2202 63.3891 4.12378
35.2 16.6724 40.198 63.366 4.14595
35.3 16.7196 40.1758 63.3427 4.16817
35.4 16.7668 40.1536 63.3193 4.19045
35.5 16.814 40.1312 63.2958 4.21278
35.6 16.8612 40.1088 63.2721 4.23517
35.7 16.9084 40.0864 63.2483 4.25761
35.8 16.9556 40.0639 63.2243 4.2801
35.9 17.0028 40.0413 63.2002 4.30265
36 17.05 40.0187 63.176 4.32525
36.1 17.0971 39.9961 63.1516 4.34791
36.2 17.1443 39.9734 63.1271 4.37063
36.3 17.1915 39.9506 63.1025 4.39339
36.4 17.2387 39.9278 63.0777 4.41621
36.5 17.2859 39.9049 63.0528 4.43909
36.6 17.3331 39.882 63.0278 4.46202
36.7 17.3802 39.859 63.0027 4.485
36.8 17.4274 39.836 62.9774 4.50804
36.9 17.4746 39.8129 62.952 4.53113
37 17.5218 39.7897 62.9265 4.55427
37.1 17.5689 39.7665 62.9008 4.57747
37.2 17.6161 39.7433 62.875 4.60072
37.3 17.6633 39.72 62.8491 4.62403
37.4 17.7104 39.6966 62.8231 4.64739
37.5 17.7576 39.6732 62.797 4.6708
37.6 17.8048 39.6497 62.7707 4.69427
37.7 17.8519 39.6262 62.7443 4.71778
37.8 17.8991 39.6026 62.7178 4.74136
37.9 17.9463 39.579 62.6912 4.76498
38 17.9934 39.5553 62.6645 4.78866
38.1 18.0406 39.5316 62.6376 4.81239
38.2 18.0877 39.5078 62.6107 4.83617
38.3 18.1349 39.484 62.5836 4.86001
38.4 18.182 39.4601 62.5564 4.8839
38.5 18.2292 39.4362 62.5291 4.90784
38.6 18.2763 39.4122 62.5017 4.93184
38.7 18.3235 39.3881 62.4742 4.95588
38.8 18.3706 39.364 62.4466 4.97998
38.9 18.4178 39.3399 62.4188 5.00414
39 18.4649 39.3157 62.391 5.02834
39.1 18.5121 39.2914 62.363 5.0526
39.2 18.5592 39.2671 62.335 5.07691
39.3 18.6063 39.2427 62.3068 5.10127
39.4 18.6535 39.2183 62.2786 5.12568
39.5 18.7006 39.1939 62.2502 5.15014
39.6 18.7477 39.1693 62.2217 5.17466
39.7 18.7949 39.1448 62.1932 5.19923
39.8 18.842 39.1202 62.1645 5.22385
39.9 18.8891 39.0955 62.1357 5.24852
40 18.9362 39.0708 62.1068 5.27324
40.1 18.9834 39.046 62.0779 5.29802
40.2 19.0305 39.0212 62.0488 5.32284
40.3 19.0776 38.9963 62.0196 5.34772
40.4 19.1247 38.9713 61.9904 5.37265
40.5 19.1718 38.9464 61.961 5.39763
40.6 19.2189 38.9213 61.9315 5.42266
40.7 19.2661 38.8963 61.902 5.44774
40.8 19.3132 38.8711 61.8723 5.47288
40.9 19.3603 38.8459 61.8426 5.49806
41 19.4074 38.8207 61.8128 5.52329
41.1 19.4545 38.7954 61.7828 5.54858
41.2 19.5016 38.7701 61.7528 5.57392
41.3 19.5487 38.7447 61.7227 5.5993
41.4 19.5958 38.7193 61.6925 5.62474
41.5 19.6429 38.6938 61.6622 5.65023
41.6 19.69 38.6682 61.6319 5.67576
41.7 19.7371 38.6426 61.6014 5.70135
41.8 19.7842 38.617 61.5708 5.72699
41.9 19.8313 38.5913 61.5402 5.75268
42 19.8784 38.5656 61.5095 5.77842
42.1 19.9254 38.5398 61.4787 5.8042
42.2 19.9725 38.514 61.4478 5.83004
42.3 20.0196 38.4881 61.4168 5.85593
42.4 20.0667 38.4621 61.3857 5.88187
42.5 20.1138 38.4361 61.3546 5.90786
42.6 20.1608 38.4101 61.3233 5.93389
42.7 20.2079 38.384 61.292 5.95998
42.8 20.255 38.3579 61.2606 5.98611
42.9 20.3021 38.3317 61.2292 6.0123
43 20.3491 38.3055 61.1976 6.03853
43.1 20.3962 38.2792 61.166 6.06482
43.2 20.4433 38.2529 61.1342 6.09115
43.3 20.4903 38.2265 61.1024 6.11753
43.4 20.5374 38.2 61.0706 6.14396
43.5 20.5845 38.1736 61.0386 6.17044
43.6 20.6315 38.147 61.0066 6.19697
43.7 20.6786 38.1205 60.9745 6.22354
43.8 20.7256 38.0938 60.9423 6.25017
43.9 20.7727 38.0672 60.91 6.27684
44 20.8197 38.0404 60.8777 6.30356
44.1 20.8668 38.0137 60.8453 6.33033
44.2 20.9138 37.9868 60.8128 6.35715
44.3 20.9609 37.96 60.7803 6.38402
44.4 21.0079 37.9331 60.7476 6.41093
44.5 21.0549 37.9061 60.7149 6.4379
44.6 21.102 37.8791 60.6821 6.46491
44.7 21.149 37.852 60.6493 6.49197
44.8 21.1961 37.8249 60.6164 6.51907
44.9 21.2431 37.7978 60.5834 6.54623
45 21.2901 37.7706 60.5503 6.57343
45.1 21.3371 37.7433 60.5172 6.60068
45.2 21.3842 37.716 60.484 6.62797
45.3 21.4312 37.6887 60.4507 6.65532
45.4 21.4782 37.6613 60.4174 6.68271
45.5 21.5252 37.6339 60.384 6.71015
45.6 21.5723 37.6064 60.3505 6.73763
45.7 21.6193 37.5788 60.317 6.76517
45.8 21.6663 37.5513 60.2833 6.79274
45.9 21.7133 37.5236 60.2497 6.82037
46 21.7603 37.496 60.2159 6.84804
46.1 21.8073 37.4682 60.1821 6.87576
46.2 21.8543 37.4405 60.1482 6.90353
46.3 21.9013 37.4127 60.1143 6.93134
46.4 21.9483 37.3848 60.0803 6.9592
46.5 21.9953 37.3569 60.0462 6.98711
46.6 22.0423 37.3289 60.0121 7.01506
46.7 22.0893 37.3009 59.9779 7.04306
46.8 22.1363 37.2729 59.9437 7.0711
46.9 22.1833 37.2448 59.9093 7.09919
47 22.2303 37.2167 59.875 7.12733
47.1 22.2773 37.1885 59.8405 7.15551
47.2 22.3242 37.1603 59.806 7.18374
47.3 22.3712 37.132 59.7714 7.21201
47.4 22.4182 37.1037 59.7368 7.24033
47.5 22.4652 37.0753 59.7021 7.26869
47.6 22.5122 37.0469 59.6674 7.2971
47.7 22.5591 37.0184 59.6326 7.32556
47.8 22.6061 36.9899 59.5977 7.35406
47.9 22.6531 36.9614 59.5628 7.3826
48 22.7 36.9328 59.5278 7.4112
48.1 22.747 36.9042 59.4928 7.43983
48.2 22.794 36.8755 59.4577 7.46851
48.3 22.8409 36.8468 59.4225 7.49724
48.4 22.8879 36.818 59.3873 7.52601
48.5 22.9348 36.7892 59.3521 7.55482
48.6 22.9818 36.7603 59.3167 7.58368
48.7 23.0287 36.7314 59.2813 7.61258
48.8 23.0757 36.7025 59.2459 7.64153
48.9 23.1226 36.6735 59.2104 7.67052
49 23.1696 36.6444 59.1749 7.69956
49.1 23.2165 36.6154 59.1393 7.72864
49.2 23.2634 36.5862 59.1036 7.75776
49.3 23.3104 36.5571 59.0679 7.78693
49.4 23.3573 36.5279 59.0322 7.81614
49.5 23.4042 36.4986 58.9963 7.8454
49.6 23.4512 36.4693 58.9605 7.8747
49.7 23.4981 36.44 58.9246 7.90404
49.8 23.545 36.4106 58.8886 7.93343
49.9 23.5919 36.3811 58.8526 7.96286
50 23.6389 36.3517 58.8165 7.99233
50.1 23.6858 36.3222 58.7804 8.02185
50.2 23.7327 36.2926 58.7442 8.05141
50.3 23.7796 36.263 58.708 8.08101
50.4 23.8265 36.2333 58.6717 8.11065
50.5 23.8734 36.2037 58.6354 8.14034
50.6 23.9203 36.1739 58.599 8.17007
50.7 23.9672 36.1442 58.5625 8.19985
50.8 24.0141 36.1143 58.5261 8.22966
50.9 24.061 36.0845 58.4895 8.25952
51 24.1079 36.0546 58.453 8.28942
51.1 24.1548 36.0246 58.4163 8.31937
51.2 24.2017 35.9946 58.3797 8.34935
51.3 24.2486 35.9646 58.343 8.37938
51.4 24.2955 35.9346 58.3062 8.40945
51.5 24.3423 35.9044 58.2694 8.43956
51.6 24.3892 35.8743 58.2325 8.46971
51.7 24.4361 35.8441 58.1956 8.49991
51.8 24.483 35.8139 58.1586 8.53014
51.9 24.5298 35.7836 58.1216 8.56042
52 24.5767 35.7533 58.0846 8.59074
52.1 24.6236 35.7229 58.0475 8.6211
52.2 24.6704 35.6925 58.0104 8.65151
52.3 24.7173 35.6621 57.9732 8.68195
52.4 24.7642 35.6316 57.936 8.71243
52.5 24.811 35.601 57.8987 8.74296
52.6 24.8579 35.5705 57.8614 8.77353
52.7 24.9047 35.5399 57.824 8.80413
52.8 24.9516 35.5092 57.7866 8.83478
52.9 24.9984 35.4785 57.7492 8.86547
53 25.0453 35.4478 57.7117 8.8962
53.1 25.0921 35.417 57.6741 8.92697
53.2 25.1389 35.3862 57.6365 8.95778
53.3 25.1858 35.3554 57.5989 8.98863
53.4 25.2326 35.3245 57.5613 9.01952
53.5 25.2794 35.2935 57.5236 9.05045
53.6 25.3263 35.2626 57.4858 9.08142
53.7 25.3731 35.2316 57.448 9.11243
53.8 25.4199 35.2005 57.4102 9.14348
53.9 25.4667 35.1694 57.3723 9.17457
54 25.5135 35.1383 57.3344 9.2057
54.1 25.5604 35.1071 57.2964 9.23687
54.2 25.6072 35.0759 57.2585 9.26808
54.3 25.654 35.0447 57.2204 9.29933
54.4 25.7008 35.0134 57.1823 9.33061
54.5 25.7476 34.9821 57.1442 9.36194
54.6 25.7944 34.9507 57.1061 9.3933
54.7 25.8412 34.9193 57.0679 9.42471
54.8 25.888 34.8878 57.0296 9.45615
54.9 25.9348 34.8564 56.9914 9.48763
55 25.9816 34.8248 56.9531 9.51915
55.1 26.0283 34.7933 56.9147 9.55071
55.2 26.0751 34.7617 56.8763 9.58231
55.3 26.1219 34.7301 56.8379 9.61394
55.4 26.1687 34.6984 56.7994 9.64562
55.5 26.2155 34.6667 56.7609 9.67733
55.6 26.2622 34.6349 56.7224 9.70908
55.7 26.309 34.6031 56.6838 9.74087
55.8 26.3558 34.5713 56.6452 9.77269
55.9 26.4025 34.5394 56.6065 9.80456
56 26.4493 34.5075 56.5678 9.83646
56.1 26.496 34.4756 56.5291 9.8684
56.2 26.5428 34.4436 56.4903 9.90037
56.3 26.5895 34.4116 56.4515 9.93239
56.4 26.6363 34.3796 56.4127 9.96444
56.5 26.683 34.3475 56.3738 9.99653
56.6 26.7298 34.3153 56.3349 10.0287
56.7 26.7765 34.2832 56.296 10.0608
56.8 26.8233 34.251 56.257 10.093
56.9 26.87 34.2188 56.218 10.1252
57 26.9167 34.1865 56.179 10.1575
57.1 26.9635 34.1542 56.1399 10.1898
57.2 27.0102 34.1218 56.1008 10.2222
57.3 27.0569 34.0894 56.0616 10.2546
57.4 27.1036 34.057 56.0224 10.287
57.5 27.1503 34.0246 55.9832 10.3194
57.6 27.197 33.9921 55.9439 10.3519
57.7 27.2438 33.9596 55.9047 10.3844
57.8 27.2905 33.927 55.8653 10.417
57.9 27.3372 33.8944 55.826 10.4496
58 27.3839 33.8618 55.7866 10.4822
58.1 27.4306 33.8291 55.7472 10.5149
58.2 27.4773 33.7964 55.7077 10.5476
58.3 27.5239 33.7636 55.6682 10.5804
58.4 27.5706 33.7309 55.6287 10.6131
58.5 27.6173 33.6981 55.5892 10.6459
58.6 27.664 33.6652 55.5496 10.6788
58.7 27.7107 33.6323 55.51 10.7117
58.8 27.7574 33.5994 55.4703 10.7446
58.9 27.804 33.5665 55.4306 10.7775
59 27.8507 33.5335 55.3909 10.8105
59.1 27.8974 33.5005 55.3512 10.8435
59.2 27.944 33.4674 55.3114 10.8766
59.3 27.9907 33.4343 55.2716 10.9097
59.4 28.0373 33.4012 55.2318 10.9428
59.5 28.084 33.368 55.1919 10.976
59.6 28.1306 33.3348 55.152 11.0092
59.7 28.1773 33.3016 55.1121 11.0424
59.8 28.2239 33.2683 55.0721 11.0757
59.9 28.2706 33.2351 55.0321 11.1089
60 28.3172 33.2017 54.9921 11.1423
60.1 28.3638 33.1684 54.9521 11.1756
60.2 28.4105 33.135 54.912 11.209
60.3 28.4571 33.1015 54.8719 11.2425
60.4 28.5037 33.0681 54.8318 11.2759
60.5 28.5503 33.0346 54.7916 11.3094
60.6 28.597 33.0011 54.7514 11.3429
60.7 28.6436 32.9675 54.7112 11.3765
60.8 28.6902 32.9339 54.6709 11.4101
60.9 28.7368 32.9003 54.6306 11.4437
61 28.7834 32.8666 54.5903 11.4774
61.1 28.83 32.8329 54.55 11.5111
61.2 28.8766 32.7992 54.5096 11.5448
61.3 28.9232 32.7655 54.4692 11.5785
61.4 28.9698 32.7317 54.4288 11.6123
61.5 29.0164 32.6978 54.3884 11.6462
61.6 29.0629 32.664 54.3479 11.68
61.7 29.1095 32.6301 54.3074 11.7139
61.8 29.1561 32.5962 54.2669 11.7478
61.9 29.2027 32.5622 54.2263 11.7818
62 29.2492 32.5283 54.1857 11.8157
62.1 29.2958 32.4942 54.1451 11.8498
62.2 29.3424 32.4602 54.1045 11.8838
62.3 29.3889 32.4261 54.0638 11.9179
62.4 29.4355 32.392 54.0231 11.952
62.5 29.482 32.3579 53.9824 11.9861
62.6 29.5286 32.3237 53.9416 12.0203
62.7 29.5751 32.2895 53.9009 12.0545
62.8 29.6217 32.2553 53.8601 12.0887
62.9 29.6682 32.221 53.8192 12.123
63 29.7147 32.1867 53.7784 12.1573
63.1 29.7613 32.1524 53.7375 12.1916
63.2 29.8078 32.1181 53.6966 12.2259
63.3 29.8543 32.0837 53.6557 12.2603
63.4 29.9008 32.0493 53.6147 12.2947
63.5 29.9474 32.0148 53.5737 12.3292
63.6 29.9939 31.9804 53.5327 12.3636
63.7 30.0404 31.9459 53.4917 12.3981
63.8 30.0869 31.9113 53.4507 12.4327
63.9 30.1334 31.8768 53.4096 12.4672
64 30.1799 31.8422 53.3685 12.5018
64.1 30.2264 31.8076 53.3273 12.5364
64.2 30.2729 31.7729 53.2862 12.5711
64.3 30.3194 31.7382 53.245 12.6058
64.4 30.3658 31.7035 53.2038 12.6405
64.5 30.4123 31.6688 53.1626 12.6752
64.6 30.4588 31.634 53.1213 12.71
64.7 30.5053 31.5992 53.0801 12.7448
64.8 30.5517 31.5644 53.0388 12.7796
64.9 30.5982 31.5295 52.9974 12.8145
65 30.6446 31.4947 52.9561 12.8493
65.1 30.6911 31.4598 52.9147 12.8842
65.2 30.7376 31.4248 52.8733 12.9192
65.3 30.784 31.3898 52.8319 12.9542
65.4 30.8305 31.3549 52.7905 12.9891
65.5 30.8769 31.3198 52.749 13.0242
65.6 30.9233 31.2848 52.7076 13.0592
65.7 30.9698 31.2497 52.666 13.0943
65.8 31.0162 31.2146 52.6245 13.1294
65.9 31.0626 31.1795 52.583 13.1645
66 31.109 31.1443 52.5414 13.1997
66.1 31.1555 31.1091 52.4998 13.2349
66.2 31.2019 31.0739 52.4582 13.2701
66.3 31.2483 31.0387 52.4165 13.3053
66.4 31.2947 31.0034 52.3749 13.3406
66.5 31.3411 30.9681 52.3332 13.3759
66.6 31.3875 30.9328 52.2915 13.4112
66.7 31.4339 30.8974 52.2498 13.4466
66.8 31.4803 30.862 52.208 13.482
66.9 31.5266 30.8266 52.1662 13.5174
67 31.573 30.7912 52.1244 13.5528
67.1 31.6194 30.7558 52.0826 13.5882
67.2 31.6658 30.7203 52.0408 13.6237
67.3 31.7121 30.6848 51.9989 13.6592
67.4 31.7585 30.6492 51.9571 13.6948
67.5 31.8049 30.6137 51.9152 13.7303
67.6 31.8512 30.5781 51.8732 13.7659
67.7 31.8976 30.5425 51.8313 13.8015
67.8 31.9439 30.5069 51.7893 13.8371
67.9 31.9903 30.4712 51.7473 13.8728
68 32.0366 30.4355 51.7053 13.9085
68.1 32.0829 30.3998 51.6633 13.9442
68.2 32.1293 30.3641 51.6213 13.9799
68.3 32.1756 30.3283 51.5792 14.0157
68.4 32.2219 30.2925 51.5371 14.0515
68.5 32.2682 30.2567 51.495 14.0873
68.6 32.3146 30.2209 51.4529 14.1231
68.7 32.3609 30.185 51.4108 14.159
68.8 32.4072 30.1491 51.3686 14.1949
68.9 32.4535 30.1132 51.3264 14.2308
69 32.4998 30.0773 51.2842 14.2667
69.1 32.5461 30.0413 51.242 14.3027
69.2 32.5924 30.0053 51.1997 14.3387
69.3 32.6386 29.9693 51.1575 14.3747
69.4 32.6849 29.9333 51.1152 14.4107
69.5 32.7312 29.8973 51.0729 14.4467
69.6 32.7775 29.8612 51.0306 14.4828
69.7 32.8237 29.8251 50.9882 14.5189
69.8 32.87 29.789 50.9459 14.555
69.9 32.9163 29.7528 50.9035 14.5912
70 32.9625 29.7166 50.8611 14.6274
70.1 33.0088 29.6804 50.8187 14.6636
70.2 33.055 29.6442 50.7763 14.6998
70.3 33.1012 29.608 50.7338 14.736
70.4 33.1475 29.5717 50.6913 14.7723
70.5 33.1937 29.5355 50.6489 14.8085
70.6 33.2399 29.4991 50.6063 14.8449
70.7 33.2862 29.4628 50.5638 14.8812
70.8 33.3324 29.4265 50.5213 14.9175
70.9 33.3786 29.3901 50.4787 14.9539
71 33.4248 29.3537 50.4361 14.9903
71.1 33.471 29.3173 50.3935 15.0267
71.2 33.5172 29.2808 50.3509 15.0632
71.3 33.5634 29.2444 50.3083 15.0996
71.4 33.6096 29.2079 50.2656 15.1361
71.5 33.6558 29.1714 50.223 15.1726
71.6 33.7019 29.1349 50.1803 15.2091
71.7 33.7481 29.0983 50.1376 15.2457
71.8 33.7943 29.0618 50.0949 15.2822
71.9 33.8405 29.0252 50.0521 15.3188
72 33.8866 28.9886 50.0094 15.3554
72.1 33.9328 28.9519 49.9666 15.3921
72.2 33.9789 28.9153 49.9238 15.4287
72.3 34.0251 28.8786 49.881 15.4654
72.4 34.0712 28.8419 49.8382 15.5021
72.5 34.1174 28.8052 49.7953 15.5388
72.6 34.1635 28.7685 49.7525 15.5755
72.7 34.2096 28.7317 49.7096 15.6123
72.8 34.2557 28.695 49.6667 15.649
72.9 34.3019 28.6582 49.6238 15.6858
73 34.348 28.6214 49.5809 15.7226
73.1 34.3941 28.5845 49.5379 15.7595
73.2 34.4402 28.5477 49.495 15.7963
73.3 34.4863 28.5108 49.452 15.8332
73.4 34.5324 28.4739 49.409 15.8701
73.5 34.5785 28.437 49.366 15.907
73.6 34.6245 28.4001 49.323 15.9439
73.7 34.6706 28.3632 49.2799 15.9808
73.8 34.7167 28.3262 49.2369 16.0178
73.9 34.7628 28.2892 49.1938 16.0548
74 34.8088 28.2522 49.1507 16.0918
74.1 34.8549 28.2152 49.1076 16.1288
74.2 34.9009 28.1782 49.0645 16.1658
74.3 34.947 28.1411 49.0214 16.2029
74.4 34.993 28.104 48.9782 16.24
74.5 35.0391 28.0669 48.9351 16.2771
74.6 35.0851 28.0298 48.8919 16.3142
74.7 35.1311 27.9927 48.8487 16.3513
74.8 35.1772 27.9555 48.8055 16.3885
74.9 35.2232 27.9184 48.7622 16.4256
75 35.2692 27.8812 48.719 16.4628
75.1 35.3152 27.844 48.6757 16.5
75.2 35.3612 27.8068 48.6325 16.5372
75.3 35.4072 27.7695 48.5892 16.5745
75.4 35.4532 27.7323 48.5459 16.6117
75.5 35.4992 27.695 48.5026 16.649
75.6 35.5451 27.6577 48.4592 16.6863
75.7 35.5911 27.6204 48.4159 16.7236
75.8 35.6371 27.5831 48.3725 16.7609
75.9 35.6831 27.5458 48.3292 16.7982
76 35.729 27.5084 48.2858 16.8356
76.1 35.775 27.4711 48.2424 16.8729
76.2 35.8209 27.4337 48.1989 16.9103
76.3 35.8669 27.3963 48.1555 16.9477
76.4 35.9128 27.3589 48.1121 16.9851
76.5 35.9587 27.3214 48.0686 17.0226
76.6 36.0047 27.284 48.0251 17.06
76.7 36.0506 27.2465 47.9816 17.0975
76.8 36.0965 27.2091 47.9381 17.1349
76.9 36.1424 27.1716 47.8946 17.1724
77 36.1883 27.1341 47.8511 17.2099
77.1 36.2342 27.0965 47.8075 17.2475
77.2 36.2801 27.059 47.7639 17.285
77.3 36.326 27.0214 47.7204 17.3226
77.4 36.3719 26.9839 47.6768 17.3601
77.5 36.4177 26.9463 47.6332 17.3977
77.6 36.4636 26.9087 47.5896 17.4353
77.7 36.5095 26.8711 47.5459 17.4729
77.8 36.5553 26.8335 47.5023 17.5105
77.9 36.6012 26.7958 47.4586 17.5482
78 36.647 26.7582 47.4149 17.5858
78.1 36.6929 26.7205 47.3713 17.6235
78.2 36.7387 26.6828 47.3276 17.6612
78.3 36.7846 26.6451 47.2839 17.6989
78.4 36.8304 26.6074 47.2401 17.7366
78.5 36.8762 26.5697 47.1964 17.7743
78.6 36.922 26.5319 47.1526 17.8121
78.7 36.9678 26.4942 47.1089 17.8498
78.8 37.0136 26.4564 47.0651 17.8876
78.9 37.0594 26.4187 47.0213 17.9253
79 37.1052 26.3809 46.9775 17.9631
79.1 37.151 26.3431 46.9337 18.0009
79.2 37.1968 26.3053 46.8898 18.0387
79.3 37.2425 26.2674 46.846 18.0766
79.4 37.2883 26.2296 46.8021 18.1144
79.5 37.3341 26.1917 46.7583 18.1523
79.6 37.3798 26.1539 46.7144 18.1901
79.7 37.4256 26.116 46.6705 18.228
79.8 37.4713 26.0781 46.6266 18.2659
79.9 37.517 26.0402 46.5827 18.3038
80 37.5628 26.0023 46.5387 18.3417
80.1 37.6085 25.9644 46.4948 18.3796
80.2 37.6542 25.9264 46.4508 18.4176
80.3 37.6999 25.8885 46.4069 18.4555
80.4 37.7456 25.8505 46.3629 18.4935
80.5 37.7913 25.8126 46.3189 18.5314
80.6 37.837 25.7746 46.2749 18.5694
80.7 37.8827 25.7366 46.2309 18.6074
80.8 37.9284 25.6986 46.1868 18.6454
80.9 37.9741 25.6606 46.1428 18.6834
81 38.0197 25.6226 46.0987 18.7214
81.1 38.0654 25.5845 46.0547 18.7595
81.2 38.111 25.5465 46.0106 18.7975
81.3 38.1567 25.5084 45.9665 18.8356
81.4 38.2023 25.4704 45.9224 18.8736
81.5 38.248 25.4323 45.8783 18.9117
81.6 38.2936 25.3942 45.8342 18.9498
81.7 38.3392 25.3561 45.79 18.9879
81.8 38.3848 25.318 45.7459 19.026
81.9 38.4304 25.2799 45.7017 19.0641
82 38.476 25.2418 45.6576 19.1022
82.1 38.5216 25.2036 45.6134 19.1404
82.2 38.5672 25.1655 45.5692 19.1785
82.3 38.6128 25.1273 45.525 19.2167
82.4 38.6584 25.0892 45.4807 19.2548
82.5 38.704 25.051 45.4365 19.293
82.6 38.7495 25.0128 45.3923 19.3312
82.7 38.7951 24.9746 45.348 19.3694
82.8 38.8406 24.9365 45.3038 19.4075
82.9 38.8862 24.8982 45.2595 19.4458
83 38.9317 24.86 45.2152 19.484
83.1 38.9772 24.8218 45.1709 19.5222
83.2 39.0228 24.7836 45.1266 19.5604
83.3 39.0683 24.7454 45.0823 19.5986
83.4 39.1138 24.7071 45.0379 19.6369
83.5 39.1593 24.6689 44.9936 19.6751
83.6 39.2048 24.6306 44.9493 19.7134
83.7 39.2503 24.5923 44.9049 19.7517
83.8 39.2958 24.5541 44.8605 19.7899
83.9 39.3412 24.5158 44.8161 19.8282
84 39.3867 24.4775 44.7717 19.8665
84.1 39.4322 24.4392 44.7273 19.9048
84.2 39.4776 24.4009 44.6829 19.9431
84.3 39.5231 24.3626 44.6385 19.9814
84.4 39.5685 24.3243 44.594 20.0197
84.5 39.6139 24.2859 44.5496 20.0581
84.6 39.6594 24.2476 44.5051 20.0964
84.7 39.7048 24.2093 44.4607 20.1347
84.8 39.7502 24.1709 44.4162 20.1731
84.9 39.7956 24.1326 44.3717 20.2114
85 39.841 24.0942 44.3272 20.2498
85.1 39.8864 24.0559 44.2827 20.2881
85.2 39.9318 24.0175 44.2382 20.3265
85.3 39.9771 23.9791 44.1936 20.3649
85.4 40.0225 23.9408 44.1491 20.4032
85.5 40.0679 23.9024 44.1045 20.4416
85.6 40.1132 23.864 44.06 20.48
85.7 40.1586 23.8256 44.0154 20.5184
85.8 40.2039 23.7872 43.9708 20.5568
85.9 40.2492 23.7488 43.9262 20.5952
86 40.2945 23.7104 43.8816 20.6336
86.1 40.3399 23.672 43.837 20.672
86.2 40.3852 23.6336 43.7924 20.7104
86.3 40.4305 23.5952 43.7478 20.7488
86.4 40.4758 23.5567 43.7031 20.7873
86.5 40.5211 23.5183 43.6585 20.8257
86.6 40.5663 23.4799 43.6138 20.8641
86.7 40.6116 23.4414 43.5691 20.9026
86.8 40.6569 23.403 43.5245 20.941
86.9 40.7021 23.3646 43.4798 20.9794
87 40.7474 23.3261 43.4351 21.0179
87.1 40.7926 23.2877 43.3904 21.0563
87.2 40.8378 23.2492 43.3456 21.0948
87.3 40.8831 23.2107 43.3009 21.1333
87.4 40.9283 23.1723 43.2562 21.1717
87.5 40.9735 23.1338 43.2114 21.2102
87.6 41.0187 23.0953 43.1667 21.2487
87.7 41.0639 23.0569 43.1219 21.2871
87.8 41.1091 23.0184 43.0771 21.3256
87.9 41.1542 22.9799 43.0323 21.3641
88 41.1994 22.9415 42.9875 21.4025
88.1 41.2446 22.903 42.9427 21.441
88.2 41.2897 22.8645 42.8979 21.4795
88.3 41.3349 22.826 42.8531 21.518
88.4 41.38 22.7875 42.8083 21.5565
88.5 41.4251 22.749 42.7634 21.595
88.6 41.4702 22.7105 42.7186 21.6335
88.7 41.5154 22.672 42.6737 21.672
88.8 41.5605 22.6336 42.6289 21.7104
88.9 41.6055 22.5951 42.584 21.7489
89 41.6506 22.5566 42.5391 21.7874
89.1 41.6957 22.5181 42.4942 21.8259
89.2 41.7408 22.4796 42.4493 21.8644
89.3 41.7858 22.4411 42.4044 21.9029
89.4 41.8309 22.4026 42.3595 21.9414
89.5 41.8759 22.3641 42.3145 21.9799
89.6 41.921 22.3256 42.2696 22.0184
89.7 41.966 22.2871 42.2246 22.0569
89.8 42.011 22.2486 42.1797 22.0954
89.9 42.056 22.2101 42.1347 22.1339
90 42.101 22.1716 42.0897 22.1724
90.1 42.146 22.1331 42.0448 22.2109
90.2 42.191 22.0946 41.9998 22.2494
90.3 42.236 22.0561 41.9548 22.2879
90.4 42.281 22.0176 41.9098 22.3264
90.5 42.3259 21.979 41.8647 22.365
90.6 42.3709 21.9405 41.8197 22.4035
90.7 42.4158 21.902 41.7747 22.442
90.8 42.4607 21.8635 41.7296 22.4805
90.9 42.5057 21.8251 41.6846 22.5189
91 42.5506 21.7866 41.6395 22.5574
91.1 42.5955 21.7481 41.5945 22.5959
91.2 42.6404 21.7096 41.5494 22.6344
91.3 42.6853 21.6711 41.5043 22.6729
91.4 42.7302 21.6326 41.4592 22.7114
91.5 42.775 21.5941 41.4141 22.7499
91.6 42.8199 21.5556 41.369 22.7884
91.7 42.8647 21.5171 41.3239 22.8269
91.8 42.9096 21.4786 41.2788 22.8654
91.9 42.9544 21.4401 41.2336 22.9039
92 42.9992 21.4017 41.1885 22.9423
92.1 43.0441 21.3632 41.1433 22.9808
92.2 43.0889 21.3247 41.0982 23.0193
92.3 43.1337 21.2862 41.053 23.0578
92.4 43.1784 21.2478 41.0078 23.0962
92.5 43.2232 21.2093 40.9627 23.1347
92.6 43.268 21.1708 40.9175 23.1732
92.7 43.3128 21.1324 40.8723 23.2116
92.8 43.3575 21.0939 40.8271 23.2501
92.9 43.4022 21.0555 40.7819 23.2885
93 43.447 21.017 40.7366 23.327
93.1 43.4917 20.9786 40.6914 23.3654
93.2 43.5364 20.9401 40.6462 23.4039
93.3 43.5811 20.9017 40.6009 23.4423
93.4 43.6258 20.8632 40.5557 23.4808
93.5 43.6705 20.8248 40.5104 23.5192
93.6 43.7152 20.7864 40.4652 23.5576
93.7 43.7598 20.748 40.4199 23.596
93.8 43.8045 20.7095 40.3746 23.6345
93.9 43.8491 20.6711 40.3293 23.6729
94 43.8937 20.6327 40.284 23.7113
94.1 43.9384 20.5943 40.2387 23.7497
94.2 43.983 20.5559 40.1934 23.7881
94.3 44.0276 20.5175 40.1481 23.8265
94.4 44.0722 20.4791 40.1027 23.8649
94.5 44.1168 20.4407 40.0574 23.9033
94.6 44.1613 20.4023 40.0121 23.9417
94.7 44.2059 20.364 39.9667 23.98
94.8 44.2505 20.3256 39.9214 24.0184
94.9 44.295 20.2872 39.876 24.0568
95 44.3395 20.2489 39.8306 24.0951
95.1 44.3841 20.2105 39.7852 24.1335
95.2 44.4286 20.1722 39.7399 24.1718
95.3 44.4731 20.1338 39.6945 24.2102
95.4 44.5176 20.0955 39.6491 24.2485
95.5 44.562 20.0572 39.6037 24.2868
95.6 44.6065 20.0188 39.5582 24.3252
95.7 44.651 19.9805 39.5128 24.3635
95.8 44.6954 19.9422 39.4674 24.4018
95.9 44.7399 19.9039 39.422 24.4401
96 44.7843 19.8656 39.3765 24.4784
96.1 44.8287 19.8273 39.3311 24.5167
96.2 44.8731 19.7891 39.2856 24.5549
96.3 44.9175 19.7508 39.2401 24.5932
96.4 44.9619 19.7125 39.1947 24.6315
96.5 45.0063 19.6743 39.1492 24.6697
96.6 45.0506 19.636 39.1037 24.708
96.7 45.095 19.5978 39.0582 24.7462
96.8 45.1393 19.5595 39.0127 24.7845
96.9 45.1836 19.5213 38.9672 24.8227
97 45.228 19.4831 38.9217 24.8609
97.1 45.2723 19.4449 38.8762 24.8991
97.2 45.3166 19.4067 38.8307 24.9373
97.3 45.3609 19.3685 38.7851 24.9755
97.4 45.4051 19.3303 38.7396 25.0137
97.5 45.4494 19.2921 38.694 25.0519
97.6 45.4936 19.2539 38.6485 25.0901
97.7 45.5379 19.2158 38.6029 25.1282
97.8 45.5821 19.1776 38.5574 25.1664
97.9 45.6263 19.1395 38.5118 25.2045
98 45.6705 19.1014 38.4662 25.2426
98.1 45.7147 19.0632 38.4206 25.2808
98.2 45.7589 19.0251 38.375 25.3189
98.3 45.8031 18.987 38.3294 25.357
98.4 45.8473 18.9489 38.2838 25.3951
98.5 45.8914 18.9108 38.2382 25.4332
98.6 45.9355 18.8728 38.1926 25.4712
98.7 45.9797 18.8347 38.147 25.5093
98.8 46.0238 18.7966 38.1014 25.5474
98.9 46.0679 18.7586 38.0557 25.5854
99 46.112 18.7206 38.0101 25.6234
99.1 46.156 18.6825 37.9644 25.6615
99.2 46.2001 18.6445 37.9188 25.6995
99.3 46.2442 18.6065 37.8731 25.7375
99.4 46.2882 18.5685 37.8274 25.7755
99.5 46.3322 18.5306 37.7818 25.8134
99.6 46.3763 18.4926 37.7361 25.8514
99.7 46.4203 18.4546 37.6904 25.8894
99.8 46.4643 18.4167 37.6447 25.9273
99.9 46.5082 18.3787 37.599 25.9653
100 46.5522 18.3408 37.5533 26.0032
100.1 46.5962 18.3029 37.5076 26.0411
100.2 46.6401 18.265 37.4619 26.079
100.3 46.684 18.2271 37.4161 26.1169
100.4 46.7279 18.1892 37.3704 26.1548
100.5 46.7719 18.1514 37.3247 26.1926
100.6 46.8157 18.1135 37.2789 26.2305
100.7 46.8596 18.0757 37.2332 26.2683
100.8 46.9035 18.0379 37.1874 26.3061
100.9 46.9473 18.0001 37.1417 26.3439
101 46.9912 17.9622 37.0959 26.3818
101.1 47.035 17.9245 37.0501 26.4195
101.2 47.0788 17.8867 37.0043 26.4573
101.3 47.1226 17.8489 36.9585 26.4951
101.4 47.1664 17.8112 36.9128 26.5328
101.5 47.2102 17.7734 36.867 26.5706
101.6 47.254 17.7357 36.8212 26.6083
101.7 47.2977 17.698 36.7753 26.646
101.8 47.3415 17.6603 36.7295 26.6837
101.9 47.3852 17.6226 36.6837 26.7214
102 47.4289 17.585 36.6379 26.759
102.1 47.4726 17.5473 36.5921 26.7967
102.2 47.5163 17.5097 36.5462 26.8343
102.3 47.5599 17.472 36.5004 26.872
102.4 47.6036 17.4344 36.4545 26.9096
102.5 47.6472 17.3968 36.4087 26.9472
102.6 47.6909 17.3592 36.3628 26.9848
102.7 47.7345 17.3217 36.3169 27.0223
102.8 47.7781 17.2841 36.2711 27.0599
102.9 47.8217 17.2466 36.2252 27.0974
103 47.8652 17.2091 36.1793 27.1349
103.1 47.9088 17.1716 36.1334 27.1724
103.2 47.9524 17.1341 36.0875 27.2099
103.3 47.9959 17.0966 36.0416 27.2474
103.4 48.0394 17.0591 35.9957 27.2849
103.5 48.0829 17.0217 35.9498 27.3223
103.6 48.1264 16.9842 35.9039 27.3598
103.7 48.1699 16.9468 35.858 27.3972
103.8 48.2133 16.9094 35.8121 27.4346
103.9 48.2568 16.872 35.7661 27.472
104 48.3002 16.8347 35.7202 27.5093
104.1 48.3436 16.7973 35.6742 27.5467
104.2 48.387 16.76 35.6283 27.584
104.3 48.4304 16.7227 35.5823 27.6213
104.4 48.4738 16.6854 35.5364 27.6586
104.5 48.5171 16.6481 35.4904 27.6959
104.6 48.5605 16.6108 35.4444 27.7332
104.7 48.6038 16.5736 35.3985 27.7704
104.8 48.6471 16.5363 35.3525 27.8077
104.9 48.6904 16.4991 35.3065 27.8449
105 48.7337 16.4619 35.2605 27.8821
105.1 48.777 16.4247 35.2145 27.9193
105.2 48.8202 16.3876 35.1685 27.9564
105.3 48.8635 16.3504 35.1225 27.9936
105.4 48.9067 16.3133 35.0765 28.0307
105.5 48.9499 16.2762 35.0305 28.0678
105.6 48.9931 16.2391 34.9845 28.1049
105.7 49.0363 16.202 34.9384 28.142
105.8 49.0794 16.165 34.8924 28.179
105.9 49.1226 16.1279 34.8464 28.2161
106 49.1657 16.0909 34.8003 28.2531
106.1 49.2088 16.0539 34.7543 28.2901
106.2 49.2519 16.0169 34.7082 28.3271
106.3 49.295 15.98 34.6621 28.364
106.4 49.3381 15.943 34.6161 28.401
106.5 49.3811 15.9061 34.57 28.4379
106.6 49.4241 15.8692 34.5239 28.4748
106.7 49.4672 15.8323 34.4779 28.5117
106.8 49.5102 15.7954 34.4318 28.5486
106.9 49.5531 15.7586 34.3857 28.5854
107 49.5961 15.7217 34.3396 28.6223
107.1 49.6391 15.6849 34.2935 28.6591
107.2 49.682 15.6481 34.2474 28.6959
107.3 49.7249 15.6114 34.2013 28.7326
107.4 49.7678 15.5746 34.1552 28.7694
107.5 49.8107 15.5379 34.1091 28.8061
107.6 49.8536 15.5012 34.0629 28.8428
107.7 49.8964 15.4645 34.0168 28.8795
107.8 49.9393 15.4278 33.9707 28.9162
107.9 49.9821 15.3912 33.9245 28.9528
108 50.0249 15.3545 33.8784 28.9895
108.1 50.0677 15.3179 33.8323 29.0261
108.2 50.1104 15.2813 33.7861 29.0627
108.3 50.1532 15.2448 33.7399 29.0992
108.4 50.1959 15.2082 33.6938 29.1358
108.5 50.2386 15.1717 33.6476 29.1723
108.6 50.2813 15.1352 33.6015 29.2088
108.7 50.324 15.0987 33.5553 29.2453
108.8 50.3667 15.0623 33.5091 29.2817
108.9 50.4093 15.0258 33.4629 29.3182
109 50.4519 14.9894 33.4167 29.3546
109.1 50.4946 14.953 33.3705 29.391
109.2 50.5371 14.9167 33.3243 29.4273
109.3 50.5797 14.8803 33.2781 29.4637
109.4 50.6223 14.844 33.2319 29.5
109.5 50.6648 14.8077 33.1857 29.5363
109.6 50.7073 14.7714 33.1395 29.5726
109.7 50.7498 14.7351 33.0933 29.6089
109.8 50.7923 14.6989 33.0471 29.6451
109.9 50.8348 14.6627 33.0008 29.6813
110 50.8772 14.6265 32.9546 29.7175
110.1 50.9196 14.5903 32.9083 29.7537
110.2 50.962 14.5542 32.8621 29.7898
110.3 51.0044 14.518 32.8159 29.826
110.4 51.0468 14.4819 32.7696 29.8621
110.5 51.0891 14.4459 32.7234 29.8981
110.6 51.1315 14.4098 32.6771 29.9342
110.7 51.1738 14.3738 32.6308 29.9702
110.8 51.2161 14.3378 32.5846 30.0062
110.9 51.2584 14.3018 32.5383 30.0422
111 51.3006 14.2658 32.492 30.0782
111.1 51.3428 14.2299 32.4457 30.1141
111.2 51.3851 14.194 32.3994 30.15
111.3 51.4273 14.1581 32.3531 30.1859
111.4 51.4694 14.1223 32.3068 30.2217
111.5 51.5116 14.0864 32.2605 30.2576
111.6 51.5537 14.0506 32.2142 30.2934
111.7 51.5958 14.0148 32.1679 30.3292
111.8 51.6379 13.9791 32.1216 30.3649
111.9 51.68 13.9433 32.0753 30.4007
112 51.7221 13.9076 32.029 30.4364
112.1 51.7641 13.8719 31.9827 30.4721
112.2 51.8061 13.8363 31.9363 30.5077
112.3 51.8481 13.8006 31.89 30.5434
112.4 51.8901 13.765 31.8437 30.579
112.5 51.932 13.7294 31.7973 30.6146
112.6 51.974 13.6939 31.751 30.6501
112.7 52.0159 13.6583 31.7046 30.6857
112.8 52.0578 13.6228 31.6583 30.7212
112.9 52.0996 13.5874 31.6119 30.7566
113 52.1415 13.5519 31.5655 30.7921
113.1 52.1833 13.5165 31.5192 30.8275
113.2 52.2251 13.4811 31.4728 30.8629
113.3 52.2669 13.4457 31.4264 30.8983
113.4 52.3086 13.4103 31.38 30.9337
113.5 52.3504 13.375 31.3337 30.969
113.6 52.3921 13.3397 31.2873 31.0043
113.7 52.4338 13.3045 31.2409 31.0395
113.8 52.4755 13.2692 31.1945 31.0748
113.9 52.5171 13.234 31.1481 31.11
114 52.5587 13.1988 31.1017 31.1452
114.1 52.6003 13.1637 31.0553 31.1803
114.2 52.6419 13.1285 31.0089 31.2155
114.3 52.6835 13.0934 30.9625 31.2506
114.4 52.725 13.0583 30.916 31.2857
114.5 52.7665 13.0233 30.8696 31.3207
114.6 52.808 12.9883 30.8232 31.3557
114.7 52.8495 12.9533 30.7768 31.3907
114.8 52.891 12.9183 30.7303 31.4257
114.9 52.9324 12.8834 30.6839 31.4606
115 52.9738 12.8485 30.6374 31.4955
115.1 53.0152 12.8136 30.591 31.5304
115.2 53.0565 12.7787 30.5445 31.5653
115.3 53.0978 12.7439 30.4981 31.6001
115.4 53.1392 12.7091 30.4516 31.6349
115.5 53.1804 12.6743 30.4052 31.6697
115.6 53.2217 12.6396 30.3587 31.7044
115.7 53.2629 12.6049 30.3122 31.7391
115.8 53.3041 12.5702 30.2658 31.7738
115.9 53.3453 12.5356 30.2193 31.8084
116 53.3865 12.5009 30.1728 31.8431
116.1 53.4276 12.4664 30.1263 31.8776
116.2 53.4687 12.4318 30.0798 31.9122
116.3 53.5098 12.3973 30.0333 31.9467
116.4 53.5509 12.3628 29.9869 31.9812
116.5 53.5919 12.3283 29.9404 32.0157
116.6 53.6329 12.2938 29.8939 32.0502
116.7 53.6739 12.2594 29.8473 32.0846
116.8 53.7149 12.225 29.8008 32.119
116.9 53.7558 12.1907 29.7543 32.1533
117 53.7968 12.1564 29.7078 32.1876
117.1 53.8376 12.1221 29.6613 32.2219
117.2 53.8785 12.0878 29.6148 32.2562
117.3 53.9193 12.0536 29.5682 32.2904
117.4 53.9601 12.0194 29.5217 32.3246
117.5 54.0009 11.9852 29.4752 32.3588
117.6 54.0417 11.9511 29.4286 32.3929
117.7 54.0824 11.917 29.3821 32.427
117.8 54.1231 11.8829 29.3355 32.4611
117.9 54.1638 11.8489 29.289 32.4951
118 54.2044 11.8149 29.2424 32.5291
118.1 54.2451 11.7809 29.1959 32.5631
118.2 54.2857 11.7469 29.1493 32.5971
118.3 54.3262 11.713 29.1028 32.631
118.4 54.3668 11.6791 29.0562 32.6649
118.5 54.4073 11.6453 29.0096 32.6987
118.6 54.4478 11.6115 28.9631 32.7325
118.7 54.4882 11.5777 28.9165 32.7663
118.8 54.5287 11.5439 28.8699 32.8001
118.9 54.5691 11.5102 28.8233 32.8338
119 54.6094 11.4765 28.7767 32.8675
119.1 54.6498 11.4428 28.7301 32.9012
119.2 54.6901 11.4092 28.6835 32.9348
119.3 54.7304 11.3756 28.637 32.9684
119.4 54.7707 11.3421 28.5904 33.0019
119.5 54.8109 11.3085 28.5437 33.0355
119.6 54.8511 11.275 28.4971 33.069
119.7 54.8913 11.2416 28.4505 33.1024
119.8 54.9314 11.2081 28.4039 33.1359
119.9 54.9715 11.1748 28.3573 33.1692
120 55.0116 11.1414 28.3107 33.2026
120.1 55.0517 11.1081 28.2641 33.2359
120.2 55.0917 11.0748 28.2174 33.2692
120.3 55.1317 11.0415 28.1708 33.3025
120.4 55.1717 11.0083 28.1242 33.3357
120.5 55.2116 10.9751 28.0775 33.3689
120.6 55.2515 10.9419 28.0309 33.4021
120.7 55.2914 10.9088 27.9842 33.4352
120.8 55.3312 10.8757 27.9376 33.4683
120.9 55.371 10.8427 27.8909 33.5013
121 55.4108 10.8096 27.8443 33.5344
121.1 55.4506 10.7767 27.7976 33.5673
121.2 55.4903 10.7437 27.751 33.6003
121.3 55.53 10.7108 27.7043 33.6332
121.4 55.5696 10.6779 27.6577 33.6661
121.5 55.6092 10.6451 27.611 33.6989
121.6 55.6488 10.6123 27.5643 33.7317
121.7 55.6884 10.5795 27.5176 33.7645
121.8 55.7279 10.5467 27.471 33.7973
121.9 55.7674 10.514 27.4243 33.83
122 55.8069 10.4814 27.3776 33.8626
122.1 55.8463 10.4487 27.3309 33.8953
122.2 55.8857 10.4161 27.2842 33.9279
122.3 55.9251 10.3836 27.2375 33.9604
122.4 55.9644 10.351 27.1908 33.993
122.5 56.0037 10.3185 27.1441 34.0255
122.6 56.0429 10.2861 27.0974 34.0579
122.7 56.0822 10.2537 27.0507 34.0903
122.8 56.1214 10.2213 27.004 34.1227
122.9 56.1605 10.1889 26.9573 34.1551
123 56.1997 10.1566 26.9106 34.1874
123.1 56.2387 10.1244 26.8639 34.2196
123.2 56.2778 10.0921 26.8171 34.2519
123.3 56.3168 10.0599 26.7704 34.2841
123.4 56.3558 10.0278 26.7237 34.3162
123.5 56.3948 9.99564 26.677 34.3484
123.6 56.4337 9.96356 26.6302 34.3804
123.7 56.4725 9.9315 26.5835 34.4125
123.8 56.5114 9.89949 26.5368 34.4445
123.9 56.5502 9.86751 26.49 34.4765
124 56.589 9.83558 26.4433 34.5084
124.1 56.6277 9.80367 26.3965 34.5403
124.2 56.6664 9.77181 26.3498 34.5722
124.3 56.7051 9.73999 26.303 34.604
124.4 56.7437 9.7082 26.2563 34.6358
124.5 56.7823 9.67645 26.2095 34.6676
124.6 56.8208 9.64474 26.1627 34.6993
124.7 56.8593 9.61306 26.116 34.7309
124.8 56.8978 9.58143 26.0692 34.7626
124.9 56.9362 9.54983 26.0224 34.7942
125 56.9746 9.51827 25.9757 34.8257
125.1 57.013 9.48675 25.9289 34.8572
125.2 57.0513 9.45527 25.8821 34.8887
125.3 57.0896 9.42383 25.8353 34.9202
125.4 57.1278 9.39242 25.7885 34.9516
125.5 57.166 9.36106 25.7418 34.9829
125.6 57.2042 9.32973 25.695 35.0143
125.7 57.2423 9.29844 25.6482 35.0456
125.8 57.2804 9.2672 25.6014 35.0768
125.9 57.3184 9.23599 25.5546 35.108
126 57.3564 9.20482 25.5078 35.1392
126.1 57.3944 9.17369 25.461 35.1703
126.2 57.4323 9.1426 25.4142 35.2014
126.3 57.4702 9.11155 25.3674 35.2325
126.4 57.508 9.08054 25.3205 35.2635
126.5 57.5458 9.04957 25.2737 35.2944
126.6 57.5836 9.01864 25.2269 35.3254
126.7 57.6213 8.98775 25.1801 35.3563
126.8 57.659 8.9569 25.1333 35.3871
126.9 57.6966 8.92609 25.0864 35.4179
127 57.7342 8.89532 25.0396 35.4487
127.1 57.7717 8.86459 24.9928 35.4794
127.2 57.8092 8.8339 24.946 35.5101
127.3 57.8467 8.80325 24.8991 35.5407
127.4 57.8841 8.77264 24.8523 35.5714
127.5 57.9214 8.74208 24.8054 35.6019
127.6 57.9588 8.71155 24.7586 35.6324
127.7 57.996 8.68107 24.7117 35.6629
127.8 58.0333 8.65062 24.6649 35.6934
127.9 58.0705 8.62022 24.618 35.7238
128 58.1076 8.58986 24.5712 35.7541
128.1 58.1447 8.55954 24.5243 35.7845
128.2 58.1817 8.52926 24.4775 35.8147
128.3 58.2188 8.49903 24.4306 35.845
128.4 58.2557 8.46883 24.3838 35.8752
128.5 58.2926 8.43868 24.3369 35.9053
128.6 58.3295 8.40857 24.29 35.9354
128.7 58.3663 8.3785 24.2431 35.9655
128.8 58.4031 8.34847 24.1963 35.9955
128.9 58.4398 8.31848 24.1494 36.0255
129 58.4765 8.28854 24.1025 36.0555
129.1 58.5131 8.25864 24.0556 36.0854
129.2 58.5497 8.22878 24.0087 36.1152
129.3 58.5862 8.19896 23.9619 36.145
129.4 58.6227 8.16919 23.915 36.1748
129.5 58.6591 8.13946 23.8681 36.2045
129.6 58.6955 8.10977 23.8212 36.2342
129.7 58.7318 8.08013 23.7743 36.2639
129.8 58.7681 8.05052 23.7274 36.2935
129.9 58.8043 8.02096 23.6805 36.323
130 58.8405 7.99145 23.6336 36.3526
130.1 58.8767 7.96198 23.5867 36.382
130.2 58.9127 7.93255 23.5398 36.4115
130.3 58.9488 7.90316 23.4929 36.4408
130.4 58.9847 7.87382 23.4459 36.4702
130.5 59.0207 7.84452 23.399 36.4995
130.6 59.0565 7.81526 23.3521 36.5287
130.7 59.0923 7.78605 23.3052 36.558
130.8 59.1281 7.75688 23.2583 36.5871
130.9 59.1638 7.72776 23.2113 36.6162
131 59.1995 7.69868 23.1644 36.6453
131.1 59.2351 7.66964 23.1175 36.6744
131.2 59.2706 7.64065 23.0705 36.7034
131.3 59.3061 7.6117 23.0236 36.7323
131.4 59.3415 7.5828 22.9767 36.7612
131.5 59.3769 7.55394 22.9297 36.7901
131.6 59.4122 7.52512 22.8828 36.8189
131.7 59.4475 7.49635 22.8358 36.8476
131.8 59.4827 7.46763 22.7889 36.8764
131.9 59.5179 7.43895 22.7419 36.9051
132 59.553 7.41031 22.695 36.9337
132.1 59.588 7.38172 22.648 36.9623
132.2 59.623 7.35318 22.6011 36.9908
132.3 59.6579 7.32468 22.5541 37.0193
132.4 59.6928 7.29622 22.5072 37.0478
132.5 59.7276 7.26781 22.4602 37.0762
132.6 59.7623 7.23945 22.4132 37.1046
132.7 59.797 7.21113 22.3663 37.1329
132.8 59.8316 7.18286 22.3193 37.1611
132.9 59.8662 7.15463 22.2723 37.1894
133 59.9007 7.12645 22.2254 37.2176
133.1 59.9351 7.09831 22.1784 37.2457
133.2 59.9695 7.07022 22.1314 37.2738
133.3 60.0038 7.04218 22.0844 37.3018
133.4 60.0381 7.01418 22.0374 37.3298
133.5 60.0723 6.98623 21.9905 37.3578
133.6 60.1064 6.95832 21.9435 37.3857
133.7 60.1405 6.93046 21.8965 37.4135
133.8 60.1745 6.90265 21.8495 37.4414
133.9 60.2084 6.87488 21.8025 37.4691
134 60.2423 6.84716 21.7555 37.4968
134.1 60.2761 6.81949 21.7085 37.5245
134.2 60.3098 6.79186 21.6615 37.5521
134.3 60.3435 6.76428 21.6145 37.5797
134.4 60.3771 6.73675 21.5675 37.6072
134.5 60.4106 6.70927 21.5205 37.6347
134.6 60.4441 6.68183 21.4735 37.6622
134.7 60.4775 6.65444 21.4265 37.6896
134.8 60.5108 6.62709 21.3795 37.7169
134.9 60.5441 6.5998 21.3324 37.7442
135 60.5773 6.57255 21.2854 37.7715
135.1 60.6104 6.54534 21.2384 37.7987
135.2 60.6435 6.51819 21.1914 37.8258
135.3 60.6765 6.49108 21.1444 37.8529
135.4 60.7094 6.46403 21.0973 37.88
135.5 60.7422 6.43701 21.0503 37.907
135.6 60.775 6.41005 21.0033 37.9339
135.7 60.8077 6.38314 20.9563 37.9609
135.8 60.8403 6.35627 20.9092 37.9877
135.9 60.8729 6.32945 20.8622 38.0145
136 60.9053 6.30268 20.8152 38.0413
136.1 60.9377 6.27596 20.7681 38.068
136.2 60.9701 6.24929 20.7211 38.0947
136.3 61.0023 6.22266 20.674 38.1213
136.4 61.0345 6.19608 20.627 38.1479
136.5 61.0666 6.16956 20.5799 38.1744
136.6 61.0986 6.14308 20.5329 38.2009
136.7 61.1306 6.11665 20.4858 38.2274
136.8 61.1624 6.09027 20.4388 38.2537
136.9 61.1942 6.06393 20.3917 38.2801
137 61.2259 6.03765 20.3447 38.3063
137.1 61.2576 6.01142 20.2976 38.3326
137.2 61.2891 5.98523 20.2506 38.3588
137.3 61.3206 5.9591 20.2035 38.3849
137.4 61.352 5.93301 20.1564 38.411
137.5 61.3833 5.90697 20.1094 38.437
137.6 61.4145 5.88099 20.0623 38.463
137.7 61.4456 5.85505 20.0152 38.489
137.8 61.4767 5.82916 19.9682 38.5148
137.9 61.5076 5.80332 19.9211 38.5407
138 61.5385 5.77753 19.874 38.5665
138.1 61.5693 5.7518 19.8269 38.5922
138.2 61.6 5.72611 19.7799 38.6179
138.3 61.6307 5.70047 19.7328 38.6435
138.4 61.6612 5.67488 19.6857 38.6691
138.5 61.6916 5.64934 19.6386 38.6947
138.6 61.722 5.62386 19.5915 38.7201
138.7 61.7523 5.59842 19.5444 38.7456
138.8 61.7825 5.57303 19.4973 38.771
138.9 61.8126 5.5477 19.4502 38.7963
139 61.8426 5.52241 19.4032 38.8216
139.1 61.8725 5.49718 19.3561 38.8468
139.2 61.9023 5.47199 19.309 38.872
139.3 61.932 5.44686 19.2619 38.8971
139.4 61.9616 5.42178 19.2148 38.9222
139.5 61.9912 5.39675 19.1677 38.9473
139.6 62.0206 5.37177 19.1206 38.9722
139.7 62.05 5.34684 19.0734 38.9972
139.8 62.0792 5.32196 19.0263 39.022
139.9 62.1084 5.29714 18.9792 39.0469
140 62.1374 5.27236 18.9321 39.0716
140.1 62.1664 5.24764 18.885 39.0964
140.2 62.1952 5.22297 18.8379 39.121
140.3 62.224 5.19835 18.7908 39.1457
140.4 62.2526 5.17378 18.7437 39.1702
140.5 62.2812 5.14926 18.6965 39.1947
140.6 62.3096 5.1248 18.6494 39.2192
140.7 62.338 5.10038 18.6023 39.2436
140.8 62.3662 5.07602 18.5552 39.268
140.9 62.3943 5.05171 18.508 39.2923
141 62.4224 5.02746 18.4609 39.3165
141.1 62.4503 5.00325 18.4138 39.3407
141.2 62.4781 4.9791 18.3666 39.3649
141.3 62.5058 4.955 18.3195 39.389
141.4 62.5334 4.93096 18.2724 39.413
141.5 62.5609 4.90696 18.2252 39.437
141.6 62.5883 4.88302 18.1781 39.461
141.7 62.6156 4.85913 18.131 39.4849
141.8 62.6427 4.83529 18.0838 39.5087
141.9 62.6698 4.81151 18.0367 39.5325
142 62.6967 4.78778 17.9895 39.5562
142.1 62.7235 4.7641 17.9424 39.5799
142.2 62.7502 4.74047 17.8952 39.6035
142.3 62.7768 4.7169 17.8481 39.6271
142.4 62.8033 4.69338 17.8009 39.6506
142.5 62.8296 4.66992 17.7538 39.6741
142.6 62.8559 4.64651 17.7066 39.6975
142.7 62.882 4.62315 17.6595 39.7209
142.8 62.908 4.59984 17.6123 39.7442
142.9 62.9339 4.57659 17.5651 39.7674
143 62.9596 4.55339 17.518 39.7906
143.1 62.9852 4.53025 17.4708 39.8138
143.2 63.0107 4.50716 17.4237 39.8368
143.3 63.0361 4.48412 17.3765 39.8599
143.4 63.0613 4.46114 17.3293 39.8829
143.5 63.0864 4.43821 17.2821 39.9058
143.6 63.1114 4.41533 17.235 39.9287
143.7 63.1363 4.39251 17.1878 39.9515
143.8 63.161 4.36974 17.1406 39.9743
143.9 63.1856 4.34703 17.0935 39.997
144 63.2101 4.32437 17.0463 40.0196
144.1 63.2344 4.30177 16.9991 40.0422
144.2 63.2586 4.27922 16.9519 40.0648
144.3 63.2826 4.25672 16.9047 40.0873
144.4 63.3066 4.23428 16.8576 40.1097
144.5 63.3303 4.2119 16.8104 40.1321
144.6 63.354 4.18957 16.7632 40.1544
144.7 63.3775 4.16729 16.716 40.1767
144.8 63.4008 4.14507 16.6688 40.1989
144.9 63.4241 4.1229 16.6216 40.2211
145 63.4471 4.10079 16.5744 40.2432
145.1 63.47 4.07873 16.5272 40.2653
145.2 63.4928 4.05673 16.48 40.2873
145.3 63.5154 4.03479 16.4328 40.3092
145.4 63.5379 4.01289 16.3856 40.3311
145.5 63.5603 3.99106 16.3384 40.3529
145.6 63.5824 3.96928 16.2912 40.3747
145.7 63.6045 3.94755 16.244 40.3964
145.8 63.6263 3.92588 16.1968 40.4181
145.9 63.648 3.90427 16.1496 40.4397
146 63.6696 3.88271 16.1024 40.4613
146.1 63.691 3.86121 16.0552 40.4828
146.2 63.7122 3.83976 16.008 40.5042
146.3 63.7333 3.81837 15.9608 40.5256
146.4 63.7542 3.79704 15.9136 40.547
146.5 63.775 3.77576 15.8664 40.5682
146.6 63.7956 3.75453 15.8191 40.5895
146.7 63.816 3.73337 15.7719 40.6106
146.8 63.8362 3.71226 15.7247 40.6317
146.9 63.8563 3.6912 15.6775 40.6528
147 63.8762 3.6702 15.6303 40.6738
147.1 63.896 3.64926 15.5831 40.6947
147.2 63.9155 3.62838 15.5358 40.7156
147.3 63.9349 3.60755 15.4886 40.7365
147.4 63.9541 3.58678 15.4414 40.7572
147.5 63.9732 3.56606 15.3942 40.7779
147.6 63.992 3.5454 15.3469 40.7986
147.7 64.0107 3.5248 15.2997 40.8192
147.8 64.0292 3.50425 15.2525 40.8397
147.9 64.0475 3.48377 15.2052 40.8602
148 64.0656 3.46333 15.158 40.8807
148.1 64.0835 3.44296 15.1108 40.901
148.2 64.1013 3.42264 15.0635 40.9214
148.3 64.1188 3.40238 15.0163 40.9416
148.4 64.1361 3.38218 14.969 40.9618
148.5 64.1533 3.36203 14.9218 40.982
148.6 64.1703 3.34194 14.8746 41.0021
148.7 64.187 3.32191 14.8273 41.0221
148.8 64.2036 3.30194 14.7801 41.0421
148.9 64.2199 3.28202 14.7328 41.062
149 64.2361 3.26216 14.6856 41.0818
149.1 64.252 3.24236 14.6383 41.1016
149.2 64.2678 3.22262 14.5911 41.1214
149.3 64.2833 3.20293 14.5438 41.1411
149.4 64.2986 3.1833 14.4966 41.1607
149.5 64.3137 3.16373 14.4493 41.1803
149.6 64.3286 3.14422 14.4021 41.1998
149.7 64.3432 3.12476 14.3548 41.2192
149.8 64.3577 3.10537 14.3076 41.2386
149.9 64.3719 3.08603 14.2603 41.258
150 64.3859 3.06675 14.213 41.2773
150.1 64.3996 3.04753 14.1658 41.2965
150.2 64.4132 3.02836 14.1185 41.3156
150.3 64.4265 3.00926 14.0713 41.3347
150.4 64.4396 2.99021 14.024 41.3538
150.5 64.4524 2.97122 13.9767 41.3728
150.6 64.465 2.95229 13.9295 41.3917
150.7 64.4774 2.93342 13.8822 41.4106
150.8 64.4895 2.9146 13.8349 41.4294
150.9 64.5013 2.89585 13.7877 41.4481
151 64.513 2.87715 13.7404 41.4668
151.1 64.5243 2.85852 13.6931 41.4855
151.2 64.5354 2.83994 13.6458 41.5041
151.3 64.5463 2.82142 13.5986 41.5226
151.4 64.5569 2.80296 13.5513 41.541
151.5 64.5673 2.78456 13.504 41.5594
151.6 64.5774 2.76622 13.4567 41.5778
151.7 64.5872 2.74793 13.4095 41.5961
151.8 64.5967 2.72971 13.3622 41.6143
151.9 64.606 2.71154 13.3149 41.6325
152 64.615 2.69344 13.2676 41.6506
152.1 64.6237 2.67539 13.2203 41.6686
152.2 64.6322 2.65741 13.173 41.6866
152.3 64.6404 2.63948 13.1258 41.7045
152.4 64.6482 2.62161 13.0785 41.7224
152.5 64.6558 2.6038 13.0312 41.7402
152.6 64.6631 2.58605 12.9839 41.7579
152.7 64.6702 2.56836 12.9366 41.7756
152.8 64.6769 2.55074 12.8893 41.7933
152.9 64.6833 2.53317 12.842 41.8108
153 64.6894 2.51566 12.7947 41.8283
153.1 64.6952 2.49821 12.7474 41.8458
153.2 64.7007 2.48082 12.7001 41.8632
153.3 64.7059 2.46349 12.6528 41.8805
153.4 64.7108 2.44622 12.6055 41.8978
153.5 64.7153 2.42901 12.5582 41.915
153.6 64.7195 2.41186 12.5109 41.9321
153.7 64.7234 2.39477 12.4636 41.9492
153.8 64.727 2.37774 12.4163 41.9663
153.9 64.7302 2.36077 12.369 41.9832
154 64.7331 2.34386 12.3217 42.0001
154.1 64.7357 2.32701 12.2744 42.017
154.2 64.7379 2.31022 12.2271 42.0338
154.3 64.7398 2.2935 12.1798 42.0505
154.4 64.7413 2.27683 12.1325 42.0672
154.5 64.7424 2.26022 12.0852 42.0838
154.6 64.7432 2.24368 12.0379 42.1003
154.7 64.7437 2.22719 11.9906 42.1168
154.8 64.7437 2.21077 11.9433 42.1332
154.9 64.7434 2.19441 11.8959 42.1496
155 64.7427 2.17811 11.8486 42.1659
155.1 64.7417 2.16186 11.8013 42.1821
155.2 64.7402 2.14568 11.754 42.1983
155.3 64.7384 2.12956 11.7067 42.2144
155.4 64.7362 2.11351 11.6594 42.2305
155.5 64.7335 2.09751 11.612 42.2465
155.6 64.7305 2.08157 11.5647 42.2624
155.7 64.7271 2.0657 11.5174 42.2783
155.8 64.7232 2.04988 11.4701 42.2941
155.9 64.719 2.03413 11.4228 42.3099
156 64.7143 2.01844 11.3754 42.3256
156.1 64.7092 2.00281 11.3281 42.3412
156.2 64.7036 1.98724 11.2808 42.3568
156.3 64.6976 1.97173 11.2335 42.3723
156.4 64.6912 1.95629 11.1861 42.3877
156.5 64.6843 1.94091 11.1388 42.4031
156.6 64.677 1.92558 11.0915 42.4184
156.7 64.6693 1.91032 11.0441 42.4337
156.8 64.661 1.89512 10.9968 42.4489
156.9 64.6523 1.87999 10.9495 42.464
157 64.6431 1.86491 10.9021 42.4791
157.1 64.6335 1.8499 10.8548 42.4941
157.2 64.6233 1.83495 10.8075 42.5091
157.3 64.6127 1.82006 10.7601 42.5239
157.4 64.6015 1.80523 10.7128 42.5388
157.5 64.5899 1.79047 10.6655 42.5535
157.6 64.5777 1.77576 10.6181 42.5682
157.7 64.5651 1.76112 10.5708 42.5829
157.8 64.5519 1.74654 10.5234 42.5975
157.9 64.5382 1.73203 10.4761 42.612
158 64.5239 1.71757 10.4288 42.6264
158.1 64.5091 1.70318 10.3814 42.6408
158.2 64.4938 1.68885 10.3341 42.6551
158.3 64.4779 1.67458 10.2867 42.6694
158.4 64.4614 1.66038 10.2394 42.6836
158.5 64.4444 1.64624 10.192 42.6978
158.6 64.4268 1.63216 10.1447 42.7118
158.7 64.4086 1.61814 10.0973 42.7259
158.8 64.3898 1.60418 10.05 42.7398
158.9 64.3704 1.59029 10.0026 42.7537
159 64.3504 1.57646 9.9553 42.7675
159.1 64.3298 1.56269 9.90795 42.7813
159.2 64.3086 1.54899 9.8606 42.795
159.3 64.2867 1.53535 9.81324 42.8087
159.4 64.2642 1.52177 9.76589 42.8222
159.5 64.241 1.50826 9.71854 42.8357
159.6 64.2172 1.4948 9.67118 42.8492
159.7 64.1927 1.48141 9.62382 42.8626
159.8 64.1676 1.46809 9.57647 42.8759
159.9 64.1417 1.45482 9.52911 42.8892
160 64.1152 1.44162 9.48175 42.9024
160.1 64.088 1.42849 9.43439 42.9155
160.2 64.06 1.41541 9.38703 42.9286
160.3 64.0314 1.4024 9.33967 42.9416
160.4 64.002 1.38946 9.29231 42.9545
160.5 63.9718 1.37657 9.24495 42.9674
160.6 63.9409 1.36375 9.19759 42.9802
160.7 63.9093 1.35099 9.15022 42.993
160.8 63.8768 1.3383 9.10286 43.0057
160.9 63.8436 1.32567 9.0555 43.0183
161 63.8096 1.3131 9.00813 43.0309
161.1 63.7748 1.3006 8.96076 43.0434
161.2 63.7392 1.28816 8.9134 43.0558
161.3 63.7027 1.27578 8.86603 43.0682
161.4 63.6654 1.26347 8.81866 43.0805
161.5 63.6272 1.25122 8.77129 43.0928
161.6 63.5882 1.23904 8.72392 43.105
161.7 63.5483 1.22691 8.67655 43.1171
161.8 63.5075 1.21486 8.62918 43.1291
161.9 63.4658 1.20286 8.58181 43.1411
162 63.4232 1.19093 8.53443 43.1531
162.1 63.3797 1.17907 8.48706 43.1649
162.2 63.3352 1.16727 8.43969 43.1767
162.3 63.2897 1.15553 8.39231 43.1885
162.4 63.2433 1.14385 8.34494 43.2001
162.5 63.1959 1.13224 8.29756 43.2118
162.6 63.1475 1.1207 8.25018 43.2233
162.7 63.0981 1.10922 8.20281 43.2348
162.8 63.0477 1.0978 8.15543 43.2462
162.9 62.9962 1.08644 8.10805 43.2576
163 62.9436 1.07516 8.06067 43.2688
163.1 62.8899 1.06393 8.01329 43.2801
163.2 62.8352 1.05277 7.96591 43.2912
163.3 62.7793 1.04167 7.91853 43.3023
163.4 62.7224 1.03064 7.87115 43.3134
163.5 62.6642 1.01967 7.82377 43.3243
163.6 62.6049 1.00877 7.77638 43.3352
163.7 62.5444 0.997932 7.729 43.3461
163.8 62.4828 0.987158 7.68161 43.3568
163.9 62.4198 0.976448 7.63423 43.3676
164 62.3557 0.965803 7.58684 43.3782
164.1 62.2903 0.955223 7.53946 43.3888
164.2 62.2236 0.944707 7.49207 43.3993
164.3 62.1556 0.934256 7.44468 43.4097
164.4 62.0863 0.92387 7.39729 43.4201
164.5 62.0156 0.913548 7.34991 43.4305
164.6 61.9436 0.903291 7.30252 43.4407
164.7 61.8701 0.893099 7.25513 43.4509
164.8 61.7953 0.882971 7.20774 43.461
164.9 61.719 0.872909 7.16035 43.4711
165 61.6413 0.862911 7.11295 43.4811
165.1 61.5621 0.852978 7.06556 43.491
165.2 61.4813 0.843111 7.01817 43.5009
165.3 61.3991 0.833308 6.97078 43.5107
165.4 61.3152 0.82357 6.92338 43.5204
165.5 61.2298 0.813897 6.87599 43.5301
165.6 61.1428 0.804289 6.82859 43.5397
165.7 61.0542 0.794747 6.7812 43.5493
165.8 60.9638 0.785269 6.7338 43.5587
165.9 60.8718 0.775857 6.68641 43.5681
166 60.778 0.76651 6.63901 43.5775
166.1 60.6825 0.757228 6.59161 43.5868
166.2 60.5852 0.748011 6.54421 43.596
166.3 60.4861 0.738859 6.49682 43.6051
166.4 60.3851 0.729773 6.44942 43.6142
166.5 60.2822 0.720752 6.40202 43.6232
166.6 60.1774 0.711797 6.35462 43.6322
166.7 60.0707 0.702906 6.30722 43.6411
166.8 59.962 0.694082 6.25982 43.6499
166.9 59.8512 0.685322 6.21241 43.6587
167 59.7384 0.676628 6.16501 43.6674
167.1 59.6235 0.668 6.11761 43.676
167.2 59.5064 0.659437 6.07021 43.6846
167.3 59.3872 0.65094 6.0228 43.6931
167.4 59.2658 0.642508 5.9754 43.7015
167.5 59.1421 0.634141 5.928 43.7099
167.6 59.0161 0.625841 5.88059 43.7182
167.7 58.8878 0.617606 5.83318 43.7264
167.8 58.7571 0.609436 5.78578 43.7346
167.9 58.6239 0.601333 5.73837 43.7427
168 58.4883 0.593295 5.69097 43.7507
168.1 58.3501 0.585322 5.64356 43.7587
168.2 58.2094 0.577416 5.59615 43.7666
168.3 58.0661 0.569575 5.54874 43.7744
168.4 57.9201 0.5618 5.50134 43.7822
168.5 57.7714 0.554091 5.45393 43.7899
168.6 57.6199 0.546448 5.40652 43.7976
168.7 57.4655 0.538871 5.35911 43.8051
168.8 57.3083 0.531359 5.3117 43.8126
168.9 57.1482 0.523913 5.26429 43.8201
169 56.9851 0.516534 5.21688 43.8275
169.1 56.8189 0.50922 5.16946 43.8348
169.2 56.6496 0.501973 5.12205 43.842
169.3 56.4771 0.494791 5.07464 43.8492
169.4 56.3014 0.487675 5.02723 43.8563
169.5 56.1223 0.480626 4.97981 43.8634
169.6 55.94 0.473642 4.9324 43.8704
169.7 55.7541 0.466725 4.88499 43.8773
169.8 55.5648 0.459874 4.83757 43.8841
169.9 55.3719 0.453088 4.79016 43.8909
170 55.1753 0.446369 4.74274 43.8976
170.1 54.9751 0.439717 4.69533 43.9043
170.2 54.771 0.43313 4.64791 43.9109
170.3 54.563 0.42661 4.6005 43.9174
170.4 54.3511 0.420155 4.55308 43.9238
170.5 54.1352 0.413768 4.50566 43.9302
170.6 53.9152 0.407446 4.45825 43.9366
170.7 53.6909 0.401191 4.41083 43.9428
170.8 53.4624 0.395002 4.36341 43.949
170.9 53.2294 0.388879 4.31599 43.9551
171 52.9921 0.382823 4.26857 43.9612
171.1 52.7501 0.376833 4.22116 43.9672
171.2 52.5035 0.370909 4.17374 43.9731
171.3 52.2522 0.365052 4.12632 43.9789
171.4 51.996 0.359261 4.0789 43.9847
171.5 51.7349 0.353537 4.03148 43.9905
171.6 51.4687 0.347879 3.98406 43.9961
171.7 51.1974 0.342288 3.93664 44.0017
171.8 50.9208 0.336763 3.88922 44.0072
171.9 50.6388 0.331305 3.84179 44.0127
172 50.3513 0.325913 3.79437 44.0181
172.1 50.0583 0.320588 3.74695 44.0234
172.2 49.7595 0.315329 3.69953 44.0287
172.3 49.4549 0.310137 3.65211 44.0339
172.4 49.1444 0.305011 3.60468 44.039
172.5 48.8278 0.299953 3.55726 44.044
172.6 48.505 0.29496 3.50984 44.049
172.7 48.1759 0.290035 3.46241 44.054
172.8 47.8403 0.285176 3.41499 44.0588
172.9 47.4982 0.280383 3.36756 44.0636
173 47.1493 0.275658 3.32014 44.0683
173.1 46.7936 0.270999 3.27272 44.073
173.2 46.4309 0.266407 3.22529 44.0776
173.3 46.0611 0.261881 3.17787 44.0821
173.4 45.684 0.257422 3.13044 44.0866
173.5 45.2995 0.25303 3.08301 44.091
173.6 44.9075 0.248705 3.03559 44.0953
173.7 44.5077 0.244447 2.98816 44.0996
173.8 44.1001 0.240255 2.94074 44.1037
173.9 43.6846 0.23613 2.89331 44.1079
174 43.2609 0.232072 2.84588 44.1119
174.1 42.8289 0.228081 2.79846 44.1159
174.2 42.3885 0.224157 2.75103 44.1198
174.3 41.9394 0.220299 2.7036 44.1237
174.4 41.4817 0.216509 2.65617 44.1275
174.5 41.015 0.212785 2.60874 44.1312
174.6 40.5393 0.209128 2.56132 44.1349
174.7 40.0545 0.205538 2.51389 44.1385
174.8 39.5603 0.202015 2.46646 44.142
174.9 39.0566 0.198559 2.41903 44.1454
175 38.5433 0.19517 2.3716 44.1488
175.1 38.0202 0.191847 2.32417 44.1522
175.2 37.4872 0.188592 2.27674 44.1554
175.3 36.9441 0.185404 2.22931 44.1586
175.4 36.3909 0.182282 2.18188 44.1617
175.5 35.8274 0.179228 2.13446 44.1648
175.6 35.2534 0.176241 2.08703 44.1678
175.7 34.6689 0.17332 2.0396 44.1707
175.8 34.0738 0.170467 1.99216 44.1735
175.9 33.4678 0.167681 1.94473 44.1763
176 32.8511 0.164961 1.8973 44.179
176.1 32.2233 0.162309 1.84987 44.1817
176.2 31.5846 0.159724 1.80244 44.1843
176.3 30.9348 0.157206 1.75501 44.1868
176.4 30.2738 0.154754 1.70758 44.1892
176.5 29.6016 0.15237 1.66015 44.1916
176.6 28.9182 0.150053 1.61272 44.1939
176.7 28.2235 0.147803 1.56529 44.1962
176.8 27.5176 0.145621 1.51785 44.1984
176.9 26.8005 0.143505 1.47042 44.2005
177 26.0721 0.141456 1.42299 44.2025
177.1 25.3326 0.139475 1.37556 44.2045
177.2 24.582 0.13756 1.32813 44.2064
177.3 23.8203 0.135713 1.28069 44.2083
177.4 23.0478 0.133933 1.23326 44.2101
177.5 22.2644 0.13222 1.18583 44.2118
177.6 21.4704 0.130574 1.1384 44.2134
177.7 20.6659 0.128995 1.09096 44.215
177.8 19.8511 0.127484 1.04353 44.2165
177.9 19.0262 0.126039 0.996099 44.218
178 18.1915 0.124662 0.948667 44.2193
178.1 17.3472 0.123352 0.901234 44.2206
178.2 16.4936 0.122109 0.853801 44.2219
178.3 15.631 0.120933 0.806368 44.2231
178.4 14.7597 0.119824 0.758935 44.2242
178.5 13.8801 0.118783 0.711502 44.2252
178.6 12.9926 0.117809 0.664068 44.2262
178.7 12.0976 0.116901 0.616635 44.2271
178.8 11.1955 0.116062 0.569202 44.2279
178.9 10.2868 0.115289 0.521769 44.2287
179 9.37191 0.114583 0.474335 44.2294
179.1 8.45134 0.113945 0.426902 44.2301
179.2 7.52561 0.113374 0.379468 44.2306
179.3 6.59524 0.11287 0.332035 44.2311
179.4 5.66077 0.112433 0.284601 44.2316
179.5 4.72277 0.112063 0.237168 44.2319
179.6 3.7818 0.111761 0.189734 44.2322
179.7 2.83845 0.111526 0.142301 44.2325
179.8 1.8933 0.111358 0.0948672 44.2326
179.9 0.946953 0.111257 0.0474336 44.2327
180 6.6452e-14 0.111223 3.32828e-15 44.2328
