#kinematics calculation of gsex
#vertex z = 100 mm, E_reaction = 63.727 MeV
#theta_cm, theta3_lab, Ek3_lab, theta4_lab, Ek4_lab
0 0 59.2031 0 0.083924
0.1 0.0480614 59.203 1.27771 0.083969
0.2 0.0961228 59.2029 2.554 0.0841041
0.3 0.144184 59.2027 3.82745 0.0843292
0.4 0.192246 59.2024 5.09667 0.0846444
0.5 0.240307 59.202 6.36029 0.0850496
0.6 0.288368 59.2015 7.61697 0.0855448
0.7 0.33643 59.2009 8.86543 0.0861301
0.8 0.384491 59.2002 10.1044 0.0868054
0.9 0.432552 59.1994 11.3328 0.0875708
1 0.480613 59.1986 12.5494 0.0884262
1.1 0.528675 59.1976 13.7531 0.0893716
1.2 0.576736 59.1966 14.943 0.090407
1.3 0.624797 59.1955 16.1182 0.0915325
1.4 0.672858 59.1943 17.2779 0.092748
1.5 0.720919 59.1929 18.4212 0.0940535
1.6 0.76898 59.1916 19.5475 0.095449
1.7 0.817042 59.1901 20.6562 0.0969346
1.8 0.865103 59.1885 21.7467 0.0985101
1.9 0.913163 59.1868 22.8187 0.100176
2 0.961224 59.1851 23.8716 0.101931
2.1 1.00929 59.1832 24.9053 0.103777
2.2 1.05735 59.1813 25.9194 0.105712
2.3 1.10541 59.1793 26.9137 0.107738
2.4 1.15347 59.1771 27.8881 0.109853
2.5 1.20153 59.1749 28.8426 0.112059
2.6 1.24959 59.1726 29.7772 0.114354
2.7 1.29765 59.1703 30.6918 0.116739
2.8 1.34571 59.1678 31.5865 0.119215
2.9 1.39377 59.1652 32.4615 0.12178
3 1.44183 59.1626 33.3168 0.124435
3.1 1.48989 59.1598 34.1527 0.12718
3.2 1.53795 59.157 34.9694 0.130015
3.3 1.58601 59.1541 35.7671 0.13294
3.4 1.63407 59.151 36.5461 0.135955
3.5 1.68213 59.1479 37.3066 0.139059
3.6 1.73019 59.1447 38.049 0.142254
3.7 1.77825 59.1415 38.7736 0.145538
3.8 1.82631 59.1381 39.4806 0.148913
3.9 1.87437 59.1346 40.1704 0.152377
4 1.92243 59.1311 40.8434 0.155931
4.1 1.97049 59.1274 41.4999 0.159575
4.2 2.01855 59.1237 42.1403 0.163308
4.3 2.0666 59.1199 42.7648 0.167132
4.4 2.11466 59.116 43.374 0.171045
4.5 2.16272 59.112 43.968 0.175048
4.6 2.21078 59.1079 44.5473 0.17914
4.7 2.25884 59.1037 45.1123 0.183323
4.8 2.3069 59.0994 45.6632 0.187595
4.9 2.35496 59.095 46.2005 0.191957
5 2.40301 59.0906 46.7244 0.196409
5.1 2.45107 59.086 47.2354 0.20095
5.2 2.49913 59.0814 47.7337 0.205581
5.3 2.54719 59.0767 48.2196 0.210302
5.4 2.59525 59.0719 48.6936 0.215112
5.5 2.6433 59.067 49.1558 0.220012
5.6 2.69136 59.062 49.6067 0.225002
5.7 2.73942 59.0569 50.0465 0.230081
5.8 2.78747 59.0517 50.4755 0.23525
5.9 2.83553 59.0465 50.8939 0.240509
6 2.88359 59.0411 51.3022 0.245857
6.1 2.93164 59.0357 51.7005 0.251294
6.2 2.9797 59.0302 52.0892 0.256822
6.3 3.02776 59.0246 52.4684 0.262438
6.4 3.07581 59.0189 52.8385 0.268144
6.5 3.12387 59.0131 53.1997 0.27394
6.6 3.17192 59.0072 53.5522 0.279825
6.7 3.21998 59.0012 53.8962 0.2858
6.8 3.26804 58.9951 54.232 0.291864
6.9 3.31609 58.989 54.5599 0.298017
7 3.36415 58.9827 54.8799 0.30426
7.1 3.4122 58.9764 55.1924 0.310592
7.2 3.46026 58.97 55.4975 0.317014
7.3 3.50831 58.9635 55.7955 0.323524
7.4 3.55636 58.9569 56.0865 0.330125
7.5 3.60442 58.9502 56.3706 0.336814
7.6 3.65247 58.9434 56.6482 0.343593
7.7 3.70053 58.9365 56.9193 0.350461
7.8 3.74858 58.9296 57.1841 0.357418
7.9 3.79663 58.9225 57.4429 0.364464
8 3.84469 58.9154 57.6957 0.3716
8.1 3.89274 58.9082 57.9427 0.378825
8.2 3.94079 58.9009 58.184 0.386139
8.3 3.98884 58.8935 58.4198 0.393542
8.4 4.03689 58.886 58.6503 0.401034
8.5 4.08495 58.8784 58.8756 0.408615
8.6 4.133 58.8707 59.0957 0.416286
8.7 4.18105 58.863 59.3109 0.424045
8.8 4.2291 58.8551 59.5213 0.431893
8.9 4.27715 58.8472 59.727 0.439831
9 4.3252 58.8391 59.928 0.447857
9.1 4.37325 58.831 60.1246 0.455972
9.2 4.4213 58.8228 60.3168 0.464176
9.3 4.46935 58.8145 60.5047 0.472469
9.4 4.5174 58.8061 60.6885 0.480851
9.5 4.56545 58.7977 60.8682 0.489322
9.6 4.6135 58.7891 61.0439 0.497881
9.7 4.66155 58.7805 61.2158 0.50653
9.8 4.7096 58.7717 61.3839 0.515267
9.9 4.75765 58.7629 61.5483 0.524093
10 4.8057 58.754 61.7091 0.533007
10.1 4.85374 58.745 61.8664 0.54201
10.2 4.90179 58.7359 62.0202 0.551102
10.3 4.94984 58.7267 62.1707 0.560283
10.4 4.99789 58.7174 62.318 0.569552
10.5 5.04593 58.7081 62.462 0.578909
10.6 5.09398 58.6986 62.6029 0.588355
10.7 5.14203 58.6891 62.7408 0.59789
10.8 5.19007 58.6795 62.8756 0.607513
10.9 5.23812 58.6698 63.0076 0.617225
11 5.28616 58.66 63.1366 0.627025
11.1 5.33421 58.6501 63.2629 0.636913
11.2 5.38225 58.6401 63.3865 0.64689
11.3 5.4303 58.63 63.5074 0.656955
11.4 5.47834 58.6199 63.6257 0.667108
11.5 5.52639 58.6096 63.7414 0.67735
11.6 5.57443 58.5993 63.8547 0.68768
11.7 5.62247 58.5889 63.9655 0.698098
11.8 5.67052 58.5784 64.0739 0.708604
11.9 5.71856 58.5678 64.1799 0.719199
12 5.7666 58.5571 64.2837 0.729881
12.1 5.81464 58.5463 64.3852 0.740652
12.2 5.86268 58.5355 64.4845 0.751511
12.3 5.91073 58.5245 64.5817 0.762457
12.4 5.95877 58.5135 64.6768 0.773492
12.5 6.00681 58.5024 64.7698 0.784614
12.6 6.05485 58.4912 64.8607 0.795825
12.7 6.10289 58.4799 64.9497 0.807123
12.8 6.15093 58.4685 65.0368 0.81851
12.9 6.19897 58.457 65.122 0.829984
13 6.24701 58.4455 65.2052 0.841545
13.1 6.29504 58.4338 65.2867 0.853195
13.2 6.34308 58.4221 65.3664 0.864932
13.3 6.39112 58.4102 65.4443 0.876757
13.4 6.43916 58.3983 65.5205 0.88867
13.5 6.4872 58.3863 65.595 0.90067
13.6 6.53523 58.3742 65.6679 0.912757
13.7 6.58327 58.3621 65.7391 0.924933
13.8 6.63131 58.3498 65.8088 0.937195
13.9 6.67934 58.3375 65.8768 0.949545
14 6.72738 58.325 65.9434 0.961983
14.1 6.77541 58.3125 66.0084 0.974508
14.2 6.82345 58.2999 66.072 0.98712
14.3 6.87148 58.2872 66.1341 0.99982
14.4 6.91951 58.2744 66.1948 1.01261
14.5 6.96755 58.2615 66.2541 1.02548
14.6 7.01558 58.2486 66.3121 1.03844
14.7 7.06361 58.2355 66.3687 1.05149
14.8 7.11165 58.2224 66.4239 1.06463
14.9 7.15968 58.2092 66.4779 1.07785
15 7.20771 58.1958 66.5306 1.09116
15.1 7.25574 58.1824 66.5821 1.10455
15.2 7.30377 58.169 66.6323 1.11804
15.3 7.3518 58.1554 66.6813 1.13161
15.4 7.39983 58.1417 66.7292 1.14526
15.5 7.44786 58.128 66.7758 1.15901
15.6 7.49589 58.1142 66.8214 1.17284
15.7 7.54392 58.1002 66.8658 1.18676
15.8 7.59194 58.0862 66.9091 1.20076
15.9 7.63997 58.0721 66.9513 1.21485
16 7.688 58.058 66.9924 1.22903
16.1 7.73603 58.0437 67.0325 1.24329
16.2 7.78405 58.0294 67.0716 1.25764
16.3 7.83208 58.0149 67.1097 1.27208
16.4 7.8801 58.0004 67.1467 1.2866
16.5 7.92813 57.9858 67.1828 1.30121
16.6 7.97615 57.9711 67.2179 1.31591
16.7 8.02418 57.9563 67.2521 1.33069
16.8 8.0722 57.9414 67.2853 1.34556
16.9 8.12022 57.9265 67.3176 1.36052
17 8.16825 57.9114 67.349 1.37556
17.1 8.21627 57.8963 67.3795 1.39068
17.2 8.26429 57.8811 67.4092 1.4059
17.3 8.31231 57.8658 67.438 1.4212
17.4 8.36033 57.8504 67.4659 1.43658
17.5 8.40835 57.8349 67.493 1.45205
17.6 8.45637 57.8194 67.5193 1.46761
17.7 8.50439 57.8037 67.5448 1.48325
17.8 8.55241 57.788 67.5694 1.49898
17.9 8.60043 57.7722 67.5933 1.51479
18 8.64845 57.7563 67.6165 1.53069
18.1 8.69647 57.7403 67.6388 1.54668
18.2 8.74448 57.7242 67.6605 1.56275
18.3 8.7925 57.7081 67.6814 1.57891
18.4 8.84052 57.6919 67.7015 1.59515
18.5 8.88853 57.6755 67.721 1.61148
18.6 8.93655 57.6591 67.7397 1.62789
18.7 8.98456 57.6426 67.7578 1.64439
18.8 9.03257 57.626 67.7751 1.66097
18.9 9.08059 57.6094 67.7919 1.67764
19 9.1286 57.5926 67.8079 1.6944
19.1 9.17661 57.5758 67.8233 1.71124
19.2 9.22463 57.5588 67.838 1.72816
19.3 9.27264 57.5418 67.8521 1.74517
19.4 9.32065 57.5247 67.8656 1.76226
19.5 9.36866 57.5076 67.8785 1.77944
19.6 9.41667 57.4903 67.8908 1.79671
19.7 9.46468 57.4729 67.9025 1.81406
19.8 9.51268 57.4555 67.9135 1.83149
19.9 9.56069 57.438 67.924 1.84901
20 9.6087 57.4204 67.934 1.86661
20.1 9.65671 57.4027 67.9433 1.8843
20.2 9.70471 57.3849 67.9521 1.90207
20.3 9.75272 57.3671 67.9604 1.91993
20.4 9.80072 57.3491 67.9681 1.93787
20.5 9.84873 57.3311 67.9753 1.9559
20.6 9.89673 57.313 67.982 1.97401
20.7 9.94474 57.2948 67.9881 1.9922
20.8 9.99274 57.2765 67.9937 2.01048
20.9 10.0407 57.2582 67.9989 2.02884
21 10.0887 57.2397 68.0035 2.04729
21.1 10.1367 57.2212 68.0076 2.06582
21.2 10.1847 57.2026 68.0113 2.08443
21.3 10.2327 57.1839 68.0144 2.10313
21.4 10.2807 57.1651 68.0171 2.12192
21.5 10.3287 57.1462 68.0194 2.14078
21.6 10.3767 57.1273 68.0211 2.15973
21.7 10.4247 57.1082 68.0224 2.17877
21.8 10.4727 57.0891 68.0233 2.19788
21.9 10.5207 57.0699 68.0237 2.21709
22 10.5687 57.0506 68.0237 2.23637
22.1 10.6167 57.0313 68.0233 2.25574
22.2 10.6647 57.0118 68.0224 2.27519
22.3 10.7127 56.9923 68.0211 2.29473
22.4 10.7607 56.9727 68.0194 2.31434
22.5 10.8087 56.953 68.0173 2.33405
22.6 10.8567 56.9332 68.0148 2.35383
22.7 10.9047 56.9133 68.0119 2.3737
22.8 10.9527 56.8933 68.0086 2.39365
22.9 11.0007 56.8733 68.0049 2.41368
23 11.0487 56.8532 68.0008 2.4338
23.1 11.0966 56.833 67.9964 2.454
23.2 11.1446 56.8127 67.9916 2.47428
23.3 11.1926 56.7923 67.9864 2.49465
23.4 11.2406 56.7719 67.9808 2.5151
23.5 11.2886 56.7514 67.9749 2.53563
23.6 11.3366 56.7308 67.9686 2.55624
23.7 11.3846 56.7101 67.9619 2.57694
23.8 11.4325 56.6893 67.955 2.59772
23.9 11.4805 56.6684 67.9476 2.61858
24 11.5285 56.6475 67.94 2.63952
24.1 11.5765 56.6265 67.932 2.66055
24.2 11.6245 56.6053 67.9236 2.68165
24.3 11.6725 56.5842 67.915 2.70284
24.4 11.7204 56.5629 67.906 2.72412
24.5 11.7684 56.5415 67.8967 2.74547
24.6 11.8164 56.5201 67.887 2.76691
24.7 11.8644 56.4986 67.8771 2.78842
24.8 11.9124 56.477 67.8669 2.81002
24.9 11.9603 56.4553 67.8563 2.8317
25 12.0083 56.4335 67.8455 2.85347
25.1 12.0563 56.4117 67.8343 2.87531
25.2 12.1043 56.3898 67.8229 2.89724
25.3 12.1522 56.3678 67.8111 2.91925
25.4 12.2002 56.3457 67.7991 2.94133
25.5 12.2482 56.3235 67.7868 2.9635
25.6 12.2961 56.3012 67.7742 2.98576
25.7 12.3441 56.2789 67.7613 3.00809
25.8 12.3921 56.2565 67.7482 3.0305
25.9 12.4401 56.234 67.7348 3.053
26 12.488 56.2114 67.7211 3.07557
26.1 12.536 56.1888 67.7071 3.09823
26.2 12.584 56.166 67.6929 3.12097
26.3 12.6319 56.1432 67.6784 3.14379
26.4 12.6799 56.1203 67.6637 3.16669
26.5 12.7279 56.0973 67.6487 3.18967
26.6 12.7758 56.0743 67.6335 3.21273
26.7 12.8238 56.0511 67.618 3.23587
26.8 12.8717 56.0279 67.6022 3.25909
26.9 12.9197 56.0046 67.5863 3.28239
27 12.9677 55.9812 67.57 3.30577
27.1 13.0156 55.9578 67.5536 3.32924
27.2 13.0636 55.9342 67.5369 3.35278
27.3 13.1116 55.9106 67.5199 3.3764
27.4 13.1595 55.8869 67.5028 3.4001
27.5 13.2075 55.8631 67.4854 3.42389
27.6 13.2554 55.8393 67.4678 3.44775
27.7 13.3034 55.8153 67.4499 3.47169
27.8 13.3513 55.7913 67.4318 3.49571
27.9 13.3993 55.7672 67.4136 3.51981
28 13.4472 55.743 67.3951 3.544
28.1 13.4952 55.7187 67.3763 3.56826
28.2 13.5431 55.6944 67.3574 3.5926
28.3 13.5911 55.67 67.3383 3.61702
28.4 13.639 55.6455 67.3189 3.64151
28.5 13.687 55.6209 67.2994 3.66609
28.6 13.7349 55.5963 67.2796 3.69075
28.7 13.7829 55.5715 67.2596 3.71549
28.8 13.8308 55.5467 67.2395 3.7403
28.9 13.8788 55.5218 67.2191 3.76519
29 13.9267 55.4968 67.1986 3.79017
29.1 13.9747 55.4718 67.1778 3.81522
29.2 14.0226 55.4467 67.1569 3.84035
29.3 14.0706 55.4214 67.1357 3.86556
29.4 14.1185 55.3962 67.1144 3.89085
29.5 14.1664 55.3708 67.0929 3.91621
29.6 14.2144 55.3453 67.0712 3.94166
29.7 14.2623 55.3198 67.0494 3.96718
29.8 14.3103 55.2942 67.0273 3.99278
29.9 14.3582 55.2685 67.0051 4.01846
30 14.4061 55.2428 66.9827 4.04422
30.1 14.4541 55.2169 66.9601 4.07005
30.2 14.502 55.191 66.9373 4.09596
30.3 14.5499 55.165 66.9144 4.12195
30.4 14.5979 55.139 66.8913 4.14802
30.5 14.6458 55.1128 66.868 4.17417
30.6 14.6937 55.0866 66.8446 4.20039
30.7 14.7417 55.0603 66.821 4.22669
30.8 14.7896 55.0339 66.7972 4.25307
30.9 14.8375 55.0075 66.7733 4.27953
31 14.8854 54.9809 66.7492 4.30606
31.1 14.9334 54.9543 66.7249 4.33267
31.2 14.9813 54.9276 66.7005 4.35936
31.3 15.0292 54.9009 66.6759 4.38612
31.4 15.0771 54.874 66.6512 4.41296
31.5 15.1251 54.8471 66.6263 4.43988
31.6 15.173 54.8201 66.6013 4.46688
31.7 15.2209 54.793 66.5761 4.49395
31.8 15.2688 54.7659 66.5508 4.5211
31.9 15.3168 54.7387 66.5253 4.54832
32 15.3647 54.7114 66.4997 4.57562
32.1 15.4126 54.684 66.4739 4.603
32.2 15.4605 54.6565 66.448 4.63046
32.3 15.5084 54.629 66.4219 4.65799
32.4 15.5563 54.6014 66.3957 4.68559
32.5 15.6042 54.5737 66.3694 4.71328
32.6 15.6522 54.546 66.3429 4.74103
32.7 15.7001 54.5181 66.3163 4.76887
32.8 15.748 54.4902 66.2896 4.79678
32.9 15.7959 54.4622 66.2627 4.82476
33 15.8438 54.4342 66.2356 4.85282
33.1 15.8917 54.406 66.2085 4.88096
33.2 15.9396 54.3778 66.1812 4.90917
33.3 15.9875 54.3495 66.1538 4.93746
33.4 16.0354 54.3212 66.1262 4.96582
33.5 16.0833 54.2927 66.0986 4.99426
33.6 16.1312 54.2642 66.0708 5.02277
33.7 16.1791 54.2356 66.0428 5.05136
33.8 16.227 54.207 66.0148 5.08003
33.9 16.2749 54.1782 65.9866 5.10876
34 16.3228 54.1494 65.9583 5.13758
34.1 16.3707 54.1205 65.9299 5.16646
34.2 16.4186 54.0916 65.9013 5.19543
34.3 16.4665 54.0625 65.8727 5.22446
34.4 16.5144 54.0334 65.8439 5.25357
34.5 16.5623 54.0042 65.815 5.28276
34.6 16.6102 53.975 65.786 5.31202
34.7 16.6581 53.9457 65.7568 5.34135
34.8 16.706 53.9162 65.7276 5.37076
34.9 16.7539 53.8868 65.6982 5.40024
35 16.8018 53.8572 65.6688 5.42979
35.1 16.8496 53.8276 65.6392 5.45942
35.2 16.8975 53.7979 65.6095 5.48912
35.3 16.9454 53.7681 65.5797 5.5189
35.4 16.9933 53.7383 65.5498 5.54875
35.5 17.0412 53.7083 65.5198 5.57867
35.6 17.0891 53.6783 65.4896 5.60867
35.7 17.1369 53.6483 65.4594 5.63874
35.8 17.1848 53.6181 65.429 5.66888
35.9 17.2327 53.5879 65.3986 5.6991
36 17.2806 53.5576 65.3681 5.72938
36.1 17.3285 53.5273 65.3374 5.75975
36.2 17.3763 53.4968 65.3066 5.79018
36.3 17.4242 53.4663 65.2758 5.82069
36.4 17.4721 53.4357 65.2448 5.85127
36.5 17.5199 53.4051 65.2138 5.88192
36.6 17.5678 53.3744 65.1826 5.91264
36.7 17.6157 53.3436 65.1514 5.94344
36.8 17.6636 53.3127 65.12 5.97431
36.9 17.7114 53.2818 65.0886 6.00525
37 17.7593 53.2507 65.057 6.03626
37.1 17.8072 53.2197 65.0254 6.06735
37.2 17.855 53.1885 64.9937 6.0985
37.3 17.9029 53.1573 64.9618 6.12973
37.4 17.9507 53.126 64.9299 6.16103
37.5 17.9986 53.0946 64.8979 6.1924
37.6 18.0465 53.0632 64.8658 6.22385
37.7 18.0943 53.0316 64.8336 6.25536
37.8 18.1422 53.0001 64.8014 6.28695
37.9 18.19 52.9684 64.769 6.3186
38 18.2379 52.9367 64.7365 6.35033
38.1 18.2857 52.9049 64.704 6.38213
38.2 18.3336 52.873 64.6714 6.414
38.3 18.3814 52.8411 64.6386 6.44594
38.4 18.4293 52.8091 64.6058 6.47795
38.5 18.4771 52.777 64.5729 6.51003
38.6 18.525 52.7448 64.54 6.54218
38.7 18.5728 52.7126 64.5069 6.5744
38.8 18.6207 52.6803 64.4738 6.6067
38.9 18.6685 52.6479 64.4405 6.63906
39 18.7164 52.6155 64.4072 6.67149
39.1 18.7642 52.583 64.3739 6.704
39.2 18.812 52.5504 64.3404 6.73657
39.3 18.8599 52.5178 64.3068 6.76921
39.4 18.9077 52.4851 64.2732 6.80192
39.5 18.9556 52.4523 64.2395 6.83471
39.6 19.0034 52.4194 64.2057 6.86756
39.7 19.0512 52.3865 64.1719 6.90048
39.8 19.0991 52.3535 64.1379 6.93347
39.9 19.1469 52.3205 64.1039 6.96653
40 19.1947 52.2873 64.0698 6.99965
40.1 19.2425 52.2541 64.0357 7.03285
40.2 19.2904 52.2209 64.0014 7.06612
40.3 19.3382 52.1875 63.9671 7.09945
40.4 19.386 52.1541 63.9327 7.13286
40.5 19.4338 52.1207 63.8983 7.16633
40.6 19.4817 52.0871 63.8637 7.19987
40.7 19.5295 52.0535 63.8291 7.23348
40.8 19.5773 52.0198 63.7944 7.26715
40.9 19.6251 51.9861 63.7597 7.3009
41 19.6729 51.9523 63.7249 7.33471
41.1 19.7208 51.9184 63.69 7.36859
41.2 19.7686 51.8845 63.655 7.40254
41.3 19.8164 51.8504 63.62 7.43656
41.4 19.8642 51.8164 63.5849 7.47065
41.5 19.912 51.7822 63.5497 7.5048
41.6 19.9598 51.748 63.5145 7.53902
41.7 20.0076 51.7137 63.4792 7.5733
41.8 20.0554 51.6793 63.4438 7.60766
41.9 20.1032 51.6449 63.4084 7.64208
42 20.151 51.6104 63.3729 7.67657
42.1 20.1988 51.5759 63.3373 7.71112
42.2 20.2466 51.5413 63.3017 7.74574
42.3 20.2944 51.5066 63.266 7.78043
42.4 20.3422 51.4718 63.2303 7.81519
42.5 20.39 51.437 63.1944 7.85001
42.6 20.4378 51.4021 63.1586 7.8849
42.7 20.4856 51.3671 63.1226 7.91985
42.8 20.5334 51.3321 63.0866 7.95487
42.9 20.5812 51.297 63.0505 7.98996
43 20.629 51.2619 63.0144 8.02511
43.1 20.6768 51.2267 62.9782 8.06033
43.2 20.7246 51.1914 62.942 8.09562
43.3 20.7724 51.156 62.9057 8.13097
43.4 20.8201 51.1206 62.8693 8.16638
43.5 20.8679 51.0851 62.8329 8.20186
43.6 20.9157 51.0496 62.7964 8.23741
43.7 20.9635 51.014 62.7598 8.27302
43.8 21.0113 50.9783 62.7232 8.3087
43.9 21.059 50.9426 62.6865 8.34444
44 21.1068 50.9068 62.6498 8.38024
44.1 21.1546 50.8709 62.6131 8.41612
44.2 21.2024 50.8349 62.5762 8.45205
44.3 21.2501 50.7989 62.5393 8.48805
44.4 21.2979 50.7629 62.5024 8.52412
44.5 21.3457 50.7268 62.4654 8.56025
44.6 21.3934 50.6906 62.4283 8.59644
44.7 21.4412 50.6543 62.3912 8.6327
44.8 21.489 50.618 62.3541 8.66902
44.9 21.5367 50.5816 62.3168 8.7054
45 21.5845 50.5451 62.2796 8.74185
45.1 21.6322 50.5086 62.2422 8.77837
45.2 21.68 50.4721 62.2049 8.81494
45.3 21.7278 50.4354 62.1674 8.85158
45.4 21.7755 50.3987 62.13 8.88828
45.5 21.8233 50.3619 62.0924 8.92505
45.6 21.871 50.3251 62.0548 8.96188
45.7 21.9188 50.2882 62.0172 8.99877
45.8 21.9665 50.2513 61.9795 9.03573
45.9 22.0143 50.2143 61.9418 9.07275
46 22.062 50.1772 61.904 9.10983
46.1 22.1098 50.14 61.8662 9.14697
46.2 22.1575 50.1028 61.8283 9.18418
46.3 22.2052 50.0656 61.7903 9.22145
46.4 22.253 50.0282 61.7524 9.25878
46.5 22.3007 49.9908 61.7143 9.29617
46.6 22.3485 49.9534 61.6762 9.33362
46.7 22.3962 49.9159 61.6381 9.37114
46.8 22.4439 49.8783 61.5999 9.40872
46.9 22.4916 49.8406 61.5617 9.44636
47 22.5394 49.8029 61.5234 9.48406
47.1 22.5871 49.7652 61.4851 9.52182
47.2 22.6348 49.7274 61.4468 9.55964
47.3 22.6826 49.6895 61.4084 9.59753
47.4 22.7303 49.6515 61.3699 9.63548
47.5 22.778 49.6135 61.3314 9.67348
47.6 22.8257 49.5754 61.2929 9.71155
47.7 22.8734 49.5373 61.2543 9.74968
47.8 22.9212 49.4991 61.2156 9.78787
47.9 22.9689 49.4609 61.177 9.82612
48 23.0166 49.4226 61.1382 9.86443
48.1 23.0643 49.3842 61.0995 9.9028
48.2 23.112 49.3458 61.0606 9.94123
48.3 23.1597 49.3073 61.0218 9.97972
48.4 23.2074 49.2687 60.9829 10.0183
48.5 23.2551 49.2301 60.944 10.0569
48.6 23.3028 49.1914 60.905 10.0956
48.7 23.3505 49.1527 60.8659 10.1343
48.8 23.3982 49.1139 60.8269 10.1731
48.9 23.4459 49.0751 60.7878 10.2119
49 23.4936 49.0362 60.7486 10.2508
49.1 23.5413 48.9972 60.7094 10.2898
49.2 23.589 48.9582 60.6702 10.3288
49.3 23.6367 48.9191 60.6309 10.3679
49.4 23.6844 48.88 60.5916 10.407
49.5 23.7321 48.8408 60.5523 10.4462
49.6 23.7798 48.8015 60.5129 10.4855
49.7 23.8275 48.7622 60.4734 10.5248
49.8 23.8751 48.7228 60.434 10.5642
49.9 23.9228 48.6834 60.3944 10.6036
50 23.9705 48.6439 60.3549 10.6431
50.1 24.0182 48.6043 60.3153 10.6827
50.2 24.0659 48.5647 60.2757 10.7223
50.3 24.1135 48.525 60.236 10.762
50.4 24.1612 48.4853 60.1963 10.8017
50.5 24.2089 48.4455 60.1566 10.8415
50.6 24.2565 48.4057 60.1168 10.8813
50.7 24.3042 48.3658 60.077 10.9212
50.8 24.3519 48.3259 60.0371 10.9611
50.9 24.3995 48.2858 59.9972 11.0012
51 24.4472 48.2458 59.9573 11.0412
51.1 24.4949 48.2057 59.9173 11.0813
51.2 24.5425 48.1655 59.8773 11.1215
51.3 24.5902 48.1252 59.8373 11.1618
51.4 24.6378 48.085 59.7972 11.202
51.5 24.6855 48.0446 59.7571 11.2424
51.6 24.7331 48.0042 59.717 11.2828
51.7 24.7808 47.9637 59.6768 11.3233
51.8 24.8284 47.9232 59.6366 11.3638
51.9 24.8761 47.8826 59.5963 11.4044
52 24.9237 47.842 59.556 11.445
52.1 24.9714 47.8013 59.5157 11.4857
52.2 25.019 47.7606 59.4753 11.5264
52.3 25.0666 47.7198 59.435 11.5672
52.4 25.1143 47.679 59.3945 11.608
52.5 25.1619 47.6381 59.3541 11.6489
52.6 25.2095 47.5971 59.3136 11.6899
52.7 25.2572 47.5561 59.2731 11.7309
52.8 25.3048 47.515 59.2325 11.772
52.9 25.3524 47.4739 59.1919 11.8131
53 25.4 47.4327 59.1513 11.8543
53.1 25.4477 47.3915 59.1106 11.8955
53.2 25.4953 47.3502 59.07 11.9368
53.3 25.5429 47.3089 59.0292 11.9781
53.4 25.5905 47.2675 58.9885 12.0195
53.5 25.6381 47.226 58.9477 12.061
53.6 25.6857 47.1845 58.9069 12.1025
53.7 25.7333 47.143 58.866 12.144
53.8 25.781 47.1014 58.8252 12.1856
53.9 25.8286 47.0597 58.7843 12.2273
54 25.8762 47.018 58.7433 12.269
54.1 25.9238 46.9762 58.7024 12.3108
54.2 25.9714 46.9344 58.6614 12.3526
54.3 26.019 46.8925 58.6203 12.3945
54.4 26.0666 46.8506 58.5793 12.4364
54.5 26.1142 46.8086 58.5382 12.4784
54.6 26.1617 46.7666 58.497 12.5204
54.7 26.2093 46.7245 58.4559 12.5625
54.8 26.2569 46.6824 58.4147 12.6046
54.9 26.3045 46.6402 58.3735 12.6468
55 26.3521 46.598 58.3323 12.689
55.1 26.3997 46.5557 58.291 12.7313
55.2 26.4473 46.5134 58.2497 12.7736
55.3 26.4948 46.471 58.2084 12.816
55.4 26.5424 46.4285 58.167 12.8585
55.5 26.59 46.386 58.1256 12.901
55.6 26.6376 46.3435 58.0842 12.9435
55.7 26.6851 46.3009 58.0428 12.9861
55.8 26.7327 46.2583 58.0013 13.0287
55.9 26.7803 46.2156 57.9598 13.0714
56 26.8278 46.1728 57.9183 13.1142
56.1 26.8754 46.13 57.8767 13.157
56.2 26.9229 46.0872 57.8352 13.1998
56.3 26.9705 46.0443 57.7935 13.2427
56.4 27.0181 46.0013 57.7519 13.2857
56.5 27.0656 45.9583 57.7103 13.3287
56.6 27.1132 45.9153 57.6686 13.3717
56.7 27.1607 45.8722 57.6269 13.4148
56.8 27.2083 45.829 57.5851 13.458
56.9 27.2558 45.7858 57.5433 13.5012
57 27.3033 45.7426 57.5015 13.5444
57.1 27.3509 45.6993 57.4597 13.5877
57.2 27.3984 45.656 57.4179 13.631
57.3 27.4459 45.6126 57.376 13.6744
57.4 27.4935 45.5691 57.3341 13.7179
57.5 27.541 45.5256 57.2922 13.7614
57.6 27.5885 45.4821 57.2502 13.8049
57.7 27.6361 45.4385 57.2083 13.8485
57.8 27.6836 45.3949 57.1663 13.8921
57.9 27.7311 45.3512 57.1242 13.9358
58 27.7786 45.3075 57.0822 13.9795
58.1 27.8261 45.2637 57.0401 14.0233
58.2 27.8737 45.2199 56.998 14.0671
58.3 27.9212 45.176 56.9559 14.111
58.4 27.9687 45.1321 56.9137 14.1549
58.5 28.0162 45.0881 56.8716 14.1989
58.6 28.0637 45.0441 56.8294 14.2429
58.7 28.1112 45.0001 56.7871 14.2869
58.8 28.1587 44.9559 56.7449 14.3311
58.9 28.2062 44.9118 56.7026 14.3752
59 28.2537 44.8676 56.6603 14.4194
59.1 28.3012 44.8233 56.618 14.4637
59.2 28.3487 44.7791 56.5757 14.5079
59.3 28.3962 44.7347 56.5333 14.5523
59.4 28.4437 44.6903 56.4909 14.5967
59.5 28.4911 44.6459 56.4485 14.6411
59.6 28.5386 44.6014 56.4061 14.6856
59.7 28.5861 44.5569 56.3636 14.7301
59.8 28.6336 44.5123 56.3212 14.7747
59.9 28.6811 44.4677 56.2787 14.8193
60 28.7285 44.4231 56.2361 14.8639
60.1 28.776 44.3784 56.1936 14.9086
60.2 28.8235 44.3336 56.151 14.9534
60.3 28.8709 44.2888 56.1084 14.9982
60.4 28.9184 44.244 56.0658 15.043
60.5 28.9659 44.1991 56.0232 15.0879
60.6 29.0133 44.1542 55.9805 15.1328
60.7 29.0608 44.1092 55.9378 15.1778
60.8 29.1082 44.0642 55.8951 15.2228
60.9 29.1557 44.0191 55.8524 15.2679
61 29.2031 43.974 55.8097 15.313
61.1 29.2506 43.9289 55.7669 15.3581
61.2 29.298 43.8837 55.7241 15.4033
61.3 29.3454 43.8385 55.6813 15.4485
61.4 29.3929 43.7932 55.6385 15.4938
61.5 29.4403 43.7479 55.5957 15.5391
61.6 29.4878 43.7025 55.5528 15.5845
61.7 29.5352 43.6571 55.5099 15.6299
61.8 29.5826 43.6117 55.467 15.6753
61.9 29.63 43.5662 55.424 15.7208
62 29.6775 43.5206 55.3811 15.7664
62.1 29.7249 43.4751 55.3381 15.8119
62.2 29.7723 43.4295 55.2951 15.8575
62.3 29.8197 43.3838 55.2521 15.9032
62.4 29.8671 43.3381 55.2091 15.9489
62.5 29.9145 43.2924 55.166 15.9946
62.6 29.9619 43.2466 55.123 16.0404
62.7 30.0093 43.2007 55.0799 16.0863
62.8 30.0568 43.1549 55.0368 16.1321
62.9 30.1042 43.109 54.9936 16.178
63 30.1515 43.063 54.9505 16.224
63.1 30.1989 43.017 54.9073 16.27
63.2 30.2463 42.971 54.8641 16.316
63.3 30.2937 42.9249 54.8209 16.3621
63.4 30.3411 42.8788 54.7777 16.4082
63.5 30.3885 42.8327 54.7344 16.4543
63.6 30.4359 42.7865 54.6912 16.5005
63.7 30.4833 42.7403 54.6479 16.5467
63.8 30.5306 42.694 54.6046 16.593
63.9 30.578 42.6477 54.5613 16.6393
64 30.6254 42.6013 54.5179 16.6857
64.1 30.6727 42.5549 54.4746 16.7321
64.2 30.7201 42.5085 54.4312 16.7785
64.3 30.7675 42.462 54.3878 16.825
64.4 30.8148 42.4155 54.3444 16.8715
64.5 30.8622 42.369 54.3009 16.918
64.6 30.9095 42.3224 54.2575 16.9646
64.7 30.9569 42.2758 54.214 17.0112
64.8 31.0042 42.2291 54.1705 17.0579
64.9 31.0516 42.1824 54.127 17.1046
65 31.0989 42.1357 54.0835 17.1513
65.1 31.1463 42.0889 54.04 17.1981
65.2 31.1936 42.0421 53.9964 17.2449
65.3 31.2409 41.9952 53.9528 17.2918
65.4 31.2883 41.9483 53.9093 17.3387
65.5 31.3356 41.9014 53.8657 17.3856
65.6 31.3829 41.8544 53.822 17.4326
65.7 31.4302 41.8074 53.7784 17.4796
65.8 31.4776 41.7604 53.7347 17.5266
65.9 31.5249 41.7133 53.691 17.5737
66 31.5722 41.6662 53.6474 17.6208
66.1 31.6195 41.6191 53.6036 17.6679
66.2 31.6668 41.5719 53.5599 17.7151
66.3 31.7141 41.5246 53.5162 17.7624
66.4 31.7614 41.4774 53.4724 17.8096
66.5 31.8087 41.4301 53.4286 17.8569
66.6 31.856 41.3828 53.3848 17.9042
66.7 31.9033 41.3354 53.341 17.9516
66.8 31.9506 41.288 53.2972 17.999
66.9 31.9979 41.2406 53.2534 18.0464
67 32.0452 41.1931 53.2095 18.0939
67.1 32.0924 41.1456 53.1656 18.1414
67.2 32.1397 41.098 53.1217 18.189
67.3 32.187 41.0504 53.0778 18.2366
67.4 32.2343 41.0028 53.0339 18.2842
67.5 32.2815 40.9552 52.99 18.3318
67.6 32.3288 40.9075 52.946 18.3795
67.7 32.3761 40.8598 52.9021 18.4272
67.8 32.4233 40.812 52.8581 18.475
67.9 32.4706 40.7643 52.8141 18.5227
68 32.5178 40.7164 52.7701 18.5706
68.1 32.5651 40.6686 52.726 18.6184
68.2 32.6123 40.6207 52.682 18.6663
68.3 32.6596 40.5728 52.6379 18.7142
68.4 32.7068 40.5248 52.5938 18.7622
68.5 32.7541 40.4768 52.5497 18.8102
68.6 32.8013 40.4288 52.5056 18.8582
68.7 32.8485 40.3808 52.4615 18.9062
68.8 32.8958 40.3327 52.4174 18.9543
68.9 32.943 40.2846 52.3732 19.0024
69 32.9902 40.2364 52.3291 19.0506
69.1 33.0374 40.1882 52.2849 19.0988
69.2 33.0846 40.14 52.2407 19.147
69.3 33.1319 40.0918 52.1965 19.1952
69.4 33.1791 40.0435 52.1523 19.2435
69.5 33.2263 39.9952 52.108 19.2918
69.6 33.2735 39.9469 52.0638 19.3401
69.7 33.3207 39.8985 52.0195 19.3885
69.8 33.3679 39.8501 51.9752 19.4369
69.9 33.4151 39.8016 51.9309 19.4854
70 33.4623 39.7532 51.8866 19.5338
70.1 33.5094 39.7047 51.8423 19.5823
70.2 33.5566 39.6562 51.7979 19.6308
70.3 33.6038 39.6076 51.7536 19.6794
70.4 33.651 39.559 51.7092 19.728
70.5 33.6982 39.5104 51.6649 19.7766
70.6 33.7453 39.4617 51.6205 19.8253
70.7 33.7925 39.4131 51.5761 19.8739
70.8 33.8397 39.3644 51.5316 19.9226
70.9 33.8868 39.3156 51.4872 19.9714
71 33.934 39.2669 51.4427 20.0201
71.1 33.9811 39.2181 51.3983 20.0689
71.2 34.0283 39.1692 51.3538 20.1178
71.3 34.0754 39.1204 51.3093 20.1666
71.4 34.1226 39.0715 51.2648 20.2155
71.5 34.1697 39.0226 51.2203 20.2644
71.6 34.2168 38.9736 51.1758 20.3134
71.7 34.264 38.9247 51.1312 20.3623
71.8 34.3111 38.8757 51.0867 20.4113
71.9 34.3582 38.8267 51.0421 20.4603
72 34.4054 38.7776 50.9975 20.5094
72.1 34.4525 38.7285 50.9529 20.5585
72.2 34.4996 38.6794 50.9083 20.6076
72.3 34.5467 38.6303 50.8637 20.6567
72.4 34.5938 38.5811 50.8191 20.7059
72.5 34.6409 38.5319 50.7745 20.7551
72.6 34.688 38.4827 50.7298 20.8043
72.7 34.7351 38.4335 50.6851 20.8535
72.8 34.7822 38.3842 50.6404 20.9028
72.9 34.8293 38.3349 50.5958 20.9521
73 34.8764 38.2856 50.551 21.0014
73.1 34.9235 38.2362 50.5063 21.0508
73.2 34.9705 38.1868 50.4616 21.1002
73.3 35.0176 38.1374 50.4169 21.1496
73.4 35.0647 38.088 50.3721 21.199
73.5 35.1118 38.0386 50.3273 21.2484
73.6 35.1588 37.9891 50.2825 21.2979
73.7 35.2059 37.9396 50.2378 21.3474
73.8 35.2529 37.89 50.193 21.397
73.9 35.3 37.8405 50.1481 21.4465
74 35.347 37.7909 50.1033 21.4961
74.1 35.3941 37.7413 50.0585 21.5457
74.2 35.4411 37.6917 50.0136 21.5953
74.3 35.4882 37.642 49.9688 21.645
74.4 35.5352 37.5923 49.9239 21.6947
74.5 35.5822 37.5426 49.879 21.7444
74.6 35.6293 37.4929 49.8341 21.7941
74.7 35.6763 37.4432 49.7892 21.8438
74.8 35.7233 37.3934 49.7443 21.8936
74.9 35.7703 37.3436 49.6993 21.9434
75 35.8173 37.2938 49.6544 21.9932
75.1 35.8643 37.2439 49.6094 22.0431
75.2 35.9114 37.194 49.5645 22.093
75.3 35.9584 37.1441 49.5195 22.1429
75.4 36.0053 37.0942 49.4745 22.1928
75.5 36.0523 37.0443 49.4295 22.2427
75.6 36.0993 36.9943 49.3845 22.2927
75.7 36.1463 36.9444 49.3395 22.3426
75.8 36.1933 36.8943 49.2944 22.3927
75.9 36.2403 36.8443 49.2494 22.4427
76 36.2872 36.7943 49.2043 22.4927
76.1 36.3342 36.7442 49.1593 22.5428
76.2 36.3812 36.6941 49.1142 22.5929
76.3 36.4281 36.644 49.0691 22.643
76.4 36.4751 36.5939 49.024 22.6931
76.5 36.5221 36.5437 48.9789 22.7433
76.6 36.569 36.4935 48.9338 22.7935
76.7 36.6159 36.4433 48.8886 22.8437
76.8 36.6629 36.3931 48.8435 22.8939
76.9 36.7098 36.3429 48.7984 22.9441
77 36.7568 36.2926 48.7532 22.9944
77.1 36.8037 36.2423 48.708 23.0447
77.2 36.8506 36.192 48.6628 23.095
77.3 36.8975 36.1417 48.6176 23.1453
77.4 36.9444 36.0914 48.5724 23.1956
77.5 36.9914 36.041 48.5272 23.246
77.6 37.0383 35.9906 48.482 23.2964
77.7 37.0852 35.9402 48.4368 23.3468
77.8 37.1321 35.8898 48.3915 23.3972
77.9 37.179 35.8394 48.3463 23.4476
78 37.2258 35.7889 48.301 23.4981
78.1 37.2727 35.7385 48.2557 23.5485
78.2 37.3196 35.688 48.2104 23.599
78.3 37.3665 35.6375 48.1651 23.6495
78.4 37.4134 35.5869 48.1198 23.7001
78.5 37.4602 35.5364 48.0745 23.7506
78.6 37.5071 35.4858 48.0292 23.8012
78.7 37.554 35.4352 47.9839 23.8518
78.8 37.6008 35.3846 47.9385 23.9024
78.9 37.6477 35.334 47.8932 23.953
79 37.6945 35.2834 47.8478 24.0036
79.1 37.7414 35.2327 47.8024 24.0543
79.2 37.7882 35.1821 47.757 24.1049
79.3 37.835 35.1314 47.7116 24.1556
79.4 37.8819 35.0807 47.6662 24.2063
79.5 37.9287 35.0299 47.6208 24.2571
79.6 37.9755 34.9792 47.5754 24.3078
79.7 38.0223 34.9285 47.53 24.3585
79.8 38.0691 34.8777 47.4845 24.4093
79.9 38.1159 34.8269 47.4391 24.4601
80 38.1627 34.7761 47.3936 24.5109
80.1 38.2095 34.7253 47.3481 24.5617
80.2 38.2563 34.6745 47.3027 24.6125
80.3 38.3031 34.6236 47.2572 24.6634
80.4 38.3499 34.5727 47.2117 24.7143
80.5 38.3967 34.5219 47.1662 24.7651
80.6 38.4435 34.471 47.1207 24.816
80.7 38.4902 34.4201 47.0751 24.8669
80.8 38.537 34.3691 47.0296 24.9179
80.9 38.5838 34.3182 46.9841 24.9688
81 38.6305 34.2673 46.9385 25.0197
81.1 38.6773 34.2163 46.893 25.0707
81.2 38.724 34.1653 46.8474 25.1217
81.3 38.7708 34.1143 46.8018 25.1727
81.4 38.8175 34.0633 46.7562 25.2237
81.5 38.8642 34.0123 46.7106 25.2747
81.6 38.911 33.9613 46.665 25.3257
81.7 38.9577 33.9102 46.6194 25.3768
81.8 39.0044 33.8592 46.5738 25.4278
81.9 39.0511 33.8081 46.5282 25.4789
82 39.0978 33.757 46.4825 25.53
82.1 39.1445 33.7059 46.4369 25.5811
82.2 39.1912 33.6548 46.3912 25.6322
82.3 39.2379 33.6037 46.3455 25.6833
82.4 39.2846 33.5526 46.2999 25.7344
82.5 39.3313 33.5014 46.2542 25.7856
82.6 39.378 33.4503 46.2085 25.8367
82.7 39.4247 33.3991 46.1628 25.8879
82.8 39.4713 33.3479 46.1171 25.9391
82.9 39.518 33.2967 46.0714 25.9903
83 39.5647 33.2455 46.0257 26.0415
83.1 39.6113 33.1943 45.9799 26.0927
83.2 39.658 33.1431 45.9342 26.1439
83.3 39.7046 33.0918 45.8884 26.1952
83.4 39.7512 33.0406 45.8427 26.2464
83.5 39.7979 32.9893 45.7969 26.2977
83.6 39.8445 32.9381 45.7511 26.3489
83.7 39.8911 32.8868 45.7054 26.4002
83.8 39.9377 32.8355 45.6596 26.4515
83.9 39.9844 32.7842 45.6138 26.5028
84 40.031 32.7329 45.568 26.5541
84.1 40.0776 32.6816 45.5221 26.6054
84.2 40.1242 32.6303 45.4763 26.6567
84.3 40.1708 32.579 45.4305 26.708
84.4 40.2174 32.5276 45.3847 26.7594
84.5 40.2639 32.4763 45.3388 26.8107
84.6 40.3105 32.4249 45.293 26.8621
84.7 40.3571 32.3735 45.2471 26.9135
84.8 40.4037 32.3222 45.2012 26.9648
84.9 40.4502 32.2708 45.1554 27.0162
85 40.4968 32.2194 45.1095 27.0676
85.1 40.5433 32.168 45.0636 27.119
85.2 40.5899 32.1166 45.0177 27.1704
85.3 40.6364 32.0652 44.9718 27.2218
85.4 40.6829 32.0137 44.9259 27.2733
85.5 40.7295 31.9623 44.8799 27.3247
85.6 40.776 31.9109 44.834 27.3761
85.7 40.8225 31.8594 44.7881 27.4276
85.8 40.869 31.808 44.7421 27.479
85.9 40.9155 31.7565 44.6962 27.5305
86 40.962 31.7051 44.6502 27.5819
86.1 41.0085 31.6536 44.6042 27.6334
86.2 41.055 31.6021 44.5583 27.6849
86.3 41.1015 31.5506 44.5123 27.7364
86.4 41.148 31.4991 44.4663 27.7879
86.5 41.1945 31.4477 44.4203 27.8393
86.6 41.2409 31.3962 44.3743 27.8908
86.7 41.2874 31.3447 44.3283 27.9423
86.8 41.3338 31.2931 44.2823 27.9939
86.9 41.3803 31.2416 44.2362 28.0454
87 41.4267 31.1901 44.1902 28.0969
87.1 41.4732 31.1386 44.1442 28.1484
87.2 41.5196 31.0871 44.0981 28.1999
87.3 41.566 31.0355 44.0521 28.2515
87.4 41.6125 30.984 44.006 28.303
87.5 41.6589 30.9324 43.9599 28.3546
87.6 41.7053 30.8809 43.9139 28.4061
87.7 41.7517 30.8294 43.8678 28.4576
87.8 41.7981 30.7778 43.8217 28.5092
87.9 41.8445 30.7262 43.7756 28.5608
88 41.8909 30.6747 43.7295 28.6123
88.1 41.9372 30.6231 43.6834 28.6639
88.2 41.9836 30.5716 43.6373 28.7154
88.3 42.03 30.52 43.5911 28.767
88.4 42.0763 30.4684 43.545 28.8186
88.5 42.1227 30.4169 43.4989 28.8701
88.6 42.1691 30.3653 43.4527 28.9217
88.7 42.2154 30.3137 43.4066 28.9733
88.8 42.2617 30.2621 43.3604 29.0249
88.9 42.3081 30.2105 43.3142 29.0765
89 42.3544 30.159 43.2681 29.128
89.1 42.4007 30.1074 43.2219 29.1796
89.2 42.447 30.0558 43.1757 29.2312
89.3 42.4933 30.0042 43.1295 29.2828
89.4 42.5396 29.9526 43.0833 29.3344
89.5 42.5859 29.901 43.0371 29.386
89.6 42.6322 29.8494 42.9909 29.4376
89.7 42.6785 29.7978 42.9447 29.4892
89.8 42.7248 29.7462 42.8985 29.5408
89.9 42.771 29.6947 42.8522 29.5923
90 42.8173 29.6431 42.806 29.6439
90.1 42.8636 29.5915 42.7598 29.6955
90.2 42.9098 29.5399 42.7135 29.7471
90.3 42.9561 29.4883 42.6672 29.7987
90.4 43.0023 29.4367 42.621 29.8503
90.5 43.0485 29.3851 42.5747 29.9019
90.6 43.0948 29.3335 42.5284 29.9535
90.7 43.141 29.2819 42.4822 30.0051
90.8 43.1872 29.2303 42.4359 30.0567
90.9 43.2334 29.1788 42.3896 30.1082
91 43.2796 29.1272 42.3433 30.1598
91.1 43.3258 29.0756 42.297 30.2114
91.2 43.372 29.024 42.2507 30.263
91.3 43.4181 28.9724 42.2043 30.3146
91.4 43.4643 28.9208 42.158 30.3662
91.5 43.5105 28.8693 42.1117 30.4177
91.6 43.5566 28.8177 42.0653 30.4693
91.7 43.6028 28.7661 42.019 30.5209
91.8 43.6489 28.7146 41.9726 30.5724
91.9 43.6951 28.663 41.9263 30.624
92 43.7412 28.6114 41.8799 30.6756
92.1 43.7873 28.5599 41.8336 30.7271
92.2 43.8334 28.5083 41.7872 30.7787
92.3 43.8796 28.4568 41.7408 30.8302
92.4 43.9257 28.4052 41.6944 30.8818
92.5 43.9718 28.3537 41.648 30.9333
92.6 44.0178 28.3021 41.6016 30.9849
92.7 44.0639 28.2506 41.5552 31.0364
92.8 44.11 28.1991 41.5088 31.0879
92.9 44.1561 28.1475 41.4624 31.1395
93 44.2021 28.096 41.416 31.191
93.1 44.2482 28.0445 41.3696 31.2425
93.2 44.2942 27.993 41.3231 31.294
93.3 44.3403 27.9415 41.2767 31.3455
93.4 44.3863 27.89 41.2303 31.397
93.5 44.4323 27.8385 41.1838 31.4485
93.6 44.4783 27.787 41.1373 31.5
93.7 44.5244 27.7355 41.0909 31.5515
93.8 44.5704 27.684 41.0444 31.603
93.9 44.6164 27.6325 40.998 31.6545
94 44.6623 27.5811 40.9515 31.7059
94.1 44.7083 27.5296 40.905 31.7574
94.2 44.7543 27.4781 40.8585 31.8089
94.3 44.8003 27.4267 40.812 31.8603
94.4 44.8462 27.3752 40.7655 31.9118
94.5 44.8922 27.3238 40.719 31.9632
94.6 44.9381 27.2724 40.6725 32.0146
94.7 44.9841 27.221 40.626 32.066
94.8 45.03 27.1695 40.5795 32.1175
94.9 45.0759 27.1181 40.5329 32.1689
95 45.1218 27.0667 40.4864 32.2203
95.1 45.1677 27.0153 40.4399 32.2717
95.2 45.2136 26.964 40.3933 32.323
95.3 45.2595 26.9126 40.3468 32.3744
95.4 45.3054 26.8612 40.3002 32.4258
95.5 45.3513 26.8099 40.2537 32.4771
95.6 45.3971 26.7585 40.2071 32.5285
95.7 45.443 26.7072 40.1605 32.5798
95.8 45.4889 26.6558 40.1139 32.6312
95.9 45.5347 26.6045 40.0674 32.6825
96 45.5805 26.5532 40.0208 32.7338
96.1 45.6264 26.5019 39.9742 32.7851
96.2 45.6722 26.4506 39.9276 32.8364
96.3 45.718 26.3993 39.881 32.8877
96.4 45.7638 26.348 39.8344 32.939
96.5 45.8096 26.2968 39.7878 32.9902
96.6 45.8554 26.2455 39.7412 33.0415
96.7 45.9012 26.1943 39.6945 33.0927
96.8 45.9469 26.143 39.6479 33.144
96.9 45.9927 26.0918 39.6013 33.1952
97 46.0384 26.0406 39.5546 33.2464
97.1 46.0842 25.9894 39.508 33.2976
97.2 46.1299 25.9382 39.4613 33.3488
97.3 46.1757 25.887 39.4147 33.4
97.4 46.2214 25.8359 39.368 33.4511
97.5 46.2671 25.7847 39.3214 33.5023
97.6 46.3128 25.7336 39.2747 33.5534
97.7 46.3585 25.6824 39.228 33.6046
97.8 46.4042 25.6313 39.1814 33.6557
97.9 46.4499 25.5802 39.1347 33.7068
98 46.4955 25.5291 39.088 33.7579
98.1 46.5412 25.478 39.0413 33.809
98.2 46.5868 25.4269 38.9946 33.8601
98.3 46.6325 25.3759 38.9479 33.9111
98.4 46.6781 25.3248 38.9012 33.9622
98.5 46.7238 25.2738 38.8545 34.0132
98.6 46.7694 25.2228 38.8078 34.0642
98.7 46.815 25.1718 38.761 34.1152
98.8 46.8606 25.1208 38.7143 34.1662
98.9 46.9062 25.0698 38.6676 34.2172
99 46.9518 25.0189 38.6209 34.2681
99.1 46.9973 24.9679 38.5741 34.3191
99.2 47.0429 24.917 38.5274 34.37
99.3 47.0885 24.866 38.4806 34.421
99.4 47.134 24.8151 38.4339 34.4719
99.5 47.1795 24.7642 38.3871 34.5228
99.6 47.2251 24.7134 38.3403 34.5736
99.7 47.2706 24.6625 38.2936 34.6245
99.8 47.3161 24.6117 38.2468 34.6753
99.9 47.3616 24.5608 38.2 34.7262
100 47.4071 24.51 38.1533 34.777
100.1 47.4526 24.4592 38.1065 34.8278
100.2 47.4981 24.4084 38.0597 34.8786
100.3 47.5435 24.3577 38.0129 34.9293
100.4 47.589 24.3069 37.9661 34.9801
100.5 47.6344 24.2562 37.9193 35.0308
100.6 47.6799 24.2055 37.8725 35.0815
100.7 47.7253 24.1548 37.8257 35.1322
100.8 47.7707 24.1041 37.7788 35.1829
100.9 47.8161 24.0534 37.732 35.2336
101 47.8615 24.0027 37.6852 35.2843
101.1 47.9069 23.9521 37.6384 35.3349
101.2 47.9523 23.9015 37.5915 35.3855
101.3 47.9977 23.8509 37.5447 35.4361
101.4 48.043 23.8003 37.4978 35.4867
101.5 48.0884 23.7497 37.451 35.5373
101.6 48.1337 23.6992 37.4041 35.5878
101.7 48.179 23.6487 37.3573 35.6383
101.8 48.2244 23.5982 37.3104 35.6888
101.9 48.2697 23.5477 37.2636 35.7393
102 48.315 23.4972 37.2167 35.7898
102.1 48.3603 23.4467 37.1698 35.8403
102.2 48.4055 23.3963 37.1229 35.8907
102.3 48.4508 23.3459 37.076 35.9411
102.4 48.4961 23.2955 37.0292 35.9915
102.5 48.5413 23.2451 36.9823 36.0419
102.6 48.5866 23.1947 36.9354 36.0923
102.7 48.6318 23.1444 36.8885 36.1426
102.8 48.677 23.0941 36.8416 36.1929
102.9 48.7222 23.0438 36.7947 36.2432
103 48.7674 22.9935 36.7477 36.2935
103.1 48.8126 22.9432 36.7008 36.3438
103.2 48.8578 22.893 36.6539 36.394
103.3 48.9029 22.8428 36.607 36.4442
103.4 48.9481 22.7926 36.5601 36.4944
103.5 48.9932 22.7424 36.5131 36.5446
103.6 49.0384 22.6923 36.4662 36.5947
103.7 49.0835 22.6421 36.4192 36.6449
103.8 49.1286 22.592 36.3723 36.695
103.9 49.1737 22.5419 36.3254 36.7451
104 49.2188 22.4918 36.2784 36.7952
104.1 49.2639 22.4418 36.2314 36.8452
104.2 49.309 22.3918 36.1845 36.8952
104.3 49.354 22.3418 36.1375 36.9452
104.4 49.3991 22.2918 36.0905 36.9952
104.5 49.4441 22.2418 36.0436 37.0452
104.6 49.4891 22.1919 35.9966 37.0951
104.7 49.5342 22.142 35.9496 37.145
104.8 49.5792 22.0921 35.9026 37.1949
104.9 49.6242 22.0422 35.8556 37.2448
105 49.6691 21.9924 35.8087 37.2946
105.1 49.7141 21.9425 35.7617 37.3445
105.2 49.7591 21.8927 35.7147 37.3943
105.3 49.804 21.843 35.6677 37.444
105.4 49.8489 21.7932 35.6206 37.4938
105.5 49.8939 21.7435 35.5736 37.5435
105.6 49.9388 21.6938 35.5266 37.5932
105.7 49.9837 21.6441 35.4796 37.6429
105.8 50.0286 21.5945 35.4326 37.6925
105.9 50.0735 21.5448 35.3855 37.7422
106 50.1183 21.4952 35.3385 37.7918
106.1 50.1632 21.4456 35.2915 37.8414
106.2 50.208 21.3961 35.2444 37.8909
106.3 50.2529 21.3465 35.1974 37.9405
106.4 50.2977 21.297 35.1504 37.99
106.5 50.3425 21.2476 35.1033 38.0394
106.6 50.3873 21.1981 35.0563 38.0889
106.7 50.4321 21.1487 35.0092 38.1383
106.8 50.4768 21.0993 34.9621 38.1877
106.9 50.5216 21.0499 34.9151 38.2371
107 50.5663 21.0005 34.868 38.2865
107.1 50.6111 20.9512 34.8209 38.3358
107.2 50.6558 20.9019 34.7739 38.3851
107.3 50.7005 20.8527 34.7268 38.4343
107.4 50.7452 20.8034 34.6797 38.4836
107.5 50.7899 20.7542 34.6326 38.5328
107.6 50.8345 20.705 34.5855 38.582
107.7 50.8792 20.6558 34.5384 38.6312
107.8 50.9239 20.6067 34.4913 38.6803
107.9 50.9685 20.5576 34.4442 38.7294
108 51.0131 20.5085 34.3971 38.7785
108.1 51.0577 20.4595 34.35 38.8275
108.2 51.1023 20.4104 34.3029 38.8766
108.3 51.1469 20.3614 34.2558 38.9256
108.4 51.1915 20.3125 34.2087 38.9745
108.5 51.236 20.2635 34.1616 39.0235
108.6 51.2806 20.2146 34.1144 39.0724
108.7 51.3251 20.1657 34.0673 39.1213
108.8 51.3696 20.1169 34.0202 39.1701
108.9 51.4141 20.0681 33.973 39.2189
109 51.4586 20.0193 33.9259 39.2677
109.1 51.5031 19.9705 33.8788 39.3165
109.2 51.5475 19.9218 33.8316 39.3652
109.3 51.592 19.873 33.7845 39.414
109.4 51.6364 19.8244 33.7373 39.4626
109.5 51.6809 19.7757 33.6902 39.5113
109.6 51.7253 19.7271 33.643 39.5599
109.7 51.7697 19.6785 33.5958 39.6085
109.8 51.814 19.63 33.5487 39.657
109.9 51.8584 19.5814 33.5015 39.7056
110 51.9028 19.5329 33.4543 39.7541
110.1 51.9471 19.4845 33.4072 39.8025
110.2 51.9914 19.436 33.36 39.851
110.3 52.0357 19.3876 33.3128 39.8994
110.4 52.08 19.3393 33.2656 39.9477
110.5 52.1243 19.2909 33.2184 39.9961
110.6 52.1686 19.2426 33.1712 40.0444
110.7 52.2128 19.1943 33.124 40.0927
110.8 52.2571 19.1461 33.0768 40.1409
110.9 52.3013 19.0979 33.0296 40.1891
111 52.3455 19.0497 32.9824 40.2373
111.1 52.3897 19.0015 32.9352 40.2855
111.2 52.4339 18.9534 32.888 40.3336
111.3 52.4781 18.9053 32.8408 40.3817
111.4 52.5222 18.8573 32.7936 40.4297
111.5 52.5664 18.8093 32.7464 40.4777
111.6 52.6105 18.7613 32.6991 40.5257
111.7 52.6546 18.7133 32.6519 40.5737
111.8 52.6987 18.6654 32.6047 40.6216
111.9 52.7428 18.6175 32.5574 40.6695
112 52.7868 18.5697 32.5102 40.7173
112.1 52.8309 18.5219 32.463 40.7651
112.2 52.8749 18.4741 32.4157 40.8129
112.3 52.9189 18.4263 32.3685 40.8607
112.4 52.9629 18.3786 32.3212 40.9084
112.5 53.0069 18.3309 32.274 40.9561
112.6 53.0509 18.2833 32.2267 41.0037
112.7 53.0948 18.2357 32.1795 41.0513
112.8 53.1388 18.1881 32.1322 41.0989
112.9 53.1827 18.1405 32.0849 41.1465
113 53.2266 18.093 32.0377 41.194
113.1 53.2705 18.0456 31.9904 41.2414
113.2 53.3144 17.9981 31.9431 41.2889
113.3 53.3582 17.9507 31.8958 41.3363
113.4 53.4021 17.9034 31.8486 41.3836
113.5 53.4459 17.856 31.8013 41.431
113.6 53.4897 17.8087 31.754 41.4783
113.7 53.5335 17.7615 31.7067 41.5255
113.8 53.5773 17.7143 31.6594 41.5727
113.9 53.621 17.6671 31.6121 41.6199
114 53.6648 17.6199 31.5648 41.6671
114.1 53.7085 17.5728 31.5175 41.7142
114.2 53.7522 17.5257 31.4702 41.7613
114.3 53.7959 17.4787 31.4229 41.8083
114.4 53.8396 17.4317 31.3756 41.8553
114.5 53.8832 17.3847 31.3283 41.9023
114.6 53.9269 17.3378 31.281 41.9492
114.7 53.9705 17.2909 31.2337 41.9961
114.8 54.0141 17.244 31.1864 42.043
114.9 54.0577 17.1972 31.139 42.0898
115 54.1013 17.1505 31.0917 42.1365
115.1 54.1448 17.1037 31.0444 42.1833
115.2 54.1884 17.057 30.997 42.23
115.3 54.2319 17.0104 30.9497 42.2766
115.4 54.2754 16.9637 30.9024 42.3233
115.5 54.3189 16.9171 30.855 42.3699
115.6 54.3623 16.8706 30.8077 42.4164
115.7 54.4058 16.8241 30.7603 42.4629
115.8 54.4492 16.7776 30.713 42.5094
115.9 54.4926 16.7312 30.6656 42.5558
116 54.536 16.6848 30.6183 42.6022
116.1 54.5794 16.6384 30.5709 42.6486
116.2 54.6227 16.5921 30.5236 42.6949
116.3 54.6661 16.5459 30.4762 42.7411
116.4 54.7094 16.4996 30.4289 42.7874
116.5 54.7527 16.4534 30.3815 42.8336
116.6 54.796 16.4073 30.3341 42.8797
116.7 54.8392 16.3612 30.2867 42.9258
116.8 54.8825 16.3151 30.2394 42.9719
116.9 54.9257 16.2691 30.192 43.0179
117 54.9689 16.2231 30.1446 43.0639
117.1 55.0121 16.1771 30.0972 43.1099
117.2 55.0553 16.1312 30.0498 43.1558
117.3 55.0984 16.0854 30.0025 43.2016
117.4 55.1415 16.0395 29.9551 43.2475
117.5 55.1847 15.9938 29.9077 43.2932
117.6 55.2277 15.948 29.8603 43.339
117.7 55.2708 15.9023 29.8129 43.3847
117.8 55.3139 15.8567 29.7655 43.4303
117.9 55.3569 15.811 29.7181 43.476
118 55.3999 15.7655 29.6707 43.5215
118.1 55.4429 15.7199 29.6232 43.5671
118.2 55.4859 15.6745 29.5758 43.6125
118.3 55.5288 15.629 29.5284 43.658
118.4 55.5717 15.5836 29.481 43.7034
118.5 55.6146 15.5382 29.4336 43.7488
118.6 55.6575 15.4929 29.3862 43.7941
118.7 55.7004 15.4476 29.3387 43.8394
118.8 55.7432 15.4024 29.2913 43.8846
118.9 55.7861 15.3572 29.2439 43.9298
119 55.8289 15.3121 29.1964 43.9749
119.1 55.8716 15.267 29.149 44.02
119.2 55.9144 15.2219 29.1016 44.0651
119.3 55.9571 15.1769 29.0541 44.1101
119.4 55.9999 15.1319 29.0067 44.1551
119.5 56.0426 15.087 28.9592 44.2
119.6 56.0852 15.0421 28.9118 44.2449
119.7 56.1279 14.9973 28.8644 44.2897
119.8 56.1705 14.9525 28.8169 44.3345
119.9 56.2131 14.9078 28.7694 44.3792
120 56.2557 14.8631 28.722 44.4239
120.1 56.2983 14.8184 28.6745 44.4686
120.2 56.3408 14.7738 28.6271 44.5132
120.3 56.3833 14.7292 28.5796 44.5578
120.4 56.4258 14.6847 28.5321 44.6023
120.5 56.4683 14.6402 28.4847 44.6468
120.6 56.5107 14.5958 28.4372 44.6912
120.7 56.5532 14.5514 28.3897 44.7356
120.8 56.5956 14.5071 28.3422 44.7799
120.9 56.6379 14.4628 28.2948 44.8242
121 56.6803 14.4185 28.2473 44.8685
121.1 56.7226 14.3743 28.1998 44.9127
121.2 56.7649 14.3302 28.1523 44.9568
121.3 56.8072 14.2861 28.1048 45.0009
121.4 56.8495 14.242 28.0573 45.045
121.5 56.8917 14.198 28.0098 45.089
121.6 56.9339 14.154 27.9624 45.133
121.7 56.9761 14.1101 27.9149 45.1769
121.8 57.0183 14.0662 27.8674 45.2208
121.9 57.0604 14.0224 27.8199 45.2646
122 57.1026 13.9786 27.7724 45.3084
122.1 57.1446 13.9349 27.7248 45.3521
122.2 57.1867 13.8912 27.6773 45.3958
122.3 57.2288 13.8476 27.6298 45.4394
122.4 57.2708 13.804 27.5823 45.483
122.5 57.3128 13.7605 27.5348 45.5265
122.6 57.3547 13.717 27.4873 45.57
122.7 57.3967 13.6735 27.4398 45.6135
122.8 57.4386 13.6302 27.3922 45.6568
122.9 57.4805 13.5868 27.3447 45.7002
123 57.5223 13.5435 27.2972 45.7435
123.1 57.5642 13.5003 27.2497 45.7867
123.2 57.606 13.4571 27.2021 45.8299
123.3 57.6478 13.4139 27.1546 45.8731
123.4 57.6895 13.3708 27.1071 45.9162
123.5 57.7313 13.3278 27.0595 45.9592
123.6 57.773 13.2848 27.012 46.0022
123.7 57.8146 13.2418 26.9644 46.0452
123.8 57.8563 13.199 26.9169 46.088
123.9 57.8979 13.1561 26.8694 46.1309
124 57.9395 13.1133 26.8218 46.1737
124.1 57.9811 13.0706 26.7743 46.2164
124.2 58.0226 13.0279 26.7267 46.2591
124.3 58.0641 12.9852 26.6791 46.3018
124.4 58.1056 12.9426 26.6316 46.3444
124.5 58.1471 12.9001 26.584 46.3869
124.6 58.1885 12.8576 26.5365 46.4294
124.7 58.2299 12.8151 26.4889 46.4719
124.8 58.2713 12.7728 26.4413 46.5142
124.9 58.3126 12.7304 26.3938 46.5566
125 58.3539 12.6881 26.3462 46.5989
125.1 58.3952 12.6459 26.2986 46.6411
125.2 58.4365 12.6037 26.2511 46.6833
125.3 58.4777 12.5616 26.2035 46.7254
125.4 58.5189 12.5195 26.1559 46.7675
125.5 58.5601 12.4775 26.1083 46.8095
125.6 58.6012 12.4355 26.0607 46.8515
125.7 58.6423 12.3936 26.0132 46.8934
125.8 58.6834 12.3517 25.9656 46.9353
125.9 58.7245 12.3099 25.918 46.9771
126 58.7655 12.2681 25.8704 47.0189
126.1 58.8065 12.2264 25.8228 47.0606
126.2 58.8474 12.1847 25.7752 47.1023
126.3 58.8883 12.1431 25.7276 47.1439
126.4 58.9292 12.1016 25.68 47.1854
126.5 58.9701 12.0601 25.6324 47.2269
126.6 59.0109 12.0186 25.5848 47.2684
126.7 59.0517 11.9772 25.5372 47.3098
126.8 59.0925 11.9359 25.4896 47.3511
126.9 59.1332 11.8946 25.442 47.3924
127 59.1739 11.8534 25.3944 47.4336
127.1 59.2146 11.8122 25.3468 47.4748
127.2 59.2552 11.7711 25.2992 47.5159
127.3 59.2958 11.73 25.2515 47.557
127.4 59.3364 11.689 25.2039 47.598
127.5 59.377 11.6481 25.1563 47.6389
127.6 59.4175 11.6072 25.1087 47.6798
127.7 59.4579 11.5663 25.0611 47.7207
127.8 59.4984 11.5255 25.0134 47.7615
127.9 59.5388 11.4848 24.9658 47.8022
128 59.5791 11.4441 24.9182 47.8429
128.1 59.6195 11.4035 24.8706 47.8835
128.2 59.6598 11.3629 24.8229 47.9241
128.3 59.7 11.3224 24.7753 47.9646
128.4 59.7403 11.2819 24.7277 48.0051
128.5 59.7805 11.2415 24.68 48.0455
128.6 59.8206 11.2012 24.6324 48.0858
128.7 59.8608 11.1609 24.5847 48.1261
128.8 59.9009 11.1206 24.5371 48.1664
128.9 59.9409 11.0805 24.4894 48.2065
129 59.9809 11.0403 24.4418 48.2467
129.1 60.0209 11.0003 24.3941 48.2867
129.2 60.0609 10.9603 24.3465 48.3267
129.3 60.1008 10.9203 24.2988 48.3667
129.4 60.1406 10.8804 24.2512 48.4066
129.5 60.1805 10.8406 24.2035 48.4464
129.6 60.2203 10.8008 24.1559 48.4862
129.7 60.26 10.7611 24.1082 48.5259
129.8 60.2997 10.7214 24.0606 48.5656
129.9 60.3394 10.6818 24.0129 48.6052
130 60.3791 10.6422 23.9652 48.6448
130.1 60.4187 10.6028 23.9176 48.6842
130.2 60.4582 10.5633 23.8699 48.7237
130.3 60.4978 10.5239 23.8222 48.7631
130.4 60.5373 10.4846 23.7745 48.8024
130.5 60.5767 10.4454 23.7269 48.8416
130.6 60.6161 10.4062 23.6792 48.8808
130.7 60.6555 10.367 23.6315 48.92
130.8 60.6948 10.3279 23.5838 48.9591
130.9 60.7341 10.2889 23.5362 48.9981
131 60.7733 10.2499 23.4885 49.0371
131.1 60.8126 10.211 23.4408 49.076
131.2 60.8517 10.1722 23.3931 49.1148
131.3 60.8908 10.1334 23.3454 49.1536
131.4 60.9299 10.0947 23.2977 49.1923
131.5 60.969 10.056 23.25 49.231
131.6 61.008 10.0174 23.2023 49.2696
131.7 61.0469 9.97884 23.1546 49.3082
131.8 61.0858 9.94035 23.1069 49.3467
131.9 61.1247 9.90192 23.0592 49.3851
132 61.1635 9.86355 23.0115 49.4235
132.1 61.2023 9.82524 22.9638 49.4618
132.2 61.2411 9.78699 22.9161 49.5
132.3 61.2797 9.7488 22.8684 49.5382
132.4 61.3184 9.71067 22.8207 49.5763
132.5 61.357 9.6726 22.773 49.6144
132.6 61.3956 9.63459 22.7253 49.6524
132.7 61.4341 9.59665 22.6776 49.6904
132.8 61.4725 9.55876 22.6299 49.7282
132.9 61.511 9.52094 22.5822 49.7661
133 61.5493 9.48318 22.5345 49.8038
133.1 61.5877 9.44547 22.4867 49.8415
133.2 61.626 9.40783 22.439 49.8792
133.3 61.6642 9.37026 22.3913 49.9167
133.4 61.7024 9.33274 22.3436 49.9543
133.5 61.7405 9.29529 22.2958 49.9917
133.6 61.7786 9.25789 22.2481 50.0291
133.7 61.8167 9.22056 22.2004 50.0664
133.8 61.8547 9.18329 22.1527 50.1037
133.9 61.8926 9.14609 22.1049 50.1409
134 61.9305 9.10895 22.0572 50.1781
134.1 61.9684 9.07186 22.0095 50.2151
134.2 62.0062 9.03485 21.9617 50.2522
134.3 62.0439 8.99789 21.914 50.2891
134.4 62.0816 8.961 21.8663 50.326
134.5 62.1193 8.92417 21.8185 50.3628
134.6 62.1569 8.8874 21.7708 50.3996
134.7 62.1944 8.8507 21.723 50.4363
134.8 62.2319 8.81406 21.6753 50.4729
134.9 62.2693 8.77748 21.6275 50.5095
135 62.3067 8.74097 21.5798 50.546
135.1 62.3441 8.70452 21.532 50.5825
135.2 62.3814 8.66814 21.4843 50.6189
135.3 62.4186 8.63181 21.4365 50.6552
135.4 62.4558 8.59556 21.3888 50.6914
135.5 62.4929 8.55936 21.341 50.7276
135.6 62.53 8.52323 21.2933 50.7638
135.7 62.567 8.48717 21.2455 50.7998
135.8 62.6039 8.45117 21.1978 50.8358
135.9 62.6408 8.41523 21.15 50.8718
136 62.6777 8.37936 21.1022 50.9076
136.1 62.7145 8.34356 21.0545 50.9434
136.2 62.7512 8.30781 21.0067 50.9792
136.3 62.7879 8.27214 20.9589 51.0149
136.4 62.8245 8.23653 20.9112 51.0505
136.5 62.861 8.20098 20.8634 51.086
136.6 62.8975 8.1655 20.8156 51.1215
136.7 62.934 8.13008 20.7679 51.1569
136.8 62.9704 8.09473 20.7201 51.1923
136.9 63.0067 8.05945 20.6723 51.2276
137 63.043 8.02423 20.6245 51.2628
137.1 63.0792 7.98908 20.5768 51.2979
137.2 63.1153 7.95399 20.529 51.333
137.3 63.1514 7.91897 20.4812 51.368
137.4 63.1874 7.88402 20.4334 51.403
137.5 63.2233 7.84913 20.3856 51.4379
137.6 63.2592 7.81431 20.3378 51.4727
137.7 63.2951 7.77955 20.2901 51.5074
137.8 63.3308 7.74486 20.2423 51.5421
137.9 63.3665 7.71024 20.1945 51.5768
138 63.4022 7.67569 20.1467 51.6113
138.1 63.4377 7.6412 20.0989 51.6458
138.2 63.4733 7.60678 20.0511 51.6802
138.3 63.5087 7.57242 20.0033 51.7146
138.4 63.5441 7.53813 19.9555 51.7489
138.5 63.5794 7.50392 19.9077 51.7831
138.6 63.6146 7.46976 19.8599 51.8172
138.7 63.6498 7.43568 19.8121 51.8513
138.8 63.6849 7.40166 19.7643 51.8853
138.9 63.7199 7.36771 19.7165 51.9193
139 63.7549 7.33383 19.6687 51.9532
139.1 63.7898 7.30002 19.6209 51.987
139.2 63.8246 7.26627 19.5731 52.0207
139.3 63.8594 7.2326 19.5253 52.0544
139.4 63.8941 7.19899 19.4775 52.088
139.5 63.9287 7.16545 19.4297 52.1216
139.6 63.9632 7.13197 19.3819 52.155
139.7 63.9977 7.09857 19.334 52.1884
139.8 64.0321 7.06524 19.2862 52.2218
139.9 64.0664 7.03197 19.2384 52.255
140 64.1007 6.99877 19.1906 52.2882
140.1 64.1348 6.96564 19.1428 52.3214
140.2 64.1689 6.93258 19.095 52.3544
140.3 64.203 6.8996 19.0471 52.3874
140.4 64.2369 6.86667 18.9993 52.4203
140.5 64.2708 6.83382 18.9515 52.4532
140.6 64.3046 6.80104 18.9037 52.486
140.7 64.3383 6.76833 18.8558 52.5187
140.8 64.3719 6.73569 18.808 52.5513
140.9 64.4055 6.70311 18.7602 52.5839
141 64.4389 6.67061 18.7123 52.6164
141.1 64.4723 6.63818 18.6645 52.6488
141.2 64.5056 6.60582 18.6167 52.6812
141.3 64.5389 6.57352 18.5689 52.7135
141.4 64.572 6.5413 18.521 52.7457
141.5 64.6051 6.50915 18.4732 52.7779
141.6 64.638 6.47707 18.4253 52.8099
141.7 64.6709 6.44506 18.3775 52.8419
141.8 64.7037 6.41312 18.3297 52.8739
141.9 64.7365 6.38125 18.2818 52.9058
142 64.7691 6.34945 18.234 52.9376
142.1 64.8016 6.31772 18.1861 52.9693
142.2 64.8341 6.28606 18.1383 53.0009
142.3 64.8665 6.25448 18.0904 53.0325
142.4 64.8988 6.22296 18.0426 53.064
142.5 64.9309 6.19152 17.9948 53.0955
142.6 64.963 6.16015 17.9469 53.1269
142.7 64.9951 6.12885 17.8991 53.1582
142.8 65.027 6.09762 17.8512 53.1894
142.9 65.0588 6.06646 17.8034 53.2205
143 65.0905 6.03538 17.7555 53.2516
143.1 65.1222 6.00437 17.7076 53.2826
143.2 65.1537 5.97343 17.6598 53.3136
143.3 65.1852 5.94256 17.6119 53.3444
143.4 65.2165 5.91176 17.5641 53.3752
143.5 65.2478 5.88104 17.5162 53.406
143.6 65.2789 5.85038 17.4684 53.4366
143.7 65.31 5.81981 17.4205 53.4672
143.8 65.3409 5.7893 17.3726 53.4977
143.9 65.3718 5.75886 17.3248 53.5281
144 65.4025 5.7285 17.2769 53.5585
144.1 65.4332 5.69821 17.229 53.5888
144.2 65.4637 5.668 17.1812 53.619
144.3 65.4942 5.63786 17.1333 53.6491
144.4 65.5245 5.60779 17.0854 53.6792
144.5 65.5547 5.57779 17.0376 53.7092
144.6 65.5848 5.54787 16.9897 53.7391
144.7 65.6149 5.51802 16.9418 53.769
144.8 65.6448 5.48824 16.8939 53.7988
144.9 65.6746 5.45854 16.8461 53.8285
145 65.7043 5.42891 16.7982 53.8581
145.1 65.7338 5.39936 16.7503 53.8876
145.2 65.7633 5.36987 16.7024 53.9171
145.3 65.7927 5.34047 16.6546 53.9465
145.4 65.8219 5.31113 16.6067 53.9759
145.5 65.851 5.28187 16.5588 54.0051
145.6 65.88 5.25269 16.5109 54.0343
145.7 65.9089 5.22358 16.463 54.0634
145.8 65.9377 5.19454 16.4151 54.0925
145.9 65.9663 5.16558 16.3673 54.1214
146 65.9949 5.13669 16.3194 54.1503
146.1 66.0233 5.10788 16.2715 54.1791
146.2 66.0516 5.07914 16.2236 54.2079
146.3 66.0797 5.05048 16.1757 54.2365
146.4 66.1078 5.02189 16.1278 54.2651
146.5 66.1357 4.99338 16.0799 54.2936
146.6 66.1635 4.96494 16.032 54.3221
146.7 66.1911 4.93658 15.9841 54.3504
146.8 66.2187 4.90829 15.9362 54.3787
146.9 66.2461 4.88008 15.8883 54.4069
147 66.2733 4.85194 15.8404 54.4351
147.1 66.3005 4.82388 15.7925 54.4631
147.2 66.3275 4.7959 15.7446 54.4911
147.3 66.3544 4.76799 15.6967 54.519
147.4 66.3811 4.74015 15.6488 54.5468
147.5 66.4077 4.71239 15.6009 54.5746
147.6 66.4342 4.68471 15.553 54.6023
147.7 66.4605 4.6571 15.5051 54.6299
147.8 66.4867 4.62957 15.4572 54.6574
147.9 66.5127 4.60212 15.4093 54.6849
148 66.5386 4.57474 15.3614 54.7123
148.1 66.5643 4.54744 15.3135 54.7396
148.2 66.5899 4.52022 15.2656 54.7668
148.3 66.6154 4.49307 15.2177 54.7939
148.4 66.6407 4.466 15.1698 54.821
148.5 66.6659 4.439 15.1219 54.848
148.6 66.6909 4.41208 15.074 54.8749
148.7 66.7157 4.38524 15.0261 54.9018
148.8 66.7404 4.35848 14.9781 54.9285
148.9 66.765 4.33179 14.9302 54.9552
149 66.7893 4.30518 14.8823 54.9818
149.1 66.8136 4.27865 14.8344 55.0084
149.2 66.8376 4.25219 14.7865 55.0348
149.3 66.8615 4.22581 14.7386 55.0612
149.4 66.8853 4.19951 14.6906 55.0875
149.5 66.9089 4.17329 14.6427 55.1137
149.6 66.9323 4.14714 14.5948 55.1399
149.7 66.9555 4.12107 14.5469 55.1659
149.8 66.9786 4.09508 14.4989 55.1919
149.9 67.0015 4.06917 14.451 55.2178
150 67.0242 4.04333 14.4031 55.2437
150.1 67.0467 4.01758 14.3552 55.2694
150.2 67.0691 3.9919 14.3072 55.2951
150.3 67.0913 3.9663 14.2593 55.3207
150.4 67.1133 3.94077 14.2114 55.3462
150.5 67.1352 3.91533 14.1635 55.3717
150.6 67.1568 3.88996 14.1155 55.397
150.7 67.1783 3.86468 14.0676 55.4223
150.8 67.1996 3.83947 14.0197 55.4475
150.9 67.2206 3.81434 13.9717 55.4727
151 67.2415 3.78929 13.9238 55.4977
151.1 67.2622 3.76431 13.8759 55.5227
151.2 67.2828 3.73942 13.8279 55.5476
151.3 67.3031 3.7146 13.78 55.5724
151.4 67.3232 3.68987 13.7321 55.5971
151.5 67.3431 3.66521 13.6841 55.6218
151.6 67.3628 3.64063 13.6362 55.6464
151.7 67.3823 3.61613 13.5882 55.6709
151.8 67.4016 3.59171 13.5403 55.6953
151.9 67.4207 3.56737 13.4924 55.7196
152 67.4396 3.54311 13.4444 55.7439
152.1 67.4582 3.51893 13.3965 55.7681
152.2 67.4767 3.49483 13.3485 55.7922
152.3 67.4949 3.47081 13.3006 55.8162
152.4 67.5129 3.44687 13.2526 55.8401
152.5 67.5307 3.423 13.2047 55.864
152.6 67.5482 3.39922 13.1567 55.8878
152.7 67.5656 3.37552 13.1088 55.9115
152.8 67.5827 3.3519 13.0609 55.9351
152.9 67.5995 3.32835 13.0129 55.9586
153 67.6162 3.30489 12.965 55.9821
153.1 67.6326 3.28151 12.917 56.0055
153.2 67.6487 3.25821 12.8691 56.0288
153.3 67.6646 3.23499 12.8211 56.052
153.4 67.6803 3.21184 12.7731 56.0752
153.5 67.6957 3.18878 12.7252 56.0982
153.6 67.7109 3.1658 12.6772 56.1212
153.7 67.7258 3.1429 12.6293 56.1441
153.8 67.7404 3.12009 12.5813 56.1669
153.9 67.7548 3.09735 12.5334 56.1897
154 67.769 3.07469 12.4854 56.2123
154.1 67.7828 3.05212 12.4375 56.2349
154.2 67.7964 3.02962 12.3895 56.2574
154.3 67.8098 3.00721 12.3415 56.2798
154.4 67.8228 2.98487 12.2936 56.3021
154.5 67.8356 2.96262 12.2456 56.3244
154.6 67.8481 2.94045 12.1977 56.3465
154.7 67.8603 2.91836 12.1497 56.3686
154.8 67.8723 2.89636 12.1017 56.3906
154.9 67.8839 2.87443 12.0538 56.4126
155 67.8952 2.85259 12.0058 56.4344
155.1 67.9063 2.83082 11.9578 56.4562
155.2 67.917 2.80914 11.9099 56.4779
155.3 67.9275 2.78754 11.8619 56.4995
155.4 67.9376 2.76602 11.8139 56.521
155.5 67.9474 2.74459 11.766 56.5424
155.6 67.9569 2.72323 11.718 56.5638
155.7 67.9661 2.70196 11.67 56.585
155.8 67.975 2.68077 11.6221 56.6062
155.9 67.9835 2.65967 11.5741 56.6273
156 67.9917 2.63864 11.5261 56.6484
156.1 67.9996 2.6177 11.4781 56.6693
156.2 68.0072 2.59684 11.4302 56.6902
156.3 68.0144 2.57606 11.3822 56.7109
156.4 68.0212 2.55536 11.3342 56.7316
156.5 68.0277 2.53475 11.2862 56.7523
156.6 68.0338 2.51422 11.2383 56.7728
156.7 68.0396 2.49377 11.1903 56.7932
156.8 68.0451 2.4734 11.1423 56.8136
156.9 68.0501 2.45312 11.0943 56.8339
157 68.0548 2.43292 11.0464 56.8541
157.1 68.0591 2.4128 10.9984 56.8742
157.2 68.063 2.39277 10.9504 56.8942
157.3 68.0665 2.37282 10.9024 56.9142
157.4 68.0697 2.35295 10.8544 56.9341
157.5 68.0724 2.33316 10.8064 56.9538
157.6 68.0748 2.31346 10.7585 56.9735
157.7 68.0767 2.29384 10.7105 56.9932
157.8 68.0782 2.27431 10.6625 57.0127
157.9 68.0793 2.25486 10.6145 57.0321
158 68.08 2.23549 10.5665 57.0515
158.1 68.0803 2.2162 10.5185 57.0708
158.2 68.0801 2.197 10.4706 57.09
158.3 68.0795 2.17788 10.4226 57.1091
158.4 68.0784 2.15885 10.3746 57.1281
158.5 68.0769 2.1399 10.3266 57.1471
158.6 68.0749 2.12103 10.2786 57.166
158.7 68.0725 2.10225 10.2306 57.1847
158.8 68.0696 2.08355 10.1826 57.2034
158.9 68.0662 2.06494 10.1346 57.2221
159 68.0623 2.04641 10.0866 57.2406
159.1 68.0579 2.02796 10.0387 57.259
159.2 68.0531 2.0096 9.99066 57.2774
159.3 68.0477 1.99132 9.94267 57.2957
159.4 68.0419 1.97312 9.89468 57.3139
159.5 68.0355 1.95501 9.84668 57.332
159.6 68.0286 1.93699 9.79869 57.35
159.7 68.0211 1.91905 9.75069 57.368
159.8 68.0131 1.90119 9.7027 57.3858
159.9 68.0046 1.88342 9.6547 57.4036
160 67.9955 1.86573 9.6067 57.4213
160.1 67.9859 1.84813 9.55871 57.4389
160.2 67.9757 1.83061 9.51071 57.4564
160.3 67.9649 1.81317 9.46271 57.4738
160.4 67.9535 1.79582 9.41471 57.4912
160.5 67.9416 1.77856 9.36671 57.5084
160.6 67.929 1.76138 9.31871 57.5256
160.7 67.9158 1.74429 9.27071 57.5427
160.8 67.902 1.72728 9.22271 57.5597
160.9 67.8875 1.71035 9.17471 57.5766
161 67.8725 1.69351 9.12671 57.5935
161.1 67.8567 1.67676 9.0787 57.6102
161.2 67.8404 1.66009 9.0307 57.6269
161.3 67.8233 1.64351 8.9827 57.6435
161.4 67.8056 1.62701 8.93469 57.66
161.5 67.7871 1.6106 8.88669 57.6764
161.6 67.768 1.59427 8.83868 57.6927
161.7 67.7482 1.57803 8.79068 57.709
161.8 67.7276 1.56187 8.74267 57.7251
161.9 67.7063 1.5458 8.69466 57.7412
162 67.6843 1.52981 8.64666 57.7572
162.1 67.6615 1.51391 8.59865 57.7731
162.2 67.638 1.4981 8.55064 57.7889
162.3 67.6136 1.48237 8.50263 57.8046
162.4 67.5885 1.46673 8.45462 57.8203
162.5 67.5626 1.45117 8.40661 57.8358
162.6 67.5358 1.4357 8.3586 57.8513
162.7 67.5083 1.42031 8.31059 57.8667
162.8 67.4799 1.40501 8.26258 57.882
162.9 67.4506 1.3898 8.21457 57.8972
163 67.4204 1.37467 8.16656 57.9123
163.1 67.3894 1.35963 8.11854 57.9274
163.2 67.3575 1.34468 8.07053 57.9423
163.3 67.3246 1.32981 8.02252 57.9572
163.4 67.2909 1.31503 7.9745 57.972
163.5 67.2561 1.30033 7.92649 57.9867
163.6 67.2205 1.28572 7.87847 58.0013
163.7 67.1838 1.2712 7.83046 58.0158
163.8 67.1462 1.25676 7.78244 58.0302
163.9 67.1075 1.24241 7.73443 58.0446
164 67.0678 1.22815 7.68641 58.0589
164.1 67.0271 1.21397 7.63839 58.073
164.2 66.9853 1.19988 7.59037 58.0871
164.3 66.9424 1.18587 7.54236 58.1011
164.4 66.8984 1.17196 7.49434 58.115
164.5 66.8533 1.15813 7.44632 58.1289
164.6 66.8071 1.14438 7.3983 58.1426
164.7 66.7597 1.13073 7.35028 58.1563
164.8 66.7111 1.11715 7.30226 58.1698
164.9 66.6614 1.10367 7.25424 58.1833
165 66.6104 1.09028 7.20622 58.1967
165.1 66.5581 1.07697 7.1582 58.21
165.2 66.5046 1.06374 7.11017 58.2233
165.3 66.4498 1.05061 7.06215 58.2364
165.4 66.3937 1.03756 7.01413 58.2494
165.5 66.3362 1.0246 6.96611 58.2624
165.6 66.2774 1.01172 6.91808 58.2753
165.7 66.2172 0.998937 6.87006 58.2881
165.8 66.1555 0.986238 6.82204 58.3008
165.9 66.0925 0.973626 6.77401 58.3134
166 66.0279 0.961101 6.72599 58.3259
166.1 65.9619 0.948663 6.67796 58.3383
166.2 65.8943 0.936313 6.62994 58.3507
166.3 65.8252 0.92405 6.58191 58.3629
166.4 65.7545 0.911875 6.53388 58.3751
166.5 65.6821 0.899788 6.48586 58.3872
166.6 65.6082 0.887787 6.43783 58.3992
166.7 65.5325 0.875875 6.3898 58.4111
166.8 65.4551 0.86405 6.34177 58.4229
166.9 65.376 0.852313 6.29374 58.4347
167 65.2951 0.840663 6.24572 58.4463
167.1 65.2124 0.829101 6.19769 58.4579
167.2 65.1278 0.817627 6.14966 58.4694
167.3 65.0413 0.806241 6.10163 58.4808
167.4 64.9529 0.794943 6.0536 58.4921
167.5 64.8625 0.783732 6.00557 58.5033
167.6 64.7701 0.77261 5.95754 58.5144
167.7 64.6756 0.761575 5.90951 58.5254
167.8 64.5791 0.750629 5.86147 58.5364
167.9 64.4804 0.73977 5.81344 58.5472
168 64.3794 0.728999 5.76541 58.558
168.1 64.2763 0.718317 5.71738 58.5687
168.2 64.1709 0.707722 5.66935 58.5793
168.3 64.0631 0.697216 5.62131 58.5898
168.4 63.953 0.686798 5.57328 58.6002
168.5 63.8404 0.676468 5.52525 58.6105
168.6 63.7253 0.666226 5.47721 58.6208
168.7 63.6077 0.656073 5.42918 58.6309
168.8 63.4875 0.646008 5.38114 58.641
168.9 63.3646 0.636031 5.33311 58.651
169 63.239 0.626143 5.28507 58.6609
169.1 63.1106 0.616343 5.23704 58.6707
169.2 62.9793 0.606631 5.189 58.6804
169.3 62.8452 0.597008 5.14097 58.69
169.4 62.708 0.587473 5.09293 58.6995
169.5 62.5678 0.578027 5.04489 58.709
169.6 62.4245 0.56867 4.99686 58.7183
169.7 62.278 0.559401 4.94882 58.7276
169.8 62.1283 0.55022 4.90078 58.7368
169.9 61.9752 0.541128 4.85274 58.7459
170 61.8186 0.532125 4.80471 58.7549
170.1 61.6586 0.523211 4.75667 58.7638
170.2 61.4949 0.514385 4.70863 58.7726
170.3 61.3276 0.505648 4.66059 58.7814
170.4 61.1565 0.496999 4.61255 58.79
170.5 60.9816 0.48844 4.56451 58.7986
170.6 60.8027 0.479969 4.51647 58.807
170.7 60.6197 0.471587 4.46843 58.8154
170.8 60.4326 0.463294 4.42039 58.8237
170.9 60.2412 0.45509 4.37235 58.8319
171 60.0455 0.446975 4.32431 58.84
171.1 59.8453 0.438949 4.27627 58.8481
171.2 59.6404 0.431011 4.22823 58.856
171.3 59.4309 0.423163 4.18019 58.8638
171.4 59.2166 0.415404 4.13215 58.8716
171.5 58.9972 0.407733 4.08411 58.8793
171.6 58.7728 0.400152 4.03606 58.8868
171.7 58.5432 0.39266 3.98802 58.8943
171.8 58.3082 0.385257 3.93998 58.9017
171.9 58.0678 0.377943 3.89194 58.9091
172 57.8216 0.370718 3.84389 58.9163
172.1 57.5697 0.363582 3.79585 58.9234
172.2 57.3119 0.356536 3.74781 58.9305
172.3 57.0479 0.349579 3.69976 58.9374
172.4 56.7777 0.342711 3.65172 58.9443
172.5 56.501 0.335932 3.60368 58.9511
172.6 56.2177 0.329243 3.55563 58.9578
172.7 55.9276 0.322642 3.50759 58.9644
172.8 55.6306 0.316132 3.45954 58.9709
172.9 55.3263 0.30971 3.4115 58.9773
173 55.0147 0.303378 3.36345 58.9836
173.1 54.6955 0.297135 3.31541 58.9899
173.2 54.3685 0.290982 3.26736 58.996
173.3 54.0336 0.284918 3.21932 59.0021
173.4 53.6904 0.278943 3.17127 59.0081
173.5 53.3387 0.273058 3.12323 59.0139
173.6 52.9784 0.267262 3.07518 59.0197
173.7 52.6092 0.261556 3.02713 59.0254
173.8 52.2307 0.25594 2.97909 59.0311
173.9 51.8429 0.250412 2.93104 59.0366
174 51.4453 0.244975 2.88299 59.042
174.1 51.0378 0.239627 2.83495 59.0474
174.2 50.6201 0.234368 2.7869 59.0526
174.3 50.1918 0.229199 2.73885 59.0578
174.4 49.7527 0.22412 2.69081 59.0629
174.5 49.3025 0.21913 2.64276 59.0679
174.6 48.8409 0.21423 2.59471 59.0728
174.7 48.3675 0.20942 2.54666 59.0776
174.8 47.8821 0.204699 2.49862 59.0823
174.9 47.3843 0.200068 2.45057 59.0869
175 46.8739 0.195527 2.40252 59.0915
175.1 46.3504 0.191075 2.35447 59.0959
175.2 45.8135 0.186713 2.30642 59.1003
175.3 45.2628 0.182441 2.25838 59.1046
175.4 44.6981 0.178258 2.21033 59.1087
175.5 44.119 0.174166 2.16228 59.1128
175.6 43.5251 0.170163 2.11423 59.1168
175.7 42.916 0.166249 2.06618 59.1208
175.8 42.2914 0.162426 2.01813 59.1246
175.9 41.6509 0.158692 1.97008 59.1283
176 40.9942 0.155049 1.92203 59.132
176.1 40.3208 0.151495 1.87398 59.1355
176.2 39.6306 0.148031 1.82593 59.139
176.3 38.923 0.144656 1.77788 59.1423
176.4 38.1978 0.141372 1.72983 59.1456
176.5 37.4546 0.138177 1.68178 59.1488
176.6 36.6932 0.135073 1.63373 59.1519
176.7 35.9131 0.132058 1.58568 59.1549
176.8 35.1142 0.129133 1.53763 59.1579
176.9 34.2961 0.126298 1.48958 59.1607
177 33.4586 0.123553 1.44153 59.1634
177.1 32.6016 0.120898 1.39348 59.1661
177.2 31.7247 0.118333 1.34543 59.1687
177.3 30.8279 0.115857 1.29738 59.1711
177.4 29.911 0.113472 1.24933 59.1735
177.5 28.9739 0.111177 1.20128 59.1758
177.6 28.0167 0.108971 1.15323 59.178
177.7 27.0394 0.106856 1.10518 59.1801
177.8 26.0419 0.10483 1.05713 59.1822
177.9 25.0244 0.102895 1.00908 59.1841
178 23.9872 0.101049 0.961027 59.186
178.1 22.9304 0.0992936 0.912976 59.1877
178.2 21.8544 0.0976281 0.864925 59.1894
178.3 20.7595 0.0960525 0.816874 59.1909
178.4 19.6463 0.094567 0.768822 59.1924
178.5 18.5152 0.0931715 0.720771 59.1938
178.6 17.3668 0.0918659 0.67272 59.1951
178.7 16.2019 0.0906504 0.624669 59.1963
178.8 15.0212 0.089525 0.576617 59.1975
178.9 13.8256 0.0884895 0.528566 59.1985
179 12.616 0.0875441 0.480515 59.1995
179.1 11.3933 0.0866887 0.432463 59.2003
179.2 10.1587 0.0859234 0.384412 59.2011
179.3 8.91334 0.085248 0.33636 59.2018
179.4 7.65831 0.0846628 0.288309 59.2023
179.5 6.39494 0.0841675 0.240258 59.2028
179.6 5.12452 0.0837623 0.192206 59.2032
179.7 3.84842 0.0834472 0.144155 59.2036
179.8 2.56801 0.0832221 0.096103 59.2038
179.9 1.28473 0.083087 0.0480515 59.2039
180 9.01627e-14 0.083042 3.37164e-15 59.204
