#kinematics calculation of gsex
#vertex z = 600 mm, E_reaction = 29.719 MeV
#theta_cm, theta3_lab, Ek3_lab, theta4_lab, Ek4_lab
0 0 25.0818 0 0.197192
0.1 0.0455487 25.0818 0.513867 0.197211
0.2 0.0910975 25.0817 1.02763 0.197268
0.3 0.136646 25.0816 1.54117 0.197363
0.4 0.182195 25.0815 2.05439 0.197495
0.5 0.227744 25.0813 2.56717 0.197666
0.6 0.273292 25.0811 3.07942 0.197874
0.7 0.318841 25.0809 3.59102 0.198121
0.8 0.364389 25.0806 4.10187 0.198405
0.9 0.409938 25.0803 4.61186 0.198727
1 0.455486 25.0799 5.12089 0.199087
1.1 0.501035 25.0795 5.62886 0.199485
1.2 0.546583 25.0791 6.13567 0.199921
1.3 0.592131 25.0786 6.6412 0.200395
1.4 0.637679 25.0781 7.14538 0.200906
1.5 0.683227 25.0775 7.64809 0.201456
1.6 0.728775 25.077 8.14925 0.202043
1.7 0.774323 25.0763 8.64875 0.202669
1.8 0.819871 25.0757 9.14651 0.203332
1.9 0.865418 25.075 9.64244 0.204033
2 0.910966 25.0742 10.1364 0.204772
2.1 0.956513 25.0735 10.6284 0.205549
2.2 1.00206 25.0726 11.1183 0.206363
2.3 1.04761 25.0718 11.6061 0.207216
2.4 1.09315 25.0709 12.0915 0.208107
2.5 1.1387 25.07 12.5746 0.209035
2.6 1.18425 25.069 13.0554 0.210001
2.7 1.22979 25.068 13.5336 0.211005
2.8 1.27534 25.067 14.0093 0.212047
2.9 1.32089 25.0659 14.4823 0.213127
3 1.36643 25.0648 14.9527 0.214244
3.1 1.41198 25.0636 15.4203 0.2154
3.2 1.45752 25.0624 15.8851 0.216593
3.3 1.50307 25.0612 16.3471 0.217824
3.4 1.54861 25.0599 16.8061 0.219093
3.5 1.59416 25.0586 17.2621 0.2204
3.6 1.6397 25.0573 17.715 0.221745
3.7 1.68525 25.0559 18.1649 0.223128
3.8 1.73079 25.0545 18.6117 0.224548
3.9 1.77634 25.053 19.0553 0.226006
4 1.82188 25.0515 19.4957 0.227502
4.1 1.86742 25.05 19.9328 0.229036
4.2 1.91297 25.0484 20.3666 0.230607
4.3 1.95851 25.0468 20.7971 0.232217
4.4 2.00405 25.0451 21.2243 0.233864
4.5 2.04959 25.0435 21.648 0.235549
4.6 2.09513 25.0417 22.0684 0.237272
4.7 2.14068 25.04 22.4853 0.239032
4.8 2.18622 25.0382 22.8987 0.240831
4.9 2.23176 25.0363 23.3087 0.242667
5 2.2773 25.0345 23.7152 0.244541
5.1 2.32284 25.0325 24.1181 0.246452
5.2 2.36838 25.0306 24.5175 0.248401
5.3 2.41392 25.0286 24.9134 0.250389
5.4 2.45946 25.0266 25.3056 0.252413
5.5 2.505 25.0245 25.6944 0.254476
5.6 2.55054 25.0224 26.0795 0.256576
5.7 2.59607 25.0203 26.4611 0.258714
5.8 2.64161 25.0181 26.8391 0.26089
5.9 2.68715 25.0159 27.2135 0.263104
6 2.73269 25.0136 27.5843 0.265355
6.1 2.77822 25.0114 27.9516 0.267644
6.2 2.82376 25.009 28.3152 0.26997
6.3 2.86929 25.0067 28.6753 0.272334
6.4 2.91483 25.0043 29.0318 0.274736
6.5 2.96036 25.0018 29.3848 0.277176
6.6 3.0059 24.9993 29.7341 0.279653
6.7 3.05143 24.9968 30.08 0.282168
6.8 3.09697 24.9943 30.4223 0.284721
6.9 3.1425 24.9917 30.761 0.287311
7 3.18803 24.9891 31.0963 0.289938
7.1 3.23357 24.9864 31.428 0.292604
7.2 3.2791 24.9837 31.7563 0.295307
7.3 3.32463 24.981 32.0811 0.298048
7.4 3.37016 24.9782 32.4024 0.300826
7.5 3.41569 24.9754 32.7203 0.303642
7.6 3.46122 24.9725 33.0348 0.306495
7.7 3.50675 24.9696 33.3459 0.309386
7.8 3.55228 24.9667 33.6536 0.312314
7.9 3.59781 24.9637 33.958 0.31528
8 3.64333 24.9607 34.259 0.318284
8.1 3.68886 24.9577 34.5567 0.321325
8.2 3.73439 24.9546 34.8511 0.324404
8.3 3.77991 24.9515 35.1422 0.32752
8.4 3.82544 24.9483 35.43 0.330674
8.5 3.87096 24.9451 35.7147 0.333865
8.6 3.91649 24.9419 35.9961 0.337094
8.7 3.96201 24.9386 36.2744 0.34036
8.8 4.00754 24.9353 36.5495 0.343663
8.9 4.05306 24.932 36.8215 0.347004
9 4.09858 24.9286 37.0904 0.350383
9.1 4.1441 24.9252 37.3562 0.353799
9.2 4.18962 24.9217 37.6189 0.357252
9.3 4.23514 24.9183 37.8786 0.360743
9.4 4.28066 24.9147 38.1354 0.364271
9.5 4.32618 24.9112 38.3891 0.367837
9.6 4.3717 24.9076 38.6399 0.37144
9.7 4.41722 24.9039 38.8878 0.37508
9.8 4.46274 24.9002 39.1328 0.378758
9.9 4.50825 24.8965 39.375 0.382473
10 4.55377 24.8928 39.6143 0.386225
10.1 4.59928 24.889 39.8507 0.390015
10.2 4.6448 24.8852 40.0844 0.393842
10.3 4.69031 24.8813 40.3154 0.397707
10.4 4.73583 24.8774 40.5436 0.401608
10.5 4.78134 24.8735 40.7691 0.405547
10.6 4.82685 24.8695 40.9919 0.409523
10.7 4.87236 24.8655 41.2121 0.413537
10.8 4.91787 24.8614 41.4297 0.417587
10.9 4.96338 24.8573 41.6447 0.421675
11 5.00889 24.8532 41.8571 0.4258
11.1 5.0544 24.849 42.0669 0.429963
11.2 5.09991 24.8448 42.2743 0.434162
11.3 5.14541 24.8406 42.4791 0.438399
11.4 5.19092 24.8363 42.6815 0.442673
11.5 5.23642 24.832 42.8815 0.446984
11.6 5.28193 24.8277 43.079 0.451332
11.7 5.32743 24.8233 43.2742 0.455717
11.8 5.37294 24.8189 43.467 0.46014
11.9 5.41844 24.8144 43.6575 0.464599
12 5.46394 24.8099 43.8456 0.469096
12.1 5.50944 24.8054 44.0315 0.47363
12.2 5.55494 24.8008 44.2152 0.4782
12.3 5.60044 24.7962 44.3966 0.482808
12.4 5.64594 24.7915 44.5758 0.487453
12.5 5.69143 24.7869 44.7528 0.492135
12.6 5.73693 24.7821 44.9276 0.496854
12.7 5.78242 24.7774 45.1003 0.50161
12.8 5.82792 24.7726 45.2709 0.506402
12.9 5.87341 24.7678 45.4395 0.511232
13 5.91891 24.7629 45.6059 0.516099
13.1 5.9644 24.758 45.7703 0.521003
13.2 6.00989 24.7531 45.9327 0.525943
13.3 6.05538 24.7481 46.0931 0.530921
13.4 6.10087 24.7431 46.2516 0.535935
13.5 6.14636 24.738 46.4081 0.540986
13.6 6.19184 24.7329 46.5626 0.546074
13.7 6.23733 24.7278 46.7153 0.551199
13.8 6.28282 24.7226 46.8661 0.556361
13.9 6.3283 24.7174 47.015 0.56156
14 6.37379 24.7122 47.1621 0.566795
14.1 6.41927 24.7069 47.3073 0.572067
14.2 6.46475 24.7016 47.4508 0.577376
14.3 6.51023 24.6963 47.5925 0.582722
14.4 6.55571 24.6909 47.7324 0.588104
14.5 6.60119 24.6855 47.8706 0.593523
14.6 6.64667 24.68 48.007 0.598979
14.7 6.69215 24.6745 48.1418 0.604471
14.8 6.73762 24.669 48.2749 0.61
14.9 6.7831 24.6634 48.4064 0.615566
15 6.82857 24.6578 48.5362 0.621168
15.1 6.87404 24.6522 48.6643 0.626807
15.2 6.91952 24.6465 48.7909 0.632483
15.3 6.96499 24.6408 48.9159 0.638195
15.4 7.01046 24.6351 49.0394 0.643944
15.5 7.05593 24.6293 49.1612 0.649729
15.6 7.10139 24.6234 49.2816 0.655551
15.7 7.14686 24.6176 49.4004 0.661409
15.8 7.19233 24.6117 49.5178 0.667304
15.9 7.23779 24.6058 49.6337 0.673235
16 7.28326 24.5998 49.7481 0.679203
16.1 7.32872 24.5938 49.8611 0.685207
16.2 7.37418 24.5878 49.9726 0.691248
16.3 7.41964 24.5817 50.0828 0.697325
16.4 7.4651 24.5756 50.1915 0.703438
16.5 7.51056 24.5694 50.2989 0.709588
16.6 7.55601 24.5632 50.4049 0.715774
16.7 7.60147 24.557 50.5095 0.721996
16.8 7.64693 24.5507 50.6129 0.728255
16.9 7.69238 24.5445 50.7149 0.73455
17 7.73783 24.5381 50.8156 0.740881
17.1 7.78328 24.5318 50.915 0.747249
17.2 7.82873 24.5253 51.0132 0.753652
17.3 7.87418 24.5189 51.11 0.760092
17.4 7.91963 24.5124 51.2057 0.766568
17.5 7.96508 24.5059 51.3001 0.77308
17.6 8.01052 24.4994 51.3933 0.779629
17.7 8.05597 24.4928 51.4853 0.786213
17.8 8.10141 24.4862 51.5762 0.792834
17.9 8.14685 24.4795 51.6658 0.799491
18 8.19229 24.4728 51.7543 0.806184
18.1 8.23773 24.4661 51.8416 0.812912
18.2 8.28317 24.4593 51.9278 0.819677
18.3 8.32861 24.4525 52.0129 0.826478
18.4 8.37404 24.4457 52.0969 0.833315
18.5 8.41948 24.4388 52.1797 0.840188
18.6 8.46491 24.4319 52.2615 0.847097
18.7 8.51034 24.425 52.3422 0.854041
18.8 8.55577 24.418 52.4219 0.861022
18.9 8.6012 24.411 52.5005 0.868038
19 8.64663 24.4039 52.578 0.875091
19.1 8.69206 24.3968 52.6546 0.882179
19.2 8.73748 24.3897 52.7301 0.889303
19.3 8.78291 24.3825 52.8046 0.896463
19.4 8.82833 24.3753 52.8781 0.903658
19.5 8.87375 24.3681 52.9507 0.91089
19.6 8.91917 24.3608 53.0222 0.918157
19.7 8.96459 24.3535 53.0928 0.925459
19.8 9.01001 24.3462 53.1625 0.932798
19.9 9.05542 24.3388 53.2312 0.940172
20 9.10084 24.3314 53.299 0.947582
20.1 9.14625 24.324 53.3659 0.955027
20.2 9.19166 24.3165 53.4318 0.962508
20.3 9.23707 24.309 53.4969 0.970024
20.4 9.28248 24.3014 53.561 0.977577
20.5 9.32789 24.2938 53.6243 0.985164
20.6 9.3733 24.2862 53.6867 0.992787
20.7 9.4187 24.2786 53.7483 1.00045
20.8 9.4641 24.2709 53.809 1.00814
20.9 9.50951 24.2631 53.8688 1.01587
21 9.55491 24.2554 53.9279 1.02363
21.1 9.60031 24.2476 53.9861 1.03143
21.2 9.6457 24.2397 54.0434 1.03927
21.3 9.6911 24.2319 54.1 1.04714
21.4 9.73649 24.224 54.1558 1.05505
21.5 9.78189 24.216 54.2107 1.06299
21.6 9.82728 24.208 54.2649 1.07097
21.7 9.87267 24.2 54.3184 1.07898
21.8 9.91806 24.192 54.371 1.08703
21.9 9.96345 24.1839 54.4229 1.09511
22 10.0088 24.1758 54.474 1.10323
22.1 10.0542 24.1676 54.5244 1.11138
22.2 10.0996 24.1594 54.5741 1.11957
22.3 10.145 24.1512 54.623 1.12779
22.4 10.1904 24.143 54.6713 1.13605
22.5 10.2357 24.1347 54.7188 1.14434
22.6 10.2811 24.1263 54.7655 1.15267
22.7 10.3265 24.118 54.8116 1.16103
22.8 10.3719 24.1096 54.8571 1.16943
22.9 10.4172 24.1011 54.9018 1.17786
23 10.4626 24.0927 54.9458 1.18633
23.1 10.508 24.0842 54.9892 1.19483
23.2 10.5533 24.0756 55.0319 1.20337
23.3 10.5987 24.0671 55.074 1.21194
23.4 10.6441 24.0584 55.1154 1.22055
23.5 10.6894 24.0498 55.1561 1.22919
23.6 10.7348 24.0411 55.1962 1.23787
23.7 10.7801 24.0324 55.2357 1.24658
23.8 10.8255 24.0237 55.2746 1.25533
23.9 10.8709 24.0149 55.3128 1.26411
24 10.9162 24.0061 55.3505 1.27292
24.1 10.9616 23.9972 55.3875 1.28177
24.2 11.0069 23.9883 55.4239 1.29066
24.3 11.0523 23.9794 55.4598 1.29958
24.4 11.0976 23.9705 55.495 1.30853
24.5 11.143 23.9615 55.5297 1.31752
24.6 11.1883 23.9525 55.5638 1.32654
24.7 11.2336 23.9434 55.5973 1.3356
24.8 11.279 23.9343 55.6302 1.34469
24.9 11.3243 23.9252 55.6626 1.35382
25 11.3697 23.916 55.6945 1.36298
25.1 11.415 23.9068 55.7258 1.37218
25.2 11.4603 23.8976 55.7565 1.38141
25.3 11.5057 23.8883 55.7867 1.39067
25.4 11.551 23.879 55.8164 1.39997
25.5 11.5963 23.8697 55.8455 1.4093
25.6 11.6416 23.8603 55.8741 1.41867
25.7 11.687 23.8509 55.9022 1.42807
25.8 11.7323 23.8415 55.9298 1.4375
25.9 11.7776 23.832 55.9569 1.44697
26 11.8229 23.8225 55.9835 1.45647
26.1 11.8682 23.813 56.0095 1.46601
26.2 11.9136 23.8034 56.0351 1.47558
26.3 11.9589 23.7938 56.0602 1.48519
26.4 12.0042 23.7842 56.0848 1.49482
26.5 12.0495 23.7745 56.1089 1.5045
26.6 12.0948 23.7648 56.1326 1.5142
26.7 12.1401 23.7551 56.1558 1.52395
26.8 12.1854 23.7453 56.1785 1.53372
26.9 12.2307 23.7355 56.2007 1.54353
27 12.276 23.7256 56.2225 1.55337
27.1 12.3213 23.7158 56.2439 1.56325
27.2 12.3666 23.7058 56.2647 1.57316
27.3 12.4119 23.6959 56.2852 1.5831
27.4 12.4572 23.6859 56.3052 1.59308
27.5 12.5025 23.6759 56.3247 1.60309
27.6 12.5478 23.6659 56.3439 1.61313
27.7 12.5931 23.6558 56.3626 1.62321
27.8 12.6383 23.6457 56.3808 1.63332
27.9 12.6836 23.6355 56.3987 1.64347
28 12.7289 23.6254 56.4161 1.65365
28.1 12.7742 23.6151 56.4331 1.66386
28.2 12.8195 23.6049 56.4497 1.6741
28.3 12.8647 23.5946 56.4659 1.68438
28.4 12.91 23.5843 56.4817 1.69469
28.5 12.9553 23.574 56.4971 1.70504
28.6 13.0005 23.5636 56.5121 1.71542
28.7 13.0458 23.5532 56.5267 1.72583
28.8 13.0911 23.5427 56.5409 1.73628
28.9 13.1363 23.5322 56.5547 1.74676
29 13.1816 23.5217 56.5682 1.75727
29.1 13.2269 23.5112 56.5812 1.76781
29.2 13.2721 23.5006 56.5939 1.77839
29.3 13.3174 23.49 56.6063 1.789
29.4 13.3626 23.4794 56.6182 1.79965
29.5 13.4079 23.4687 56.6298 1.81032
29.6 13.4531 23.458 56.641 1.82103
29.7 13.4984 23.4472 56.6519 1.83178
29.8 13.5436 23.4364 56.6624 1.84255
29.9 13.5888 23.4256 56.6725 1.85336
30 13.6341 23.4148 56.6823 1.8642
30.1 13.6793 23.4039 56.6918 1.87508
30.2 13.7245 23.393 56.7009 1.88599
30.3 13.7698 23.3821 56.7096 1.89693
30.4 13.815 23.3711 56.7181 1.9079
30.5 13.8602 23.3601 56.7262 1.91891
30.6 13.9055 23.3491 56.7339 1.92994
30.7 13.9507 23.338 56.7414 1.94102
30.8 13.9959 23.3269 56.7485 1.95212
30.9 14.0411 23.3157 56.7552 1.96325
31 14.0863 23.3046 56.7617 1.97442
31.1 14.1316 23.2934 56.7678 1.98562
31.2 14.1768 23.2821 56.7736 1.99686
31.3 14.222 23.2709 56.7792 2.00812
31.4 14.2672 23.2596 56.7843 2.01942
31.5 14.3124 23.2482 56.7892 2.03075
31.6 14.3576 23.2369 56.7938 2.04212
31.7 14.4028 23.2255 56.7981 2.05351
31.8 14.448 23.2141 56.8021 2.06494
31.9 14.4932 23.2026 56.8058 2.0764
32 14.5384 23.1911 56.8091 2.08789
32.1 14.5836 23.1796 56.8122 2.09942
32.2 14.6288 23.168 56.815 2.11097
32.3 14.6739 23.1564 56.8175 2.12256
32.4 14.7191 23.1448 56.8198 2.13418
32.5 14.7643 23.1332 56.8217 2.14583
32.6 14.8095 23.1215 56.8233 2.15752
32.7 14.8547 23.1098 56.8247 2.16923
32.8 14.8998 23.098 56.8258 2.18098
32.9 14.945 23.0862 56.8267 2.19276
33 14.9902 23.0744 56.8272 2.20457
33.1 15.0354 23.0626 56.8275 2.21642
33.2 15.0805 23.0507 56.8275 2.22829
33.3 15.1257 23.0388 56.8272 2.2402
33.4 15.1708 23.0269 56.8267 2.25214
33.5 15.216 23.0149 56.826 2.26411
33.6 15.2612 23.0029 56.8249 2.27611
33.7 15.3063 22.9909 56.8236 2.28814
33.8 15.3515 22.9788 56.8221 2.30021
33.9 15.3966 22.9667 56.8203 2.31231
34 15.4417 22.9546 56.8182 2.32443
34.1 15.4869 22.9424 56.8159 2.33659
34.2 15.532 22.9302 56.8133 2.34879
34.3 15.5772 22.918 56.8105 2.36101
34.4 15.6223 22.9057 56.8075 2.37326
34.5 15.6674 22.8935 56.8042 2.38555
34.6 15.7126 22.8811 56.8007 2.39786
34.7 15.7577 22.8688 56.7969 2.41021
34.8 15.8028 22.8564 56.7929 2.42259
34.9 15.8479 22.844 56.7887 2.435
35 15.8931 22.8316 56.7842 2.44744
35.1 15.9382 22.8191 56.7795 2.45991
35.2 15.9833 22.8066 56.7745 2.47241
35.3 16.0284 22.7941 56.7694 2.48495
35.4 16.0735 22.7815 56.764 2.49751
35.5 16.1186 22.7689 56.7584 2.51011
35.6 16.1637 22.7563 56.7526 2.52273
35.7 16.2088 22.7436 56.7465 2.53539
35.8 16.2539 22.7309 56.7402 2.54808
35.9 16.299 22.7182 56.7337 2.5608
36 16.3441 22.7055 56.727 2.57355
36.1 16.3892 22.6927 56.7201 2.58633
36.2 16.4343 22.6799 56.713 2.59914
36.3 16.4794 22.667 56.7056 2.61198
36.4 16.5244 22.6542 56.6981 2.62485
36.5 16.5695 22.6412 56.6903 2.63775
36.6 16.6146 22.6283 56.6824 2.65068
36.7 16.6597 22.6154 56.6742 2.66365
36.8 16.7047 22.6024 56.6658 2.67664
36.9 16.7498 22.5893 56.6572 2.68967
37 16.7949 22.5763 56.6484 2.70272
37.1 16.8399 22.5632 56.6395 2.7158
37.2 16.885 22.5501 56.6303 2.72892
37.3 16.93 22.5369 56.6209 2.74206
37.4 16.9751 22.5238 56.6114 2.75524
37.5 17.0202 22.5106 56.6016 2.76844
37.6 17.0652 22.4973 56.5916 2.78168
37.7 17.1102 22.4841 56.5815 2.79495
37.8 17.1553 22.4708 56.5712 2.80824
37.9 17.2003 22.4574 56.5607 2.82157
38 17.2454 22.4441 56.5499 2.83492
38.1 17.2904 22.4307 56.5391 2.84831
38.2 17.3354 22.4173 56.528 2.86172
38.3 17.3805 22.4038 56.5167 2.87517
38.4 17.4255 22.3904 56.5053 2.88864
38.5 17.4705 22.3769 56.4937 2.90214
38.6 17.5155 22.3633 56.4819 2.91568
38.7 17.5605 22.3498 56.4699 2.92924
38.8 17.6055 22.3362 56.4578 2.94283
38.9 17.6506 22.3225 56.4454 2.95646
39 17.6956 22.3089 56.4329 2.97011
39.1 17.7406 22.2952 56.4203 2.98379
39.2 17.7856 22.2815 56.4074 2.9975
39.3 17.8306 22.2678 56.3944 3.01124
39.4 17.8756 22.254 56.3813 3.02501
39.5 17.9206 22.2402 56.3679 3.03881
39.6 17.9655 22.2264 56.3544 3.05264
39.7 18.0105 22.2125 56.3407 3.0665
39.8 18.0555 22.1986 56.3269 3.08038
39.9 18.1005 22.1847 56.3129 3.0943
40 18.1455 22.1708 56.2987 3.10824
40.1 18.1904 22.1568 56.2844 3.12222
40.2 18.2354 22.1428 56.2699 3.13622
40.3 18.2804 22.1287 56.2553 3.15025
40.4 18.3253 22.1147 56.2405 3.16431
40.5 18.3703 22.1006 56.2255 3.1784
40.6 18.4153 22.0865 56.2104 3.19252
40.7 18.4602 22.0723 56.1951 3.20667
40.8 18.5052 22.0582 56.1797 3.22084
40.9 18.5501 22.044 56.1641 3.23505
41 18.595 22.0297 56.1484 3.24928
41.1 18.64 22.0155 56.1325 3.26354
41.2 18.6849 22.0012 56.1165 3.27783
41.3 18.7299 21.9868 56.1003 3.29215
41.4 18.7748 21.9725 56.084 3.3065
41.5 18.8197 21.9581 56.0676 3.32087
41.6 18.8646 21.9437 56.0509 3.33528
41.7 18.9096 21.9293 56.0342 3.34971
41.8 18.9545 21.9148 56.0173 3.36417
41.9 18.9994 21.9003 56.0003 3.37866
42 19.0443 21.8858 55.9831 3.39318
42.1 19.0892 21.8713 55.9658 3.40772
42.2 19.1341 21.8567 55.9483 3.4223
42.3 19.179 21.8421 55.9307 3.4369
42.4 19.2239 21.8275 55.913 3.45153
42.5 19.2688 21.8128 55.8951 3.46618
42.6 19.3137 21.7981 55.8771 3.48087
42.7 19.3586 21.7834 55.859 3.49558
42.8 19.4035 21.7687 55.8407 3.51032
42.9 19.4484 21.7539 55.8223 3.52509
43 19.4932 21.7391 55.8037 3.53989
43.1 19.5381 21.7243 55.7851 3.55472
43.2 19.583 21.7094 55.7663 3.56957
43.3 19.6279 21.6946 55.7473 3.58445
43.4 19.6727 21.6796 55.7283 3.59935
43.5 19.7176 21.6647 55.7091 3.61429
43.6 19.7624 21.6497 55.6897 3.62925
43.7 19.8073 21.6348 55.6703 3.64424
43.8 19.8521 21.6197 55.6507 3.65926
43.9 19.897 21.6047 55.631 3.6743
44 19.9418 21.5896 55.6112 3.68938
44.1 19.9867 21.5745 55.5913 3.70448
44.2 20.0315 21.5594 55.5712 3.7196
44.3 20.0763 21.5442 55.551 3.73476
44.4 20.1212 21.5291 55.5307 3.74994
44.5 20.166 21.5139 55.5103 3.76514
44.6 20.2108 21.4986 55.4898 3.78038
44.7 20.2556 21.4834 55.4691 3.79564
44.8 20.3004 21.4681 55.4483 3.81093
44.9 20.3453 21.4528 55.4274 3.82625
45 20.3901 21.4374 55.4064 3.84159
45.1 20.4349 21.422 55.3853 3.85696
45.2 20.4797 21.4066 55.364 3.87235
45.3 20.5245 21.3912 55.3427 3.88778
45.4 20.5692 21.3758 55.3212 3.90323
45.5 20.614 21.3603 55.2996 3.9187
45.6 20.6588 21.3448 55.2779 3.93421
45.7 20.7036 21.3293 55.2561 3.94973
45.8 20.7484 21.3137 55.2342 3.96529
45.9 20.7932 21.2981 55.2121 3.98087
46 20.8379 21.2825 55.19 3.99648
46.1 20.8827 21.2669 55.1677 4.01212
46.2 20.9274 21.2512 55.1454 4.02778
46.3 20.9722 21.2355 55.1229 4.04346
46.4 21.017 21.2198 55.1004 4.05918
46.5 21.0617 21.2041 55.0777 4.07492
46.6 21.1065 21.1883 55.0549 4.09068
46.7 21.1512 21.1725 55.032 4.10648
46.8 21.1959 21.1567 55.009 4.12229
46.9 21.2407 21.1409 54.9859 4.13814
47 21.2854 21.125 54.9627 4.15401
47.1 21.3301 21.1091 54.9394 4.1699
47.2 21.3749 21.0932 54.916 4.18582
47.3 21.4196 21.0772 54.8925 4.20177
47.4 21.4643 21.0613 54.8689 4.21774
47.5 21.509 21.0453 54.8452 4.23374
47.6 21.5537 21.0292 54.8214 4.24977
47.7 21.5984 21.0132 54.7975 4.26582
47.8 21.6431 20.9971 54.7735 4.28189
47.9 21.6878 20.981 54.7494 4.29799
48 21.7325 20.9649 54.7252 4.31412
48.1 21.7772 20.9487 54.7009 4.33027
48.2 21.8219 20.9326 54.6765 4.34644
48.3 21.8665 20.9164 54.652 4.36265
48.4 21.9112 20.9001 54.6275 4.37887
48.5 21.9559 20.8839 54.6028 4.39513
48.6 22.0006 20.8676 54.578 4.4114
48.7 22.0452 20.8513 54.5532 4.42771
48.8 22.0899 20.835 54.5282 4.44403
48.9 22.1345 20.8186 54.5032 4.46039
49 22.1792 20.8022 54.478 4.47676
49.1 22.2238 20.7858 54.4528 4.49317
49.2 22.2685 20.7694 54.4275 4.50959
49.3 22.3131 20.753 54.4021 4.52604
49.4 22.3577 20.7365 54.3766 4.54252
49.5 22.4024 20.72 54.351 4.55902
49.6 22.447 20.7035 54.3254 4.57555
49.7 22.4916 20.6869 54.2996 4.5921
49.8 22.5362 20.6703 54.2738 4.60867
49.9 22.5809 20.6537 54.2478 4.62527
50 22.6255 20.6371 54.2218 4.6419
50.1 22.6701 20.6205 54.1957 4.65854
50.2 22.7147 20.6038 54.1695 4.67522
50.3 22.7593 20.5871 54.1432 4.69191
50.4 22.8038 20.5704 54.1169 4.70863
50.5 22.8484 20.5536 54.0904 4.72538
50.6 22.893 20.5369 54.0639 4.74215
50.7 22.9376 20.5201 54.0373 4.75894
50.8 22.9822 20.5032 54.0106 4.77576
50.9 23.0267 20.4864 53.9838 4.7926
51 23.0713 20.4695 53.957 4.80947
51.1 23.1159 20.4526 53.93 4.82635
51.2 23.1604 20.4357 53.903 4.84327
51.3 23.205 20.4188 53.8759 4.8602
51.4 23.2495 20.4018 53.8487 4.87716
51.5 23.2941 20.3849 53.8215 4.89415
51.6 23.3386 20.3678 53.7941 4.91116
51.7 23.3831 20.3508 53.7667 4.92819
51.8 23.4277 20.3338 53.7392 4.94524
51.9 23.4722 20.3167 53.7117 4.96232
52 23.5167 20.2996 53.684 4.97942
52.1 23.5612 20.2825 53.6563 4.99654
52.2 23.6057 20.2653 53.6285 5.01369
52.3 23.6502 20.2481 53.6006 5.03086
52.4 23.6947 20.2309 53.5727 5.04806
52.5 23.7392 20.2137 53.5446 5.06528
52.6 23.7837 20.1965 53.5165 5.08252
52.7 23.8282 20.1792 53.4884 5.09978
52.8 23.8727 20.1619 53.4601 5.11707
52.9 23.9172 20.1446 53.4318 5.13438
53 23.9616 20.1273 53.4034 5.15171
53.1 24.0061 20.1099 53.3749 5.16906
53.2 24.0506 20.0926 53.3464 5.18644
53.3 24.095 20.0752 53.3178 5.20384
53.4 24.1395 20.0577 53.2891 5.22126
53.5 24.1839 20.0403 53.2603 5.23871
53.6 24.2284 20.0228 53.2315 5.25618
53.7 24.2728 20.0053 53.2026 5.27367
53.8 24.3173 19.9878 53.1737 5.29118
53.9 24.3617 19.9703 53.1446 5.30872
54 24.4061 19.9527 53.1155 5.32628
54.1 24.4505 19.9351 53.0863 5.34386
54.2 24.495 19.9175 53.0571 5.36146
54.3 24.5394 19.8999 53.0278 5.37908
54.4 24.5838 19.8823 52.9984 5.39673
54.5 24.6282 19.8646 52.969 5.4144
54.6 24.6726 19.8469 52.9395 5.43209
54.7 24.717 19.8292 52.9099 5.4498
54.8 24.7613 19.8115 52.8802 5.46754
54.9 24.8057 19.7937 52.8505 5.4853
55 24.8501 19.7759 52.8207 5.50307
55.1 24.8945 19.7581 52.7909 5.52087
55.2 24.9388 19.7403 52.761 5.5387
55.3 24.9832 19.7225 52.731 5.55654
55.4 25.0276 19.7046 52.701 5.5744
55.5 25.0719 19.6867 52.6709 5.59229
55.6 25.1163 19.6688 52.6407 5.6102
55.7 25.1606 19.6509 52.6105 5.62813
55.8 25.2049 19.6329 52.5802 5.64608
55.9 25.2493 19.6149 52.5499 5.66405
56 25.2936 19.597 52.5194 5.68204
56.1 25.3379 19.5789 52.489 5.70006
56.2 25.3822 19.5609 52.4584 5.71809
56.3 25.4265 19.5428 52.4278 5.73615
56.4 25.4708 19.5248 52.3972 5.75423
56.5 25.5151 19.5067 52.3665 5.77233
56.6 25.5594 19.4886 52.3357 5.79045
56.7 25.6037 19.4704 52.3048 5.80859
56.8 25.648 19.4523 52.2739 5.82675
56.9 25.6923 19.4341 52.243 5.84493
57 25.7366 19.4159 52.2119 5.86313
57.1 25.7808 19.3976 52.1809 5.88136
57.2 25.8251 19.3794 52.1497 5.8996
57.3 25.8693 19.3611 52.1185 5.91787
57.4 25.9136 19.3428 52.0873 5.93615
57.5 25.9578 19.3245 52.056 5.95446
57.6 26.0021 19.3062 52.0246 5.97278
57.7 26.0463 19.2879 51.9932 5.99113
57.8 26.0905 19.2695 51.9617 6.0095
57.9 26.1348 19.2511 51.9302 6.02788
58 26.179 19.2327 51.8986 6.04629
58.1 26.2232 19.2143 51.8669 6.06472
58.2 26.2674 19.1958 51.8352 6.08316
58.3 26.3116 19.1774 51.8034 6.10163
58.4 26.3558 19.1589 51.7716 6.12012
58.5 26.4 19.1404 51.7397 6.13862
58.6 26.4442 19.1219 51.7078 6.15715
58.7 26.4884 19.1033 51.6758 6.1757
58.8 26.5325 19.0847 51.6438 6.19426
58.9 26.5767 19.0662 51.6117 6.21285
59 26.6209 19.0475 51.5796 6.23145
59.1 26.665 19.0289 51.5474 6.25008
59.2 26.7092 19.0103 51.5151 6.26872
59.3 26.7533 18.9916 51.4828 6.28738
59.4 26.7975 18.9729 51.4505 6.30607
59.5 26.8416 18.9542 51.4181 6.32477
59.6 26.8857 18.9355 51.3856 6.34349
59.7 26.9299 18.9168 51.3531 6.36223
59.8 26.974 18.898 51.3205 6.38099
59.9 27.0181 18.8792 51.2879 6.39977
60 27.0622 18.8604 51.2553 6.41857
60.1 27.1063 18.8416 51.2225 6.43738
60.2 27.1504 18.8228 51.1898 6.45622
60.3 27.1945 18.8039 51.157 6.47507
60.4 27.2386 18.7851 51.1241 6.49395
60.5 27.2826 18.7662 51.0912 6.51284
60.6 27.3267 18.7473 51.0582 6.53175
60.7 27.3708 18.7283 51.0252 6.55068
60.8 27.4148 18.7094 50.9921 6.56963
60.9 27.4589 18.6904 50.959 6.58859
61 27.5029 18.6714 50.9259 6.60758
61.1 27.547 18.6524 50.8927 6.62658
61.2 27.591 18.6334 50.8594 6.6456
61.3 27.635 18.6144 50.8261 6.66464
61.4 27.6791 18.5953 50.7927 6.6837
61.5 27.7231 18.5762 50.7593 6.70277
61.6 27.7671 18.5571 50.7259 6.72187
61.7 27.8111 18.538 50.6924 6.74098
61.8 27.8551 18.5189 50.6589 6.76011
61.9 27.8991 18.4997 50.6253 6.77926
62 27.9431 18.4806 50.5916 6.79842
62.1 27.9871 18.4614 50.558 6.81761
62.2 28.031 18.4422 50.5242 6.83681
62.3 28.075 18.423 50.4905 6.85603
62.4 28.119 18.4037 50.4567 6.87526
62.5 28.1629 18.3845 50.4228 6.89452
62.6 28.2069 18.3652 50.3889 6.91379
62.7 28.2508 18.3459 50.3549 6.93308
62.8 28.2948 18.3266 50.3209 6.95239
62.9 28.3387 18.3073 50.2869 6.97171
63 28.3826 18.2879 50.2528 6.99105
63.1 28.4265 18.2686 50.2187 7.01041
63.2 28.4704 18.2492 50.1845 7.02978
63.3 28.5143 18.2298 50.1503 7.04918
63.4 28.5582 18.2104 50.116 7.06859
63.5 28.6021 18.191 50.0817 7.08801
63.6 28.646 18.1715 50.0474 7.10746
63.7 28.6899 18.1521 50.013 7.12692
63.8 28.7338 18.1326 49.9786 7.14639
63.9 28.7776 18.1131 49.9441 7.16589
64 28.8215 18.0936 49.9096 7.1854
64.1 28.8653 18.0741 49.875 7.20493
64.2 28.9092 18.0545 49.8404 7.22447
64.3 28.953 18.035 49.8058 7.24403
64.4 28.9969 18.0154 49.7711 7.26361
64.5 29.0407 17.9958 49.7364 7.2832
64.6 29.0845 17.9762 49.7016 7.30281
64.7 29.1283 17.9566 49.6668 7.32243
64.8 29.1721 17.9369 49.632 7.34208
64.9 29.2159 17.9173 49.5971 7.36173
65 29.2597 17.8976 49.5621 7.38141
65.1 29.3035 17.8779 49.5272 7.4011
65.2 29.3473 17.8582 49.4922 7.4208
65.3 29.3911 17.8385 49.4571 7.44053
65.4 29.4348 17.8187 49.422 7.46026
65.5 29.4786 17.799 49.3869 7.48002
65.6 29.5223 17.7792 49.3518 7.49979
65.7 29.5661 17.7594 49.3165 7.51957
65.8 29.6098 17.7396 49.2813 7.53937
65.9 29.6535 17.7198 49.246 7.55919
66 29.6973 17.7 49.2107 7.57902
66.1 29.741 17.6801 49.1753 7.59887
66.2 29.7847 17.6603 49.1399 7.61873
66.3 29.8284 17.6404 49.1045 7.63861
66.4 29.8721 17.6205 49.069 7.6585
66.5 29.9158 17.6006 49.0335 7.67841
66.6 29.9595 17.5807 48.998 7.69833
66.7 30.0031 17.5607 48.9624 7.71827
66.8 30.0468 17.5408 48.9268 7.73822
66.9 30.0905 17.5208 48.8911 7.75819
67 30.1341 17.5008 48.8554 7.77817
67.1 30.1778 17.4808 48.8197 7.79817
67.2 30.2214 17.4608 48.7839 7.81818
67.3 30.265 17.4408 48.7481 7.83821
67.4 30.3087 17.4207 48.7123 7.85825
67.5 30.3523 17.4007 48.6764 7.87831
67.6 30.3959 17.3806 48.6405 7.89838
67.7 30.4395 17.3605 48.6045 7.91846
67.8 30.4831 17.3404 48.5685 7.93856
67.9 30.5267 17.3203 48.5325 7.95868
68 30.5702 17.3002 48.4965 7.97881
68.1 30.6138 17.2801 48.4604 7.99895
68.2 30.6574 17.2599 48.4242 8.0191
68.3 30.7009 17.2397 48.3881 8.03927
68.4 30.7445 17.2195 48.3519 8.05946
68.5 30.788 17.1993 48.3157 8.07966
68.6 30.8316 17.1791 48.2794 8.09987
68.7 30.8751 17.1589 48.2431 8.1201
68.8 30.9186 17.1387 48.2068 8.14034
68.9 30.9621 17.1184 48.1704 8.16059
69 31.0056 17.0981 48.134 8.18086
69.1 31.0491 17.0779 48.0976 8.20114
69.2 31.0926 17.0576 48.0611 8.22143
69.3 31.1361 17.0373 48.0246 8.24174
69.4 31.1796 17.0169 47.9881 8.26206
69.5 31.223 16.9966 47.9515 8.2824
69.6 31.2665 16.9763 47.9149 8.30275
69.7 31.31 16.9559 47.8783 8.32311
69.8 31.3534 16.9355 47.8416 8.34348
69.9 31.3968 16.9151 47.8049 8.36387
70 31.4403 16.8947 47.7682 8.38427
70.1 31.4837 16.8743 47.7314 8.40468
70.2 31.5271 16.8539 47.6946 8.42511
70.3 31.5705 16.8335 47.6578 8.44555
70.4 31.6139 16.813 47.6209 8.466
70.5 31.6573 16.7925 47.584 8.48647
70.6 31.7007 16.7721 47.5471 8.50694
70.7 31.744 16.7516 47.5102 8.52743
70.8 31.7874 16.7311 47.4732 8.54794
70.9 31.8308 16.7105 47.4362 8.56845
71 31.8741 16.69 47.3991 8.58898
71.1 31.9174 16.6695 47.362 8.60952
71.2 31.9608 16.6489 47.3249 8.63007
71.3 32.0041 16.6284 47.2878 8.65063
71.4 32.0474 16.6078 47.2506 8.67121
71.5 32.0907 16.5872 47.2134 8.6918
71.6 32.134 16.5666 47.1762 8.7124
71.7 32.1773 16.546 47.1389 8.73301
71.8 32.2206 16.5254 47.1016 8.75364
71.9 32.2639 16.5047 47.0643 8.77427
72 32.3071 16.4841 47.027 8.79492
72.1 32.3504 16.4634 46.9896 8.81558
72.2 32.3936 16.4427 46.9522 8.83625
72.3 32.4369 16.4221 46.9147 8.85693
72.4 32.4801 16.4014 46.8773 8.87763
72.5 32.5233 16.3807 46.8398 8.89833
72.6 32.5665 16.3599 46.8022 8.91905
72.7 32.6097 16.3392 46.7647 8.93978
72.8 32.6529 16.3185 46.7271 8.96052
72.9 32.6961 16.2977 46.6895 8.98127
73 32.7393 16.277 46.6519 9.00203
73.1 32.7825 16.2562 46.6142 9.02281
73.2 32.8256 16.2354 46.5765 9.04359
73.3 32.8688 16.2146 46.5388 9.06439
73.4 32.9119 16.1938 46.501 9.08519
73.5 32.9551 16.173 46.4632 9.10601
73.6 32.9982 16.1522 46.4254 9.12684
73.7 33.0413 16.1313 46.3876 9.14768
73.8 33.0844 16.1105 46.3497 9.16852
73.9 33.1275 16.0896 46.3118 9.18938
74 33.1706 16.0687 46.2739 9.21025
74.1 33.2137 16.0479 46.2359 9.23114
74.2 33.2568 16.027 46.198 9.25203
74.3 33.2998 16.0061 46.16 9.27293
74.4 33.3429 15.9852 46.1219 9.29384
74.5 33.386 15.9642 46.0839 9.31476
74.6 33.429 15.9433 46.0458 9.33569
74.7 33.472 15.9224 46.0077 9.35663
74.8 33.515 15.9014 45.9696 9.37759
74.9 33.5581 15.8805 45.9314 9.39855
75 33.6011 15.8595 45.8932 9.41952
75.1 33.644 15.8385 45.855 9.4405
75.2 33.687 15.8175 45.8167 9.46149
75.3 33.73 15.7965 45.7785 9.48249
75.4 33.773 15.7755 45.7402 9.50351
75.5 33.8159 15.7545 45.7019 9.52453
75.6 33.8589 15.7334 45.6635 9.54556
75.7 33.9018 15.7124 45.6252 9.56659
75.8 33.9447 15.6914 45.5868 9.58764
75.9 33.9876 15.6703 45.5483 9.6087
76 34.0306 15.6492 45.5099 9.62977
76.1 34.0735 15.6282 45.4714 9.65084
76.2 34.1163 15.6071 45.4329 9.67193
76.3 34.1592 15.586 45.3944 9.69302
76.4 34.2021 15.5649 45.3558 9.71413
76.5 34.245 15.5438 45.3173 9.73524
76.6 34.2878 15.5226 45.2787 9.75636
76.7 34.3306 15.5015 45.2401 9.77749
76.8 34.3735 15.4804 45.2014 9.79863
76.9 34.4163 15.4592 45.1627 9.81978
77 34.4591 15.4381 45.1241 9.84093
77.1 34.5019 15.4169 45.0853 9.8621
77.2 34.5447 15.3957 45.0466 9.88327
77.3 34.5875 15.3746 45.0078 9.90445
77.4 34.6303 15.3534 44.969 9.92564
77.5 34.673 15.3322 44.9302 9.94684
77.6 34.7158 15.311 44.8914 9.96804
77.7 34.7585 15.2897 44.8525 9.98926
77.8 34.8013 15.2685 44.8136 10.0105
77.9 34.844 15.2473 44.7747 10.0317
78 34.8867 15.2261 44.7358 10.0529
78.1 34.9294 15.2048 44.6968 10.0742
78.2 34.9721 15.1836 44.6579 10.0954
78.3 35.0148 15.1623 44.6188 10.1167
78.4 35.0574 15.141 44.5798 10.138
78.5 35.1001 15.1197 44.5408 10.1593
78.6 35.1427 15.0985 44.5017 10.1805
78.7 35.1854 15.0772 44.4626 10.2018
78.8 35.228 15.0559 44.4235 10.2231
78.9 35.2706 15.0346 44.3844 10.2444
79 35.3133 15.0132 44.3452 10.2658
79.1 35.3559 14.9919 44.306 10.2871
79.2 35.3984 14.9706 44.2668 10.3084
79.3 35.441 14.9493 44.2276 10.3297
79.4 35.4836 14.9279 44.1883 10.3511
79.5 35.5261 14.9066 44.149 10.3724
79.6 35.5687 14.8852 44.1098 10.3938
79.7 35.6112 14.8639 44.0704 10.4151
79.8 35.6538 14.8425 44.0311 10.4365
79.9 35.6963 14.8211 43.9917 10.4579
80 35.7388 14.7997 43.9524 10.4793
80.1 35.7813 14.7783 43.9129 10.5007
80.2 35.8237 14.7569 43.8735 10.5221
80.3 35.8662 14.7355 43.8341 10.5435
80.4 35.9087 14.7141 43.7946 10.5649
80.5 35.9511 14.6927 43.7551 10.5863
80.6 35.9936 14.6713 43.7156 10.6077
80.7 36.036 14.6499 43.6761 10.6291
80.8 36.0784 14.6284 43.6365 10.6506
80.9 36.1208 14.607 43.5969 10.672
81 36.1632 14.5855 43.5573 10.6935
81.1 36.2056 14.5641 43.5177 10.7149
81.2 36.248 14.5426 43.4781 10.7364
81.3 36.2903 14.5212 43.4384 10.7578
81.4 36.3327 14.4997 43.3988 10.7793
81.5 36.375 14.4782 43.3591 10.8008
81.6 36.4173 14.4567 43.3193 10.8223
81.7 36.4597 14.4352 43.2796 10.8438
81.8 36.502 14.4138 43.2398 10.8652
81.9 36.5443 14.3923 43.2001 10.8867
82 36.5865 14.3708 43.1603 10.9082
82.1 36.6288 14.3492 43.1204 10.9298
82.2 36.6711 14.3277 43.0806 10.9513
82.3 36.7133 14.3062 43.0407 10.9728
82.4 36.7555 14.2847 43.0009 10.9943
82.5 36.7978 14.2632 42.961 11.0158
82.6 36.84 14.2416 42.921 11.0374
82.7 36.8822 14.2201 42.8811 11.0589
82.8 36.9244 14.1985 42.8412 11.0805
82.9 36.9665 14.177 42.8012 11.102
83 37.0087 14.1554 42.7612 11.1236
83.1 37.0509 14.1339 42.7212 11.1451
83.2 37.093 14.1123 42.6811 11.1667
83.3 37.1351 14.0908 42.6411 11.1882
83.4 37.1773 14.0692 42.601 11.2098
83.5 37.2194 14.0476 42.5609 11.2314
83.6 37.2614 14.026 42.5208 11.253
83.7 37.3035 14.0045 42.4807 11.2745
83.8 37.3456 13.9829 42.4405 11.2961
83.9 37.3877 13.9613 42.4003 11.3177
84 37.4297 13.9397 42.3602 11.3393
84.1 37.4717 13.9181 42.32 11.3609
84.2 37.5137 13.8965 42.2797 11.3825
84.3 37.5558 13.8749 42.2395 11.4041
84.4 37.5978 13.8533 42.1992 11.4257
84.5 37.6397 13.8316 42.1589 11.4474
84.6 37.6817 13.81 42.1186 11.469
84.7 37.7237 13.7884 42.0783 11.4906
84.8 37.7656 13.7668 42.038 11.5122
84.9 37.8075 13.7451 41.9976 11.5339
85 37.8495 13.7235 41.9573 11.5555
85.1 37.8914 13.7019 41.9169 11.5771
85.2 37.9333 13.6802 41.8765 11.5988
85.3 37.9751 13.6586 41.8361 11.6204
85.4 38.017 13.637 41.7956 11.642
85.5 38.0589 13.6153 41.7552 11.6637
85.6 38.1007 13.5937 41.7147 11.6853
85.7 38.1425 13.572 41.6742 11.707
85.8 38.1844 13.5503 41.6337 11.7287
85.9 38.2262 13.5287 41.5931 11.7503
86 38.2679 13.507 41.5526 11.772
86.1 38.3097 13.4854 41.512 11.7936
86.2 38.3515 13.4637 41.4714 11.8153
86.3 38.3932 13.442 41.4308 11.837
86.4 38.435 13.4203 41.3902 11.8587
86.5 38.4767 13.3987 41.3496 11.8803
86.6 38.5184 13.377 41.3089 11.902
86.7 38.5601 13.3553 41.2683 11.9237
86.8 38.6018 13.3336 41.2276 11.9454
86.9 38.6435 13.3119 41.1869 11.9671
87 38.6851 13.2903 41.1462 11.9887
87.1 38.7268 13.2686 41.1054 12.0104
87.2 38.7684 13.2469 41.0647 12.0321
87.3 38.81 13.2252 41.0239 12.0538
87.4 38.8516 13.2035 40.9831 12.0755
87.5 38.8932 13.1818 40.9423 12.0972
87.6 38.9348 13.1601 40.9015 12.1189
87.7 38.9763 13.1384 40.8607 12.1406
87.8 39.0179 13.1167 40.8198 12.1623
87.9 39.0594 13.095 40.779 12.184
88 39.1009 13.0733 40.7381 12.2057
88.1 39.1424 13.0516 40.6972 12.2274
88.2 39.1839 13.0299 40.6563 12.2491
88.3 39.2254 13.0082 40.6153 12.2708
88.4 39.2669 12.9865 40.5744 12.2925
88.5 39.3083 12.9648 40.5334 12.3142
88.6 39.3498 12.9431 40.4925 12.3359
88.7 39.3912 12.9214 40.4515 12.3576
88.8 39.4326 12.8996 40.4105 12.3794
88.9 39.474 12.8779 40.3694 12.4011
89 39.5154 12.8562 40.3284 12.4228
89.1 39.5567 12.8345 40.2873 12.4445
89.2 39.5981 12.8128 40.2463 12.4662
89.3 39.6394 12.7911 40.2052 12.4879
89.4 39.6807 12.7694 40.1641 12.5096
89.5 39.722 12.7476 40.1229 12.5314
89.6 39.7633 12.7259 40.0818 12.5531
89.7 39.8046 12.7042 40.0407 12.5748
89.8 39.8458 12.6825 39.9995 12.5965
89.9 39.8871 12.6608 39.9583 12.6182
90 39.9283 12.6391 39.9171 12.6399
90.1 39.9695 12.6173 39.8759 12.6617
90.2 40.0107 12.5956 39.8347 12.6834
90.3 40.0519 12.5739 39.7934 12.7051
90.4 40.0931 12.5522 39.7522 12.7268
90.5 40.1342 12.5305 39.7109 12.7485
90.6 40.1754 12.5088 39.6696 12.7702
90.7 40.2165 12.487 39.6283 12.792
90.8 40.2576 12.4653 39.587 12.8137
90.9 40.2987 12.4436 39.5457 12.8354
91 40.3398 12.4219 39.5044 12.8571
91.1 40.3808 12.4002 39.463 12.8788
91.2 40.4219 12.3785 39.4216 12.9005
91.3 40.4629 12.3568 39.3802 12.9222
91.4 40.5039 12.3351 39.3388 12.9439
91.5 40.5449 12.3133 39.2974 12.9657
91.6 40.5859 12.2916 39.256 12.9874
91.7 40.6269 12.2699 39.2145 13.0091
91.8 40.6678 12.2482 39.1731 13.0308
91.9 40.7088 12.2265 39.1316 13.0525
92 40.7497 12.2048 39.0901 13.0742
92.1 40.7906 12.1831 39.0486 13.0959
92.2 40.8315 12.1614 39.0071 13.1176
92.3 40.8723 12.1397 38.9656 13.1393
92.4 40.9132 12.118 38.924 13.161
92.5 40.954 12.0963 38.8825 13.1827
92.6 40.9948 12.0746 38.8409 13.2044
92.7 41.0356 12.0529 38.7993 13.2261
92.8 41.0764 12.0312 38.7577 13.2478
92.9 41.1172 12.0095 38.7161 13.2695
93 41.158 11.9879 38.6745 13.2911
93.1 41.1987 11.9662 38.6329 13.3128
93.2 41.2394 11.9445 38.5912 13.3345
93.3 41.2801 11.9228 38.5495 13.3562
93.4 41.3208 11.9011 38.5079 13.3779
93.5 41.3615 11.8794 38.4662 13.3996
93.6 41.4021 11.8578 38.4245 13.4212
93.7 41.4428 11.8361 38.3827 13.4429
93.8 41.4834 11.8144 38.341 13.4646
93.9 41.524 11.7928 38.2993 13.4862
94 41.5646 11.7711 38.2575 13.5079
94.1 41.6051 11.7494 38.2157 13.5296
94.2 41.6457 11.7278 38.1739 13.5512
94.3 41.6862 11.7061 38.1321 13.5729
94.4 41.7267 11.6845 38.0903 13.5945
94.5 41.7672 11.6628 38.0485 13.6162
94.6 41.8077 11.6412 38.0067 13.6378
94.7 41.8482 11.6195 37.9648 13.6595
94.8 41.8886 11.5979 37.923 13.6811
94.9 41.9291 11.5762 37.8811 13.7028
95 41.9695 11.5546 37.8392 13.7244
95.1 42.0099 11.533 37.7973 13.746
95.2 42.0502 11.5113 37.7554 13.7677
95.3 42.0906 11.4897 37.7134 13.7893
95.4 42.1309 11.4681 37.6715 13.8109
95.5 42.1712 11.4465 37.6296 13.8325
95.6 42.2115 11.4249 37.5876 13.8541
95.7 42.2518 11.4032 37.5456 13.8758
95.8 42.2921 11.3816 37.5036 13.8974
95.9 42.3323 11.36 37.4616 13.919
96 42.3726 11.3384 37.4196 13.9406
96.1 42.4128 11.3168 37.3776 13.9622
96.2 42.453 11.2953 37.3355 13.9837
96.3 42.4931 11.2737 37.2935 14.0053
96.4 42.5333 11.2521 37.2514 14.0269
96.5 42.5734 11.2305 37.2094 14.0485
96.6 42.6135 11.2089 37.1673 14.0701
96.7 42.6536 11.1874 37.1252 14.0916
96.8 42.6937 11.1658 37.0831 14.1132
96.9 42.7338 11.1442 37.0409 14.1348
97 42.7738 11.1227 36.9988 14.1563
97.1 42.8138 11.1011 36.9566 14.1779
97.2 42.8538 11.0796 36.9145 14.1994
97.3 42.8938 11.058 36.8723 14.221
97.4 42.9338 11.0365 36.8301 14.2425
97.5 42.9737 11.015 36.7879 14.264
97.6 43.0136 10.9934 36.7457 14.2856
97.7 43.0535 10.9719 36.7035 14.3071
97.8 43.0934 10.9504 36.6613 14.3286
97.9 43.1333 10.9289 36.619 14.3501
98 43.1731 10.9074 36.5768 14.3716
98.1 43.2129 10.8859 36.5345 14.3931
98.2 43.2527 10.8644 36.4922 14.4146
98.3 43.2925 10.8429 36.45 14.4361
98.4 43.3323 10.8214 36.4077 14.4576
98.5 43.372 10.7999 36.3654 14.4791
98.6 43.4117 10.7784 36.323 14.5006
98.7 43.4514 10.757 36.2807 14.522
98.8 43.4911 10.7355 36.2384 14.5435
98.9 43.5308 10.714 36.196 14.565
99 43.5704 10.6926 36.1536 14.5864
99.1 43.61 10.6711 36.1113 14.6079
99.2 43.6496 10.6497 36.0689 14.6293
99.3 43.6892 10.6283 36.0265 14.6507
99.4 43.7288 10.6068 35.9841 14.6722
99.5 43.7683 10.5854 35.9416 14.6936
99.6 43.8078 10.564 35.8992 14.715
99.7 43.8473 10.5426 35.8568 14.7364
99.8 43.8868 10.5212 35.8143 14.7578
99.9 43.9262 10.4998 35.7718 14.7792
100 43.9656 10.4784 35.7294 14.8006
100.1 44.0051 10.457 35.6869 14.822
100.2 44.0444 10.4356 35.6444 14.8434
100.3 44.0838 10.4143 35.6019 14.8647
100.4 44.1231 10.3929 35.5593 14.8861
100.5 44.1625 10.3715 35.5168 14.9075
100.6 44.2018 10.3502 35.4743 14.9288
100.7 44.241 10.3289 35.4317 14.9501
100.8 44.2803 10.3075 35.3892 14.9715
100.9 44.3195 10.2862 35.3466 14.9928
101 44.3587 10.2649 35.304 15.0141
101.1 44.3979 10.2436 35.2614 15.0354
101.2 44.4371 10.2222 35.2188 15.0568
101.3 44.4762 10.201 35.1762 15.078
101.4 44.5153 10.1797 35.1336 15.0993
101.5 44.5544 10.1584 35.0909 15.1206
101.6 44.5935 10.1371 35.0483 15.1419
101.7 44.6325 10.1158 35.0056 15.1632
101.8 44.6716 10.0946 34.963 15.1844
101.9 44.7106 10.0733 34.9203 15.2057
102 44.7496 10.0521 34.8776 15.2269
102.1 44.7885 10.0308 34.8349 15.2482
102.2 44.8274 10.0096 34.7922 15.2694
102.3 44.8664 9.98838 34.7495 15.2906
102.4 44.9052 9.96716 34.7068 15.3118
102.5 44.9441 9.94596 34.664 15.333
102.6 44.9829 9.92476 34.6213 15.3542
102.7 45.0218 9.90357 34.5785 15.3754
102.8 45.0605 9.88239 34.5357 15.3966
102.9 45.0993 9.86121 34.493 15.4178
103 45.1381 9.84005 34.4502 15.439
103.1 45.1768 9.81889 34.4074 15.4601
103.2 45.2155 9.79775 34.3646 15.4813
103.3 45.2541 9.77661 34.3218 15.5024
103.4 45.2928 9.75548 34.2789 15.5235
103.5 45.3314 9.73436 34.2361 15.5446
103.6 45.37 9.71324 34.1933 15.5658
103.7 45.4086 9.69214 34.1504 15.5869
103.8 45.4471 9.67105 34.1075 15.608
103.9 45.4856 9.64996 34.0647 15.629
104 45.5241 9.62889 34.0218 15.6501
104.1 45.5626 9.60782 33.9789 15.6712
104.2 45.6011 9.58676 33.936 15.6922
104.3 45.6395 9.56571 33.8931 15.7133
104.4 45.6779 9.54467 33.8502 15.7343
104.5 45.7162 9.52364 33.8072 15.7554
104.6 45.7546 9.50262 33.7643 15.7764
104.7 45.7929 9.48161 33.7213 15.7974
104.8 45.8312 9.46061 33.6784 15.8184
104.9 45.8695 9.43962 33.6354 15.8394
105 45.9077 9.41864 33.5924 15.8604
105.1 45.9459 9.39767 33.5495 15.8813
105.2 45.9841 9.3767 33.5065 15.9023
105.3 46.0223 9.35575 33.4635 15.9232
105.4 46.0604 9.33481 33.4204 15.9442
105.5 46.0985 9.31388 33.3774 15.9651
105.6 46.1366 9.29296 33.3344 15.986
105.7 46.1747 9.27205 33.2913 16.007
105.8 46.2127 9.25114 33.2483 16.0279
105.9 46.2507 9.23025 33.2052 16.0487
106 46.2887 9.20937 33.1622 16.0696
106.1 46.3266 9.1885 33.1191 16.0905
106.2 46.3645 9.16764 33.076 16.1114
106.3 46.4024 9.14679 33.0329 16.1322
106.4 46.4403 9.12596 32.9898 16.153
106.5 46.4781 9.10513 32.9467 16.1739
106.6 46.5159 9.08431 32.9036 16.1947
106.7 46.5537 9.0635 32.8604 16.2155
106.8 46.5915 9.04271 32.8173 16.2363
106.9 46.6292 9.02192 32.7742 16.2571
107 46.6669 9.00115 32.731 16.2778
107.1 46.7045 8.98039 32.6878 16.2986
107.2 46.7422 8.95964 32.6447 16.3194
107.3 46.7798 8.9389 32.6015 16.3401
107.4 46.8174 8.91817 32.5583 16.3608
107.5 46.8549 8.89745 32.5151 16.3815
107.6 46.8925 8.87675 32.4719 16.4023
107.7 46.93 8.85605 32.4287 16.4229
107.8 46.9674 8.83537 32.3854 16.4436
107.9 47.0049 8.8147 32.3422 16.4643
108 47.0423 8.79404 32.299 16.485
108.1 47.0796 8.77339 32.2557 16.5056
108.2 47.117 8.75275 32.2125 16.5262
108.3 47.1543 8.73213 32.1692 16.5469
108.4 47.1916 8.71152 32.1259 16.5675
108.5 47.2289 8.69092 32.0826 16.5881
108.6 47.2661 8.67033 32.0393 16.6087
108.7 47.3033 8.64975 31.996 16.6292
108.8 47.3404 8.62919 31.9527 16.6498
108.9 47.3776 8.60864 31.9094 16.6704
109 47.4147 8.5881 31.8661 16.6909
109.1 47.4518 8.56757 31.8228 16.7114
109.2 47.4888 8.54705 31.7794 16.7319
109.3 47.5258 8.52655 31.7361 16.7524
109.4 47.5628 8.50606 31.6927 16.7729
109.5 47.5997 8.48558 31.6493 16.7934
109.6 47.6367 8.46512 31.606 16.8139
109.7 47.6736 8.44467 31.5626 16.8343
109.8 47.7104 8.42423 31.5192 16.8548
109.9 47.7472 8.4038 31.4758 16.8752
110 47.784 8.38339 31.4324 16.8956
110.1 47.8208 8.36299 31.389 16.916
110.2 47.8575 8.3426 31.3456 16.9364
110.3 47.8942 8.32223 31.3021 16.9568
110.4 47.9309 8.30186 31.2587 16.9771
110.5 47.9675 8.28152 31.2153 16.9975
110.6 48.0041 8.26118 31.1718 17.0178
110.7 48.0407 8.24086 31.1283 17.0381
110.8 48.0772 8.22055 31.0849 17.0584
110.9 48.1137 8.20026 31.0414 17.0787
111 48.1501 8.17998 30.9979 17.099
111.1 48.1866 8.15971 30.9544 17.1193
111.2 48.223 8.13946 30.9109 17.1395
111.3 48.2593 8.11922 30.8674 17.1598
111.4 48.2957 8.09899 30.8239 17.18
111.5 48.332 8.07878 30.7804 17.2002
111.6 48.3682 8.05858 30.7369 17.2204
111.7 48.4044 8.03839 30.6933 17.2406
111.8 48.4406 8.01822 30.6498 17.2608
111.9 48.4768 7.99807 30.6062 17.2809
112 48.5129 7.97792 30.5627 17.3011
112.1 48.549 7.95779 30.5191 17.3212
112.2 48.585 7.93768 30.4755 17.3413
112.3 48.6211 7.91758 30.432 17.3614
112.4 48.657 7.8975 30.3884 17.3815
112.5 48.693 7.87743 30.3448 17.4016
112.6 48.7289 7.85737 30.3012 17.4216
112.7 48.7648 7.83733 30.2576 17.4417
112.8 48.8006 7.8173 30.2139 17.4617
112.9 48.8364 7.79729 30.1703 17.4817
113 48.8722 7.77729 30.1267 17.5017
113.1 48.9079 7.75731 30.083 17.5217
113.2 48.9436 7.73734 30.0394 17.5417
113.3 48.9792 7.71739 29.9957 17.5616
113.4 49.0148 7.69745 29.9521 17.5816
113.5 49.0504 7.67752 29.9084 17.6015
113.6 49.086 7.65762 29.8647 17.6214
113.7 49.1215 7.63772 29.8211 17.6413
113.8 49.1569 7.61785 29.7774 17.6612
113.9 49.1924 7.59798 29.7337 17.681
114 49.2278 7.57814 29.69 17.7009
114.1 49.2631 7.55831 29.6463 17.7207
114.2 49.2984 7.53849 29.6025 17.7405
114.3 49.3337 7.51869 29.5588 17.7603
114.4 49.3689 7.4989 29.5151 17.7801
114.5 49.4041 7.47914 29.4713 17.7999
114.6 49.4393 7.45938 29.4276 17.8196
114.7 49.4744 7.43964 29.3839 17.8394
114.8 49.5095 7.41992 29.3401 17.8591
114.9 49.5445 7.40022 29.2963 17.8788
115 49.5795 7.38053 29.2526 17.8985
115.1 49.6145 7.36085 29.2088 17.9181
115.2 49.6494 7.34119 29.165 17.9378
115.3 49.6843 7.32155 29.1212 17.9574
115.4 49.7191 7.30193 29.0774 17.9771
115.5 49.7539 7.28232 29.0336 17.9967
115.6 49.7887 7.26272 28.9898 18.0163
115.7 49.8234 7.24315 28.946 18.0359
115.8 49.8581 7.22359 28.9021 18.0554
115.9 49.8927 7.20404 28.8583 18.075
116 49.9273 7.18452 28.8145 18.0945
116.1 49.9618 7.16501 28.7706 18.114
116.2 49.9963 7.14551 28.7268 18.1335
116.3 50.0308 7.12604 28.6829 18.153
116.4 50.0652 7.10658 28.639 18.1724
116.5 50.0996 7.08713 28.5952 18.1919
116.6 50.1339 7.06771 28.5513 18.2113
116.7 50.1682 7.0483 28.5074 18.2307
116.8 50.2025 7.0289 28.4635 18.2501
116.9 50.2367 7.00953 28.4196 18.2695
117 50.2708 6.99017 28.3757 18.2888
117.1 50.305 6.97083 28.3318 18.3082
117.2 50.339 6.9515 28.2879 18.3275
117.3 50.3731 6.9322 28.244 18.3468
117.4 50.4071 6.91291 28.2 18.3661
117.5 50.441 6.89364 28.1561 18.3854
117.6 50.4749 6.87438 28.1122 18.4046
117.7 50.5087 6.85515 28.0682 18.4239
117.8 50.5425 6.83593 28.0243 18.4431
117.9 50.5763 6.81673 27.9803 18.4623
118 50.61 6.79754 27.9363 18.4815
118.1 50.6437 6.77838 27.8924 18.5006
118.2 50.6773 6.75923 27.8484 18.5198
118.3 50.7109 6.7401 27.8044 18.5389
118.4 50.7444 6.72099 27.7604 18.558
118.5 50.7779 6.70189 27.7164 18.5771
118.6 50.8113 6.68282 27.6724 18.5962
118.7 50.8447 6.66376 27.6284 18.6152
118.8 50.8781 6.64472 27.5844 18.6343
118.9 50.9114 6.6257 27.5403 18.6533
119 50.9446 6.60669 27.4963 18.6723
119.1 50.9778 6.58771 27.4523 18.6913
119.2 51.0109 6.56874 27.4082 18.7103
119.3 51.044 6.5498 27.3642 18.7292
119.4 51.0771 6.53087 27.3201 18.7481
119.5 51.1101 6.51196 27.2761 18.767
119.6 51.143 6.49306 27.232 18.7859
119.7 51.1759 6.47419 27.188 18.8048
119.8 51.2088 6.45534 27.1439 18.8237
119.9 51.2416 6.4365 27.0998 18.8425
120 51.2743 6.41768 27.0557 18.8613
120.1 51.3071 6.39889 27.0116 18.8801
120.2 51.3397 6.38011 26.9675 18.8989
120.3 51.3723 6.36135 26.9234 18.9177
120.4 51.4048 6.34261 26.8793 18.9364
120.5 51.4373 6.32389 26.8352 18.9551
120.6 51.4698 6.30518 26.7911 18.9738
120.7 51.5022 6.2865 26.7469 18.9925
120.8 51.5345 6.26784 26.7028 19.0112
120.9 51.5668 6.24919 26.6587 19.0298
121 51.599 6.23057 26.6145 19.0484
121.1 51.6312 6.21196 26.5704 19.067
121.2 51.6633 6.19338 26.5262 19.0856
121.3 51.6954 6.17481 26.482 19.1042
121.4 51.7274 6.15627 26.4379 19.1227
121.5 51.7594 6.13774 26.3937 19.1413
121.6 51.7913 6.11923 26.3495 19.1598
121.7 51.8232 6.10075 26.3053 19.1783
121.8 51.855 6.08228 26.2612 19.1967
121.9 51.8867 6.06383 26.217 19.2152
122 51.9184 6.04541 26.1728 19.2336
122.1 51.95 6.027 26.1285 19.252
122.2 51.9816 6.00861 26.0843 19.2704
122.3 52.0131 5.99025 26.0401 19.2888
122.4 52.0446 5.9719 25.9959 19.3071
122.5 52.076 5.95357 25.9517 19.3254
122.6 52.1074 5.93527 25.9074 19.3437
122.7 52.1387 5.91698 25.8632 19.362
122.8 52.1699 5.89872 25.819 19.3803
122.9 52.2011 5.88048 25.7747 19.3985
123 52.2322 5.86225 25.7304 19.4167
123.1 52.2632 5.84405 25.6862 19.435
123.2 52.2942 5.82587 25.6419 19.4531
123.3 52.3252 5.80771 25.5976 19.4713
123.4 52.3561 5.78957 25.5534 19.4894
123.5 52.3869 5.77145 25.5091 19.5076
123.6 52.4177 5.75335 25.4648 19.5257
123.7 52.4484 5.73527 25.4205 19.5437
123.8 52.479 5.71721 25.3762 19.5618
123.9 52.5096 5.69918 25.3319 19.5798
124 52.5401 5.68116 25.2876 19.5978
124.1 52.5705 5.66317 25.2433 19.6158
124.2 52.6009 5.6452 25.199 19.6338
124.3 52.6313 5.62725 25.1546 19.6518
124.4 52.6615 5.60932 25.1103 19.6697
124.5 52.6917 5.59141 25.066 19.6876
124.6 52.7219 5.57352 25.0216 19.7055
124.7 52.752 5.55566 24.9773 19.7233
124.8 52.782 5.53781 24.933 19.7412
124.9 52.8119 5.51999 24.8886 19.759
125 52.8418 5.50219 24.8442 19.7768
125.1 52.8716 5.48441 24.7999 19.7946
125.2 52.9014 5.46666 24.7555 19.8123
125.3 52.9311 5.44892 24.7111 19.8301
125.4 52.9607 5.43121 24.6668 19.8478
125.5 52.9902 5.41352 24.6224 19.8655
125.6 53.0197 5.39585 24.578 19.8832
125.7 53.0492 5.3782 24.5336 19.9008
125.8 53.0785 5.36058 24.4892 19.9184
125.9 53.1078 5.34297 24.4448 19.936
126 53.137 5.32539 24.4004 19.9536
126.1 53.1662 5.30784 24.356 19.9712
126.2 53.1952 5.2903 24.3116 19.9887
126.3 53.2242 5.27279 24.2671 20.0062
126.4 53.2532 5.2553 24.2227 20.0237
126.5 53.2821 5.23783 24.1783 20.0412
126.6 53.3109 5.22038 24.1338 20.0586
126.7 53.3396 5.20296 24.0894 20.076
126.8 53.3682 5.18556 24.0449 20.0934
126.9 53.3968 5.16818 24.0005 20.1108
127 53.4253 5.15083 23.956 20.1282
127.1 53.4538 5.13349 23.9116 20.1455
127.2 53.4821 5.11618 23.8671 20.1628
127.3 53.5104 5.0989 23.8226 20.1801
127.4 53.5387 5.08163 23.7782 20.1974
127.5 53.5668 5.06439 23.7337 20.2146
127.6 53.5949 5.04718 23.6892 20.2318
127.7 53.6229 5.02998 23.6447 20.249
127.8 53.6508 5.01281 23.6002 20.2662
127.9 53.6786 4.99566 23.5557 20.2833
128 53.7064 4.97854 23.5112 20.3005
128.1 53.7341 4.96144 23.4667 20.3176
128.2 53.7617 4.94436 23.4222 20.3346
128.3 53.7893 4.9273 23.3777 20.3517
128.4 53.8167 4.91027 23.3332 20.3687
128.5 53.8441 4.89327 23.2886 20.3857
128.6 53.8714 4.87628 23.2441 20.4027
128.7 53.8986 4.85932 23.1996 20.4197
128.8 53.9258 4.84239 23.155 20.4366
128.9 53.9528 4.82547 23.1105 20.4535
129 53.9798 4.80858 23.0659 20.4704
129.1 54.0067 4.79172 23.0214 20.4873
129.2 54.0336 4.77488 22.9768 20.5041
129.3 54.0603 4.75806 22.9323 20.5209
129.4 54.087 4.74127 22.8877 20.5377
129.5 54.1135 4.7245 22.8431 20.5545
129.6 54.14 4.70775 22.7986 20.5712
129.7 54.1664 4.69103 22.754 20.588
129.8 54.1928 4.67433 22.7094 20.6047
129.9 54.219 4.65766 22.6648 20.6213
130 54.2452 4.64101 22.6202 20.638
130.1 54.2712 4.62439 22.5756 20.6546
130.2 54.2972 4.60779 22.531 20.6712
130.3 54.3231 4.59122 22.4864 20.6878
130.4 54.3489 4.57467 22.4418 20.7043
130.5 54.3746 4.55814 22.3972 20.7209
130.6 54.4003 4.54164 22.3526 20.7374
130.7 54.4258 4.52516 22.3079 20.7538
130.8 54.4513 4.50871 22.2633 20.7703
130.9 54.4766 4.49228 22.2187 20.7867
131 54.5019 4.47588 22.1741 20.8031
131.1 54.5271 4.4595 22.1294 20.8195
131.2 54.5522 4.44315 22.0848 20.8358
131.3 54.5772 4.42682 22.0401 20.8522
131.4 54.6021 4.41052 21.9955 20.8685
131.5 54.6269 4.39424 21.9508 20.8848
131.6 54.6516 4.37799 21.9062 20.901
131.7 54.6763 4.36176 21.8615 20.9172
131.8 54.7008 4.34556 21.8168 20.9334
131.9 54.7252 4.32939 21.7722 20.9496
132 54.7496 4.31323 21.7275 20.9658
132.1 54.7738 4.29711 21.6828 20.9819
132.2 54.798 4.28101 21.6381 20.998
132.3 54.822 4.26493 21.5934 21.0141
132.4 54.846 4.24888 21.5487 21.0301
132.5 54.8698 4.23286 21.504 21.0461
132.6 54.8936 4.21686 21.4593 21.0621
132.7 54.9173 4.20089 21.4146 21.0781
132.8 54.9408 4.18494 21.3699 21.0941
132.9 54.9643 4.16902 21.3252 21.11
133 54.9876 4.15312 21.2805 21.1259
133.1 55.0109 4.13725 21.2358 21.1417
133.2 55.034 4.12141 21.1911 21.1576
133.3 55.0571 4.10559 21.1463 21.1734
133.4 55.08 4.0898 21.1016 21.1892
133.5 55.1029 4.07404 21.0569 21.205
133.6 55.1256 4.0583 21.0121 21.2207
133.7 55.1482 4.04258 20.9674 21.2364
133.8 55.1707 4.0269 20.9226 21.2521
133.9 55.1932 4.01123 20.8779 21.2678
134 55.2155 3.9956 20.8331 21.2834
134.1 55.2377 3.97999 20.7884 21.299
134.2 55.2598 3.96441 20.7436 21.3146
134.3 55.2817 3.94885 20.6989 21.3301
134.4 55.3036 3.93332 20.6541 21.3457
134.5 55.3254 3.91782 20.6093 21.3612
134.6 55.347 3.90234 20.5645 21.3767
134.7 55.3685 3.8869 20.5198 21.3921
134.8 55.39 3.87147 20.475 21.4075
134.9 55.4113 3.85608 20.4302 21.4229
135 55.4324 3.84071 20.3854 21.4383
135.1 55.4535 3.82536 20.3406 21.4536
135.2 55.4745 3.81005 20.2958 21.469
135.3 55.4953 3.79476 20.251 21.4842
135.4 55.516 3.7795 20.2062 21.4995
135.5 55.5366 3.76426 20.1614 21.5147
135.6 55.5571 3.74905 20.1166 21.5299
135.7 55.5775 3.73387 20.0718 21.5451
135.8 55.5977 3.71872 20.0269 21.5603
135.9 55.6179 3.70359 19.9821 21.5754
136 55.6379 3.68849 19.9373 21.5905
136.1 55.6578 3.67342 19.8924 21.6056
136.2 55.6775 3.65838 19.8476 21.6206
136.3 55.6971 3.64336 19.8028 21.6356
136.4 55.7166 3.62837 19.7579 21.6506
136.5 55.736 3.61341 19.7131 21.6656
136.6 55.7553 3.59847 19.6682 21.6805
136.7 55.7744 3.58357 19.6234 21.6954
136.8 55.7934 3.56869 19.5785 21.7103
136.9 55.8123 3.55383 19.5337 21.7252
137 55.831 3.53901 19.4888 21.74
137.1 55.8496 3.52421 19.4439 21.7548
137.2 55.8681 3.50944 19.3991 21.7696
137.3 55.8864 3.4947 19.3542 21.7843
137.4 55.9046 3.47999 19.3093 21.799
137.5 55.9227 3.4653 19.2644 21.8137
137.6 55.9406 3.45064 19.2196 21.8284
137.7 55.9584 3.43601 19.1747 21.843
137.8 55.9761 3.42141 19.1298 21.8576
137.9 55.9936 3.40684 19.0849 21.8722
138 56.011 3.39229 19.04 21.8867
138.1 56.0282 3.37778 18.9951 21.9012
138.2 56.0453 3.36329 18.9502 21.9157
138.3 56.0623 3.34883 18.9053 21.9302
138.4 56.0791 3.3344 18.8604 21.9446
138.5 56.0958 3.31999 18.8155 21.959
138.6 56.1123 3.30562 18.7705 21.9734
138.7 56.1287 3.29127 18.7256 21.9877
138.8 56.1449 3.27695 18.6807 22.0021
138.9 56.161 3.26266 18.6358 22.0163
139 56.177 3.2484 18.5908 22.0306
139.1 56.1928 3.23416 18.5459 22.0448
139.2 56.2084 3.21996 18.501 22.059
139.3 56.2239 3.20578 18.456 22.0732
139.4 56.2392 3.19164 18.4111 22.0874
139.5 56.2544 3.17752 18.3661 22.1015
139.6 56.2694 3.16343 18.3212 22.1156
139.7 56.2843 3.14937 18.2762 22.1296
139.8 56.299 3.13534 18.2313 22.1437
139.9 56.3136 3.12133 18.1863 22.1577
140 56.328 3.10736 18.1414 22.1716
140.1 56.3422 3.09342 18.0964 22.1856
140.2 56.3563 3.0795 18.0514 22.1995
140.3 56.3702 3.06561 18.0065 22.2134
140.4 56.3839 3.05176 17.9615 22.2272
140.5 56.3975 3.03793 17.9165 22.2411
140.6 56.411 3.02413 17.8715 22.2549
140.7 56.4242 3.01036 17.8265 22.2686
140.8 56.4373 2.99662 17.7816 22.2824
140.9 56.4502 2.98291 17.7366 22.2961
141 56.4629 2.96923 17.6916 22.3098
141.1 56.4755 2.95557 17.6466 22.3234
141.2 56.4879 2.94195 17.6016 22.337
141.3 56.5001 2.92836 17.5566 22.3506
141.4 56.5122 2.9148 17.5116 22.3642
141.5 56.524 2.90126 17.4666 22.3777
141.6 56.5357 2.88776 17.4216 22.3912
141.7 56.5472 2.87428 17.3765 22.4047
141.8 56.5586 2.86084 17.3315 22.4182
141.9 56.5697 2.84742 17.2865 22.4316
142 56.5807 2.83404 17.2415 22.445
142.1 56.5915 2.82068 17.1965 22.4583
142.2 56.6021 2.80736 17.1514 22.4716
142.3 56.6125 2.79406 17.1064 22.4849
142.4 56.6227 2.7808 17.0614 22.4982
142.5 56.6327 2.76756 17.0163 22.5114
142.6 56.6426 2.75436 16.9713 22.5246
142.7 56.6522 2.74118 16.9262 22.5378
142.8 56.6616 2.72804 16.8812 22.551
142.9 56.6709 2.71492 16.8362 22.5641
143 56.68 2.70184 16.7911 22.5772
143.1 56.6888 2.68878 16.746 22.5902
143.2 56.6975 2.67576 16.701 22.6032
143.3 56.7059 2.66277 16.6559 22.6162
143.4 56.7142 2.6498 16.6109 22.6292
143.5 56.7222 2.63687 16.5658 22.6421
143.6 56.7301 2.62397 16.5207 22.655
143.7 56.7377 2.6111 16.4757 22.6679
143.8 56.7451 2.59825 16.4306 22.6807
143.9 56.7524 2.58544 16.3855 22.6936
144 56.7594 2.57266 16.3404 22.7063
144.1 56.7662 2.55991 16.2954 22.7191
144.2 56.7727 2.5472 16.2503 22.7318
144.3 56.7791 2.53451 16.2052 22.7445
144.4 56.7852 2.52185 16.1601 22.7571
144.5 56.7911 2.50922 16.115 22.7698
144.6 56.7968 2.49663 16.0699 22.7824
144.7 56.8023 2.48406 16.0248 22.7949
144.8 56.8075 2.47153 15.9797 22.8075
144.9 56.8126 2.45903 15.9346 22.82
145 56.8174 2.44656 15.8895 22.8324
145.1 56.8219 2.43412 15.8444 22.8449
145.2 56.8262 2.42171 15.7993 22.8573
145.3 56.8303 2.40933 15.7542 22.8697
145.4 56.8342 2.39698 15.7091 22.882
145.5 56.8378 2.38466 15.6639 22.8943
145.6 56.8412 2.37238 15.6188 22.9066
145.7 56.8443 2.36013 15.5737 22.9189
145.8 56.8472 2.3479 15.5286 22.9311
145.9 56.8499 2.33571 15.4834 22.9433
146 56.8523 2.32355 15.4383 22.9554
146.1 56.8544 2.31142 15.3932 22.9676
146.2 56.8563 2.29933 15.348 22.9797
146.3 56.8579 2.28726 15.3029 22.9917
146.4 56.8593 2.27523 15.2577 23.0038
146.5 56.8605 2.26323 15.2126 23.0158
146.6 56.8613 2.25126 15.1675 23.0277
146.7 56.8619 2.23932 15.1223 23.0397
146.8 56.8623 2.22741 15.0772 23.0516
146.9 56.8624 2.21554 15.032 23.0635
147 56.8622 2.20369 14.9868 23.0753
147.1 56.8617 2.19188 14.9417 23.0871
147.2 56.861 2.1801 14.8965 23.0989
147.3 56.86 2.16835 14.8514 23.1106
147.4 56.8587 2.15664 14.8062 23.1224
147.5 56.8571 2.14495 14.761 23.134
147.6 56.8553 2.1333 14.7159 23.1457
147.7 56.8532 2.12168 14.6707 23.1573
147.8 56.8508 2.11009 14.6255 23.1689
147.9 56.8481 2.09853 14.5803 23.1805
148 56.8451 2.08701 14.5351 23.192
148.1 56.8418 2.07552 14.49 23.2035
148.2 56.8382 2.06406 14.4448 23.2149
148.3 56.8343 2.05263 14.3996 23.2264
148.4 56.8301 2.04123 14.3544 23.2378
148.5 56.8257 2.02987 14.3092 23.2491
148.6 56.8209 2.01854 14.264 23.2605
148.7 56.8158 2.00724 14.2188 23.2718
148.8 56.8104 1.99598 14.1736 23.283
148.9 56.8046 1.98474 14.1284 23.2943
149 56.7986 1.97354 14.0832 23.3055
149.1 56.7923 1.96237 14.038 23.3166
149.2 56.7856 1.95124 13.9928 23.3278
149.3 56.7786 1.94013 13.9476 23.3389
149.4 56.7713 1.92906 13.9024 23.3499
149.5 56.7636 1.91802 13.8572 23.361
149.6 56.7556 1.90702 13.8119 23.372
149.7 56.7473 1.89604 13.7667 23.383
149.8 56.7386 1.8851 13.7215 23.3939
149.9 56.7296 1.8742 13.6763 23.4048
150 56.7203 1.86332 13.6311 23.4157
150.1 56.7106 1.85248 13.5858 23.4265
150.2 56.7005 1.84167 13.5406 23.4373
150.3 56.6902 1.8309 13.4954 23.4481
150.4 56.6794 1.82015 13.4501 23.4588
150.5 56.6683 1.80944 13.4049 23.4696
150.6 56.6568 1.79876 13.3597 23.4802
150.7 56.645 1.78812 13.3144 23.4909
150.8 56.6328 1.77751 13.2692 23.5015
150.9 56.6202 1.76693 13.2239 23.5121
151 56.6072 1.75639 13.1787 23.5226
151.1 56.5939 1.74587 13.1334 23.5331
151.2 56.5802 1.73539 13.0882 23.5436
151.3 56.5661 1.72495 13.0429 23.5541
151.4 56.5516 1.71454 12.9977 23.5645
151.5 56.5367 1.70416 12.9524 23.5748
151.6 56.5214 1.69381 12.9072 23.5852
151.7 56.5058 1.6835 12.8619 23.5955
151.8 56.4897 1.67322 12.8166 23.6058
151.9 56.4732 1.66298 12.7714 23.616
152 56.4563 1.65276 12.7261 23.6262
152.1 56.439 1.64259 12.6808 23.6364
152.2 56.4212 1.63244 12.6356 23.6466
152.3 56.4031 1.62233 12.5903 23.6567
152.4 56.3845 1.61225 12.545 23.6667
152.5 56.3655 1.60221 12.4997 23.6768
152.6 56.3461 1.5922 12.4544 23.6868
152.7 56.3262 1.58222 12.4092 23.6968
152.8 56.3059 1.57227 12.3639 23.7067
152.9 56.2851 1.56236 12.3186 23.7166
153 56.2639 1.55249 12.2733 23.7265
153.1 56.2422 1.54265 12.228 23.7364
153.2 56.2201 1.53284 12.1827 23.7462
153.3 56.1975 1.52306 12.1374 23.7559
153.4 56.1745 1.51332 12.0921 23.7657
153.5 56.1509 1.50362 12.0468 23.7754
153.6 56.1269 1.49394 12.0015 23.7851
153.7 56.1024 1.4843 11.9562 23.7947
153.8 56.0775 1.4747 11.9109 23.8043
153.9 56.052 1.46513 11.8656 23.8139
154 56.0261 1.45559 11.8203 23.8234
154.1 55.9996 1.44609 11.775 23.8329
154.2 55.9727 1.43662 11.7297 23.8424
154.3 55.9452 1.42718 11.6844 23.8518
154.4 55.9173 1.41778 11.6391 23.8612
154.5 55.8888 1.40842 11.5938 23.8706
154.6 55.8597 1.39908 11.5484 23.8799
154.7 55.8302 1.38979 11.5031 23.8892
154.8 55.8001 1.38052 11.4578 23.8985
154.9 55.7695 1.37129 11.4125 23.9077
155 55.7384 1.3621 11.3672 23.9169
155.1 55.7067 1.35294 11.3218 23.9261
155.2 55.6744 1.34381 11.2765 23.9352
155.3 55.6416 1.33472 11.2312 23.9443
155.4 55.6082 1.32566 11.1858 23.9533
155.5 55.5743 1.31664 11.1405 23.9624
155.6 55.5397 1.30765 11.0952 23.9713
155.7 55.5046 1.2987 11.0498 23.9803
155.8 55.4689 1.28978 11.0045 23.9892
155.9 55.4326 1.28089 10.9592 23.9981
156 55.3957 1.27204 10.9138 24.007
156.1 55.3582 1.26323 10.8685 24.0158
156.2 55.3201 1.25445 10.8231 24.0246
156.3 55.2814 1.2457 10.7778 24.0333
156.4 55.242 1.23699 10.7324 24.042
156.5 55.202 1.22831 10.6871 24.0507
156.6 55.1614 1.21967 10.6417 24.0593
156.7 55.1202 1.21106 10.5964 24.0679
156.8 55.0783 1.20249 10.551 24.0765
156.9 55.0357 1.19395 10.5057 24.085
157 54.9925 1.18545 10.4603 24.0936
157.1 54.9485 1.17698 10.415 24.102
157.2 54.904 1.16855 10.3696 24.1105
157.3 54.8587 1.16015 10.3242 24.1189
157.4 54.8128 1.15179 10.2789 24.1272
157.5 54.7661 1.14346 10.2335 24.1355
157.6 54.7187 1.13516 10.1881 24.1438
157.7 54.6707 1.12691 10.1428 24.1521
157.8 54.6219 1.11868 10.0974 24.1603
157.9 54.5724 1.1105 10.052 24.1685
158 54.5221 1.10234 10.0066 24.1767
158.1 54.4711 1.09423 9.96127 24.1848
158.2 54.4194 1.08614 9.91589 24.1929
158.3 54.3669 1.0781 9.87051 24.2009
158.4 54.3136 1.07008 9.82513 24.2089
158.5 54.2596 1.06211 9.77975 24.2169
158.6 54.2047 1.05417 9.73436 24.2248
158.7 54.1491 1.04626 9.68898 24.2327
158.8 54.0927 1.03839 9.64359 24.2406
158.9 54.0355 1.03055 9.59821 24.2484
159 53.9774 1.02275 9.55282 24.2562
159.1 53.9186 1.01499 9.50743 24.264
159.2 53.8589 1.00726 9.46204 24.2717
159.3 53.7983 0.999564 9.41664 24.2794
159.4 53.7369 0.991905 9.37125 24.2871
159.5 53.6746 0.984282 9.32585 24.2947
159.6 53.6115 0.976695 9.28045 24.3023
159.7 53.5475 0.969142 9.23505 24.3099
159.8 53.4826 0.961626 9.18965 24.3174
159.9 53.4168 0.954145 9.14425 24.3249
160 53.3501 0.9467 9.09885 24.3323
160.1 53.2825 0.93929 9.05344 24.3397
160.2 53.2139 0.931916 9.00804 24.3471
160.3 53.1444 0.924577 8.96263 24.3544
160.4 53.074 0.917275 8.91722 24.3617
160.5 53.0025 0.910008 8.87181 24.369
160.6 52.9302 0.902776 8.8264 24.3762
160.7 52.8568 0.895581 8.78099 24.3834
160.8 52.7824 0.888421 8.73558 24.3906
160.9 52.7071 0.881297 8.69016 24.3977
161 52.6307 0.874209 8.64474 24.4048
161.1 52.5533 0.867156 8.59933 24.4118
161.2 52.4749 0.86014 8.55391 24.4189
161.3 52.3954 0.853159 8.50849 24.4258
161.4 52.3148 0.846215 8.46306 24.4328
161.5 52.2332 0.839306 8.41764 24.4397
161.6 52.1505 0.832433 8.37222 24.4466
161.7 52.0667 0.825596 8.32679 24.4534
161.8 51.9818 0.818795 8.28136 24.4602
161.9 51.8957 0.81203 8.23594 24.467
162 51.8086 0.805302 8.19051 24.4737
162.1 51.7202 0.798609 8.14508 24.4804
162.2 51.6308 0.791952 8.09964 24.487
162.3 51.5401 0.785331 8.05421 24.4937
162.4 51.4483 0.778747 8.00878 24.5003
162.5 51.3552 0.772198 7.96334 24.5068
162.6 51.2609 0.765686 7.91791 24.5133
162.7 51.1655 0.75921 7.87247 24.5198
162.8 51.0687 0.75277 7.82703 24.5262
162.9 50.9707 0.746366 7.78159 24.5326
163 50.8715 0.739999 7.73615 24.539
163.1 50.7709 0.733668 7.6907 24.5453
163.2 50.6691 0.727373 7.64526 24.5516
163.3 50.5659 0.721114 7.59982 24.5579
163.4 50.4614 0.714892 7.55437 24.5641
163.5 50.3556 0.708706 7.50892 24.5703
163.6 50.2483 0.702556 7.46348 24.5764
163.7 50.1398 0.696443 7.41803 24.5826
163.8 50.0298 0.690366 7.37258 24.5886
163.9 49.9184 0.684325 7.32712 24.5947
164 49.8056 0.678321 7.28167 24.6007
164.1 49.6913 0.672353 7.23622 24.6066
164.2 49.5756 0.666422 7.19076 24.6126
164.3 49.4584 0.660527 7.14531 24.6185
164.4 49.3397 0.654669 7.09985 24.6243
164.5 49.2195 0.648847 7.05439 24.6302
164.6 49.0978 0.643062 7.00893 24.6359
164.7 48.9745 0.637313 6.96347 24.6417
164.8 48.8496 0.631601 6.91801 24.6474
164.9 48.7232 0.625925 6.87255 24.6531
165 48.5952 0.620286 6.82709 24.6587
165.1 48.4655 0.614684 6.78162 24.6643
165.2 48.3342 0.609118 6.73616 24.6699
165.3 48.2013 0.603589 6.69069 24.6754
165.4 48.0666 0.598097 6.64522 24.6809
165.5 47.9303 0.592641 6.59976 24.6864
165.6 47.7923 0.587222 6.55429 24.6918
165.7 47.6525 0.58184 6.50882 24.6972
165.8 47.5109 0.576494 6.46335 24.7025
165.9 47.3676 0.571185 6.41787 24.7078
166 47.2225 0.565913 6.3724 24.7131
166.1 47.0756 0.560678 6.32693 24.7183
166.2 46.9268 0.555479 6.28145 24.7235
166.3 46.7761 0.550317 6.23598 24.7287
166.4 46.6236 0.545192 6.1905 24.7338
166.5 46.4692 0.540104 6.14502 24.7389
166.6 46.3128 0.535053 6.09954 24.7439
166.7 46.1545 0.530039 6.05406 24.749
166.8 45.9942 0.525061 6.00858 24.7539
166.9 45.832 0.520121 5.9631 24.7589
167 45.6677 0.515217 5.91762 24.7638
167.1 45.5013 0.51035 5.87214 24.7686
167.2 45.3329 0.50552 5.82665 24.7735
167.3 45.1624 0.500728 5.78117 24.7783
167.4 44.9898 0.495972 5.73568 24.783
167.5 44.8151 0.491253 5.6902 24.7877
167.6 44.6382 0.486571 5.64471 24.7924
167.7 44.4591 0.481926 5.59922 24.7971
167.8 44.2778 0.477318 5.55373 24.8017
167.9 44.0942 0.472748 5.50824 24.8063
168 43.9084 0.468214 5.46275 24.8108
168.1 43.7204 0.463717 5.41726 24.8153
168.2 43.53 0.459258 5.37177 24.8197
168.3 43.3372 0.454835 5.32628 24.8242
168.4 43.1421 0.45045 5.28078 24.8285
168.5 42.9447 0.446102 5.23529 24.8329
168.6 42.7448 0.441791 5.18979 24.8372
168.7 42.5425 0.437517 5.1443 24.8415
168.8 42.3377 0.43328 5.0988 24.8457
168.9 42.1304 0.429081 5.0533 24.8499
169 41.9206 0.424918 5.00781 24.8541
169.1 41.7082 0.420793 4.96231 24.8582
169.2 41.4933 0.416705 4.91681 24.8623
169.3 41.2757 0.412655 4.87131 24.8663
169.4 41.0556 0.408641 4.8258 24.8704
169.5 40.8328 0.404665 4.7803 24.8743
169.6 40.6073 0.400726 4.7348 24.8783
169.7 40.3791 0.396824 4.6893 24.8822
169.8 40.1482 0.39296 4.64379 24.886
169.9 39.9145 0.389133 4.59829 24.8899
170 39.678 0.385343 4.55278 24.8937
170.1 39.4387 0.381591 4.50728 24.8974
170.2 39.1965 0.377876 4.46177 24.9011
170.3 38.9515 0.374198 4.41626 24.9048
170.4 38.7036 0.370558 4.37076 24.9084
170.5 38.4527 0.366955 4.32525 24.912
170.6 38.1989 0.363389 4.27974 24.9156
170.7 37.9421 0.359861 4.23423 24.9191
170.8 37.6823 0.35637 4.18872 24.9226
170.9 37.4195 0.352917 4.14321 24.9261
171 37.1536 0.349501 4.09769 24.9295
171.1 36.8847 0.346122 4.05218 24.9329
171.2 36.6126 0.342781 4.00667 24.9362
171.3 36.3374 0.339478 3.96116 24.9395
171.4 36.059 0.336212 3.91564 24.9428
171.5 35.7774 0.332983 3.87013 24.946
171.6 35.4927 0.329792 3.82461 24.9492
171.7 35.2046 0.326638 3.7791 24.9524
171.8 34.9134 0.323522 3.73358 24.9555
171.9 34.6188 0.320443 3.68806 24.9586
172 34.3209 0.317402 3.64255 24.9616
172.1 34.0198 0.314398 3.59703 24.9646
172.2 33.7152 0.311432 3.55151 24.9676
172.3 33.4073 0.308504 3.50599 24.9705
172.4 33.096 0.305613 3.46047 24.9734
172.5 32.7813 0.302759 3.41495 24.9762
172.6 32.4631 0.299944 3.36943 24.9791
172.7 32.1415 0.297165 3.32391 24.9818
172.8 31.8165 0.294425 3.27839 24.9846
172.9 31.4879 0.291722 3.23287 24.9873
173 31.1559 0.289056 3.18734 24.9899
173.1 30.8203 0.286429 3.14182 24.9926
173.2 30.4812 0.283838 3.0963 24.9952
173.3 30.1386 0.281286 3.05077 24.9977
173.4 29.7924 0.278771 3.00525 25.0002
173.5 29.4427 0.276294 2.95972 25.0027
173.6 29.0893 0.273854 2.9142 25.0051
173.7 28.7324 0.271452 2.86867 25.0075
173.8 28.372 0.269088 2.82315 25.0099
173.9 28.0079 0.266762 2.77762 25.0122
174 27.6402 0.264473 2.7321 25.0145
174.1 27.2689 0.262222 2.68657 25.0168
174.2 26.894 0.260008 2.64104 25.019
174.3 26.5155 0.257832 2.59551 25.0212
174.4 26.1335 0.255694 2.54998 25.0233
174.5 25.7478 0.253594 2.50446 25.0254
174.6 25.3585 0.251531 2.45893 25.0275
174.7 24.9657 0.249507 2.4134 25.0295
174.8 24.5692 0.247519 2.36787 25.0315
174.9 24.1692 0.24557 2.32234 25.0334
175 23.7657 0.243658 2.27681 25.0353
175.1 23.3586 0.241785 2.23128 25.0372
175.2 22.948 0.239949 2.18574 25.0391
175.3 22.5339 0.23815 2.14021 25.0408
175.4 22.1163 0.23639 2.09468 25.0426
175.5 21.6953 0.234667 2.04915 25.0443
175.6 21.2708 0.232982 2.00362 25.046
175.7 20.8429 0.231335 1.95808 25.0477
175.8 20.4117 0.229725 1.91255 25.0493
175.9 19.9771 0.228154 1.86702 25.0508
176 19.5392 0.22662 1.82149 25.0524
176.1 19.098 0.225124 1.77595 25.0539
176.2 18.6536 0.223666 1.73042 25.0553
176.3 18.206 0.222245 1.68488 25.0568
176.4 17.7552 0.220863 1.63935 25.0581
176.5 17.3013 0.219518 1.59381 25.0595
176.6 16.8444 0.218211 1.54828 25.0608
176.7 16.3845 0.216942 1.50274 25.0621
176.8 15.9217 0.215711 1.45721 25.0633
176.9 15.4559 0.214518 1.41167 25.0645
177 14.9874 0.213362 1.36614 25.0656
177.1 14.516 0.212245 1.3206 25.0668
177.2 14.042 0.211165 1.27506 25.0678
177.3 13.5653 0.210123 1.22953 25.0689
177.4 13.086 0.209119 1.18399 25.0699
177.5 12.6042 0.208153 1.13846 25.0708
177.6 12.1201 0.207224 1.09292 25.0718
177.7 11.6335 0.206334 1.04738 25.0727
177.8 11.1447 0.205481 1.00184 25.0735
177.9 10.6537 0.204667 0.956307 25.0743
178 10.1606 0.20389 0.910769 25.0751
178.1 9.66549 0.203151 0.865231 25.0758
178.2 9.16842 0.20245 0.819694 25.0766
178.3 8.66951 0.201787 0.774156 25.0772
178.4 8.16885 0.201161 0.728618 25.0778
178.5 7.66652 0.200574 0.68308 25.0784
178.6 7.16263 0.200024 0.637541 25.079
178.7 6.65726 0.199513 0.592003 25.0795
178.8 6.15052 0.199039 0.546465 25.08
178.9 5.64251 0.198603 0.500926 25.0804
179 5.13333 0.198205 0.455388 25.0808
179.1 4.62307 0.197845 0.409849 25.0812
179.2 4.11185 0.197523 0.364311 25.0815
179.3 3.59977 0.197239 0.318772 25.0818
179.4 3.08693 0.196992 0.273233 25.082
179.5 2.57343 0.196784 0.227694 25.0822
179.6 2.0594 0.196613 0.182155 25.0824
179.7 1.54493 0.196481 0.136617 25.0825
179.8 1.03014 0.196386 0.0910778 25.0826
179.9 0.515123 0.196329 0.0455389 25.0827
180 3.61459e-14 0.19631 3.19533e-15 25.0827
