#kinematics calculation of exex
#vertex z = 400 mm, E_reaction = 45.411 MeV
#theta_cm, theta3_lab, Ek3_lab, theta4_lab, Ek4_lab
0 0 35.982 0 0.548987
0.1 0.0437844 35.982 0.354746 0.549014
0.2 0.0875688 35.9819 0.709451 0.549095
0.3 0.131353 35.9818 1.06408 0.54923
0.4 0.175138 35.9816 1.41858 0.549419
0.5 0.218922 35.9813 1.77293 0.549662
0.6 0.262706 35.981 2.12708 0.549958
0.7 0.30649 35.9807 2.48099 0.550309
0.8 0.350275 35.9803 2.83463 0.550714
0.9 0.394059 35.9798 3.18795 0.551173
1 0.437843 35.9793 3.54091 0.551685
1.1 0.481627 35.9787 3.89348 0.552252
1.2 0.52541 35.9781 4.24562 0.552872
1.3 0.569194 35.9775 4.59728 0.553547
1.4 0.612978 35.9767 4.94844 0.554275
1.5 0.656761 35.9759 5.29905 0.555058
1.6 0.700544 35.9751 5.64907 0.555894
1.7 0.744328 35.9742 5.99848 0.556785
1.8 0.788111 35.9733 6.34723 0.557729
1.9 0.831893 35.9723 6.69528 0.558727
2 0.875676 35.9712 7.04261 0.559779
2.1 0.919459 35.9701 7.38917 0.560885
2.2 0.963241 35.969 7.73493 0.562045
2.3 1.00702 35.9677 8.07985 0.563259
2.4 1.0508 35.9665 8.42391 0.564527
2.5 1.09459 35.9652 8.76706 0.565849
2.6 1.13837 35.9638 9.10927 0.567225
2.7 1.18215 35.9623 9.45052 0.568654
2.8 1.22593 35.9609 9.79077 0.570138
2.9 1.26971 35.9593 10.13 0.571675
3 1.31349 35.9577 10.4681 0.573267
3.1 1.35727 35.9561 10.8052 0.574912
3.2 1.40105 35.9544 11.1411 0.576611
3.3 1.44483 35.9526 11.4759 0.578364
3.4 1.48861 35.9508 11.8095 0.580171
3.5 1.53239 35.949 12.1419 0.582032
3.6 1.57617 35.9471 12.473 0.583946
3.7 1.61995 35.9451 12.8029 0.585915
3.8 1.66372 35.9431 13.1315 0.587937
3.9 1.7075 35.941 13.4588 0.590013
4 1.75128 35.9389 13.7847 0.592143
4.1 1.79506 35.9367 14.1093 0.594327
4.2 1.83883 35.9344 14.4324 0.596565
4.3 1.88261 35.9321 14.7542 0.598857
4.4 1.92638 35.9298 15.0745 0.601202
4.5 1.97016 35.9274 15.3934 0.603601
4.6 2.01393 35.9249 15.7108 0.606054
4.7 2.05771 35.9224 16.0266 0.608561
4.8 2.10148 35.9199 16.341 0.611121
4.9 2.14526 35.9173 16.6538 0.613736
5 2.18903 35.9146 16.9651 0.616404
5.1 2.2328 35.9119 17.2748 0.619125
5.2 2.27658 35.9091 17.5829 0.621901
5.3 2.32035 35.9063 17.8894 0.62473
5.4 2.36412 35.9034 18.1942 0.627613
5.5 2.40789 35.9004 18.4974 0.63055
5.6 2.45166 35.8975 18.799 0.633541
5.7 2.49543 35.8944 19.0989 0.636585
5.8 2.5392 35.8913 19.3971 0.639683
5.9 2.58297 35.8882 19.6936 0.642835
6 2.62674 35.885 19.9884 0.64604
6.1 2.6705 35.8817 20.2815 0.649299
6.2 2.71427 35.8784 20.5728 0.652611
6.3 2.75804 35.875 20.8624 0.655978
6.4 2.8018 35.8716 21.1503 0.659398
6.5 2.84557 35.8681 21.4364 0.662871
6.6 2.88933 35.8646 21.7207 0.666398
6.7 2.9331 35.861 22.0032 0.669979
6.8 2.97686 35.8574 22.284 0.673614
6.9 3.02062 35.8537 22.563 0.677302
7 3.06439 35.85 22.8401 0.681043
7.1 3.10815 35.8462 23.1155 0.684838
7.2 3.15191 35.8423 23.389 0.688687
7.3 3.19567 35.8384 23.6608 0.692589
7.4 3.23943 35.8345 23.9307 0.696545
7.5 3.28319 35.8304 24.1988 0.700554
7.6 3.32695 35.8264 24.465 0.704617
7.7 3.3707 35.8223 24.7295 0.708733
7.8 3.41446 35.8181 24.9921 0.712903
7.9 3.45822 35.8139 25.2528 0.717126
8 3.50197 35.8096 25.5117 0.721403
8.1 3.54573 35.8053 25.7688 0.725733
8.2 3.58948 35.8009 26.0241 0.730116
8.3 3.63323 35.7964 26.2775 0.734553
8.4 3.67699 35.792 26.5291 0.739044
8.5 3.72074 35.7874 26.7788 0.743588
8.6 3.76449 35.7828 27.0267 0.748185
8.7 3.80824 35.7782 27.2728 0.752835
8.8 3.85199 35.7735 27.517 0.757539
8.9 3.89574 35.7687 27.7594 0.762296
9 3.93948 35.7639 28 0.767107
9.1 3.98323 35.759 28.2387 0.77197
9.2 4.02698 35.7541 28.4756 0.776887
9.3 4.07072 35.7491 28.7107 0.781858
9.4 4.11447 35.7441 28.944 0.786881
9.5 4.15821 35.739 29.1755 0.791958
9.6 4.20195 35.7339 29.4051 0.797088
9.7 4.24569 35.7287 29.633 0.802272
9.8 4.28943 35.7235 29.859 0.807508
9.9 4.33317 35.7182 30.0833 0.812798
10 4.37691 35.7129 30.3058 0.818141
10.1 4.42065 35.7075 30.5265 0.823537
10.2 4.46439 35.702 30.7454 0.828986
10.3 4.50812 35.6965 30.9625 0.834488
10.4 4.55186 35.691 31.1779 0.840043
10.5 4.59559 35.6853 31.3915 0.845652
10.6 4.63933 35.6797 31.6034 0.851313
10.7 4.68306 35.674 31.8135 0.857028
10.8 4.72679 35.6682 32.0219 0.862795
10.9 4.77052 35.6624 32.2286 0.868616
11 4.81425 35.6565 32.4335 0.874489
11.1 4.85798 35.6506 32.6368 0.880416
11.2 4.90171 35.6446 32.8383 0.886395
11.3 4.94543 35.6386 33.0381 0.892428
11.4 4.98916 35.6325 33.2362 0.898513
11.5 5.03288 35.6263 33.4327 0.904651
11.6 5.0766 35.6202 33.6274 0.910842
11.7 5.12033 35.6139 33.8205 0.917086
11.8 5.16405 35.6076 34.012 0.923383
11.9 5.20777 35.6013 34.2018 0.929733
12 5.25149 35.5949 34.39 0.936135
12.1 5.2952 35.5884 34.5765 0.942591
12.2 5.33892 35.5819 34.7614 0.949099
12.3 5.38263 35.5753 34.9447 0.955659
12.4 5.42635 35.5687 35.1264 0.962273
12.5 5.47006 35.5621 35.3065 0.968939
12.6 5.51377 35.5553 35.485 0.975658
12.7 5.55748 35.5486 35.662 0.98243
12.8 5.60119 35.5417 35.8374 0.989254
12.9 5.6449 35.5349 36.0112 0.996131
13 5.68861 35.5279 36.1835 1.00306
13.1 5.73231 35.521 36.3542 1.01004
13.2 5.77602 35.5139 36.5234 1.01708
13.3 5.81972 35.5068 36.6911 1.02416
13.4 5.86343 35.4997 36.8573 1.0313
13.5 5.90713 35.4925 37.022 1.0385
13.6 5.95083 35.4853 37.1852 1.04574
13.7 5.99452 35.478 37.3469 1.05304
13.8 6.03822 35.4706 37.5072 1.06039
13.9 6.08192 35.4632 37.666 1.06779
14 6.12561 35.4558 37.8234 1.07524
14.1 6.16931 35.4483 37.9793 1.08275
14.2 6.213 35.4407 38.1338 1.09031
14.3 6.25669 35.4331 38.2868 1.09792
14.4 6.30038 35.4254 38.4385 1.10558
14.5 6.34406 35.4177 38.5888 1.1133
14.6 6.38775 35.4099 38.7377 1.12107
14.7 6.43144 35.4021 38.8852 1.12889
14.8 6.47512 35.3942 39.0313 1.13676
14.9 6.5188 35.3863 39.1761 1.14469
15 6.56248 35.3783 39.3195 1.15266
15.1 6.60616 35.3703 39.4616 1.16069
15.2 6.64984 35.3622 39.6023 1.16877
15.3 6.69352 35.3541 39.7418 1.17691
15.4 6.73719 35.3459 39.8799 1.18509
15.5 6.78087 35.3377 40.0167 1.19333
15.6 6.82454 35.3294 40.1523 1.20162
15.7 6.86821 35.321 40.2865 1.20996
15.8 6.91188 35.3126 40.4195 1.21835
15.9 6.95555 35.3042 40.5513 1.2268
16 6.99922 35.2957 40.6818 1.23529
16.1 7.04288 35.2872 40.811 1.24384
16.2 7.08654 35.2786 40.939 1.25244
16.3 7.13021 35.2699 41.0658 1.2611
16.4 7.17387 35.2612 41.1914 1.2698
16.5 7.21753 35.2524 41.3157 1.27856
16.6 7.26118 35.2436 41.4389 1.28737
16.7 7.30484 35.2348 41.5609 1.29623
16.8 7.34849 35.2259 41.6817 1.30514
16.9 7.39215 35.2169 41.8014 1.3141
17 7.4358 35.2079 41.9199 1.32311
17.1 7.47945 35.1988 42.0372 1.33218
17.2 7.5231 35.1897 42.1534 1.3413
17.3 7.56674 35.1805 42.2685 1.35047
17.4 7.61039 35.1713 42.3824 1.35969
17.5 7.65403 35.162 42.4953 1.36896
17.6 7.69767 35.1527 42.607 1.37829
17.7 7.74131 35.1433 42.7177 1.38766
17.8 7.78495 35.1339 42.8273 1.39709
17.9 7.82859 35.1244 42.9357 1.40657
18 7.87222 35.1149 43.0432 1.41609
18.1 7.91585 35.1053 43.1495 1.42568
18.2 7.95948 35.0957 43.2548 1.43531
18.3 8.00311 35.086 43.3591 1.44499
18.4 8.04674 35.0763 43.4623 1.45473
18.5 8.09037 35.0665 43.5646 1.46451
18.6 8.13399 35.0567 43.6658 1.47435
18.7 8.17761 35.0468 43.7659 1.48424
18.8 8.22124 35.0368 43.8651 1.49418
18.9 8.26485 35.0268 43.9633 1.50417
19 8.30847 35.0168 44.0605 1.51421
19.1 8.35209 35.0067 44.1568 1.5243
19.2 8.3957 34.9966 44.252 1.53444
19.3 8.43931 34.9864 44.3463 1.54464
19.4 8.48292 34.9761 44.4397 1.55488
19.5 8.52653 34.9658 44.5321 1.56518
19.6 8.57014 34.9555 44.6236 1.57553
19.7 8.61374 34.9451 44.7141 1.58592
19.8 8.65734 34.9346 44.8038 1.59637
19.9 8.70094 34.9241 44.8925 1.60687
20 8.74454 34.9136 44.9803 1.61742
20.1 8.78814 34.903 45.0672 1.62802
20.2 8.83173 34.8923 45.1532 1.63868
20.3 8.87533 34.8816 45.2384 1.64938
20.4 8.91892 34.8709 45.3226 1.66013
20.5 8.96251 34.8601 45.406 1.67093
20.6 9.0061 34.8492 45.4885 1.68179
20.7 9.04968 34.8383 45.5702 1.69269
20.8 9.09326 34.8274 45.651 1.70365
20.9 9.13684 34.8163 45.731 1.71465
21 9.18042 34.8053 45.8102 1.72571
21.1 9.224 34.7942 45.8885 1.73682
21.2 9.26758 34.783 45.966 1.74797
21.3 9.31115 34.7718 46.0427 1.75918
21.4 9.35472 34.7606 46.1186 1.77044
21.5 9.39829 34.7493 46.1937 1.78174
21.6 9.44186 34.7379 46.2679 1.7931
21.7 9.48542 34.7265 46.3414 1.80451
21.8 9.52898 34.715 46.4142 1.81597
21.9 9.57255 34.7035 46.4861 1.82748
22 9.6161 34.692 46.5573 1.83904
22.1 9.65966 34.6804 46.6277 1.85064
22.2 9.70322 34.6687 46.6974 1.8623
22.3 9.74677 34.657 46.7663 1.87401
22.4 9.79032 34.6452 46.8345 1.88577
22.5 9.83387 34.6334 46.9019 1.89758
22.6 9.87741 34.6216 46.9686 1.90943
22.7 9.92096 34.6097 47.0346 1.92134
22.8 9.9645 34.5977 47.0999 1.9333
22.9 10.008 34.5857 47.1644 1.94531
23 10.0516 34.5736 47.2283 1.95736
23.1 10.0951 34.5615 47.2914 1.96947
23.2 10.1386 34.5494 47.3539 1.98163
23.3 10.1822 34.5372 47.4157 1.99383
23.4 10.2257 34.5249 47.4767 2.00609
23.5 10.2692 34.5126 47.5371 2.01839
23.6 10.3127 34.5003 47.5969 2.03075
23.7 10.3563 34.4878 47.6559 2.04315
23.8 10.3998 34.4754 47.7143 2.05561
23.9 10.4433 34.4629 47.7721 2.06811
24 10.4868 34.4503 47.8292 2.08066
24.1 10.5303 34.4377 47.8856 2.09326
24.2 10.5738 34.4251 47.9414 2.10591
24.3 10.6173 34.4124 47.9966 2.11861
24.4 10.6609 34.3996 48.0511 2.13136
24.5 10.7044 34.3868 48.105 2.14416
24.6 10.7479 34.374 48.1583 2.15701
24.7 10.7914 34.3611 48.211 2.1699
24.8 10.8349 34.3482 48.2631 2.18285
24.9 10.8783 34.3352 48.3146 2.19584
25 10.9218 34.3221 48.3654 2.20889
25.1 10.9653 34.309 48.4157 2.22198
25.2 11.0088 34.2959 48.4654 2.23512
25.3 11.0523 34.2827 48.5145 2.24831
25.4 11.0958 34.2695 48.563 2.26155
25.5 11.1393 34.2562 48.6109 2.27484
25.6 11.1827 34.2428 48.6583 2.28817
25.7 11.2262 34.2294 48.7051 2.30156
25.8 11.2697 34.216 48.7513 2.31499
25.9 11.3131 34.2025 48.797 2.32847
26 11.3566 34.189 48.8422 2.342
26.1 11.4001 34.1754 48.8867 2.35558
26.2 11.4435 34.1618 48.9308 2.36921
26.3 11.487 34.1481 48.9743 2.38289
26.4 11.5304 34.1344 49.0172 2.39661
26.5 11.5739 34.1206 49.0596 2.41038
26.6 11.6173 34.1068 49.1015 2.4242
26.7 11.6608 34.0929 49.1429 2.43807
26.8 11.7042 34.079 49.1838 2.45199
26.9 11.7477 34.065 49.2241 2.46596
27 11.7911 34.051 49.2639 2.47997
27.1 11.8346 34.037 49.3032 2.49403
27.2 11.878 34.0229 49.3421 2.50814
27.3 11.9214 34.0087 49.3804 2.5223
27.4 11.9649 33.9945 49.4182 2.53651
27.5 12.0083 33.9802 49.4555 2.55076
27.6 12.0517 33.9659 49.4924 2.56506
27.7 12.0951 33.9516 49.5287 2.57941
27.8 12.1385 33.9372 49.5646 2.59381
27.9 12.182 33.9227 49.6 2.60825
28 12.2254 33.9083 49.6349 2.62275
28.1 12.2688 33.8937 49.6694 2.63729
28.2 12.3122 33.8791 49.7034 2.65188
28.3 12.3556 33.8645 49.7369 2.66651
28.4 12.399 33.8498 49.77 2.68119
28.5 12.4424 33.8351 49.8026 2.69593
28.6 12.4858 33.8203 49.8348 2.7107
28.7 12.5292 33.8055 49.8665 2.72553
28.8 12.5726 33.7906 49.8978 2.7404
28.9 12.616 33.7757 49.9286 2.75532
29 12.6593 33.7607 49.959 2.77029
29.1 12.7027 33.7457 49.989 2.7853
29.2 12.7461 33.7306 50.0185 2.80036
29.3 12.7895 33.7155 50.0477 2.81547
29.4 12.8329 33.7004 50.0763 2.83063
29.5 12.8762 33.6852 50.1046 2.84583
29.6 12.9196 33.6699 50.1324 2.86108
29.7 12.963 33.6546 50.1599 2.87638
29.8 13.0063 33.6393 50.1869 2.89172
29.9 13.0497 33.6239 50.2135 2.90711
30 13.093 33.6085 50.2397 2.92255
30.1 13.1364 33.593 50.2655 2.93803
30.2 13.1797 33.5774 50.2909 2.95356
30.3 13.2231 33.5619 50.3159 2.96914
30.4 13.2664 33.5462 50.3405 2.98477
30.5 13.3098 33.5306 50.3648 3.00044
30.6 13.3531 33.5148 50.3886 3.01615
30.7 13.3964 33.4991 50.4121 3.03192
30.8 13.4398 33.4833 50.4351 3.04773
30.9 13.4831 33.4674 50.4578 3.06358
31 13.5264 33.4515 50.4801 3.07948
31.1 13.5697 33.4356 50.5021 3.09543
31.2 13.6131 33.4196 50.5237 3.11143
31.3 13.6564 33.4035 50.5449 3.12747
31.4 13.6997 33.3874 50.5657 3.14356
31.5 13.743 33.3713 50.5862 3.15969
31.6 13.7863 33.3551 50.6063 3.17587
31.7 13.8296 33.3389 50.6261 3.19209
31.8 13.8729 33.3226 50.6455 3.20836
31.9 13.9162 33.3063 50.6645 3.22468
32 13.9595 33.29 50.6832 3.24104
32.1 14.0028 33.2735 50.7016 3.25745
32.2 14.0461 33.2571 50.7196 3.27391
32.3 14.0893 33.2406 50.7373 3.29041
32.4 14.1326 33.224 50.7546 3.30695
32.5 14.1759 33.2075 50.7716 3.32354
32.6 14.2192 33.1908 50.7883 3.34018
32.7 14.2624 33.1741 50.8046 3.35686
32.8 14.3057 33.1574 50.8206 3.37359
32.9 14.349 33.1406 50.8363 3.39036
33 14.3922 33.1238 50.8516 3.40718
33.1 14.4355 33.107 50.8667 3.42405
33.2 14.4787 33.09 50.8814 3.44095
33.3 14.522 33.0731 50.8958 3.45791
33.4 14.5652 33.0561 50.9098 3.47491
33.5 14.6085 33.039 50.9236 3.49195
33.6 14.6517 33.022 50.937 3.50904
33.7 14.6949 33.0048 50.9502 3.52617
33.8 14.7382 32.9876 50.963 3.54335
33.9 14.7814 32.9704 50.9756 3.56058
34 14.8246 32.9532 50.9878 3.57785
34.1 14.8679 32.9358 50.9997 3.59516
34.2 14.9111 32.9185 51.0113 3.61252
34.3 14.9543 32.9011 51.0227 3.62992
34.4 14.9975 32.8836 51.0337 3.64737
34.5 15.0407 32.8661 51.0445 3.66486
34.6 15.0839 32.8486 51.0549 3.68239
34.7 15.1271 32.831 51.0651 3.69997
34.8 15.1703 32.8134 51.075 3.7176
34.9 15.2135 32.7957 51.0846 3.73527
35 15.2567 32.778 51.0939 3.75298
35.1 15.2999 32.7603 51.103 3.77074
35.2 15.3431 32.7425 51.1117 3.78854
35.3 15.3862 32.7246 51.1202 3.80639
35.4 15.4294 32.7067 51.1284 3.82428
35.5 15.4726 32.6888 51.1364 3.84221
35.6 15.5158 32.6708 51.144 3.86019
35.7 15.5589 32.6528 51.1514 3.87821
35.8 15.6021 32.6347 51.1586 3.89628
35.9 15.6452 32.6166 51.1654 3.91439
36 15.6884 32.5985 51.172 3.93254
36.1 15.7315 32.5803 51.1784 3.95074
36.2 15.7747 32.562 51.1845 3.96898
36.3 15.8178 32.5437 51.1903 3.98726
36.4 15.861 32.5254 51.1959 4.00559
36.5 15.9041 32.507 51.2012 4.02396
36.6 15.9472 32.4886 51.2063 4.04237
36.7 15.9904 32.4702 51.2111 4.06083
36.8 16.0335 32.4517 51.2157 4.07933
36.9 16.0766 32.4331 51.22 4.09788
37 16.1197 32.4145 51.2241 4.11646
37.1 16.1628 32.3959 51.2279 4.13509
37.2 16.2059 32.3772 51.2315 4.15377
37.3 16.249 32.3585 51.2348 4.17248
37.4 16.2921 32.3398 51.2379 4.19124
37.5 16.3352 32.321 51.2408 4.21005
37.6 16.3783 32.3021 51.2434 4.22889
37.7 16.4214 32.2832 51.2458 4.24778
37.8 16.4645 32.2643 51.248 4.26671
37.9 16.5076 32.2453 51.2499 4.28568
38 16.5506 32.2263 51.2517 4.3047
38.1 16.5937 32.2072 51.2531 4.32376
38.2 16.6368 32.1881 51.2544 4.34286
38.3 16.6798 32.169 51.2554 4.362
38.4 16.7229 32.1498 51.2562 4.38118
38.5 16.766 32.1306 51.2568 4.40041
38.6 16.809 32.1113 51.2572 4.41968
38.7 16.852 32.092 51.2573 4.43899
38.8 16.8951 32.0727 51.2572 4.45835
38.9 16.9381 32.0533 51.2569 4.47775
39 16.9812 32.0338 51.2564 4.49718
39.1 17.0242 32.0143 51.2557 4.51666
39.2 17.0672 31.9948 51.2548 4.53619
39.3 17.1102 31.9753 51.2536 4.55575
39.4 17.1533 31.9556 51.2523 4.57536
39.5 17.1963 31.936 51.2507 4.595
39.6 17.2393 31.9163 51.2489 4.61469
39.7 17.2823 31.8966 51.2469 4.63442
39.8 17.3253 31.8768 51.2448 4.65419
39.9 17.3683 31.857 51.2424 4.67401
40 17.4113 31.8371 51.2398 4.69386
40.1 17.4543 31.8172 51.237 4.71376
40.2 17.4972 31.7973 51.234 4.7337
40.3 17.5402 31.7773 51.2308 4.75368
40.4 17.5832 31.7573 51.2275 4.7737
40.5 17.6262 31.7372 51.2239 4.79376
40.6 17.6691 31.7171 51.2201 4.81386
40.7 17.7121 31.697 51.2161 4.834
40.8 17.755 31.6768 51.212 4.85419
40.9 17.798 31.6566 51.2076 4.87441
41 17.8409 31.6363 51.2031 4.89468
41.1 17.8839 31.616 51.1984 4.91498
41.2 17.9268 31.5957 51.1935 4.93533
41.3 17.9698 31.5753 51.1884 4.95572
41.4 18.0127 31.5549 51.1831 4.97615
41.5 18.0556 31.5344 51.1776 4.99662
41.6 18.0985 31.5139 51.172 5.01713
41.7 18.1415 31.4933 51.1662 5.03767
41.8 18.1844 31.4727 51.1602 5.05826
41.9 18.2273 31.4521 51.154 5.07889
42 18.2702 31.4314 51.1476 5.09956
42.1 18.3131 31.4107 51.1411 5.12028
42.2 18.356 31.39 51.1344 5.14103
42.3 18.3989 31.3692 51.1275 5.16182
42.4 18.4417 31.3484 51.1204 5.18265
42.5 18.4846 31.3275 51.1132 5.20352
42.6 18.5275 31.3066 51.1058 5.22443
42.7 18.5704 31.2856 51.0982 5.24538
42.8 18.6132 31.2646 51.0904 5.26637
42.9 18.6561 31.2436 51.0825 5.28739
43 18.699 31.2225 51.0744 5.30846
43.1 18.7418 31.2014 51.0662 5.32957
43.2 18.7847 31.1803 51.0578 5.35072
43.3 18.8275 31.1591 51.0492 5.3719
43.4 18.8703 31.1379 51.0404 5.39313
43.5 18.9132 31.1166 51.0315 5.4144
43.6 18.956 31.0953 51.0225 5.4357
43.7 18.9988 31.074 51.0133 5.45704
43.8 19.0416 31.0526 51.0039 5.47843
43.9 19.0844 31.0312 50.9943 5.49985
44 19.1272 31.0097 50.9846 5.52131
44.1 19.1701 30.9882 50.9748 5.54281
44.2 19.2128 30.9667 50.9647 5.56434
44.3 19.2556 30.9451 50.9546 5.58592
44.4 19.2984 30.9235 50.9443 5.60754
44.5 19.3412 30.9018 50.9338 5.62919
44.6 19.384 30.8801 50.9232 5.65088
44.7 19.4268 30.8584 50.9124 5.67261
44.8 19.4695 30.8366 50.9015 5.69438
44.9 19.5123 30.8148 50.8904 5.71619
45 19.5551 30.793 50.8791 5.73803
45.1 19.5978 30.7711 50.8678 5.75992
45.2 19.6406 30.7492 50.8563 5.78184
45.3 19.6833 30.7272 50.8446 5.8038
45.4 19.726 30.7052 50.8328 5.8258
45.5 19.7688 30.6832 50.8208 5.84783
45.6 19.8115 30.6611 50.8087 5.86991
45.7 19.8542 30.639 50.7965 5.89202
45.8 19.8969 30.6168 50.7841 5.91417
45.9 19.9396 30.5946 50.7716 5.93635
46 19.9823 30.5724 50.7589 5.95858
46.1 20.025 30.5502 50.7461 5.98084
46.2 20.0677 30.5279 50.7332 6.00314
46.3 20.1104 30.5055 50.7201 6.02547
46.4 20.1531 30.4832 50.7069 6.04785
46.5 20.1958 30.4607 50.6935 6.07026
46.6 20.2385 30.4383 50.68 6.09271
46.7 20.2811 30.4158 50.6664 6.11519
46.8 20.3238 30.3933 50.6527 6.13771
46.9 20.3665 30.3707 50.6388 6.16027
47 20.4091 30.3481 50.6248 6.18287
47.1 20.4518 30.3255 50.6106 6.2055
47.2 20.4944 30.3028 50.5963 6.22817
47.3 20.537 30.2801 50.5819 6.25088
47.4 20.5797 30.2574 50.5674 6.27362
47.5 20.6223 30.2346 50.5527 6.2964
47.6 20.6649 30.2118 50.5379 6.31921
47.7 20.7075 30.1889 50.523 6.34207
47.8 20.7501 30.166 50.5079 6.36495
47.9 20.7928 30.1431 50.4928 6.38788
48 20.8354 30.1202 50.4775 6.41084
48.1 20.8779 30.0972 50.462 6.43384
48.2 20.9205 30.0741 50.4465 6.45687
48.3 20.9631 30.0511 50.4308 6.47994
48.4 21.0057 30.028 50.415 6.50304
48.5 21.0483 30.0048 50.3991 6.52618
48.6 21.0908 29.9816 50.3831 6.54936
48.7 21.1334 29.9584 50.3669 6.57257
48.8 21.1759 29.9352 50.3507 6.59582
48.9 21.2185 29.9119 50.3343 6.6191
49 21.261 29.8886 50.3178 6.64242
49.1 21.3036 29.8652 50.3011 6.66578
49.2 21.3461 29.8418 50.2844 6.68917
49.3 21.3886 29.8184 50.2675 6.71259
49.4 21.4311 29.7949 50.2505 6.73605
49.5 21.4736 29.7715 50.2334 6.75955
49.6 21.5162 29.7479 50.2162 6.78308
49.7 21.5587 29.7244 50.1989 6.80664
49.8 21.6012 29.7008 50.1815 6.83024
49.9 21.6436 29.6771 50.1639 6.85388
50 21.6861 29.6535 50.1463 6.87754
50.1 21.7286 29.6298 50.1285 6.90125
50.2 21.7711 29.606 50.1106 6.92499
50.3 21.8135 29.5822 50.0926 6.94876
50.4 21.856 29.5584 50.0745 6.97257
50.5 21.8985 29.5346 50.0563 6.99641
50.6 21.9409 29.5107 50.038 7.02029
50.7 21.9833 29.4868 50.0196 7.0442
50.8 22.0258 29.4629 50.0011 7.06814
50.9 22.0682 29.4389 49.9824 7.09212
51 22.1106 29.4149 49.9637 7.11614
51.1 22.153 29.3908 49.9448 7.14018
51.2 22.1955 29.3667 49.9259 7.16427
51.3 22.2379 29.3426 49.9068 7.18838
51.4 22.2803 29.3185 49.8877 7.21253
51.5 22.3227 29.2943 49.8684 7.23671
51.6 22.365 29.2701 49.849 7.26093
51.7 22.4074 29.2458 49.8296 7.28518
51.8 22.4498 29.2215 49.81 7.30946
51.9 22.4922 29.1972 49.7903 7.33378
52 22.5345 29.1729 49.7705 7.35813
52.1 22.5769 29.1485 49.7507 7.38251
52.2 22.6192 29.1241 49.7307 7.40692
52.3 22.6616 29.0996 49.7106 7.43137
52.4 22.7039 29.0751 49.6904 7.45586
52.5 22.7462 29.0506 49.6702 7.48037
52.6 22.7886 29.0261 49.6498 7.50492
52.7 22.8309 29.0015 49.6294 7.5295
52.8 22.8732 28.9769 49.6088 7.55411
52.9 22.9155 28.9522 49.5881 7.57876
53 22.9578 28.9276 49.5674 7.60344
53.1 23.0001 28.9029 49.5465 7.62815
53.2 23.0424 28.8781 49.5256 7.65289
53.3 23.0846 28.8533 49.5046 7.67767
53.4 23.1269 28.8285 49.4835 7.70247
53.5 23.1692 28.8037 49.4622 7.72731
53.6 23.2114 28.7788 49.4409 7.75219
53.7 23.2537 28.7539 49.4195 7.77709
53.8 23.2959 28.729 49.398 7.80203
53.9 23.3382 28.704 49.3764 7.827
54 23.3804 28.679 49.3548 7.85199
54.1 23.4226 28.654 49.333 7.87703
54.2 23.4648 28.6289 49.3111 7.90209
54.3 23.507 28.6038 49.2892 7.92718
54.4 23.5493 28.5787 49.2672 7.95231
54.5 23.5915 28.5535 49.245 7.97747
54.6 23.6336 28.5283 49.2228 8.00266
54.7 23.6758 28.5031 49.2005 8.02788
54.8 23.718 28.4779 49.1781 8.05313
54.9 23.7602 28.4526 49.1557 8.07841
55 23.8023 28.4273 49.1331 8.10373
55.1 23.8445 28.4019 49.1105 8.12907
55.2 23.8866 28.3766 49.0877 8.15445
55.3 23.9288 28.3511 49.0649 8.17985
55.4 23.9709 28.3257 49.042 8.20529
55.5 24.0131 28.3002 49.0191 8.23076
55.6 24.0552 28.2747 48.996 8.25625
55.7 24.0973 28.2492 48.9728 8.28178
55.8 24.1394 28.2237 48.9496 8.30734
55.9 24.1815 28.1981 48.9263 8.33293
56 24.2236 28.1724 48.9029 8.35855
56.1 24.2657 28.1468 48.8794 8.3842
56.2 24.3078 28.1211 48.8559 8.40988
56.3 24.3498 28.0954 48.8322 8.43559
56.4 24.3919 28.0697 48.8085 8.46133
56.5 24.4339 28.0439 48.7847 8.4871
56.6 24.476 28.0181 48.7608 8.5129
56.7 24.518 27.9923 48.7369 8.53873
56.8 24.5601 27.9664 48.7128 8.56459
56.9 24.6021 27.9405 48.6887 8.59048
57 24.6441 27.9146 48.6645 8.6164
57.1 24.6861 27.8887 48.6403 8.64234
57.2 24.7281 27.8627 48.6159 8.66832
57.3 24.7701 27.8367 48.5915 8.69433
57.4 24.8121 27.8106 48.567 8.72036
57.5 24.8541 27.7846 48.5424 8.74642
57.6 24.8961 27.7585 48.5178 8.77252
57.7 24.9381 27.7324 48.493 8.79864
57.8 24.98 27.7062 48.4682 8.82479
57.9 25.022 27.68 48.4434 8.85097
58 25.0639 27.6538 48.4184 8.87718
58.1 25.1059 27.6276 48.3934 8.90342
58.2 25.1478 27.6013 48.3683 8.92968
58.3 25.1897 27.575 48.3431 8.95597
58.4 25.2316 27.5487 48.3179 8.9823
58.5 25.2736 27.5224 48.2926 9.00865
58.6 25.3155 27.496 48.2672 9.03503
58.7 25.3573 27.4696 48.2417 9.06143
58.8 25.3992 27.4431 48.2162 9.08787
58.9 25.4411 27.4167 48.1906 9.11433
59 25.483 27.3902 48.1649 9.14082
59.1 25.5248 27.3637 48.1392 9.16734
59.2 25.5667 27.3371 48.1133 9.19389
59.3 25.6085 27.3105 48.0875 9.22046
59.4 25.6504 27.2839 48.0615 9.24706
59.5 25.6922 27.2573 48.0355 9.27369
59.6 25.734 27.2307 48.0094 9.30035
59.7 25.7759 27.204 47.9832 9.32703
59.8 25.8177 27.1773 47.957 9.35374
59.9 25.8595 27.1505 47.9307 9.38048
60 25.9012 27.1238 47.9043 9.40724
60.1 25.943 27.097 47.8779 9.43404
60.2 25.9848 27.0701 47.8514 9.46085
60.3 26.0266 27.0433 47.8249 9.4877
60.4 26.0683 27.0164 47.7982 9.51457
60.5 26.1101 26.9895 47.7715 9.54147
60.6 26.1518 26.9626 47.7448 9.5684
60.7 26.1936 26.9357 47.7179 9.59535
60.8 26.2353 26.9087 47.6911 9.62233
60.9 26.277 26.8817 47.6641 9.64933
61 26.3187 26.8546 47.6371 9.67636
61.1 26.3604 26.8276 47.61 9.70342
61.2 26.4021 26.8005 47.5828 9.7305
61.3 26.4438 26.7734 47.5556 9.75761
61.4 26.4855 26.7463 47.5283 9.78475
61.5 26.5271 26.7191 47.501 9.81191
61.6 26.5688 26.6919 47.4736 9.8391
61.7 26.6105 26.6647 47.4461 9.86631
61.8 26.6521 26.6375 47.4186 9.89355
61.9 26.6937 26.6102 47.391 9.92081
62 26.7354 26.5829 47.3634 9.9481
62.1 26.777 26.5556 47.3357 9.97542
62.2 26.8186 26.5282 47.3079 10.0028
62.3 26.8602 26.5009 47.2801 10.0301
62.4 26.9018 26.4735 47.2522 10.0575
62.5 26.9434 26.4461 47.2242 10.0849
62.6 26.9849 26.4186 47.1962 10.1124
62.7 27.0265 26.3912 47.1681 10.1398
62.8 27.0681 26.3637 47.14 10.1673
62.9 27.1096 26.3362 47.1118 10.1948
63 27.1511 26.3086 47.0836 10.2224
63.1 27.1927 26.2811 47.0553 10.2499
63.2 27.2342 26.2535 47.0269 10.2775
63.3 27.2757 26.2259 46.9985 10.3051
63.4 27.3172 26.1982 46.97 10.3328
63.5 27.3587 26.1706 46.9414 10.3604
63.6 27.4002 26.1429 46.9128 10.3881
63.7 27.4417 26.1152 46.8842 10.4158
63.8 27.4831 26.0874 46.8555 10.4436
63.9 27.5246 26.0597 46.8267 10.4713
64 27.566 26.0319 46.7979 10.4991
64.1 27.6075 26.0041 46.769 10.5269
64.2 27.6489 25.9763 46.7401 10.5547
64.3 27.6903 25.9484 46.7111 10.5826
64.4 27.7318 25.9206 46.682 10.6104
64.5 27.7732 25.8927 46.6529 10.6383
64.6 27.8146 25.8647 46.6238 10.6663
64.7 27.8559 25.8368 46.5946 10.6942
64.8 27.8973 25.8088 46.5653 10.7222
64.9 27.9387 25.7808 46.536 10.7502
65 27.9801 25.7528 46.5066 10.7782
65.1 28.0214 25.7248 46.4772 10.8062
65.2 28.0627 25.6967 46.4477 10.8343
65.3 28.1041 25.6686 46.4182 10.8624
65.4 28.1454 25.6405 46.3886 10.8905
65.5 28.1867 25.6124 46.359 10.9186
65.6 28.228 25.5843 46.3293 10.9467
65.7 28.2693 25.5561 46.2995 10.9749
65.8 28.3106 25.5279 46.2697 11.0031
65.9 28.3519 25.4997 46.2399 11.0313
66 28.3931 25.4715 46.21 11.0595
66.1 28.4344 25.4432 46.18 11.0878
66.2 28.4756 25.4149 46.1501 11.1161
66.3 28.5169 25.3866 46.12 11.1444
66.4 28.5581 25.3583 46.0899 11.1727
66.5 28.5993 25.3299 46.0597 11.2011
66.6 28.6405 25.3016 46.0295 11.2294
66.7 28.6817 25.2732 45.9993 11.2578
66.8 28.7229 25.2448 45.969 11.2862
66.9 28.7641 25.2163 45.9386 11.3147
67 28.8052 25.1879 45.9082 11.3431
67.1 28.8464 25.1594 45.8778 11.3716
67.2 28.8875 25.1309 45.8473 11.4001
67.3 28.9287 25.1024 45.8168 11.4286
67.4 28.9698 25.0739 45.7862 11.4571
67.5 29.0109 25.0453 45.7555 11.4857
67.6 29.052 25.0167 45.7248 11.5143
67.7 29.0931 24.9881 45.6941 11.5429
67.8 29.1342 24.9595 45.6633 11.5715
67.9 29.1753 24.9309 45.6325 11.6001
68 29.2163 24.9022 45.6016 11.6288
68.1 29.2574 24.8735 45.5707 11.6575
68.2 29.2984 24.8448 45.5397 11.6862
68.3 29.3395 24.8161 45.5087 11.7149
68.4 29.3805 24.7874 45.4776 11.7436
68.5 29.4215 24.7586 45.4465 11.7724
68.6 29.4625 24.7298 45.4153 11.8012
68.7 29.5035 24.701 45.3841 11.83
68.8 29.5445 24.6722 45.3529 11.8588
68.9 29.5855 24.6434 45.3216 11.8876
69 29.6264 24.6145 45.2902 11.9165
69.1 29.6674 24.5857 45.2588 11.9453
69.2 29.7083 24.5568 45.2274 11.9742
69.3 29.7493 24.5278 45.1959 12.0032
69.4 29.7902 24.4989 45.1644 12.0321
69.5 29.8311 24.47 45.1328 12.061
69.6 29.872 24.441 45.1012 12.09
69.7 29.9129 24.412 45.0696 12.119
69.8 29.9538 24.383 45.0379 12.148
69.9 29.9946 24.354 45.0061 12.177
70 30.0355 24.3249 44.9743 12.2061
70.1 30.0763 24.2958 44.9425 12.2352
70.2 30.1172 24.2668 44.9106 12.2642
70.3 30.158 24.2377 44.8787 12.2933
70.4 30.1988 24.2085 44.8468 12.3225
70.5 30.2396 24.1794 44.8148 12.3516
70.6 30.2804 24.1502 44.7827 12.3808
70.7 30.3212 24.1211 44.7506 12.4099
70.8 30.3619 24.0919 44.7185 12.4391
70.9 30.4027 24.0627 44.6863 12.4683
71 30.4434 24.0334 44.6541 12.4976
71.1 30.4842 24.0042 44.6219 12.5268
71.2 30.5249 23.9749 44.5896 12.5561
71.3 30.5656 23.9456 44.5572 12.5854
71.4 30.6063 23.9163 44.5249 12.6147
71.5 30.647 23.887 44.4925 12.644
71.6 30.6877 23.8577 44.46 12.6733
71.7 30.7284 23.8284 44.4275 12.7026
71.8 30.769 23.799 44.395 12.732
71.9 30.8097 23.7696 44.3624 12.7614
72 30.8503 23.7402 44.3298 12.7908
72.1 30.8909 23.7108 44.2971 12.8202
72.2 30.9315 23.6814 44.2644 12.8496
72.3 30.9721 23.6519 44.2317 12.8791
72.4 31.0127 23.6224 44.1989 12.9086
72.5 31.0533 23.593 44.1661 12.938
72.6 31.0938 23.5635 44.1332 12.9675
72.7 31.1344 23.5339 44.1003 12.9971
72.8 31.1749 23.5044 44.0674 13.0266
72.9 31.2155 23.4749 44.0344 13.0561
73 31.256 23.4453 44.0014 13.0857
73.1 31.2965 23.4157 43.9684 13.1153
73.2 31.337 23.3861 43.9353 13.1449
73.3 31.3775 23.3565 43.9022 13.1745
73.4 31.4179 23.3269 43.869 13.2041
73.5 31.4584 23.2973 43.8358 13.2337
73.6 31.4988 23.2676 43.8026 13.2634
73.7 31.5393 23.2379 43.7693 13.2931
73.8 31.5797 23.2082 43.736 13.3228
73.9 31.6201 23.1785 43.7026 13.3525
74 31.6605 23.1488 43.6692 13.3822
74.1 31.7009 23.1191 43.6358 13.4119
74.2 31.7412 23.0894 43.6023 13.4416
74.3 31.7816 23.0596 43.5689 13.4714
74.4 31.8219 23.0298 43.5353 13.5012
74.5 31.8623 23 43.5017 13.531
74.6 31.9026 22.9702 43.4681 13.5608
74.7 31.9429 22.9404 43.4345 13.5906
74.8 31.9832 22.9106 43.4008 13.6204
74.9 32.0235 22.8807 43.3671 13.6503
75 32.0637 22.8509 43.3334 13.6801
75.1 32.104 22.821 43.2996 13.71
75.2 32.1443 22.7911 43.2658 13.7399
75.3 32.1845 22.7612 43.2319 13.7698
75.4 32.2247 22.7313 43.198 13.7997
75.5 32.2649 22.7014 43.1641 13.8296
75.6 32.3051 22.6714 43.1301 13.8596
75.7 32.3453 22.6415 43.0961 13.8895
75.8 32.3855 22.6115 43.0621 13.9195
75.9 32.4256 22.5815 43.0281 13.9495
76 32.4658 22.5515 42.994 13.9795
76.1 32.5059 22.5215 42.9598 14.0095
76.2 32.546 22.4915 42.9257 14.0395
76.3 32.5861 22.4614 42.8915 14.0696
76.4 32.6262 22.4314 42.8572 14.0996
76.5 32.6663 22.4013 42.823 14.1297
76.6 32.7063 22.3713 42.7887 14.1597
76.7 32.7464 22.3412 42.7543 14.1898
76.8 32.7864 22.3111 42.72 14.2199
76.9 32.8265 22.281 42.6856 14.25
77 32.8665 22.2508 42.6511 14.2802
77.1 32.9065 22.2207 42.6167 14.3103
77.2 32.9464 22.1906 42.5822 14.3404
77.3 32.9864 22.1604 42.5477 14.3706
77.4 33.0264 22.1302 42.5131 14.4008
77.5 33.0663 22.1001 42.4785 14.4309
77.6 33.1062 22.0699 42.4439 14.4611
77.7 33.1462 22.0397 42.4092 14.4913
77.8 33.1861 22.0094 42.3745 14.5216
77.9 33.2259 21.9792 42.3398 14.5518
78 33.2658 21.949 42.3051 14.582
78.1 33.3057 21.9187 42.2703 14.6123
78.2 33.3455 21.8885 42.2355 14.6425
78.3 33.3854 21.8582 42.2006 14.6728
78.4 33.4252 21.8279 42.1657 14.7031
78.5 33.465 21.7976 42.1308 14.7334
78.6 33.5048 21.7673 42.0959 14.7637
78.7 33.5445 21.737 42.0609 14.794
78.8 33.5843 21.7067 42.0259 14.8243
78.9 33.6241 21.6763 41.9909 14.8547
79 33.6638 21.646 41.9558 14.885
79.1 33.7035 21.6156 41.9207 14.9154
79.2 33.7432 21.5852 41.8856 14.9458
79.3 33.7829 21.5549 41.8504 14.9761
79.4 33.8226 21.5245 41.8153 15.0065
79.5 33.8622 21.4941 41.78 15.0369
79.6 33.9019 21.4637 41.7448 15.0673
79.7 33.9415 21.4333 41.7095 15.0977
79.8 33.9811 21.4028 41.6742 15.1282
79.9 34.0207 21.3724 41.6389 15.1586
80 34.0603 21.3419 41.6035 15.1891
80.1 34.0999 21.3115 41.5681 15.2195
80.2 34.1395 21.281 41.5327 15.25
80.3 34.179 21.2505 41.4973 15.2805
80.4 34.2185 21.2201 41.4618 15.3109
80.5 34.258 21.1896 41.4263 15.3414
80.6 34.2975 21.1591 41.3908 15.3719
80.7 34.337 21.1286 41.3552 15.4024
80.8 34.3765 21.098 41.3196 15.433
80.9 34.4159 21.0675 41.284 15.4635
81 34.4554 21.037 41.2483 15.494
81.1 34.4948 21.0064 41.2127 15.5246
81.2 34.5342 20.9759 41.1769 15.5551
81.3 34.5736 20.9453 41.1412 15.5857
81.4 34.613 20.9147 41.1054 15.6163
81.5 34.6523 20.8842 41.0697 15.6468
81.6 34.6917 20.8536 41.0338 15.6774
81.7 34.731 20.823 40.998 15.708
81.8 34.7703 20.7924 40.9621 15.7386
81.9 34.8096 20.7618 40.9262 15.7692
82 34.8489 20.7312 40.8903 15.7998
82.1 34.8882 20.7005 40.8543 15.8305
82.2 34.9274 20.6699 40.8184 15.8611
82.3 34.9667 20.6393 40.7824 15.8917
82.4 35.0059 20.6086 40.7463 15.9224
82.5 35.0451 20.578 40.7103 15.953
82.6 35.0843 20.5473 40.6742 15.9837
82.7 35.1234 20.5166 40.6381 16.0144
82.8 35.1626 20.486 40.6019 16.045
82.9 35.2017 20.4553 40.5657 16.0757
83 35.2409 20.4246 40.5296 16.1064
83.1 35.28 20.3939 40.4933 16.1371
83.2 35.3191 20.3632 40.4571 16.1678
83.3 35.3581 20.3325 40.4208 16.1985
83.4 35.3972 20.3018 40.3845 16.2292
83.5 35.4362 20.2711 40.3482 16.2599
83.6 35.4753 20.2403 40.3118 16.2907
83.7 35.5143 20.2096 40.2755 16.3214
83.8 35.5533 20.1789 40.2391 16.3521
83.9 35.5922 20.1481 40.2026 16.3829
84 35.6312 20.1174 40.1662 16.4136
84.1 35.6701 20.0866 40.1297 16.4444
84.2 35.7091 20.0559 40.0932 16.4751
84.3 35.748 20.0251 40.0567 16.5059
84.4 35.7869 19.9943 40.0201 16.5367
84.5 35.8257 19.9636 39.9835 16.5674
84.6 35.8646 19.9328 39.9469 16.5982
84.7 35.9034 19.902 39.9103 16.629
84.8 35.9422 19.8712 39.8737 16.6598
84.9 35.9811 19.8404 39.837 16.6906
85 36.0198 19.8096 39.8003 16.7214
85.1 36.0586 19.7788 39.7636 16.7522
85.2 36.0974 19.748 39.7268 16.783
85.3 36.1361 19.7172 39.69 16.8138
85.4 36.1748 19.6863 39.6532 16.8447
85.5 36.2135 19.6555 39.6164 16.8755
85.6 36.2522 19.6247 39.5796 16.9063
85.7 36.2909 19.5939 39.5427 16.9371
85.8 36.3295 19.563 39.5058 16.968
85.9 36.3681 19.5322 39.4689 16.9988
86 36.4067 19.5013 39.4319 17.0297
86.1 36.4453 19.4705 39.395 17.0605
86.2 36.4839 19.4396 39.358 17.0914
86.3 36.5225 19.4088 39.321 17.1222
86.4 36.561 19.3779 39.2839 17.1531
86.5 36.5995 19.3471 39.2469 17.1839
86.6 36.638 19.3162 39.2098 17.2148
86.7 36.6765 19.2853 39.1727 17.2457
86.8 36.715 19.2545 39.1356 17.2765
86.9 36.7534 19.2236 39.0984 17.3074
87 36.7919 19.1927 39.0612 17.3383
87.1 36.8303 19.1618 39.024 17.3692
87.2 36.8687 19.1309 38.9868 17.4001
87.3 36.907 19.1001 38.9496 17.4309
87.4 36.9454 19.0692 38.9123 17.4618
87.5 36.9837 19.0383 38.875 17.4927
87.6 37.022 19.0074 38.8377 17.5236
87.7 37.0603 18.9765 38.8004 17.5545
87.8 37.0986 18.9456 38.763 17.5854
87.9 37.1369 18.9147 38.7257 17.6163
88 37.1751 18.8838 38.6883 17.6472
88.1 37.2133 18.8529 38.6508 17.6781
88.2 37.2515 18.822 38.6134 17.709
88.3 37.2897 18.7911 38.5759 17.7399
88.4 37.3279 18.7602 38.5385 17.7708
88.5 37.366 18.7293 38.5009 17.8017
88.6 37.4041 18.6984 38.4634 17.8326
88.7 37.4422 18.6674 38.4259 17.8636
88.8 37.4803 18.6365 38.3883 17.8945
88.9 37.5184 18.6056 38.3507 17.9254
89 37.5564 18.5747 38.3131 17.9563
89.1 37.5945 18.5438 38.2755 17.9872
89.2 37.6325 18.5129 38.2378 18.0181
89.3 37.6705 18.4819 38.2001 18.0491
89.4 37.7084 18.451 38.1624 18.08
89.5 37.7464 18.4201 38.1247 18.1109
89.6 37.7843 18.3892 38.087 18.1418
89.7 37.8222 18.3583 38.0492 18.1727
89.8 37.8601 18.3273 38.0114 18.2037
89.9 37.898 18.2964 37.9736 18.2346
90 37.9358 18.2655 37.9358 18.2655
90.1 37.9736 18.2346 37.898 18.2964
90.2 38.0114 18.2037 37.8601 18.3273
90.3 38.0492 18.1727 37.8222 18.3583
90.4 38.087 18.1418 37.7843 18.3892
90.5 38.1247 18.1109 37.7464 18.4201
90.6 38.1624 18.08 37.7084 18.451
90.7 38.2001 18.0491 37.6705 18.4819
90.8 38.2378 18.0181 37.6325 18.5129
90.9 38.2755 17.9872 37.5945 18.5438
91 38.3131 17.9563 37.5564 18.5747
91.1 38.3507 17.9254 37.5184 18.6056
91.2 38.3883 17.8945 37.4803 18.6365
91.3 38.4259 17.8636 37.4422 18.6674
91.4 38.4634 17.8326 37.4041 18.6984
91.5 38.5009 17.8017 37.366 18.7293
91.6 38.5385 17.7708 37.3279 18.7602
91.7 38.5759 17.7399 37.2897 18.7911
91.8 38.6134 17.709 37.2515 18.822
91.9 38.6508 17.6781 37.2133 18.8529
92 38.6883 17.6472 37.1751 18.8838
92.1 38.7257 17.6163 37.1369 18.9147
92.2 38.763 17.5854 37.0986 18.9456
92.3 38.8004 17.5545 37.0603 18.9765
92.4 38.8377 17.5236 37.022 19.0074
92.5 38.875 17.4927 36.9837 19.0383
92.6 38.9123 17.4618 36.9454 19.0692
92.7 38.9496 17.4309 36.907 19.1001
92.8 38.9868 17.4001 36.8687 19.1309
92.9 39.024 17.3692 36.8303 19.1618
93 39.0612 17.3383 36.7919 19.1927
93.1 39.0984 17.3074 36.7534 19.2236
93.2 39.1356 17.2765 36.715 19.2545
93.3 39.1727 17.2457 36.6765 19.2853
93.4 39.2098 17.2148 36.638 19.3162
93.5 39.2469 17.1839 36.5995 19.3471
93.6 39.2839 17.1531 36.561 19.3779
93.7 39.321 17.1222 36.5225 19.4088
93.8 39.358 17.0914 36.4839 19.4396
93.9 39.395 17.0605 36.4453 19.4705
94 39.4319 17.0297 36.4067 19.5013
94.1 39.4689 16.9988 36.3681 19.5322
94.2 39.5058 16.968 36.3295 19.563
94.3 39.5427 16.9371 36.2909 19.5939
94.4 39.5796 16.9063 36.2522 19.6247
94.5 39.6164 16.8755 36.2135 19.6555
94.6 39.6532 16.8447 36.1748 19.6863
94.7 39.69 16.8138 36.1361 19.7172
94.8 39.7268 16.783 36.0974 19.748
94.9 39.7636 16.7522 36.0586 19.7788
95 39.8003 16.7214 36.0198 19.8096
95.1 39.837 16.6906 35.9811 19.8404
95.2 39.8737 16.6598 35.9422 19.8712
95.3 39.9103 16.629 35.9034 19.902
95.4 39.9469 16.5982 35.8646 19.9328
95.5 39.9835 16.5674 35.8257 19.9636
95.6 40.0201 16.5367 35.7869 19.9943
95.7 40.0567 16.5059 35.748 20.0251
95.8 40.0932 16.4751 35.7091 20.0559
95.9 40.1297 16.4444 35.6701 20.0866
96 40.1662 16.4136 35.6312 20.1174
96.1 40.2026 16.3829 35.5922 20.1481
96.2 40.2391 16.3521 35.5533 20.1789
96.3 40.2755 16.3214 35.5143 20.2096
96.4 40.3118 16.2907 35.4753 20.2403
96.5 40.3482 16.2599 35.4362 20.2711
96.6 40.3845 16.2292 35.3972 20.3018
96.7 40.4208 16.1985 35.3581 20.3325
96.8 40.4571 16.1678 35.3191 20.3632
96.9 40.4933 16.1371 35.28 20.3939
97 40.5296 16.1064 35.2409 20.4246
97.1 40.5657 16.0757 35.2017 20.4553
97.2 40.6019 16.045 35.1626 20.486
97.3 40.6381 16.0144 35.1234 20.5166
97.4 40.6742 15.9837 35.0843 20.5473
97.5 40.7103 15.953 35.0451 20.578
97.6 40.7463 15.9224 35.0059 20.6086
97.7 40.7824 15.8917 34.9667 20.6393
97.8 40.8184 15.8611 34.9274 20.6699
97.9 40.8543 15.8305 34.8882 20.7005
98 40.8903 15.7998 34.8489 20.7312
98.1 40.9262 15.7692 34.8096 20.7618
98.2 40.9621 15.7386 34.7703 20.7924
98.3 40.998 15.708 34.731 20.823
98.4 41.0338 15.6774 34.6917 20.8536
98.5 41.0697 15.6468 34.6523 20.8842
98.6 41.1054 15.6163 34.613 20.9147
98.7 41.1412 15.5857 34.5736 20.9453
98.8 41.1769 15.5551 34.5342 20.9759
98.9 41.2127 15.5246 34.4948 21.0064
99 41.2483 15.494 34.4554 21.037
99.1 41.284 15.4635 34.4159 21.0675
99.2 41.3196 15.433 34.3765 21.098
99.3 41.3552 15.4024 34.337 21.1286
99.4 41.3908 15.3719 34.2975 21.1591
99.5 41.4263 15.3414 34.258 21.1896
99.6 41.4618 15.3109 34.2185 21.2201
99.7 41.4973 15.2805 34.179 21.2505
99.8 41.5327 15.25 34.1395 21.281
99.9 41.5681 15.2195 34.0999 21.3115
100 41.6035 15.1891 34.0603 21.3419
100.1 41.6389 15.1586 34.0207 21.3724
100.2 41.6742 15.1282 33.9811 21.4028
100.3 41.7095 15.0977 33.9415 21.4333
100.4 41.7448 15.0673 33.9019 21.4637
100.5 41.78 15.0369 33.8622 21.4941
100.6 41.8153 15.0065 33.8226 21.5245
100.7 41.8504 14.9761 33.7829 21.5549
100.8 41.8856 14.9458 33.7432 21.5852
100.9 41.9207 14.9154 33.7035 21.6156
101 41.9558 14.885 33.6638 21.646
101.1 41.9909 14.8547 33.6241 21.6763
101.2 42.0259 14.8243 33.5843 21.7067
101.3 42.0609 14.794 33.5445 21.737
101.4 42.0959 14.7637 33.5048 21.7673
101.5 42.1308 14.7334 33.465 21.7976
101.6 42.1657 14.7031 33.4252 21.8279
101.7 42.2006 14.6728 33.3854 21.8582
101.8 42.2355 14.6425 33.3455 21.8885
101.9 42.2703 14.6123 33.3057 21.9187
102 42.3051 14.582 33.2658 21.949
102.1 42.3398 14.5518 33.2259 21.9792
102.2 42.3745 14.5216 33.1861 22.0094
102.3 42.4092 14.4913 33.1462 22.0397
102.4 42.4439 14.4611 33.1062 22.0699
102.5 42.4785 14.4309 33.0663 22.1001
102.6 42.5131 14.4008 33.0264 22.1302
102.7 42.5477 14.3706 32.9864 22.1604
102.8 42.5822 14.3404 32.9464 22.1906
102.9 42.6167 14.3103 32.9065 22.2207
103 42.6511 14.2802 32.8665 22.2508
103.1 42.6856 14.25 32.8265 22.281
103.2 42.72 14.2199 32.7864 22.3111
103.3 42.7543 14.1898 32.7464 22.3412
103.4 42.7887 14.1597 32.7063 22.3713
103.5 42.823 14.1297 32.6663 22.4013
103.6 42.8572 14.0996 32.6262 22.4314
103.7 42.8915 14.0696 32.5861 22.4614
103.8 42.9257 14.0395 32.546 22.4915
103.9 42.9598 14.0095 32.5059 22.5215
104 42.994 13.9795 32.4658 22.5515
104.1 43.0281 13.9495 32.4256 22.5815
104.2 43.0621 13.9195 32.3855 22.6115
104.3 43.0961 13.8895 32.3453 22.6415
104.4 43.1301 13.8596 32.3051 22.6714
104.5 43.1641 13.8296 32.2649 22.7014
104.6 43.198 13.7997 32.2247 22.7313
104.7 43.2319 13.7698 32.1845 22.7612
104.8 43.2658 13.7399 32.1443 22.7911
104.9 43.2996 13.71 32.104 22.821
105 43.3334 13.6801 32.0637 22.8509
105.1 43.3671 13.6503 32.0235 22.8807
105.2 43.4008 13.6204 31.9832 22.9106
105.3 43.4345 13.5906 31.9429 22.9404
105.4 43.4681 13.5608 31.9026 22.9702
105.5 43.5017 13.531 31.8623 23
105.6 43.5353 13.5012 31.8219 23.0298
105.7 43.5689 13.4714 31.7816 23.0596
105.8 43.6023 13.4416 31.7412 23.0894
105.9 43.6358 13.4119 31.7009 23.1191
106 43.6692 13.3822 31.6605 23.1488
106.1 43.7026 13.3525 31.6201 23.1785
106.2 43.736 13.3228 31.5797 23.2082
106.3 43.7693 13.2931 31.5393 23.2379
106.4 43.8026 13.2634 31.4988 23.2676
106.5 43.8358 13.2337 31.4584 23.2973
106.6 43.869 13.2041 31.4179 23.3269
106.7 43.9022 13.1745 31.3775 23.3565
106.8 43.9353 13.1449 31.337 23.3861
106.9 43.9684 13.1153 31.2965 23.4157
107 44.0014 13.0857 31.256 23.4453
107.1 44.0344 13.0561 31.2155 23.4749
107.2 44.0674 13.0266 31.1749 23.5044
107.3 44.1003 12.9971 31.1344 23.5339
107.4 44.1332 12.9675 31.0938 23.5635
107.5 44.1661 12.938 31.0533 23.593
107.6 44.1989 12.9086 31.0127 23.6224
107.7 44.2317 12.8791 30.9721 23.6519
107.8 44.2644 12.8496 30.9315 23.6814
107.9 44.2971 12.8202 30.8909 23.7108
108 44.3298 12.7908 30.8503 23.7402
108.1 44.3624 12.7614 30.8097 23.7696
108.2 44.395 12.732 30.769 23.799
108.3 44.4275 12.7026 30.7284 23.8284
108.4 44.46 12.6733 30.6877 23.8577
108.5 44.4925 12.644 30.647 23.887
108.6 44.5249 12.6147 30.6063 23.9163
108.7 44.5572 12.5854 30.5656 23.9456
108.8 44.5896 12.5561 30.5249 23.9749
108.9 44.6219 12.5268 30.4842 24.0042
109 44.6541 12.4976 30.4434 24.0334
109.1 44.6863 12.4683 30.4027 24.0627
109.2 44.7185 12.4391 30.3619 24.0919
109.3 44.7506 12.4099 30.3212 24.1211
109.4 44.7827 12.3808 30.2804 24.1502
109.5 44.8148 12.3516 30.2396 24.1794
109.6 44.8468 12.3225 30.1988 24.2085
109.7 44.8787 12.2933 30.158 24.2377
109.8 44.9106 12.2642 30.1172 24.2668
109.9 44.9425 12.2352 30.0763 24.2958
110 44.9743 12.2061 30.0355 24.3249
110.1 45.0061 12.177 29.9946 24.354
110.2 45.0379 12.148 29.9538 24.383
110.3 45.0696 12.119 29.9129 24.412
110.4 45.1012 12.09 29.872 24.441
110.5 45.1328 12.061 29.8311 24.47
110.6 45.1644 12.0321 29.7902 24.4989
110.7 45.1959 12.0032 29.7493 24.5278
110.8 45.2274 11.9742 29.7083 24.5568
110.9 45.2588 11.9453 29.6674 24.5857
111 45.2902 11.9165 29.6264 24.6145
111.1 45.3216 11.8876 29.5855 24.6434
111.2 45.3529 11.8588 29.5445 24.6722
111.3 45.3841 11.83 29.5035 24.701
111.4 45.4153 11.8012 29.4625 24.7298
111.5 45.4465 11.7724 29.4215 24.7586
111.6 45.4776 11.7436 29.3805 24.7874
111.7 45.5087 11.7149 29.3395 24.8161
111.8 45.5397 11.6862 29.2984 24.8448
111.9 45.5707 11.6575 29.2574 24.8735
112 45.6016 11.6288 29.2163 24.9022
112.1 45.6325 11.6001 29.1753 24.9309
112.2 45.6633 11.5715 29.1342 24.9595
112.3 45.6941 11.5429 29.0931 24.9881
112.4 45.7248 11.5143 29.052 25.0167
112.5 45.7555 11.4857 29.0109 25.0453
112.6 45.7862 11.4571 28.9698 25.0739
112.7 45.8168 11.4286 28.9287 25.1024
112.8 45.8473 11.4001 28.8875 25.1309
112.9 45.8778 11.3716 28.8464 25.1594
113 45.9082 11.3431 28.8052 25.1879
113.1 45.9386 11.3147 28.7641 25.2163
113.2 45.969 11.2862 28.7229 25.2448
113.3 45.9993 11.2578 28.6817 25.2732
113.4 46.0295 11.2294 28.6405 25.3016
113.5 46.0597 11.2011 28.5993 25.3299
113.6 46.0899 11.1727 28.5581 25.3583
113.7 46.12 11.1444 28.5169 25.3866
113.8 46.1501 11.1161 28.4756 25.4149
113.9 46.18 11.0878 28.4344 25.4432
114 46.21 11.0595 28.3931 25.4715
114.1 46.2399 11.0313 28.3519 25.4997
114.2 46.2697 11.0031 28.3106 25.5279
114.3 46.2995 10.9749 28.2693 25.5561
114.4 46.3293 10.9467 28.228 25.5843
114.5 46.359 10.9186 28.1867 25.6124
114.6 46.3886 10.8905 28.1454 25.6405
114.7 46.4182 10.8624 28.1041 25.6686
114.8 46.4477 10.8343 28.0627 25.6967
114.9 46.4772 10.8062 28.0214 25.7248
115 46.5066 10.7782 27.9801 25.7528
115.1 46.536 10.7502 27.9387 25.7808
115.2 46.5653 10.7222 27.8973 25.8088
115.3 46.5946 10.6942 27.8559 25.8368
115.4 46.6238 10.6663 27.8146 25.8647
115.5 46.6529 10.6383 27.7732 25.8927
115.6 46.682 10.6104 27.7318 25.9206
115.7 46.7111 10.5826 27.6903 25.9484
115.8 46.7401 10.5547 27.6489 25.9763
115.9 46.769 10.5269 27.6075 26.0041
116 46.7979 10.4991 27.566 26.0319
116.1 46.8267 10.4713 27.5246 26.0597
116.2 46.8555 10.4436 27.4831 26.0874
116.3 46.8842 10.4158 27.4417 26.1152
116.4 46.9128 10.3881 27.4002 26.1429
116.5 46.9414 10.3604 27.3587 26.1706
116.6 46.97 10.3328 27.3172 26.1982
116.7 46.9985 10.3051 27.2757 26.2259
116.8 47.0269 10.2775 27.2342 26.2535
116.9 47.0553 10.2499 27.1927 26.2811
117 47.0836 10.2224 27.1511 26.3086
117.1 47.1118 10.1948 27.1096 26.3362
117.2 47.14 10.1673 27.0681 26.3637
117.3 47.1681 10.1398 27.0265 26.3912
117.4 47.1962 10.1124 26.9849 26.4186
117.5 47.2242 10.0849 26.9434 26.4461
117.6 47.2522 10.0575 26.9018 26.4735
117.7 47.2801 10.0301 26.8602 26.5009
117.8 47.3079 10.0028 26.8186 26.5282
117.9 47.3357 9.97542 26.777 26.5556
118 47.3634 9.9481 26.7354 26.5829
118.1 47.391 9.92081 26.6937 26.6102
118.2 47.4186 9.89355 26.6521 26.6375
118.3 47.4461 9.86631 26.6105 26.6647
118.4 47.4736 9.8391 26.5688 26.6919
118.5 47.501 9.81191 26.5271 26.7191
118.6 47.5283 9.78475 26.4855 26.7463
118.7 47.5556 9.75761 26.4438 26.7734
118.8 47.5828 9.7305 26.4021 26.8005
118.9 47.61 9.70342 26.3604 26.8276
119 47.6371 9.67636 26.3187 26.8546
119.1 47.6641 9.64933 26.277 26.8817
119.2 47.6911 9.62233 26.2353 26.9087
119.3 47.7179 9.59535 26.1936 26.9357
119.4 47.7448 9.5684 26.1518 26.9626
119.5 47.7715 9.54147 26.1101 26.9895
119.6 47.7982 9.51457 26.0683 27.0164
119.7 47.8249 9.4877 26.0266 27.0433
119.8 47.8514 9.46085 25.9848 27.0701
119.9 47.8779 9.43404 25.943 27.097
120 47.9043 9.40724 25.9012 27.1238
120.1 47.9307 9.38048 25.8595 27.1505
120.2 47.957 9.35374 25.8177 27.1773
120.3 47.9832 9.32703 25.7759 27.204
120.4 48.0094 9.30035 25.734 27.2307
120.5 48.0355 9.27369 25.6922 27.2573
120.6 48.0615 9.24706 25.6504 27.2839
120.7 48.0875 9.22046 25.6085 27.3105
120.8 48.1133 9.19389 25.5667 27.3371
120.9 48.1392 9.16734 25.5248 27.3637
121 48.1649 9.14082 25.483 27.3902
121.1 48.1906 9.11433 25.4411 27.4167
121.2 48.2162 9.08787 25.3992 27.4431
121.3 48.2417 9.06143 25.3573 27.4696
121.4 48.2672 9.03503 25.3155 27.496
121.5 48.2926 9.00865 25.2736 27.5224
121.6 48.3179 8.9823 25.2316 27.5487
121.7 48.3431 8.95597 25.1897 27.575
121.8 48.3683 8.92968 25.1478 27.6013
121.9 48.3934 8.90342 25.1059 27.6276
122 48.4184 8.87718 25.0639 27.6538
122.1 48.4434 8.85097 25.022 27.68
122.2 48.4682 8.82479 24.98 27.7062
122.3 48.493 8.79864 24.9381 27.7324
122.4 48.5178 8.77252 24.8961 27.7585
122.5 48.5424 8.74642 24.8541 27.7846
122.6 48.567 8.72036 24.8121 27.8106
122.7 48.5915 8.69433 24.7701 27.8367
122.8 48.6159 8.66832 24.7281 27.8627
122.9 48.6403 8.64234 24.6861 27.8887
123 48.6645 8.6164 24.6441 27.9146
123.1 48.6887 8.59048 24.6021 27.9405
123.2 48.7128 8.56459 24.5601 27.9664
123.3 48.7369 8.53873 24.518 27.9923
123.4 48.7608 8.5129 24.476 28.0181
123.5 48.7847 8.4871 24.4339 28.0439
123.6 48.8085 8.46133 24.3919 28.0697
123.7 48.8322 8.43559 24.3498 28.0954
123.8 48.8559 8.40988 24.3078 28.1211
123.9 48.8794 8.3842 24.2657 28.1468
124 48.9029 8.35855 24.2236 28.1724
124.1 48.9263 8.33293 24.1815 28.1981
124.2 48.9496 8.30734 24.1394 28.2237
124.3 48.9728 8.28178 24.0973 28.2492
124.4 48.996 8.25625 24.0552 28.2747
124.5 49.0191 8.23076 24.0131 28.3002
124.6 49.042 8.20529 23.9709 28.3257
124.7 49.0649 8.17985 23.9288 28.3511
124.8 49.0877 8.15445 23.8866 28.3766
124.9 49.1105 8.12907 23.8445 28.4019
125 49.1331 8.10373 23.8023 28.4273
125.1 49.1557 8.07841 23.7602 28.4526
125.2 49.1781 8.05313 23.718 28.4779
125.3 49.2005 8.02788 23.6758 28.5031
125.4 49.2228 8.00266 23.6336 28.5283
125.5 49.245 7.97747 23.5915 28.5535
125.6 49.2672 7.95231 23.5493 28.5787
125.7 49.2892 7.92718 23.507 28.6038
125.8 49.3111 7.90209 23.4648 28.6289
125.9 49.333 7.87703 23.4226 28.654
126 49.3548 7.85199 23.3804 28.679
126.1 49.3764 7.827 23.3382 28.704
126.2 49.398 7.80203 23.2959 28.729
126.3 49.4195 7.77709 23.2537 28.7539
126.4 49.4409 7.75219 23.2114 28.7788
126.5 49.4622 7.72731 23.1692 28.8037
126.6 49.4835 7.70247 23.1269 28.8285
126.7 49.5046 7.67767 23.0846 28.8533
126.8 49.5256 7.65289 23.0424 28.8781
126.9 49.5465 7.62815 23.0001 28.9029
127 49.5674 7.60344 22.9578 28.9276
127.1 49.5881 7.57876 22.9155 28.9522
127.2 49.6088 7.55411 22.8732 28.9769
127.3 49.6294 7.5295 22.8309 29.0015
127.4 49.6498 7.50492 22.7886 29.0261
127.5 49.6702 7.48037 22.7462 29.0506
127.6 49.6904 7.45586 22.7039 29.0751
127.7 49.7106 7.43137 22.6616 29.0996
127.8 49.7307 7.40692 22.6192 29.1241
127.9 49.7507 7.38251 22.5769 29.1485
128 49.7705 7.35813 22.5345 29.1729
128.1 49.7903 7.33378 22.4922 29.1972
128.2 49.81 7.30946 22.4498 29.2215
128.3 49.8296 7.28518 22.4074 29.2458
128.4 49.849 7.26093 22.365 29.2701
128.5 49.8684 7.23671 22.3227 29.2943
128.6 49.8877 7.21253 22.2803 29.3185
128.7 49.9068 7.18838 22.2379 29.3426
128.8 49.9259 7.16427 22.1955 29.3667
128.9 49.9448 7.14018 22.153 29.3908
129 49.9637 7.11614 22.1106 29.4149
129.1 49.9824 7.09212 22.0682 29.4389
129.2 50.0011 7.06814 22.0258 29.4629
129.3 50.0196 7.0442 21.9833 29.4868
129.4 50.038 7.02029 21.9409 29.5107
129.5 50.0563 6.99641 21.8985 29.5346
129.6 50.0745 6.97257 21.856 29.5584
129.7 50.0926 6.94876 21.8135 29.5822
129.8 50.1106 6.92499 21.7711 29.606
129.9 50.1285 6.90125 21.7286 29.6298
130 50.1463 6.87754 21.6861 29.6535
130.1 50.1639 6.85388 21.6436 29.6771
130.2 50.1815 6.83024 21.6012 29.7008
130.3 50.1989 6.80664 21.5587 29.7244
130.4 50.2162 6.78308 21.5162 29.7479
130.5 50.2334 6.75955 21.4736 29.7715
130.6 50.2505 6.73605 21.4311 29.7949
130.7 50.2675 6.71259 21.3886 29.8184
130.8 50.2844 6.68917 21.3461 29.8418
130.9 50.3011 6.66578 21.3036 29.8652
131 50.3178 6.64242 21.261 29.8886
131.1 50.3343 6.6191 21.2185 29.9119
131.2 50.3507 6.59582 21.1759 29.9352
131.3 50.3669 6.57257 21.1334 29.9584
131.4 50.3831 6.54936 21.0908 29.9816
131.5 50.3991 6.52618 21.0483 30.0048
131.6 50.415 6.50304 21.0057 30.028
131.7 50.4308 6.47994 20.9631 30.0511
131.8 50.4465 6.45687 20.9205 30.0741
131.9 50.462 6.43384 20.8779 30.0972
132 50.4775 6.41084 20.8354 30.1202
132.1 50.4928 6.38788 20.7928 30.1431
132.2 50.5079 6.36495 20.7501 30.166
132.3 50.523 6.34207 20.7075 30.1889
132.4 50.5379 6.31921 20.6649 30.2118
132.5 50.5527 6.2964 20.6223 30.2346
132.6 50.5674 6.27362 20.5797 30.2574
132.7 50.5819 6.25088 20.537 30.2801
132.8 50.5963 6.22817 20.4944 30.3028
132.9 50.6106 6.2055 20.4518 30.3255
133 50.6248 6.18287 20.4091 30.3481
133.1 50.6388 6.16027 20.3665 30.3707
133.2 50.6527 6.13771 20.3238 30.3933
133.3 50.6664 6.11519 20.2811 30.4158
133.4 50.68 6.09271 20.2385 30.4383
133.5 50.6935 6.07026 20.1958 30.4607
133.6 50.7069 6.04785 20.1531 30.4832
133.7 50.7201 6.02547 20.1104 30.5055
133.8 50.7332 6.00314 20.0677 30.5279
133.9 50.7461 5.98084 20.025 30.5502
134 50.7589 5.95858 19.9823 30.5724
134.1 50.7716 5.93635 19.9396 30.5946
134.2 50.7841 5.91417 19.8969 30.6168
134.3 50.7965 5.89202 19.8542 30.639
134.4 50.8087 5.86991 19.8115 30.6611
134.5 50.8208 5.84783 19.7688 30.6832
134.6 50.8328 5.8258 19.726 30.7052
134.7 50.8446 5.8038 19.6833 30.7272
134.8 50.8563 5.78184 19.6406 30.7492
134.9 50.8678 5.75992 19.5978 30.7711
135 50.8791 5.73803 19.5551 30.793
135.1 50.8904 5.71619 19.5123 30.8148
135.2 50.9015 5.69438 19.4695 30.8366
135.3 50.9124 5.67261 19.4268 30.8584
135.4 50.9232 5.65088 19.384 30.8801
135.5 50.9338 5.62919 19.3412 30.9018
135.6 50.9443 5.60754 19.2984 30.9235
135.7 50.9546 5.58592 19.2556 30.9451
135.8 50.9647 5.56434 19.2128 30.9667
135.9 50.9748 5.54281 19.1701 30.9882
136 50.9846 5.52131 19.1272 31.0097
136.1 50.9943 5.49985 19.0844 31.0312
136.2 51.0039 5.47843 19.0416 31.0526
136.3 51.0133 5.45704 18.9988 31.074
136.4 51.0225 5.4357 18.956 31.0953
136.5 51.0315 5.4144 18.9132 31.1166
136.6 51.0404 5.39313 18.8703 31.1379
136.7 51.0492 5.3719 18.8275 31.1591
136.8 51.0578 5.35072 18.7847 31.1803
136.9 51.0662 5.32957 18.7418 31.2014
137 51.0744 5.30846 18.699 31.2225
137.1 51.0825 5.28739 18.6561 31.2436
137.2 51.0904 5.26637 18.6132 31.2646
137.3 51.0982 5.24538 18.5704 31.2856
137.4 51.1058 5.22443 18.5275 31.3066
137.5 51.1132 5.20352 18.4846 31.3275
137.6 51.1204 5.18265 18.4417 31.3484
137.7 51.1275 5.16182 18.3989 31.3692
137.8 51.1344 5.14103 18.356 31.39
137.9 51.1411 5.12028 18.3131 31.4107
138 51.1476 5.09956 18.2702 31.4314
138.1 51.154 5.07889 18.2273 31.4521
138.2 51.1602 5.05826 18.1844 31.4727
138.3 51.1662 5.03767 18.1415 31.4933
138.4 51.172 5.01713 18.0985 31.5139
138.5 51.1776 4.99662 18.0556 31.5344
138.6 51.1831 4.97615 18.0127 31.5549
138.7 51.1884 4.95572 17.9698 31.5753
138.8 51.1935 4.93533 17.9268 31.5957
138.9 51.1984 4.91498 17.8839 31.616
139 51.2031 4.89468 17.8409 31.6363
139.1 51.2076 4.87441 17.798 31.6566
139.2 51.212 4.85419 17.755 31.6768
139.3 51.2161 4.834 17.7121 31.697
139.4 51.2201 4.81386 17.6691 31.7171
139.5 51.2239 4.79376 17.6262 31.7372
139.6 51.2275 4.7737 17.5832 31.7573
139.7 51.2308 4.75368 17.5402 31.7773
139.8 51.234 4.7337 17.4972 31.7973
139.9 51.237 4.71376 17.4543 31.8172
140 51.2398 4.69386 17.4113 31.8371
140.1 51.2424 4.67401 17.3683 31.857
140.2 51.2448 4.65419 17.3253 31.8768
140.3 51.2469 4.63442 17.2823 31.8966
140.4 51.2489 4.61469 17.2393 31.9163
140.5 51.2507 4.595 17.1963 31.936
140.6 51.2523 4.57536 17.1533 31.9556
140.7 51.2536 4.55575 17.1102 31.9753
140.8 51.2548 4.53619 17.0672 31.9948
140.9 51.2557 4.51666 17.0242 32.0143
141 51.2564 4.49718 16.9812 32.0338
141.1 51.2569 4.47775 16.9381 32.0533
141.2 51.2572 4.45835 16.8951 32.0727
141.3 51.2573 4.43899 16.852 32.092
141.4 51.2572 4.41968 16.809 32.1113
141.5 51.2568 4.40041 16.766 32.1306
141.6 51.2562 4.38118 16.7229 32.1498
141.7 51.2554 4.362 16.6798 32.169
141.8 51.2544 4.34286 16.6368 32.1881
141.9 51.2531 4.32376 16.5937 32.2072
142 51.2517 4.3047 16.5506 32.2263
142.1 51.2499 4.28568 16.5076 32.2453
142.2 51.248 4.26671 16.4645 32.2643
142.3 51.2458 4.24778 16.4214 32.2832
142.4 51.2434 4.22889 16.3783 32.3021
142.5 51.2408 4.21005 16.3352 32.321
142.6 51.2379 4.19124 16.2921 32.3398
142.7 51.2348 4.17248 16.249 32.3585
142.8 51.2315 4.15377 16.2059 32.3772
142.9 51.2279 4.13509 16.1628 32.3959
143 51.2241 4.11646 16.1197 32.4145
143.1 51.22 4.09788 16.0766 32.4331
143.2 51.2157 4.07933 16.0335 32.4517
143.3 51.2111 4.06083 15.9904 32.4702
143.4 51.2063 4.04237 15.9472 32.4886
143.5 51.2012 4.02396 15.9041 32.507
143.6 51.1959 4.00559 15.861 32.5254
143.7 51.1903 3.98726 15.8178 32.5437
143.8 51.1845 3.96898 15.7747 32.562
143.9 51.1784 3.95074 15.7315 32.5803
144 51.172 3.93254 15.6884 32.5985
144.1 51.1654 3.91439 15.6452 32.6166
144.2 51.1586 3.89628 15.6021 32.6347
144.3 51.1514 3.87821 15.5589 32.6528
144.4 51.144 3.86019 15.5158 32.6708
144.5 51.1364 3.84221 15.4726 32.6888
144.6 51.1284 3.82428 15.4294 32.7067
144.7 51.1202 3.80639 15.3862 32.7246
144.8 51.1117 3.78854 15.3431 32.7425
144.9 51.103 3.77074 15.2999 32.7603
145 51.0939 3.75298 15.2567 32.778
145.1 51.0846 3.73527 15.2135 32.7957
145.2 51.075 3.7176 15.1703 32.8134
145.3 51.0651 3.69997 15.1271 32.831
145.4 51.0549 3.68239 15.0839 32.8486
145.5 51.0445 3.66486 15.0407 32.8661
145.6 51.0337 3.64737 14.9975 32.8836
145.7 51.0227 3.62992 14.9543 32.9011
145.8 51.0113 3.61252 14.9111 32.9185
145.9 50.9997 3.59516 14.8679 32.9358
146 50.9878 3.57785 14.8246 32.9532
146.1 50.9756 3.56058 14.7814 32.9704
146.2 50.963 3.54335 14.7382 32.9876
146.3 50.9502 3.52617 14.6949 33.0048
146.4 50.937 3.50904 14.6517 33.022
146.5 50.9236 3.49195 14.6085 33.039
146.6 50.9098 3.47491 14.5652 33.0561
146.7 50.8958 3.45791 14.522 33.0731
146.8 50.8814 3.44095 14.4787 33.09
146.9 50.8667 3.42405 14.4355 33.107
147 50.8516 3.40718 14.3922 33.1238
147.1 50.8363 3.39036 14.349 33.1406
147.2 50.8206 3.37359 14.3057 33.1574
147.3 50.8046 3.35686 14.2624 33.1741
147.4 50.7883 3.34018 14.2192 33.1908
147.5 50.7716 3.32354 14.1759 33.2075
147.6 50.7546 3.30695 14.1326 33.224
147.7 50.7373 3.29041 14.0893 33.2406
147.8 50.7196 3.27391 14.0461 33.2571
147.9 50.7016 3.25745 14.0028 33.2735
148 50.6832 3.24104 13.9595 33.29
148.1 50.6645 3.22468 13.9162 33.3063
148.2 50.6455 3.20836 13.8729 33.3226
148.3 50.6261 3.19209 13.8296 33.3389
148.4 50.6063 3.17587 13.7863 33.3551
148.5 50.5862 3.15969 13.743 33.3713
148.6 50.5657 3.14356 13.6997 33.3874
148.7 50.5449 3.12747 13.6564 33.4035
148.8 50.5237 3.11143 13.6131 33.4196
148.9 50.5021 3.09543 13.5697 33.4356
149 50.4801 3.07948 13.5264 33.4515
149.1 50.4578 3.06358 13.4831 33.4674
149.2 50.4351 3.04773 13.4398 33.4833
149.3 50.4121 3.03192 13.3964 33.4991
149.4 50.3886 3.01615 13.3531 33.5148
149.5 50.3648 3.00044 13.3098 33.5306
149.6 50.3405 2.98477 13.2664 33.5462
149.7 50.3159 2.96914 13.2231 33.5619
149.8 50.2909 2.95356 13.1797 33.5774
149.9 50.2655 2.93803 13.1364 33.593
150 50.2397 2.92255 13.093 33.6085
150.1 50.2135 2.90711 13.0497 33.6239
150.2 50.1869 2.89172 13.0063 33.6393
150.3 50.1599 2.87638 12.963 33.6546
150.4 50.1324 2.86108 12.9196 33.6699
150.5 50.1046 2.84583 12.8762 33.6852
150.6 50.0763 2.83063 12.8329 33.7004
150.7 50.0477 2.81547 12.7895 33.7155
150.8 50.0185 2.80036 12.7461 33.7306
150.9 49.989 2.7853 12.7027 33.7457
151 49.959 2.77029 12.6593 33.7607
151.1 49.9286 2.75532 12.616 33.7757
151.2 49.8978 2.7404 12.5726 33.7906
151.3 49.8665 2.72553 12.5292 33.8055
151.4 49.8348 2.7107 12.4858 33.8203
151.5 49.8026 2.69593 12.4424 33.8351
151.6 49.77 2.68119 12.399 33.8498
151.7 49.7369 2.66651 12.3556 33.8645
151.8 49.7034 2.65188 12.3122 33.8791
151.9 49.6694 2.63729 12.2688 33.8937
152 49.6349 2.62275 12.2254 33.9083
152.1 49.6 2.60825 12.182 33.9227
152.2 49.5646 2.59381 12.1385 33.9372
152.3 49.5287 2.57941 12.0951 33.9516
152.4 49.4924 2.56506 12.0517 33.9659
152.5 49.4555 2.55076 12.0083 33.9802
152.6 49.4182 2.53651 11.9649 33.9945
152.7 49.3804 2.5223 11.9214 34.0087
152.8 49.3421 2.50814 11.878 34.0229
152.9 49.3032 2.49403 11.8346 34.037
153 49.2639 2.47997 11.7911 34.051
153.1 49.2241 2.46596 11.7477 34.065
153.2 49.1838 2.45199 11.7042 34.079
153.3 49.1429 2.43807 11.6608 34.0929
153.4 49.1015 2.4242 11.6173 34.1068
153.5 49.0596 2.41038 11.5739 34.1206
153.6 49.0172 2.39661 11.5304 34.1344
153.7 48.9743 2.38289 11.487 34.1481
153.8 48.9308 2.36921 11.4435 34.1618
153.9 48.8867 2.35558 11.4001 34.1754
154 48.8422 2.342 11.3566 34.189
154.1 48.797 2.32847 11.3131 34.2025
154.2 48.7513 2.31499 11.2697 34.216
154.3 48.7051 2.30156 11.2262 34.2294
154.4 48.6583 2.28817 11.1827 34.2428
154.5 48.6109 2.27484 11.1393 34.2562
154.6 48.563 2.26155 11.0958 34.2695
154.7 48.5145 2.24831 11.0523 34.2827
154.8 48.4654 2.23512 11.0088 34.2959
154.9 48.4157 2.22198 10.9653 34.309
155 48.3654 2.20889 10.9218 34.3221
155.1 48.3146 2.19584 10.8783 34.3352
155.2 48.2631 2.18285 10.8349 34.3482
155.3 48.211 2.1699 10.7914 34.3611
155.4 48.1583 2.15701 10.7479 34.374
155.5 48.105 2.14416 10.7044 34.3868
155.6 48.0511 2.13136 10.6609 34.3996
155.7 47.9966 2.11861 10.6173 34.4124
155.8 47.9414 2.10591 10.5738 34.4251
155.9 47.8856 2.09326 10.5303 34.4377
156 47.8292 2.08066 10.4868 34.4503
156.1 47.7721 2.06811 10.4433 34.4629
156.2 47.7143 2.05561 10.3998 34.4754
156.3 47.6559 2.04315 10.3563 34.4878
156.4 47.5969 2.03075 10.3127 34.5003
156.5 47.5371 2.01839 10.2692 34.5126
156.6 47.4767 2.00609 10.2257 34.5249
156.7 47.4157 1.99383 10.1822 34.5372
156.8 47.3539 1.98163 10.1386 34.5494
156.9 47.2914 1.96947 10.0951 34.5615
157 47.2283 1.95736 10.0516 34.5736
157.1 47.1644 1.94531 10.008 34.5857
157.2 47.0999 1.9333 9.9645 34.5977
157.3 47.0346 1.92134 9.92096 34.6097
157.4 46.9686 1.90943 9.87741 34.6216
157.5 46.9019 1.89758 9.83387 34.6334
157.6 46.8345 1.88577 9.79032 34.6452
157.7 46.7663 1.87401 9.74677 34.657
157.8 46.6974 1.8623 9.70322 34.6687
157.9 46.6277 1.85064 9.65966 34.6804
158 46.5573 1.83904 9.6161 34.692
158.1 46.4861 1.82748 9.57255 34.7035
158.2 46.4142 1.81597 9.52898 34.715
158.3 46.3414 1.80451 9.48542 34.7265
158.4 46.2679 1.7931 9.44186 34.7379
158.5 46.1937 1.78174 9.39829 34.7493
158.6 46.1186 1.77044 9.35472 34.7606
158.7 46.0427 1.75918 9.31115 34.7718
158.8 45.966 1.74797 9.26758 34.783
158.9 45.8885 1.73682 9.224 34.7942
159 45.8102 1.72571 9.18042 34.8053
159.1 45.731 1.71465 9.13684 34.8163
159.2 45.651 1.70365 9.09326 34.8274
159.3 45.5702 1.69269 9.04968 34.8383
159.4 45.4885 1.68179 9.0061 34.8492
159.5 45.406 1.67093 8.96251 34.8601
159.6 45.3226 1.66013 8.91892 34.8709
159.7 45.2384 1.64938 8.87533 34.8816
159.8 45.1532 1.63868 8.83173 34.8923
159.9 45.0672 1.62802 8.78814 34.903
160 44.9803 1.61742 8.74454 34.9136
160.1 44.8925 1.60687 8.70094 34.9241
160.2 44.8038 1.59637 8.65734 34.9346
160.3 44.7141 1.58592 8.61374 34.9451
160.4 44.6236 1.57553 8.57014 34.9555
160.5 44.5321 1.56518 8.52653 34.9658
160.6 44.4397 1.55488 8.48292 34.9761
160.7 44.3463 1.54464 8.43931 34.9864
160.8 44.252 1.53444 8.3957 34.9966
160.9 44.1568 1.5243 8.35209 35.0067
161 44.0605 1.51421 8.30847 35.0168
161.1 43.9633 1.50417 8.26485 35.0268
161.2 43.8651 1.49418 8.22124 35.0368
161.3 43.7659 1.48424 8.17761 35.0468
161.4 43.6658 1.47435 8.13399 35.0567
161.5 43.5646 1.46451 8.09037 35.0665
161.6 43.4623 1.45473 8.04674 35.0763
161.7 43.3591 1.44499 8.00311 35.086
161.8 43.2548 1.43531 7.95948 35.0957
161.9 43.1495 1.42568 7.91585 35.1053
162 43.0432 1.41609 7.87222 35.1149
162.1 42.9357 1.40657 7.82859 35.1244
162.2 42.8273 1.39709 7.78495 35.1339
162.3 42.7177 1.38766 7.74131 35.1433
162.4 42.607 1.37829 7.69767 35.1527
162.5 42.4953 1.36896 7.65403 35.162
162.6 42.3824 1.35969 7.61039 35.1713
162.7 42.2685 1.35047 7.56674 35.1805
162.8 42.1534 1.3413 7.5231 35.1897
162.9 42.0372 1.33218 7.47945 35.1988
163 41.9199 1.32311 7.4358 35.2079
163.1 41.8014 1.3141 7.39215 35.2169
163.2 41.6817 1.30514 7.34849 35.2259
163.3 41.5609 1.29623 7.30484 35.2348
163.4 41.4389 1.28737 7.26118 35.2436
163.5 41.3157 1.27856 7.21753 35.2524
163.6 41.1914 1.2698 7.17387 35.2612
163.7 41.0658 1.2611 7.13021 35.2699
163.8 40.939 1.25244 7.08654 35.2786
163.9 40.811 1.24384 7.04288 35.2872
164 40.6818 1.23529 6.99922 35.2957
164.1 40.5513 1.2268 6.95555 35.3042
164.2 40.4195 1.21835 6.91188 35.3126
164.3 40.2865 1.20996 6.86821 35.321
164.4 40.1523 1.20162 6.82454 35.3294
164.5 40.0167 1.19333 6.78087 35.3377
164.6 39.8799 1.18509 6.73719 35.3459
164.7 39.7418 1.17691 6.69352 35.3541
164.8 39.6023 1.16877 6.64984 35.3622
164.9 39.4616 1.16069 6.60616 35.3703
165 39.3195 1.15266 6.56248 35.3783
165.1 39.1761 1.14469 6.5188 35.3863
165.2 39.0313 1.13676 6.47512 35.3942
165.3 38.8852 1.12889 6.43144 35.4021
165.4 38.7377 1.12107 6.38775 35.4099
165.5 38.5888 1.1133 6.34406 35.4177
165.6 38.4385 1.10558 6.30038 35.4254
165.7 38.2868 1.09792 6.25669 35.4331
165.8 38.1338 1.09031 6.213 35.4407
165.9 37.9793 1.08275 6.16931 35.4483
166 37.8234 1.07524 6.12561 35.4558
166.1 37.666 1.06779 6.08192 35.4632
166.2 37.5072 1.06039 6.03822 35.4706
166.3 37.3469 1.05304 5.99452 35.478
166.4 37.1852 1.04574 5.95083 35.4853
166.5 37.022 1.0385 5.90713 35.4925
166.6 36.8573 1.0313 5.86343 35.4997
166.7 36.6911 1.02416 5.81972 35.5068
166.8 36.5234 1.01708 5.77602 35.5139
166.9 36.3542 1.01004 5.73231 35.521
167 36.1835 1.00306 5.68861 35.5279
167.1 36.0112 0.996131 5.6449 35.5349
167.2 35.8374 0.989254 5.60119 35.5417
167.3 35.662 0.98243 5.55748 35.5486
167.4 35.485 0.975658 5.51377 35.5553
167.5 35.3065 0.968939 5.47006 35.5621
167.6 35.1264 0.962273 5.42635 35.5687
167.7 34.9447 0.955659 5.38263 35.5753
167.8 34.7614 0.949099 5.33892 35.5819
167.9 34.5765 0.942591 5.2952 35.5884
168 34.39 0.936135 5.25149 35.5949
168.1 34.2018 0.929733 5.20777 35.6013
168.2 34.012 0.923383 5.16405 35.6076
168.3 33.8205 0.917086 5.12033 35.6139
168.4 33.6274 0.910842 5.0766 35.6202
168.5 33.4327 0.904651 5.03288 35.6263
168.6 33.2362 0.898513 4.98916 35.6325
168.7 33.0381 0.892428 4.94543 35.6386
168.8 32.8383 0.886395 4.90171 35.6446
168.9 32.6368 0.880416 4.85798 35.6506
169 32.4335 0.874489 4.81425 35.6565
169.1 32.2286 0.868616 4.77052 35.6624
169.2 32.0219 0.862795 4.72679 35.6682
169.3 31.8135 0.857028 4.68306 35.674
169.4 31.6034 0.851313 4.63933 35.6797
169.5 31.3915 0.845652 4.59559 35.6853
169.6 31.1779 0.840043 4.55186 35.691
169.7 30.9625 0.834488 4.50812 35.6965
169.8 30.7454 0.828986 4.46439 35.702
169.9 30.5265 0.823537 4.42065 35.7075
170 30.3058 0.818141 4.37691 35.7129
170.1 30.0833 0.812798 4.33317 35.7182
170.2 29.859 0.807508 4.28943 35.7235
170.3 29.633 0.802272 4.24569 35.7287
170.4 29.4051 0.797088 4.20195 35.7339
170.5 29.1755 0.791958 4.15821 35.739
170.6 28.944 0.786881 4.11447 35.7441
170.7 28.7107 0.781858 4.07072 35.7491
170.8 28.4756 0.776887 4.02698 35.7541
170.9 28.2387 0.77197 3.98323 35.759
171 28 0.767107 3.93948 35.7639
171.1 27.7594 0.762296 3.89574 35.7687
171.2 27.517 0.757539 3.85199 35.7735
171.3 27.2728 0.752835 3.80824 35.7782
171.4 27.0267 0.748185 3.76449 35.7828
171.5 26.7788 0.743588 3.72074 35.7874
171.6 26.5291 0.739044 3.67699 35.792
171.7 26.2775 0.734553 3.63323 35.7964
171.8 26.0241 0.730116 3.58948 35.8009
171.9 25.7688 0.725733 3.54573 35.8053
172 25.5117 0.721403 3.50197 35.8096
172.1 25.2528 0.717126 3.45822 35.8139
172.2 24.9921 0.712903 3.41446 35.8181
172.3 24.7295 0.708733 3.3707 35.8223
172.4 24.465 0.704617 3.32695 35.8264
172.5 24.1988 0.700554 3.28319 35.8304
172.6 23.9307 0.696545 3.23943 35.8345
172.7 23.6608 0.692589 3.19567 35.8384
172.8 23.389 0.688687 3.15191 35.8423
172.9 23.1155 0.684838 3.10815 35.8462
173 22.8401 0.681043 3.06439 35.85
173.1 22.563 0.677302 3.02062 35.8537
173.2 22.284 0.673614 2.97686 35.8574
173.3 22.0032 0.669979 2.9331 35.861
173.4 21.7207 0.666398 2.88933 35.8646
173.5 21.4364 0.662871 2.84557 35.8681
173.6 21.1503 0.659398 2.8018 35.8716
173.7 20.8624 0.655978 2.75804 35.875
173.8 20.5728 0.652611 2.71427 35.8784
173.9 20.2815 0.649299 2.6705 35.8817
174 19.9884 0.64604 2.62674 35.885
174.1 19.6936 0.642835 2.58297 35.8882
174.2 19.3971 0.639683 2.5392 35.8913
174.3 19.0989 0.636585 2.49543 35.8944
174.4 18.799 0.633541 2.45166 35.8975
174.5 18.4974 0.63055 2.40789 35.9004
174.6 18.1942 0.627613 2.36412 35.9034
174.7 17.8894 0.62473 2.32035 35.9063
174.8 17.5829 0.621901 2.27658 35.9091
174.9 17.2748 0.619125 2.2328 35.9119
175 16.9651 0.616404 2.18903 35.9146
175.1 16.6538 0.613736 2.14526 35.9173
175.2 16.341 0.611121 2.10148 35.9199
175.3 16.0266 0.608561 2.05771 35.9224
175.4 15.7108 0.606054 2.01393 35.9249
175.5 15.3934 0.603601 1.97016 35.9274
175.6 15.0745 0.601202 1.92638 35.9298
175.7 14.7542 0.598857 1.88261 35.9321
175.8 14.4324 0.596565 1.83883 35.9344
175.9 14.1093 0.594327 1.79506 35.9367
176 13.7847 0.592143 1.75128 35.9389
176.1 13.4588 0.590013 1.7075 35.941
176.2 13.1315 0.587937 1.66372 35.9431
176.3 12.8029 0.585915 1.61995 35.9451
176.4 12.473 0.583946 1.57617 35.9471
176.5 12.1419 0.582032 1.53239 35.949
176.6 11.8095 0.580171 1.48861 35.9508
176.7 11.4759 0.578364 1.44483 35.9526
176.8 11.1411 0.576611 1.40105 35.9544
176.9 10.8052 0.574912 1.35727 35.9561
177 10.4681 0.573267 1.31349 35.9577
177.1 10.13 0.571675 1.26971 35.9593
177.2 9.79077 0.570138 1.22593 35.9609
177.3 9.45052 0.568654 1.18215 35.9623
177.4 9.10927 0.567225 1.13837 35.9638
177.5 8.76706 0.565849 1.09459 35.9652
177.6 8.42391 0.564527 1.0508 35.9665
177.7 8.07985 0.563259 1.00702 35.9677
177.8 7.73493 0.562045 0.963241 35.969
177.9 7.38917 0.560885 0.919459 35.9701
178 7.04261 0.559779 0.875676 35.9712
178.1 6.69528 0.558727 0.831893 35.9723
178.2 6.34723 0.557729 0.788111 35.9733
178.3 5.99848 0.556785 0.744328 35.9742
178.4 5.64907 0.555894 0.700544 35.9751
178.5 5.29905 0.555058 0.656761 35.9759
178.6 4.94844 0.554275 0.612978 35.9767
178.7 4.59728 0.553547 0.569194 35.9775
178.8 4.24562 0.552872 0.52541 35.9781
178.9 3.89348 0.552252 0.481627 35.9787
179 3.54091 0.551685 0.437843 35.9793
179.1 3.18795 0.551173 0.394059 35.9798
179.2 2.83463 0.550714 0.350275 35.9803
179.3 2.48099 0.550309 0.30649 35.9807
179.4 2.12708 0.549958 0.262706 35.981
179.5 1.77293 0.549662 0.218922 35.9813
179.6 1.41858 0.549419 0.175138 35.9816
179.7 1.06408 0.54923 0.131353 35.9818
179.8 0.709451 0.549095 0.0875688 35.9819
179.9 0.354746 0.549014 0.0437844 35.982
180 2.48919e-14 0.548987 3.07223e-15 35.982
