#kinematics calculation of gsex
#vertex z = 500 mm, E_reaction = 38.084 MeV
#theta_cm, theta3_lab, Ek3_lab, theta4_lab, Ek4_lab
0 0 33.4962 0 0.147823
0.1 0.0466511 33.4962 0.702585 0.147849
0.2 0.0933022 33.4961 1.40491 0.147925
0.3 0.139953 33.4959 2.10672 0.148052
0.4 0.186604 33.4958 2.80776 0.14823
0.5 0.233255 33.4955 3.50777 0.148458
0.6 0.279906 33.4953 4.20649 0.148738
0.7 0.326557 33.4949 4.90369 0.149068
0.8 0.373208 33.4946 5.5991 0.149449
0.9 0.419859 33.4941 6.29249 0.14988
1 0.46651 33.4936 6.98361 0.150363
1.1 0.513161 33.4931 7.67224 0.150896
1.2 0.559812 33.4925 8.35814 0.15148
1.3 0.606462 33.4919 9.04108 0.152115
1.4 0.653113 33.4912 9.72085 0.152801
1.5 0.699764 33.4905 10.3972 0.153537
1.6 0.746414 33.4897 11.07 0.154325
1.7 0.793064 33.4888 11.739 0.155163
1.8 0.839715 33.4879 12.404 0.156051
1.9 0.886365 33.487 13.0648 0.156991
2 0.933015 33.486 13.7213 0.157981
2.1 0.979665 33.485 14.3732 0.159022
2.2 1.02632 33.4839 15.0205 0.160114
2.3 1.07297 33.4827 15.6629 0.161256
2.4 1.11961 33.4816 16.3003 0.16245
2.5 1.16626 33.4803 16.9326 0.163694
2.6 1.21291 33.479 17.5596 0.164989
2.7 1.25956 33.4777 18.1812 0.166334
2.8 1.30621 33.4763 18.7973 0.167731
2.9 1.35286 33.4748 19.4077 0.169178
3 1.39951 33.4733 20.0125 0.170675
3.1 1.44616 33.4718 20.6114 0.172224
3.2 1.49281 33.4702 21.2044 0.173823
3.3 1.53946 33.4685 21.7915 0.175473
3.4 1.5861 33.4668 22.3725 0.177174
3.5 1.63275 33.4651 22.9473 0.178925
3.6 1.6794 33.4633 23.516 0.180727
3.7 1.72605 33.4614 24.0785 0.18258
3.8 1.7727 33.4595 24.6347 0.184483
3.9 1.81934 33.4576 25.1846 0.186437
4 1.86599 33.4556 25.7282 0.188442
4.1 1.91264 33.4535 26.2654 0.190497
4.2 1.95929 33.4514 26.7962 0.192603
4.3 2.00593 33.4492 27.3207 0.19476
4.4 2.05258 33.447 27.8387 0.196968
4.5 2.09922 33.4448 28.3503 0.199226
4.6 2.14587 33.4425 28.8556 0.201534
4.7 2.19252 33.4401 29.3544 0.203894
4.8 2.23916 33.4377 29.8469 0.206304
4.9 2.28581 33.4352 30.333 0.208764
5 2.33245 33.4327 30.8127 0.211275
5.1 2.3791 33.4302 31.2861 0.213837
5.2 2.42574 33.4276 31.7533 0.216449
5.3 2.47239 33.4249 32.2141 0.219112
5.4 2.51903 33.4222 32.6688 0.221826
5.5 2.56567 33.4194 33.1172 0.22459
5.6 2.61232 33.4166 33.5595 0.227405
5.7 2.65896 33.4137 33.9957 0.23027
5.8 2.7056 33.4108 34.4258 0.233186
5.9 2.75225 33.4078 34.8499 0.236152
6 2.79889 33.4048 35.268 0.239169
6.1 2.84553 33.4018 35.6803 0.242236
6.2 2.89217 33.3986 36.0866 0.245354
6.3 2.93881 33.3955 36.4871 0.248522
6.4 2.98545 33.3923 36.8819 0.251741
6.5 3.0321 33.389 37.271 0.25501
6.6 3.07874 33.3857 37.6545 0.25833
6.7 3.12538 33.3823 38.0324 0.2617
6.8 3.17202 33.3789 38.4047 0.265121
6.9 3.21866 33.3754 38.7716 0.268592
7 3.2653 33.3719 39.1332 0.272113
7.1 3.31193 33.3683 39.4893 0.275685
7.2 3.35857 33.3647 39.8403 0.279308
7.3 3.40521 33.361 40.186 0.28298
7.4 3.45185 33.3573 40.5266 0.286704
7.5 3.49849 33.3535 40.8621 0.290477
7.6 3.54512 33.3497 41.1926 0.294301
7.7 3.59176 33.3458 41.5181 0.298175
7.8 3.6384 33.3419 41.8388 0.3021
7.9 3.68503 33.3379 42.1547 0.306074
8 3.73167 33.3339 42.4658 0.3101
8.1 3.7783 33.3298 42.7722 0.314175
8.2 3.82494 33.3257 43.074 0.318301
8.3 3.87157 33.3215 43.3712 0.322477
8.4 3.91821 33.3173 43.664 0.326703
8.5 3.96484 33.313 43.9523 0.33098
8.6 4.01147 33.3087 44.2363 0.335306
8.7 4.0581 33.3043 44.5159 0.339683
8.8 4.10474 33.2999 44.7913 0.344111
8.9 4.15137 33.2954 45.0625 0.348588
9 4.198 33.2909 45.3296 0.353116
9.1 4.24463 33.2863 45.5926 0.357693
9.2 4.29126 33.2817 45.8516 0.362321
9.3 4.33789 33.277 46.1067 0.366999
9.4 4.38452 33.2723 46.3579 0.371727
9.5 4.43115 33.2675 46.6053 0.376506
9.6 4.47778 33.2627 46.8489 0.381334
9.7 4.52441 33.2578 47.0888 0.386213
9.8 4.57103 33.2529 47.325 0.391141
9.9 4.61766 33.2479 47.5576 0.39612
10 4.66429 33.2429 47.7867 0.401148
10.1 4.71091 33.2378 48.0123 0.406227
10.2 4.75754 33.2326 48.2344 0.411356
10.3 4.80417 33.2275 48.4532 0.416534
10.4 4.85079 33.2222 48.6686 0.421763
10.5 4.89741 33.217 48.8807 0.427041
10.6 4.94404 33.2116 49.0896 0.43237
10.7 4.99066 33.2063 49.2953 0.437748
10.8 5.03728 33.2008 49.4979 0.443177
10.9 5.08391 33.1953 49.6974 0.448655
11 5.13053 33.1898 49.8938 0.454183
11.1 5.17715 33.1842 50.0873 0.459761
11.2 5.22377 33.1786 50.2778 0.465389
11.3 5.27039 33.1729 50.4653 0.471066
11.4 5.31701 33.1672 50.6501 0.476794
11.5 5.36363 33.1614 50.832 0.482571
11.6 5.41024 33.1556 51.0111 0.488398
11.7 5.45686 33.1497 51.1876 0.494275
11.8 5.50348 33.1438 51.3613 0.500202
11.9 5.55009 33.1378 51.5324 0.506178
12 5.59671 33.1318 51.7008 0.512204
12.1 5.64333 33.1257 51.8667 0.518279
12.2 5.68994 33.1196 52.0301 0.524405
12.3 5.73655 33.1134 52.191 0.53058
12.4 5.78317 33.1072 52.3495 0.536804
12.5 5.82978 33.1009 52.5055 0.543078
12.6 5.87639 33.0946 52.6591 0.549402
12.7 5.923 33.0882 52.8105 0.555775
12.8 5.96961 33.0818 52.9595 0.562198
12.9 6.01623 33.0753 53.1062 0.568671
13 6.06283 33.0688 53.2507 0.575193
13.1 6.10944 33.0622 53.393 0.581764
13.2 6.15605 33.0556 53.5331 0.588385
13.3 6.20266 33.0489 53.6711 0.595055
13.4 6.24927 33.0422 53.807 0.601775
13.5 6.29587 33.0355 53.9409 0.608544
13.6 6.34248 33.0286 54.0726 0.615363
13.7 6.38908 33.0218 54.2024 0.622231
13.8 6.43569 33.0149 54.3302 0.629148
13.9 6.48229 33.0079 54.456 0.636115
14 6.52889 33.0009 54.5799 0.643131
14.1 6.5755 32.9938 54.702 0.650196
14.2 6.6221 32.9867 54.8221 0.65731
14.3 6.6687 32.9795 54.9404 0.664474
14.4 6.7153 32.9723 55.0569 0.671687
14.5 6.7619 32.9651 55.1717 0.678949
14.6 6.8085 32.9577 55.2846 0.686261
14.7 6.85509 32.9504 55.3959 0.693621
14.8 6.90169 32.943 55.5054 0.701031
14.9 6.94829 32.9355 55.6132 0.708489
15 6.99488 32.928 55.7194 0.715997
15.1 7.04148 32.9204 55.8239 0.723554
15.2 7.08807 32.9128 55.9269 0.73116
15.3 7.13467 32.9052 56.0282 0.738815
15.4 7.18126 32.8975 56.128 0.746519
15.5 7.22785 32.8897 56.2262 0.754272
15.6 7.27444 32.8819 56.3229 0.762073
15.7 7.32103 32.8741 56.4182 0.769924
15.8 7.36762 32.8662 56.5119 0.777824
15.9 7.41421 32.8582 56.6042 0.785772
16 7.4608 32.8502 56.695 0.79377
16.1 7.50738 32.8422 56.7845 0.801816
16.2 7.55397 32.8341 56.8725 0.809911
16.3 7.60055 32.8259 56.9591 0.818055
16.4 7.64714 32.8178 57.0444 0.826247
16.5 7.69372 32.8095 57.1284 0.834489
16.6 7.74031 32.8012 57.211 0.842778
16.7 7.78689 32.7929 57.2924 0.851117
16.8 7.83347 32.7845 57.3724 0.859504
16.9 7.88005 32.7761 57.4512 0.86794
17 7.92663 32.7676 57.5287 0.876425
17.1 7.97321 32.759 57.605 0.884958
17.2 8.01979 32.7505 57.6801 0.89354
17.3 8.06636 32.7418 57.754 0.90217
17.4 8.11294 32.7332 57.8267 0.910848
17.5 8.15951 32.7244 57.8982 0.919575
17.6 8.20609 32.7156 57.9686 0.928351
17.7 8.25266 32.7068 58.0379 0.937175
17.8 8.29923 32.698 58.106 0.946047
17.9 8.34581 32.689 58.173 0.954968
18 8.39238 32.6801 58.2389 0.963937
18.1 8.43895 32.671 58.3038 0.972955
18.2 8.48551 32.662 58.3676 0.98202
18.3 8.53208 32.6529 58.4303 0.991134
18.4 8.57865 32.6437 58.492 1.0003
18.5 8.62522 32.6345 58.5527 1.00951
18.6 8.67178 32.6252 58.6124 1.01877
18.7 8.71834 32.6159 58.6711 1.02807
18.8 8.76491 32.6066 58.7288 1.03743
18.9 8.81147 32.5972 58.7855 1.04683
19 8.85803 32.5877 58.8413 1.05628
19.1 8.90459 32.5782 58.8961 1.06578
19.2 8.95115 32.5687 58.95 1.07533
19.3 8.99771 32.5591 59.003 1.08492
19.4 9.04427 32.5494 59.055 1.09456
19.5 9.09082 32.5397 59.1062 1.10425
19.6 9.13738 32.53 59.1565 1.11399
19.7 9.18393 32.5202 59.2059 1.12378
19.8 9.23049 32.5104 59.2544 1.13361
19.9 9.27704 32.5005 59.3021 1.1435
20 9.32359 32.4906 59.349 1.15343
20.1 9.37014 32.4806 59.395 1.1634
20.2 9.41669 32.4706 59.4402 1.17343
20.3 9.46324 32.4605 59.4845 1.1835
20.4 9.50979 32.4504 59.5281 1.19362
20.5 9.55633 32.4402 59.5709 1.20379
20.6 9.60288 32.43 59.6129 1.21401
20.7 9.64942 32.4197 59.6541 1.22427
20.8 9.69596 32.4094 59.6946 1.23458
20.9 9.74251 32.3991 59.7343 1.24494
21 9.78905 32.3887 59.7733 1.25534
21.1 9.83559 32.3782 59.8115 1.2658
21.2 9.88213 32.3677 59.849 1.2763
21.3 9.92866 32.3572 59.8858 1.28685
21.4 9.9752 32.3466 59.9219 1.29744
21.5 10.0217 32.3359 59.9572 1.30808
21.6 10.0683 32.3252 59.9919 1.31877
21.7 10.1148 32.3145 60.0259 1.32951
21.8 10.1613 32.3037 60.0592 1.34029
21.9 10.2079 32.2929 60.0919 1.35113
22 10.2544 32.282 60.1238 1.362
22.1 10.3009 32.2711 60.1552 1.37293
22.2 10.3475 32.2601 60.1859 1.3839
22.3 10.394 32.2491 60.2159 1.39492
22.4 10.4405 32.238 60.2453 1.40599
22.5 10.487 32.2269 60.2741 1.4171
22.6 10.5335 32.2157 60.3023 1.42826
22.7 10.5801 32.2045 60.3298 1.43947
22.8 10.6266 32.1933 60.3568 1.45073
22.9 10.6731 32.182 60.3832 1.46203
23 10.7196 32.1706 60.4089 1.47337
23.1 10.7661 32.1592 60.4341 1.48477
23.2 10.8127 32.1478 60.4587 1.49621
23.3 10.8592 32.1363 60.4828 1.5077
23.4 10.9057 32.1248 60.5063 1.51923
23.5 10.9522 32.1132 60.5292 1.53081
23.6 10.9987 32.1016 60.5515 1.54244
23.7 11.0452 32.0899 60.5734 1.55412
23.8 11.0917 32.0782 60.5947 1.56584
23.9 11.1382 32.0664 60.6154 1.57761
24 11.1847 32.0546 60.6357 1.58942
24.1 11.2312 32.0427 60.6554 1.60128
24.2 11.2778 32.0308 60.6745 1.61319
24.3 11.3243 32.0189 60.6932 1.62514
24.4 11.3708 32.0069 60.7114 1.63714
24.5 11.4173 31.9948 60.7291 1.64918
24.6 11.4638 31.9827 60.7463 1.66128
24.7 11.5103 31.9706 60.763 1.67341
24.8 11.5567 31.9584 60.7792 1.6856
24.9 11.6032 31.9462 60.7949 1.69783
25 11.6497 31.9339 60.8102 1.71011
25.1 11.6962 31.9216 60.825 1.72243
25.2 11.7427 31.9092 60.8393 1.7348
25.3 11.7892 31.8968 60.8532 1.74721
25.4 11.8357 31.8843 60.8666 1.75967
25.5 11.8822 31.8718 60.8796 1.77218
25.6 11.9287 31.8593 60.8921 1.78473
25.7 11.9752 31.8467 60.9042 1.79733
25.8 12.0216 31.834 60.9158 1.80997
25.9 12.0681 31.8213 60.9271 1.82266
26 12.1146 31.8086 60.9379 1.83539
26.1 12.1611 31.7958 60.9482 1.84817
26.2 12.2075 31.783 60.9582 1.861
26.3 12.254 31.7701 60.9677 1.87387
26.4 12.3005 31.7572 60.9769 1.88679
26.5 12.347 31.7442 60.9856 1.89975
26.6 12.3934 31.7312 60.9939 1.91276
26.7 12.4399 31.7182 61.0019 1.92581
26.8 12.4864 31.7051 61.0094 1.93891
26.9 12.5329 31.6919 61.0166 1.95206
27 12.5793 31.6788 61.0234 1.96525
27.1 12.6258 31.6655 61.0298 1.97848
27.2 12.6722 31.6522 61.0358 1.99176
27.3 12.7187 31.6389 61.0414 2.00509
27.4 12.7652 31.6255 61.0467 2.01846
27.5 12.8116 31.6121 61.0516 2.03187
27.6 12.8581 31.5987 61.0561 2.04534
27.7 12.9045 31.5852 61.0603 2.05884
27.8 12.951 31.5716 61.0641 2.07239
27.9 12.9974 31.558 61.0676 2.08599
28 13.0439 31.5444 61.0708 2.09963
28.1 13.0903 31.5307 61.0735 2.11331
28.2 13.1368 31.517 61.076 2.12704
28.3 13.1832 31.5032 61.0781 2.14082
28.4 13.2297 31.4894 61.0799 2.15464
28.5 13.2761 31.4755 61.0813 2.1685
28.6 13.3226 31.4616 61.0824 2.18241
28.7 13.369 31.4476 61.0832 2.19636
28.8 13.4155 31.4336 61.0837 2.21036
28.9 13.4619 31.4196 61.0838 2.2244
29 13.5083 31.4055 61.0836 2.23849
29.1 13.5548 31.3914 61.0832 2.25262
29.2 13.6012 31.3772 61.0824 2.2668
29.3 13.6476 31.363 61.0813 2.28102
29.4 13.6941 31.3487 61.0799 2.29528
29.5 13.7405 31.3344 61.0781 2.30959
29.6 13.7869 31.3201 61.0761 2.32395
29.7 13.8333 31.3057 61.0738 2.33834
29.8 13.8798 31.2912 61.0712 2.35278
29.9 13.9262 31.2767 61.0683 2.36727
30 13.9726 31.2622 61.0652 2.3818
30.1 14.019 31.2476 61.0617 2.39637
30.2 14.0654 31.233 61.058 2.41099
30.3 14.1118 31.2183 61.0539 2.42565
30.4 14.1583 31.2036 61.0496 2.44036
30.5 14.2047 31.1889 61.0451 2.4551
30.6 14.2511 31.1741 61.0402 2.4699
30.7 14.2975 31.1593 61.0351 2.48473
30.8 14.3439 31.1444 61.0297 2.49961
30.9 14.3903 31.1295 61.0241 2.51454
31 14.4367 31.1145 61.0181 2.5295
31.1 14.4831 31.0995 61.012 2.54451
31.2 14.5295 31.0844 61.0055 2.55957
31.3 14.5759 31.0693 60.9988 2.57467
31.4 14.6223 31.0542 60.9919 2.58981
31.5 14.6687 31.039 60.9847 2.60499
31.6 14.7151 31.0238 60.9772 2.62022
31.7 14.7615 31.0085 60.9696 2.63549
31.8 14.8079 30.9932 60.9616 2.65081
31.9 14.8543 30.9778 60.9534 2.66616
32 14.9007 30.9624 60.945 2.68156
32.1 14.947 30.947 60.9364 2.69701
32.2 14.9934 30.9315 60.9275 2.71249
32.3 15.0398 30.916 60.9183 2.72802
32.4 15.0862 30.9004 60.909 2.7436
32.5 15.1326 30.8848 60.8994 2.75921
32.6 15.1789 30.8691 60.8896 2.77487
32.7 15.2253 30.8534 60.8795 2.79057
32.8 15.2717 30.8377 60.8692 2.80631
32.9 15.3181 30.8219 60.8587 2.8221
33 15.3644 30.8061 60.848 2.83793
33.1 15.4108 30.7902 60.8371 2.8538
33.2 15.4572 30.7743 60.8259 2.86972
33.3 15.5035 30.7583 60.8146 2.88567
33.4 15.5499 30.7423 60.803 2.90167
33.5 15.5962 30.7263 60.7912 2.91771
33.6 15.6426 30.7102 60.7792 2.9338
33.7 15.689 30.6941 60.767 2.94992
33.8 15.7353 30.6779 60.7546 2.96609
33.9 15.7817 30.6617 60.7419 2.9823
34 15.828 30.6454 60.7291 2.99856
34.1 15.8744 30.6291 60.7161 3.01485
34.2 15.9207 30.6128 60.7029 3.03119
34.3 15.9671 30.5964 60.6894 3.04757
34.4 16.0134 30.58 60.6758 3.06399
34.5 16.0597 30.5635 60.662 3.08045
34.6 16.1061 30.547 60.648 3.09696
34.7 16.1524 30.5305 60.6338 3.1135
34.8 16.1987 30.5139 60.6194 3.13009
34.9 16.2451 30.4973 60.6048 3.14672
35 16.2914 30.4806 60.5901 3.16339
35.1 16.3377 30.4639 60.5751 3.18011
35.2 16.3841 30.4471 60.56 3.19686
35.3 16.4304 30.4303 60.5447 3.21366
35.4 16.4767 30.4135 60.5292 3.2305
35.5 16.523 30.3966 60.5135 3.24738
35.6 16.5694 30.3797 60.4976 3.2643
35.7 16.6157 30.3627 60.4816 3.28126
35.8 16.662 30.3457 60.4654 3.29826
35.9 16.7083 30.3287 60.449 3.31531
36 16.7546 30.3116 60.4324 3.33239
36.1 16.8009 30.2945 60.4157 3.34952
36.2 16.8472 30.2773 60.3988 3.36669
36.3 16.8935 30.2601 60.3817 3.3839
36.4 16.9398 30.2429 60.3645 3.40114
36.5 16.9861 30.2256 60.3471 3.41844
36.6 17.0324 30.2082 60.3295 3.43577
36.7 17.0787 30.1909 60.3118 3.45314
36.8 17.125 30.1734 60.2939 3.47055
36.9 17.1713 30.156 60.2759 3.48801
37 17.2176 30.1385 60.2577 3.5055
37.1 17.2639 30.121 60.2393 3.52303
37.2 17.3102 30.1034 60.2208 3.54061
37.3 17.3565 30.0858 60.2021 3.55822
37.4 17.4028 30.0681 60.1832 3.57588
37.5 17.449 30.0504 60.1643 3.59358
37.6 17.4953 30.0327 60.1451 3.61131
37.7 17.5416 30.0149 60.1258 3.62909
37.8 17.5879 29.9971 60.1064 3.64691
37.9 17.6341 29.9792 60.0868 3.66477
38 17.6804 29.9613 60.067 3.68266
38.1 17.7267 29.9434 60.0471 3.7006
38.2 17.7729 29.9254 60.0271 3.71858
38.3 17.8192 29.9074 60.0069 3.7366
38.4 17.8655 29.8893 59.9866 3.75465
38.5 17.9117 29.8713 59.9661 3.77275
38.6 17.958 29.8531 59.9455 3.79089
38.7 18.0042 29.8349 59.9248 3.80906
38.8 18.0505 29.8167 59.9039 3.82728
38.9 18.0967 29.7985 59.8829 3.84553
39 18.143 29.7802 59.8617 3.86383
39.1 18.1892 29.7618 59.8404 3.88216
39.2 18.2355 29.7435 59.819 3.90054
39.3 18.2817 29.725 59.7974 3.91895
39.4 18.3279 29.7066 59.7757 3.9374
39.5 18.3742 29.6881 59.7538 3.9559
39.6 18.4204 29.6696 59.7319 3.97443
39.7 18.4666 29.651 59.7098 3.993
39.8 18.5129 29.6324 59.6875 4.01161
39.9 18.5591 29.6137 59.6652 4.03026
40 18.6053 29.5951 59.6427 4.04894
40.1 18.6515 29.5763 59.6201 4.06767
40.2 18.6978 29.5576 59.5973 4.08643
40.3 18.744 29.5388 59.5745 4.10524
40.4 18.7902 29.5199 59.5515 4.12408
40.5 18.8364 29.501 59.5284 4.14296
40.6 18.8826 29.4821 59.5051 4.16188
40.7 18.9288 29.4632 59.4818 4.18084
40.8 18.975 29.4442 59.4583 4.19984
40.9 19.0212 29.4251 59.4347 4.21887
41 19.0674 29.4061 59.411 4.23795
41.1 19.1136 29.3869 59.3872 4.25706
41.2 19.1598 29.3678 59.3632 4.27621
41.3 19.206 29.3486 59.3392 4.2954
41.4 19.2522 29.3294 59.315 4.31463
41.5 19.2984 29.3101 59.2907 4.33389
41.6 19.3446 29.2908 59.2663 4.35319
41.7 19.3908 29.2715 59.2417 4.37253
41.8 19.437 29.2521 59.2171 4.39191
41.9 19.4831 29.2327 59.1923 4.41133
42 19.5293 29.2132 59.1675 4.43079
42.1 19.5755 29.1937 59.1425 4.45028
42.2 19.6217 29.1742 59.1174 4.46981
42.3 19.6678 29.1546 59.0922 4.48938
42.4 19.714 29.135 59.0669 4.50898
42.5 19.7602 29.1154 59.0415 4.52862
42.6 19.8063 29.0957 59.016 4.5483
42.7 19.8525 29.076 58.9904 4.56802
42.8 19.8986 29.0562 58.9647 4.58778
42.9 19.9448 29.0364 58.9389 4.60757
43 19.9909 29.0166 58.9129 4.6274
43.1 20.0371 28.9967 58.8869 4.64726
43.2 20.0832 28.9768 58.8608 4.66717
43.3 20.1294 28.9569 58.8345 4.68711
43.4 20.1755 28.9369 58.8082 4.70709
43.5 20.2217 28.9169 58.7817 4.7271
43.6 20.2678 28.8968 58.7552 4.74715
43.7 20.3139 28.8768 58.7286 4.76724
43.8 20.3601 28.8566 58.7018 4.78737
43.9 20.4062 28.8365 58.675 4.80753
44 20.4523 28.8163 58.6481 4.82772
44.1 20.4984 28.796 58.621 4.84796
44.2 20.5445 28.7758 58.5939 4.86823
44.3 20.5907 28.7555 58.5667 4.88854
44.4 20.6368 28.7351 58.5394 4.90888
44.5 20.6829 28.7147 58.512 4.92926
44.6 20.729 28.6943 58.4845 4.94968
44.7 20.7751 28.6739 58.4569 4.97013
44.8 20.8212 28.6534 58.4292 4.99062
44.9 20.8673 28.6329 58.4014 5.01115
45 20.9134 28.6123 58.3735 5.03171
45.1 20.9595 28.5917 58.3456 5.0523
45.2 21.0056 28.5711 58.3175 5.07293
45.3 21.0517 28.5504 58.2894 5.0936
45.4 21.0978 28.5297 58.2612 5.11431
45.5 21.1439 28.509 58.2328 5.13505
45.6 21.1899 28.4882 58.2044 5.15582
45.7 21.236 28.4674 58.1759 5.17663
45.8 21.2821 28.4465 58.1474 5.19748
45.9 21.3282 28.4256 58.1187 5.21836
46 21.3742 28.4047 58.09 5.23928
46.1 21.4203 28.3838 58.0611 5.26023
46.2 21.4664 28.3628 58.0322 5.28122
46.3 21.5124 28.3418 58.0032 5.30224
46.4 21.5585 28.3207 57.9741 5.3233
46.5 21.6045 28.2996 57.945 5.34439
46.6 21.6506 28.2785 57.9157 5.36552
46.7 21.6967 28.2573 57.8864 5.38668
46.8 21.7427 28.2361 57.857 5.40788
46.9 21.7887 28.2149 57.8275 5.42911
47 21.8348 28.1936 57.7979 5.45038
47.1 21.8808 28.1723 57.7683 5.47168
47.2 21.9269 28.151 57.7385 5.49302
47.3 21.9729 28.1296 57.7087 5.51439
47.4 22.0189 28.1082 57.6788 5.53579
47.5 22.0649 28.0868 57.6489 5.55723
47.6 22.111 28.0653 57.6188 5.57871
47.7 22.157 28.0438 57.5887 5.60021
47.8 22.203 28.0222 57.5585 5.62176
47.9 22.249 28.0007 57.5282 5.64333
48 22.295 27.9791 57.4979 5.66494
48.1 22.341 27.9574 57.4675 5.68659
48.2 22.3871 27.9357 57.437 5.70827
48.3 22.4331 27.914 57.4064 5.72998
48.4 22.4791 27.8923 57.3758 5.75173
48.5 22.5251 27.8705 57.345 5.77351
48.6 22.571 27.8487 57.3142 5.79532
48.7 22.617 27.8268 57.2834 5.81717
48.8 22.663 27.805 57.2524 5.83905
48.9 22.709 27.783 57.2214 5.86096
49 22.755 27.7611 57.1904 5.88291
49.1 22.801 27.7391 57.1592 5.90489
49.2 22.8469 27.7171 57.128 5.9269
49.3 22.8929 27.6951 57.0967 5.94895
49.4 22.9389 27.673 57.0654 5.97103
49.5 22.9848 27.6509 57.0339 5.99314
49.6 23.0308 27.6287 57.0024 6.01529
49.7 23.0768 27.6065 56.9709 6.03747
49.8 23.1227 27.5843 56.9393 6.05968
49.9 23.1687 27.5621 56.9076 6.08193
50 23.2146 27.5398 56.8758 6.1042
50.1 23.2606 27.5175 56.844 6.12651
50.2 23.3065 27.4951 56.8121 6.14886
50.3 23.3525 27.4728 56.7801 6.17123
50.4 23.3984 27.4504 56.7481 6.19364
50.5 23.4443 27.4279 56.716 6.21608
50.6 23.4903 27.4054 56.6838 6.23855
50.7 23.5362 27.3829 56.6516 6.26106
50.8 23.5821 27.3604 56.6193 6.28359
50.9 23.628 27.3378 56.587 6.30616
51 23.6739 27.3152 56.5546 6.32876
51.1 23.7199 27.2926 56.5221 6.3514
51.2 23.7658 27.2699 56.4895 6.37406
51.3 23.8117 27.2472 56.4569 6.39676
51.4 23.8576 27.2245 56.4243 6.41949
51.5 23.9035 27.2018 56.3916 6.44225
51.6 23.9494 27.179 56.3588 6.46504
51.7 23.9953 27.1561 56.3259 6.48786
51.8 24.0412 27.1333 56.293 6.51072
51.9 24.0871 27.1104 56.2601 6.5336
52 24.1329 27.0875 56.227 6.55652
52.1 24.1788 27.0645 56.194 6.57947
52.2 24.2247 27.0415 56.1608 6.60245
52.3 24.2706 27.0185 56.1276 6.62546
52.4 24.3164 26.9955 56.0944 6.6485
52.5 24.3623 26.9724 56.061 6.67158
52.6 24.4082 26.9493 56.0277 6.69468
52.7 24.454 26.9262 55.9942 6.71782
52.8 24.4999 26.903 55.9608 6.74098
52.9 24.5457 26.8798 55.9272 6.76418
53 24.5916 26.8566 55.8936 6.78741
53.1 24.6374 26.8333 55.8599 6.81066
53.2 24.6833 26.81 55.8262 6.83395
53.3 24.7291 26.7867 55.7925 6.85727
53.4 24.7749 26.7634 55.7586 6.88062
53.5 24.8208 26.74 55.7248 6.904
53.6 24.8666 26.7166 55.6908 6.92741
53.7 24.9124 26.6932 55.6568 6.95085
53.8 24.9582 26.6697 55.6228 6.97432
53.9 25.0041 26.6462 55.5887 6.99782
54 25.0499 26.6227 55.5545 7.02135
54.1 25.0957 26.5991 55.5203 7.04491
54.2 25.1415 26.5755 55.4861 7.0685
54.3 25.1873 26.5519 55.4518 7.09211
54.4 25.2331 26.5282 55.4174 7.11576
54.5 25.2789 26.5046 55.383 7.13944
54.6 25.3247 26.4809 55.3486 7.16315
54.7 25.3705 26.4571 55.314 7.18689
54.8 25.4163 26.4333 55.2795 7.21065
54.9 25.462 26.4096 55.2449 7.23445
55 25.5078 26.3857 55.2102 7.25827
55.1 25.5536 26.3619 55.1755 7.28213
55.2 25.5993 26.338 55.1407 7.30601
55.3 25.6451 26.3141 55.1059 7.32992
55.4 25.6909 26.2901 55.071 7.35386
55.5 25.7366 26.2662 55.0361 7.37783
55.6 25.7824 26.2422 55.0011 7.40183
55.7 25.8281 26.2181 54.9661 7.42586
55.8 25.8739 26.1941 54.9311 7.44992
55.9 25.9196 26.17 54.8959 7.474
56 25.9654 26.1459 54.8608 7.49811
56.1 26.0111 26.1217 54.8256 7.52225
56.2 26.0568 26.0976 54.7903 7.54642
56.3 26.1026 26.0734 54.755 7.57062
56.4 26.1483 26.0492 54.7197 7.59485
56.5 26.194 26.0249 54.6843 7.6191
56.6 26.2397 26.0006 54.6488 7.64339
56.7 26.2854 25.9763 54.6134 7.6677
56.8 26.3311 25.952 54.5778 7.69203
56.9 26.3768 25.9276 54.5422 7.7164
57 26.4225 25.9032 54.5066 7.74079
57.1 26.4682 25.8788 54.471 7.76521
57.2 26.5139 25.8543 54.4352 7.78966
57.3 26.5596 25.8299 54.3995 7.81414
57.4 26.6053 25.8054 54.3637 7.83864
57.5 26.651 25.7808 54.3278 7.86318
57.6 26.6966 25.7563 54.2919 7.88773
57.7 26.7423 25.7317 54.256 7.91232
57.8 26.788 25.7071 54.22 7.93693
57.9 26.8336 25.6824 54.184 7.96157
58 26.8793 25.6578 54.1479 7.98624
58.1 26.925 25.6331 54.1118 8.01093
58.2 26.9706 25.6083 54.0757 8.03565
58.3 27.0163 25.5836 54.0395 8.0604
58.4 27.0619 25.5588 54.0032 8.08518
58.5 27.1075 25.534 53.967 8.10998
58.6 27.1532 25.5092 53.9306 8.1348
58.7 27.1988 25.4843 53.8943 8.15966
58.8 27.2444 25.4595 53.8579 8.18454
58.9 27.29 25.4346 53.8214 8.20945
59 27.3357 25.4096 53.7849 8.23438
59.1 27.3813 25.3847 53.7484 8.25934
59.2 27.4269 25.3597 53.7118 8.28432
59.3 27.4725 25.3347 53.6752 8.30933
59.4 27.5181 25.3096 53.6386 8.33437
59.5 27.5637 25.2846 53.6019 8.35943
59.6 27.6093 25.2595 53.5652 8.38452
59.7 27.6549 25.2344 53.5284 8.40964
59.8 27.7005 25.2092 53.4916 8.43478
59.9 27.746 25.1841 53.4547 8.45994
60 27.7916 25.1589 53.4179 8.48513
60.1 27.8372 25.1337 53.3809 8.51035
60.2 27.8827 25.1084 53.344 8.53559
60.3 27.9283 25.0831 53.307 8.56086
60.4 27.9739 25.0579 53.2699 8.58615
60.5 28.0194 25.0325 53.2328 8.61147
60.6 28.065 25.0072 53.1957 8.63681
60.7 28.1105 24.9818 53.1586 8.66218
60.8 28.156 24.9564 53.1214 8.68757
60.9 28.2016 24.931 53.0841 8.71298
61 28.2471 24.9056 53.0469 8.73843
61.1 28.2926 24.8801 53.0096 8.76389
61.2 28.3382 24.8546 52.9722 8.78938
61.3 28.3837 24.8291 52.9349 8.8149
61.4 28.4292 24.8036 52.8974 8.84044
61.5 28.4747 24.778 52.86 8.866
61.6 28.5202 24.7524 52.8225 8.89159
61.7 28.5657 24.7268 52.785 8.9172
61.8 28.6112 24.7012 52.7474 8.94284
61.9 28.6567 24.6755 52.7098 8.9685
62 28.7022 24.6498 52.6722 8.99418
62.1 28.7476 24.6241 52.6345 9.01989
62.2 28.7931 24.5984 52.5968 9.04562
62.3 28.8386 24.5726 52.5591 9.07138
62.4 28.8841 24.5468 52.5213 9.09716
62.5 28.9295 24.521 52.4835 9.12296
62.6 28.975 24.4952 52.4457 9.14879
62.7 29.0204 24.4694 52.4078 9.17464
62.8 29.0659 24.4435 52.3699 9.20051
62.9 29.1113 24.4176 52.332 9.2264
63 29.1567 24.3917 52.294 9.25232
63.1 29.2022 24.3657 52.256 9.27827
63.2 29.2476 24.3398 52.2179 9.30423
63.3 29.293 24.3138 52.1799 9.33022
63.4 29.3385 24.2878 52.1418 9.35623
63.5 29.3839 24.2617 52.1036 9.38226
63.6 29.4293 24.2357 52.0654 9.40832
63.7 29.4747 24.2096 52.0272 9.4344
63.8 29.5201 24.1835 51.989 9.4605
63.9 29.5655 24.1574 51.9507 9.48662
64 29.6109 24.1312 51.9124 9.51277
64.1 29.6562 24.1051 51.8741 9.53894
64.2 29.7016 24.0789 51.8357 9.56513
64.3 29.747 24.0527 51.7973 9.59134
64.4 29.7924 24.0264 51.7589 9.61758
64.5 29.8377 24.0002 51.7204 9.64383
64.6 29.8831 23.9739 51.6819 9.67011
64.7 29.9284 23.9476 51.6434 9.69641
64.8 29.9738 23.9213 51.6048 9.72273
64.9 30.0191 23.8949 51.5663 9.74908
65 30.0645 23.8686 51.5276 9.77544
65.1 30.1098 23.8422 51.489 9.80183
65.2 30.1551 23.8158 51.4503 9.82824
65.3 30.2005 23.7893 51.4116 9.85467
65.4 30.2458 23.7629 51.3729 9.88112
65.5 30.2911 23.7364 51.3341 9.90759
65.6 30.3364 23.7099 51.2953 9.93408
65.7 30.3817 23.6834 51.2565 9.9606
65.8 30.427 23.6569 51.2176 9.98713
65.9 30.4723 23.6303 51.1787 10.0137
66 30.5176 23.6037 51.1398 10.0403
66.1 30.5629 23.5771 51.1008 10.0669
66.2 30.6082 23.5505 51.0619 10.0935
66.3 30.6534 23.5239 51.0229 10.1201
66.4 30.6987 23.4972 50.9838 10.1468
66.5 30.744 23.4705 50.9448 10.1735
66.6 30.7892 23.4438 50.9057 10.2002
66.7 30.8345 23.4171 50.8665 10.2269
66.8 30.8797 23.3904 50.8274 10.2536
66.9 30.9249 23.3636 50.7882 10.2804
67 30.9702 23.3369 50.749 10.3071
67.1 31.0154 23.3101 50.7098 10.3339
67.2 31.0606 23.2832 50.6705 10.3608
67.3 31.1059 23.2564 50.6312 10.3876
67.4 31.1511 23.2295 50.5919 10.4145
67.5 31.1963 23.2027 50.5526 10.4413
67.6 31.2415 23.1758 50.5132 10.4682
67.7 31.2867 23.1488 50.4738 10.4952
67.8 31.3319 23.1219 50.4344 10.5221
67.9 31.377 23.095 50.3949 10.549
68 31.4222 23.068 50.3554 10.576
68.1 31.4674 23.041 50.3159 10.603
68.2 31.5126 23.014 50.2764 10.63
68.3 31.5577 22.9869 50.2368 10.6571
68.4 31.6029 22.9599 50.1972 10.6841
68.5 31.648 22.9328 50.1576 10.7112
68.6 31.6932 22.9057 50.118 10.7383
68.7 31.7383 22.8786 50.0783 10.7654
68.8 31.7835 22.8515 50.0386 10.7925
68.9 31.8286 22.8244 49.9989 10.8196
69 31.8737 22.7972 49.9592 10.8468
69.1 31.9188 22.77 49.9194 10.874
69.2 31.964 22.7428 49.8796 10.9012
69.3 32.0091 22.7156 49.8398 10.9284
69.4 32.0542 22.6884 49.7999 10.9556
69.5 32.0993 22.6611 49.7601 10.9829
69.6 32.1443 22.6339 49.7202 11.0101
69.7 32.1894 22.6066 49.6803 11.0374
69.8 32.2345 22.5793 49.6403 11.0647
69.9 32.2796 22.552 49.6003 11.092
70 32.3246 22.5246 49.5604 11.1194
70.1 32.3697 22.4973 49.5203 11.1467
70.2 32.4148 22.4699 49.4803 11.1741
70.3 32.4598 22.4425 49.4402 11.2015
70.4 32.5048 22.4151 49.4001 11.2289
70.5 32.5499 22.3877 49.36 11.2563
70.6 32.5949 22.3602 49.3199 11.2838
70.7 32.6399 22.3328 49.2797 11.3112
70.8 32.6849 22.3053 49.2395 11.3387
70.9 32.73 22.2778 49.1993 11.3662
71 32.775 22.2503 49.1591 11.3937
71.1 32.82 22.2228 49.1188 11.4212
71.2 32.865 22.1952 49.0785 11.4488
71.3 32.9099 22.1677 49.0382 11.4763
71.4 32.9549 22.1401 48.9979 11.5039
71.5 32.9999 22.1125 48.9575 11.5315
71.6 33.0449 22.0849 48.9172 11.5591
71.7 33.0898 22.0573 48.8768 11.5867
71.8 33.1348 22.0296 48.8364 11.6144
71.9 33.1797 22.002 48.7959 11.642
72 33.2247 21.9743 48.7554 11.6697
72.1 33.2696 21.9466 48.715 11.6974
72.2 33.3145 21.9189 48.6744 11.7251
72.3 33.3595 21.8912 48.6339 11.7528
72.4 33.4044 21.8635 48.5934 11.7805
72.5 33.4493 21.8357 48.5528 11.8083
72.6 33.4942 21.8079 48.5122 11.8361
72.7 33.5391 21.7802 48.4716 11.8638
72.8 33.584 21.7524 48.4309 11.8916
72.9 33.6289 21.7246 48.3902 11.9194
73 33.6738 21.6967 48.3496 11.9473
73.1 33.7186 21.6689 48.3089 11.9751
73.2 33.7635 21.6411 48.2681 12.0029
73.3 33.8084 21.6132 48.2274 12.0308
73.4 33.8532 21.5853 48.1866 12.0587
73.5 33.8981 21.5574 48.1458 12.0866
73.6 33.9429 21.5295 48.105 12.1145
73.7 33.9877 21.5016 48.0641 12.1424
73.8 34.0326 21.4736 48.0233 12.1704
73.9 34.0774 21.4457 47.9824 12.1983
74 34.1222 21.4177 47.9415 12.2263
74.1 34.167 21.3897 47.9006 12.2543
74.2 34.2118 21.3617 47.8596 12.2823
74.3 34.2566 21.3337 47.8187 12.3103
74.4 34.3014 21.3057 47.7777 12.3383
74.5 34.3462 21.2777 47.7367 12.3663
74.6 34.3909 21.2496 47.6957 12.3944
74.7 34.4357 21.2215 47.6546 12.4225
74.8 34.4805 21.1935 47.6136 12.4505
74.9 34.5252 21.1654 47.5725 12.4786
75 34.57 21.1373 47.5314 12.5067
75.1 34.6147 21.1091 47.4903 12.5349
75.2 34.6594 21.081 47.4491 12.563
75.3 34.7042 21.0529 47.408 12.5911
75.4 34.7489 21.0247 47.3668 12.6193
75.5 34.7936 20.9965 47.3256 12.6475
75.6 34.8383 20.9684 47.2843 12.6756
75.7 34.883 20.9402 47.2431 12.7038
75.8 34.9277 20.912 47.2018 12.732
75.9 34.9724 20.8837 47.1606 12.7603
76 35.017 20.8555 47.1193 12.7885
76.1 35.0617 20.8273 47.0779 12.8167
76.2 35.1064 20.799 47.0366 12.845
76.3 35.151 20.7707 46.9953 12.8733
76.4 35.1957 20.7425 46.9539 12.9015
76.5 35.2403 20.7142 46.9125 12.9298
76.6 35.2849 20.6859 46.8711 12.9581
76.7 35.3296 20.6576 46.8296 12.9864
76.8 35.3742 20.6292 46.7882 13.0148
76.9 35.4188 20.6009 46.7467 13.0431
77 35.4634 20.5725 46.7052 13.0715
77.1 35.508 20.5442 46.6637 13.0998
77.2 35.5526 20.5158 46.6222 13.1282
77.3 35.5972 20.4874 46.5807 13.1566
77.4 35.6417 20.459 46.5391 13.185
77.5 35.6863 20.4306 46.4975 13.2134
77.6 35.7309 20.4022 46.4559 13.2418
77.7 35.7754 20.3738 46.4143 13.2702
77.8 35.82 20.3453 46.3727 13.2987
77.9 35.8645 20.3169 46.331 13.3271
78 35.909 20.2884 46.2894 13.3556
78.1 35.9535 20.2599 46.2477 13.3841
78.2 35.9981 20.2315 46.206 13.4125
78.3 36.0426 20.203 46.1643 13.441
78.4 36.0871 20.1745 46.1225 13.4695
78.5 36.1316 20.1459 46.0808 13.4981
78.6 36.176 20.1174 46.039 13.5266
78.7 36.2205 20.0889 45.9972 13.5551
78.8 36.265 20.0603 45.9554 13.5837
78.9 36.3094 20.0318 45.9136 13.6122
79 36.3539 20.0032 45.8717 13.6408
79.1 36.3983 19.9747 45.8299 13.6693
79.2 36.4428 19.9461 45.788 13.6979
79.3 36.4872 19.9175 45.7461 13.7265
79.4 36.5316 19.8889 45.7042 13.7551
79.5 36.576 19.8603 45.6623 13.7837
79.6 36.6204 19.8316 45.6203 13.8124
79.7 36.6648 19.803 45.5783 13.841
79.8 36.7092 19.7744 45.5364 13.8696
79.9 36.7536 19.7457 45.4944 13.8983
80 36.798 19.7171 45.4524 13.9269
80.1 36.8423 19.6884 45.4103 13.9556
80.2 36.8867 19.6597 45.3683 13.9843
80.3 36.931 19.6311 45.3262 14.0129
80.4 36.9754 19.6024 45.2842 14.0416
80.5 37.0197 19.5737 45.2421 14.0703
80.6 37.064 19.545 45.2 14.099
80.7 37.1083 19.5162 45.1579 14.1278
80.8 37.1526 19.4875 45.1157 14.1565
80.9 37.1969 19.4588 45.0736 14.1852
81 37.2412 19.43 45.0314 14.214
81.1 37.2855 19.4013 44.9892 14.2427
81.2 37.3298 19.3725 44.947 14.2715
81.3 37.374 19.3438 44.9048 14.3002
81.4 37.4183 19.315 44.8625 14.329
81.5 37.4626 19.2862 44.8203 14.3578
81.6 37.5068 19.2574 44.778 14.3866
81.7 37.551 19.2286 44.7358 14.4154
81.8 37.5952 19.1998 44.6935 14.4442
81.9 37.6395 19.171 44.6512 14.473
82 37.6837 19.1422 44.6088 14.5018
82.1 37.7279 19.1134 44.5665 14.5306
82.2 37.772 19.0846 44.5241 14.5594
82.3 37.8162 19.0557 44.4818 14.5883
82.4 37.8604 19.0269 44.4394 14.6171
82.5 37.9045 18.998 44.397 14.646
82.6 37.9487 18.9692 44.3546 14.6748
82.7 37.9928 18.9403 44.3121 14.7037
82.8 38.037 18.9114 44.2697 14.7326
82.9 38.0811 18.8826 44.2272 14.7614
83 38.1252 18.8537 44.1847 14.7903
83.1 38.1693 18.8248 44.1423 14.8192
83.2 38.2134 18.7959 44.0998 14.8481
83.3 38.2575 18.767 44.0572 14.877
83.4 38.3016 18.7381 44.0147 14.9059
83.5 38.3457 18.7092 43.9722 14.9348
83.6 38.3897 18.6803 43.9296 14.9637
83.7 38.4338 18.6513 43.887 14.9927
83.8 38.4778 18.6224 43.8444 15.0216
83.9 38.5219 18.5935 43.8018 15.0505
84 38.5659 18.5645 43.7592 15.0795
84.1 38.6099 18.5356 43.7166 15.1084
84.2 38.6539 18.5066 43.6739 15.1374
84.3 38.6979 18.4777 43.6313 15.1663
84.4 38.7419 18.4487 43.5886 15.1953
84.5 38.7859 18.4198 43.5459 15.2242
84.6 38.8298 18.3908 43.5032 15.2532
84.7 38.8738 18.3618 43.4605 15.2822
84.8 38.9178 18.3328 43.4178 15.3112
84.9 38.9617 18.3038 43.375 15.3402
85 39.0056 18.2748 43.3323 15.3692
85.1 39.0495 18.2459 43.2895 15.3981
85.2 39.0935 18.2169 43.2467 15.4271
85.3 39.1374 18.1879 43.2039 15.4561
85.4 39.1813 18.1588 43.1611 15.4852
85.5 39.2251 18.1298 43.1183 15.5142
85.6 39.269 18.1008 43.0754 15.5432
85.7 39.3129 18.0718 43.0326 15.5722
85.8 39.3567 18.0428 42.9897 15.6012
85.9 39.4006 18.0138 42.9468 15.6302
86 39.4444 17.9847 42.9039 15.6593
86.1 39.4882 17.9557 42.861 15.6883
86.2 39.5321 17.9267 42.8181 15.7173
86.3 39.5759 17.8976 42.7752 15.7464
86.4 39.6196 17.8686 42.7322 15.7754
86.5 39.6634 17.8395 42.6893 15.8045
86.6 39.7072 17.8105 42.6463 15.8335
86.7 39.751 17.7814 42.6033 15.8626
86.8 39.7947 17.7524 42.5603 15.8916
86.9 39.8385 17.7233 42.5173 15.9207
87 39.8822 17.6942 42.4743 15.9498
87.1 39.9259 17.6652 42.4313 15.9788
87.2 39.9696 17.6361 42.3882 16.0079
87.3 40.0133 17.607 42.3452 16.037
87.4 40.057 17.578 42.3021 16.066
87.5 40.1007 17.5489 42.259 16.0951
87.6 40.1444 17.5198 42.2159 16.1242
87.7 40.1881 17.4907 42.1728 16.1533
87.8 40.2317 17.4617 42.1297 16.1823
87.9 40.2753 17.4326 42.0866 16.2114
88 40.319 17.4035 42.0434 16.2405
88.1 40.3626 17.3744 42.0003 16.2696
88.2 40.4062 17.3453 41.9571 16.2987
88.3 40.4498 17.3162 41.9139 16.3278
88.4 40.4934 17.2871 41.8707 16.3569
88.5 40.537 17.258 41.8275 16.386
88.6 40.5805 17.229 41.7843 16.415
88.7 40.6241 17.1999 41.7411 16.4441
88.8 40.6676 17.1708 41.6978 16.4732
88.9 40.7112 17.1417 41.6546 16.5023
89 40.7547 17.1126 41.6113 16.5314
89.1 40.7982 17.0835 41.5681 16.5605
89.2 40.8417 17.0544 41.5248 16.5896
89.3 40.8852 17.0253 41.4815 16.6187
89.4 40.9287 16.9962 41.4382 16.6478
89.5 40.9721 16.9671 41.3948 16.6769
89.6 41.0156 16.938 41.3515 16.706
89.7 41.059 16.9089 41.3081 16.7351
89.8 41.1025 16.8798 41.2648 16.7642
89.9 41.1459 16.8507 41.2214 16.7933
90 41.1893 16.8216 41.178 16.8224
90.1 41.2327 16.7925 41.1347 16.8515
90.2 41.2761 16.7634 41.0912 16.8806
90.3 41.3195 16.7343 41.0478 16.9097
90.4 41.3628 16.7051 41.0044 16.9389
90.5 41.4062 16.676 40.961 16.968
90.6 41.4495 16.6469 40.9175 16.9971
90.7 41.4929 16.6178 40.8741 17.0262
90.8 41.5362 16.5887 40.8306 17.0553
90.9 41.5795 16.5596 40.7871 17.0844
91 41.6228 16.5305 40.7436 17.1135
91.1 41.6661 16.5014 40.7001 17.1426
91.2 41.7093 16.4724 40.6566 17.1716
91.3 41.7526 16.4433 40.6131 17.2007
91.4 41.7959 16.4142 40.5695 17.2298
91.5 41.8391 16.3851 40.526 17.2589
91.6 41.8823 16.356 40.4824 17.288
91.7 41.9255 16.3269 40.4389 17.3171
91.8 41.9687 16.2978 40.3953 17.3462
91.9 42.0119 16.2687 40.3517 17.3753
92 42.0551 16.2396 40.3081 17.4044
92.1 42.0983 16.2105 40.2645 17.4335
92.2 42.1414 16.1815 40.2209 17.4625
92.3 42.1846 16.1524 40.1772 17.4916
92.4 42.2277 16.1233 40.1336 17.5207
92.5 42.2708 16.0942 40.0899 17.5498
92.6 42.3139 16.0651 40.0463 17.5789
92.7 42.357 16.0361 40.0026 17.6079
92.8 42.4001 16.007 39.9589 17.637
92.9 42.4431 15.9779 39.9152 17.6661
93 42.4862 15.9489 39.8715 17.6951
93.1 42.5292 15.9198 39.8278 17.7242
93.2 42.5723 15.8908 39.7841 17.7532
93.3 42.6153 15.8617 39.7403 17.7823
93.4 42.6583 15.8326 39.6966 17.8114
93.5 42.7013 15.8036 39.6528 17.8404
93.6 42.7442 15.7746 39.6091 17.8694
93.7 42.7872 15.7455 39.5653 17.8985
93.8 42.8302 15.7165 39.5215 17.9275
93.9 42.8731 15.6874 39.4777 17.9566
94 42.916 15.6584 39.4339 17.9856
94.1 42.9589 15.6294 39.3901 18.0146
94.2 43.0018 15.6003 39.3463 18.0437
94.3 43.0447 15.5713 39.3024 18.0727
94.4 43.0876 15.5423 39.2586 18.1017
94.5 43.1304 15.5133 39.2147 18.1307
94.6 43.1733 15.4843 39.1709 18.1597
94.7 43.2161 15.4553 39.127 18.1887
94.8 43.2589 15.4263 39.0831 18.2177
94.9 43.3017 15.3973 39.0392 18.2467
95 43.3445 15.3683 38.9953 18.2757
95.1 43.3873 15.3393 38.9514 18.3047
95.2 43.4301 15.3103 38.9075 18.3337
95.3 43.4728 15.2813 38.8635 18.3627
95.4 43.5156 15.2523 38.8196 18.3917
95.5 43.5583 15.2234 38.7756 18.4206
95.6 43.601 15.1944 38.7317 18.4496
95.7 43.6437 15.1654 38.6877 18.4786
95.8 43.6864 15.1365 38.6437 18.5075
95.9 43.7291 15.1075 38.5997 18.5365
96 43.7717 15.0786 38.5557 18.5654
96.1 43.8143 15.0496 38.5117 18.5944
96.2 43.857 15.0207 38.4677 18.6233
96.3 43.8996 14.9918 38.4237 18.6522
96.4 43.9422 14.9629 38.3796 18.6811
96.5 43.9848 14.9339 38.3356 18.7101
96.6 44.0273 14.905 38.2916 18.739
96.7 44.0699 14.8761 38.2475 18.7679
96.8 44.1124 14.8472 38.2034 18.7968
96.9 44.155 14.8183 38.1593 18.8257
97 44.1975 14.7894 38.1152 18.8546
97.1 44.24 14.7606 38.0711 18.8834
97.2 44.2824 14.7317 38.027 18.9123
97.3 44.3249 14.7028 37.9829 18.9412
97.4 44.3674 14.6739 37.9388 18.9701
97.5 44.4098 14.6451 37.8947 18.9989
97.6 44.4522 14.6162 37.8505 19.0278
97.7 44.4946 14.5874 37.8064 19.0566
97.8 44.537 14.5586 37.7622 19.0854
97.9 44.5794 14.5297 37.718 19.1143
98 44.6218 14.5009 37.6739 19.1431
98.1 44.6641 14.4721 37.6297 19.1719
98.2 44.7064 14.4433 37.5855 19.2007
98.3 44.7488 14.4145 37.5413 19.2295
98.4 44.7911 14.3857 37.4971 19.2583
98.5 44.8334 14.3569 37.4528 19.2871
98.6 44.8756 14.3281 37.4086 19.3159
98.7 44.9179 14.2993 37.3644 19.3447
98.8 44.9601 14.2706 37.3201 19.3734
98.9 45.0023 14.2418 37.2759 19.4022
99 45.0446 14.2131 37.2316 19.4309
99.1 45.0868 14.1843 37.1873 19.4597
99.2 45.1289 14.1556 37.143 19.4884
99.3 45.1711 14.1269 37.0988 19.5171
99.4 45.2132 14.0982 37.0545 19.5458
99.5 45.2554 14.0695 37.0102 19.5745
99.6 45.2975 14.0408 36.9658 19.6032
99.7 45.3396 14.0121 36.9215 19.6319
99.8 45.3817 13.9834 36.8772 19.6606
99.9 45.4237 13.9547 36.8329 19.6893
100 45.4658 13.926 36.7885 19.718
100.1 45.5078 13.8974 36.7441 19.7466
100.2 45.5498 13.8687 36.6998 19.7753
100.3 45.5918 13.8401 36.6554 19.8039
100.4 45.6338 13.8115 36.611 19.8325
100.5 45.6758 13.7829 36.5666 19.8611
100.6 45.7177 13.7542 36.5223 19.8898
100.7 45.7597 13.7256 36.4778 19.9184
100.8 45.8016 13.697 36.4334 19.947
100.9 45.8435 13.6685 36.389 19.9755
101 45.8854 13.6399 36.3446 20.0041
101.1 45.9272 13.6113 36.3002 20.0327
101.2 45.9691 13.5828 36.2557 20.0612
101.3 46.0109 13.5542 36.2113 20.0898
101.4 46.0527 13.5257 36.1668 20.1183
101.5 46.0945 13.4972 36.1223 20.1468
101.6 46.1363 13.4687 36.0779 20.1753
101.7 46.1781 13.4402 36.0334 20.2038
101.8 46.2198 13.4117 35.9889 20.2323
101.9 46.2615 13.3832 35.9444 20.2608
102 46.3032 13.3547 35.8999 20.2893
102.1 46.3449 13.3262 35.8554 20.3178
102.2 46.3866 13.2978 35.8109 20.3462
102.3 46.4283 13.2694 35.7663 20.3746
102.4 46.4699 13.2409 35.7218 20.4031
102.5 46.5115 13.2125 35.6773 20.4315
102.6 46.5531 13.1841 35.6327 20.4599
102.7 46.5947 13.1557 35.5881 20.4883
102.8 46.6363 13.1273 35.5436 20.5167
102.9 46.6778 13.0989 35.499 20.5451
103 46.7194 13.0706 35.4544 20.5734
103.1 46.7609 13.0422 35.4098 20.6018
103.2 46.8024 13.0139 35.3652 20.6301
103.3 46.8438 12.9856 35.3206 20.6584
103.4 46.8853 12.9573 35.276 20.6867
103.5 46.9267 12.9289 35.2314 20.7151
103.6 46.9682 12.9007 35.1868 20.7433
103.7 47.0096 12.8724 35.1422 20.7716
103.8 47.0509 12.8441 35.0975 20.7999
103.9 47.0923 12.8158 35.0529 20.8282
104 47.1336 12.7876 35.0082 20.8564
104.1 47.175 12.7594 34.9636 20.8846
104.2 47.2163 12.7312 34.9189 20.9128
104.3 47.2576 12.7029 34.8742 20.9411
104.4 47.2988 12.6748 34.8295 20.9692
104.5 47.3401 12.6466 34.7849 20.9974
104.6 47.3813 12.6184 34.7402 21.0256
104.7 47.4225 12.5902 34.6955 21.0538
104.8 47.4637 12.5621 34.6508 21.0819
104.9 47.5049 12.534 34.606 21.11
105 47.546 12.5059 34.5613 21.1381
105.1 47.5872 12.4777 34.5166 21.1663
105.2 47.6283 12.4497 34.4718 21.1943
105.3 47.6694 12.4216 34.4271 21.2224
105.4 47.7104 12.3935 34.3823 21.2505
105.5 47.7515 12.3655 34.3376 21.2785
105.6 47.7925 12.3374 34.2928 21.3066
105.7 47.8335 12.3094 34.2481 21.3346
105.8 47.8745 12.2814 34.2033 21.3626
105.9 47.9155 12.2534 34.1585 21.3906
106 47.9564 12.2254 34.1137 21.4186
106.1 47.9973 12.1974 34.0689 21.4466
106.2 48.0382 12.1695 34.0241 21.4745
106.3 48.0791 12.1415 33.9793 21.5025
106.4 48.12 12.1136 33.9345 21.5304
106.5 48.1608 12.0857 33.8896 21.5583
106.6 48.2017 12.0578 33.8448 21.5862
106.7 48.2425 12.0299 33.8 21.6141
106.8 48.2832 12.0021 33.7551 21.6419
106.9 48.324 11.9742 33.7103 21.6698
107 48.3647 11.9464 33.6654 21.6976
107.1 48.4054 11.9185 33.6206 21.7255
107.2 48.4461 11.8907 33.5757 21.7533
107.3 48.4868 11.8629 33.5308 21.7811
107.4 48.5275 11.8352 33.4859 21.8088
107.5 48.5681 11.8074 33.441 21.8366
107.6 48.6087 11.7797 33.3961 21.8643
107.7 48.6493 11.7519 33.3512 21.8921
107.8 48.6898 11.7242 33.3063 21.9198
107.9 48.7304 11.6965 33.2614 21.9475
108 48.7709 11.6688 33.2165 21.9752
108.1 48.8114 11.6411 33.1716 22.0029
108.2 48.8519 11.6135 33.1266 22.0305
108.3 48.8923 11.5859 33.0817 22.0581
108.4 48.9327 11.5582 33.0367 22.0858
108.5 48.9731 11.5306 32.9918 22.1134
108.6 49.0135 11.503 32.9468 22.141
108.7 49.0539 11.4755 32.9018 22.1685
108.8 49.0942 11.4479 32.8569 22.1961
108.9 49.1345 11.4204 32.8119 22.2236
109 49.1748 11.3928 32.7669 22.2512
109.1 49.2151 11.3653 32.7219 22.2787
109.2 49.2553 11.3378 32.6769 22.3062
109.3 49.2955 11.3104 32.6319 22.3336
109.4 49.3357 11.2829 32.5869 22.3611
109.5 49.3759 11.2555 32.5419 22.3885
109.6 49.416 11.228 32.4969 22.416
109.7 49.4562 11.2006 32.4519 22.4434
109.8 49.4962 11.1732 32.4068 22.4708
109.9 49.5363 11.1459 32.3618 22.4981
110 49.5764 11.1185 32.3167 22.5255
110.1 49.6164 11.0912 32.2717 22.5528
110.2 49.6564 11.0638 32.2266 22.5802
110.3 49.6964 11.0365 32.1816 22.6075
110.4 49.7363 11.0093 32.1365 22.6347
110.5 49.7762 10.982 32.0914 22.662
110.6 49.8161 10.9547 32.0463 22.6893
110.7 49.856 10.9275 32.0013 22.7165
110.8 49.8959 10.9003 31.9562 22.7437
110.9 49.9357 10.8731 31.9111 22.7709
111 49.9755 10.8459 31.866 22.7981
111.1 50.0153 10.8187 31.8209 22.8253
111.2 50.055 10.7916 31.7757 22.8524
111.3 50.0947 10.7645 31.7306 22.8795
111.4 50.1344 10.7374 31.6855 22.9066
111.5 50.1741 10.7103 31.6404 22.9337
111.6 50.2137 10.6832 31.5952 22.9608
111.7 50.2534 10.6562 31.5501 22.9878
111.8 50.2929 10.6291 31.5049 23.0149
111.9 50.3325 10.6021 31.4598 23.0419
112 50.372 10.5751 31.4146 23.0689
112.1 50.4116 10.5482 31.3694 23.0958
112.2 50.451 10.5212 31.3243 23.1228
112.3 50.4905 10.4943 31.2791 23.1497
112.4 50.5299 10.4674 31.2339 23.1766
112.5 50.5693 10.4405 31.1887 23.2035
112.6 50.6087 10.4136 31.1435 23.2304
112.7 50.6481 10.3867 31.0983 23.2573
112.8 50.6874 10.3599 31.0531 23.2841
112.9 50.7267 10.3331 31.0079 23.3109
113 50.7659 10.3063 30.9627 23.3377
113.1 50.8052 10.2795 30.9175 23.3645
113.2 50.8444 10.2527 30.8723 23.3913
113.3 50.8836 10.226 30.827 23.418
113.4 50.9227 10.1993 30.7818 23.4447
113.5 50.9618 10.1726 30.7366 23.4714
113.6 51.0009 10.1459 30.6913 23.4981
113.7 51.04 10.1192 30.6461 23.5248
113.8 51.079 10.0926 30.6008 23.5514
113.9 51.1181 10.066 30.5555 23.578
114 51.157 10.0394 30.5103 23.6046
114.1 51.196 10.0128 30.465 23.6312
114.2 51.2349 9.98625 30.4197 23.6578
114.3 51.2738 9.95971 30.3744 23.6843
114.4 51.3127 9.9332 30.3291 23.7108
114.5 51.3515 9.90671 30.2838 23.7373
114.6 51.3903 9.88024 30.2385 23.7638
114.7 51.4291 9.85379 30.1932 23.7902
114.8 51.4678 9.82736 30.1479 23.8166
114.9 51.5065 9.80095 30.1026 23.8431
115 51.5452 9.77456 30.0573 23.8694
115.1 51.5839 9.7482 30.012 23.8958
115.2 51.6225 9.72185 29.9666 23.9221
115.3 51.6611 9.69553 29.9213 23.9485
115.4 51.6996 9.66923 29.876 23.9748
115.5 51.7382 9.64295 29.8306 24.001
115.6 51.7767 9.61669 29.7853 24.0273
115.7 51.8151 9.59046 29.7399 24.0535
115.8 51.8536 9.56425 29.6945 24.0798
115.9 51.892 9.53806 29.6492 24.1059
116 51.9303 9.51189 29.6038 24.1321
116.1 51.9687 9.48574 29.5584 24.1583
116.2 52.007 9.45962 29.5131 24.1844
116.3 52.0452 9.43352 29.4677 24.2105
116.4 52.0835 9.40744 29.4223 24.2366
116.5 52.1217 9.38138 29.3769 24.2626
116.6 52.1599 9.35535 29.3315 24.2887
116.7 52.198 9.32934 29.2861 24.3147
116.8 52.2361 9.30335 29.2407 24.3407
116.9 52.2742 9.27738 29.1952 24.3666
117 52.3122 9.25144 29.1498 24.3926
117.1 52.3503 9.22552 29.1044 24.4185
117.2 52.3882 9.19963 29.059 24.4444
117.3 52.4262 9.17375 29.0135 24.4702
117.4 52.4641 9.1479 28.9681 24.4961
117.5 52.502 9.12208 28.9227 24.5219
117.6 52.5398 9.09627 28.8772 24.5477
117.7 52.5776 9.0705 28.8318 24.5735
117.8 52.6154 9.04474 28.7863 24.5993
117.9 52.6531 9.01901 28.7408 24.625
118 52.6908 8.9933 28.6954 24.6507
118.1 52.7285 8.96762 28.6499 24.6764
118.2 52.7661 8.94196 28.6044 24.702
118.3 52.8037 8.91632 28.5589 24.7277
118.4 52.8413 8.89071 28.5135 24.7533
118.5 52.8788 8.86512 28.468 24.7789
118.6 52.9163 8.83956 28.4225 24.8044
118.7 52.9537 8.81402 28.377 24.83
118.8 52.9911 8.7885 28.3315 24.8555
118.9 53.0285 8.76301 28.286 24.881
119 53.0659 8.73754 28.2405 24.9065
119.1 53.1032 8.7121 28.1949 24.9319
119.2 53.1404 8.68669 28.1494 24.9573
119.3 53.1777 8.66129 28.1039 24.9827
119.4 53.2148 8.63593 28.0584 25.0081
119.5 53.252 8.61058 28.0128 25.0334
119.6 53.2891 8.58527 27.9673 25.0587
119.7 53.3262 8.55998 27.9217 25.084
119.8 53.3632 8.53471 27.8762 25.1093
119.9 53.4002 8.50947 27.8306 25.1345
120 53.4372 8.48425 27.7851 25.1597
120.1 53.4741 8.45906 27.7395 25.1849
120.2 53.511 8.43389 27.694 25.2101
120.3 53.5479 8.40875 27.6484 25.2352
120.4 53.5847 8.38364 27.6028 25.2604
120.5 53.6214 8.35855 27.5572 25.2854
120.6 53.6582 8.33349 27.5117 25.3105
120.7 53.6948 8.30845 27.4661 25.3355
120.8 53.7315 8.28344 27.4205 25.3606
120.9 53.7681 8.25845 27.3749 25.3855
121 53.8047 8.2335 27.3293 25.4105
121.1 53.8412 8.20856 27.2837 25.4354
121.2 53.8777 8.18366 27.2381 25.4603
121.3 53.9141 8.15878 27.1925 25.4852
121.4 53.9505 8.13392 27.1468 25.5101
121.5 53.9869 8.1091 27.1012 25.5349
121.6 54.0232 8.08429 27.0556 25.5597
121.7 54.0595 8.05952 27.01 25.5845
121.8 54.0957 8.03477 26.9643 25.6092
121.9 54.1319 8.01005 26.9187 25.6339
122 54.1681 7.98536 26.873 25.6586
122.1 54.2042 7.96069 26.8274 25.6833
122.2 54.2402 7.93605 26.7817 25.7079
122.3 54.2763 7.91144 26.7361 25.7326
122.4 54.3122 7.88685 26.6904 25.7571
122.5 54.3482 7.86229 26.6448 25.7817
122.6 54.3841 7.83776 26.5991 25.8062
122.7 54.4199 7.81326 26.5534 25.8307
122.8 54.4557 7.78878 26.5078 25.8552
122.9 54.4915 7.76433 26.4621 25.8797
123 54.5272 7.73991 26.4164 25.9041
123.1 54.5628 7.71552 26.3707 25.9285
123.2 54.5985 7.69115 26.325 25.9528
123.3 54.634 7.66681 26.2793 25.9772
123.4 54.6696 7.6425 26.2336 26.0015
123.5 54.705 7.61822 26.1879 26.0258
123.6 54.7405 7.59397 26.1422 26.05
123.7 54.7759 7.56974 26.0965 26.0743
123.8 54.8112 7.54554 26.0508 26.0985
123.9 54.8465 7.52137 26.0051 26.1226
124 54.8818 7.49723 25.9594 26.1468
124.1 54.917 7.47312 25.9136 26.1709
124.2 54.9521 7.44903 25.8679 26.195
124.3 54.9872 7.42498 25.8222 26.219
124.4 55.0223 7.40095 25.7764 26.243
124.5 55.0573 7.37695 25.7307 26.267
124.6 55.0922 7.35298 25.6849 26.291
124.7 55.1271 7.32904 25.6392 26.315
124.8 55.162 7.30513 25.5934 26.3389
124.9 55.1968 7.28125 25.5477 26.3628
125 55.2316 7.25739 25.5019 26.3866
125.1 55.2663 7.23357 25.4562 26.4104
125.2 55.301 7.20977 25.4104 26.4342
125.3 55.3356 7.186 25.3646 26.458
125.4 55.3701 7.16227 25.3188 26.4817
125.5 55.4046 7.13856 25.2731 26.5054
125.6 55.4391 7.11488 25.2273 26.5291
125.7 55.4735 7.09123 25.1815 26.5528
125.8 55.5078 7.06761 25.1357 26.5764
125.9 55.5421 7.04402 25.0899 26.6
126 55.5764 7.02046 25.0441 26.6235
126.1 55.6106 6.99693 24.9983 26.6471
126.2 55.6447 6.97344 24.9525 26.6706
126.3 55.6788 6.94997 24.9067 26.694
126.4 55.7129 6.92653 24.8609 26.7175
126.5 55.7468 6.90312 24.8151 26.7409
126.6 55.7808 6.87974 24.7693 26.7643
126.7 55.8146 6.85639 24.7234 26.7876
126.8 55.8484 6.83307 24.6776 26.8109
126.9 55.8822 6.80978 24.6318 26.8342
127 55.9159 6.78652 24.5859 26.8575
127.1 55.9496 6.7633 24.5401 26.8807
127.2 55.9832 6.7401 24.4943 26.9039
127.3 56.0167 6.71693 24.4484 26.9271
127.4 56.0502 6.6938 24.4026 26.9502
127.5 56.0836 6.67069 24.3567 26.9733
127.6 56.117 6.64762 24.3109 26.9964
127.7 56.1503 6.62458 24.265 27.0194
127.8 56.1835 6.60157 24.2192 27.0424
127.9 56.2167 6.57859 24.1733 27.0654
128 56.2498 6.55564 24.1274 27.0884
128.1 56.2829 6.53272 24.0816 27.1113
128.2 56.3159 6.50984 24.0357 27.1342
128.3 56.3489 6.48698 23.9898 27.157
128.4 56.3818 6.46416 23.9439 27.1798
128.5 56.4146 6.44137 23.898 27.2026
128.6 56.4474 6.41861 23.8521 27.2254
128.7 56.4801 6.39588 23.8063 27.2481
128.8 56.5127 6.37318 23.7604 27.2708
128.9 56.5453 6.35052 23.7145 27.2935
129 56.5778 6.32788 23.6686 27.3161
129.1 56.6103 6.30528 23.6227 27.3387
129.2 56.6427 6.28271 23.5767 27.3613
129.3 56.675 6.26018 23.5308 27.3838
129.4 56.7073 6.23767 23.4849 27.4063
129.5 56.7395 6.2152 23.439 27.4288
129.6 56.7717 6.19276 23.3931 27.4512
129.7 56.8037 6.17035 23.3472 27.4737
129.8 56.8358 6.14797 23.3012 27.496
129.9 56.8677 6.12563 23.2553 27.5184
130 56.8996 6.10332 23.2094 27.5407
130.1 56.9314 6.08104 23.1634 27.563
130.2 56.9631 6.0588 23.1175 27.5852
130.3 56.9948 6.03659 23.0715 27.6074
130.4 57.0264 6.01441 23.0256 27.6296
130.5 57.058 5.99226 22.9796 27.6517
130.6 57.0895 5.97015 22.9337 27.6739
130.7 57.1209 5.94807 22.8877 27.6959
130.8 57.1522 5.92602 22.8418 27.718
130.9 57.1835 5.90401 22.7958 27.74
131 57.2147 5.88203 22.7498 27.762
131.1 57.2458 5.86008 22.7039 27.7839
131.2 57.2769 5.83816 22.6579 27.8058
131.3 57.3079 5.81628 22.6119 27.8277
131.4 57.3388 5.79444 22.5659 27.8496
131.5 57.3696 5.77262 22.52 27.8714
131.6 57.4004 5.75084 22.474 27.8932
131.7 57.4311 5.7291 22.428 27.9149
131.8 57.4617 5.70738 22.382 27.9366
131.9 57.4923 5.68571 22.336 27.9583
132 57.5228 5.66406 22.29 27.9799
132.1 57.5532 5.64245 22.244 28.0015
132.2 57.5835 5.62087 22.198 28.0231
132.3 57.6137 5.59933 22.152 28.0447
132.4 57.6439 5.57782 22.106 28.0662
132.5 57.674 5.55635 22.06 28.0876
132.6 57.704 5.53491 22.014 28.1091
132.7 57.734 5.51351 21.9679 28.1305
132.8 57.7639 5.49213 21.9219 28.1519
132.9 57.7936 5.4708 21.8759 28.1732
133 57.8233 5.4495 21.8299 28.1945
133.1 57.853 5.42823 21.7838 28.2158
133.2 57.8825 5.407 21.7378 28.237
133.3 57.912 5.3858 21.6918 28.2582
133.4 57.9414 5.36464 21.6457 28.2794
133.5 57.9707 5.34351 21.5997 28.3005
133.6 57.9999 5.32242 21.5536 28.3216
133.7 58.0291 5.30136 21.5076 28.3426
133.8 58.0581 5.28034 21.4616 28.3637
133.9 58.0871 5.25935 21.4155 28.3847
134 58.116 5.2384 21.3694 28.4056
134.1 58.1448 5.21748 21.3234 28.4265
134.2 58.1735 5.1966 21.2773 28.4474
134.3 58.2022 5.17575 21.2313 28.4682
134.4 58.2307 5.15494 21.1852 28.4891
134.5 58.2592 5.13416 21.1391 28.5098
134.6 58.2876 5.11343 21.093 28.5306
134.7 58.3158 5.09272 21.047 28.5513
134.8 58.344 5.07205 21.0009 28.5719
134.9 58.3722 5.05142 20.9548 28.5926
135 58.4002 5.03082 20.9087 28.6132
135.1 58.4281 5.01026 20.8626 28.6337
135.2 58.4559 4.98974 20.8166 28.6543
135.3 58.4837 4.96925 20.7705 28.6748
135.4 58.5114 4.9488 20.7244 28.6952
135.5 58.5389 4.92838 20.6783 28.7156
135.6 58.5664 4.908 20.6322 28.736
135.7 58.5938 4.88766 20.5861 28.7563
135.8 58.6211 4.86735 20.54 28.7767
135.9 58.6482 4.84708 20.4939 28.7969
136 58.6753 4.82684 20.4477 28.8172
136.1 58.7023 4.80664 20.4016 28.8374
136.2 58.7292 4.78648 20.3555 28.8575
136.3 58.756 4.76636 20.3094 28.8776
136.4 58.7827 4.74627 20.2633 28.8977
136.5 58.8093 4.72622 20.2171 28.9178
136.6 58.8359 4.7062 20.171 28.9378
136.7 58.8623 4.68623 20.1249 28.9578
136.8 58.8886 4.66629 20.0788 28.9777
136.9 58.9148 4.64638 20.0326 28.9976
137 58.9409 4.62652 19.9865 29.0175
137.1 58.9669 4.60669 19.9403 29.0373
137.2 58.9928 4.58689 19.8942 29.0571
137.3 59.0186 4.56714 19.8481 29.0769
137.4 59.0442 4.54742 19.8019 29.0966
137.5 59.0698 4.52774 19.7558 29.1163
137.6 59.0953 4.5081 19.7096 29.1359
137.7 59.1207 4.48849 19.6635 29.1555
137.8 59.1459 4.46893 19.6173 29.1751
137.9 59.1711 4.4494 19.5711 29.1946
138 59.1961 4.4299 19.525 29.2141
138.1 59.2211 4.41045 19.4788 29.2336
138.2 59.2459 4.39103 19.4326 29.253
138.3 59.2706 4.37165 19.3865 29.2723
138.4 59.2952 4.35231 19.3403 29.2917
138.5 59.3197 4.33301 19.2941 29.311
138.6 59.344 4.31374 19.2479 29.3303
138.7 59.3683 4.29452 19.2018 29.3495
138.8 59.3924 4.27533 19.1556 29.3687
138.9 59.4165 4.25618 19.1094 29.3878
139 59.4404 4.23707 19.0632 29.4069
139.1 59.4641 4.21799 19.017 29.426
139.2 59.4878 4.19896 18.9708 29.445
139.3 59.5114 4.17996 18.9246 29.464
139.4 59.5348 4.161 18.8784 29.483
139.5 59.5581 4.14208 18.8322 29.5019
139.6 59.5813 4.1232 18.786 29.5208
139.7 59.6044 4.10436 18.7398 29.5396
139.8 59.6273 4.08555 18.6936 29.5584
139.9 59.6501 4.06679 18.6474 29.5772
140 59.6728 4.04806 18.6012 29.5959
140.1 59.6954 4.02937 18.555 29.6146
140.2 59.7178 4.01072 18.5088 29.6333
140.3 59.7401 3.99212 18.4626 29.6519
140.4 59.7623 3.97355 18.4163 29.6705
140.5 59.7843 3.95501 18.3701 29.689
140.6 59.8062 3.93652 18.3239 29.7075
140.7 59.828 3.91807 18.2777 29.7259
140.8 59.8497 3.89966 18.2314 29.7443
140.9 59.8712 3.88128 18.1852 29.7627
141 59.8926 3.86295 18.139 29.7811
141.1 59.9138 3.84465 18.0927 29.7993
141.2 59.9349 3.8264 18.0465 29.8176
141.3 59.9559 3.80818 18.0003 29.8358
141.4 59.9767 3.79 17.954 29.854
141.5 59.9974 3.77187 17.9078 29.8721
141.6 60.018 3.75377 17.8615 29.8902
141.7 60.0384 3.73571 17.8153 29.9083
141.8 60.0586 3.7177 17.769 29.9263
141.9 60.0788 3.69972 17.7228 29.9443
142 60.0987 3.68178 17.6765 29.9622
142.1 60.1186 3.66388 17.6303 29.9801
142.2 60.1382 3.64603 17.584 29.998
142.3 60.1578 3.62821 17.5377 30.0158
142.4 60.1771 3.61043 17.4915 30.0336
142.5 60.1964 3.5927 17.4452 30.0513
142.6 60.2155 3.575 17.3989 30.069
142.7 60.2344 3.55734 17.3527 30.0867
142.8 60.2531 3.53973 17.3064 30.1043
142.9 60.2718 3.52215 17.2601 30.1218
143 60.2902 3.50462 17.2138 30.1394
143.1 60.3085 3.48712 17.1676 30.1569
143.2 60.3267 3.46967 17.1213 30.1743
143.3 60.3446 3.45226 17.075 30.1917
143.4 60.3625 3.43488 17.0287 30.2091
143.5 60.3801 3.41755 16.9824 30.2264
143.6 60.3976 3.40026 16.9361 30.2437
143.7 60.4149 3.38301 16.8898 30.261
143.8 60.4321 3.3658 16.8435 30.2782
143.9 60.4491 3.34864 16.7972 30.2954
144 60.4659 3.33151 16.7509 30.3125
144.1 60.4825 3.31442 16.7046 30.3296
144.2 60.499 3.29738 16.6583 30.3466
144.3 60.5153 3.28038 16.612 30.3636
144.4 60.5314 3.26341 16.5657 30.3806
144.5 60.5474 3.24649 16.5194 30.3975
144.6 60.5632 3.22961 16.4731 30.4144
144.7 60.5788 3.21278 16.4268 30.4312
144.8 60.5942 3.19598 16.3805 30.448
144.9 60.6094 3.17923 16.3342 30.4648
145 60.6244 3.16251 16.2878 30.4815
145.1 60.6393 3.14584 16.2415 30.4982
145.2 60.654 3.12921 16.1952 30.5148
145.3 60.6685 3.11262 16.1489 30.5314
145.4 60.6828 3.09607 16.1026 30.5479
145.5 60.6969 3.07957 16.0562 30.5644
145.6 60.7108 3.06311 16.0099 30.5809
145.7 60.7245 3.04669 15.9636 30.5973
145.8 60.738 3.03031 15.9172 30.6137
145.9 60.7514 3.01397 15.8709 30.63
146 60.7645 2.99767 15.8246 30.6463
146.1 60.7774 2.98142 15.7782 30.6626
146.2 60.7901 2.96521 15.7319 30.6788
146.3 60.8026 2.94904 15.6855 30.695
146.4 60.815 2.93292 15.6392 30.7111
146.5 60.8271 2.91683 15.5928 30.7272
146.6 60.839 2.90079 15.5465 30.7432
146.7 60.8506 2.88479 15.5001 30.7592
146.8 60.8621 2.86883 15.4538 30.7752
146.9 60.8734 2.85292 15.4074 30.7911
147 60.8844 2.83705 15.3611 30.807
147.1 60.8952 2.82122 15.3147 30.8228
147.2 60.9058 2.80543 15.2684 30.8386
147.3 60.9162 2.78969 15.222 30.8543
147.4 60.9264 2.77399 15.1756 30.87
147.5 60.9363 2.75833 15.1293 30.8857
147.6 60.946 2.74271 15.0829 30.9013
147.7 60.9555 2.72714 15.0365 30.9169
147.8 60.9647 2.71161 14.9902 30.9324
147.9 60.9737 2.69612 14.9438 30.9479
148 60.9825 2.68068 14.8974 30.9633
148.1 60.991 2.66528 14.851 30.9787
148.2 60.9993 2.64992 14.8047 30.9941
148.3 61.0074 2.63461 14.7583 31.0094
148.4 61.0152 2.61934 14.7119 31.0247
148.5 61.0227 2.60411 14.6655 31.0399
148.6 61.03 2.58893 14.6191 31.0551
148.7 61.0371 2.57378 14.5727 31.0702
148.8 61.0439 2.55869 14.5264 31.0853
148.9 61.0505 2.54363 14.48 31.1004
149 61.0568 2.52862 14.4336 31.1154
149.1 61.0628 2.51365 14.3872 31.1303
149.2 61.0686 2.49873 14.3408 31.1453
149.3 61.0741 2.48385 14.2944 31.1601
149.4 61.0793 2.46901 14.248 31.175
149.5 61.0843 2.45422 14.2016 31.1898
149.6 61.089 2.43947 14.1552 31.2045
149.7 61.0934 2.42477 14.1088 31.2192
149.8 61.0975 2.41011 14.0624 31.2339
149.9 61.1014 2.39549 14.016 31.2485
150 61.105 2.38092 13.9696 31.2631
150.1 61.1083 2.36639 13.9232 31.2776
150.2 61.1113 2.3519 13.8767 31.2921
150.3 61.114 2.33746 13.8303 31.3065
150.4 61.1164 2.32306 13.7839 31.3209
150.5 61.1186 2.30871 13.7375 31.3353
150.6 61.1204 2.2944 13.6911 31.3496
150.7 61.1219 2.28014 13.6447 31.3639
150.8 61.1232 2.26592 13.5982 31.3781
150.9 61.1241 2.25174 13.5518 31.3923
151 61.1247 2.23761 13.5054 31.4064
151.1 61.125 2.22352 13.459 31.4205
151.2 61.125 2.20948 13.4125 31.4345
151.3 61.1247 2.19548 13.3661 31.4485
151.4 61.124 2.18153 13.3197 31.4625
151.5 61.123 2.16762 13.2733 31.4764
151.6 61.1217 2.15376 13.2268 31.4902
151.7 61.1201 2.13994 13.1804 31.5041
151.8 61.1181 2.12616 13.134 31.5178
151.9 61.1158 2.11243 13.0875 31.5316
152 61.1132 2.09875 13.0411 31.5453
152.1 61.1102 2.0851 12.9946 31.5589
152.2 61.1068 2.07151 12.9482 31.5725
152.3 61.1031 2.05796 12.9017 31.586
152.4 61.0991 2.04445 12.8553 31.5995
152.5 61.0947 2.03099 12.8089 31.613
152.6 61.0899 2.01758 12.7624 31.6264
152.7 61.0848 2.00421 12.716 31.6398
152.8 61.0793 1.99088 12.6695 31.6531
152.9 61.0734 1.9776 12.6231 31.6664
153 61.0672 1.96437 12.5766 31.6796
153.1 61.0605 1.95118 12.5301 31.6928
153.2 61.0535 1.93803 12.4837 31.706
153.3 61.0461 1.92493 12.4372 31.7191
153.4 61.0383 1.91188 12.3908 31.7321
153.5 61.0302 1.89887 12.3443 31.7451
153.6 61.0216 1.88591 12.2978 31.7581
153.7 61.0126 1.87299 12.2514 31.771
153.8 61.0032 1.86012 12.2049 31.7839
153.9 60.9934 1.84729 12.1585 31.7967
154 60.9832 1.83451 12.112 31.8095
154.1 60.9725 1.82178 12.0655 31.8222
154.2 60.9614 1.80909 12.019 31.8349
154.3 60.9499 1.79644 11.9726 31.8476
154.4 60.938 1.78385 11.9261 31.8602
154.5 60.9256 1.77129 11.8796 31.8727
154.6 60.9128 1.75879 11.8331 31.8852
154.7 60.8996 1.74633 11.7867 31.8977
154.8 60.8859 1.73391 11.7402 31.9101
154.9 60.8717 1.72155 11.6937 31.9225
155 60.8571 1.70922 11.6472 31.9348
155.1 60.842 1.69695 11.6007 31.9471
155.2 60.8264 1.68472 11.5543 31.9593
155.3 60.8103 1.67253 11.5078 31.9715
155.4 60.7938 1.66039 11.4613 31.9836
155.5 60.7768 1.6483 11.4148 31.9957
155.6 60.7593 1.63626 11.3683 32.0077
155.7 60.7413 1.62426 11.3218 32.0197
155.8 60.7227 1.6123 11.2753 32.0317
155.9 60.7037 1.6004 11.2288 32.0436
156 60.6842 1.58854 11.1823 32.0555
156.1 60.6641 1.57672 11.1358 32.0673
156.2 60.6435 1.56496 11.0893 32.079
156.3 60.6224 1.55324 11.0429 32.0908
156.4 60.6008 1.54156 10.9964 32.1024
156.5 60.5786 1.52993 10.9499 32.1141
156.6 60.5558 1.51835 10.9033 32.1256
156.7 60.5325 1.50682 10.8568 32.1372
156.8 60.5087 1.49533 10.8103 32.1487
156.9 60.4842 1.48389 10.7638 32.1601
157 60.4592 1.47249 10.7173 32.1715
157.1 60.4336 1.46114 10.6708 32.1829
157.2 60.4075 1.44984 10.6243 32.1942
157.3 60.3807 1.43859 10.5778 32.2054
157.4 60.3533 1.42738 10.5313 32.2166
157.5 60.3253 1.41622 10.4848 32.2278
157.6 60.2967 1.40511 10.4383 32.2389
157.7 60.2675 1.39404 10.3917 32.25
157.8 60.2376 1.38302 10.3452 32.261
157.9 60.2071 1.37205 10.2987 32.272
158 60.176 1.36112 10.2522 32.2829
158.1 60.1442 1.35024 10.2057 32.2938
158.2 60.1118 1.33941 10.1592 32.3046
158.3 60.0787 1.32863 10.1126 32.3154
158.4 60.0449 1.31789 10.0661 32.3261
158.5 60.0104 1.3072 10.0196 32.3368
158.6 59.9752 1.29656 9.97306 32.3474
158.7 59.9393 1.28596 9.92654 32.358
158.8 59.9028 1.27542 9.88001 32.3686
158.9 59.8655 1.26492 9.83348 32.3791
159 59.8274 1.25446 9.78695 32.3895
159.1 59.7887 1.24406 9.74042 32.3999
159.2 59.7492 1.2337 9.69389 32.4103
159.3 59.7089 1.22339 9.64736 32.4206
159.4 59.6679 1.21312 9.60082 32.4309
159.5 59.6261 1.20291 9.55429 32.4411
159.6 59.5835 1.19274 9.50775 32.4513
159.7 59.5402 1.18262 9.46121 32.4614
159.8 59.496 1.17255 9.41468 32.4715
159.9 59.451 1.16252 9.36814 32.4815
160 59.4052 1.15254 9.3216 32.4915
160.1 59.3586 1.14261 9.27506 32.5014
160.2 59.3111 1.13273 9.22851 32.5113
160.3 59.2628 1.1229 9.18197 32.5211
160.4 59.2136 1.11311 9.13543 32.5309
160.5 59.1635 1.10337 9.08888 32.5406
160.6 59.1126 1.09368 9.04233 32.5503
160.7 59.0608 1.08404 8.99579 32.56
160.8 59.008 1.07444 8.94924 32.5696
160.9 58.9543 1.0649 8.90269 32.5791
161 58.8997 1.0554 8.85614 32.5886
161.1 58.8442 1.04595 8.80959 32.5981
161.2 58.7877 1.03654 8.76304 32.6075
161.3 58.7302 1.02719 8.71648 32.6168
161.4 58.6718 1.01788 8.66993 32.6261
161.5 58.6123 1.00862 8.62337 32.6354
161.6 58.5519 0.999414 8.57682 32.6446
161.7 58.4904 0.990252 8.53026 32.6537
161.8 58.4279 0.981138 8.4837 32.6629
161.9 58.3644 0.972073 8.43715 32.6719
162 58.2998 0.963055 8.39059 32.6809
162.1 58.2341 0.954086 8.34403 32.6899
162.2 58.1673 0.945165 8.29746 32.6988
162.3 58.0994 0.936293 8.2509 32.7077
162.4 58.0304 0.927469 8.20434 32.7165
162.5 57.9603 0.918693 8.15777 32.7253
162.6 57.889 0.909966 8.11121 32.734
162.7 57.8165 0.901288 8.06464 32.7427
162.8 57.7429 0.892658 8.01808 32.7513
162.9 57.6681 0.884076 7.97151 32.7599
163 57.592 0.875543 7.92494 32.7685
163.1 57.5147 0.867058 7.87837 32.7769
163.2 57.4362 0.858622 7.8318 32.7854
163.3 57.3564 0.850235 7.78523 32.7938
163.4 57.2753 0.841896 7.73866 32.8021
163.5 57.193 0.833606 7.69208 32.8104
163.6 57.1093 0.825365 7.64551 32.8186
163.7 57.0242 0.817173 7.59894 32.8268
163.8 56.9378 0.809029 7.55236 32.835
163.9 56.8501 0.800934 7.50578 32.8431
164 56.7609 0.792888 7.45921 32.8511
164.1 56.6703 0.78489 7.41263 32.8591
164.2 56.5783 0.776942 7.36605 32.8671
164.3 56.4849 0.769042 7.31947 32.875
164.4 56.3899 0.761191 7.27289 32.8828
164.5 56.2935 0.75339 7.22631 32.8906
164.6 56.1955 0.745637 7.17973 32.8984
164.7 56.096 0.737933 7.13315 32.9061
164.8 55.9949 0.730278 7.08656 32.9137
164.9 55.8923 0.722672 7.03998 32.9213
165 55.788 0.715115 6.99339 32.9289
165.1 55.6821 0.707607 6.94681 32.9364
165.2 55.5745 0.700149 6.90022 32.9439
165.3 55.4653 0.692739 6.85364 32.9513
165.4 55.3543 0.685379 6.80705 32.9586
165.5 55.2416 0.678067 6.76046 32.9659
165.6 55.1272 0.670805 6.71387 32.9732
165.7 55.011 0.663592 6.66728 32.9804
165.8 54.8929 0.656428 6.62069 32.9876
165.9 54.7731 0.649314 6.5741 32.9947
166 54.6513 0.642249 6.52751 33.0018
166.1 54.5277 0.635233 6.48091 33.0088
166.2 54.4021 0.628266 6.43432 33.0157
166.3 54.2746 0.621349 6.38773 33.0227
166.4 54.1451 0.614481 6.34113 33.0295
166.5 54.0137 0.607662 6.29453 33.0363
166.6 53.8801 0.600893 6.24794 33.0431
166.7 53.7445 0.594173 6.20134 33.0498
166.8 53.6068 0.587503 6.15474 33.0565
166.9 53.4669 0.580882 6.10815 33.0631
167 53.3249 0.574311 6.06155 33.0697
167.1 53.1807 0.567789 6.01495 33.0762
167.2 53.0343 0.561316 5.96835 33.0827
167.3 52.8855 0.554893 5.92175 33.0891
167.4 52.7345 0.54852 5.87514 33.0955
167.5 52.5811 0.542196 5.82854 33.1018
167.6 52.4254 0.535922 5.78194 33.1081
167.7 52.2672 0.529698 5.73534 33.1143
167.8 52.1066 0.523523 5.68873 33.1205
167.9 51.9435 0.517397 5.64213 33.1266
168 51.7779 0.511322 5.59552 33.1327
168.1 51.6097 0.505296 5.54892 33.1387
168.2 51.4389 0.499319 5.50231 33.1447
168.3 51.2654 0.493393 5.4557 33.1506
168.4 51.0893 0.487516 5.4091 33.1565
168.5 50.9104 0.481689 5.36249 33.1623
168.6 50.7288 0.475912 5.31588 33.1681
168.7 50.5443 0.470184 5.26927 33.1738
168.8 50.357 0.464507 5.22266 33.1795
168.9 50.1667 0.458879 5.17605 33.1851
169 49.9736 0.453301 5.12944 33.1907
169.1 49.7774 0.447773 5.08283 33.1962
169.2 49.5782 0.442295 5.03621 33.2017
169.3 49.3758 0.436866 4.9896 33.2071
169.4 49.1704 0.431488 4.94299 33.2125
169.5 48.9617 0.426159 4.89638 33.2178
169.6 48.7498 0.420881 4.84976 33.2231
169.7 48.5347 0.415652 4.80315 33.2283
169.8 48.3161 0.410473 4.75653 33.2335
169.9 48.0942 0.405345 4.70992 33.2387
170 47.8689 0.400266 4.6633 33.2437
170.1 47.64 0.395238 4.61668 33.2488
170.2 47.4076 0.390259 4.57007 33.2537
170.3 47.1716 0.38533 4.52345 33.2587
170.4 46.9319 0.380452 4.47683 33.2635
170.5 46.6885 0.375624 4.43021 33.2684
170.6 46.4413 0.370845 4.38359 33.2732
170.7 46.1903 0.366117 4.33697 33.2779
170.8 45.9354 0.361439 4.29035 33.2826
170.9 45.6766 0.356811 4.24373 33.2872
171 45.4137 0.352234 4.19711 33.2918
171.1 45.1468 0.347706 4.15049 33.2963
171.2 44.8757 0.343229 4.10387 33.3008
171.3 44.6004 0.338801 4.05724 33.3052
171.4 44.3209 0.334424 4.01062 33.3096
171.5 44.0371 0.330098 3.964 33.3139
171.6 43.7489 0.325821 3.91738 33.3182
171.7 43.4562 0.321595 3.87075 33.3224
171.8 43.1591 0.317419 3.82413 33.3266
171.9 42.8574 0.313293 3.7775 33.3307
172 42.551 0.309218 3.73088 33.3348
172.1 42.2399 0.305192 3.68425 33.3388
172.2 41.9241 0.301218 3.63763 33.3428
172.3 41.6035 0.297293 3.591 33.3467
172.4 41.2779 0.293419 3.54437 33.3506
172.5 40.9474 0.289595 3.49774 33.3544
172.6 40.6119 0.285821 3.45112 33.3582
172.7 40.2713 0.282098 3.40449 33.3619
172.8 39.9255 0.278426 3.35786 33.3656
172.9 39.5745 0.274803 3.31123 33.3692
173 39.2182 0.271231 3.2646 33.3728
173.1 38.8566 0.26771 3.21797 33.3763
173.2 38.4896 0.264239 3.17134 33.3798
173.3 38.117 0.260818 3.12471 33.3832
173.4 37.739 0.257448 3.07808 33.3866
173.5 37.3554 0.254128 3.03145 33.3899
173.6 36.966 0.250859 2.98482 33.3931
173.7 36.571 0.24764 2.93819 33.3964
173.8 36.1702 0.244472 2.89156 33.3995
173.9 35.7636 0.241354 2.84493 33.4026
174 35.3511 0.238287 2.7983 33.4057
174.1 34.9326 0.23527 2.75166 33.4087
174.2 34.5081 0.232304 2.70503 33.4117
174.3 34.0776 0.229388 2.6584 33.4146
174.4 33.641 0.226523 2.61176 33.4175
174.5 33.1983 0.223708 2.56513 33.4203
174.6 32.7494 0.220944 2.5185 33.4231
174.7 32.2942 0.21823 2.47186 33.4258
174.8 31.8328 0.215567 2.42523 33.4284
174.9 31.3651 0.212955 2.37859 33.431
175 30.8911 0.210393 2.33196 33.4336
175.1 30.4107 0.207882 2.28532 33.4361
175.2 29.924 0.205422 2.23869 33.4386
175.3 29.4308 0.203012 2.19205 33.441
175.4 28.9312 0.200652 2.14542 33.4433
175.5 28.4252 0.198344 2.09878 33.4457
175.6 27.9127 0.196086 2.05214 33.4479
175.7 27.3938 0.193878 2.00551 33.4501
175.8 26.8685 0.191721 1.95887 33.4523
175.9 26.3367 0.189615 1.91223 33.4544
176 25.7986 0.18756 1.8656 33.4564
176.1 25.254 0.185555 1.81896 33.4584
176.2 24.703 0.183601 1.77232 33.4604
176.3 24.1457 0.181698 1.72568 33.4623
176.4 23.5821 0.179845 1.67905 33.4642
176.5 23.0122 0.178043 1.63241 33.466
176.6 22.4361 0.176291 1.58577 33.4677
176.7 21.8538 0.174591 1.53913 33.4694
176.8 21.2655 0.172941 1.49249 33.4711
176.9 20.6711 0.171342 1.44585 33.4727
177 20.0708 0.169793 1.39921 33.4742
177.1 19.4646 0.168296 1.35258 33.4757
177.2 18.8526 0.166848 1.30594 33.4772
177.3 18.235 0.165452 1.2593 33.4785
177.4 17.6118 0.164107 1.21266 33.4799
177.5 16.9832 0.162812 1.16602 33.4812
177.6 16.3493 0.161568 1.11938 33.4824
177.7 15.7102 0.160374 1.07274 33.4836
177.8 15.0661 0.159232 1.0261 33.4848
177.9 14.4171 0.15814 0.979458 33.4859
178 13.7633 0.157099 0.932818 33.4869
178.1 13.105 0.156109 0.886178 33.4879
178.2 12.4423 0.155169 0.839537 33.4888
178.3 11.7754 0.15428 0.792897 33.4897
178.4 11.1044 0.153442 0.746256 33.4906
178.5 10.4297 0.152655 0.699616 33.4913
178.6 9.75126 0.151919 0.652975 33.4921
178.7 9.06945 0.151233 0.606334 33.4928
178.8 8.38443 0.150598 0.559693 33.4934
178.9 7.69644 0.150014 0.513052 33.494
179 7.00569 0.149481 0.466411 33.4945
179.1 6.31242 0.148998 0.41977 33.495
179.2 5.61687 0.148567 0.373129 33.4954
179.3 4.91927 0.148186 0.326488 33.4958
179.4 4.21988 0.147856 0.279847 33.4961
179.5 3.51895 0.147576 0.233206 33.4964
179.6 2.81672 0.147348 0.186565 33.4967
179.7 2.11345 0.14717 0.139924 33.4968
179.8 1.4094 0.147043 0.0932824 33.497
179.9 0.70483 0.146967 0.0466412 33.497
180 4.94589e-14 0.146941 3.27268e-15 33.4971
