#kinematics calculation of gsex
#vertex z = 750 mm, E_reaction = 13.621 MeV
#theta_cm, theta3_lab, Ek3_lab, theta4_lab, Ek4_lab
0 0 8.60768 0 0.573319
0.1 0.0370969 8.60767 0.143738 0.573325
0.2 0.0741938 8.60766 0.287472 0.573344
0.3 0.111291 8.60763 0.431198 0.573374
0.4 0.148387 8.60758 0.574912 0.573417
0.5 0.185484 8.60753 0.718609 0.573472
0.6 0.222581 8.60746 0.862285 0.573539
0.7 0.259677 8.60738 1.00594 0.573619
0.8 0.296774 8.60729 1.14956 0.573711
0.9 0.33387 8.60719 1.29315 0.573815
1 0.370966 8.60707 1.4367 0.573931
1.1 0.408062 8.60694 1.58021 0.574059
1.2 0.445158 8.6068 1.72368 0.5742
1.3 0.482253 8.60665 1.86709 0.574353
1.4 0.519349 8.60648 2.01046 0.574518
1.5 0.556444 8.6063 2.15376 0.574696
1.6 0.593538 8.60611 2.297 0.574886
1.7 0.630633 8.60591 2.44018 0.575087
1.8 0.667727 8.6057 2.58329 0.575302
1.9 0.704821 8.60547 2.72632 0.575528
2 0.741914 8.60523 2.86928 0.575767
2.1 0.779007 8.60498 3.01215 0.576017
2.2 0.8161 8.60472 3.15494 0.57628
2.3 0.853192 8.60444 3.29764 0.576556
2.4 0.890284 8.60416 3.44024 0.576843
2.5 0.927375 8.60386 3.58275 0.577143
2.6 0.964466 8.60355 3.72515 0.577455
2.7 1.00156 8.60322 3.86745 0.577779
2.8 1.03865 8.60288 4.00964 0.578116
2.9 1.07574 8.60254 4.15171 0.578464
3 1.11283 8.60217 4.29367 0.578825
3.1 1.14991 8.6018 4.4355 0.579198
3.2 1.187 8.60142 4.57721 0.579584
3.3 1.22409 8.60102 4.71879 0.579981
3.4 1.26118 8.60061 4.86024 0.580391
3.5 1.29826 8.60019 5.00155 0.580813
3.6 1.33535 8.59975 5.14271 0.581247
3.7 1.37243 8.59931 5.28374 0.581693
3.8 1.40952 8.59885 5.42461 0.582152
3.9 1.4466 8.59838 5.56533 0.582623
4 1.48368 8.59789 5.7059 0.583106
4.1 1.52076 8.5974 5.84631 0.583601
4.2 1.55784 8.59689 5.98655 0.584109
4.3 1.59492 8.59637 6.12663 0.584628
4.4 1.632 8.59584 6.26653 0.58516
4.5 1.66908 8.5953 6.40626 0.585704
4.6 1.70616 8.59474 6.54581 0.58626
4.7 1.74324 8.59417 6.68519 0.586829
4.8 1.78031 8.59359 6.82437 0.587409
4.9 1.81739 8.593 6.96337 0.588002
5 1.85446 8.59239 7.10217 0.588607
5.1 1.89154 8.59178 7.24078 0.589225
5.2 1.92861 8.59115 7.37919 0.589854
5.3 1.96568 8.5905 7.51739 0.590496
5.4 2.00275 8.58985 7.65539 0.591149
5.5 2.03982 8.58918 7.79318 0.591815
5.6 2.07689 8.58851 7.93076 0.592494
5.7 2.11396 8.58782 8.06812 0.593184
5.8 2.15103 8.58711 8.20526 0.593886
5.9 2.18809 8.5864 8.34218 0.594601
6 2.22516 8.58567 8.47887 0.595328
6.1 2.26222 8.58493 8.61533 0.596067
6.2 2.29928 8.58418 8.75156 0.596818
6.3 2.33634 8.58342 8.88755 0.597582
6.4 2.3734 8.58264 9.0233 0.598357
6.5 2.41046 8.58186 9.15881 0.599145
6.6 2.44752 8.58106 9.29407 0.599945
6.7 2.48458 8.58024 9.42909 0.600757
6.8 2.52163 8.57942 9.56385 0.601581
6.9 2.55868 8.57858 9.69836 0.602417
7 2.59574 8.57773 9.83261 0.603266
7.1 2.63279 8.57687 9.9666 0.604126
7.2 2.66984 8.576 10.1003 0.604999
7.3 2.70689 8.57512 10.2338 0.605884
7.4 2.74393 8.57422 10.367 0.606781
7.5 2.78098 8.57331 10.4999 0.60769
7.6 2.81802 8.57239 10.6325 0.608612
7.7 2.85507 8.57145 10.7649 0.609545
7.8 2.89211 8.57051 10.897 0.610491
7.9 2.92915 8.56955 11.0288 0.611448
8 2.96619 8.56858 11.1603 0.612418
8.1 3.00323 8.5676 11.2915 0.6134
8.2 3.04026 8.56661 11.4225 0.614394
8.3 3.0773 8.5656 11.5531 0.615401
8.4 3.11433 8.56458 11.6834 0.616419
8.5 3.15136 8.56355 11.8135 0.617449
8.6 3.18839 8.56251 11.9432 0.618492
8.7 3.22542 8.56145 12.0727 0.619546
8.8 3.26245 8.56039 12.2018 0.620613
8.9 3.29947 8.55931 12.3306 0.621692
9 3.33649 8.55822 12.4591 0.622783
9.1 3.37352 8.55711 12.5873 0.623886
9.2 3.41054 8.556 12.7152 0.625001
9.3 3.44755 8.55487 12.8427 0.626128
9.4 3.48457 8.55373 12.97 0.627267
9.5 3.52159 8.55258 13.0969 0.628418
9.6 3.5586 8.55142 13.2235 0.629582
9.7 3.59561 8.55024 13.3497 0.630757
9.8 3.63262 8.54906 13.4757 0.631945
9.9 3.66963 8.54786 13.6013 0.633144
10 3.70663 8.54664 13.7265 0.634356
10.1 3.74364 8.54542 13.8515 0.635579
10.2 3.78064 8.54418 13.9761 0.636815
10.3 3.81764 8.54294 14.1003 0.638063
10.4 3.85464 8.54168 14.2242 0.639323
10.5 3.89163 8.54041 14.3478 0.640595
10.6 3.92863 8.53912 14.471 0.641878
10.7 3.96562 8.53783 14.5939 0.643174
10.8 4.00261 8.53652 14.7164 0.644482
10.9 4.0396 8.5352 14.8386 0.645802
11 4.07659 8.53387 14.9604 0.647134
11.1 4.11357 8.53252 15.0818 0.648478
11.2 4.15055 8.53117 15.2029 0.649834
11.3 4.18753 8.5298 15.3237 0.651202
11.4 4.22451 8.52842 15.4441 0.652582
11.5 4.26149 8.52703 15.5641 0.653974
11.6 4.29846 8.52562 15.6838 0.655378
11.7 4.33544 8.52421 15.8031 0.656794
11.8 4.3724 8.52278 15.922 0.658222
11.9 4.40937 8.52134 16.0406 0.659662
12 4.44634 8.51989 16.1588 0.661114
12.1 4.4833 8.51842 16.2766 0.662578
12.2 4.52026 8.51695 16.394 0.664053
12.3 4.55722 8.51546 16.5111 0.665541
12.4 4.59418 8.51396 16.6278 0.667041
12.5 4.63113 8.51245 16.7441 0.668553
12.6 4.66808 8.51092 16.8601 0.670076
12.7 4.70503 8.50939 16.9757 0.671612
12.8 4.74198 8.50784 17.0909 0.67316
12.9 4.77892 8.50628 17.2057 0.674719
13 4.81587 8.50471 17.3201 0.67629
13.1 4.85281 8.50313 17.4341 0.677874
13.2 4.88974 8.50153 17.5478 0.679469
13.3 4.92668 8.49992 17.6611 0.681076
13.4 4.96361 8.4983 17.774 0.682695
13.5 5.00054 8.49667 17.8865 0.684326
13.6 5.03747 8.49503 17.9986 0.685969
13.7 5.07439 8.49338 18.1103 0.687624
13.8 5.11132 8.49171 18.2217 0.689291
13.9 5.14823 8.49003 18.3326 0.690969
14 5.18515 8.48834 18.4432 0.69266
14.1 5.22207 8.48664 18.5533 0.694362
14.2 5.25898 8.48492 18.6631 0.696076
14.3 5.29589 8.4832 18.7725 0.697802
14.4 5.33279 8.48146 18.8814 0.69954
14.5 5.3697 8.47971 18.99 0.70129
14.6 5.4066 8.47795 19.0982 0.703051
14.7 5.4435 8.47618 19.206 0.704825
14.8 5.48039 8.47439 19.3134 0.70661
14.9 5.51729 8.47259 19.4204 0.708407
15 5.55418 8.47078 19.527 0.710216
15.1 5.59106 8.46896 19.6332 0.712037
15.2 5.62795 8.46713 19.739 0.71387
15.3 5.66483 8.46529 19.8444 0.715714
15.4 5.70171 8.46343 19.9494 0.71757
15.5 5.73859 8.46156 20.0539 0.719438
15.6 5.77546 8.45968 20.1581 0.721318
15.7 5.81233 8.45779 20.2619 0.72321
15.8 5.8492 8.45589 20.3653 0.725113
15.9 5.88606 8.45397 20.4683 0.727028
16 5.92292 8.45205 20.5709 0.728955
16.1 5.95978 8.45011 20.673 0.730894
16.2 5.99664 8.44816 20.7748 0.732844
16.3 6.03349 8.44619 20.8761 0.734806
16.4 6.07034 8.44422 20.9771 0.73678
16.5 6.10718 8.44223 21.0777 0.738766
16.6 6.14403 8.44024 21.1778 0.740763
16.7 6.18087 8.43823 21.2775 0.742772
16.8 6.2177 8.43621 21.3769 0.744793
16.9 6.25454 8.43417 21.4758 0.746826
17 6.29137 8.43213 21.5743 0.74887
17.1 6.32819 8.43007 21.6725 0.750926
17.2 6.36502 8.42801 21.7702 0.752994
17.3 6.40184 8.42593 21.8675 0.755073
17.4 6.43866 8.42384 21.9644 0.757164
17.5 6.47547 8.42173 22.0609 0.759267
17.6 6.51228 8.41962 22.1569 0.761381
17.7 6.54909 8.41749 22.2526 0.763507
17.8 6.58589 8.41535 22.3479 0.765645
17.9 6.6227 8.41321 22.4428 0.767794
18 6.65949 8.41104 22.5372 0.769956
18.1 6.69629 8.40887 22.6313 0.772128
18.2 6.73308 8.40669 22.7249 0.774312
18.3 6.76987 8.40449 22.8182 0.776508
18.4 6.80665 8.40228 22.911 0.778716
18.5 6.84343 8.40006 23.0035 0.780935
18.6 6.88021 8.39783 23.0955 0.783166
18.7 6.91698 8.39559 23.1871 0.785408
18.8 6.95375 8.39334 23.2783 0.787662
18.9 6.99052 8.39107 23.3691 0.789928
19 7.02728 8.3888 23.4595 0.792205
19.1 7.06404 8.38651 23.5496 0.794494
19.2 7.10079 8.38421 23.6392 0.796794
19.3 7.13755 8.38189 23.7283 0.799106
19.4 7.17429 8.37957 23.8171 0.801429
19.5 7.21104 8.37724 23.9055 0.803764
19.6 7.24778 8.37489 23.9935 0.80611
19.7 7.28452 8.37253 24.0811 0.808468
19.8 7.32125 8.37016 24.1683 0.810838
19.9 7.35798 8.36778 24.2551 0.813219
20 7.39471 8.36539 24.3415 0.815611
20.1 7.43143 8.36298 24.4274 0.818015
20.2 7.46815 8.36057 24.513 0.820431
20.3 7.50486 8.35814 24.5982 0.822858
20.4 7.54157 8.3557 24.683 0.825296
20.5 7.57828 8.35325 24.7674 0.827746
20.6 7.61498 8.35079 24.8514 0.830208
20.7 7.65168 8.34832 24.935 0.832681
20.8 7.68837 8.34584 25.0182 0.835165
20.9 7.72507 8.34334 25.101 0.837661
21 7.76175 8.34083 25.1834 0.840168
21.1 7.79844 8.33831 25.2654 0.842686
21.2 7.83511 8.33578 25.347 0.845216
21.3 7.87179 8.33324 25.4282 0.847758
21.4 7.90846 8.33069 25.509 0.850311
21.5 7.94513 8.32813 25.5894 0.852875
21.6 7.98179 8.32555 25.6695 0.855451
21.7 8.01845 8.32296 25.7491 0.858038
21.8 8.0551 8.32036 25.8284 0.860636
21.9 8.09175 8.31775 25.9072 0.863246
22 8.1284 8.31513 25.9857 0.865867
22.1 8.16504 8.3125 26.0638 0.868499
22.2 8.20168 8.30986 26.1415 0.871143
22.3 8.23831 8.3072 26.2188 0.873798
22.4 8.27494 8.30454 26.2957 0.876465
22.5 8.31157 8.30186 26.3722 0.879142
22.6 8.34819 8.29917 26.4484 0.881831
22.7 8.3848 8.29647 26.5242 0.884532
22.8 8.42141 8.29376 26.5995 0.887243
22.9 8.45802 8.29103 26.6745 0.889966
23 8.49462 8.2883 26.7492 0.892701
23.1 8.53122 8.28555 26.8234 0.895446
23.2 8.56782 8.2828 26.8972 0.898203
23.3 8.60441 8.28003 26.9707 0.900971
23.4 8.64099 8.27725 27.0438 0.90375
23.5 8.67757 8.27446 27.1165 0.90654
23.6 8.71415 8.27166 27.1888 0.909342
23.7 8.75072 8.26885 27.2608 0.912155
23.8 8.78729 8.26602 27.3324 0.914979
23.9 8.82385 8.26319 27.4036 0.917814
24 8.86041 8.26034 27.4744 0.920661
24.1 8.89696 8.25748 27.5449 0.923518
24.2 8.93351 8.25461 27.615 0.926387
24.3 8.97005 8.25173 27.6847 0.929267
24.4 9.00659 8.24884 27.754 0.932158
24.5 9.04313 8.24594 27.823 0.935061
24.6 9.07966 8.24303 27.8916 0.937974
24.7 9.11618 8.2401 27.9598 0.940899
24.8 9.1527 8.23717 28.0277 0.943834
24.9 9.18922 8.23422 28.0952 0.946781
25 9.22573 8.23126 28.1623 0.949739
25.1 9.26223 8.22829 28.2291 0.952708
25.2 9.29873 8.22531 28.2955 0.955688
25.3 9.33523 8.22232 28.3615 0.958679
25.4 9.37172 8.21932 28.4272 0.961681
25.5 9.40821 8.21631 28.4925 0.964695
25.6 9.44469 8.21328 28.5575 0.967719
25.7 9.48116 8.21025 28.6221 0.970754
25.8 9.51764 8.2072 28.6863 0.973801
25.9 9.5541 8.20414 28.7502 0.976858
26 9.59056 8.20107 28.8137 0.979926
26.1 9.62702 8.19799 28.8769 0.983006
26.2 9.66347 8.1949 28.9397 0.986096
26.3 9.69992 8.1918 29.0022 0.989197
26.4 9.73636 8.18869 29.0643 0.99231
26.5 9.77279 8.18557 29.126 0.995433
26.6 9.80922 8.18243 29.1874 0.998567
26.7 9.84565 8.17929 29.2485 1.00171
26.8 9.88207 8.17613 29.3092 1.00487
26.9 9.91848 8.17296 29.3695 1.00804
27 9.95489 8.16979 29.4296 1.01121
27.1 9.9913 8.1666 29.4892 1.0144
27.2 10.0277 8.1634 29.5486 1.0176
27.3 10.0641 8.16019 29.6075 1.02081
27.4 10.1005 8.15697 29.6662 1.02403
27.5 10.1369 8.15373 29.7245 1.02727
27.6 10.1732 8.15049 29.7824 1.03051
27.7 10.2096 8.14724 29.84 1.03376
27.8 10.246 8.14397 29.8973 1.03703
27.9 10.2823 8.1407 29.9542 1.0403
28 10.3187 8.13741 30.0108 1.04359
28.1 10.355 8.13411 30.0671 1.04689
28.2 10.3914 8.1308 30.123 1.0502
28.3 10.4277 8.12748 30.1786 1.05352
28.4 10.4641 8.12415 30.2339 1.05685
28.5 10.5004 8.12081 30.2888 1.06019
28.6 10.5367 8.11746 30.3434 1.06354
28.7 10.573 8.1141 30.3977 1.0669
28.8 10.6093 8.11073 30.4516 1.07027
28.9 10.6456 8.10734 30.5052 1.07366
29 10.6819 8.10395 30.5585 1.07705
29.1 10.7182 8.10055 30.6115 1.08045
29.2 10.7545 8.09713 30.6641 1.08387
29.3 10.7908 8.0937 30.7164 1.0873
29.4 10.8271 8.09027 30.7684 1.09073
29.5 10.8634 8.08682 30.8201 1.09418
29.6 10.8996 8.08336 30.8715 1.09764
29.7 10.9359 8.07989 30.9225 1.10111
29.8 10.9721 8.07641 30.9732 1.10459
29.9 11.0084 8.07292 31.0236 1.10808
30 11.0446 8.06942 31.0737 1.11158
30.1 11.0808 8.06591 31.1234 1.11509
30.2 11.1171 8.06239 31.1729 1.11861
30.3 11.1533 8.05886 31.222 1.12214
30.4 11.1895 8.05531 31.2709 1.12569
30.5 11.2257 8.05176 31.3194 1.12924
30.6 11.2619 8.0482 31.3676 1.1328
30.7 11.2981 8.04462 31.4155 1.13638
30.8 11.3343 8.04104 31.4631 1.13996
30.9 11.3705 8.03744 31.5103 1.14356
31 11.4067 8.03383 31.5573 1.14717
31.1 11.4429 8.03022 31.604 1.15078
31.2 11.479 8.02659 31.6503 1.15441
31.3 11.5152 8.02295 31.6964 1.15805
31.4 11.5514 8.0193 31.7422 1.1617
31.5 11.5875 8.01564 31.7876 1.16536
31.6 11.6236 8.01198 31.8328 1.16902
31.7 11.6598 8.0083 31.8777 1.1727
31.8 11.6959 8.00461 31.9222 1.17639
31.9 11.732 8.00091 31.9665 1.18009
32 11.7682 7.9972 32.0105 1.1838
32.1 11.8043 7.99347 32.0541 1.18753
32.2 11.8404 7.98974 32.0975 1.19126
32.3 11.8765 7.986 32.1406 1.195
32.4 11.9126 7.98225 32.1834 1.19875
32.5 11.9486 7.97849 32.2259 1.20251
32.6 11.9847 7.97471 32.2681 1.20629
32.7 12.0208 7.97093 32.3101 1.21007
32.8 12.0569 7.96714 32.3517 1.21386
32.9 12.0929 7.96333 32.3931 1.21767
33 12.129 7.95952 32.4342 1.22148
33.1 12.165 7.9557 32.4749 1.2253
33.2 12.201 7.95186 32.5154 1.22914
33.3 12.2371 7.94802 32.5557 1.23298
33.4 12.2731 7.94416 32.5956 1.23684
33.5 12.3091 7.9403 32.6353 1.2407
33.6 12.3451 7.93642 32.6747 1.24458
33.7 12.3811 7.93254 32.7138 1.24846
33.8 12.4171 7.92864 32.7526 1.25236
33.9 12.4531 7.92473 32.7911 1.25627
34 12.4891 7.92082 32.8294 1.26018
34.1 12.5251 7.91689 32.8674 1.26411
34.2 12.5611 7.91296 32.9051 1.26804
34.3 12.597 7.90901 32.9426 1.27199
34.4 12.633 7.90505 32.9798 1.27595
34.5 12.6689 7.90109 33.0167 1.27991
34.6 12.7049 7.89711 33.0533 1.28389
34.7 12.7408 7.89312 33.0897 1.28788
34.8 12.7767 7.88913 33.1258 1.29187
34.9 12.8126 7.88512 33.1617 1.29588
35 12.8486 7.8811 33.1972 1.2999
35.1 12.8845 7.87708 33.2326 1.30392
35.2 12.9204 7.87304 33.2676 1.30796
35.3 12.9563 7.86899 33.3024 1.31201
35.4 12.9921 7.86493 33.3369 1.31607
35.5 13.028 7.86087 33.3712 1.32013
35.6 13.0639 7.85679 33.4052 1.32421
35.7 13.0998 7.8527 33.4389 1.3283
35.8 13.1356 7.84861 33.4724 1.33239
35.9 13.1715 7.8445 33.5057 1.3365
36 13.2073 7.84038 33.5386 1.34062
36.1 13.2431 7.83626 33.5714 1.34474
36.2 13.279 7.83212 33.6038 1.34888
36.3 13.3148 7.82797 33.636 1.35303
36.4 13.3506 7.82382 33.668 1.35718
36.5 13.3864 7.81965 33.6997 1.36135
36.6 13.4222 7.81548 33.7312 1.36552
36.7 13.458 7.81129 33.7624 1.36971
36.8 13.4938 7.80709 33.7934 1.37391
36.9 13.5295 7.80289 33.8241 1.37811
37 13.5653 7.79867 33.8546 1.38233
37.1 13.601 7.79445 33.8848 1.38655
37.2 13.6368 7.79022 33.9148 1.39078
37.3 13.6725 7.78597 33.9445 1.39503
37.4 13.7083 7.78172 33.974 1.39928
37.5 13.744 7.77745 34.0033 1.40355
37.6 13.7797 7.77318 34.0323 1.40782
37.7 13.8154 7.7689 34.061 1.4121
37.8 13.8511 7.7646 34.0896 1.4164
37.9 13.8868 7.7603 34.1179 1.4207
38 13.9225 7.75599 34.1459 1.42501
38.1 13.9582 7.75167 34.1738 1.42933
38.2 13.9939 7.74733 34.2014 1.43367
38.3 14.0295 7.74299 34.2287 1.43801
38.4 14.0652 7.73864 34.2558 1.44236
38.5 14.1008 7.73428 34.2827 1.44672
38.6 14.1365 7.72991 34.3094 1.45109
38.7 14.1721 7.72553 34.3358 1.45547
38.8 14.2077 7.72114 34.362 1.45986
38.9 14.2433 7.71675 34.388 1.46425
39 14.2789 7.71234 34.4137 1.46866
39.1 14.3145 7.70792 34.4392 1.47308
39.2 14.3501 7.70349 34.4645 1.47751
39.3 14.3857 7.69906 34.4896 1.48194
39.4 14.4213 7.69461 34.5144 1.48639
39.5 14.4568 7.69015 34.539 1.49085
39.6 14.4924 7.68569 34.5634 1.49531
39.7 14.5279 7.68122 34.5876 1.49978
39.8 14.5635 7.67673 34.6115 1.50427
39.9 14.599 7.67224 34.6353 1.50876
40 14.6345 7.66774 34.6588 1.51326
40.1 14.6701 7.66322 34.682 1.51778
40.2 14.7056 7.6587 34.7051 1.5223
40.3 14.7411 7.65417 34.728 1.52683
40.4 14.7765 7.64963 34.7506 1.53137
40.5 14.812 7.64508 34.773 1.53592
40.6 14.8475 7.64052 34.7952 1.54048
40.7 14.883 7.63596 34.8172 1.54504
40.8 14.9184 7.63138 34.839 1.54962
40.9 14.9539 7.62679 34.8606 1.55421
41 14.9893 7.6222 34.8819 1.5588
41.1 15.0247 7.61759 34.9031 1.56341
41.2 15.0601 7.61298 34.924 1.56802
41.3 15.0956 7.60835 34.9448 1.57265
41.4 15.131 7.60372 34.9653 1.57728
41.5 15.1663 7.59908 34.9856 1.58192
41.6 15.2017 7.59443 35.0057 1.58657
41.7 15.2371 7.58977 35.0256 1.59123
41.8 15.2725 7.5851 35.0453 1.5959
41.9 15.3078 7.58042 35.0648 1.60058
42 15.3432 7.57573 35.0841 1.60527
42.1 15.3785 7.57104 35.1032 1.60996
42.2 15.4138 7.56633 35.1221 1.61467
42.3 15.4492 7.56162 35.1407 1.61938
42.4 15.4845 7.55689 35.1592 1.62411
42.5 15.5198 7.55216 35.1775 1.62884
42.6 15.5551 7.54742 35.1956 1.63358
42.7 15.5904 7.54267 35.2135 1.63833
42.8 15.6256 7.53791 35.2312 1.64309
42.9 15.6609 7.53314 35.2487 1.64786
43 15.6961 7.52836 35.266 1.65264
43.1 15.7314 7.52357 35.2831 1.65743
43.2 15.7666 7.51878 35.3 1.66222
43.3 15.8019 7.51397 35.3168 1.66703
43.4 15.8371 7.50916 35.3333 1.67184
43.5 15.8723 7.50434 35.3496 1.67666
43.6 15.9075 7.49951 35.3658 1.68149
43.7 15.9427 7.49467 35.3817 1.68633
43.8 15.9778 7.48982 35.3975 1.69118
43.9 16.013 7.48496 35.4131 1.69604
44 16.0482 7.48009 35.4285 1.70091
44.1 16.0833 7.47522 35.4437 1.70578
44.2 16.1185 7.47033 35.4587 1.71067
44.3 16.1536 7.46544 35.4735 1.71556
44.4 16.1887 7.46054 35.4882 1.72046
44.5 16.2238 7.45563 35.5026 1.72537
44.6 16.2589 7.45071 35.5169 1.73029
44.7 16.294 7.44578 35.531 1.73522
44.8 16.3291 7.44085 35.5449 1.74015
44.9 16.3642 7.4359 35.5587 1.7451
45 16.3992 7.43095 35.5722 1.75005
45.1 16.4343 7.42598 35.5856 1.75502
45.2 16.4693 7.42101 35.5988 1.75999
45.3 16.5044 7.41603 35.6118 1.76497
45.4 16.5394 7.41104 35.6247 1.76996
45.5 16.5744 7.40605 35.6373 1.77495
45.6 16.6094 7.40104 35.6498 1.77996
45.7 16.6444 7.39603 35.6621 1.78497
45.8 16.6794 7.391 35.6743 1.79
45.9 16.7144 7.38597 35.6862 1.79503
46 16.7493 7.38093 35.698 1.80007
46.1 16.7843 7.37589 35.7096 1.80511
46.2 16.8192 7.37083 35.7211 1.81017
46.3 16.8541 7.36576 35.7324 1.81524
46.4 16.8891 7.36069 35.7435 1.82031
46.5 16.924 7.35561 35.7544 1.82539
46.6 16.9589 7.35052 35.7651 1.83048
46.7 16.9938 7.34542 35.7757 1.83558
46.8 17.0286 7.34031 35.7862 1.84069
46.9 17.0635 7.33519 35.7964 1.84581
47 17.0984 7.33007 35.8065 1.85093
47.1 17.1332 7.32494 35.8164 1.85606
47.2 17.1681 7.3198 35.8262 1.8612
47.3 17.2029 7.31465 35.8358 1.86635
47.4 17.2377 7.30949 35.8452 1.87151
47.5 17.2725 7.30433 35.8545 1.87667
47.6 17.3073 7.29915 35.8636 1.88185
47.7 17.3421 7.29397 35.8725 1.88703
47.8 17.3768 7.28878 35.8813 1.89222
47.9 17.4116 7.28358 35.8899 1.89742
48 17.4464 7.27837 35.8984 1.90263
48.1 17.4811 7.27316 35.9067 1.90784
48.2 17.5158 7.26793 35.9148 1.91307
48.3 17.5505 7.2627 35.9228 1.9183
48.4 17.5853 7.25746 35.9306 1.92354
48.5 17.6199 7.25222 35.9383 1.92878
48.6 17.6546 7.24696 35.9458 1.93404
48.7 17.6893 7.2417 35.9531 1.9393
48.8 17.724 7.23642 35.9603 1.94458
48.9 17.7586 7.23114 35.9674 1.94986
49 17.7933 7.22586 35.9742 1.95514
49.1 17.8279 7.22056 35.981 1.96044
49.2 17.8625 7.21526 35.9876 1.96574
49.3 17.8971 7.20994 35.994 1.97106
49.4 17.9317 7.20462 36.0002 1.97638
49.5 17.9663 7.1993 36.0064 1.9817
49.6 18.0009 7.19396 36.0123 1.98704
49.7 18.0354 7.18862 36.0182 1.99238
49.8 18.07 7.18326 36.0238 1.99774
49.9 18.1045 7.1779 36.0294 2.0031
50 18.139 7.17254 36.0347 2.00846
50.1 18.1735 7.16716 36.04 2.01384
50.2 18.2081 7.16178 36.045 2.01922
50.3 18.2425 7.15639 36.05 2.02461
50.4 18.277 7.15099 36.0548 2.03001
50.5 18.3115 7.14558 36.0594 2.03542
50.6 18.3459 7.14017 36.0639 2.04083
50.7 18.3804 7.13474 36.0682 2.04626
50.8 18.4148 7.12931 36.0724 2.05169
50.9 18.4492 7.12388 36.0765 2.05712
51 18.4837 7.11843 36.0804 2.06257
51.1 18.518 7.11298 36.0842 2.06802
51.2 18.5524 7.10752 36.0878 2.07348
51.3 18.5868 7.10205 36.0913 2.07895
51.4 18.6212 7.09657 36.0947 2.08443
51.5 18.6555 7.09109 36.0979 2.08991
51.6 18.6899 7.0856 36.101 2.0954
51.7 18.7242 7.0801 36.1039 2.1009
51.8 18.7585 7.07459 36.1067 2.10641
51.9 18.7928 7.06908 36.1094 2.11192
52 18.8271 7.06355 36.1119 2.11745
52.1 18.8614 7.05802 36.1143 2.12298
52.2 18.8956 7.05249 36.1165 2.12851
52.3 18.9299 7.04694 36.1186 2.13406
52.4 18.9641 7.04139 36.1206 2.13961
52.5 18.9983 7.03583 36.1225 2.14517
52.6 19.0325 7.03027 36.1242 2.15073
52.7 19.0667 7.02469 36.1258 2.15631
52.8 19.1009 7.01911 36.1272 2.16189
52.9 19.1351 7.01352 36.1285 2.16748
53 19.1693 7.00792 36.1297 2.17308
53.1 19.2034 7.00232 36.1307 2.17868
53.2 19.2376 6.99671 36.1316 2.18429
53.3 19.2717 6.99109 36.1324 2.18991
53.4 19.3058 6.98547 36.1331 2.19553
53.5 19.3399 6.97983 36.1336 2.20117
53.6 19.374 6.97419 36.134 2.20681
53.7 19.4081 6.96854 36.1343 2.21246
53.8 19.4421 6.96289 36.1344 2.21811
53.9 19.4762 6.95723 36.1344 2.22377
54 19.5102 6.95156 36.1343 2.22944
54.1 19.5442 6.94588 36.134 2.23512
54.2 19.5782 6.9402 36.1337 2.2408
54.3 19.6122 6.93451 36.1332 2.24649
54.4 19.6462 6.92881 36.1325 2.25219
54.5 19.6802 6.9231 36.1318 2.2579
54.6 19.7141 6.91739 36.1309 2.26361
54.7 19.7481 6.91167 36.1299 2.26933
54.8 19.782 6.90595 36.1288 2.27505
54.9 19.8159 6.90021 36.1276 2.28079
55 19.8498 6.89447 36.1262 2.28653
55.1 19.8837 6.88872 36.1247 2.29228
55.2 19.9176 6.88297 36.1231 2.29803
55.3 19.9515 6.87721 36.1214 2.30379
55.4 19.9853 6.87144 36.1195 2.30956
55.5 20.0191 6.86567 36.1176 2.31533
55.6 20.053 6.85988 36.1155 2.32112
55.7 20.0868 6.85409 36.1133 2.32691
55.8 20.1206 6.8483 36.1109 2.3327
55.9 20.1544 6.84249 36.1085 2.33851
56 20.1881 6.83668 36.1059 2.34432
56.1 20.2219 6.83087 36.1033 2.35013
56.2 20.2556 6.82504 36.1005 2.35596
56.3 20.2893 6.81921 36.0975 2.36179
56.4 20.3231 6.81338 36.0945 2.36762
56.5 20.3568 6.80753 36.0914 2.37347
56.6 20.3904 6.80168 36.0881 2.37932
56.7 20.4241 6.79583 36.0847 2.38517
56.8 20.4578 6.78996 36.0812 2.39104
56.9 20.4914 6.78409 36.0776 2.39691
57 20.525 6.77821 36.0739 2.40279
57.1 20.5587 6.77233 36.0701 2.40867
57.2 20.5922 6.76644 36.0661 2.41456
57.3 20.6258 6.76054 36.0621 2.42046
57.4 20.6594 6.75464 36.0579 2.42636
57.5 20.693 6.74873 36.0536 2.43227
57.6 20.7265 6.74281 36.0492 2.43819
57.7 20.76 6.73688 36.0447 2.44412
57.8 20.7935 6.73095 36.0401 2.45005
57.9 20.827 6.72502 36.0354 2.45598
58 20.8605 6.71907 36.0306 2.46193
58.1 20.894 6.71312 36.0256 2.46788
58.2 20.9275 6.70717 36.0206 2.47383
58.3 20.9609 6.70121 36.0154 2.47979
58.4 20.9943 6.69524 36.0102 2.48576
58.5 21.0277 6.68926 36.0048 2.49174
58.6 21.0611 6.68328 35.9993 2.49772
58.7 21.0945 6.67729 35.9937 2.50371
58.8 21.1279 6.6713 35.988 2.5097
58.9 21.1612 6.66529 35.9822 2.51571
59 21.1946 6.65929 35.9763 2.52171
59.1 21.2279 6.65327 35.9703 2.52773
59.2 21.2612 6.64725 35.9642 2.53375
59.3 21.2945 6.64123 35.958 2.53977
59.4 21.3278 6.63519 35.9517 2.54581
59.5 21.361 6.62916 35.9452 2.55184
59.6 21.3943 6.62311 35.9387 2.55789
59.7 21.4275 6.61706 35.9321 2.56394
59.8 21.4607 6.611 35.9254 2.57
59.9 21.4939 6.60494 35.9185 2.57606
60 21.5271 6.59887 35.9116 2.58213
60.1 21.5603 6.59279 35.9046 2.58821
60.2 21.5934 6.58671 35.8974 2.59429
60.3 21.6265 6.58062 35.8902 2.60038
60.4 21.6597 6.57453 35.8828 2.60647
60.5 21.6928 6.56843 35.8754 2.61257
60.6 21.7259 6.56232 35.8679 2.61868
60.7 21.7589 6.55621 35.8602 2.62479
60.8 21.792 6.55009 35.8525 2.63091
60.9 21.825 6.54397 35.8447 2.63703
61 21.8581 6.53784 35.8367 2.64316
61.1 21.8911 6.5317 35.8287 2.6493
61.2 21.9241 6.52556 35.8206 2.65544
61.3 21.9571 6.51942 35.8124 2.66158
61.4 21.99 6.51326 35.804 2.66774
61.5 22.023 6.5071 35.7956 2.6739
61.6 22.0559 6.50094 35.7871 2.68006
61.7 22.0888 6.49477 35.7785 2.68623
61.8 22.1217 6.48859 35.7698 2.69241
61.9 22.1546 6.48241 35.761 2.69859
62 22.1875 6.47622 35.7521 2.70478
62.1 22.2203 6.47002 35.7431 2.71098
62.2 22.2531 6.46382 35.7341 2.71718
62.3 22.286 6.45762 35.7249 2.72338
62.4 22.3188 6.45141 35.7156 2.72959
62.5 22.3515 6.44519 35.7063 2.73581
62.6 22.3843 6.43897 35.6968 2.74203
62.7 22.4171 6.43274 35.6873 2.74826
62.8 22.4498 6.42651 35.6777 2.75449
62.9 22.4825 6.42027 35.6679 2.76073
63 22.5152 6.41402 35.6581 2.76698
63.1 22.5479 6.40777 35.6482 2.77323
63.2 22.5806 6.40151 35.6382 2.77949
63.3 22.6132 6.39525 35.6281 2.78575
63.4 22.6458 6.38899 35.618 2.79201
63.5 22.6785 6.38271 35.6077 2.79829
63.6 22.7111 6.37644 35.5973 2.80456
63.7 22.7436 6.37015 35.5869 2.81085
63.8 22.7762 6.36386 35.5764 2.81714
63.9 22.8088 6.35757 35.5658 2.82343
64 22.8413 6.35127 35.555 2.82973
64.1 22.8738 6.34496 35.5443 2.83604
64.2 22.9063 6.33865 35.5334 2.84235
64.3 22.9388 6.33234 35.5224 2.84866
64.4 22.9712 6.32602 35.5114 2.85498
64.5 23.0037 6.31969 35.5002 2.86131
64.6 23.0361 6.31336 35.489 2.86764
64.7 23.0685 6.30702 35.4777 2.87398
64.8 23.1009 6.30068 35.4663 2.88032
64.9 23.1333 6.29433 35.4548 2.88667
65 23.1656 6.28798 35.4432 2.89302
65.1 23.198 6.28162 35.4316 2.89938
65.2 23.2303 6.27526 35.4198 2.90574
65.3 23.2626 6.26889 35.408 2.91211
65.4 23.2949 6.26252 35.3961 2.91848
65.5 23.3271 6.25614 35.3841 2.92486
65.6 23.3594 6.24976 35.3721 2.93124
65.7 23.3916 6.24337 35.3599 2.93763
65.8 23.4238 6.23697 35.3477 2.94403
65.9 23.456 6.23058 35.3354 2.95042
66 23.4882 6.22417 35.323 2.95683
66.1 23.5203 6.21776 35.3105 2.96324
66.2 23.5525 6.21135 35.2979 2.96965
66.3 23.5846 6.20493 35.2853 2.97607
66.4 23.6167 6.19851 35.2726 2.98249
66.5 23.6488 6.19208 35.2598 2.98892
66.6 23.6808 6.18565 35.2469 2.99535
66.7 23.7129 6.17921 35.234 3.00179
66.8 23.7449 6.17277 35.2209 3.00823
66.9 23.7769 6.16632 35.2078 3.01468
67 23.8089 6.15987 35.1946 3.02113
67.1 23.8409 6.15341 35.1813 3.02759
67.2 23.8728 6.14695 35.168 3.03405
67.3 23.9047 6.14048 35.1545 3.04052
67.4 23.9367 6.13401 35.141 3.04699
67.5 23.9685 6.12754 35.1274 3.05346
67.6 24.0004 6.12106 35.1138 3.05994
67.7 24.0323 6.11457 35.1 3.06643
67.8 24.0641 6.10808 35.0862 3.07292
67.9 24.0959 6.10159 35.0723 3.07941
68 24.1277 6.09509 35.0584 3.08591
68.1 24.1595 6.08858 35.0443 3.09242
68.2 24.1913 6.08207 35.0302 3.09893
68.3 24.223 6.07556 35.016 3.10544
68.4 24.2547 6.06904 35.0017 3.11196
68.5 24.2864 6.06252 34.9874 3.11848
68.6 24.3181 6.056 34.973 3.125
68.7 24.3498 6.04947 34.9585 3.13153
68.8 24.3814 6.04293 34.9439 3.13807
68.9 24.413 6.03639 34.9292 3.14461
69 24.4446 6.02985 34.9145 3.15115
69.1 24.4762 6.0233 34.8997 3.1577
69.2 24.5078 6.01674 34.8849 3.16426
69.3 24.5393 6.01019 34.8699 3.17081
69.4 24.5708 6.00363 34.8549 3.17737
69.5 24.6023 5.99706 34.8399 3.18394
69.6 24.6338 5.99049 34.8247 3.19051
69.7 24.6653 5.98392 34.8095 3.19708
69.8 24.6967 5.97734 34.7942 3.20366
69.9 24.7281 5.97075 34.7788 3.21025
70 24.7595 5.96417 34.7634 3.21683
70.1 24.7909 5.95758 34.7479 3.22342
70.2 24.8222 5.95098 34.7323 3.23002
70.3 24.8536 5.94438 34.7167 3.23662
70.4 24.8849 5.93778 34.7009 3.24322
70.5 24.9162 5.93117 34.6851 3.24983
70.6 24.9475 5.92456 34.6693 3.25644
70.7 24.9787 5.91794 34.6534 3.26306
70.8 25.01 5.91132 34.6374 3.26968
70.9 25.0412 5.9047 34.6213 3.2763
71 25.0724 5.89807 34.6052 3.28293
71.1 25.1035 5.89144 34.589 3.28956
71.2 25.1347 5.8848 34.5727 3.2962
71.3 25.1658 5.87816 34.5564 3.30284
71.4 25.1969 5.87152 34.54 3.30948
71.5 25.228 5.86487 34.5235 3.31613
71.6 25.259 5.85822 34.5069 3.32278
71.7 25.2901 5.85156 34.4903 3.32944
71.8 25.3211 5.8449 34.4737 3.3361
71.9 25.3521 5.83824 34.4569 3.34276
72 25.3831 5.83157 34.4401 3.34943
72.1 25.414 5.8249 34.4232 3.3561
72.2 25.445 5.81823 34.4063 3.36277
72.3 25.4759 5.81155 34.3893 3.36945
72.4 25.5068 5.80487 34.3722 3.37613
72.5 25.5376 5.79818 34.3551 3.38282
72.6 25.5685 5.79149 34.3379 3.38951
72.7 25.5993 5.7848 34.3206 3.3962
72.8 25.6301 5.7781 34.3033 3.4029
72.9 25.6609 5.7714 34.2859 3.4096
73 25.6916 5.7647 34.2685 3.4163
73.1 25.7224 5.75799 34.2509 3.42301
73.2 25.7531 5.75128 34.2334 3.42972
73.3 25.7838 5.74456 34.2157 3.43644
73.4 25.8144 5.73785 34.198 3.44315
73.5 25.8451 5.73113 34.1802 3.44987
73.6 25.8757 5.7244 34.1624 3.4566
73.7 25.9063 5.71767 34.1445 3.46333
73.8 25.9369 5.71094 34.1265 3.47006
73.9 25.9674 5.7042 34.1085 3.4768
74 25.9979 5.69747 34.0904 3.48353
74.1 26.0284 5.69072 34.0723 3.49028
74.2 26.0589 5.68398 34.0541 3.49702
74.3 26.0894 5.67723 34.0358 3.50377
74.4 26.1198 5.67048 34.0175 3.51052
74.5 26.1502 5.66372 33.9991 3.51728
74.6 26.1806 5.65696 33.9806 3.52404
74.7 26.211 5.6502 33.9621 3.5308
74.8 26.2413 5.64344 33.9435 3.53756
74.9 26.2717 5.63667 33.9249 3.54433
75 26.302 5.6299 33.9062 3.5511
75.1 26.3322 5.62312 33.8875 3.55788
75.2 26.3625 5.61634 33.8687 3.56466
75.3 26.3927 5.60956 33.8498 3.57144
75.4 26.4229 5.60278 33.8309 3.57822
75.5 26.4531 5.59599 33.8119 3.58501
75.6 26.4832 5.5892 33.7928 3.5918
75.7 26.5134 5.58241 33.7737 3.59859
75.8 26.5435 5.57561 33.7546 3.60539
75.9 26.5735 5.56881 33.7353 3.61219
76 26.6036 5.56201 33.716 3.61899
76.1 26.6336 5.5552 33.6967 3.6258
76.2 26.6636 5.5484 33.6773 3.6326
76.3 26.6936 5.54159 33.6579 3.63941
76.4 26.7236 5.53477 33.6384 3.64623
76.5 26.7535 5.52795 33.6188 3.65305
76.6 26.7834 5.52113 33.5992 3.65987
76.7 26.8133 5.51431 33.5795 3.66669
76.8 26.8432 5.50749 33.5597 3.67351
76.9 26.873 5.50066 33.54 3.68034
77 26.9028 5.49383 33.5201 3.68717
77.1 26.9326 5.48699 33.5002 3.69401
77.2 26.9623 5.48016 33.4802 3.70084
77.3 26.9921 5.47332 33.4602 3.70768
77.4 27.0218 5.46648 33.4402 3.71452
77.5 27.0515 5.45963 33.42 3.72137
77.6 27.0811 5.45278 33.3999 3.72822
77.7 27.1107 5.44593 33.3796 3.73507
77.8 27.1403 5.43908 33.3593 3.74192
77.9 27.1699 5.43223 33.339 3.74877
78 27.1995 5.42537 33.3186 3.75563
78.1 27.229 5.41851 33.2981 3.76249
78.2 27.2585 5.41165 33.2776 3.76935
78.3 27.288 5.40478 33.2571 3.77622
78.4 27.3174 5.39791 33.2365 3.78309
78.5 27.3469 5.39104 33.2158 3.78996
78.6 27.3763 5.38417 33.1951 3.79683
78.7 27.4056 5.3773 33.1743 3.8037
78.8 27.435 5.37042 33.1535 3.81058
78.9 27.4643 5.36354 33.1326 3.81746
79 27.4936 5.35666 33.1117 3.82434
79.1 27.5228 5.34977 33.0907 3.83123
79.2 27.5521 5.34289 33.0696 3.83811
79.3 27.5813 5.336 33.0486 3.845
79.4 27.6105 5.32911 33.0274 3.85189
79.5 27.6396 5.32221 33.0062 3.85879
79.6 27.6688 5.31532 32.985 3.86568
79.7 27.6979 5.30842 32.9637 3.87258
79.8 27.727 5.30152 32.9424 3.87948
79.9 27.756 5.29462 32.921 3.88638
80 27.785 5.28771 32.8995 3.89329
80.1 27.814 5.28081 32.878 3.90019
80.2 27.843 5.2739 32.8565 3.9071
80.3 27.8719 5.26699 32.8349 3.91401
80.4 27.9008 5.26007 32.8132 3.92093
80.5 27.9297 5.25316 32.7915 3.92784
80.6 27.9586 5.24624 32.7698 3.93476
80.7 27.9874 5.23932 32.748 3.94168
80.8 28.0162 5.2324 32.7261 3.9486
80.9 28.045 5.22548 32.7043 3.95552
81 28.0737 5.21855 32.6823 3.96245
81.1 28.1024 5.21163 32.6603 3.96937
81.2 28.1311 5.2047 32.6383 3.9763
81.3 28.1598 5.19777 32.6162 3.98323
81.4 28.1884 5.19084 32.594 3.99016
81.5 28.217 5.1839 32.5719 3.9971
81.6 28.2456 5.17697 32.5496 4.00403
81.7 28.2741 5.17003 32.5273 4.01097
81.8 28.3027 5.16309 32.505 4.01791
81.9 28.3312 5.15615 32.4826 4.02485
82 28.3596 5.1492 32.4602 4.0318
82.1 28.388 5.14226 32.4377 4.03874
82.2 28.4164 5.13531 32.4152 4.04569
82.3 28.4448 5.12836 32.3926 4.05264
82.4 28.4732 5.12142 32.37 4.05958
82.5 28.5015 5.11446 32.3474 4.06654
82.6 28.5298 5.10751 32.3247 4.07349
82.7 28.558 5.10056 32.3019 4.08044
82.8 28.5862 5.0936 32.2791 4.0874
82.9 28.6144 5.08664 32.2562 4.09436
83 28.6426 5.07968 32.2334 4.10132
83.1 28.6707 5.07272 32.2104 4.10828
83.2 28.6988 5.06576 32.1874 4.11524
83.3 28.7269 5.0588 32.1644 4.1222
83.4 28.7549 5.05183 32.1413 4.12917
83.5 28.783 5.04487 32.1182 4.13613
83.6 28.8109 5.0379 32.095 4.1431
83.7 28.8389 5.03093 32.0718 4.15007
83.8 28.8668 5.02396 32.0486 4.15704
83.9 28.8947 5.01699 32.0253 4.16401
84 28.9226 5.01001 32.0019 4.17099
84.1 28.9504 5.00304 31.9785 4.17796
84.2 28.9782 4.99606 31.9551 4.18494
84.3 29.006 4.98909 31.9316 4.19191
84.4 29.0337 4.98211 31.9081 4.19889
84.5 29.0614 4.97513 31.8845 4.20587
84.6 29.0891 4.96815 31.8609 4.21285
84.7 29.1167 4.96117 31.8372 4.21983
84.8 29.1443 4.95419 31.8135 4.22681
84.9 29.1719 4.9472 31.7898 4.2338
85 29.1995 4.94022 31.766 4.24078
85.1 29.227 4.93323 31.7422 4.24777
85.2 29.2545 4.92624 31.7183 4.25476
85.3 29.2819 4.91926 31.6944 4.26174
85.4 29.3093 4.91227 31.6704 4.26873
85.5 29.3367 4.90528 31.6464 4.27572
85.6 29.3641 4.89829 31.6224 4.28271
85.7 29.3914 4.8913 31.5983 4.2897
85.8 29.4187 4.8843 31.5742 4.2967
85.9 29.446 4.87731 31.55 4.30369
86 29.4732 4.87031 31.5258 4.31069
86.1 29.5004 4.86332 31.5015 4.31768
86.2 29.5276 4.85632 31.4773 4.32468
86.3 29.5547 4.84933 31.4529 4.33167
86.4 29.5818 4.84233 31.4285 4.33867
86.5 29.6088 4.83533 31.4041 4.34567
86.6 29.6359 4.82833 31.3797 4.35267
86.7 29.6629 4.82133 31.3552 4.35967
86.8 29.6898 4.81433 31.3306 4.36667
86.9 29.7168 4.80733 31.306 4.37367
87 29.7437 4.80033 31.2814 4.38067
87.1 29.7705 4.79332 31.2567 4.38768
87.2 29.7973 4.78632 31.232 4.39468
87.3 29.8241 4.77931 31.2073 4.40169
87.4 29.8509 4.77231 31.1825 4.40869
87.5 29.8776 4.76531 31.1577 4.41569
87.6 29.9043 4.7583 31.1328 4.4227
87.7 29.931 4.75129 31.1079 4.42971
87.8 29.9576 4.74429 31.083 4.43671
87.9 29.9842 4.73728 31.058 4.44372
88 30.0107 4.73027 31.033 4.45073
88.1 30.0373 4.72326 31.0079 4.45774
88.2 30.0637 4.71626 30.9828 4.46474
88.3 30.0902 4.70925 30.9577 4.47175
88.4 30.1166 4.70224 30.9325 4.47876
88.5 30.143 4.69523 30.9073 4.48577
88.6 30.1693 4.68822 30.882 4.49278
88.7 30.1956 4.68121 30.8567 4.49979
88.8 30.2219 4.6742 30.8314 4.5068
88.9 30.2481 4.66719 30.806 4.51381
89 30.2743 4.66018 30.7806 4.52082
89.1 30.3005 4.65317 30.7551 4.52783
89.2 30.3266 4.64615 30.7297 4.53485
89.3 30.3527 4.63914 30.7041 4.54186
89.4 30.3788 4.63213 30.6786 4.54887
89.5 30.4048 4.62512 30.653 4.55588
89.6 30.4308 4.61811 30.6273 4.56289
89.7 30.4567 4.6111 30.6017 4.5699
89.8 30.4827 4.60408 30.5759 4.57692
89.9 30.5085 4.59707 30.5502 4.58393
90 30.5344 4.59006 30.5244 4.59094
90.1 30.5602 4.58305 30.4986 4.59795
90.2 30.5859 4.57603 30.4727 4.60497
90.3 30.6117 4.56902 30.4468 4.61198
90.4 30.6374 4.56201 30.4209 4.61899
90.5 30.663 4.555 30.3949 4.626
90.6 30.6886 4.54799 30.3689 4.63301
90.7 30.7142 4.54098 30.3429 4.64002
90.8 30.7397 4.53396 30.3168 4.64704
90.9 30.7652 4.52695 30.2907 4.65405
91 30.7907 4.51994 30.2645 4.66106
91.1 30.8161 4.51293 30.2384 4.66807
91.2 30.8415 4.50592 30.2121 4.67508
91.3 30.8669 4.49891 30.1859 4.68209
91.4 30.8922 4.4919 30.1596 4.6891
91.5 30.9174 4.48489 30.1333 4.69611
91.6 30.9427 4.47788 30.1069 4.70312
91.7 30.9679 4.47087 30.0805 4.71013
91.8 30.993 4.46386 30.0541 4.71714
91.9 31.0182 4.45685 30.0276 4.72415
92 31.0432 4.44985 30.0011 4.73115
92.1 31.0683 4.44284 29.9745 4.73816
92.2 31.0933 4.43583 29.948 4.74517
92.3 31.1182 4.42882 29.9214 4.75218
92.4 31.1431 4.42182 29.8947 4.75918
92.5 31.168 4.41481 29.868 4.76619
92.6 31.1929 4.40781 29.8413 4.77319
92.7 31.2177 4.4008 29.8146 4.7802
92.8 31.2424 4.3938 29.7878 4.7872
92.9 31.2671 4.3868 29.761 4.7942
93 31.2918 4.37979 29.7341 4.80121
93.1 31.3165 4.37279 29.7073 4.80821
93.2 31.3411 4.36579 29.6804 4.81521
93.3 31.3656 4.35879 29.6534 4.82221
93.4 31.3901 4.35179 29.6264 4.82921
93.5 31.4146 4.34479 29.5994 4.83621
93.6 31.4391 4.33779 29.5724 4.84321
93.7 31.4634 4.33079 29.5453 4.85021
93.8 31.4878 4.3238 29.5182 4.8572
93.9 31.5121 4.3168 29.491 4.8642
94 31.5364 4.3098 29.4638 4.8712
94.1 31.5606 4.30281 29.4366 4.87819
94.2 31.5848 4.29582 29.4094 4.88518
94.3 31.6089 4.28882 29.3821 4.89218
94.4 31.633 4.28183 29.3548 4.89917
94.5 31.6571 4.27484 29.3275 4.90616
94.6 31.6811 4.26785 29.3001 4.91315
94.7 31.7051 4.26086 29.2727 4.92014
94.8 31.729 4.25387 29.2452 4.92713
94.9 31.7529 4.24689 29.2178 4.93411
95 31.7767 4.2399 29.1903 4.9411
95.1 31.8005 4.23292 29.1627 4.94808
95.2 31.8243 4.22593 29.1352 4.95507
95.3 31.848 4.21895 29.1076 4.96205
95.4 31.8717 4.21197 29.0799 4.96903
95.5 31.8953 4.20499 29.0523 4.97601
95.6 31.9189 4.19801 29.0246 4.98299
95.7 31.9424 4.19103 28.9969 4.98997
95.8 31.9659 4.18405 28.9691 4.99695
95.9 31.9894 4.17708 28.9413 5.00392
96 32.0128 4.1701 28.9135 5.0109
96.1 32.0362 4.16313 28.8857 5.01787
96.2 32.0595 4.15616 28.8578 5.02484
96.3 32.0828 4.14919 28.8299 5.03181
96.4 32.106 4.14222 28.8019 5.03878
96.5 32.1292 4.13525 28.774 5.04575
96.6 32.1523 4.12828 28.746 5.05272
96.7 32.1754 4.12132 28.7179 5.05968
96.8 32.1985 4.11436 28.6899 5.06664
96.9 32.2215 4.10739 28.6618 5.07361
97 32.2444 4.10043 28.6337 5.08057
97.1 32.2673 4.09347 28.6055 5.08753
97.2 32.2902 4.08652 28.5773 5.09448
97.3 32.313 4.07956 28.5491 5.10144
97.4 32.3358 4.07261 28.5209 5.10839
97.5 32.3585 4.06565 28.4926 5.11535
97.6 32.3812 4.0587 28.4643 5.1223
97.7 32.4038 4.05175 28.436 5.12925
97.8 32.4264 4.04481 28.4076 5.13619
97.9 32.4489 4.03786 28.3792 5.14314
98 32.4714 4.03091 28.3508 5.15009
98.1 32.4939 4.02397 28.3224 5.15703
98.2 32.5163 4.01703 28.2939 5.16397
98.3 32.5386 4.01009 28.2654 5.17091
98.4 32.5609 4.00315 28.2369 5.17785
98.5 32.5832 3.99622 28.2083 5.18478
98.6 32.6054 3.98928 28.1797 5.19172
98.7 32.6275 3.98235 28.1511 5.19865
98.8 32.6496 3.97542 28.1225 5.20558
98.9 32.6717 3.96849 28.0938 5.21251
99 32.6937 3.96156 28.0651 5.21944
99.1 32.7157 3.95464 28.0363 5.22636
99.2 32.7376 3.94772 28.0076 5.23328
99.3 32.7594 3.9408 27.9788 5.2402
99.4 32.7813 3.93388 27.95 5.24712
99.5 32.803 3.92696 27.9211 5.25404
99.6 32.8247 3.92005 27.8923 5.26095
99.7 32.8464 3.91313 27.8634 5.26787
99.8 32.868 3.90622 27.8345 5.27478
99.9 32.8896 3.89931 27.8055 5.28169
100 32.9111 3.89241 27.7765 5.28859
100.1 32.9325 3.8855 27.7475 5.2955
100.2 32.954 3.8786 27.7185 5.3024
100.3 32.9753 3.8717 27.6894 5.3093
100.4 32.9966 3.8648 27.6603 5.3162
100.5 33.0179 3.85791 27.6312 5.32309
100.6 33.0391 3.85101 27.6021 5.32999
100.7 33.0602 3.84412 27.5729 5.33688
100.8 33.0813 3.83723 27.5437 5.34377
100.9 33.1024 3.83034 27.5145 5.35066
101 33.1234 3.82346 27.4852 5.35754
101.1 33.1443 3.81658 27.4559 5.36442
101.2 33.1652 3.8097 27.4266 5.3713
101.3 33.1861 3.80282 27.3973 5.37818
101.4 33.2069 3.79595 27.3679 5.38505
101.5 33.2276 3.78907 27.3386 5.39193
101.6 33.2483 3.7822 27.3091 5.3988
101.7 33.2689 3.77534 27.2797 5.40566
101.8 33.2895 3.76847 27.2502 5.41253
101.9 33.31 3.76161 27.2208 5.41939
102 33.3305 3.75475 27.1912 5.42625
102.1 33.3509 3.74789 27.1617 5.43311
102.2 33.3713 3.74104 27.1321 5.43996
102.3 33.3916 3.73418 27.1025 5.44682
102.4 33.4118 3.72733 27.0729 5.45367
102.5 33.432 3.72049 27.0433 5.46051
102.6 33.4522 3.71364 27.0136 5.46736
102.7 33.4723 3.7068 26.9839 5.4742
102.8 33.4923 3.69996 26.9542 5.48104
102.9 33.5123 3.69312 26.9245 5.48788
103 33.5322 3.68629 26.8947 5.49471
103.1 33.5521 3.67946 26.8649 5.50154
103.2 33.5719 3.67263 26.8351 5.50837
103.3 33.5916 3.66581 26.8052 5.51519
103.4 33.6113 3.65898 26.7754 5.52202
103.5 33.631 3.65216 26.7455 5.52884
103.6 33.6505 3.64535 26.7155 5.53565
103.7 33.6701 3.63853 26.6856 5.54247
103.8 33.6895 3.63172 26.6556 5.54928
103.9 33.7089 3.62491 26.6256 5.55609
104 33.7283 3.61811 26.5956 5.56289
104.1 33.7476 3.61131 26.5656 5.56969
104.2 33.7668 3.60451 26.5355 5.57649
104.3 33.786 3.59771 26.5054 5.58329
104.4 33.8051 3.59092 26.4753 5.59008
104.5 33.8242 3.58413 26.4452 5.59687
104.6 33.8432 3.57734 26.415 5.60366
104.7 33.8622 3.57056 26.3848 5.61044
104.8 33.8811 3.56377 26.3546 5.61723
104.9 33.8999 3.557 26.3244 5.624
105 33.9187 3.55022 26.2941 5.63078
105.1 33.9374 3.54345 26.2638 5.63755
105.2 33.956 3.53668 26.2335 5.64432
105.3 33.9746 3.52992 26.2032 5.65108
105.4 33.9931 3.52315 26.1728 5.65785
105.5 34.0116 3.5164 26.1425 5.6646
105.6 34.03 3.50964 26.1121 5.67136
105.7 34.0484 3.50289 26.0816 5.67811
105.8 34.0666 3.49614 26.0512 5.68486
105.9 34.0849 3.48939 26.0207 5.69161
106 34.103 3.48265 25.9902 5.69835
106.1 34.1211 3.47591 25.9597 5.70509
106.2 34.1392 3.46918 25.9292 5.71182
106.3 34.1572 3.46245 25.8986 5.71855
106.4 34.1751 3.45572 25.868 5.72528
106.5 34.1929 3.44899 25.8374 5.73201
106.6 34.2107 3.44227 25.8068 5.73873
106.7 34.2285 3.43555 25.7761 5.74545
106.8 34.2461 3.42884 25.7455 5.75216
106.9 34.2637 3.42213 25.7148 5.75887
107 34.2813 3.41542 25.684 5.76558
107.1 34.2987 3.40872 25.6533 5.77228
107.2 34.3161 3.40202 25.6225 5.77898
107.3 34.3335 3.39532 25.5918 5.78568
107.4 34.3508 3.38863 25.5609 5.79237
107.5 34.368 3.38194 25.5301 5.79906
107.6 34.3851 3.37525 25.4993 5.80575
107.7 34.4022 3.36857 25.4684 5.81243
107.8 34.4192 3.36189 25.4375 5.81911
107.9 34.4362 3.35522 25.4066 5.82578
108 34.4531 3.34855 25.3756 5.83245
108.1 34.4699 3.34188 25.3447 5.83912
108.2 34.4867 3.33522 25.3137 5.84578
108.3 34.5034 3.32856 25.2827 5.85244
108.4 34.52 3.3219 25.2516 5.8591
108.5 34.5366 3.31525 25.2206 5.86575
108.6 34.553 3.3086 25.1895 5.8724
108.7 34.5695 3.30196 25.1584 5.87904
108.8 34.5858 3.29532 25.1273 5.88568
108.9 34.6021 3.28868 25.0962 5.89232
109 34.6183 3.28205 25.065 5.89895
109.1 34.6345 3.27542 25.0338 5.90558
109.2 34.6506 3.2688 25.0027 5.9122
109.3 34.6666 3.26218 24.9714 5.91882
109.4 34.6825 3.25556 24.9402 5.92544
109.5 34.6984 3.24895 24.9089 5.93205
109.6 34.7142 3.24234 24.8776 5.93866
109.7 34.7299 3.23574 24.8463 5.94526
109.8 34.7456 3.22914 24.815 5.95186
109.9 34.7612 3.22254 24.7837 5.95846
110 34.7767 3.21595 24.7523 5.96505
110.1 34.7922 3.20936 24.7209 5.97164
110.2 34.8076 3.20278 24.6895 5.97822
110.3 34.8229 3.1962 24.6581 5.9848
110.4 34.8381 3.18963 24.6266 5.99137
110.5 34.8533 3.18306 24.5952 5.99794
110.6 34.8684 3.17649 24.5637 6.00451
110.7 34.8834 3.16993 24.5322 6.01107
110.8 34.8984 3.16337 24.5007 6.01763
110.9 34.9133 3.15682 24.4691 6.02418
111 34.9281 3.15027 24.4375 6.03073
111.1 34.9428 3.14373 24.406 6.03727
111.2 34.9575 3.13719 24.3743 6.04381
111.3 34.9721 3.13065 24.3427 6.05035
111.4 34.9866 3.12412 24.3111 6.05688
111.5 35.001 3.1176 24.2794 6.0634
111.6 35.0154 3.11107 24.2477 6.06993
111.7 35.0297 3.10456 24.216 6.07644
111.8 35.0439 3.09804 24.1843 6.08296
111.9 35.058 3.09154 24.1525 6.08946
112 35.0721 3.08503 24.1208 6.09597
112.1 35.0861 3.07853 24.089 6.10247
112.2 35.1 3.07204 24.0572 6.10896
112.3 35.1138 3.06555 24.0254 6.11545
112.4 35.1276 3.05906 23.9935 6.12194
112.5 35.1413 3.05258 23.9617 6.12842
112.6 35.1549 3.04611 23.9298 6.13489
112.7 35.1684 3.03963 23.8979 6.14137
112.8 35.1819 3.03317 23.866 6.14783
112.9 35.1952 3.02671 23.834 6.15429
113 35.2085 3.02025 23.8021 6.16075
113.1 35.2217 3.0138 23.7701 6.1672
113.2 35.2349 3.00735 23.7381 6.17365
113.3 35.2479 3.00091 23.7061 6.18009
113.4 35.2609 2.99447 23.674 6.18653
113.5 35.2738 2.98804 23.642 6.19296
113.6 35.2866 2.98161 23.6099 6.19939
113.7 35.2994 2.97518 23.5778 6.20582
113.8 35.312 2.96877 23.5457 6.21223
113.9 35.3246 2.96235 23.5136 6.21865
114 35.3371 2.95594 23.4815 6.22506
114.1 35.3495 2.94954 23.4493 6.23146
114.2 35.3619 2.94314 23.4171 6.23786
114.3 35.3741 2.93675 23.3849 6.24425
114.4 35.3863 2.93036 23.3527 6.25064
114.5 35.3984 2.92398 23.3205 6.25702
114.6 35.4104 2.9176 23.2882 6.2634
114.7 35.4223 2.91123 23.256 6.26977
114.8 35.4341 2.90486 23.2237 6.27614
114.9 35.4459 2.8985 23.1914 6.2825
115 35.4576 2.89214 23.159 6.28886
115.1 35.4691 2.88579 23.1267 6.29521
115.2 35.4806 2.87944 23.0943 6.30156
115.3 35.4921 2.8731 23.062 6.3079
115.4 35.5034 2.86676 23.0296 6.31424
115.5 35.5146 2.86043 22.9971 6.32057
115.6 35.5258 2.8541 22.9647 6.3269
115.7 35.5369 2.84778 22.9323 6.33322
115.8 35.5479 2.84146 22.8998 6.33954
115.9 35.5588 2.83515 22.8673 6.34585
116 35.5696 2.82885 22.8348 6.35215
116.1 35.5803 2.82255 22.8023 6.35845
116.2 35.5909 2.81626 22.7698 6.36474
116.3 35.6015 2.80997 22.7372 6.37103
116.4 35.6119 2.80368 22.7046 6.37732
116.5 35.6223 2.7974 22.6721 6.3836
116.6 35.6326 2.79113 22.6394 6.38987
116.7 35.6428 2.78487 22.6068 6.39613
116.8 35.6529 2.7786 22.5742 6.4024
116.9 35.6629 2.77235 22.5415 6.40865
117 35.6728 2.7661 22.5089 6.4149
117.1 35.6827 2.75985 22.4762 6.42115
117.2 35.6924 2.75361 22.4435 6.42739
117.3 35.7021 2.74738 22.4107 6.43362
117.4 35.7116 2.74115 22.378 6.43985
117.5 35.7211 2.73493 22.3453 6.44607
117.6 35.7305 2.72871 22.3125 6.45229
117.7 35.7398 2.7225 22.2797 6.4585
117.8 35.7489 2.71629 22.2469 6.46471
117.9 35.758 2.71009 22.2141 6.47091
118 35.767 2.7039 22.1812 6.4771
118.1 35.776 2.69771 22.1484 6.48329
118.2 35.7848 2.69153 22.1155 6.48947
118.3 35.7935 2.68535 22.0826 6.49565
118.4 35.8021 2.67918 22.0497 6.50182
118.5 35.8107 2.67302 22.0168 6.50798
118.6 35.8191 2.66686 21.9839 6.51414
118.7 35.8274 2.6607 21.9509 6.5203
118.8 35.8357 2.65455 21.9179 6.52645
118.9 35.8438 2.64841 21.885 6.53259
119 35.8519 2.64228 21.852 6.53872
119.1 35.8598 2.63615 21.8189 6.54485
119.2 35.8677 2.63002 21.7859 6.55098
119.3 35.8754 2.62391 21.7529 6.55709
119.4 35.8831 2.61779 21.7198 6.56321
119.5 35.8906 2.61169 21.6867 6.56931
119.6 35.8981 2.60559 21.6536 6.57541
119.7 35.9054 2.59949 21.6205 6.58151
119.8 35.9127 2.59341 21.5874 6.58759
119.9 35.9199 2.58732 21.5542 6.59368
120 35.9269 2.58125 21.5211 6.59975
120.1 35.9339 2.57518 21.4879 6.60582
120.2 35.9407 2.56912 21.4547 6.61188
120.3 35.9475 2.56306 21.4215 6.61794
120.4 35.9541 2.55701 21.3883 6.62399
120.5 35.9607 2.55096 21.3551 6.63004
120.6 35.9671 2.54492 21.3218 6.63608
120.7 35.9735 2.53889 21.2886 6.64211
120.8 35.9797 2.53286 21.2553 6.64814
120.9 35.9858 2.52684 21.222 6.65416
121 35.9919 2.52083 21.1887 6.66017
121.1 35.9978 2.51482 21.1554 6.66618
121.2 36.0036 2.50882 21.122 6.67218
121.3 36.0093 2.50283 21.0887 6.67817
121.4 36.0149 2.49684 21.0553 6.68416
121.5 36.0204 2.49086 21.0219 6.69014
121.6 36.0258 2.48488 20.9885 6.69612
121.7 36.0311 2.47891 20.9551 6.70209
121.8 36.0363 2.47295 20.9217 6.70805
121.9 36.0414 2.46699 20.8882 6.71401
122 36.0463 2.46104 20.8548 6.71996
122.1 36.0512 2.4551 20.8213 6.7259
122.2 36.0559 2.44916 20.7878 6.73184
122.3 36.0605 2.44323 20.7543 6.73777
122.4 36.0651 2.43731 20.7208 6.74369
122.5 36.0695 2.43139 20.6873 6.74961
122.6 36.0738 2.42548 20.6537 6.75552
122.7 36.078 2.41958 20.6201 6.76142
122.8 36.082 2.41368 20.5866 6.76732
122.9 36.086 2.40779 20.553 6.77321
123 36.0899 2.40191 20.5194 6.77909
123.1 36.0936 2.39603 20.4858 6.78497
123.2 36.0972 2.39016 20.4521 6.79084
123.3 36.1007 2.38429 20.4185 6.79671
123.4 36.1041 2.37844 20.3848 6.80256
123.5 36.1074 2.37258 20.3512 6.80842
123.6 36.1106 2.36674 20.3175 6.81426
123.7 36.1136 2.3609 20.2838 6.8201
123.8 36.1166 2.35507 20.2501 6.82593
123.9 36.1194 2.34925 20.2163 6.83175
124 36.1221 2.34343 20.1826 6.83757
124.1 36.1247 2.33762 20.1488 6.84338
124.2 36.1272 2.33182 20.1151 6.84918
124.3 36.1295 2.32602 20.0813 6.85498
124.4 36.1317 2.32024 20.0475 6.86076
124.5 36.1338 2.31445 20.0137 6.86655
124.6 36.1358 2.30868 19.9798 6.87232
124.7 36.1377 2.30291 19.946 6.87809
124.8 36.1395 2.29715 19.9121 6.88385
124.9 36.1411 2.29139 19.8783 6.88961
125 36.1426 2.28565 19.8444 6.89535
125.1 36.144 2.27991 19.8105 6.90109
125.2 36.1452 2.27417 19.7766 6.90683
125.3 36.1464 2.26845 19.7427 6.91255
125.4 36.1474 2.26273 19.7088 6.91827
125.5 36.1483 2.25701 19.6748 6.92399
125.6 36.1491 2.25131 19.6409 6.92969
125.7 36.1497 2.24561 19.6069 6.93539
125.8 36.1502 2.23992 19.5729 6.94108
125.9 36.1506 2.23424 19.5389 6.94676
126 36.1509 2.22856 19.5049 6.95244
126.1 36.151 2.22289 19.4709 6.95811
126.2 36.151 2.21723 19.4368 6.96377
126.3 36.1509 2.21157 19.4028 6.96943
126.4 36.1507 2.20593 19.3687 6.97507
126.5 36.1503 2.20029 19.3346 6.98071
126.6 36.1498 2.19465 19.3005 6.98635
126.7 36.1492 2.18903 19.2664 6.99197
126.8 36.1484 2.18341 19.2323 6.99759
126.9 36.1475 2.1778 19.1982 7.0032
127 36.1465 2.17219 19.1641 7.00881
127.1 36.1453 2.1666 19.1299 7.0144
127.2 36.144 2.16101 19.0957 7.01999
127.3 36.1426 2.15543 19.0616 7.02557
127.4 36.1411 2.14985 19.0274 7.03115
127.5 36.1394 2.14429 18.9932 7.03671
127.6 36.1376 2.13873 18.959 7.04227
127.7 36.1356 2.13317 18.9247 7.04783
127.8 36.1335 2.12763 18.8905 7.05337
127.9 36.1313 2.12209 18.8562 7.05891
128 36.1289 2.11656 18.822 7.06444
128.1 36.1264 2.11104 18.7877 7.06996
128.2 36.1238 2.10553 18.7534 7.07547
128.3 36.121 2.10002 18.7191 7.08098
128.4 36.1181 2.09452 18.6848 7.08648
128.5 36.115 2.08903 18.6505 7.09197
128.6 36.1118 2.08355 18.6161 7.09745
128.7 36.1085 2.07807 18.5818 7.10293
128.8 36.105 2.0726 18.5474 7.1084
128.9 36.1014 2.06714 18.513 7.11386
129 36.0977 2.06169 18.4787 7.11931
129.1 36.0938 2.05624 18.4443 7.12476
129.2 36.0897 2.0508 18.4099 7.1302
129.3 36.0855 2.04537 18.3754 7.13563
129.4 36.0812 2.03995 18.341 7.14105
129.5 36.0767 2.03454 18.3066 7.14646
129.6 36.0721 2.02913 18.2721 7.15187
129.7 36.0673 2.02373 18.2376 7.15727
129.8 36.0624 2.01834 18.2031 7.16266
129.9 36.0574 2.01296 18.1687 7.16804
130 36.0522 2.00758 18.1342 7.17342
130.1 36.0468 2.00221 18.0996 7.17879
130.2 36.0413 1.99685 18.0651 7.18415
130.3 36.0357 1.9915 18.0306 7.1895
130.4 36.0299 1.98616 17.996 7.19484
130.5 36.0239 1.98082 17.9615 7.20018
130.6 36.0178 1.97549 17.9269 7.20551
130.7 36.0116 1.97017 17.8923 7.21083
130.8 36.0052 1.96486 17.8577 7.21614
130.9 35.9986 1.95956 17.8231 7.22144
131 35.9919 1.95426 17.7885 7.22674
131.1 35.985 1.94897 17.7539 7.23203
131.2 35.978 1.94369 17.7192 7.23731
131.3 35.9708 1.93842 17.6846 7.24258
131.4 35.9635 1.93316 17.6499 7.24784
131.5 35.956 1.9279 17.6152 7.2531
131.6 35.9484 1.92265 17.5805 7.25835
131.7 35.9406 1.91741 17.5458 7.26359
131.8 35.9326 1.91218 17.5111 7.26882
131.9 35.9245 1.90696 17.4764 7.27404
132 35.9162 1.90175 17.4417 7.27925
132.1 35.9078 1.89654 17.407 7.28446
132.2 35.8992 1.89134 17.3722 7.28966
132.3 35.8904 1.88615 17.3374 7.29485
132.4 35.8815 1.88097 17.3027 7.30003
132.5 35.8724 1.87579 17.2679 7.30521
132.6 35.8632 1.87063 17.2331 7.31037
132.7 35.8538 1.86547 17.1983 7.31553
132.8 35.8442 1.86032 17.1635 7.32068
132.9 35.8345 1.85518 17.1286 7.32582
133 35.8246 1.85005 17.0938 7.33095
133.1 35.8145 1.84492 17.059 7.33608
133.2 35.8043 1.83981 17.0241 7.34119
133.3 35.7939 1.8347 16.9892 7.3463
133.4 35.7833 1.8296 16.9544 7.3514
133.5 35.7726 1.82451 16.9195 7.35649
133.6 35.7616 1.81943 16.8846 7.36157
133.7 35.7506 1.81435 16.8497 7.36665
133.8 35.7393 1.80929 16.8147 7.37171
133.9 35.7279 1.80423 16.7798 7.37677
134 35.7163 1.79918 16.7449 7.38182
134.1 35.7045 1.79414 16.7099 7.38686
134.2 35.6926 1.78911 16.675 7.39189
134.3 35.6805 1.78409 16.64 7.39691
134.4 35.6682 1.77908 16.605 7.40192
134.5 35.6557 1.77407 16.57 7.40693
134.6 35.6431 1.76907 16.535 7.41193
134.7 35.6302 1.76408 16.5 7.41692
134.8 35.6172 1.75911 16.465 7.42189
134.9 35.6041 1.75413 16.4299 7.42687
135 35.5907 1.74917 16.3949 7.43183
135.1 35.5772 1.74422 16.3598 7.43678
135.2 35.5635 1.73927 16.3248 7.44173
135.3 35.5496 1.73434 16.2897 7.44666
135.4 35.5355 1.72941 16.2546 7.45159
135.5 35.5212 1.72449 16.2195 7.45651
135.6 35.5068 1.71958 16.1844 7.46142
135.7 35.4921 1.71468 16.1493 7.46632
135.8 35.4773 1.70978 16.1142 7.47122
135.9 35.4623 1.7049 16.0791 7.4761
136 35.4471 1.70002 16.0439 7.48098
136.1 35.4318 1.69516 16.0088 7.48584
136.2 35.4162 1.6903 15.9736 7.4907
136.3 35.4005 1.68545 15.9385 7.49555
136.4 35.3845 1.68061 15.9033 7.50039
136.5 35.3684 1.67578 15.8681 7.50522
136.6 35.3521 1.67096 15.8329 7.51004
136.7 35.3356 1.66614 15.7977 7.51486
136.8 35.3189 1.66134 15.7625 7.51966
136.9 35.302 1.65654 15.7272 7.52446
137 35.2849 1.65176 15.692 7.52924
137.1 35.2676 1.64698 15.6568 7.53402
137.2 35.2501 1.64221 15.6215 7.53879
137.3 35.2324 1.63745 15.5862 7.54355
137.4 35.2146 1.6327 15.551 7.5483
137.5 35.1965 1.62796 15.5157 7.55304
137.6 35.1782 1.62322 15.4804 7.55778
137.7 35.1598 1.6185 15.4451 7.5625
137.8 35.1411 1.61379 15.4098 7.56721
137.9 35.1222 1.60908 15.3745 7.57192
138 35.1031 1.60438 15.3391 7.57662
138.1 35.0839 1.5997 15.3038 7.5813
138.2 35.0644 1.59502 15.2685 7.58598
138.3 35.0447 1.59035 15.2331 7.59065
138.4 35.0248 1.58569 15.1977 7.59531
138.5 35.0047 1.58104 15.1624 7.59996
138.6 34.9844 1.5764 15.127 7.6046
138.7 34.9639 1.57176 15.0916 7.60924
138.8 34.9432 1.56714 15.0562 7.61386
138.9 34.9223 1.56253 15.0208 7.61847
139 34.9012 1.55792 14.9854 7.62308
139.1 34.8798 1.55333 14.9499 7.62767
139.2 34.8583 1.54874 14.9145 7.63226
139.3 34.8365 1.54416 14.8791 7.63684
139.4 34.8146 1.53959 14.8436 7.64141
139.5 34.7924 1.53504 14.8081 7.64596
139.6 34.77 1.53049 14.7727 7.65051
139.7 34.7473 1.52595 14.7372 7.65505
139.8 34.7245 1.52142 14.7017 7.65958
139.9 34.7015 1.51689 14.6662 7.66411
140 34.6782 1.51238 14.6307 7.66862
140.1 34.6547 1.50788 14.5952 7.67312
140.2 34.631 1.50339 14.5597 7.67761
140.3 34.6071 1.4989 14.5241 7.6821
140.4 34.5829 1.49443 14.4886 7.68657
140.5 34.5585 1.48996 14.4531 7.69104
140.6 34.5339 1.48551 14.4175 7.69549
140.7 34.5091 1.48106 14.3819 7.69994
140.8 34.4841 1.47662 14.3464 7.70438
140.9 34.4588 1.4722 14.3108 7.7088
141 34.4333 1.46778 14.2752 7.71322
141.1 34.4076 1.46337 14.2396 7.71763
141.2 34.3816 1.45897 14.204 7.72203
141.3 34.3555 1.45458 14.1684 7.72642
141.4 34.329 1.45021 14.1328 7.73079
141.5 34.3024 1.44584 14.0971 7.73516
141.6 34.2755 1.44147 14.0615 7.73953
141.7 34.2484 1.43712 14.0259 7.74388
141.8 34.2211 1.43278 13.9902 7.74822
141.9 34.1935 1.42845 13.9546 7.75255
142 34.1657 1.42413 13.9189 7.75687
142.1 34.1377 1.41982 13.8832 7.76118
142.2 34.1094 1.41551 13.8475 7.76549
142.3 34.0809 1.41122 13.8118 7.76978
142.4 34.0521 1.40694 13.7761 7.77406
142.5 34.0231 1.40267 13.7404 7.77833
142.6 33.9939 1.3984 13.7047 7.7826
142.7 33.9644 1.39415 13.669 7.78685
142.8 33.9346 1.3899 13.6332 7.7911
142.9 33.9047 1.38567 13.5975 7.79533
143 33.8745 1.38144 13.5618 7.79956
143.1 33.844 1.37723 13.526 7.80377
143.2 33.8133 1.37302 13.4902 7.80798
143.3 33.7824 1.36883 13.4545 7.81217
143.4 33.7512 1.36464 13.4187 7.81636
143.5 33.7197 1.36047 13.3829 7.82053
143.6 33.688 1.3563 13.3471 7.8247
143.7 33.6561 1.35214 13.3113 7.82886
143.8 33.6239 1.348 13.2755 7.833
143.9 33.5914 1.34386 13.2397 7.83714
144 33.5587 1.33973 13.2039 7.84127
144.1 33.5257 1.33562 13.168 7.84538
144.2 33.4925 1.33151 13.1322 7.84949
144.3 33.459 1.32741 13.0964 7.85359
144.4 33.4253 1.32333 13.0605 7.85767
144.5 33.3913 1.31925 13.0246 7.86175
144.6 33.3571 1.31518 12.9888 7.86582
144.7 33.3225 1.31113 12.9529 7.86987
144.8 33.2878 1.30708 12.917 7.87392
144.9 33.2527 1.30304 12.8811 7.87796
145 33.2174 1.29902 12.8452 7.88198
145.1 33.1819 1.295 12.8093 7.886
145.2 33.146 1.29099 12.7734 7.89001
145.3 33.1099 1.287 12.7375 7.894
145.4 33.0736 1.28301 12.7016 7.89799
145.5 33.0369 1.27903 12.6656 7.90197
145.6 33 1.27506 12.6297 7.90594
145.7 32.9629 1.27111 12.5938 7.90989
145.8 32.9254 1.26716 12.5578 7.91384
145.9 32.8877 1.26323 12.5219 7.91777
146 32.8497 1.2593 12.4859 7.9217
146.1 32.8114 1.25538 12.4499 7.92562
146.2 32.7729 1.25148 12.4139 7.92952
146.3 32.7341 1.24758 12.3779 7.93342
146.4 32.695 1.2437 12.3419 7.9373
146.5 32.6556 1.23982 12.3059 7.94118
146.6 32.616 1.23596 12.2699 7.94504
146.7 32.576 1.2321 12.2339 7.9489
146.8 32.5358 1.22826 12.1979 7.95274
146.9 32.4953 1.22442 12.1619 7.95658
147 32.4545 1.2206 12.1258 7.9604
147.1 32.4135 1.21678 12.0898 7.96422
147.2 32.3721 1.21298 12.0537 7.96802
147.3 32.3305 1.20919 12.0177 7.97181
147.4 32.2886 1.2054 11.9816 7.9756
147.5 32.2464 1.20163 11.9456 7.97937
147.6 32.2039 1.19787 11.9095 7.98313
147.7 32.1611 1.19412 11.8734 7.98688
147.8 32.118 1.19037 11.8373 7.99063
147.9 32.0746 1.18664 11.8012 7.99436
148 32.0309 1.18292 11.7651 7.99808
148.1 31.987 1.17921 11.729 8.00179
148.2 31.9427 1.17551 11.6929 8.00549
148.3 31.8981 1.17182 11.6568 8.00918
148.4 31.8533 1.16814 11.6207 8.01286
148.5 31.8081 1.16447 11.5845 8.01653
148.6 31.7627 1.16081 11.5484 8.02019
148.7 31.7169 1.15717 11.5122 8.02383
148.8 31.6709 1.15353 11.4761 8.02747
148.9 31.6245 1.1499 11.4399 8.0311
149 31.5778 1.14628 11.4038 8.03472
149.1 31.5309 1.14268 11.3676 8.03832
149.2 31.4836 1.13908 11.3314 8.04192
149.3 31.436 1.1355 11.2952 8.0455
149.4 31.3881 1.13192 11.259 8.04908
149.5 31.3399 1.12836 11.2228 8.05264
149.6 31.2914 1.12481 11.1866 8.05619
149.7 31.2426 1.12126 11.1504 8.05974
149.8 31.1935 1.11773 11.1142 8.06327
149.9 31.144 1.11421 11.078 8.06679
150 31.0943 1.1107 11.0418 8.0703
150.1 31.0442 1.1072 11.0056 8.0738
150.2 30.9938 1.10371 10.9693 8.07729
150.3 30.9431 1.10023 10.9331 8.08077
150.4 30.892 1.09676 10.8968 8.08424
150.5 30.8407 1.0933 10.8606 8.0877
150.6 30.789 1.08985 10.8243 8.09115
150.7 30.737 1.08641 10.788 8.09459
150.8 30.6847 1.08299 10.7518 8.09801
150.9 30.6321 1.07957 10.7155 8.10143
151 30.5791 1.07617 10.6792 8.10483
151.1 30.5258 1.07277 10.6429 8.10823
151.2 30.4722 1.06939 10.6066 8.11161
151.3 30.4183 1.06602 10.5703 8.11498
151.4 30.364 1.06266 10.534 8.11834
151.5 30.3094 1.0593 10.4977 8.1217
151.6 30.2545 1.05596 10.4614 8.12504
151.7 30.1992 1.05263 10.4251 8.12837
151.8 30.1436 1.04931 10.3887 8.13169
151.9 30.0877 1.04601 10.3524 8.13499
152 30.0314 1.04271 10.3161 8.13829
152.1 29.9748 1.03942 10.2797 8.14158
152.2 29.9179 1.03615 10.2434 8.14485
152.3 29.8606 1.03288 10.207 8.14812
152.4 29.803 1.02963 10.1706 8.15137
152.5 29.745 1.02638 10.1343 8.15462
152.6 29.6867 1.02315 10.0979 8.15785
152.7 29.6281 1.01993 10.0615 8.16107
152.8 29.5691 1.01672 10.0251 8.16428
152.9 29.5098 1.01352 9.98875 8.16748
153 29.4501 1.01033 9.95235 8.17067
153.1 29.3901 1.00715 9.91595 8.17385
153.2 29.3297 1.00399 9.87955 8.17701
153.3 29.269 1.00083 9.84314 8.18017
153.4 29.2079 0.997685 9.80672 8.18331
153.5 29.1465 0.994551 9.7703 8.18645
153.6 29.0848 0.991428 9.73387 8.18957
153.7 29.0226 0.988315 9.69744 8.19268
153.8 28.9602 0.985214 9.66101 8.19579
153.9 28.8973 0.982124 9.62457 8.19888
154 28.8342 0.979044 9.58812 8.20196
154.1 28.7706 0.975976 9.55167 8.20502
154.2 28.7067 0.972919 9.51521 8.20808
154.3 28.6425 0.969872 9.47875 8.21113
154.4 28.5779 0.966837 9.44228 8.21416
154.5 28.5129 0.963813 9.40581 8.21719
154.6 28.4476 0.960799 9.36934 8.2202
154.7 28.3819 0.957797 9.33285 8.2232
154.8 28.3159 0.954806 9.29637 8.22619
154.9 28.2494 0.951826 9.25988 8.22917
155 28.1827 0.948857 9.22338 8.23214
155.1 28.1155 0.945899 9.18688 8.2351
155.2 28.048 0.942952 9.15037 8.23805
155.3 27.9801 0.940017 9.11386 8.24098
155.4 27.9119 0.937092 9.07735 8.24391
155.5 27.8433 0.934179 9.04083 8.24682
155.6 27.7743 0.931276 9.0043 8.24972
155.7 27.7049 0.928385 8.96777 8.25261
155.8 27.6352 0.925505 8.93124 8.25549
155.9 27.5651 0.922636 8.8947 8.25836
156 27.4946 0.919779 8.85816 8.26122
156.1 27.4238 0.916932 8.82161 8.26407
156.2 27.3526 0.914097 8.78506 8.2669
156.3 27.281 0.911273 8.7485 8.26973
156.4 27.209 0.90846 8.71194 8.27254
156.5 27.1366 0.905658 8.67537 8.27534
156.6 27.0639 0.902868 8.6388 8.27813
156.7 26.9908 0.900089 8.60222 8.28091
156.8 26.9173 0.897321 8.56564 8.28368
156.9 26.8434 0.894564 8.52906 8.28644
157 26.7692 0.891818 8.49247 8.28918
157.1 26.6945 0.889084 8.45588 8.29192
157.2 26.6195 0.886361 8.41928 8.29464
157.3 26.5441 0.88365 8.38268 8.29735
157.4 26.4683 0.880949 8.34607 8.30005
157.5 26.3922 0.87826 8.30946 8.30274
157.6 26.3156 0.875583 8.27284 8.30542
157.7 26.2387 0.872916 8.23622 8.30808
157.8 26.1613 0.870261 8.1996 8.31074
157.9 26.0836 0.867617 8.16297 8.31338
158 26.0055 0.864985 8.12634 8.31602
158.1 25.927 0.862364 8.0897 8.31864
158.2 25.8481 0.859754 8.05306 8.32125
158.3 25.7688 0.857156 8.01642 8.32384
158.4 25.6892 0.854569 7.97977 8.32643
158.5 25.6091 0.851993 7.94312 8.32901
158.6 25.5286 0.849429 7.90646 8.33157
158.7 25.4478 0.846876 7.8698 8.33412
158.8 25.3665 0.844334 7.83313 8.33667
158.9 25.2849 0.841804 7.79646 8.3392
159 25.2029 0.839286 7.75979 8.34171
159.1 25.1204 0.836779 7.72311 8.34422
159.2 25.0376 0.834283 7.68643 8.34672
159.3 24.9544 0.831799 7.64974 8.3492
159.4 24.8708 0.829326 7.61306 8.35167
159.5 24.7867 0.826864 7.57636 8.35414
159.6 24.7023 0.824414 7.53967 8.35659
159.7 24.6175 0.821976 7.50296 8.35902
159.8 24.5323 0.819549 7.46626 8.36145
159.9 24.4467 0.817133 7.42955 8.36387
160 24.3606 0.814729 7.39284 8.36627
160.1 24.2742 0.812337 7.35612 8.36866
160.2 24.1874 0.809956 7.3194 8.37104
160.3 24.1002 0.807586 7.28268 8.37341
160.4 24.0126 0.805228 7.24595 8.37577
160.5 23.9245 0.802882 7.20922 8.37812
160.6 23.8361 0.800547 7.17248 8.38045
160.7 23.7473 0.798224 7.13574 8.38278
160.8 23.658 0.795912 7.099 8.38509
160.9 23.5684 0.793611 7.06226 8.38739
161 23.4783 0.791323 7.02551 8.38968
161.1 23.3879 0.789046 6.98875 8.39195
161.2 23.297 0.78678 6.952 8.39422
161.3 23.2058 0.784526 6.91524 8.39647
161.4 23.1141 0.782284 6.87847 8.39872
161.5 23.022 0.780053 6.8417 8.40095
161.6 22.9296 0.777834 6.80493 8.40317
161.7 22.8367 0.775626 6.76816 8.40537
161.8 22.7434 0.77343 6.73138 8.40757
161.9 22.6497 0.771246 6.6946 8.40975
162 22.5556 0.769073 6.65781 8.41193
162.1 22.4611 0.766912 6.62103 8.41409
162.2 22.3662 0.764763 6.58423 8.41624
162.3 22.2708 0.762625 6.54744 8.41837
162.4 22.1751 0.760499 6.51064 8.4205
162.5 22.079 0.758385 6.47384 8.42262
162.6 21.9824 0.756282 6.43704 8.42472
162.7 21.8855 0.754191 6.40023 8.42681
162.8 21.7881 0.752112 6.36342 8.42889
162.9 21.6904 0.750044 6.3266 8.43096
163 21.5922 0.747988 6.28978 8.43301
163.1 21.4936 0.745944 6.25296 8.43506
163.2 21.3946 0.743911 6.21614 8.43709
163.3 21.2952 0.74189 6.17931 8.43911
163.4 21.1954 0.739881 6.14248 8.44112
163.5 21.0952 0.737884 6.10565 8.44312
163.6 20.9946 0.735898 6.06881 8.4451
163.7 20.8936 0.733924 6.03197 8.44708
163.8 20.7922 0.731962 5.99513 8.44904
163.9 20.6904 0.730012 5.95828 8.45099
164 20.5881 0.728073 5.92143 8.45293
164.1 20.4855 0.726146 5.88458 8.45485
164.2 20.3825 0.724231 5.84773 8.45677
164.3 20.279 0.722327 5.81087 8.45867
164.4 20.1752 0.720436 5.77401 8.46056
164.5 20.0709 0.718556 5.73714 8.46244
164.6 19.9663 0.716688 5.70028 8.46431
164.7 19.8612 0.714832 5.66341 8.46617
164.8 19.7558 0.712988 5.62653 8.46801
164.9 19.6499 0.711155 5.58966 8.46985
165 19.5437 0.709334 5.55278 8.47167
165.1 19.437 0.707525 5.5159 8.47347
165.2 19.3299 0.705728 5.47902 8.47527
165.3 19.2225 0.703943 5.44213 8.47706
165.4 19.1146 0.702169 5.40524 8.47883
165.5 19.0064 0.700408 5.36835 8.48059
165.6 18.8977 0.698658 5.33145 8.48234
165.7 18.7887 0.69692 5.29456 8.48408
165.8 18.6792 0.695194 5.25766 8.48581
165.9 18.5694 0.69348 5.22075 8.48752
166 18.4591 0.691778 5.18385 8.48922
166.1 18.3485 0.690087 5.14694 8.49091
166.2 18.2375 0.688409 5.11003 8.49259
166.3 18.1261 0.686742 5.07312 8.49426
166.4 18.0143 0.685087 5.0362 8.49591
166.5 17.9021 0.683444 4.99928 8.49756
166.6 17.7895 0.681813 4.96236 8.49919
166.7 17.6765 0.680194 4.92544 8.50081
166.8 17.5632 0.678587 4.88852 8.50241
166.9 17.4494 0.676992 4.85159 8.50401
167 17.3353 0.675408 4.81466 8.50559
167.1 17.2208 0.673837 4.77772 8.50716
167.2 17.1059 0.672278 4.74079 8.50872
167.3 16.9906 0.67073 4.70385 8.51027
167.4 16.875 0.669194 4.66691 8.51181
167.5 16.7589 0.667671 4.62997 8.51333
167.6 16.6425 0.666159 4.59302 8.51484
167.7 16.5257 0.664659 4.55608 8.51634
167.8 16.4086 0.663171 4.51913 8.51783
167.9 16.291 0.661696 4.48218 8.5193
168 16.1731 0.660232 4.44522 8.52077
168.1 16.0549 0.65878 4.40827 8.52222
168.2 15.9362 0.65734 4.37131 8.52366
168.3 15.8172 0.655912 4.33435 8.52509
168.4 15.6978 0.654496 4.29739 8.5265
168.5 15.578 0.653092 4.26042 8.52791
168.6 15.4579 0.6517 4.22345 8.5293
168.7 15.3375 0.65032 4.18648 8.53068
168.8 15.2166 0.648952 4.14951 8.53205
168.9 15.0954 0.647596 4.11254 8.5334
169 14.9739 0.646252 4.07557 8.53475
169.1 14.852 0.64492 4.03859 8.53608
169.2 14.7297 0.6436 4.00161 8.5374
169.3 14.6071 0.642292 3.96463 8.53871
169.4 14.4841 0.640996 3.92764 8.54
169.5 14.3608 0.639712 3.89066 8.54129
169.6 14.2371 0.638441 3.85367 8.54256
169.7 14.1131 0.637181 3.81668 8.54382
169.8 13.9888 0.635933 3.77969 8.54507
169.9 13.8641 0.634697 3.7427 8.5463
170 13.7391 0.633474 3.7057 8.54753
170.1 13.6137 0.632262 3.66871 8.54874
170.2 13.488 0.631063 3.63171 8.54994
170.3 13.362 0.629875 3.59471 8.55112
170.4 13.2356 0.6287 3.55771 8.5523
170.5 13.1089 0.627536 3.5207 8.55346
170.6 12.9819 0.626385 3.4837 8.55461
170.7 12.8545 0.625246 3.44669 8.55575
170.8 12.7269 0.624119 3.40968 8.55688
170.9 12.5989 0.623004 3.37267 8.558
171 12.4706 0.621901 3.33566 8.5591
171.1 12.342 0.62081 3.29864 8.56019
171.2 12.2131 0.619731 3.26163 8.56127
171.3 12.0838 0.618664 3.22461 8.56234
171.4 11.9543 0.61761 3.18759 8.56339
171.5 11.8244 0.616567 3.15057 8.56443
171.6 11.6943 0.615537 3.11355 8.56546
171.7 11.5638 0.614518 3.07653 8.56648
171.8 11.4331 0.613512 3.0395 8.56749
171.9 11.302 0.612518 3.00247 8.56848
172 11.1707 0.611536 2.96545 8.56946
172.1 11.0391 0.610566 2.92842 8.57043
172.2 10.9072 0.609609 2.89139 8.57139
172.3 10.775 0.608663 2.85435 8.57234
172.4 10.6425 0.60773 2.81732 8.57327
172.5 10.5097 0.606808 2.78028 8.57419
172.6 10.3767 0.605899 2.74325 8.5751
172.7 10.2434 0.605002 2.70621 8.576
172.8 10.1098 0.604117 2.66917 8.57688
172.9 9.97596 0.603244 2.63213 8.57776
173 9.84186 0.602384 2.59509 8.57862
173.1 9.70749 0.601535 2.55804 8.57946
173.2 9.57286 0.600699 2.521 8.5803
173.3 9.43797 0.599875 2.48395 8.58113
173.4 9.30284 0.599063 2.44691 8.58194
173.5 9.16745 0.598263 2.40986 8.58274
173.6 9.03182 0.597475 2.37281 8.58352
173.7 8.89595 0.5967 2.33576 8.5843
173.8 8.75983 0.595936 2.29871 8.58506
173.9 8.62348 0.595185 2.26165 8.58581
174 8.4869 0.594446 2.2246 8.58655
174.1 8.35009 0.593719 2.18754 8.58728
174.2 8.21304 0.593004 2.15049 8.588
174.3 8.07578 0.592302 2.11343 8.5887
174.4 7.93829 0.591612 2.07637 8.58939
174.5 7.80059 0.590933 2.03931 8.59007
174.6 7.66268 0.590267 2.00225 8.59073
174.7 7.52455 0.589614 1.96519 8.59139
174.8 7.38622 0.588972 1.92813 8.59203
174.9 7.24768 0.588343 1.89107 8.59266
175 7.10895 0.587725 1.854 8.59327
175.1 6.97001 0.58712 1.81694 8.59388
175.2 6.83089 0.586527 1.77987 8.59447
175.3 6.69157 0.585947 1.7428 8.59505
175.4 6.55207 0.585378 1.70573 8.59562
175.5 6.41239 0.584822 1.66867 8.59618
175.6 6.27253 0.584278 1.6316 8.59672
175.7 6.13249 0.583746 1.59453 8.59725
175.8 5.99229 0.583226 1.55746 8.59777
175.9 5.85191 0.582719 1.52038 8.59828
176 5.71137 0.582224 1.48331 8.59878
176.1 5.57067 0.581741 1.44624 8.59926
176.2 5.42982 0.58127 1.40916 8.59973
176.3 5.28881 0.580811 1.37209 8.60019
176.4 5.14766 0.580365 1.33501 8.60064
176.5 5.00635 0.579931 1.29794 8.60107
176.6 4.86491 0.579509 1.26086 8.60149
176.7 4.72333 0.579099 1.22378 8.6019
176.8 4.58162 0.578701 1.1867 8.6023
176.9 4.43977 0.578316 1.14963 8.60268
177 4.2978 0.577943 1.11255 8.60306
177.1 4.15571 0.577582 1.07547 8.60342
177.2 4.0135 0.577234 1.03839 8.60377
177.3 3.87118 0.576897 1.00131 8.6041
177.4 3.72875 0.576573 0.964225 8.60443
177.5 3.58621 0.576261 0.927144 8.60474
177.6 3.44356 0.575961 0.890062 8.60504
177.7 3.30082 0.575674 0.852979 8.60533
177.8 3.15799 0.575398 0.815896 8.6056
177.9 3.01506 0.575135 0.778813 8.60586
178 2.87205 0.574884 0.741729 8.60612
178.1 2.72896 0.574646 0.704645 8.60635
178.2 2.58579 0.574419 0.66756 8.60658
178.3 2.44254 0.574205 0.630475 8.60679
178.4 2.29923 0.574003 0.59339 8.607
178.5 2.15585 0.573814 0.556305 8.60719
178.6 2.0124 0.573636 0.519219 8.60736
178.7 1.8689 0.573471 0.482133 8.60753
178.8 1.72535 0.573318 0.445047 8.60768
178.9 1.58174 0.573177 0.40796 8.60782
179 1.43809 0.573049 0.370874 8.60795
179.1 1.2944 0.572933 0.333787 8.60807
179.2 1.15067 0.572829 0.2967 8.60817
179.3 1.00691 0.572737 0.259613 8.60826
179.4 0.86312 0.572657 0.222525 8.60834
179.5 0.719305 0.57259 0.185438 8.60841
179.6 0.575469 0.572535 0.14835 8.60847
179.7 0.431616 0.572492 0.111263 8.60851
179.8 0.287751 0.572462 0.0741753 8.60854
179.9 0.143878 0.572443 0.0370877 8.60856
180 1.00955e-14 0.572437 2.60233e-15 8.60856
