#kinematics calculation of gsgs
#vertex z = 0 mm, E_reaction = 69.027 MeV
#theta_cm, theta3_lab, Ek3_lab, theta4_lab, Ek4_lab
0 0 69.027 180 0
0.1 0.049923 69.0269 89.9499 5.25671e-05
0.2 0.0998459 69.0268 89.8998 0.000210268
0.3 0.149769 69.0265 89.8498 0.000473103
0.4 0.199692 69.0262 89.7997 0.00084107
0.5 0.249615 69.0257 89.7496 0.00131417
0.6 0.299538 69.0251 89.6995 0.0018924
0.7 0.349461 69.0244 89.6495 0.00257575
0.8 0.399384 69.0236 89.5994 0.00336424
0.9 0.449307 69.0227 89.5493 0.00425784
1 0.49923 69.0217 89.4992 0.00525657
1.1 0.549153 69.0206 89.4492 0.00636042
1.2 0.599076 69.0194 89.3991 0.00756938
1.3 0.648999 69.0181 89.349 0.00888345
1.4 0.698922 69.0167 89.2989 0.0103026
1.5 0.748845 69.0152 89.2488 0.0118269
1.6 0.798768 69.0135 89.1988 0.0134563
1.7 0.848691 69.0118 89.1487 0.0151908
1.8 0.898614 69.01 89.0986 0.0170303
1.9 0.948537 69.008 89.0485 0.018975
2 0.99846 69.006 88.9985 0.0210247
2.1 1.04838 69.0038 88.9484 0.0231795
2.2 1.09831 69.0016 88.8983 0.0254393
2.3 1.14823 68.9992 88.8482 0.0278042
2.4 1.19815 68.9967 88.7981 0.0302742
2.5 1.24807 68.9942 88.7481 0.0328492
2.6 1.298 68.9915 88.698 0.0355292
2.7 1.34792 68.9887 88.6479 0.0383143
2.8 1.39784 68.9858 88.5978 0.0412044
2.9 1.44777 68.9828 88.5478 0.0441995
3 1.49769 68.9797 88.4977 0.0472996
3.1 1.54761 68.9765 88.4476 0.0505046
3.2 1.59754 68.9732 88.3975 0.0538147
3.3 1.64746 68.9698 88.3475 0.0572297
3.4 1.69738 68.9663 88.2974 0.0607497
3.5 1.74731 68.9626 88.2473 0.0643746
3.6 1.79723 68.9589 88.1972 0.0681045
3.7 1.84715 68.9551 88.1471 0.0719393
3.8 1.89707 68.9511 88.0971 0.075879
3.9 1.947 68.9471 88.047 0.0799236
4 1.99692 68.9429 87.9969 0.0840732
4.1 2.04684 68.9387 87.9468 0.0883275
4.2 2.09677 68.9343 87.8968 0.0926868
4.3 2.14669 68.9298 87.8467 0.0971509
4.4 2.19661 68.9253 87.7966 0.10172
4.5 2.24654 68.9206 87.7465 0.106394
4.6 2.29646 68.9158 87.6965 0.111172
4.7 2.34638 68.9109 87.6464 0.116056
4.8 2.39631 68.906 87.5963 0.121044
4.9 2.44623 68.9009 87.5462 0.126137
5 2.49615 68.8957 87.4961 0.131334
5.1 2.54608 68.8904 87.4461 0.136637
5.2 2.596 68.885 87.396 0.142044
5.3 2.64592 68.8794 87.3459 0.147556
5.4 2.69585 68.8738 87.2958 0.153172
5.5 2.74577 68.8681 87.2458 0.158893
5.6 2.79569 68.8623 87.1957 0.164719
5.7 2.84562 68.8564 87.1456 0.17065
5.8 2.89554 68.8503 87.0955 0.176685
5.9 2.94546 68.8442 87.0455 0.182824
6 2.99539 68.8379 86.9954 0.189069
6.1 3.04531 68.8316 86.9453 0.195417
6.2 3.09523 68.8251 86.8952 0.201871
6.3 3.14516 68.8186 86.8451 0.208429
6.4 3.19508 68.8119 86.7951 0.215091
6.5 3.245 68.8051 86.745 0.221858
6.6 3.29493 68.7983 86.6949 0.228729
6.7 3.34485 68.7913 86.6448 0.235705
6.8 3.39477 68.7842 86.5948 0.242785
6.9 3.4447 68.777 86.5447 0.249969
7 3.49462 68.7697 86.4946 0.257258
7.1 3.54454 68.7623 86.4445 0.264652
7.2 3.59447 68.7549 86.3945 0.272149
7.3 3.64439 68.7472 86.3444 0.279751
7.4 3.69432 68.7395 86.2943 0.287457
7.5 3.74424 68.7317 86.2442 0.295268
7.6 3.79416 68.7238 86.1942 0.303182
7.7 3.84409 68.7158 86.1441 0.311201
7.8 3.89401 68.7077 86.094 0.319324
7.9 3.94393 68.6994 86.0439 0.327552
8 3.99386 68.6911 85.9938 0.335883
8.1 4.04378 68.6827 85.9438 0.344318
8.2 4.0937 68.6741 85.8937 0.352858
8.3 4.14363 68.6655 85.8436 0.361502
8.4 4.19355 68.6568 85.7935 0.370249
8.5 4.24348 68.6479 85.7435 0.379101
8.6 4.2934 68.6389 85.6934 0.388057
8.7 4.34332 68.6299 85.6433 0.397116
8.8 4.39325 68.6207 85.5932 0.40628
8.9 4.44317 68.6115 85.5432 0.415547
9 4.4931 68.6021 85.4931 0.424918
9.1 4.54302 68.5926 85.443 0.434394
9.2 4.59294 68.583 85.3929 0.443973
9.3 4.64287 68.5733 85.3429 0.453655
9.4 4.69279 68.5636 85.2928 0.463442
9.5 4.74272 68.5537 85.2427 0.473332
9.6 4.79264 68.5437 85.1926 0.483326
9.7 4.84256 68.5336 85.1426 0.493423
9.8 4.89249 68.5234 85.0925 0.503624
9.9 4.94241 68.5131 85.0424 0.513929
10 4.99234 68.5027 84.9923 0.524338
10.1 5.04226 68.4922 84.9422 0.534849
10.2 5.09218 68.4815 84.8922 0.545465
10.3 5.14211 68.4708 84.8421 0.556184
10.4 5.19203 68.46 84.792 0.567006
10.5 5.24196 68.4491 84.7419 0.577932
10.6 5.29188 68.438 84.6919 0.588961
10.7 5.34181 68.4269 84.6418 0.600093
10.8 5.39173 68.4157 84.5917 0.611329
10.9 5.44165 68.4043 84.5416 0.622668
11 5.49158 68.3929 84.4916 0.63411
11.1 5.5415 68.3813 84.4415 0.645656
11.2 5.59143 68.3697 84.3914 0.657304
11.3 5.64135 68.3579 84.3413 0.669056
11.4 5.69128 68.3461 84.2913 0.680911
11.5 5.7412 68.3341 84.2412 0.692869
11.6 5.79112 68.3221 84.1911 0.70493
11.7 5.84105 68.3099 84.141 0.717094
11.8 5.89097 68.2976 84.091 0.72936
11.9 5.9409 68.2853 84.0409 0.74173
12 5.99082 68.2728 83.9908 0.754203
12.1 6.04075 68.2602 83.9407 0.766778
12.2 6.09067 68.2475 83.8907 0.779457
12.3 6.1406 68.2348 83.8406 0.792238
12.4 6.19052 68.2219 83.7905 0.805121
12.5 6.24045 68.2089 83.7404 0.818108
12.6 6.29037 68.1958 83.6904 0.831197
12.7 6.3403 68.1826 83.6403 0.844389
12.8 6.39022 68.1693 83.5902 0.857683
12.9 6.44015 68.1559 83.5401 0.87108
13 6.49007 68.1424 83.4901 0.884579
13.1 6.54 68.1288 83.44 0.89818
13.2 6.58992 68.1151 83.3899 0.911885
13.3 6.63985 68.1013 83.3398 0.925691
13.4 6.68977 68.0874 83.2898 0.9396
13.5 6.7397 68.0734 83.2397 0.953611
13.6 6.78962 68.0593 83.1896 0.967724
13.7 6.83955 68.0451 83.1395 0.981939
13.8 6.88947 68.0307 83.0895 0.996257
13.9 6.9394 68.0163 83.0394 1.01068
14 6.98932 68.0018 82.9893 1.0252
14.1 7.03925 67.9872 82.9392 1.03982
14.2 7.08917 67.9725 82.8892 1.05455
14.3 7.1391 67.9576 82.8391 1.06938
14.4 7.18902 67.9427 82.789 1.08431
14.5 7.23895 67.9277 82.7389 1.09934
14.6 7.28887 67.9125 82.6889 1.11447
14.7 7.3388 67.8973 82.6388 1.1297
14.8 7.38873 67.882 82.5887 1.14504
14.9 7.43865 67.8665 82.5386 1.16048
15 7.48858 67.851 82.4886 1.17602
15.1 7.5385 67.8353 82.4385 1.19166
15.2 7.58843 67.8196 82.3884 1.2074
15.3 7.63835 67.8038 82.3383 1.22325
15.4 7.68828 67.7878 82.2883 1.23919
15.5 7.7382 67.7718 82.2382 1.25524
15.6 7.78813 67.7556 82.1881 1.27139
15.7 7.83806 67.7394 82.138 1.28764
15.8 7.88798 67.723 82.088 1.30399
15.9 7.93791 67.7066 82.0379 1.32044
16 7.98783 67.69 81.9878 1.33699
16.1 8.03776 67.6734 81.9377 1.35365
16.2 8.08769 67.6566 81.8877 1.3704
16.3 8.13761 67.6397 81.8376 1.38726
16.4 8.18754 67.6228 81.7875 1.40422
16.5 8.23746 67.6057 81.7374 1.42128
16.6 8.28739 67.5886 81.6874 1.43843
16.7 8.33732 67.5713 81.6373 1.45569
16.8 8.38724 67.5539 81.5872 1.47305
16.9 8.43717 67.5365 81.5371 1.49051
17 8.4871 67.5189 81.4871 1.50808
17.1 8.53702 67.5013 81.437 1.52574
17.2 8.58695 67.4835 81.3869 1.5435
17.3 8.63687 67.4656 81.3369 1.56136
17.4 8.6868 67.4477 81.2868 1.57933
17.5 8.73673 67.4296 81.2367 1.59739
17.6 8.78665 67.4114 81.1866 1.61555
17.7 8.83658 67.3932 81.1366 1.63382
17.8 8.88651 67.3748 81.0865 1.65218
17.9 8.93643 67.3564 81.0364 1.67065
18 8.98636 67.3378 80.9863 1.68921
18.1 9.03629 67.3191 80.9363 1.70788
18.2 9.08621 67.3004 80.8862 1.72664
18.3 9.13614 67.2815 80.8361 1.7455
18.4 9.18607 67.2625 80.786 1.76447
18.5 9.23599 67.2435 80.736 1.78353
18.6 9.28592 67.2243 80.6859 1.80269
18.7 9.33585 67.205 80.6358 1.82196
18.8 9.38578 67.1857 80.5858 1.84132
18.9 9.4357 67.1662 80.5357 1.86078
19 9.48563 67.1467 80.4856 1.88034
19.1 9.53556 67.127 80.4355 1.90001
19.2 9.58548 67.1072 80.3855 1.91977
19.3 9.63541 67.0874 80.3354 1.93963
19.4 9.68534 67.0674 80.2853 1.95958
19.5 9.73527 67.0474 80.2352 1.97964
19.6 9.78519 67.0272 80.1852 1.9998
19.7 9.83512 67.0069 80.1351 2.02006
19.8 9.88505 66.9866 80.085 2.04041
19.9 9.93498 66.9661 80.035 2.06087
20 9.9849 66.9456 79.9849 2.08142
20.1 10.0348 66.9249 79.9348 2.10207
20.2 10.0848 66.9042 79.8847 2.12282
20.3 10.1347 66.8833 79.8347 2.14367
20.4 10.1846 66.8624 79.7846 2.16462
20.5 10.2345 66.8413 79.7345 2.18566
20.6 10.2845 66.8202 79.6844 2.20681
20.7 10.3344 66.7989 79.6344 2.22805
20.8 10.3843 66.7776 79.5843 2.24939
20.9 10.4343 66.7562 79.5342 2.27083
21 10.4842 66.7346 79.4842 2.29237
21.1 10.5341 66.713 79.4341 2.31401
21.2 10.584 66.6913 79.384 2.33574
21.3 10.634 66.6694 79.3339 2.35757
21.4 10.6839 66.6475 79.2839 2.37951
21.5 10.7338 66.6255 79.2338 2.40153
21.6 10.7838 66.6033 79.1837 2.42366
21.7 10.8337 66.5811 79.1337 2.44588
21.8 10.8836 66.5588 79.0836 2.4682
21.9 10.9335 66.5364 79.0335 2.49062
22 10.9835 66.5139 78.9834 2.51314
22.1 11.0334 66.4912 78.9334 2.53575
22.2 11.0833 66.4685 78.8833 2.55847
22.3 11.1333 66.4457 78.8332 2.58127
22.4 11.1832 66.4228 78.7832 2.60418
22.5 11.2331 66.3998 78.7331 2.62718
22.6 11.283 66.3767 78.683 2.65028
22.7 11.333 66.3535 78.6329 2.67348
22.8 11.3829 66.3302 78.5829 2.69678
22.9 11.4328 66.3068 78.5328 2.72017
23 11.4828 66.2833 78.4827 2.74366
23.1 11.5327 66.2598 78.4327 2.76724
23.2 11.5826 66.2361 78.3826 2.79092
23.3 11.6325 66.2123 78.3325 2.8147
23.4 11.6825 66.1884 78.2824 2.83858
23.5 11.7324 66.1645 78.2324 2.86255
23.6 11.7823 66.1404 78.1823 2.88661
23.7 11.8323 66.1162 78.1322 2.91078
23.8 11.8822 66.092 78.0822 2.93504
23.9 11.9321 66.0676 78.0321 2.9594
24 11.982 66.0432 77.982 2.98385
24.1 12.032 66.0186 77.932 3.0084
24.2 12.0819 65.994 77.8819 3.03304
24.3 12.1318 65.9692 77.8318 3.05778
24.4 12.1818 65.9444 77.7817 3.08262
24.5 12.2317 65.9194 77.7317 3.10755
24.6 12.2816 65.8944 77.6816 3.13258
24.7 12.3316 65.8693 77.6315 3.1577
24.8 12.3815 65.8441 77.5815 3.18292
24.9 12.4314 65.8188 77.5314 3.20824
25 12.4813 65.7934 77.4813 3.23365
25.1 12.5313 65.7678 77.4312 3.25915
25.2 12.5812 65.7422 77.3812 3.28475
25.3 12.6311 65.7166 77.3311 3.31045
25.4 12.6811 65.6908 77.281 3.33624
25.5 12.731 65.6649 77.231 3.36212
25.6 12.7809 65.6389 77.1809 3.3881
25.7 12.8309 65.6128 77.1308 3.41418
25.8 12.8808 65.5867 77.0808 3.44035
25.9 12.9307 65.5604 77.0307 3.46661
26 12.9807 65.534 76.9806 3.49297
26.1 13.0306 65.5076 76.9306 3.51943
26.2 13.0805 65.481 76.8805 3.54597
26.3 13.1304 65.4544 76.8304 3.57262
26.4 13.1804 65.4276 76.7803 3.59935
26.5 13.2303 65.4008 76.7303 3.62618
26.6 13.2802 65.3739 76.6802 3.65311
26.7 13.3302 65.3469 76.6301 3.68013
26.8 13.3801 65.3198 76.5801 3.70724
26.9 13.43 65.2926 76.53 3.73445
27 13.48 65.2653 76.4799 3.76175
27.1 13.5299 65.2379 76.4299 3.78914
27.2 13.5798 65.2104 76.3798 3.81663
27.3 13.6298 65.1828 76.3297 3.84421
27.4 13.6797 65.1551 76.2797 3.87188
27.5 13.7296 65.1273 76.2296 3.89965
27.6 13.7795 65.0995 76.1795 3.92751
27.7 13.8295 65.0715 76.1295 3.95547
27.8 13.8794 65.0435 76.0794 3.98351
27.9 13.9293 65.0153 76.0293 4.01165
28 13.9793 64.9871 75.9792 4.03989
28.1 14.0292 64.9588 75.9292 4.06821
28.2 14.0791 64.9304 75.8791 4.09663
28.3 14.1291 64.9019 75.829 4.12514
28.4 14.179 64.8733 75.779 4.15375
28.5 14.2289 64.8446 75.7289 4.18245
28.6 14.2789 64.8158 75.6788 4.21123
28.7 14.3288 64.7869 75.6288 4.24012
28.8 14.3787 64.7579 75.5787 4.26909
28.9 14.4287 64.7288 75.5286 4.29816
29 14.4786 64.6997 75.4786 4.32731
29.1 14.5285 64.6704 75.4285 4.35656
29.2 14.5785 64.6411 75.3784 4.3859
29.3 14.6284 64.6117 75.3284 4.41534
29.4 14.6783 64.5821 75.2783 4.44486
29.5 14.7283 64.5525 75.2282 4.47448
29.6 14.7782 64.5228 75.1782 4.50419
29.7 14.8281 64.493 75.1281 4.53399
29.8 14.8781 64.4631 75.078 4.56388
29.9 14.928 64.4331 75.028 4.59386
30 14.9779 64.4031 74.9779 4.62393
30.1 15.0279 64.3729 74.9278 4.6541
30.2 15.0778 64.3426 74.8778 4.68435
30.3 15.1277 64.3123 74.8277 4.7147
30.4 15.1777 64.2819 74.7776 4.74513
30.5 15.2276 64.2513 74.7276 4.77566
30.6 15.2775 64.2207 74.6775 4.80628
30.7 15.3275 64.19 74.6274 4.83699
30.8 15.3774 64.1592 74.5774 4.86779
30.9 15.4273 64.1283 74.5273 4.89868
31 15.4773 64.0973 74.4772 4.92966
31.1 15.5272 64.0663 74.4272 4.96073
31.2 15.5771 64.0351 74.3771 4.99189
31.3 15.6271 64.0039 74.327 5.02314
31.4 15.677 63.9725 74.277 5.05447
31.5 15.7269 63.9411 74.2269 5.0859
31.6 15.7769 63.9096 74.1768 5.11742
31.7 15.8268 63.878 74.1268 5.14903
31.8 15.8767 63.8463 74.0767 5.18073
31.9 15.9267 63.8145 74.0266 5.21252
32 15.9766 63.7826 73.9766 5.24439
32.1 16.0265 63.7506 73.9265 5.27636
32.2 16.0765 63.7186 73.8764 5.30841
32.3 16.1264 63.6864 73.8264 5.34056
32.4 16.1763 63.6542 73.7763 5.37279
32.5 16.2263 63.6219 73.7263 5.40511
32.6 16.2762 63.5895 73.6762 5.43752
32.7 16.3262 63.557 73.6261 5.47002
32.8 16.3761 63.5244 73.5761 5.5026
32.9 16.426 63.4917 73.526 5.53528
33 16.476 63.459 73.4759 5.56804
33.1 16.5259 63.4261 73.4259 5.6009
33.2 16.5758 63.3932 73.3758 5.63383
33.3 16.6258 63.3601 73.3257 5.66686
33.4 16.6757 63.327 73.2757 5.69998
33.5 16.7256 63.2938 73.2256 5.73318
33.6 16.7756 63.2605 73.1755 5.76647
33.7 16.8255 63.2271 73.1255 5.79985
33.8 16.8754 63.1937 73.0754 5.83332
33.9 16.9254 63.1601 73.0253 5.86687
34 16.9753 63.1265 72.9753 5.90051
34.1 17.0253 63.0928 72.9252 5.93424
34.2 17.0752 63.0589 72.8752 5.96805
34.3 17.1251 63.025 72.8251 6.00196
34.4 17.1751 62.9911 72.775 6.03595
34.5 17.225 62.957 72.725 6.07002
34.6 17.2749 62.9228 72.6749 6.10418
34.7 17.3249 62.8886 72.6248 6.13843
34.8 17.3748 62.8542 72.5748 6.17277
34.9 17.4247 62.8198 72.5247 6.20719
35 17.4747 62.7853 72.4746 6.2417
35.1 17.5246 62.7507 72.4246 6.27629
35.2 17.5746 62.716 72.3745 6.31097
35.3 17.6245 62.6813 72.3245 6.34574
35.4 17.6744 62.6464 72.2744 6.38059
35.5 17.7244 62.6115 72.2243 6.41552
35.6 17.7743 62.5765 72.1743 6.45055
35.7 17.8242 62.5413 72.1242 6.48566
35.8 17.8742 62.5062 72.0741 6.52085
35.9 17.9241 62.4709 72.0241 6.55613
36 17.9741 62.4355 71.974 6.59149
36.1 18.024 62.4001 71.924 6.62694
36.2 18.0739 62.3645 71.8739 6.66248
36.3 18.1239 62.3289 71.8238 6.69809
36.4 18.1738 62.2932 71.7738 6.7338
36.5 18.2237 62.2574 71.7237 6.76959
36.6 18.2737 62.2215 71.6736 6.80546
36.7 18.3236 62.1856 71.6236 6.84142
36.8 18.3736 62.1495 71.5735 6.87746
36.9 18.4235 62.1134 71.5235 6.91358
37 18.4734 62.0772 71.4734 6.94979
37.1 18.5234 62.0409 71.4233 6.98609
37.2 18.5733 62.0045 71.3733 7.02246
37.3 18.6232 61.9681 71.3232 7.05893
37.4 18.6732 61.9315 71.2732 7.09547
37.5 18.7231 61.8949 71.2231 7.1321
37.6 18.7731 61.8582 71.173 7.16881
37.7 18.823 61.8214 71.123 7.20561
37.8 18.8729 61.7845 71.0729 7.24248
37.9 18.9229 61.7476 71.0228 7.27945
38 18.9728 61.7105 70.9728 7.31649
38.1 19.0228 61.6734 70.9227 7.35362
38.2 19.0727 61.6362 70.8727 7.39083
38.3 19.1226 61.5989 70.8226 7.42812
38.4 19.1726 61.5615 70.7725 7.4655
38.5 19.2225 61.524 70.7225 7.50295
38.6 19.2725 61.4865 70.6724 7.54049
38.7 19.3224 61.4489 70.6224 7.57812
38.8 19.3723 61.4112 70.5723 7.61582
38.9 19.4223 61.3734 70.5222 7.65361
39 19.4722 61.3355 70.4722 7.69147
39.1 19.5222 61.2976 70.4221 7.72942
39.2 19.5721 61.2595 70.3721 7.76745
39.3 19.622 61.2214 70.322 7.80557
39.4 19.672 61.1832 70.2719 7.84376
39.5 19.7219 61.145 70.2219 7.88203
39.6 19.7719 61.1066 70.1718 7.92039
39.7 19.8218 61.0682 70.1218 7.95883
39.8 19.8717 61.0297 70.0717 7.99735
39.9 19.9217 60.9911 70.0216 8.03595
40 19.9716 60.9524 69.9716 8.07463
40.1 20.0216 60.9136 69.9215 8.11339
40.2 20.0715 60.8748 69.8715 8.15223
40.3 20.1214 60.8359 69.8214 8.19115
40.4 20.1714 60.7969 69.7714 8.23015
40.5 20.2213 60.7578 69.7213 8.26923
40.6 20.2713 60.7186 69.6712 8.30839
40.7 20.3212 60.6794 69.6212 8.34763
40.8 20.3712 60.64 69.5711 8.38695
40.9 20.4211 60.6006 69.5211 8.42635
41 20.471 60.5612 69.471 8.46583
41.1 20.521 60.5216 69.4209 8.50539
41.2 20.5709 60.482 69.3709 8.54503
41.3 20.6209 60.4423 69.3208 8.58475
41.4 20.6708 60.4025 69.2708 8.62454
41.5 20.7207 60.3626 69.2207 8.66442
41.6 20.7707 60.3226 69.1707 8.70437
41.7 20.8206 60.2826 69.1206 8.7444
41.8 20.8706 60.2425 69.0705 8.78451
41.9 20.9205 60.2023 69.0205 8.8247
42 20.9705 60.162 68.9704 8.86497
42.1 21.0204 60.1217 68.9204 8.90532
42.2 21.0703 60.0813 68.8703 8.94574
42.3 21.1203 60.0408 68.8203 8.98624
42.4 21.1702 60.0002 68.7702 9.02682
42.5 21.2202 59.9595 68.7201 9.06748
42.6 21.2701 59.9188 68.6701 9.10821
42.7 21.3201 59.878 68.62 9.14903
42.8 21.37 59.8371 68.57 9.18991
42.9 21.4199 59.7961 68.5199 9.23088
43 21.4699 59.7551 68.4699 9.27192
43.1 21.5198 59.714 68.4198 9.31304
43.2 21.5698 59.6728 68.3697 9.35424
43.3 21.6197 59.6315 68.3197 9.39551
43.4 21.6697 59.5901 68.2696 9.43687
43.5 21.7196 59.5487 68.2196 9.47829
43.6 21.7696 59.5072 68.1695 9.51979
43.7 21.8195 59.4656 68.1195 9.56137
43.8 21.8694 59.424 68.0694 9.60303
43.9 21.9194 59.3822 68.0194 9.64476
44 21.9693 59.3404 67.9693 9.68657
44.1 22.0193 59.2986 67.9192 9.72845
44.2 22.0692 59.2566 67.8692 9.77041
44.3 22.1192 59.2146 67.8191 9.81244
44.4 22.1691 59.1725 67.7691 9.85455
44.5 22.2191 59.1303 67.719 9.89673
44.6 22.269 59.088 67.669 9.93899
44.7 22.3189 59.0457 67.6189 9.98132
44.8 22.3689 59.0033 67.5689 10.0237
44.9 22.4188 58.9608 67.5188 10.0662
45 22.4688 58.9182 67.4687 10.1088
45.1 22.5187 58.8756 67.4187 10.1514
45.2 22.5687 58.8329 67.3686 10.1941
45.3 22.6186 58.7901 67.3186 10.2369
45.4 22.6686 58.7473 67.2685 10.2797
45.5 22.7185 58.7043 67.2185 10.3227
45.6 22.7685 58.6613 67.1684 10.3657
45.7 22.8184 58.6183 67.1184 10.4087
45.8 22.8684 58.5751 67.0683 10.4519
45.9 22.9183 58.5319 67.0183 10.4951
46 22.9682 58.4886 66.9682 10.5384
46.1 23.0182 58.4452 66.9182 10.5818
46.2 23.0681 58.4018 66.8681 10.6252
46.3 23.1181 58.3583 66.818 10.6687
46.4 23.168 58.3147 66.768 10.7123
46.5 23.218 58.271 66.7179 10.756
46.6 23.2679 58.2273 66.6679 10.7997
46.7 23.3179 58.1835 66.6178 10.8435
46.8 23.3678 58.1396 66.5678 10.8874
46.9 23.4178 58.0957 66.5177 10.9313
47 23.4677 58.0517 66.4677 10.9753
47.1 23.5177 58.0076 66.4176 11.0194
47.2 23.5676 57.9634 66.3676 11.0636
47.3 23.6176 57.9192 66.3175 11.1078
47.4 23.6675 57.8749 66.2675 11.1521
47.5 23.7175 57.8305 66.2174 11.1965
47.6 23.7674 57.786 66.1674 11.241
47.7 23.8173 57.7415 66.1173 11.2855
47.8 23.8673 57.6969 66.0673 11.3301
47.9 23.9172 57.6523 66.0172 11.3747
48 23.9672 57.6075 65.9672 11.4195
48.1 24.0171 57.5627 65.9171 11.4643
48.2 24.0671 57.5179 65.8671 11.5091
48.3 24.117 57.4729 65.817 11.5541
48.4 24.167 57.4279 65.767 11.5991
48.5 24.2169 57.3828 65.7169 11.6442
48.6 24.2669 57.3377 65.6668 11.6893
48.7 24.3168 57.2925 65.6168 11.7345
48.8 24.3668 57.2472 65.5667 11.7798
48.9 24.4167 57.2018 65.5167 11.8252
49 24.4667 57.1564 65.4666 11.8706
49.1 24.5166 57.1109 65.4166 11.9161
49.2 24.5666 57.0653 65.3665 11.9617
49.3 24.6165 57.0197 65.3165 12.0073
49.4 24.6665 56.974 65.2664 12.053
49.5 24.7164 56.9282 65.2164 12.0988
49.6 24.7664 56.8824 65.1663 12.1446
49.7 24.8163 56.8365 65.1163 12.1905
49.8 24.8663 56.7905 65.0662 12.2365
49.9 24.9162 56.7445 65.0162 12.2825
50 24.9662 56.6984 64.9661 12.3286
50.1 25.0161 56.6522 64.9161 12.3748
50.2 25.0661 56.6059 64.866 12.4211
50.3 25.116 56.5596 64.816 12.4674
50.4 25.166 56.5132 64.7659 12.5138
50.5 25.2159 56.4668 64.7159 12.5602
50.6 25.2659 56.4203 64.6659 12.6067
50.7 25.3158 56.3737 64.6158 12.6533
50.8 25.3658 56.327 64.5658 12.7
50.9 25.4157 56.2803 64.5157 12.7467
51 25.4657 56.2335 64.4657 12.7935
51.1 25.5156 56.1867 64.4156 12.8403
51.2 25.5656 56.1398 64.3656 12.8872
51.3 25.6155 56.0928 64.3155 12.9342
51.4 25.6655 56.0458 64.2655 12.9812
51.5 25.7154 55.9987 64.2154 13.0283
51.6 25.7654 55.9515 64.1654 13.0755
51.7 25.8154 55.9042 64.1153 13.1228
51.8 25.8653 55.8569 64.0653 13.1701
51.9 25.9153 55.8096 64.0152 13.2174
52 25.9652 55.7621 63.9652 13.2649
52.1 26.0152 55.7146 63.9151 13.3124
52.2 26.0651 55.6671 63.8651 13.3599
52.3 26.1151 55.6194 63.815 13.4076
52.4 26.165 55.5717 63.765 13.4553
52.5 26.215 55.524 63.7149 13.503
52.6 26.2649 55.4762 63.6649 13.5508
52.7 26.3149 55.4283 63.6148 13.5987
52.8 26.3648 55.3803 63.5648 13.6467
52.9 26.4148 55.3323 63.5148 13.6947
53 26.4647 55.2842 63.4647 13.7428
53.1 26.5147 55.2361 63.4147 13.7909
53.2 26.5646 55.1879 63.3646 13.8391
53.3 26.6146 55.1396 63.3146 13.8874
53.4 26.6646 55.0913 63.2645 13.9357
53.5 26.7145 55.0429 63.2145 13.9841
53.6 26.7645 54.9945 63.1644 14.0325
53.7 26.8144 54.9459 63.1144 14.0811
53.8 26.8644 54.8974 63.0643 14.1296
53.9 26.9143 54.8487 63.0143 14.1783
54 26.9643 54.8 62.9642 14.227
54.1 27.0142 54.7513 62.9142 14.2757
54.2 27.0642 54.7024 62.8642 14.3246
54.3 27.1141 54.6535 62.8141 14.3735
54.4 27.1641 54.6046 62.7641 14.4224
54.5 27.2141 54.5556 62.714 14.4714
54.6 27.264 54.5065 62.664 14.5205
54.7 27.314 54.4574 62.6139 14.5696
54.8 27.3639 54.4082 62.5639 14.6188
54.9 27.4139 54.3589 62.5138 14.6681
55 27.4638 54.3096 62.4638 14.7174
55.1 27.5138 54.2603 62.4138 14.7667
55.2 27.5637 54.2108 62.3637 14.8162
55.3 27.6137 54.1613 62.3137 14.8657
55.4 27.6637 54.1118 62.2636 14.9152
55.5 27.7136 54.0622 62.2136 14.9648
55.6 27.7636 54.0125 62.1635 15.0145
55.7 27.8135 53.9628 62.1135 15.0642
55.8 27.8635 53.913 62.0635 15.114
55.9 27.9134 53.8631 62.0134 15.1639
56 27.9634 53.8132 61.9634 15.2138
56.1 28.0134 53.7632 61.9133 15.2638
56.2 28.0633 53.7132 61.8633 15.3138
56.3 28.1133 53.6631 61.8132 15.3639
56.4 28.1632 53.613 61.7632 15.414
56.5 28.2132 53.5628 61.7132 15.4642
56.6 28.2631 53.5125 61.6631 15.5145
56.7 28.3131 53.4622 61.6131 15.5648
56.8 28.3631 53.4118 61.563 15.6152
56.9 28.413 53.3614 61.513 15.6656
57 28.463 53.3109 61.4629 15.7161
57.1 28.5129 53.2604 61.4129 15.7666
57.2 28.5629 53.2097 61.3629 15.8173
57.3 28.6128 53.1591 61.3128 15.8679
57.4 28.6628 53.1084 61.2628 15.9186
57.5 28.7128 53.0576 61.2127 15.9694
57.6 28.7627 53.0068 61.1627 16.0202
57.7 28.8127 52.9559 61.1126 16.0711
57.8 28.8626 52.9049 61.0626 16.1221
57.9 28.9126 52.8539 61.0126 16.1731
58 28.9626 52.8029 60.9625 16.2241
58.1 29.0125 52.7518 60.9125 16.2752
58.2 29.0625 52.7006 60.8624 16.3264
58.3 29.1124 52.6494 60.8124 16.3776
58.4 29.1624 52.5981 60.7624 16.4289
58.5 29.2124 52.5468 60.7123 16.4802
58.6 29.2623 52.4954 60.6623 16.5316
58.7 29.3123 52.4439 60.6122 16.5831
58.8 29.3622 52.3924 60.5622 16.6346
58.9 29.4122 52.3409 60.5122 16.6861
59 29.4622 52.2893 60.4621 16.7377
59.1 29.5121 52.2376 60.4121 16.7894
59.2 29.5621 52.1859 60.362 16.8411
59.3 29.612 52.1341 60.312 16.8929
59.4 29.662 52.0823 60.262 16.9447
59.5 29.712 52.0304 60.2119 16.9966
59.6 29.7619 51.9785 60.1619 17.0485
59.7 29.8119 51.9265 60.1118 17.1005
59.8 29.8618 51.8745 60.0618 17.1525
59.9 29.9118 51.8224 60.0118 17.2046
60 29.9618 51.7702 59.9617 17.2568
60.1 30.0117 51.7181 59.9117 17.3089
60.2 30.0617 51.6658 59.8617 17.3612
60.3 30.1116 51.6135 59.8116 17.4135
60.4 30.1616 51.5612 59.7616 17.4658
60.5 30.2116 51.5088 59.7115 17.5182
60.6 30.2615 51.4563 59.6615 17.5707
60.7 30.3115 51.4038 59.6115 17.6232
60.8 30.3615 51.3512 59.5614 17.6758
60.9 30.4114 51.2986 59.5114 17.7284
61 30.4614 51.246 59.4614 17.781
61.1 30.5113 51.1933 59.4113 17.8337
61.2 30.5613 51.1405 59.3613 17.8865
61.3 30.6113 51.0877 59.3112 17.9393
61.4 30.6612 51.0348 59.2612 17.9922
61.5 30.7112 50.9819 59.2112 18.0451
61.6 30.7612 50.929 59.1611 18.098
61.7 30.8111 50.8759 59.1111 18.1511
61.8 30.8611 50.8229 59.0611 18.2041
61.9 30.911 50.7698 59.011 18.2572
62 30.961 50.7166 58.961 18.3104
62.1 31.011 50.6634 58.9109 18.3636
62.2 31.0609 50.6101 58.8609 18.4169
62.3 31.1109 50.5568 58.8109 18.4702
62.4 31.1609 50.5035 58.7608 18.5235
62.5 31.2108 50.4501 58.7108 18.5769
62.6 31.2608 50.3966 58.6608 18.6304
62.7 31.3108 50.3431 58.6107 18.6839
62.8 31.3607 50.2895 58.5607 18.7375
62.9 31.4107 50.2359 58.5107 18.7911
63 31.4607 50.1823 58.4606 18.8447
63.1 31.5106 50.1286 58.4106 18.8984
63.2 31.5606 50.0749 58.3606 18.9521
63.3 31.6106 50.0211 58.3105 19.0059
63.4 31.6605 49.9672 58.2605 19.0598
63.5 31.7105 49.9133 58.2105 19.1137
63.6 31.7604 49.8594 58.1604 19.1676
63.7 31.8104 49.8054 58.1104 19.2216
63.8 31.8604 49.7514 58.0604 19.2756
63.9 31.9103 49.6973 58.0103 19.3297
64 31.9603 49.6432 57.9603 19.3838
64.1 32.0103 49.5891 57.9103 19.4379
64.2 32.0602 49.5348 57.8602 19.4922
64.3 32.1102 49.4806 57.8102 19.5464
64.4 32.1602 49.4263 57.7602 19.6007
64.5 32.2101 49.3719 57.7101 19.6551
64.6 32.2601 49.3176 57.6601 19.7094
64.7 32.3101 49.2631 57.6101 19.7639
64.8 32.36 49.2086 57.56 19.8184
64.9 32.41 49.1541 57.51 19.8729
65 32.46 49.0995 57.46 19.9275
65.1 32.5099 49.0449 57.4099 19.9821
65.2 32.5599 48.9903 57.3599 20.0367
65.3 32.6099 48.9356 57.3099 20.0914
65.4 32.6599 48.8808 57.2598 20.1462
65.5 32.7098 48.826 57.2098 20.201
65.6 32.7598 48.7712 57.1598 20.2558
65.7 32.8098 48.7163 57.1097 20.3107
65.8 32.8597 48.6614 57.0597 20.3656
65.9 32.9097 48.6064 57.0097 20.4206
66 32.9597 48.5514 56.9596 20.4756
66.1 33.0096 48.4964 56.9096 20.5306
66.2 33.0596 48.4413 56.8596 20.5857
66.3 33.1096 48.3861 56.8095 20.6409
66.4 33.1595 48.3309 56.7595 20.6961
66.5 33.2095 48.2757 56.7095 20.7513
66.6 33.2595 48.2205 56.6594 20.8065
66.7 33.3094 48.1652 56.6094 20.8618
66.8 33.3594 48.1098 56.5594 20.9172
66.9 33.4094 48.0544 56.5094 20.9726
67 33.4594 47.999 56.4593 21.028
67.1 33.5093 47.9435 56.4093 21.0835
67.2 33.5593 47.888 56.3593 21.139
67.3 33.6093 47.8325 56.3092 21.1945
67.4 33.6592 47.7769 56.2592 21.2501
67.5 33.7092 47.7212 56.2092 21.3058
67.6 33.7592 47.6656 56.1591 21.3614
67.7 33.8091 47.6099 56.1091 21.4171
67.8 33.8591 47.5541 56.0591 21.4729
67.9 33.9091 47.4983 56.0091 21.5287
68 33.9591 47.4425 55.959 21.5845
68.1 34.009 47.3866 55.909 21.6404
68.2 34.059 47.3307 55.859 21.6963
68.3 34.109 47.2748 55.8089 21.7522
68.4 34.1589 47.2188 55.7589 21.8082
68.5 34.2089 47.1627 55.7089 21.8643
68.6 34.2589 47.1067 55.6589 21.9203
68.7 34.3089 47.0506 55.6088 21.9764
68.8 34.3588 46.9944 55.5588 22.0326
68.9 34.4088 46.9382 55.5088 22.0888
69 34.4588 46.882 55.4588 22.145
69.1 34.5087 46.8258 55.4087 22.2012
69.2 34.5587 46.7695 55.3587 22.2575
69.3 34.6087 46.7132 55.3087 22.3138
69.4 34.6587 46.6568 55.2586 22.3702
69.5 34.7086 46.6004 55.2086 22.4266
69.6 34.7586 46.5439 55.1586 22.4831
69.7 34.8086 46.4875 55.1086 22.5395
69.8 34.8586 46.4309 55.0585 22.5961
69.9 34.9085 46.3744 55.0085 22.6526
70 34.9585 46.3178 54.9585 22.7092
70.1 35.0085 46.2612 54.9085 22.7658
70.2 35.0585 46.2045 54.8584 22.8225
70.3 35.1084 46.1478 54.8084 22.8792
70.4 35.1584 46.0911 54.7584 22.9359
70.5 35.2084 46.0343 54.7084 22.9927
70.6 35.2583 45.9775 54.6583 23.0495
70.7 35.3083 45.9207 54.6083 23.1063
70.8 35.3583 45.8638 54.5583 23.1632
70.9 35.4083 45.8069 54.5082 23.2201
71 35.4582 45.75 54.4582 23.277
71.1 35.5082 45.693 54.4082 23.334
71.2 35.5582 45.636 54.3582 23.391
71.3 35.6082 45.579 54.3082 23.448
71.4 35.6581 45.5219 54.2581 23.5051
71.5 35.7081 45.4648 54.2081 23.5622
71.6 35.7581 45.4077 54.1581 23.6193
71.7 35.8081 45.3505 54.1081 23.6765
71.8 35.858 45.2933 54.058 23.7337
71.9 35.908 45.236 54.008 23.791
72 35.958 45.1788 53.958 23.8482
72.1 36.008 45.1215 53.908 23.9055
72.2 36.058 45.0641 53.8579 23.9629
72.3 36.1079 45.0067 53.8079 24.0203
72.4 36.1579 44.9493 53.7579 24.0777
72.5 36.2079 44.8919 53.7079 24.1351
72.6 36.2579 44.8344 53.6578 24.1926
72.7 36.3078 44.7769 53.6078 24.2501
72.8 36.3578 44.7194 53.5578 24.3076
72.9 36.4078 44.6619 53.5078 24.3651
73 36.4578 44.6043 53.4577 24.4227
73.1 36.5077 44.5467 53.4077 24.4803
73.2 36.5577 44.489 53.3577 24.538
73.3 36.6077 44.4313 53.3077 24.5957
73.4 36.6577 44.3736 53.2577 24.6534
73.5 36.7077 44.3159 53.2076 24.7111
73.6 36.7576 44.2581 53.1576 24.7689
73.7 36.8076 44.2003 53.1076 24.8267
73.8 36.8576 44.1425 53.0576 24.8845
73.9 36.9076 44.0846 53.0076 24.9424
74 36.9575 44.0267 52.9575 25.0003
74.1 37.0075 43.9688 52.9075 25.0582
74.2 37.0575 43.9108 52.8575 25.1162
74.3 37.1075 43.8529 52.8075 25.1741
74.4 37.1575 43.7949 52.7574 25.2321
74.5 37.2074 43.7368 52.7074 25.2902
74.6 37.2574 43.6788 52.6574 25.3482
74.7 37.3074 43.6207 52.6074 25.4063
74.8 37.3574 43.5626 52.5574 25.4644
74.9 37.4074 43.5044 52.5073 25.5226
75 37.4573 43.4463 52.4573 25.5807
75.1 37.5073 43.3881 52.4073 25.6389
75.2 37.5573 43.3298 52.3573 25.6972
75.3 37.6073 43.2716 52.3073 25.7554
75.4 37.6573 43.2133 52.2572 25.8137
75.5 37.7072 43.155 52.2072 25.872
75.6 37.7572 43.0967 52.1572 25.9303
75.7 37.8072 43.0383 52.1072 25.9887
75.8 37.8572 42.9799 52.0572 26.0471
75.9 37.9072 42.9215 52.0072 26.1055
76 37.9571 42.8631 51.9571 26.1639
76.1 38.0071 42.8046 51.9071 26.2224
76.2 38.0571 42.7461 51.8571 26.2809
76.3 38.1071 42.6876 51.8071 26.3394
76.4 38.1571 42.6291 51.7571 26.3979
76.5 38.2071 42.5705 51.707 26.4565
76.6 38.257 42.5119 51.657 26.5151
76.7 38.307 42.4533 51.607 26.5737
76.8 38.357 42.3947 51.557 26.6323
76.9 38.407 42.336 51.507 26.691
77 38.457 42.2773 51.457 26.7497
77.1 38.507 42.2186 51.4069 26.8084
77.2 38.5569 42.1599 51.3569 26.8671
77.3 38.6069 42.1012 51.3069 26.9258
77.4 38.6569 42.0424 51.2569 26.9846
77.5 38.7069 41.9836 51.2069 27.0434
77.6 38.7569 41.9248 51.1569 27.1022
77.7 38.8068 41.8659 51.1068 27.1611
77.8 38.8568 41.8071 51.0568 27.2199
77.9 38.9068 41.7482 51.0068 27.2788
78 38.9568 41.6893 50.9568 27.3377
78.1 39.0068 41.6303 50.9068 27.3967
78.2 39.0568 41.5714 50.8568 27.4556
78.3 39.1068 41.5124 50.8067 27.5146
78.4 39.1567 41.4534 50.7567 27.5736
78.5 39.2067 41.3944 50.7067 27.6326
78.6 39.2567 41.3353 50.6567 27.6917
78.7 39.3067 41.2763 50.6067 27.7507
78.8 39.3567 41.2172 50.5567 27.8098
78.9 39.4067 41.1581 50.5066 27.8689
79 39.4566 41.099 50.4566 27.928
79.1 39.5066 41.0398 50.4066 27.9872
79.2 39.5566 40.9807 50.3566 28.0463
79.3 39.6066 40.9215 50.3066 28.1055
79.4 39.6566 40.8623 50.2566 28.1647
79.5 39.7066 40.8031 50.2066 28.2239
79.6 39.7566 40.7438 50.1565 28.2832
79.7 39.8065 40.6846 50.1065 28.3424
79.8 39.8565 40.6253 50.0565 28.4017
79.9 39.9065 40.566 50.0065 28.461
80 39.9565 40.5067 49.9565 28.5203
80.1 40.0065 40.4474 49.9065 28.5796
80.2 40.0565 40.388 49.8565 28.639
80.3 40.1065 40.3287 49.8065 28.6983
80.4 40.1565 40.2693 49.7564 28.7577
80.5 40.2064 40.2099 49.7064 28.8171
80.6 40.2564 40.1505 49.6564 28.8765
80.7 40.3064 40.091 49.6064 28.936
80.8 40.3564 40.0316 49.5564 28.9954
80.9 40.4064 39.9721 49.5064 29.0549
81 40.4564 39.9126 49.4564 29.1144
81.1 40.5064 39.8531 49.4064 29.1739
81.2 40.5564 39.7936 49.3563 29.2334
81.3 40.6063 39.734 49.3063 29.293
81.4 40.6563 39.6745 49.2563 29.3525
81.5 40.7063 39.6149 49.2063 29.4121
81.6 40.7563 39.5553 49.1563 29.4717
81.7 40.8063 39.4957 49.1063 29.5313
81.8 40.8563 39.4361 49.0563 29.5909
81.9 40.9063 39.3765 49.0063 29.6505
82 40.9563 39.3169 48.9563 29.7101
82.1 41.0063 39.2572 48.9062 29.7698
82.2 41.0562 39.1975 48.8562 29.8295
82.3 41.1062 39.1378 48.8062 29.8892
82.4 41.1562 39.0781 48.7562 29.9489
82.5 41.2062 39.0184 48.7062 30.0086
82.6 41.2562 38.9587 48.6562 30.0683
82.7 41.3062 38.8989 48.6062 30.1281
82.8 41.3562 38.8392 48.5562 30.1878
82.9 41.4062 38.7794 48.5062 30.2476
83 41.4562 38.7196 48.4562 30.3074
83.1 41.5062 38.6598 48.4061 30.3672
83.2 41.5561 38.6 48.3561 30.427
83.3 41.6061 38.5402 48.3061 30.4868
83.4 41.6561 38.4804 48.2561 30.5466
83.5 41.7061 38.4205 48.2061 30.6065
83.6 41.7561 38.3607 48.1561 30.6663
83.7 41.8061 38.3008 48.1061 30.7262
83.8 41.8561 38.2409 48.0561 30.7861
83.9 41.9061 38.181 48.0061 30.846
84 41.9561 38.1211 47.9561 30.9059
84.1 42.0061 38.0612 47.9061 30.9658
84.2 42.0561 38.0013 47.8561 31.0257
84.3 42.1061 37.9414 47.806 31.0856
84.4 42.156 37.8814 47.756 31.1456
84.5 42.206 37.8215 47.706 31.2055
84.6 42.256 37.7615 47.656 31.2655
84.7 42.306 37.7015 47.606 31.3255
84.8 42.356 37.6415 47.556 31.3855
84.9 42.406 37.5816 47.506 31.4454
85 42.456 37.5215 47.456 31.5055
85.1 42.506 37.4615 47.406 31.5655
85.2 42.556 37.4015 47.356 31.6255
85.3 42.606 37.3415 47.306 31.6855
85.4 42.656 37.2814 47.256 31.7456
85.5 42.706 37.2214 47.206 31.8056
85.6 42.756 37.1613 47.156 31.8657
85.7 42.806 37.1013 47.106 31.9257
85.8 42.8559 37.0412 47.0559 31.9858
85.9 42.9059 36.9811 47.0059 32.0459
86 42.9559 36.921 46.9559 32.106
86.1 43.0059 36.8609 46.9059 32.1661
86.2 43.0559 36.8008 46.8559 32.2262
86.3 43.1059 36.7407 46.8059 32.2863
86.4 43.1559 36.6806 46.7559 32.3464
86.5 43.2059 36.6205 46.7059 32.4065
86.6 43.2559 36.5604 46.6559 32.4666
86.7 43.3059 36.5002 46.6059 32.5268
86.8 43.3559 36.4401 46.5559 32.5869
86.9 43.4059 36.3799 46.5059 32.6471
87 43.4559 36.3198 46.4559 32.7072
87.1 43.5059 36.2596 46.4059 32.7674
87.2 43.5559 36.1995 46.3559 32.8275
87.3 43.6059 36.1393 46.3059 32.8877
87.4 43.6559 36.0791 46.2559 32.9479
87.5 43.7059 36.019 46.2059 33.008
87.6 43.7559 35.9588 46.1559 33.0682
87.7 43.8059 35.8986 46.1059 33.1284
87.8 43.8559 35.8384 46.0559 33.1886
87.9 43.9059 35.7782 46.0059 33.2488
88 43.9559 35.718 45.9559 33.309
88.1 44.0059 35.6578 45.9059 33.3692
88.2 44.0559 35.5976 45.8558 33.4294
88.3 44.1058 35.5374 45.8058 33.4896
88.4 44.1558 35.4772 45.7558 33.5498
88.5 44.2058 35.417 45.7058 33.61
88.6 44.2558 35.3567 45.6558 33.6703
88.7 44.3058 35.2965 45.6058 33.7305
88.8 44.3558 35.2363 45.5558 33.7907
88.9 44.4058 35.1761 45.5058 33.8509
89 44.4558 35.1158 45.4558 33.9112
89.1 44.5058 35.0556 45.4058 33.9714
89.2 44.5558 34.9954 45.3558 34.0316
89.3 44.6058 34.9352 45.3058 34.0918
89.4 44.6558 34.8749 45.2558 34.1521
89.5 44.7058 34.8147 45.2058 34.2123
89.6 44.7558 34.7544 45.1558 34.2726
89.7 44.8058 34.6942 45.1058 34.3328
89.8 44.8558 34.634 45.0558 34.393
89.9 44.9058 34.5737 45.0058 34.4533
90 44.9558 34.5135 44.9558 34.5135
90.1 45.0058 34.4533 44.9058 34.5737
90.2 45.0558 34.393 44.8558 34.634
90.3 45.1058 34.3328 44.8058 34.6942
90.4 45.1558 34.2726 44.7558 34.7544
90.5 45.2058 34.2123 44.7058 34.8147
90.6 45.2558 34.1521 44.6558 34.8749
90.7 45.3058 34.0918 44.6058 34.9352
90.8 45.3558 34.0316 44.5558 34.9954
90.9 45.4058 33.9714 44.5058 35.0556
91 45.4558 33.9112 44.4558 35.1158
91.1 45.5058 33.8509 44.4058 35.1761
91.2 45.5558 33.7907 44.3558 35.2363
91.3 45.6058 33.7305 44.3058 35.2965
91.4 45.6558 33.6703 44.2558 35.3567
91.5 45.7058 33.61 44.2058 35.417
91.6 45.7558 33.5498 44.1558 35.4772
91.7 45.8058 33.4896 44.1058 35.5374
91.8 45.8558 33.4294 44.0559 35.5976
91.9 45.9059 33.3692 44.0059 35.6578
92 45.9559 33.309 43.9559 35.718
92.1 46.0059 33.2488 43.9059 35.7782
92.2 46.0559 33.1886 43.8559 35.8384
92.3 46.1059 33.1284 43.8059 35.8986
92.4 46.1559 33.0682 43.7559 35.9588
92.5 46.2059 33.008 43.7059 36.019
92.6 46.2559 32.9479 43.6559 36.0791
92.7 46.3059 32.8877 43.6059 36.1393
92.8 46.3559 32.8275 43.5559 36.1995
92.9 46.4059 32.7674 43.5059 36.2596
93 46.4559 32.7072 43.4559 36.3198
93.1 46.5059 32.6471 43.4059 36.3799
93.2 46.5559 32.5869 43.3559 36.4401
93.3 46.6059 32.5268 43.3059 36.5002
93.4 46.6559 32.4666 43.2559 36.5604
93.5 46.7059 32.4065 43.2059 36.6205
93.6 46.7559 32.3464 43.1559 36.6806
93.7 46.8059 32.2863 43.1059 36.7407
93.8 46.8559 32.2262 43.0559 36.8008
93.9 46.9059 32.1661 43.0059 36.8609
94 46.9559 32.106 42.9559 36.921
94.1 47.0059 32.0459 42.9059 36.9811
94.2 47.0559 31.9858 42.8559 37.0412
94.3 47.106 31.9257 42.806 37.1013
94.4 47.156 31.8657 42.756 37.1613
94.5 47.206 31.8056 42.706 37.2214
94.6 47.256 31.7456 42.656 37.2814
94.7 47.306 31.6855 42.606 37.3415
94.8 47.356 31.6255 42.556 37.4015
94.9 47.406 31.5655 42.506 37.4615
95 47.456 31.5055 42.456 37.5215
95.1 47.506 31.4454 42.406 37.5816
95.2 47.556 31.3855 42.356 37.6415
95.3 47.606 31.3255 42.306 37.7015
95.4 47.656 31.2655 42.256 37.7615
95.5 47.706 31.2055 42.206 37.8215
95.6 47.756 31.1456 42.156 37.8814
95.7 47.806 31.0856 42.1061 37.9414
95.8 47.8561 31.0257 42.0561 38.0013
95.9 47.9061 30.9658 42.0061 38.0612
96 47.9561 30.9059 41.9561 38.1211
96.1 48.0061 30.846 41.9061 38.181
96.2 48.0561 30.7861 41.8561 38.2409
96.3 48.1061 30.7262 41.8061 38.3008
96.4 48.1561 30.6663 41.7561 38.3607
96.5 48.2061 30.6065 41.7061 38.4205
96.6 48.2561 30.5466 41.6561 38.4804
96.7 48.3061 30.4868 41.6061 38.5402
96.8 48.3561 30.427 41.5561 38.6
96.9 48.4061 30.3672 41.5062 38.6598
97 48.4562 30.3074 41.4562 38.7196
97.1 48.5062 30.2476 41.4062 38.7794
97.2 48.5562 30.1878 41.3562 38.8392
97.3 48.6062 30.1281 41.3062 38.8989
97.4 48.6562 30.0683 41.2562 38.9587
97.5 48.7062 30.0086 41.2062 39.0184
97.6 48.7562 29.9489 41.1562 39.0781
97.7 48.8062 29.8892 41.1062 39.1378
97.8 48.8562 29.8295 41.0562 39.1975
97.9 48.9062 29.7698 41.0063 39.2572
98 48.9563 29.7101 40.9563 39.3169
98.1 49.0063 29.6505 40.9063 39.3765
98.2 49.0563 29.5909 40.8563 39.4361
98.3 49.1063 29.5313 40.8063 39.4957
98.4 49.1563 29.4717 40.7563 39.5553
98.5 49.2063 29.4121 40.7063 39.6149
98.6 49.2563 29.3525 40.6563 39.6745
98.7 49.3063 29.293 40.6063 39.734
98.8 49.3563 29.2334 40.5564 39.7936
98.9 49.4064 29.1739 40.5064 39.8531
99 49.4564 29.1144 40.4564 39.9126
99.1 49.5064 29.0549 40.4064 39.9721
99.2 49.5564 28.9954 40.3564 40.0316
99.3 49.6064 28.936 40.3064 40.091
99.4 49.6564 28.8765 40.2564 40.1505
99.5 49.7064 28.8171 40.2064 40.2099
99.6 49.7564 28.7577 40.1565 40.2693
99.7 49.8065 28.6983 40.1065 40.3287
99.8 49.8565 28.639 40.0565 40.388
99.9 49.9065 28.5796 40.0065 40.4474
100 49.9565 28.5203 39.9565 40.5067
100.1 50.0065 28.461 39.9065 40.566
100.2 50.0565 28.4017 39.8565 40.6253
100.3 50.1065 28.3424 39.8065 40.6846
100.4 50.1565 28.2832 39.7566 40.7438
100.5 50.2066 28.2239 39.7066 40.8031
100.6 50.2566 28.1647 39.6566 40.8623
100.7 50.3066 28.1055 39.6066 40.9215
100.8 50.3566 28.0463 39.5566 40.9807
100.9 50.4066 27.9872 39.5066 41.0398
101 50.4566 27.928 39.4566 41.099
101.1 50.5066 27.8689 39.4067 41.1581
101.2 50.5567 27.8098 39.3567 41.2172
101.3 50.6067 27.7507 39.3067 41.2763
101.4 50.6567 27.6917 39.2567 41.3353
101.5 50.7067 27.6326 39.2067 41.3944
101.6 50.7567 27.5736 39.1567 41.4534
101.7 50.8067 27.5146 39.1068 41.5124
101.8 50.8568 27.4556 39.0568 41.5714
101.9 50.9068 27.3967 39.0068 41.6303
102 50.9568 27.3377 38.9568 41.6893
102.1 51.0068 27.2788 38.9068 41.7482
102.2 51.0568 27.2199 38.8568 41.8071
102.3 51.1068 27.1611 38.8068 41.8659
102.4 51.1569 27.1022 38.7569 41.9248
102.5 51.2069 27.0434 38.7069 41.9836
102.6 51.2569 26.9846 38.6569 42.0424
102.7 51.3069 26.9258 38.6069 42.1012
102.8 51.3569 26.8671 38.5569 42.1599
102.9 51.4069 26.8084 38.507 42.2186
103 51.457 26.7497 38.457 42.2773
103.1 51.507 26.691 38.407 42.336
103.2 51.557 26.6323 38.357 42.3947
103.3 51.607 26.5737 38.307 42.4533
103.4 51.657 26.5151 38.257 42.5119
103.5 51.707 26.4565 38.2071 42.5705
103.6 51.7571 26.3979 38.1571 42.6291
103.7 51.8071 26.3394 38.1071 42.6876
103.8 51.8571 26.2809 38.0571 42.7461
103.9 51.9071 26.2224 38.0071 42.8046
104 51.9571 26.1639 37.9571 42.8631
104.1 52.0072 26.1055 37.9072 42.9215
104.2 52.0572 26.0471 37.8572 42.9799
104.3 52.1072 25.9887 37.8072 43.0383
104.4 52.1572 25.9303 37.7572 43.0967
104.5 52.2072 25.872 37.7072 43.155
104.6 52.2572 25.8137 37.6573 43.2133
104.7 52.3073 25.7554 37.6073 43.2716
104.8 52.3573 25.6972 37.5573 43.3298
104.9 52.4073 25.6389 37.5073 43.3881
105 52.4573 25.5807 37.4573 43.4463
105.1 52.5073 25.5226 37.4074 43.5044
105.2 52.5574 25.4644 37.3574 43.5626
105.3 52.6074 25.4063 37.3074 43.6207
105.4 52.6574 25.3482 37.2574 43.6788
105.5 52.7074 25.2902 37.2074 43.7368
105.6 52.7574 25.2321 37.1575 43.7949
105.7 52.8075 25.1741 37.1075 43.8529
105.8 52.8575 25.1162 37.0575 43.9108
105.9 52.9075 25.0582 37.0075 43.9688
106 52.9575 25.0003 36.9575 44.0267
106.1 53.0076 24.9424 36.9076 44.0846
106.2 53.0576 24.8845 36.8576 44.1425
106.3 53.1076 24.8267 36.8076 44.2003
106.4 53.1576 24.7689 36.7576 44.2581
106.5 53.2076 24.7111 36.7077 44.3159
106.6 53.2577 24.6534 36.6577 44.3736
106.7 53.3077 24.5957 36.6077 44.4313
106.8 53.3577 24.538 36.5577 44.489
106.9 53.4077 24.4803 36.5077 44.5467
107 53.4577 24.4227 36.4578 44.6043
107.1 53.5078 24.3651 36.4078 44.6619
107.2 53.5578 24.3076 36.3578 44.7194
107.3 53.6078 24.2501 36.3078 44.7769
107.4 53.6578 24.1926 36.2579 44.8344
107.5 53.7079 24.1351 36.2079 44.8919
107.6 53.7579 24.0777 36.1579 44.9493
107.7 53.8079 24.0203 36.1079 45.0067
107.8 53.8579 23.9629 36.058 45.0641
107.9 53.908 23.9055 36.008 45.1215
108 53.958 23.8482 35.958 45.1788
108.1 54.008 23.791 35.908 45.236
108.2 54.058 23.7337 35.858 45.2933
108.3 54.1081 23.6765 35.8081 45.3505
108.4 54.1581 23.6193 35.7581 45.4077
108.5 54.2081 23.5622 35.7081 45.4648
108.6 54.2581 23.5051 35.6581 45.5219
108.7 54.3082 23.448 35.6082 45.579
108.8 54.3582 23.391 35.5582 45.636
108.9 54.4082 23.334 35.5082 45.693
109 54.4582 23.277 35.4582 45.75
109.1 54.5082 23.2201 35.4083 45.8069
109.2 54.5583 23.1632 35.3583 45.8638
109.3 54.6083 23.1063 35.3083 45.9207
109.4 54.6583 23.0495 35.2583 45.9775
109.5 54.7084 22.9927 35.2084 46.0343
109.6 54.7584 22.9359 35.1584 46.0911
109.7 54.8084 22.8792 35.1084 46.1478
109.8 54.8584 22.8225 35.0585 46.2045
109.9 54.9085 22.7658 35.0085 46.2612
110 54.9585 22.7092 34.9585 46.3178
110.1 55.0085 22.6526 34.9085 46.3744
110.2 55.0585 22.5961 34.8586 46.4309
110.3 55.1086 22.5395 34.8086 46.4875
110.4 55.1586 22.4831 34.7586 46.5439
110.5 55.2086 22.4266 34.7086 46.6004
110.6 55.2586 22.3702 34.6587 46.6568
110.7 55.3087 22.3138 34.6087 46.7132
110.8 55.3587 22.2575 34.5587 46.7695
110.9 55.4087 22.2012 34.5087 46.8258
111 55.4588 22.145 34.4588 46.882
111.1 55.5088 22.0888 34.4088 46.9382
111.2 55.5588 22.0326 34.3588 46.9944
111.3 55.6088 21.9764 34.3089 47.0506
111.4 55.6589 21.9203 34.2589 47.1067
111.5 55.7089 21.8643 34.2089 47.1627
111.6 55.7589 21.8082 34.1589 47.2188
111.7 55.8089 21.7522 34.109 47.2748
111.8 55.859 21.6963 34.059 47.3307
111.9 55.909 21.6404 34.009 47.3866
112 55.959 21.5845 33.9591 47.4425
112.1 56.0091 21.5287 33.9091 47.4983
112.2 56.0591 21.4729 33.8591 47.5541
112.3 56.1091 21.4171 33.8091 47.6099
112.4 56.1591 21.3614 33.7592 47.6656
112.5 56.2092 21.3058 33.7092 47.7212
112.6 56.2592 21.2501 33.6592 47.7769
112.7 56.3092 21.1945 33.6093 47.8325
112.8 56.3593 21.139 33.5593 47.888
112.9 56.4093 21.0835 33.5093 47.9435
113 56.4593 21.028 33.4594 47.999
113.1 56.5094 20.9726 33.4094 48.0544
113.2 56.5594 20.9172 33.3594 48.1098
113.3 56.6094 20.8618 33.3094 48.1652
113.4 56.6594 20.8065 33.2595 48.2205
113.5 56.7095 20.7513 33.2095 48.2757
113.6 56.7595 20.6961 33.1595 48.3309
113.7 56.8095 20.6409 33.1096 48.3861
113.8 56.8596 20.5857 33.0596 48.4413
113.9 56.9096 20.5306 33.0096 48.4964
114 56.9596 20.4756 32.9597 48.5514
114.1 57.0097 20.4206 32.9097 48.6064
114.2 57.0597 20.3656 32.8597 48.6614
114.3 57.1097 20.3107 32.8098 48.7163
114.4 57.1598 20.2558 32.7598 48.7712
114.5 57.2098 20.201 32.7098 48.826
114.6 57.2598 20.1462 32.6599 48.8808
114.7 57.3099 20.0914 32.6099 48.9356
114.8 57.3599 20.0367 32.5599 48.9903
114.9 57.4099 19.9821 32.5099 49.0449
115 57.46 19.9275 32.46 49.0995
115.1 57.51 19.8729 32.41 49.1541
115.2 57.56 19.8184 32.36 49.2086
115.3 57.6101 19.7639 32.3101 49.2631
115.4 57.6601 19.7094 32.2601 49.3176
115.5 57.7101 19.6551 32.2101 49.3719
115.6 57.7602 19.6007 32.1602 49.4263
115.7 57.8102 19.5464 32.1102 49.4806
115.8 57.8602 19.4922 32.0602 49.5348
115.9 57.9103 19.4379 32.0103 49.5891
116 57.9603 19.3838 31.9603 49.6432
116.1 58.0103 19.3297 31.9103 49.6973
116.2 58.0604 19.2756 31.8604 49.7514
116.3 58.1104 19.2216 31.8104 49.8054
116.4 58.1604 19.1676 31.7604 49.8594
116.5 58.2105 19.1137 31.7105 49.9133
116.6 58.2605 19.0598 31.6605 49.9672
116.7 58.3105 19.0059 31.6106 50.0211
116.8 58.3606 18.9521 31.5606 50.0749
116.9 58.4106 18.8984 31.5106 50.1286
117 58.4606 18.8447 31.4607 50.1823
117.1 58.5107 18.7911 31.4107 50.2359
117.2 58.5607 18.7375 31.3607 50.2895
117.3 58.6107 18.6839 31.3108 50.3431
117.4 58.6608 18.6304 31.2608 50.3966
117.5 58.7108 18.5769 31.2108 50.4501
117.6 58.7608 18.5235 31.1609 50.5035
117.7 58.8109 18.4702 31.1109 50.5568
117.8 58.8609 18.4169 31.0609 50.6101
117.9 58.9109 18.3636 31.011 50.6634
118 58.961 18.3104 30.961 50.7166
118.1 59.011 18.2572 30.911 50.7698
118.2 59.0611 18.2041 30.8611 50.8229
118.3 59.1111 18.1511 30.8111 50.8759
118.4 59.1611 18.098 30.7612 50.929
118.5 59.2112 18.0451 30.7112 50.9819
118.6 59.2612 17.9922 30.6612 51.0348
118.7 59.3112 17.9393 30.6113 51.0877
118.8 59.3613 17.8865 30.5613 51.1405
118.9 59.4113 17.8337 30.5113 51.1933
119 59.4614 17.781 30.4614 51.246
119.1 59.5114 17.7284 30.4114 51.2986
119.2 59.5614 17.6758 30.3615 51.3512
119.3 59.6115 17.6232 30.3115 51.4038
119.4 59.6615 17.5707 30.2615 51.4563
119.5 59.7115 17.5182 30.2116 51.5088
119.6 59.7616 17.4658 30.1616 51.5612
119.7 59.8116 17.4135 30.1116 51.6135
119.8 59.8617 17.3612 30.0617 51.6658
119.9 59.9117 17.3089 30.0117 51.7181
120 59.9617 17.2568 29.9618 51.7702
120.1 60.0118 17.2046 29.9118 51.8224
120.2 60.0618 17.1525 29.8618 51.8745
120.3 60.1118 17.1005 29.8119 51.9265
120.4 60.1619 17.0485 29.7619 51.9785
120.5 60.2119 16.9966 29.712 52.0304
120.6 60.262 16.9447 29.662 52.0823
120.7 60.312 16.8929 29.612 52.1341
120.8 60.362 16.8411 29.5621 52.1859
120.9 60.4121 16.7894 29.5121 52.2376
121 60.4621 16.7377 29.4622 52.2893
121.1 60.5122 16.6861 29.4122 52.3409
121.2 60.5622 16.6346 29.3622 52.3924
121.3 60.6122 16.5831 29.3123 52.4439
121.4 60.6623 16.5316 29.2623 52.4954
121.5 60.7123 16.4802 29.2124 52.5468
121.6 60.7624 16.4289 29.1624 52.5981
121.7 60.8124 16.3776 29.1124 52.6494
121.8 60.8624 16.3264 29.0625 52.7006
121.9 60.9125 16.2752 29.0125 52.7518
122 60.9625 16.2241 28.9626 52.8029
122.1 61.0126 16.1731 28.9126 52.8539
122.2 61.0626 16.1221 28.8626 52.9049
122.3 61.1126 16.0711 28.8127 52.9559
122.4 61.1627 16.0202 28.7627 53.0068
122.5 61.2127 15.9694 28.7128 53.0576
122.6 61.2628 15.9186 28.6628 53.1084
122.7 61.3128 15.8679 28.6128 53.1591
122.8 61.3629 15.8173 28.5629 53.2097
122.9 61.4129 15.7666 28.5129 53.2604
123 61.4629 15.7161 28.463 53.3109
123.1 61.513 15.6656 28.413 53.3614
123.2 61.563 15.6152 28.3631 53.4118
123.3 61.6131 15.5648 28.3131 53.4622
123.4 61.6631 15.5145 28.2631 53.5125
123.5 61.7132 15.4642 28.2132 53.5628
123.6 61.7632 15.414 28.1632 53.613
123.7 61.8132 15.3639 28.1133 53.6631
123.8 61.8633 15.3138 28.0633 53.7132
123.9 61.9133 15.2638 28.0134 53.7632
124 61.9634 15.2138 27.9634 53.8132
124.1 62.0134 15.1639 27.9134 53.8631
124.2 62.0635 15.114 27.8635 53.913
124.3 62.1135 15.0642 27.8135 53.9628
124.4 62.1635 15.0145 27.7636 54.0125
124.5 62.2136 14.9648 27.7136 54.0622
124.6 62.2636 14.9152 27.6637 54.1118
124.7 62.3137 14.8657 27.6137 54.1613
124.8 62.3637 14.8162 27.5637 54.2108
124.9 62.4138 14.7667 27.5138 54.2603
125 62.4638 14.7174 27.4638 54.3096
125.1 62.5138 14.6681 27.4139 54.3589
125.2 62.5639 14.6188 27.3639 54.4082
125.3 62.6139 14.5696 27.314 54.4574
125.4 62.664 14.5205 27.264 54.5065
125.5 62.714 14.4714 27.2141 54.5556
125.6 62.7641 14.4224 27.1641 54.6046
125.7 62.8141 14.3735 27.1141 54.6535
125.8 62.8642 14.3246 27.0642 54.7024
125.9 62.9142 14.2757 27.0142 54.7513
126 62.9642 14.227 26.9643 54.8
126.1 63.0143 14.1783 26.9143 54.8487
126.2 63.0643 14.1296 26.8644 54.8974
126.3 63.1144 14.0811 26.8144 54.9459
126.4 63.1644 14.0325 26.7645 54.9945
126.5 63.2145 13.9841 26.7145 55.0429
126.6 63.2645 13.9357 26.6646 55.0913
126.7 63.3146 13.8874 26.6146 55.1396
126.8 63.3646 13.8391 26.5646 55.1879
126.9 63.4147 13.7909 26.5147 55.2361
127 63.4647 13.7428 26.4647 55.2842
127.1 63.5148 13.6947 26.4148 55.3323
127.2 63.5648 13.6467 26.3648 55.3803
127.3 63.6148 13.5987 26.3149 55.4283
127.4 63.6649 13.5508 26.2649 55.4762
127.5 63.7149 13.503 26.215 55.524
127.6 63.765 13.4553 26.165 55.5717
127.7 63.815 13.4076 26.1151 55.6194
127.8 63.8651 13.3599 26.0651 55.6671
127.9 63.9151 13.3124 26.0152 55.7146
128 63.9652 13.2649 25.9652 55.7621
128.1 64.0152 13.2174 25.9153 55.8096
128.2 64.0653 13.1701 25.8653 55.8569
128.3 64.1153 13.1228 25.8154 55.9042
128.4 64.1654 13.0755 25.7654 55.9515
128.5 64.2154 13.0283 25.7154 55.9987
128.6 64.2655 12.9812 25.6655 56.0458
128.7 64.3155 12.9342 25.6155 56.0928
128.8 64.3656 12.8872 25.5656 56.1398
128.9 64.4156 12.8403 25.5156 56.1867
129 64.4657 12.7935 25.4657 56.2335
129.1 64.5157 12.7467 25.4157 56.2803
129.2 64.5658 12.7 25.3658 56.327
129.3 64.6158 12.6533 25.3158 56.3737
129.4 64.6659 12.6067 25.2659 56.4203
129.5 64.7159 12.5602 25.2159 56.4668
129.6 64.7659 12.5138 25.166 56.5132
129.7 64.816 12.4674 25.116 56.5596
129.8 64.866 12.4211 25.0661 56.6059
129.9 64.9161 12.3748 25.0161 56.6522
130 64.9661 12.3286 24.9662 56.6984
130.1 65.0162 12.2825 24.9162 56.7445
130.2 65.0662 12.2365 24.8663 56.7905
130.3 65.1163 12.1905 24.8163 56.8365
130.4 65.1663 12.1446 24.7664 56.8824
130.5 65.2164 12.0988 24.7164 56.9282
130.6 65.2664 12.053 24.6665 56.974
130.7 65.3165 12.0073 24.6165 57.0197
130.8 65.3665 11.9617 24.5666 57.0653
130.9 65.4166 11.9161 24.5166 57.1109
131 65.4666 11.8706 24.4667 57.1564
131.1 65.5167 11.8252 24.4167 57.2018
131.2 65.5667 11.7798 24.3668 57.2472
131.3 65.6168 11.7345 24.3168 57.2925
131.4 65.6668 11.6893 24.2669 57.3377
131.5 65.7169 11.6442 24.2169 57.3828
131.6 65.767 11.5991 24.167 57.4279
131.7 65.817 11.5541 24.117 57.4729
131.8 65.8671 11.5091 24.0671 57.5179
131.9 65.9171 11.4643 24.0171 57.5627
132 65.9672 11.4195 23.9672 57.6075
132.1 66.0172 11.3747 23.9172 57.6523
132.2 66.0673 11.3301 23.8673 57.6969
132.3 66.1173 11.2855 23.8173 57.7415
132.4 66.1674 11.241 23.7674 57.786
132.5 66.2174 11.1965 23.7175 57.8305
132.6 66.2675 11.1521 23.6675 57.8749
132.7 66.3175 11.1078 23.6176 57.9192
132.8 66.3676 11.0636 23.5676 57.9634
132.9 66.4176 11.0194 23.5177 58.0076
133 66.4677 10.9753 23.4677 58.0517
133.1 66.5177 10.9313 23.4178 58.0957
133.2 66.5678 10.8874 23.3678 58.1396
133.3 66.6178 10.8435 23.3179 58.1835
133.4 66.6679 10.7997 23.2679 58.2273
133.5 66.7179 10.756 23.218 58.271
133.6 66.768 10.7123 23.168 58.3147
133.7 66.818 10.6687 23.1181 58.3583
133.8 66.8681 10.6252 23.0681 58.4018
133.9 66.9182 10.5818 23.0182 58.4452
134 66.9682 10.5384 22.9682 58.4886
134.1 67.0183 10.4951 22.9183 58.5319
134.2 67.0683 10.4519 22.8684 58.5751
134.3 67.1184 10.4087 22.8184 58.6183
134.4 67.1684 10.3657 22.7685 58.6613
134.5 67.2185 10.3227 22.7185 58.7043
134.6 67.2685 10.2797 22.6686 58.7473
134.7 67.3186 10.2369 22.6186 58.7901
134.8 67.3686 10.1941 22.5687 58.8329
134.9 67.4187 10.1514 22.5187 58.8756
135 67.4687 10.1088 22.4688 58.9182
135.1 67.5188 10.0662 22.4188 58.9608
135.2 67.5689 10.0237 22.3689 59.0033
135.3 67.6189 9.98132 22.3189 59.0457
135.4 67.669 9.93899 22.269 59.088
135.5 67.719 9.89673 22.2191 59.1303
135.6 67.7691 9.85455 22.1691 59.1725
135.7 67.8191 9.81244 22.1192 59.2146
135.8 67.8692 9.77041 22.0692 59.2566
135.9 67.9192 9.72845 22.0193 59.2986
136 67.9693 9.68657 21.9693 59.3404
136.1 68.0194 9.64476 21.9194 59.3822
136.2 68.0694 9.60303 21.8694 59.424
136.3 68.1195 9.56137 21.8195 59.4656
136.4 68.1695 9.51979 21.7696 59.5072
136.5 68.2196 9.47829 21.7196 59.5487
136.6 68.2696 9.43687 21.6697 59.5901
136.7 68.3197 9.39551 21.6197 59.6315
136.8 68.3697 9.35424 21.5698 59.6728
136.9 68.4198 9.31304 21.5198 59.714
137 68.4699 9.27192 21.4699 59.7551
137.1 68.5199 9.23088 21.4199 59.7961
137.2 68.57 9.18991 21.37 59.8371
137.3 68.62 9.14903 21.3201 59.878
137.4 68.6701 9.10821 21.2701 59.9188
137.5 68.7201 9.06748 21.2202 59.9595
137.6 68.7702 9.02682 21.1702 60.0002
137.7 68.8203 8.98624 21.1203 60.0408
137.8 68.8703 8.94574 21.0703 60.0813
137.9 68.9204 8.90532 21.0204 60.1217
138 68.9704 8.86497 20.9705 60.162
138.1 69.0205 8.8247 20.9205 60.2023
138.2 69.0705 8.78451 20.8706 60.2425
138.3 69.1206 8.7444 20.8206 60.2826
138.4 69.1707 8.70437 20.7707 60.3226
138.5 69.2207 8.66442 20.7207 60.3626
138.6 69.2708 8.62454 20.6708 60.4025
138.7 69.3208 8.58475 20.6209 60.4423
138.8 69.3709 8.54503 20.5709 60.482
138.9 69.4209 8.50539 20.521 60.5216
139 69.471 8.46583 20.471 60.5612
139.1 69.5211 8.42635 20.4211 60.6006
139.2 69.5711 8.38695 20.3712 60.64
139.3 69.6212 8.34763 20.3212 60.6794
139.4 69.6712 8.30839 20.2713 60.7186
139.5 69.7213 8.26923 20.2213 60.7578
139.6 69.7714 8.23015 20.1714 60.7969
139.7 69.8214 8.19115 20.1214 60.8359
139.8 69.8715 8.15223 20.0715 60.8748
139.9 69.9215 8.11339 20.0216 60.9136
140 69.9716 8.07463 19.9716 60.9524
140.1 70.0216 8.03595 19.9217 60.9911
140.2 70.0717 7.99735 19.8717 61.0297
140.3 70.1218 7.95883 19.8218 61.0682
140.4 70.1718 7.92039 19.7719 61.1066
140.5 70.2219 7.88203 19.7219 61.145
140.6 70.2719 7.84376 19.672 61.1832
140.7 70.322 7.80557 19.622 61.2214
140.8 70.3721 7.76745 19.5721 61.2595
140.9 70.4221 7.72942 19.5222 61.2976
141 70.4722 7.69147 19.4722 61.3355
141.1 70.5222 7.65361 19.4223 61.3734
141.2 70.5723 7.61582 19.3723 61.4112
141.3 70.6224 7.57812 19.3224 61.4489
141.4 70.6724 7.54049 19.2725 61.4865
141.5 70.7225 7.50295 19.2225 61.524
141.6 70.7725 7.4655 19.1726 61.5615
141.7 70.8226 7.42812 19.1226 61.5989
141.8 70.8727 7.39083 19.0727 61.6362
141.9 70.9227 7.35362 19.0228 61.6734
142 70.9728 7.31649 18.9728 61.7105
142.1 71.0228 7.27945 18.9229 61.7476
142.2 71.0729 7.24248 18.8729 61.7845
142.3 71.123 7.20561 18.823 61.8214
142.4 71.173 7.16881 18.7731 61.8582
142.5 71.2231 7.1321 18.7231 61.8949
142.6 71.2732 7.09547 18.6732 61.9315
142.7 71.3232 7.05893 18.6232 61.9681
142.8 71.3733 7.02246 18.5733 62.0045
142.9 71.4233 6.98609 18.5234 62.0409
143 71.4734 6.94979 18.4734 62.0772
143.1 71.5235 6.91358 18.4235 62.1134
143.2 71.5735 6.87746 18.3736 62.1495
143.3 71.6236 6.84142 18.3236 62.1856
143.4 71.6736 6.80546 18.2737 62.2215
143.5 71.7237 6.76959 18.2237 62.2574
143.6 71.7738 6.7338 18.1738 62.2932
143.7 71.8238 6.69809 18.1239 62.3289
143.8 71.8739 6.66248 18.0739 62.3645
143.9 71.924 6.62694 18.024 62.4001
144 71.974 6.59149 17.9741 62.4355
144.1 72.0241 6.55613 17.9241 62.4709
144.2 72.0741 6.52085 17.8742 62.5062
144.3 72.1242 6.48566 17.8242 62.5413
144.4 72.1743 6.45055 17.7743 62.5765
144.5 72.2243 6.41552 17.7244 62.6115
144.6 72.2744 6.38059 17.6744 62.6464
144.7 72.3245 6.34574 17.6245 62.6813
144.8 72.3745 6.31097 17.5746 62.716
144.9 72.4246 6.27629 17.5246 62.7507
145 72.4746 6.2417 17.4747 62.7853
145.1 72.5247 6.20719 17.4247 62.8198
145.2 72.5748 6.17277 17.3748 62.8542
145.3 72.6248 6.13843 17.3249 62.8886
145.4 72.6749 6.10418 17.2749 62.9228
145.5 72.725 6.07002 17.225 62.957
145.6 72.775 6.03595 17.1751 62.9911
145.7 72.8251 6.00196 17.1251 63.025
145.8 72.8752 5.96805 17.0752 63.0589
145.9 72.9252 5.93424 17.0253 63.0928
146 72.9753 5.90051 16.9753 63.1265
146.1 73.0253 5.86687 16.9254 63.1601
146.2 73.0754 5.83332 16.8754 63.1937
146.3 73.1255 5.79985 16.8255 63.2271
146.4 73.1755 5.76647 16.7756 63.2605
146.5 73.2256 5.73318 16.7256 63.2938
146.6 73.2757 5.69998 16.6757 63.327
146.7 73.3257 5.66686 16.6258 63.3601
146.8 73.3758 5.63383 16.5758 63.3932
146.9 73.4259 5.6009 16.5259 63.4261
147 73.4759 5.56804 16.476 63.459
147.1 73.526 5.53528 16.426 63.4917
147.2 73.5761 5.5026 16.3761 63.5244
147.3 73.6261 5.47002 16.3262 63.557
147.4 73.6762 5.43752 16.2762 63.5895
147.5 73.7263 5.40511 16.2263 63.6219
147.6 73.7763 5.37279 16.1763 63.6542
147.7 73.8264 5.34056 16.1264 63.6864
147.8 73.8764 5.30841 16.0765 63.7186
147.9 73.9265 5.27636 16.0265 63.7506
148 73.9766 5.24439 15.9766 63.7826
148.1 74.0266 5.21252 15.9267 63.8145
148.2 74.0767 5.18073 15.8767 63.8463
148.3 74.1268 5.14903 15.8268 63.878
148.4 74.1768 5.11742 15.7769 63.9096
148.5 74.2269 5.0859 15.7269 63.9411
148.6 74.277 5.05447 15.677 63.9725
148.7 74.327 5.02314 15.6271 64.0039
148.8 74.3771 4.99189 15.5771 64.0351
148.9 74.4272 4.96073 15.5272 64.0663
149 74.4772 4.92966 15.4773 64.0973
149.1 74.5273 4.89868 15.4273 64.1283
149.2 74.5774 4.86779 15.3774 64.1592
149.3 74.6274 4.83699 15.3275 64.19
149.4 74.6775 4.80628 15.2775 64.2207
149.5 74.7276 4.77566 15.2276 64.2513
149.6 74.7776 4.74513 15.1777 64.2819
149.7 74.8277 4.7147 15.1277 64.3123
149.8 74.8778 4.68435 15.0778 64.3426
149.9 74.9278 4.6541 15.0279 64.3729
150 74.9779 4.62393 14.9779 64.4031
150.1 75.028 4.59386 14.928 64.4331
150.2 75.078 4.56388 14.8781 64.4631
150.3 75.1281 4.53399 14.8281 64.493
150.4 75.1782 4.50419 14.7782 64.5228
150.5 75.2282 4.47448 14.7283 64.5525
150.6 75.2783 4.44486 14.6783 64.5821
150.7 75.3284 4.41534 14.6284 64.6117
150.8 75.3784 4.3859 14.5785 64.6411
150.9 75.4285 4.35656 14.5285 64.6704
151 75.4786 4.32731 14.4786 64.6997
151.1 75.5286 4.29816 14.4287 64.7288
151.2 75.5787 4.26909 14.3787 64.7579
151.3 75.6288 4.24012 14.3288 64.7869
151.4 75.6788 4.21123 14.2789 64.8158
151.5 75.7289 4.18245 14.2289 64.8446
151.6 75.779 4.15375 14.179 64.8733
151.7 75.829 4.12514 14.1291 64.9019
151.8 75.8791 4.09663 14.0791 64.9304
151.9 75.9292 4.06821 14.0292 64.9588
152 75.9792 4.03989 13.9793 64.9871
152.1 76.0293 4.01165 13.9293 65.0153
152.2 76.0794 3.98351 13.8794 65.0435
152.3 76.1295 3.95547 13.8295 65.0715
152.4 76.1795 3.92751 13.7795 65.0995
152.5 76.2296 3.89965 13.7296 65.1273
152.6 76.2797 3.87188 13.6797 65.1551
152.7 76.3297 3.84421 13.6298 65.1828
152.8 76.3798 3.81663 13.5798 65.2104
152.9 76.4299 3.78914 13.5299 65.2379
153 76.4799 3.76175 13.48 65.2653
153.1 76.53 3.73445 13.43 65.2926
153.2 76.5801 3.70724 13.3801 65.3198
153.3 76.6301 3.68013 13.3302 65.3469
153.4 76.6802 3.65311 13.2802 65.3739
153.5 76.7303 3.62618 13.2303 65.4008
153.6 76.7803 3.59935 13.1804 65.4276
153.7 76.8304 3.57262 13.1304 65.4544
153.8 76.8805 3.54597 13.0805 65.481
153.9 76.9306 3.51943 13.0306 65.5076
154 76.9806 3.49297 12.9807 65.534
154.1 77.0307 3.46661 12.9307 65.5604
154.2 77.0808 3.44035 12.8808 65.5867
154.3 77.1308 3.41418 12.8309 65.6128
154.4 77.1809 3.3881 12.7809 65.6389
154.5 77.231 3.36212 12.731 65.6649
154.6 77.281 3.33624 12.6811 65.6908
154.7 77.3311 3.31045 12.6311 65.7166
154.8 77.3812 3.28475 12.5812 65.7422
154.9 77.4312 3.25915 12.5313 65.7678
155 77.4813 3.23365 12.4813 65.7934
155.1 77.5314 3.20824 12.4314 65.8188
155.2 77.5815 3.18292 12.3815 65.8441
155.3 77.6315 3.1577 12.3316 65.8693
155.4 77.6816 3.13258 12.2816 65.8944
155.5 77.7317 3.10755 12.2317 65.9194
155.6 77.7817 3.08262 12.1818 65.9444
155.7 77.8318 3.05778 12.1318 65.9692
155.8 77.8819 3.03304 12.0819 65.994
155.9 77.932 3.0084 12.032 66.0186
156 77.982 2.98385 11.982 66.0432
156.1 78.0321 2.9594 11.9321 66.0676
156.2 78.0822 2.93504 11.8822 66.092
156.3 78.1322 2.91078 11.8323 66.1162
156.4 78.1823 2.88661 11.7823 66.1404
156.5 78.2324 2.86255 11.7324 66.1645
156.6 78.2824 2.83858 11.6825 66.1884
156.7 78.3325 2.8147 11.6325 66.2123
156.8 78.3826 2.79092 11.5826 66.2361
156.9 78.4327 2.76724 11.5327 66.2598
157 78.4827 2.74366 11.4828 66.2833
157.1 78.5328 2.72017 11.4328 66.3068
157.2 78.5829 2.69678 11.3829 66.3302
157.3 78.6329 2.67348 11.333 66.3535
157.4 78.683 2.65028 11.283 66.3767
157.5 78.7331 2.62718 11.2331 66.3998
157.6 78.7832 2.60418 11.1832 66.4228
157.7 78.8332 2.58127 11.1333 66.4457
157.8 78.8833 2.55847 11.0833 66.4685
157.9 78.9334 2.53575 11.0334 66.4912
158 78.9834 2.51314 10.9835 66.5139
158.1 79.0335 2.49062 10.9335 66.5364
158.2 79.0836 2.4682 10.8836 66.5588
158.3 79.1337 2.44588 10.8337 66.5811
158.4 79.1837 2.42366 10.7838 66.6033
158.5 79.2338 2.40153 10.7338 66.6255
158.6 79.2839 2.37951 10.6839 66.6475
158.7 79.3339 2.35757 10.634 66.6694
158.8 79.384 2.33574 10.584 66.6913
158.9 79.4341 2.31401 10.5341 66.713
159 79.4842 2.29237 10.4842 66.7346
159.1 79.5342 2.27083 10.4343 66.7562
159.2 79.5843 2.24939 10.3843 66.7776
159.3 79.6344 2.22805 10.3344 66.7989
159.4 79.6844 2.20681 10.2845 66.8202
159.5 79.7345 2.18566 10.2345 66.8413
159.6 79.7846 2.16462 10.1846 66.8624
159.7 79.8347 2.14367 10.1347 66.8833
159.8 79.8847 2.12282 10.0848 66.9042
159.9 79.9348 2.10207 10.0348 66.9249
160 79.9849 2.08142 9.9849 66.9456
160.1 80.035 2.06087 9.93498 66.9661
160.2 80.085 2.04041 9.88505 66.9866
160.3 80.1351 2.02006 9.83512 67.0069
160.4 80.1852 1.9998 9.78519 67.0272
160.5 80.2352 1.97964 9.73527 67.0474
160.6 80.2853 1.95958 9.68534 67.0674
160.7 80.3354 1.93963 9.63541 67.0874
160.8 80.3855 1.91977 9.58548 67.1072
160.9 80.4355 1.90001 9.53556 67.127
161 80.4856 1.88034 9.48563 67.1467
161.1 80.5357 1.86078 9.4357 67.1662
161.2 80.5858 1.84132 9.38578 67.1857
161.3 80.6358 1.82196 9.33585 67.205
161.4 80.6859 1.80269 9.28592 67.2243
161.5 80.736 1.78353 9.23599 67.2435
161.6 80.786 1.76447 9.18607 67.2625
161.7 80.8361 1.7455 9.13614 67.2815
161.8 80.8862 1.72664 9.08621 67.3004
161.9 80.9363 1.70788 9.03629 67.3191
162 80.9863 1.68921 8.98636 67.3378
162.1 81.0364 1.67065 8.93643 67.3564
162.2 81.0865 1.65218 8.88651 67.3748
162.3 81.1366 1.63382 8.83658 67.3932
162.4 81.1866 1.61555 8.78665 67.4114
162.5 81.2367 1.59739 8.73673 67.4296
162.6 81.2868 1.57933 8.6868 67.4477
162.7 81.3369 1.56136 8.63687 67.4656
162.8 81.3869 1.5435 8.58695 67.4835
162.9 81.437 1.52574 8.53702 67.5013
163 81.4871 1.50808 8.4871 67.5189
163.1 81.5371 1.49051 8.43717 67.5365
163.2 81.5872 1.47305 8.38724 67.5539
163.3 81.6373 1.45569 8.33732 67.5713
163.4 81.6874 1.43843 8.28739 67.5886
163.5 81.7374 1.42128 8.23746 67.6057
163.6 81.7875 1.40422 8.18754 67.6228
163.7 81.8376 1.38726 8.13761 67.6397
163.8 81.8877 1.3704 8.08769 67.6566
163.9 81.9377 1.35365 8.03776 67.6734
164 81.9878 1.33699 7.98783 67.69
164.1 82.0379 1.32044 7.93791 67.7066
164.2 82.088 1.30399 7.88798 67.723
164.3 82.138 1.28764 7.83806 67.7394
164.4 82.1881 1.27139 7.78813 67.7556
164.5 82.2382 1.25524 7.7382 67.7718
164.6 82.2883 1.23919 7.68828 67.7878
164.7 82.3383 1.22325 7.63835 67.8038
164.8 82.3884 1.2074 7.58843 67.8196
164.9 82.4385 1.19166 7.5385 67.8353
165 82.4886 1.17602 7.48858 67.851
165.1 82.5386 1.16048 7.43865 67.8665
165.2 82.5887 1.14504 7.38873 67.882
165.3 82.6388 1.1297 7.3388 67.8973
165.4 82.6889 1.11447 7.28887 67.9125
165.5 82.7389 1.09934 7.23895 67.9277
165.6 82.789 1.08431 7.18902 67.9427
165.7 82.8391 1.06938 7.1391 67.9576
165.8 82.8892 1.05455 7.08917 67.9725
165.9 82.9392 1.03982 7.03925 67.9872
166 82.9893 1.0252 6.98932 68.0018
166.1 83.0394 1.01068 6.9394 68.0163
166.2 83.0895 0.996257 6.88947 68.0307
166.3 83.1395 0.981939 6.83955 68.0451
166.4 83.1896 0.967724 6.78962 68.0593
166.5 83.2397 0.953611 6.7397 68.0734
166.6 83.2898 0.9396 6.68977 68.0874
166.7 83.3398 0.925691 6.63985 68.1013
166.8 83.3899 0.911885 6.58992 68.1151
166.9 83.44 0.89818 6.54 68.1288
167 83.4901 0.884579 6.49007 68.1424
167.1 83.5401 0.87108 6.44015 68.1559
167.2 83.5902 0.857683 6.39022 68.1693
167.3 83.6403 0.844389 6.3403 68.1826
167.4 83.6904 0.831197 6.29037 68.1958
167.5 83.7404 0.818108 6.24045 68.2089
167.6 83.7905 0.805121 6.19052 68.2219
167.7 83.8406 0.792238 6.1406 68.2348
167.8 83.8907 0.779457 6.09067 68.2475
167.9 83.9407 0.766778 6.04075 68.2602
168 83.9908 0.754203 5.99082 68.2728
168.1 84.0409 0.74173 5.9409 68.2853
168.2 84.091 0.72936 5.89097 68.2976
168.3 84.141 0.717094 5.84105 68.3099
168.4 84.1911 0.70493 5.79112 68.3221
168.5 84.2412 0.692869 5.7412 68.3341
168.6 84.2913 0.680911 5.69128 68.3461
168.7 84.3413 0.669056 5.64135 68.3579
168.8 84.3914 0.657304 5.59143 68.3697
168.9 84.4415 0.645656 5.5415 68.3813
169 84.4916 0.63411 5.49158 68.3929
169.1 84.5416 0.622668 5.44165 68.4043
169.2 84.5917 0.611329 5.39173 68.4157
169.3 84.6418 0.600093 5.34181 68.4269
169.4 84.6919 0.588961 5.29188 68.438
169.5 84.7419 0.577932 5.24196 68.4491
169.6 84.792 0.567006 5.19203 68.46
169.7 84.8421 0.556184 5.14211 68.4708
169.8 84.8922 0.545465 5.09218 68.4815
169.9 84.9422 0.534849 5.04226 68.4922
170 84.9923 0.524338 4.99234 68.5027
170.1 85.0424 0.513929 4.94241 68.5131
170.2 85.0925 0.503624 4.89249 68.5234
170.3 85.1426 0.493423 4.84256 68.5336
170.4 85.1926 0.483326 4.79264 68.5437
170.5 85.2427 0.473332 4.74272 68.5537
170.6 85.2928 0.463442 4.69279 68.5636
170.7 85.3429 0.453655 4.64287 68.5733
170.8 85.3929 0.443973 4.59294 68.583
170.9 85.443 0.434394 4.54302 68.5926
171 85.4931 0.424918 4.4931 68.6021
171.1 85.5432 0.415547 4.44317 68.6115
171.2 85.5932 0.40628 4.39325 68.6207
171.3 85.6433 0.397116 4.34332 68.6299
171.4 85.6934 0.388057 4.2934 68.6389
171.5 85.7435 0.379101 4.24348 68.6479
171.6 85.7935 0.370249 4.19355 68.6568
171.7 85.8436 0.361502 4.14363 68.6655
171.8 85.8937 0.352858 4.0937 68.6741
171.9 85.9438 0.344318 4.04378 68.6827
172 85.9938 0.335883 3.99386 68.6911
172.1 86.0439 0.327552 3.94393 68.6994
172.2 86.094 0.319324 3.89401 68.7077
172.3 86.1441 0.311201 3.84409 68.7158
172.4 86.1942 0.303182 3.79416 68.7238
172.5 86.2442 0.295268 3.74424 68.7317
172.6 86.2943 0.287457 3.69432 68.7395
172.7 86.3444 0.279751 3.64439 68.7472
172.8 86.3945 0.272149 3.59447 68.7549
172.9 86.4445 0.264652 3.54454 68.7623
173 86.4946 0.257258 3.49462 68.7697
173.1 86.5447 0.249969 3.4447 68.777
173.2 86.5948 0.242785 3.39477 68.7842
173.3 86.6448 0.235705 3.34485 68.7913
173.4 86.6949 0.228729 3.29493 68.7983
173.5 86.745 0.221858 3.245 68.8051
173.6 86.7951 0.215091 3.19508 68.8119
173.7 86.8451 0.208429 3.14516 68.8186
173.8 86.8952 0.201871 3.09523 68.8251
173.9 86.9453 0.195417 3.04531 68.8316
174 86.9954 0.189069 2.99539 68.8379
174.1 87.0455 0.182824 2.94546 68.8442
174.2 87.0955 0.176685 2.89554 68.8503
174.3 87.1456 0.17065 2.84562 68.8564
174.4 87.1957 0.164719 2.79569 68.8623
174.5 87.2458 0.158893 2.74577 68.8681
174.6 87.2958 0.153172 2.69585 68.8738
174.7 87.3459 0.147556 2.64592 68.8794
174.8 87.396 0.142044 2.596 68.885
174.9 87.4461 0.136637 2.54608 68.8904
175 87.4961 0.131334 2.49615 68.8957
175.1 87.5462 0.126137 2.44623 68.9009
175.2 87.5963 0.121044 2.39631 68.906
175.3 87.6464 0.116056 2.34638 68.9109
175.4 87.6965 0.111172 2.29646 68.9158
175.5 87.7465 0.106394 2.24654 68.9206
175.6 87.7966 0.10172 2.19661 68.9253
175.7 87.8467 0.0971509 2.14669 68.9298
175.8 87.8968 0.0926868 2.09677 68.9343
175.9 87.9468 0.0883275 2.04684 68.9387
176 87.9969 0.0840732 1.99692 68.9429
176.1 88.047 0.0799236 1.947 68.9471
176.2 88.0971 0.075879 1.89707 68.9511
176.3 88.1471 0.0719393 1.84715 68.9551
176.4 88.1972 0.0681045 1.79723 68.9589
176.5 88.2473 0.0643746 1.74731 68.9626
176.6 88.2974 0.0607497 1.69738 68.9663
176.7 88.3475 0.0572297 1.64746 68.9698
176.8 88.3975 0.0538147 1.59754 68.9732
176.9 88.4476 0.0505046 1.54761 68.9765
177 88.4977 0.0472996 1.49769 68.9797
177.1 88.5478 0.0441995 1.44777 68.9828
177.2 88.5978 0.0412044 1.39784 68.9858
177.3 88.6479 0.0383143 1.34792 68.9887
177.4 88.698 0.0355292 1.298 68.9915
177.5 88.7481 0.0328492 1.24807 68.9942
177.6 88.7981 0.0302742 1.19815 68.9967
177.7 88.8482 0.0278042 1.14823 68.9992
177.8 88.8983 0.0254393 1.09831 69.0016
177.9 88.9484 0.0231795 1.04838 69.0038
178 88.9985 0.0210247 0.99846 69.006
178.1 89.0485 0.018975 0.948537 69.008
178.2 89.0986 0.0170303 0.898614 69.01
178.3 89.1487 0.0151908 0.848691 69.0118
178.4 89.1988 0.0134563 0.798768 69.0135
178.5 89.2488 0.0118269 0.748845 69.0152
178.6 89.2989 0.0103026 0.698922 69.0167
178.7 89.349 0.00888345 0.648999 69.0181
178.8 89.3991 0.00756938 0.599076 69.0194
178.9 89.4492 0.00636042 0.549153 69.0206
179 89.4992 0.00525657 0.49923 69.0217
179.1 89.5493 0.00425784 0.449307 69.0227
179.2 89.5994 0.00336424 0.399384 69.0236
179.3 89.6495 0.00257575 0.349461 69.0244
179.4 89.6995 0.0018924 0.299538 69.0251
179.5 89.7496 0.00131417 0.249615 69.0257
179.6 89.7997 0.00084107 0.199692 69.0262
179.7 89.8498 0.000473103 0.149769 69.0265
179.8 89.8998 0.000210268 0.0998459 69.0268
179.9 89.9499 5.25671e-05 0.049923 69.0269
180 177.609 0 3.50295e-15 69.027
