#kinematics calculation of gsex
#vertex z = 550 mm, E_reaction = 34.062 MeV
#theta_cm, theta3_lab, Ek3_lab, theta4_lab, Ek4_lab
0 0 29.454 0 0.168019
0.1 0.0462008 29.454 0.611955 0.168042
0.2 0.0924016 29.4539 1.22373 0.168108
0.3 0.138602 29.4538 1.83516 0.16822
0.4 0.184803 29.4536 2.44606 0.168376
0.5 0.231004 29.4534 3.05627 0.168577
0.6 0.277205 29.4532 3.6656 0.168822
0.7 0.323405 29.4529 4.27388 0.169112
0.8 0.369606 29.4526 4.88095 0.169447
0.9 0.415807 29.4522 5.48664 0.169826
1 0.462007 29.4518 6.09078 0.17025
1.1 0.508208 29.4513 6.69321 0.170718
1.2 0.554408 29.4508 7.29376 0.171231
1.3 0.600608 29.4502 7.89229 0.171788
1.4 0.646809 29.4496 8.48863 0.17239
1.5 0.693009 29.449 9.08264 0.173037
1.6 0.739209 29.4483 9.67416 0.173728
1.7 0.785409 29.4475 10.263 0.174464
1.8 0.831609 29.4468 10.8492 0.175245
1.9 0.877809 29.4459 11.4324 0.17607
2 0.924009 29.4451 12.0125 0.17694
2.1 0.970208 29.4441 12.5896 0.177854
2.2 1.01641 29.4432 13.1633 0.178813
2.3 1.06261 29.4422 13.7336 0.179816
2.4 1.10881 29.4411 14.3003 0.180864
2.5 1.15501 29.44 14.8635 0.181957
2.6 1.2012 29.4389 15.4228 0.183094
2.7 1.2474 29.4377 15.9784 0.184275
2.8 1.2936 29.4365 16.53 0.185501
2.9 1.3398 29.4352 17.0775 0.186772
3 1.386 29.4339 17.621 0.188088
3.1 1.4322 29.4326 18.1602 0.189447
3.2 1.4784 29.4311 18.6952 0.190852
3.3 1.52459 29.4297 19.2258 0.192301
3.4 1.57079 29.4282 19.7519 0.193794
3.5 1.61699 29.4267 20.2736 0.195332
3.6 1.66319 29.4251 20.7907 0.196915
3.7 1.70938 29.4235 21.3033 0.198542
3.8 1.75558 29.4218 21.8111 0.200213
3.9 1.80178 29.4201 22.3143 0.201929
4 1.84797 29.4183 22.8128 0.20369
4.1 1.89417 29.4165 23.3064 0.205495
4.2 1.94036 29.4147 23.7952 0.207344
4.3 1.98656 29.4128 24.2792 0.209239
4.4 2.03276 29.4108 24.7584 0.211177
4.5 2.07895 29.4088 25.2326 0.21316
4.6 2.12515 29.4068 25.702 0.215187
4.7 2.17134 29.4047 26.1664 0.217259
4.8 2.21754 29.4026 26.6258 0.219376
4.9 2.26373 29.4005 27.0804 0.221537
5 2.30992 29.3983 27.53 0.223742
5.1 2.35612 29.396 27.9746 0.225992
5.2 2.40231 29.3937 28.4143 0.228286
5.3 2.4485 29.3914 28.849 0.230624
5.4 2.4947 29.389 29.2788 0.233007
5.5 2.54089 29.3866 29.7037 0.235435
5.6 2.58708 29.3841 30.1237 0.237906
5.7 2.63327 29.3816 30.5387 0.240423
5.8 2.67946 29.379 30.9489 0.242983
5.9 2.72566 29.3764 31.3542 0.245588
6 2.77185 29.3738 31.7547 0.248237
6.1 2.81804 29.3711 32.1503 0.250931
6.2 2.86423 29.3683 32.5412 0.253669
6.3 2.91042 29.3655 32.9273 0.256452
6.4 2.95661 29.3627 33.3086 0.259278
6.5 3.0028 29.3599 33.6852 0.262149
6.6 3.04898 29.3569 34.0572 0.265065
6.7 3.09517 29.354 34.4244 0.268024
6.8 3.14136 29.351 34.7871 0.271028
6.9 3.18755 29.3479 35.1452 0.274077
7 3.23374 29.3448 35.4987 0.277169
7.1 3.27992 29.3417 35.8478 0.280306
7.2 3.32611 29.3385 36.1923 0.283487
7.3 3.37229 29.3353 36.5325 0.286712
7.4 3.41848 29.332 36.8682 0.289982
7.5 3.46467 29.3287 37.1996 0.293296
7.6 3.51085 29.3253 37.5266 0.296654
7.7 3.55703 29.3219 37.8494 0.300056
7.8 3.60322 29.3185 38.168 0.303503
7.9 3.6494 29.315 38.4824 0.306993
8 3.69558 29.3115 38.7926 0.310528
8.1 3.74177 29.3079 39.0987 0.314107
8.2 3.78795 29.3043 39.4008 0.31773
8.3 3.83413 29.3006 39.6988 0.321398
8.4 3.88031 29.2969 39.9929 0.325109
8.5 3.92649 29.2931 40.283 0.328865
8.6 3.97267 29.2893 40.5693 0.332664
8.7 4.01885 29.2855 40.8517 0.336508
8.8 4.06503 29.2816 41.1304 0.340396
8.9 4.11121 29.2777 41.4052 0.344328
9 4.15739 29.2737 41.6764 0.348304
9.1 4.20357 29.2697 41.9439 0.352324
9.2 4.24974 29.2656 42.2077 0.356388
9.3 4.29592 29.2615 42.468 0.360497
9.4 4.3421 29.2574 42.7248 0.364649
9.5 4.38827 29.2532 42.9781 0.368845
9.6 4.43445 29.2489 43.2279 0.373085
9.7 4.48062 29.2446 43.4743 0.377369
9.8 4.5268 29.2403 43.7173 0.381698
9.9 4.57297 29.2359 43.9571 0.38607
10 4.61914 29.2315 44.1935 0.390486
10.1 4.66532 29.2271 44.4267 0.394946
10.2 4.71149 29.2226 44.6567 0.39945
10.3 4.75766 29.218 44.8836 0.403997
10.4 4.80383 29.2134 45.1073 0.408589
10.5 4.85 29.2088 45.328 0.413225
10.6 4.89617 29.2041 45.5457 0.417904
10.7 4.94234 29.1994 45.7603 0.422627
10.8 4.98851 29.1946 45.972 0.427395
10.9 5.03467 29.1898 46.1808 0.432205
11 5.08084 29.1849 46.3866 0.43706
11.1 5.12701 29.18 46.5897 0.441959
11.2 5.17317 29.1751 46.79 0.446901
11.3 5.21934 29.1701 46.9874 0.451887
11.4 5.2655 29.1651 47.1822 0.456917
11.5 5.31167 29.16 47.3743 0.46199
11.6 5.35783 29.1549 47.5637 0.467107
11.7 5.40399 29.1497 47.7505 0.472268
11.8 5.45015 29.1445 47.9347 0.477473
11.9 5.49631 29.1393 48.1163 0.482721
12 5.54247 29.134 48.2955 0.488013
12.1 5.58863 29.1287 48.4721 0.493349
12.2 5.63479 29.1233 48.6463 0.498728
12.3 5.68095 29.1178 48.8181 0.504151
12.4 5.72711 29.1124 48.9876 0.509617
12.5 5.77327 29.1069 49.1546 0.515127
12.6 5.81942 29.1013 49.3194 0.52068
12.7 5.86558 29.0957 49.4818 0.526277
12.8 5.91173 29.0901 49.642 0.531918
12.9 5.95789 29.0844 49.8 0.537602
13 6.00404 29.0787 49.9558 0.543329
13.1 6.05019 29.0729 50.1094 0.5491
13.2 6.09635 29.0671 50.2609 0.554915
13.3 6.1425 29.0612 50.4102 0.560772
13.4 6.18865 29.0553 50.5575 0.566674
13.5 6.2348 29.0494 50.7028 0.572618
13.6 6.28095 29.0434 50.846 0.578606
13.7 6.32709 29.0374 50.9872 0.584637
13.8 6.37324 29.0313 51.1264 0.590712
13.9 6.41939 29.0252 51.2637 0.59683
14 6.46553 29.019 51.3991 0.602991
14.1 6.51168 29.0128 51.5326 0.609196
14.2 6.55782 29.0066 51.6642 0.615444
14.3 6.60397 29.0003 51.794 0.621735
14.4 6.65011 28.9939 51.922 0.628069
14.5 6.69625 28.9876 52.0482 0.634447
14.6 6.74239 28.9811 52.1726 0.640867
14.7 6.78853 28.9747 52.2952 0.647331
14.8 6.83467 28.9682 52.4162 0.653838
14.9 6.88081 28.9616 52.5354 0.660388
15 6.92695 28.955 52.653 0.666982
15.1 6.97308 28.9484 52.7689 0.673618
15.2 7.01922 28.9417 52.8832 0.680297
15.3 7.06535 28.935 52.9959 0.68702
15.4 7.11149 28.9282 53.1069 0.693785
15.5 7.15762 28.9214 53.2165 0.700594
15.6 7.20375 28.9146 53.3244 0.707445
15.7 7.24988 28.9077 53.4309 0.71434
15.8 7.29601 28.9007 53.5358 0.721277
15.9 7.34214 28.8937 53.6392 0.728257
16 7.38827 28.8867 53.7412 0.735281
16.1 7.4344 28.8797 53.8417 0.742347
16.2 7.48053 28.8725 53.9408 0.749456
16.3 7.52665 28.8654 54.0385 0.756607
16.4 7.57278 28.8582 54.1348 0.763802
16.5 7.6189 28.851 54.2297 0.771039
16.6 7.66502 28.8437 54.3233 0.778319
16.7 7.71115 28.8364 54.4155 0.785642
16.8 7.75727 28.829 54.5064 0.793008
16.9 7.80339 28.8216 54.5959 0.800416
17 7.84951 28.8141 54.6842 0.807867
17.1 7.89562 28.8066 54.7713 0.815361
17.2 7.94174 28.7991 54.857 0.822897
17.3 7.98786 28.7915 54.9415 0.830476
17.4 8.03397 28.7839 55.0248 0.838097
17.5 8.08009 28.7762 55.1069 0.845761
17.6 8.1262 28.7685 55.1878 0.853468
17.7 8.17231 28.7608 55.2675 0.861217
17.8 8.21842 28.753 55.3461 0.869009
17.9 8.26453 28.7452 55.4235 0.876843
18 8.31064 28.7373 55.4997 0.884719
18.1 8.35675 28.7294 55.5749 0.892638
18.2 8.40286 28.7214 55.6489 0.9006
18.3 8.44896 28.7134 55.7218 0.908603
18.4 8.49507 28.7054 55.7937 0.916649
18.5 8.54117 28.6973 55.8644 0.924738
18.6 8.58727 28.6891 55.9342 0.932868
18.7 8.63337 28.681 56.0029 0.941041
18.8 8.67948 28.6727 56.0705 0.949257
18.9 8.72557 28.6645 56.1372 0.957514
19 8.77167 28.6562 56.2028 0.965814
19.1 8.81777 28.6478 56.2674 0.974156
19.2 8.86387 28.6395 56.3311 0.98254
19.3 8.90996 28.631 56.3938 0.990966
19.4 8.95606 28.6226 56.4555 0.999434
19.5 9.00215 28.6141 56.5163 1.00794
19.6 9.04824 28.6055 56.5762 1.0165
19.7 9.09433 28.5969 56.6351 1.02509
19.8 9.14042 28.5883 56.6931 1.03373
19.9 9.18651 28.5796 56.7503 1.04241
20 9.23259 28.5709 56.8065 1.05113
20.1 9.27868 28.5621 56.8619 1.05989
20.2 9.32476 28.5533 56.9163 1.06869
20.3 9.37085 28.5445 56.97 1.07754
20.4 9.41693 28.5356 57.0227 1.08643
20.5 9.46301 28.5266 57.0747 1.09536
20.6 9.50909 28.5177 57.1258 1.10433
20.7 9.55517 28.5087 57.1761 1.11334
20.8 9.60125 28.4996 57.2255 1.12239
20.9 9.64732 28.4905 57.2742 1.13149
21 9.6934 28.4814 57.3221 1.14063
21.1 9.73947 28.4722 57.3692 1.14981
21.2 9.78554 28.463 57.4155 1.15903
21.3 9.83162 28.4537 57.4611 1.16829
21.4 9.87769 28.4444 57.5059 1.1776
21.5 9.92375 28.4351 57.5499 1.18694
21.6 9.96982 28.4257 57.5932 1.19633
21.7 10.0159 28.4162 57.6358 1.20576
21.8 10.062 28.4068 57.6777 1.21523
21.9 10.108 28.3973 57.7188 1.22474
22 10.1541 28.3877 57.7593 1.2343
22.1 10.2001 28.3781 57.799 1.24389
22.2 10.2462 28.3685 57.838 1.25353
22.3 10.2923 28.3588 57.8764 1.2632
22.4 10.3383 28.3491 57.9141 1.27292
22.5 10.3844 28.3393 57.9511 1.28268
22.6 10.4304 28.3295 57.9875 1.29248
22.7 10.4765 28.3197 58.0232 1.30233
22.8 10.5225 28.3098 58.0582 1.31221
22.9 10.5686 28.2999 58.0927 1.32213
23 10.6146 28.2899 58.1264 1.3321
23.1 10.6607 28.2799 58.1596 1.34211
23.2 10.7067 28.2698 58.1921 1.35215
23.3 10.7528 28.2598 58.2241 1.36224
23.4 10.7988 28.2496 58.2554 1.37237
23.5 10.8449 28.2395 58.2861 1.38254
23.6 10.8909 28.2292 58.3162 1.39276
23.7 10.9369 28.219 58.3458 1.40301
23.8 10.983 28.2087 58.3747 1.4133
23.9 11.029 28.1984 58.4031 1.42363
24 11.075 28.188 58.4309 1.43401
24.1 11.1211 28.1776 58.4582 1.44443
24.2 11.1671 28.1671 58.4849 1.45488
24.3 11.2131 28.1566 58.5111 1.46538
24.4 11.2592 28.1461 58.5367 1.47592
24.5 11.3052 28.1355 58.5617 1.48649
24.6 11.3512 28.1249 58.5863 1.49711
24.7 11.3973 28.1142 58.6103 1.50777
24.8 11.4433 28.1035 58.6337 1.51847
24.9 11.4893 28.0928 58.6567 1.52921
25 11.5353 28.082 58.6792 1.53999
25.1 11.5813 28.0712 58.7011 1.55082
25.2 11.6274 28.0603 58.7225 1.56168
25.3 11.6734 28.0494 58.7435 1.57258
25.4 11.7194 28.0385 58.764 1.58352
25.5 11.7654 28.0275 58.7839 1.5945
25.6 11.8114 28.0165 58.8034 1.60553
25.7 11.8574 28.0054 58.8224 1.61659
25.8 11.9034 27.9943 58.841 1.62769
25.9 11.9494 27.9832 58.859 1.63884
26 11.9954 27.972 58.8767 1.65002
26.1 12.0414 27.9608 58.8938 1.66124
26.2 12.0874 27.9495 58.9105 1.67251
26.3 12.1334 27.9382 58.9268 1.68381
26.4 12.1794 27.9268 58.9426 1.69516
26.5 12.2254 27.9155 58.9579 1.70654
26.6 12.2714 27.904 58.9729 1.71796
26.7 12.3174 27.8926 58.9874 1.72943
26.8 12.3634 27.8811 59.0015 1.74093
26.9 12.4094 27.8695 59.0151 1.75247
27 12.4554 27.8579 59.0283 1.76406
27.1 12.5014 27.8463 59.0412 1.77568
27.2 12.5474 27.8347 59.0536 1.78734
27.3 12.5934 27.823 59.0656 1.79904
27.4 12.6393 27.8112 59.0772 1.81079
27.5 12.6853 27.7994 59.0884 1.82257
27.6 12.7313 27.7876 59.0992 1.83439
27.7 12.7773 27.7758 59.1096 1.84625
27.8 12.8233 27.7639 59.1196 1.85815
27.9 12.8692 27.7519 59.1293 1.87009
28 12.9152 27.7399 59.1385 1.88207
28.1 12.9612 27.7279 59.1474 1.89409
28.2 13.0071 27.7159 59.1559 1.90614
28.3 13.0531 27.7038 59.164 1.91824
28.4 13.0991 27.6916 59.1718 1.93038
28.5 13.145 27.6794 59.1792 1.94255
28.6 13.191 27.6672 59.1863 1.95477
28.7 13.237 27.655 59.193 1.96702
28.8 13.2829 27.6427 59.1993 1.97931
28.9 13.3289 27.6304 59.2053 1.99164
29 13.3748 27.618 59.211 2.00402
29.1 13.4208 27.6056 59.2163 2.01643
29.2 13.4667 27.5931 59.2212 2.02887
29.3 13.5127 27.5806 59.2259 2.04136
29.4 13.5586 27.5681 59.2302 2.05389
29.5 13.6046 27.5555 59.2341 2.06646
29.6 13.6505 27.5429 59.2378 2.07906
29.7 13.6965 27.5303 59.2411 2.0917
29.8 13.7424 27.5176 59.2441 2.10439
29.9 13.7884 27.5049 59.2467 2.11711
30 13.8343 27.4921 59.2491 2.12987
30.1 13.8802 27.4793 59.2511 2.14266
30.2 13.9262 27.4665 59.2529 2.1555
30.3 13.9721 27.4536 59.2543 2.16838
30.4 14.018 27.4407 59.2554 2.18129
30.5 14.064 27.4278 59.2562 2.19424
30.6 14.1099 27.4148 59.2567 2.20723
30.7 14.1558 27.4017 59.2569 2.22026
30.8 14.2017 27.3887 59.2569 2.23333
30.9 14.2476 27.3756 59.2565 2.24643
31 14.2936 27.3624 59.2558 2.25958
31.1 14.3395 27.3492 59.2549 2.27276
31.2 14.3854 27.336 59.2537 2.28598
31.3 14.4313 27.3228 59.2522 2.29924
31.4 14.4772 27.3095 59.2504 2.31254
31.5 14.5231 27.2961 59.2483 2.32587
31.6 14.569 27.2828 59.246 2.33924
31.7 14.6149 27.2693 59.2433 2.35266
31.8 14.6608 27.2559 59.2405 2.3661
31.9 14.7067 27.2424 59.2373 2.37959
32 14.7526 27.2289 59.2339 2.39312
32.1 14.7985 27.2153 59.2302 2.40668
32.2 14.8444 27.2017 59.2263 2.42028
32.3 14.8903 27.1881 59.2221 2.43392
32.4 14.9362 27.1744 59.2176 2.44759
32.5 14.9821 27.1607 59.2129 2.4613
32.6 15.028 27.1469 59.2079 2.47506
32.7 15.0739 27.1332 59.2027 2.48884
32.8 15.1198 27.1193 59.1973 2.50267
32.9 15.1656 27.1055 59.1916 2.51653
33 15.2115 27.0916 59.1856 2.53043
33.1 15.2574 27.0776 59.1794 2.54437
33.2 15.3033 27.0637 59.173 2.55835
33.3 15.3491 27.0496 59.1663 2.57236
33.4 15.395 27.0356 59.1594 2.58641
33.5 15.4409 27.0215 59.1523 2.6005
33.6 15.4868 27.0074 59.1449 2.61462
33.7 15.5326 26.9932 59.1373 2.62879
33.8 15.5785 26.979 59.1295 2.64298
33.9 15.6243 26.9648 59.1214 2.65722
34 15.6702 26.9505 59.1132 2.67149
34.1 15.7161 26.9362 59.1047 2.6858
34.2 15.7619 26.9218 59.0959 2.70015
34.3 15.8078 26.9075 59.087 2.71454
34.4 15.8536 26.893 59.0778 2.72896
34.5 15.8995 26.8786 59.0685 2.74341
34.6 15.9453 26.8641 59.0589 2.75791
34.7 15.9911 26.8496 59.0491 2.77244
34.8 16.037 26.835 59.0391 2.78701
34.9 16.0828 26.8204 59.0288 2.80161
35 16.1287 26.8057 59.0184 2.81625
35.1 16.1745 26.7911 59.0078 2.83093
35.2 16.2203 26.7764 58.9969 2.84564
35.3 16.2661 26.7616 58.9859 2.86039
35.4 16.312 26.7468 58.9747 2.87518
35.5 16.3578 26.732 58.9632 2.89
35.6 16.4036 26.7171 58.9516 2.90486
35.7 16.4494 26.7022 58.9398 2.91976
35.8 16.4953 26.6873 58.9277 2.93469
35.9 16.5411 26.6723 58.9155 2.94966
36 16.5869 26.6573 58.9031 2.96466
36.1 16.6327 26.6423 58.8905 2.9797
36.2 16.6785 26.6272 58.8777 2.99478
36.3 16.7243 26.6121 58.8647 3.00989
36.4 16.7701 26.597 58.8516 3.02504
36.5 16.8159 26.5818 58.8382 3.04023
36.6 16.8617 26.5666 58.8247 3.05545
36.7 16.9075 26.5513 58.811 3.0707
36.8 16.9533 26.536 58.7971 3.08599
36.9 16.9991 26.5207 58.783 3.10132
37 17.0449 26.5053 58.7688 3.11668
37.1 17.0907 26.4899 58.7543 3.13208
37.2 17.1365 26.4745 58.7397 3.14752
37.3 17.1822 26.459 58.725 3.16299
37.4 17.228 26.4435 58.71 3.17849
37.5 17.2738 26.428 58.6949 3.19403
37.6 17.3196 26.4124 58.6796 3.20961
37.7 17.3653 26.3968 58.6642 3.22522
37.8 17.4111 26.3811 58.6485 3.24087
37.9 17.4569 26.3655 58.6327 3.25655
38 17.5027 26.3497 58.6168 3.27227
38.1 17.5484 26.334 58.6007 3.28802
38.2 17.5942 26.3182 58.5844 3.30381
38.3 17.6399 26.3024 58.568 3.31963
38.4 17.6857 26.2865 58.5514 3.33549
38.5 17.7314 26.2706 58.5346 3.35138
38.6 17.7772 26.2547 58.5177 3.36731
38.7 17.8229 26.2387 58.5006 3.38327
38.8 17.8687 26.2227 58.4834 3.39927
38.9 17.9144 26.2067 58.466 3.4153
39 17.9602 26.1906 58.4485 3.43136
39.1 18.0059 26.1745 58.4308 3.44747
39.2 18.0516 26.1584 58.413 3.4636
39.3 18.0974 26.1422 58.395 3.47977
39.4 18.1431 26.126 58.3768 3.49598
39.5 18.1888 26.1098 58.3586 3.51222
39.6 18.2346 26.0935 58.3401 3.52849
39.7 18.2803 26.0772 58.3216 3.5448
39.8 18.326 26.0609 58.3028 3.56114
39.9 18.3717 26.0445 58.284 3.57752
40 18.4174 26.0281 58.265 3.59393
40.1 18.4631 26.0116 58.2458 3.61037
40.2 18.5088 25.9951 58.2265 3.62685
40.3 18.5545 25.9786 58.2071 3.64337
40.4 18.6003 25.9621 58.1876 3.65991
40.5 18.646 25.9455 58.1679 3.6765
40.6 18.6917 25.9289 58.148 3.69311
40.7 18.7373 25.9122 58.128 3.70976
40.8 18.783 25.8956 58.1079 3.72644
40.9 18.8287 25.8788 58.0877 3.74316
41 18.8744 25.8621 58.0673 3.75991
41.1 18.9201 25.8453 58.0468 3.77669
41.2 18.9658 25.8285 58.0262 3.79351
41.3 19.0115 25.8116 58.0054 3.81036
41.4 19.0571 25.7948 57.9845 3.82725
41.5 19.1028 25.7778 57.9635 3.84417
41.6 19.1485 25.7609 57.9423 3.86112
41.7 19.1941 25.7439 57.921 3.8781
41.8 19.2398 25.7269 57.8996 3.89512
41.9 19.2855 25.7098 57.8781 3.91217
42 19.3311 25.6927 57.8565 3.92926
42.1 19.3768 25.6756 57.8347 3.94638
42.2 19.4224 25.6585 57.8128 3.96353
42.3 19.4681 25.6413 57.7908 3.98071
42.4 19.5137 25.6241 57.7686 3.99793
42.5 19.5594 25.6068 57.7464 4.01518
42.6 19.605 25.5895 57.724 4.03246
42.7 19.6507 25.5722 57.7015 4.04978
42.8 19.6963 25.5549 57.6789 4.06713
42.9 19.7419 25.5375 57.6561 4.08451
43 19.7876 25.5201 57.6333 4.10192
43.1 19.8332 25.5026 57.6103 4.11937
43.2 19.8788 25.4852 57.5872 4.13685
43.3 19.9244 25.4676 57.564 4.15436
43.4 19.9701 25.4501 57.5407 4.1719
43.5 20.0157 25.4325 57.5173 4.18948
43.6 20.0613 25.4149 57.4938 4.20709
43.7 20.1069 25.3973 57.4701 4.22473
43.8 20.1525 25.3796 57.4464 4.2424
43.9 20.1981 25.3619 57.4225 4.26011
44 20.2437 25.3442 57.3986 4.27784
44.1 20.2893 25.3264 57.3745 4.29561
44.2 20.3349 25.3086 57.3503 4.31342
44.3 20.3805 25.2907 57.326 4.33125
44.4 20.4261 25.2729 57.3016 4.34912
44.5 20.4717 25.255 57.2771 4.36701
44.6 20.5173 25.2371 57.2525 4.38494
44.7 20.5628 25.2191 57.2278 4.4029
44.8 20.6084 25.2011 57.203 4.4209
44.9 20.654 25.1831 57.1781 4.43892
45 20.6995 25.165 57.1531 4.45698
45.1 20.7451 25.1469 57.128 4.47507
45.2 20.7907 25.1288 57.1027 4.49319
45.3 20.8362 25.1107 57.0774 4.51134
45.4 20.8818 25.0925 57.052 4.52952
45.5 20.9274 25.0743 57.0265 4.54773
45.6 20.9729 25.056 57.0009 4.56598
45.7 21.0185 25.0377 56.9752 4.58425
45.8 21.064 25.0194 56.9494 4.60256
45.9 21.1095 25.0011 56.9235 4.6209
46 21.1551 24.9827 56.8975 4.63927
46.1 21.2006 24.9643 56.8714 4.65767
46.2 21.2461 24.9459 56.8452 4.6761
46.3 21.2917 24.9274 56.8189 4.69456
46.4 21.3372 24.9089 56.7925 4.71305
46.5 21.3827 24.8904 56.7661 4.73157
46.6 21.4282 24.8719 56.7395 4.75013
46.7 21.4738 24.8533 56.7128 4.76871
46.8 21.5193 24.8347 56.6861 4.78733
46.9 21.5648 24.816 56.6593 4.80597
47 21.6103 24.7973 56.6323 4.82465
47.1 21.6558 24.7786 56.6053 4.84336
47.2 21.7013 24.7599 56.5782 4.8621
47.3 21.7468 24.7411 56.551 4.88086
47.4 21.7923 24.7223 56.5238 4.89966
47.5 21.8378 24.7035 56.4964 4.91849
47.6 21.8832 24.6847 56.4689 4.93735
47.7 21.9287 24.6658 56.4414 4.95623
47.8 21.9742 24.6468 56.4138 4.97515
47.9 22.0197 24.6279 56.3861 4.9941
48 22.0652 24.6089 56.3583 5.01308
48.1 22.1106 24.5899 56.3304 5.03209
48.2 22.1561 24.5709 56.3025 5.05112
48.3 22.2015 24.5518 56.2744 5.07019
48.4 22.247 24.5327 56.2463 5.08929
48.5 22.2925 24.5136 56.2181 5.10842
48.6 22.3379 24.4944 56.1898 5.12757
48.7 22.3834 24.4752 56.1614 5.14676
48.8 22.4288 24.456 56.133 5.16597
48.9 22.4742 24.4368 56.1044 5.18522
49 22.5197 24.4175 56.0758 5.20449
49.1 22.5651 24.3982 56.0471 5.2238
49.2 22.6105 24.3789 56.0184 5.24313
49.3 22.656 24.3595 55.9895 5.26249
49.4 22.7014 24.3401 55.9606 5.28188
49.5 22.7468 24.3207 55.9316 5.3013
49.6 22.7922 24.3013 55.9025 5.32075
49.7 22.8376 24.2818 55.8734 5.34023
49.8 22.883 24.2623 55.8441 5.35973
49.9 22.9284 24.2427 55.8148 5.37927
50 22.9739 24.2232 55.7855 5.39883
50.1 23.0192 24.2036 55.756 5.41842
50.2 23.0646 24.184 55.7265 5.43804
50.3 23.11 24.1643 55.6969 5.45769
50.4 23.1554 24.1446 55.6672 5.47737
50.5 23.2008 24.1249 55.6374 5.49708
50.6 23.2462 24.1052 55.6076 5.51681
50.7 23.2916 24.0854 55.5777 5.53658
50.8 23.3369 24.0656 55.5478 5.55637
50.9 23.3823 24.0458 55.5177 5.57619
51 23.4277 24.026 55.4876 5.59604
51.1 23.473 24.0061 55.4574 5.61591
51.2 23.5184 23.9862 55.4272 5.63582
51.3 23.5637 23.9663 55.3969 5.65575
51.4 23.6091 23.9463 55.3665 5.67571
51.5 23.6544 23.9263 55.336 5.6957
51.6 23.6998 23.9063 55.3055 5.71571
51.7 23.7451 23.8862 55.2749 5.73576
51.8 23.7904 23.8662 55.2442 5.75583
51.9 23.8358 23.8461 55.2135 5.77592
52 23.8811 23.8259 55.1827 5.79605
52.1 23.9264 23.8058 55.1519 5.8162
52.2 23.9717 23.7856 55.1209 5.83638
52.3 24.017 23.7654 55.0899 5.85659
52.4 24.0624 23.7452 55.0589 5.87683
52.5 24.1077 23.7249 55.0278 5.89709
52.6 24.153 23.7046 54.9966 5.91738
52.7 24.1983 23.6843 54.9653 5.9377
52.8 24.2436 23.664 54.934 5.95804
52.9 24.2888 23.6436 54.9026 5.97841
53 24.3341 23.6232 54.8712 5.99881
53.1 24.3794 23.6028 54.8396 6.01923
53.2 24.4247 23.5823 54.8081 6.03969
53.3 24.47 23.5618 54.7764 6.06016
53.4 24.5152 23.5413 54.7447 6.08067
53.5 24.5605 23.5208 54.713 6.1012
53.6 24.6058 23.5002 54.6812 6.12176
53.7 24.651 23.4797 54.6493 6.14234
53.8 24.6963 23.459 54.6174 6.16295
53.9 24.7415 23.4384 54.5853 6.18359
54 24.7868 23.4177 54.5533 6.20425
54.1 24.832 23.3971 54.5212 6.22494
54.2 24.8772 23.3763 54.489 6.24566
54.3 24.9225 23.3556 54.4567 6.2664
54.4 24.9677 23.3348 54.4245 6.28717
54.5 25.0129 23.314 54.3921 6.30796
54.6 25.0582 23.2932 54.3597 6.32878
54.7 25.1034 23.2724 54.3272 6.34963
54.8 25.1486 23.2515 54.2947 6.3705
54.9 25.1938 23.2306 54.2621 6.3914
55 25.239 23.2097 54.2294 6.41232
55.1 25.2842 23.1887 54.1967 6.43327
55.2 25.3294 23.1678 54.164 6.45424
55.3 25.3746 23.1468 54.1312 6.47524
55.4 25.4198 23.1257 54.0983 6.49627
55.5 25.4649 23.1047 54.0654 6.51732
55.6 25.5101 23.0836 54.0324 6.53839
55.7 25.5553 23.0625 53.9994 6.55949
55.8 25.6005 23.0414 53.9663 6.58062
55.9 25.6456 23.0202 53.9331 6.60177
56 25.6908 22.9991 53.8999 6.62294
56.1 25.7359 22.9779 53.8667 6.64414
56.2 25.7811 22.9566 53.8334 6.66537
56.3 25.8262 22.9354 53.8 6.68662
56.4 25.8714 22.9141 53.7666 6.7079
56.5 25.9165 22.8928 53.7332 6.72919
56.6 25.9617 22.8715 53.6996 6.75052
56.7 26.0068 22.8501 53.6661 6.77187
56.8 26.0519 22.8288 53.6325 6.79324
56.9 26.097 22.8074 53.5988 6.81464
57 26.1421 22.7859 53.5651 6.83606
57.1 26.1873 22.7645 53.5313 6.85751
57.2 26.2324 22.743 53.4975 6.87898
57.3 26.2775 22.7215 53.4636 6.90047
57.4 26.3226 22.7 53.4297 6.92199
57.5 26.3677 22.6785 53.3957 6.94354
57.6 26.4127 22.6569 53.3617 6.9651
57.7 26.4578 22.6353 53.3276 6.98669
57.8 26.5029 22.6137 53.2935 7.00831
57.9 26.548 22.5921 53.2593 7.02995
58 26.5931 22.5704 53.2251 7.05161
58.1 26.6381 22.5487 53.1908 7.0733
58.2 26.6832 22.527 53.1565 7.09501
58.3 26.7282 22.5053 53.1222 7.11674
58.4 26.7733 22.4835 53.0877 7.13849
58.5 26.8183 22.4617 53.0533 7.16027
58.6 26.8634 22.4399 53.0188 7.18208
58.7 26.9084 22.4181 52.9842 7.2039
58.8 26.9534 22.3962 52.9496 7.22575
58.9 26.9985 22.3744 52.915 7.24763
59 27.0435 22.3525 52.8803 7.26952
59.1 27.0885 22.3306 52.8455 7.29144
59.2 27.1335 22.3086 52.8108 7.31338
59.3 27.1785 22.2867 52.7759 7.33535
59.4 27.2235 22.2647 52.7411 7.35733
59.5 27.2685 22.2427 52.7061 7.37934
59.6 27.3135 22.2206 52.6712 7.40138
59.7 27.3585 22.1986 52.6362 7.42343
59.8 27.4035 22.1765 52.6011 7.44551
59.9 27.4485 22.1544 52.566 7.46761
60 27.4935 22.1323 52.5309 7.48973
60.1 27.5384 22.1101 52.4957 7.51187
60.2 27.5834 22.088 52.4604 7.53404
60.3 27.6283 22.0658 52.4252 7.55623
60.4 27.6733 22.0436 52.3899 7.57844
60.5 27.7182 22.0213 52.3545 7.60068
60.6 27.7632 21.9991 52.3191 7.62293
60.7 27.8081 21.9768 52.2836 7.64521
60.8 27.8531 21.9545 52.2482 7.66751
60.9 27.898 21.9322 52.2126 7.68983
61 27.9429 21.9098 52.1771 7.71217
61.1 27.9878 21.8875 52.1414 7.73453
61.2 28.0327 21.8651 52.1058 7.75692
61.3 28.0777 21.8427 52.0701 7.77933
61.4 28.1226 21.8202 52.0344 7.80175
61.5 28.1675 21.7978 51.9986 7.8242
61.6 28.2123 21.7753 51.9628 7.84668
61.7 28.2572 21.7528 51.9269 7.86917
61.8 28.3021 21.7303 51.891 7.89168
61.9 28.347 21.7078 51.8551 7.91422
62 28.3919 21.6852 51.8191 7.93677
62.1 28.4367 21.6627 51.783 7.95935
62.2 28.4816 21.6401 51.747 7.98194
62.3 28.5264 21.6174 51.7109 8.00456
62.4 28.5713 21.5948 51.6748 8.0272
62.5 28.6161 21.5721 51.6386 8.04986
62.6 28.661 21.5495 51.6024 8.07254
62.7 28.7058 21.5268 51.5661 8.09524
62.8 28.7506 21.504 51.5298 8.11796
62.9 28.7955 21.4813 51.4935 8.1407
63 28.8403 21.4585 51.4571 8.16347
63.1 28.8851 21.4358 51.4207 8.18625
63.2 28.9299 21.4129 51.3843 8.20905
63.3 28.9747 21.3901 51.3478 8.23187
63.4 29.0195 21.3673 51.3112 8.25472
63.5 29.0643 21.3444 51.2747 8.27758
63.6 29.1091 21.3215 51.2381 8.30046
63.7 29.1539 21.2986 51.2015 8.32336
63.8 29.1986 21.2757 51.1648 8.34628
63.9 29.2434 21.2528 51.1281 8.36923
64 29.2882 21.2298 51.0913 8.39219
64.1 29.3329 21.2068 51.0546 8.41517
64.2 29.3777 21.1838 51.0178 8.43817
64.3 29.4224 21.1608 50.9809 8.46119
64.4 29.4672 21.1378 50.944 8.48423
64.5 29.5119 21.1147 50.9071 8.50729
64.6 29.5566 21.0916 50.8701 8.53036
64.7 29.6013 21.0685 50.8331 8.55346
64.8 29.6461 21.0454 50.7961 8.57658
64.9 29.6908 21.0223 50.7591 8.59971
65 29.7355 20.9991 50.722 8.62286
65.1 29.7802 20.976 50.6848 8.64604
65.2 29.8249 20.9528 50.6477 8.66923
65.3 29.8696 20.9296 50.6105 8.69244
65.4 29.9142 20.9063 50.5732 8.71567
65.5 29.9589 20.8831 50.536 8.73891
65.6 30.0036 20.8598 50.4987 8.76218
65.7 30.0483 20.8365 50.4613 8.78546
65.8 30.0929 20.8132 50.4239 8.80877
65.9 30.1376 20.7899 50.3865 8.83209
66 30.1822 20.7666 50.3491 8.85542
66.1 30.2269 20.7432 50.3116 8.87878
66.2 30.2715 20.7198 50.2741 8.90216
66.3 30.3161 20.6964 50.2366 8.92555
66.4 30.3607 20.673 50.199 8.94896
66.5 30.4054 20.6496 50.1614 8.97239
66.6 30.45 20.6262 50.1238 8.99584
66.7 30.4946 20.6027 50.0861 9.0193
66.8 30.5392 20.5792 50.0484 9.04278
66.9 30.5838 20.5557 50.0107 9.06628
67 30.6284 20.5322 49.973 9.0898
67.1 30.6729 20.5087 49.9352 9.11333
67.2 30.7175 20.4851 49.8973 9.13689
67.3 30.7621 20.4615 49.8595 9.16046
67.4 30.8067 20.438 49.8216 9.18404
67.5 30.8512 20.4144 49.7837 9.20765
67.6 30.8958 20.3907 49.7457 9.23127
67.7 30.9403 20.3671 49.7078 9.2549
67.8 30.9848 20.3434 49.6698 9.27856
67.9 31.0294 20.3198 49.6317 9.30223
68 31.0739 20.2961 49.5936 9.32592
68.1 31.1184 20.2724 49.5555 9.34962
68.2 31.1629 20.2487 49.5174 9.37335
68.3 31.2074 20.2249 49.4793 9.39708
68.4 31.2519 20.2012 49.4411 9.42084
68.5 31.2964 20.1774 49.4028 9.44461
68.6 31.3409 20.1536 49.3646 9.4684
68.7 31.3854 20.1298 49.3263 9.4922
68.8 31.4299 20.106 49.288 9.51602
68.9 31.4743 20.0821 49.2497 9.53986
69 31.5188 20.0583 49.2113 9.56371
69.1 31.5632 20.0344 49.1729 9.58758
69.2 31.6077 20.0105 49.1345 9.61146
69.3 31.6521 19.9866 49.096 9.63536
69.4 31.6966 19.9627 49.0575 9.65928
69.5 31.741 19.9388 49.019 9.68321
69.6 31.7854 19.9148 48.9805 9.70715
69.7 31.8298 19.8909 48.9419 9.73112
69.8 31.8742 19.8669 48.9033 9.75509
69.9 31.9186 19.8429 48.8647 9.77909
70 31.963 19.8189 48.8261 9.8031
70.1 32.0074 19.7949 48.7874 9.82712
70.2 32.0518 19.7708 48.7487 9.85116
70.3 32.0962 19.7468 48.7099 9.87521
70.4 32.1405 19.7227 48.6712 9.89928
70.5 32.1849 19.6986 48.6324 9.92337
70.6 32.2293 19.6745 48.5936 9.94747
70.7 32.2736 19.6504 48.5547 9.97158
70.8 32.318 19.6263 48.5159 9.99571
70.9 32.3623 19.6021 48.477 10.0199
71 32.4066 19.578 48.438 10.044
71.1 32.4509 19.5538 48.3991 10.0682
71.2 32.4952 19.5296 48.3601 10.0924
71.3 32.5395 19.5054 48.3211 10.1166
71.4 32.5838 19.4812 48.2821 10.1408
71.5 32.6281 19.457 48.243 10.165
71.6 32.6724 19.4327 48.204 10.1893
71.7 32.7167 19.4085 48.1648 10.2135
71.8 32.761 19.3842 48.1257 10.2378
71.9 32.8052 19.3599 48.0866 10.2621
72 32.8495 19.3356 48.0474 10.2864
72.1 32.8937 19.3113 48.0082 10.3107
72.2 32.938 19.287 47.9689 10.335
72.3 32.9822 19.2626 47.9297 10.3594
72.4 33.0264 19.2383 47.8904 10.3837
72.5 33.0707 19.2139 47.8511 10.4081
72.6 33.1149 19.1895 47.8117 10.4325
72.7 33.1591 19.1651 47.7724 10.4569
72.8 33.2033 19.1407 47.733 10.4813
72.9 33.2475 19.1163 47.6936 10.5057
73 33.2917 19.0919 47.6542 10.5301
73.1 33.3358 19.0674 47.6147 10.5546
73.2 33.38 19.043 47.5752 10.579
73.3 33.4242 19.0185 47.5357 10.6035
73.4 33.4683 18.994 47.4962 10.628
73.5 33.5125 18.9695 47.4566 10.6525
73.6 33.5566 18.945 47.417 10.677
73.7 33.6007 18.9205 47.3774 10.7015
73.8 33.6449 18.8959 47.3378 10.7261
73.9 33.689 18.8714 47.2982 10.7506
74 33.7331 18.8468 47.2585 10.7752
74.1 33.7772 18.8223 47.2188 10.7997
74.2 33.8213 18.7977 47.1791 10.8243
74.3 33.8654 18.7731 47.1393 10.8489
74.4 33.9094 18.7485 47.0995 10.8735
74.5 33.9535 18.7238 47.0598 10.8982
74.6 33.9976 18.6992 47.0199 10.9228
74.7 34.0416 18.6746 46.9801 10.9474
74.8 34.0857 18.6499 46.9402 10.9721
74.9 34.1297 18.6252 46.9004 10.9968
75 34.1737 18.6006 46.8605 11.0214
75.1 34.2178 18.5759 46.8205 11.0461
75.2 34.2618 18.5512 46.7806 11.0708
75.3 34.3058 18.5264 46.7406 11.0956
75.4 34.3498 18.5017 46.7006 11.1203
75.5 34.3938 18.477 46.6606 11.145
75.6 34.4378 18.4522 46.6206 11.1698
75.7 34.4817 18.4275 46.5805 11.1945
75.8 34.5257 18.4027 46.5404 11.2193
75.9 34.5697 18.3779 46.5003 11.2441
76 34.6136 18.3531 46.4602 11.2689
76.1 34.6576 18.3283 46.42 11.2937
76.2 34.7015 18.3035 46.3799 11.3185
76.3 34.7454 18.2787 46.3397 11.3433
76.4 34.7893 18.2538 46.2995 11.3682
76.5 34.8332 18.229 46.2592 11.393
76.6 34.8772 18.2041 46.219 11.4179
76.7 34.921 18.1793 46.1787 11.4427
76.8 34.9649 18.1544 46.1384 11.4676
76.9 35.0088 18.1295 46.0981 11.4925
77 35.0527 18.1046 46.0577 11.5174
77.1 35.0965 18.0797 46.0174 11.5423
77.2 35.1404 18.0548 45.977 11.5672
77.3 35.1842 18.0299 45.9366 11.5921
77.4 35.2281 18.0049 45.8962 11.6171
77.5 35.2719 17.98 45.8557 11.642
77.6 35.3157 17.955 45.8153 11.667
77.7 35.3595 17.9301 45.7748 11.6919
77.8 35.4033 17.9051 45.7343 11.7169
77.9 35.4471 17.8801 45.6938 11.7419
78 35.4909 17.8551 45.6532 11.7669
78.1 35.5347 17.8301 45.6127 11.7919
78.2 35.5784 17.8051 45.5721 11.8169
78.3 35.6222 17.7801 45.5315 11.8419
78.4 35.666 17.755 45.4908 11.867
78.5 35.7097 17.73 45.4502 11.892
78.6 35.7534 17.7049 45.4095 11.9171
78.7 35.7972 17.6799 45.3689 11.9421
78.8 35.8409 17.6548 45.3282 11.9672
78.9 35.8846 17.6297 45.2874 11.9923
79 35.9283 17.6047 45.2467 12.0173
79.1 35.972 17.5796 45.2059 12.0424
79.2 36.0156 17.5545 45.1652 12.0675
79.3 36.0593 17.5294 45.1244 12.0926
79.4 36.103 17.5042 45.0835 12.1178
79.5 36.1466 17.4791 45.0427 12.1429
79.6 36.1903 17.454 45.0018 12.168
79.7 36.2339 17.4288 44.961 12.1932
79.8 36.2775 17.4037 44.9201 12.2183
79.9 36.3211 17.3785 44.8792 12.2435
80 36.3647 17.3534 44.8382 12.2686
80.1 36.4083 17.3282 44.7973 12.2938
80.2 36.4519 17.303 44.7563 12.319
80.3 36.4955 17.2778 44.7153 12.3442
80.4 36.5391 17.2526 44.6743 12.3694
80.5 36.5826 17.2274 44.6333 12.3946
80.6 36.6262 17.2022 44.5923 12.4198
80.7 36.6697 17.177 44.5512 12.445
80.8 36.7133 17.1518 44.5101 12.4702
80.9 36.7568 17.1265 44.469 12.4955
81 36.8003 17.1013 44.4279 12.5207
81.1 36.8438 17.076 44.3868 12.546
81.2 36.8873 17.0508 44.3457 12.5712
81.3 36.9308 17.0255 44.3045 12.5965
81.4 36.9742 17.0003 44.2633 12.6217
81.5 37.0177 16.975 44.2221 12.647
81.6 37.0612 16.9497 44.1809 12.6723
81.7 37.1046 16.9244 44.1396 12.6976
81.8 37.148 16.8991 44.0984 12.7229
81.9 37.1915 16.8738 44.0571 12.7482
82 37.2349 16.8485 44.0158 12.7735
82.1 37.2783 16.8232 43.9745 12.7988
82.2 37.3217 16.7979 43.9332 12.8241
82.3 37.3651 16.7726 43.8919 12.8494
82.4 37.4084 16.7472 43.8505 12.8748
82.5 37.4518 16.7219 43.8091 12.9001
82.6 37.4952 16.6966 43.7677 12.9254
82.7 37.5385 16.6712 43.7263 12.9508
82.8 37.5819 16.6459 43.6849 12.9761
82.9 37.6252 16.6205 43.6435 13.0015
83 37.6685 16.5951 43.602 13.0269
83.1 37.7118 16.5698 43.5605 13.0522
83.2 37.7551 16.5444 43.5191 13.0776
83.3 37.7984 16.519 43.4776 13.103
83.4 37.8417 16.4936 43.436 13.1284
83.5 37.8849 16.4682 43.3945 13.1538
83.6 37.9282 16.4428 43.3529 13.1792
83.7 37.9714 16.4174 43.3114 13.2046
83.8 38.0147 16.392 43.2698 13.23
83.9 38.0579 16.3666 43.2282 13.2554
84 38.1011 16.3412 43.1865 13.2808
84.1 38.1443 16.3158 43.1449 13.3062
84.2 38.1875 16.2904 43.1033 13.3316
84.3 38.2307 16.2649 43.0616 13.3571
84.4 38.2738 16.2395 43.0199 13.3825
84.5 38.317 16.2141 42.9782 13.4079
84.6 38.3601 16.1886 42.9365 13.4334
84.7 38.4033 16.1632 42.8948 13.4588
84.8 38.4464 16.1377 42.853 13.4843
84.9 38.4895 16.1123 42.8113 13.5097
85 38.5326 16.0868 42.7695 13.5352
85.1 38.5757 16.0614 42.7277 13.5606
85.2 38.6188 16.0359 42.6859 13.5861
85.3 38.6619 16.0104 42.6441 13.6116
85.4 38.705 15.9849 42.6022 13.6371
85.5 38.748 15.9595 42.5604 13.6625
85.6 38.791 15.934 42.5185 13.688
85.7 38.8341 15.9085 42.4766 13.7135
85.8 38.8771 15.883 42.4347 13.739
85.9 38.9201 15.8575 42.3928 13.7645
86 38.9631 15.832 42.3509 13.79
86.1 39.0061 15.8065 42.3089 13.8155
86.2 39.0491 15.781 42.267 13.841
86.3 39.092 15.7555 42.225 13.8665
86.4 39.135 15.73 42.183 13.892
86.5 39.1779 15.7045 42.141 13.9175
86.6 39.2208 15.679 42.099 13.943
86.7 39.2638 15.6535 42.057 13.9685
86.8 39.3067 15.628 42.0149 13.994
86.9 39.3496 15.6025 41.9728 14.0195
87 39.3924 15.5769 41.9308 14.0451
87.1 39.4353 15.5514 41.8887 14.0706
87.2 39.4782 15.5259 41.8466 14.0961
87.3 39.521 15.5004 41.8045 14.1216
87.4 39.5639 15.4748 41.7623 14.1472
87.5 39.6067 15.4493 41.7202 14.1727
87.6 39.6495 15.4238 41.678 14.1982
87.7 39.6923 15.3982 41.6359 14.2238
87.8 39.7351 15.3727 41.5937 14.2493
87.9 39.7779 15.3471 41.5515 14.2749
88 39.8206 15.3216 41.5092 14.3004
88.1 39.8634 15.2961 41.467 14.3259
88.2 39.9061 15.2705 41.4248 14.3515
88.3 39.9488 15.245 41.3825 14.377
88.4 39.9916 15.2194 41.3402 14.4026
88.5 40.0343 15.1939 41.298 14.4281
88.6 40.0769 15.1683 41.2557 14.4537
88.7 40.1196 15.1428 41.2133 14.4792
88.8 40.1623 15.1172 41.171 14.5048
88.9 40.2049 15.0917 41.1287 14.5303
89 40.2476 15.0661 41.0863 14.5559
89.1 40.2902 15.0406 41.044 14.5814
89.2 40.3328 15.015 41.0016 14.607
89.3 40.3754 14.9895 40.9592 14.6325
89.4 40.418 14.9639 40.9168 14.6581
89.5 40.4606 14.9383 40.8744 14.6837
89.6 40.5032 14.9128 40.8319 14.7092
89.7 40.5457 14.8872 40.7895 14.7348
89.8 40.5883 14.8617 40.747 14.7603
89.9 40.6308 14.8361 40.7046 14.7859
90 40.6733 14.8106 40.6621 14.8114
90.1 40.7158 14.785 40.6196 14.837
90.2 40.7583 14.7594 40.5771 14.8626
90.3 40.8008 14.7339 40.5346 14.8881
90.4 40.8433 14.7083 40.492 14.9137
90.5 40.8857 14.6828 40.4495 14.9392
90.6 40.9281 14.6572 40.4069 14.9648
90.7 40.9706 14.6317 40.3643 14.9903
90.8 41.013 14.6061 40.3218 15.0159
90.9 41.0554 14.5806 40.2792 15.0414
91 41.0978 14.555 40.2365 15.067
91.1 41.1401 14.5294 40.1939 15.0926
91.2 41.1825 14.5039 40.1513 15.1181
91.3 41.2248 14.4783 40.1086 15.1437
91.4 41.2672 14.4528 40.066 15.1692
91.5 41.3095 14.4272 40.0233 15.1948
91.6 41.3518 14.4017 39.9806 15.2203
91.7 41.3941 14.3761 39.9379 15.2459
91.8 41.4364 14.3506 39.8952 15.2714
91.9 41.4786 14.3251 39.8525 15.2969
92 41.5209 14.2995 39.8098 15.3225
92.1 41.5631 14.274 39.767 15.348
92.2 41.6053 14.2484 39.7243 15.3736
92.3 41.6475 14.2229 39.6815 15.3991
92.4 41.6897 14.1974 39.6387 15.4246
92.5 41.7319 14.1718 39.5959 15.4502
92.6 41.7741 14.1463 39.5531 15.4757
92.7 41.8162 14.1208 39.5103 15.5012
92.8 41.8584 14.0952 39.4675 15.5268
92.9 41.9005 14.0697 39.4246 15.5523
93 41.9426 14.0442 39.3818 15.5778
93.1 41.9847 14.0187 39.3389 15.6033
93.2 42.0268 13.9931 39.296 15.6289
93.3 42.0689 13.9676 39.2531 15.6544
93.4 42.1109 13.9421 39.2102 15.6799
93.5 42.1529 13.9166 39.1673 15.7054
93.6 42.195 13.8911 39.1244 15.7309
93.7 42.237 13.8656 39.0815 15.7564
93.8 42.279 13.8401 39.0385 15.7819
93.9 42.3209 13.8146 38.9956 15.8074
94 42.3629 13.7891 38.9526 15.8329
94.1 42.4049 13.7636 38.9096 15.8584
94.2 42.4468 13.7381 38.8666 15.8839
94.3 42.4887 13.7126 38.8236 15.9094
94.4 42.5306 13.6871 38.7806 15.9349
94.5 42.5725 13.6616 38.7376 15.9604
94.6 42.6144 13.6362 38.6946 15.9858
94.7 42.6562 13.6107 38.6515 16.0113
94.8 42.6981 13.5852 38.6085 16.0368
94.9 42.7399 13.5598 38.5654 16.0622
95 42.7817 13.5343 38.5223 16.0877
95.1 42.8235 13.5088 38.4792 16.1132
95.2 42.8653 13.4834 38.4361 16.1386
95.3 42.9071 13.4579 38.393 16.1641
95.4 42.9488 13.4325 38.3499 16.1895
95.5 42.9906 13.407 38.3068 16.215
95.6 43.0323 13.3816 38.2636 16.2404
95.7 43.074 13.3562 38.2205 16.2658
95.8 43.1157 13.3307 38.1773 16.2913
95.9 43.1574 13.3053 38.1341 16.3167
96 43.199 13.2799 38.091 16.3421
96.1 43.2407 13.2545 38.0478 16.3675
96.2 43.2823 13.2291 38.0046 16.3929
96.3 43.3239 13.2037 37.9613 16.4183
96.4 43.3655 13.1783 37.9181 16.4437
96.5 43.4071 13.1529 37.8749 16.4691
96.6 43.4486 13.1275 37.8316 16.4945
96.7 43.4902 13.1021 37.7884 16.5199
96.8 43.5317 13.0767 37.7451 16.5453
96.9 43.5732 13.0513 37.7018 16.5707
97 43.6147 13.026 37.6585 16.596
97.1 43.6562 13.0006 37.6152 16.6214
97.2 43.6976 12.9753 37.5719 16.6467
97.3 43.7391 12.9499 37.5286 16.6721
97.4 43.7805 12.9246 37.4853 16.6974
97.5 43.8219 12.8992 37.4419 16.7228
97.6 43.8633 12.8739 37.3986 16.7481
97.7 43.9047 12.8485 37.3552 16.7735
97.8 43.9461 12.8232 37.3119 16.7988
97.9 43.9874 12.7979 37.2685 16.8241
98 44.0287 12.7726 37.2251 16.8494
98.1 44.0701 12.7473 37.1817 16.8747
98.2 44.1113 12.722 37.1383 16.9
98.3 44.1526 12.6967 37.0949 16.9253
98.4 44.1939 12.6714 37.0514 16.9506
98.5 44.2351 12.6461 37.008 16.9759
98.6 44.2763 12.6208 36.9646 17.0012
98.7 44.3175 12.5956 36.9211 17.0264
98.8 44.3587 12.5703 36.8776 17.0517
98.9 44.3999 12.5451 36.8342 17.0769
99 44.4411 12.5198 36.7907 17.1022
99.1 44.4822 12.4946 36.7472 17.1274
99.2 44.5233 12.4694 36.7037 17.1526
99.3 44.5644 12.4441 36.6602 17.1779
99.4 44.6055 12.4189 36.6166 17.2031
99.5 44.6466 12.3937 36.5731 17.2283
99.6 44.6876 12.3685 36.5296 17.2535
99.7 44.7286 12.3433 36.486 17.2787
99.8 44.7696 12.3181 36.4424 17.3039
99.9 44.8106 12.2929 36.3989 17.3291
100 44.8516 12.2678 36.3553 17.3542
100.1 44.8926 12.2426 36.3117 17.3794
100.2 44.9335 12.2174 36.2681 17.4046
100.3 44.9744 12.1923 36.2245 17.4297
100.4 45.0153 12.1671 36.1809 17.4549
100.5 45.0562 12.142 36.1373 17.48
100.6 45.097 12.1169 36.0936 17.5051
100.7 45.1379 12.0918 36.05 17.5302
100.8 45.1787 12.0667 36.0063 17.5553
100.9 45.2195 12.0416 35.9627 17.5804
101 45.2603 12.0165 35.919 17.6055
101.1 45.3011 11.9914 35.8753 17.6306
101.2 45.3418 11.9663 35.8316 17.6557
101.3 45.3825 11.9412 35.7879 17.6808
101.4 45.4232 11.9162 35.7442 17.7058
101.5 45.4639 11.8911 35.7005 17.7309
101.6 45.5046 11.8661 35.6568 17.7559
101.7 45.5452 11.8411 35.613 17.7809
101.8 45.5859 11.816 35.5693 17.806
101.9 45.6265 11.791 35.5255 17.831
102 45.6671 11.766 35.4818 17.856
102.1 45.7076 11.741 35.438 17.881
102.2 45.7482 11.716 35.3942 17.906
102.3 45.7887 11.6911 35.3505 17.9309
102.4 45.8292 11.6661 35.3067 17.9559
102.5 45.8697 11.6411 35.2629 17.9809
102.6 45.9102 11.6162 35.2191 18.0058
102.7 45.9506 11.5913 35.1752 18.0307
102.8 45.991 11.5663 35.1314 18.0557
102.9 46.0314 11.5414 35.0876 18.0806
103 46.0718 11.5165 35.0437 18.1055
103.1 46.1122 11.4916 34.9999 18.1304
103.2 46.1525 11.4667 34.956 18.1553
103.3 46.1929 11.4418 34.9121 18.1802
103.4 46.2332 11.417 34.8683 18.205
103.5 46.2734 11.3921 34.8244 18.2299
103.6 46.3137 11.3673 34.7805 18.2547
103.7 46.3539 11.3424 34.7366 18.2796
103.8 46.3942 11.3176 34.6927 18.3044
103.9 46.4343 11.2928 34.6487 18.3292
104 46.4745 11.268 34.6048 18.354
104.1 46.5147 11.2432 34.5609 18.3788
104.2 46.5548 11.2184 34.5169 18.4036
104.3 46.5949 11.1936 34.473 18.4284
104.4 46.635 11.1689 34.429 18.4531
104.5 46.6751 11.1441 34.3851 18.4779
104.6 46.7151 11.1194 34.3411 18.5026
104.7 46.7551 11.0947 34.2971 18.5273
104.8 46.7951 11.07 34.2531 18.552
104.9 46.8351 11.0453 34.2091 18.5767
105 46.8751 11.0206 34.1651 18.6014
105.1 46.915 10.9959 34.1211 18.6261
105.2 46.9549 10.9712 34.0771 18.6508
105.3 46.9948 10.9466 34.033 18.6754
105.4 47.0346 10.9219 33.989 18.7001
105.5 47.0745 10.8973 33.9449 18.7247
105.6 47.1143 10.8727 33.9009 18.7493
105.7 47.1541 10.848 33.8568 18.774
105.8 47.1939 10.8234 33.8128 18.7986
105.9 47.2336 10.7989 33.7687 18.8231
106 47.2733 10.7743 33.7246 18.8477
106.1 47.313 10.7497 33.6805 18.8723
106.2 47.3527 10.7252 33.6364 18.8968
106.3 47.3924 10.7006 33.5923 18.9214
106.4 47.432 10.6761 33.5482 18.9459
106.5 47.4716 10.6516 33.504 18.9704
106.6 47.5112 10.6271 33.4599 18.9949
106.7 47.5507 10.6026 33.4158 19.0194
106.8 47.5903 10.5781 33.3716 19.0439
106.9 47.6298 10.5537 33.3275 19.0683
107 47.6693 10.5292 33.2833 19.0928
107.1 47.7087 10.5048 33.2391 19.1172
107.2 47.7482 10.4804 33.195 19.1416
107.3 47.7876 10.456 33.1508 19.166
107.4 47.827 10.4316 33.1066 19.1904
107.5 47.8663 10.4072 33.0624 19.2148
107.6 47.9057 10.3828 33.0182 19.2392
107.7 47.945 10.3585 32.974 19.2635
107.8 47.9843 10.3341 32.9298 19.2879
107.9 48.0235 10.3098 32.8855 19.3122
108 48.0628 10.2855 32.8413 19.3365
108.1 48.102 10.2612 32.7971 19.3608
108.2 48.1412 10.2369 32.7528 19.3851
108.3 48.1803 10.2126 32.7086 19.4094
108.4 48.2195 10.1884 32.6643 19.4336
108.5 48.2586 10.1641 32.62 19.4579
108.6 48.2977 10.1399 32.5758 19.4821
108.7 48.3367 10.1157 32.5315 19.5063
108.8 48.3757 10.0915 32.4872 19.5305
108.9 48.4147 10.0673 32.4429 19.5547
109 48.4537 10.0431 32.3986 19.5789
109.1 48.4927 10.019 32.3543 19.603
109.2 48.5316 9.99483 32.3099 19.6272
109.3 48.5705 9.9707 32.2656 19.6513
109.4 48.6094 9.94658 32.2213 19.6754
109.5 48.6482 9.92248 32.1769 19.6995
109.6 48.687 9.8984 32.1326 19.7236
109.7 48.7258 9.87433 32.0882 19.7477
109.8 48.7646 9.85028 32.0439 19.7717
109.9 48.8033 9.82624 31.9995 19.7958
110 48.842 9.80221 31.9551 19.8198
110.1 48.8807 9.77821 31.9108 19.8438
110.2 48.9194 9.75421 31.8664 19.8678
110.3 48.958 9.73023 31.822 19.8918
110.4 48.9966 9.70627 31.7776 19.9157
110.5 49.0351 9.68232 31.7332 19.9397
110.6 49.0737 9.65839 31.6888 19.9636
110.7 49.1122 9.63448 31.6443 19.9875
110.8 49.1507 9.61058 31.5999 20.0114
110.9 49.1891 9.58669 31.5555 20.0353
111 49.2276 9.56283 31.511 20.0592
111.1 49.2659 9.53897 31.4666 20.083
111.2 49.3043 9.51514 31.4221 20.1069
111.3 49.3427 9.49132 31.3777 20.1307
111.4 49.381 9.46751 31.3332 20.1545
111.5 49.4192 9.44373 31.2888 20.1783
111.6 49.4575 9.41996 31.2443 20.202
111.7 49.4957 9.3962 31.1998 20.2258
111.8 49.5339 9.37246 31.1553 20.2495
111.9 49.5721 9.34874 31.1108 20.2733
112 49.6102 9.32504 31.0663 20.297
112.1 49.6483 9.30135 31.0218 20.3207
112.2 49.6864 9.27768 30.9773 20.3443
112.3 49.7244 9.25402 30.9327 20.368
112.4 49.7624 9.23038 30.8882 20.3916
112.5 49.8004 9.20676 30.8437 20.4152
112.6 49.8383 9.18316 30.7991 20.4388
112.7 49.8763 9.15957 30.7546 20.4624
112.8 49.9141 9.136 30.71 20.486
112.9 49.952 9.11245 30.6655 20.5095
113 49.9898 9.08892 30.6209 20.5331
113.1 50.0276 9.0654 30.5763 20.5566
113.2 50.0654 9.0419 30.5318 20.5801
113.3 50.1031 9.01842 30.4872 20.6036
113.4 50.1408 8.99495 30.4426 20.627
113.5 50.1785 8.97151 30.398 20.6505
113.6 50.2161 8.94808 30.3534 20.6739
113.7 50.2537 8.92467 30.3088 20.6973
113.8 50.2913 8.90127 30.2641 20.7207
113.9 50.3288 8.8779 30.2195 20.7441
114 50.3663 8.85454 30.1749 20.7675
114.1 50.4038 8.8312 30.1303 20.7908
114.2 50.4412 8.80788 30.0856 20.8141
114.3 50.4786 8.78458 30.041 20.8374
114.4 50.516 8.7613 29.9963 20.8607
114.5 50.5533 8.73803 29.9517 20.884
114.6 50.5906 8.71478 29.907 20.9072
114.7 50.6279 8.69156 29.8623 20.9304
114.8 50.6651 8.66835 29.8177 20.9537
114.9 50.7023 8.64515 29.773 20.9768
115 50.7395 8.62198 29.7283 21
115.1 50.7766 8.59883 29.6836 21.0232
115.2 50.8137 8.57569 29.6389 21.0463
115.3 50.8507 8.55258 29.5942 21.0694
115.4 50.8878 8.52948 29.5495 21.0925
115.5 50.9248 8.5064 29.5048 21.1156
115.6 50.9617 8.48335 29.4601 21.1387
115.7 50.9986 8.46031 29.4153 21.1617
115.8 51.0355 8.43729 29.3706 21.1847
115.9 51.0724 8.41429 29.3259 21.2077
116 51.1092 8.39131 29.2811 21.2307
116.1 51.146 8.36834 29.2364 21.2537
116.2 51.1827 8.3454 29.1916 21.2766
116.3 51.2194 8.32248 29.1469 21.2995
116.4 51.2561 8.29958 29.1021 21.3224
116.5 51.2927 8.2767 29.0573 21.3453
116.6 51.3293 8.25383 29.0125 21.3682
116.7 51.3658 8.23099 28.9678 21.391
116.8 51.4024 8.20817 28.923 21.4138
116.9 51.4388 8.18537 28.8782 21.4366
117 51.4753 8.16258 28.8334 21.4594
117.1 51.5117 8.13982 28.7886 21.4822
117.2 51.548 8.11708 28.7438 21.5049
117.3 51.5844 8.09436 28.6989 21.5276
117.4 51.6207 8.07166 28.6541 21.5503
117.5 51.6569 8.04898 28.6093 21.573
117.6 51.6931 8.02632 28.5645 21.5957
117.7 51.7293 8.00368 28.5196 21.6183
117.8 51.7654 7.98106 28.4748 21.6409
117.9 51.8015 7.95847 28.4299 21.6635
118 51.8376 7.93589 28.3851 21.6861
118.1 51.8736 7.91333 28.3402 21.7087
118.2 51.9096 7.8908 28.2954 21.7312
118.3 51.9455 7.86829 28.2505 21.7537
118.4 51.9814 7.84579 28.2056 21.7762
118.5 52.0173 7.82332 28.1607 21.7987
118.6 52.0531 7.80087 28.1159 21.8211
118.7 52.0889 7.77844 28.071 21.8436
118.8 52.1246 7.75604 28.0261 21.866
118.9 52.1603 7.73365 27.9812 21.8883
119 52.1959 7.71129 27.9363 21.9107
119.1 52.2315 7.68894 27.8914 21.9331
119.2 52.2671 7.66662 27.8464 21.9554
119.3 52.3026 7.64433 27.8015 21.9777
119.4 52.3381 7.62205 27.7566 22
119.5 52.3736 7.59979 27.7117 22.0222
119.6 52.409 7.57756 27.6667 22.0444
119.7 52.4443 7.55535 27.6218 22.0667
119.8 52.4796 7.53316 27.5768 22.0888
119.9 52.5149 7.51099 27.5319 22.111
120 52.5501 7.48885 27.4869 22.1332
120.1 52.5853 7.46673 27.442 22.1553
120.2 52.6204 7.44463 27.397 22.1774
120.3 52.6555 7.42255 27.352 22.1995
120.4 52.6906 7.40049 27.3071 22.2215
120.5 52.7256 7.37846 27.2621 22.2435
120.6 52.7605 7.35645 27.2171 22.2655
120.7 52.7954 7.33446 27.1721 22.2875
120.8 52.8303 7.3125 27.1271 22.3095
120.9 52.8651 7.29056 27.0821 22.3314
121 52.8999 7.26864 27.0371 22.3534
121.1 52.9347 7.24674 26.9921 22.3753
121.2 52.9693 7.22487 26.9471 22.3971
121.3 53.004 7.20302 26.9021 22.419
121.4 53.0386 7.1812 26.857 22.4408
121.5 53.0731 7.15939 26.812 22.4626
121.6 53.1076 7.13761 26.767 22.4844
121.7 53.1421 7.11586 26.7219 22.5061
121.8 53.1765 7.09412 26.6769 22.5279
121.9 53.2108 7.07241 26.6319 22.5496
122 53.2451 7.05073 26.5868 22.5713
122.1 53.2794 7.02907 26.5417 22.5929
122.2 53.3136 7.00743 26.4967 22.6146
122.3 53.3478 6.98581 26.4516 22.6362
122.4 53.3819 6.96422 26.4065 22.6578
122.5 53.4159 6.94265 26.3615 22.6793
122.6 53.4499 6.92111 26.3164 22.7009
122.7 53.4839 6.89959 26.2713 22.7224
122.8 53.5178 6.8781 26.2262 22.7439
122.9 53.5517 6.85663 26.1811 22.7654
123 53.5855 6.83518 26.136 22.7868
123.1 53.6193 6.81376 26.0909 22.8082
123.2 53.653 6.79236 26.0458 22.8296
123.3 53.6866 6.77099 26.0007 22.851
123.4 53.7202 6.74964 25.9556 22.8724
123.5 53.7538 6.72831 25.9105 22.8937
123.6 53.7873 6.70701 25.8653 22.915
123.7 53.8208 6.68574 25.8202 22.9363
123.8 53.8541 6.66449 25.7751 22.9575
123.9 53.8875 6.64326 25.7299 22.9787
124 53.9208 6.62206 25.6848 22.9999
124.1 53.954 6.60089 25.6396 23.0211
124.2 53.9872 6.57973 25.5945 23.0423
124.3 54.0203 6.55861 25.5493 23.0634
124.4 54.0534 6.53751 25.5042 23.0845
124.5 54.0864 6.51643 25.459 23.1056
124.6 54.1194 6.49538 25.4138 23.1266
124.7 54.1523 6.47436 25.3687 23.1476
124.8 54.1852 6.45336 25.3235 23.1686
124.9 54.218 6.43239 25.2783 23.1896
125 54.2507 6.41144 25.2331 23.2106
125.1 54.2834 6.39051 25.1879 23.2315
125.2 54.316 6.36962 25.1427 23.2524
125.3 54.3486 6.34875 25.0975 23.2733
125.4 54.3811 6.3279 25.0523 23.2941
125.5 54.4136 6.30708 25.0071 23.3149
125.6 54.446 6.28629 24.9619 23.3357
125.7 54.4783 6.26552 24.9167 23.3565
125.8 54.5106 6.24478 24.8715 23.3772
125.9 54.5428 6.22406 24.8262 23.3979
126 54.575 6.20337 24.781 23.4186
126.1 54.6071 6.18271 24.7358 23.4393
126.2 54.6392 6.16207 24.6905 23.4599
126.3 54.6711 6.14146 24.6453 23.4805
126.4 54.7031 6.12088 24.6001 23.5011
126.5 54.7349 6.10032 24.5548 23.5217
126.6 54.7667 6.07979 24.5096 23.5422
126.7 54.7985 6.05928 24.4643 23.5627
126.8 54.8302 6.0388 24.419 23.5832
126.9 54.8618 6.01835 24.3738 23.6036
127 54.8933 5.99793 24.3285 23.6241
127.1 54.9248 5.97753 24.2832 23.6445
127.2 54.9562 5.95716 24.238 23.6648
127.3 54.9876 5.93682 24.1927 23.6852
127.4 55.0189 5.9165 24.1474 23.7055
127.5 55.0502 5.89621 24.1021 23.7258
127.6 55.0813 5.87595 24.0568 23.7461
127.7 55.1124 5.85571 24.0115 23.7663
127.8 55.1435 5.8355 23.9662 23.7865
127.9 55.1745 5.81532 23.9209 23.8067
128 55.2054 5.79517 23.8756 23.8268
128.1 55.2362 5.77504 23.8303 23.847
128.2 55.267 5.75494 23.785 23.8671
128.3 55.2977 5.73487 23.7396 23.8871
128.4 55.3283 5.71483 23.6943 23.9072
128.5 55.3589 5.69481 23.649 23.9272
128.6 55.3894 5.67483 23.6036 23.9472
128.7 55.4198 5.65487 23.5583 23.9671
128.8 55.4502 5.63494 23.513 23.9871
128.9 55.4805 5.61503 23.4676 24.007
129 55.5107 5.59516 23.4223 24.0268
129.1 55.5409 5.57531 23.3769 24.0467
129.2 55.571 5.55549 23.3316 24.0665
129.3 55.601 5.5357 23.2862 24.0863
129.4 55.6309 5.51593 23.2408 24.1061
129.5 55.6608 5.4962 23.1955 24.1258
129.6 55.6906 5.47649 23.1501 24.1455
129.7 55.7203 5.45681 23.1047 24.1652
129.8 55.75 5.43716 23.0594 24.1848
129.9 55.7796 5.41754 23.014 24.2045
130 55.8091 5.39795 22.9686 24.2241
130.1 55.8385 5.37838 22.9232 24.2436
130.2 55.8679 5.35885 22.8778 24.2632
130.3 55.8972 5.33934 22.8324 24.2827
130.4 55.9264 5.31987 22.787 24.3021
130.5 55.9555 5.30042 22.7416 24.3216
130.6 55.9845 5.281 22.6962 24.341
130.7 56.0135 5.26161 22.6508 24.3604
130.8 56.0424 5.24225 22.6054 24.3798
130.9 56.0712 5.22291 22.56 24.3991
131 56.1 5.20361 22.5145 24.4184
131.1 56.1286 5.18434 22.4691 24.4377
131.2 56.1572 5.16509 22.4237 24.4569
131.3 56.1857 5.14588 22.3783 24.4761
131.4 56.2142 5.12669 22.3328 24.4953
131.5 56.2425 5.10753 22.2874 24.5145
131.6 56.2708 5.08841 22.2419 24.5336
131.7 56.2989 5.06931 22.1965 24.5527
131.8 56.327 5.05024 22.151 24.5718
131.9 56.355 5.03121 22.1056 24.5908
132 56.383 5.0122 22.0601 24.6098
132.1 56.4108 4.99322 22.0147 24.6288
132.2 56.4386 4.97427 21.9692 24.6477
132.3 56.4663 4.95535 21.9237 24.6666
132.4 56.4939 4.93646 21.8783 24.6855
132.5 56.5214 4.91761 21.8328 24.7044
132.6 56.5488 4.89878 21.7873 24.7232
132.7 56.5761 4.87998 21.7418 24.742
132.8 56.6034 4.86121 21.6964 24.7608
132.9 56.6305 4.84248 21.6509 24.7795
133 56.6576 4.82377 21.6054 24.7982
133.1 56.6846 4.80509 21.5599 24.8169
133.2 56.7115 4.78645 21.5144 24.8356
133.3 56.7383 4.76783 21.4689 24.8542
133.4 56.765 4.74925 21.4234 24.8728
133.5 56.7916 4.73069 21.3779 24.8913
133.6 56.8181 4.71217 21.3324 24.9098
133.7 56.8445 4.69368 21.2868 24.9283
133.8 56.8709 4.67521 21.2413 24.9468
133.9 56.8971 4.65678 21.1958 24.9652
134 56.9233 4.63838 21.1503 24.9836
134.1 56.9493 4.62001 21.1048 25.002
134.2 56.9753 4.60168 21.0592 25.0203
134.3 57.0012 4.58337 21.0137 25.0386
134.4 57.0269 4.56509 20.9682 25.0569
134.5 57.0526 4.54685 20.9226 25.0752
134.6 57.0782 4.52864 20.8771 25.0934
134.7 57.1037 4.51045 20.8315 25.1115
134.8 57.129 4.4923 20.786 25.1297
134.9 57.1543 4.47418 20.7404 25.1478
135 57.1795 4.4561 20.6949 25.1659
135.1 57.2046 4.43804 20.6493 25.184
135.2 57.2295 4.42002 20.6038 25.202
135.3 57.2544 4.40202 20.5582 25.22
135.4 57.2792 4.38406 20.5126 25.2379
135.5 57.3039 4.36613 20.4671 25.2559
135.6 57.3284 4.34823 20.4215 25.2738
135.7 57.3529 4.33037 20.3759 25.2916
135.8 57.3772 4.31253 20.3303 25.3095
135.9 57.4015 4.29473 20.2847 25.3273
136 57.4256 4.27696 20.2392 25.345
136.1 57.4496 4.25923 20.1936 25.3628
136.2 57.4736 4.24152 20.148 25.3805
136.3 57.4974 4.22385 20.1024 25.3982
136.4 57.5211 4.2062 20.0568 25.4158
136.5 57.5447 4.1886 20.0112 25.4334
136.6 57.5682 4.17102 19.9656 25.451
136.7 57.5915 4.15348 19.92 25.4685
136.8 57.6148 4.13596 19.8744 25.486
136.9 57.6379 4.11848 19.8287 25.5035
137 57.661 4.10104 19.7831 25.521
137.1 57.6839 4.08362 19.7375 25.5384
137.2 57.7067 4.06624 19.6919 25.5558
137.3 57.7294 4.04889 19.6463 25.5731
137.4 57.7519 4.03158 19.6006 25.5904
137.5 57.7744 4.0143 19.555 25.6077
137.6 57.7967 3.99705 19.5094 25.625
137.7 57.8189 3.97983 19.4637 25.6422
137.8 57.841 3.96264 19.4181 25.6594
137.9 57.863 3.94549 19.3724 25.6765
138 57.8848 3.92838 19.3268 25.6936
138.1 57.9065 3.91129 19.2812 25.7107
138.2 57.9281 3.89424 19.2355 25.7278
138.3 57.9496 3.87722 19.1898 25.7448
138.4 57.971 3.86024 19.1442 25.7618
138.5 57.9922 3.84328 19.0985 25.7787
138.6 58.0133 3.82637 19.0529 25.7956
138.7 58.0342 3.80948 19.0072 25.8125
138.8 58.0551 3.79263 18.9615 25.8294
138.9 58.0758 3.77581 18.9159 25.8462
139 58.0964 3.75903 18.8702 25.863
139.1 58.1168 3.74228 18.8245 25.8797
139.2 58.1371 3.72556 18.7788 25.8964
139.3 58.1573 3.70888 18.7332 25.9131
139.4 58.1774 3.69223 18.6875 25.9298
139.5 58.1973 3.67561 18.6418 25.9464
139.6 58.217 3.65903 18.5961 25.963
139.7 58.2367 3.64248 18.5504 25.9795
139.8 58.2562 3.62597 18.5047 25.996
139.9 58.2755 3.60949 18.459 26.0125
140 58.2948 3.59305 18.4133 26.029
140.1 58.3138 3.57664 18.3676 26.0454
140.2 58.3328 3.56026 18.3219 26.0617
140.3 58.3516 3.54392 18.2762 26.0781
140.4 58.3702 3.52761 18.2305 26.0944
140.5 58.3887 3.51133 18.1848 26.1107
140.6 58.4071 3.4951 18.1391 26.1269
140.7 58.4253 3.47889 18.0933 26.1431
140.8 58.4434 3.46272 18.0476 26.1593
140.9 58.4613 3.44658 18.0019 26.1754
141 58.479 3.43048 17.9562 26.1915
141.1 58.4966 3.41442 17.9104 26.2076
141.2 58.5141 3.39838 17.8647 26.2236
141.3 58.5314 3.38239 17.819 26.2396
141.4 58.5486 3.36643 17.7732 26.2556
141.5 58.5655 3.3505 17.7275 26.2715
141.6 58.5824 3.33461 17.6818 26.2874
141.7 58.5991 3.31875 17.636 26.3033
141.8 58.6156 3.30293 17.5903 26.3191
141.9 58.6319 3.28714 17.5445 26.3349
142 58.6481 3.27139 17.4988 26.3506
142.1 58.6642 3.25567 17.453 26.3663
142.2 58.68 3.23999 17.4073 26.382
142.3 58.6957 3.22434 17.3615 26.3977
142.4 58.7113 3.20873 17.3157 26.4133
142.5 58.7266 3.19315 17.27 26.4288
142.6 58.7418 3.17761 17.2242 26.4444
142.7 58.7569 3.16211 17.1784 26.4599
142.8 58.7717 3.14664 17.1327 26.4754
142.9 58.7864 3.1312 17.0869 26.4908
143 58.8009 3.1158 17.0411 26.5062
143.1 58.8152 3.10044 16.9953 26.5216
143.2 58.8294 3.08511 16.9496 26.5369
143.3 58.8434 3.06982 16.9038 26.5522
143.4 58.8572 3.05456 16.858 26.5674
143.5 58.8708 3.03934 16.8122 26.5827
143.6 58.8842 3.02416 16.7664 26.5978
143.7 58.8975 3.00901 16.7206 26.613
143.8 58.9105 2.9939 16.6748 26.6281
143.9 58.9234 2.97882 16.629 26.6432
144 58.9361 2.96378 16.5832 26.6582
144.1 58.9486 2.94878 16.5374 26.6732
144.2 58.9609 2.93381 16.4916 26.6882
144.3 58.973 2.91888 16.4458 26.7031
144.4 58.985 2.90398 16.4 26.718
144.5 58.9967 2.88912 16.3542 26.7329
144.6 59.0082 2.8743 16.3084 26.7477
144.7 59.0196 2.85951 16.2626 26.7625
144.8 59.0307 2.84476 16.2167 26.7772
144.9 59.0416 2.83005 16.1709 26.792
145 59.0523 2.81537 16.1251 26.8066
145.1 59.0629 2.80073 16.0793 26.8213
145.2 59.0732 2.78612 16.0334 26.8359
145.3 59.0833 2.77156 15.9876 26.8504
145.4 59.0932 2.75703 15.9418 26.865
145.5 59.1028 2.74253 15.8959 26.8795
145.6 59.1123 2.72807 15.8501 26.8939
145.7 59.1216 2.71365 15.8043 26.9083
145.8 59.1306 2.69927 15.7584 26.9227
145.9 59.1394 2.68492 15.7126 26.9371
146 59.148 2.67061 15.6667 26.9514
146.1 59.1564 2.65634 15.6209 26.9657
146.2 59.1646 2.6421 15.575 26.9799
146.3 59.1725 2.6279 15.5292 26.9941
146.4 59.1802 2.61374 15.4833 27.0083
146.5 59.1876 2.59962 15.4375 27.0224
146.6 59.1949 2.58553 15.3916 27.0365
146.7 59.2019 2.57148 15.3458 27.0505
146.8 59.2087 2.55747 15.2999 27.0645
146.9 59.2152 2.54349 15.254 27.0785
147 59.2215 2.52955 15.2082 27.0924
147.1 59.2275 2.51565 15.1623 27.1063
147.2 59.2333 2.50179 15.1164 27.1202
147.3 59.2389 2.48796 15.0706 27.134
147.4 59.2442 2.47417 15.0247 27.1478
147.5 59.2493 2.46042 14.9788 27.1616
147.6 59.2541 2.44671 14.9329 27.1753
147.7 59.2586 2.43303 14.8871 27.189
147.8 59.2629 2.4194 14.8412 27.2026
147.9 59.267 2.4058 14.7953 27.2162
148 59.2708 2.39223 14.7494 27.2298
148.1 59.2743 2.37871 14.7035 27.2433
148.2 59.2776 2.36522 14.6576 27.2568
148.3 59.2805 2.35177 14.6117 27.2702
148.4 59.2833 2.33836 14.5658 27.2836
148.5 59.2857 2.32499 14.5199 27.297
148.6 59.2879 2.31165 14.474 27.3103
148.7 59.2898 2.29836 14.4281 27.3236
148.8 59.2914 2.2851 14.3822 27.3369
148.9 59.2927 2.27188 14.3363 27.3501
149 59.2938 2.2587 14.2904 27.3633
149.1 59.2946 2.24555 14.2445 27.3764
149.2 59.295 2.23245 14.1986 27.3896
149.3 59.2952 2.21938 14.1527 27.4026
149.4 59.2951 2.20635 14.1068 27.4156
149.5 59.2947 2.19336 14.0609 27.4286
149.6 59.294 2.18041 14.015 27.4416
149.7 59.293 2.16749 13.969 27.4545
149.8 59.2917 2.15462 13.9231 27.4674
149.9 59.2901 2.14178 13.8772 27.4802
150 59.2882 2.12898 13.8313 27.493
150.1 59.2859 2.11622 13.7853 27.5058
150.2 59.2834 2.1035 13.7394 27.5185
150.3 59.2805 2.09082 13.6935 27.5312
150.4 59.2773 2.07818 13.6476 27.5438
150.5 59.2738 2.06557 13.6016 27.5564
150.6 59.27 2.05301 13.5557 27.569
150.7 59.2658 2.04048 13.5097 27.5815
150.8 59.2613 2.02799 13.4638 27.594
150.9 59.2564 2.01554 13.4179 27.6065
151 59.2513 2.00313 13.3719 27.6189
151.1 59.2457 1.99076 13.326 27.6312
151.2 59.2399 1.97843 13.28 27.6436
151.3 59.2337 1.96614 13.2341 27.6559
151.4 59.2271 1.95388 13.1881 27.6681
151.5 59.2202 1.94167 13.1422 27.6803
151.6 59.2129 1.92949 13.0962 27.6925
151.7 59.2052 1.91736 13.0503 27.7046
151.8 59.1972 1.90526 13.0043 27.7167
151.9 59.1888 1.8932 12.9584 27.7288
152 59.1801 1.88118 12.9124 27.7408
152.1 59.1709 1.86921 12.8664 27.7528
152.2 59.1614 1.85727 12.8205 27.7647
152.3 59.1515 1.84537 12.7745 27.7766
152.4 59.1412 1.83351 12.7285 27.7885
152.5 59.1306 1.82169 12.6826 27.8003
152.6 59.1195 1.8099 12.6366 27.8121
152.7 59.108 1.79816 12.5906 27.8238
152.8 59.0962 1.78646 12.5446 27.8355
152.9 59.0839 1.7748 12.4987 27.8472
153 59.0712 1.76317 12.4527 27.8588
153.1 59.0581 1.75159 12.4067 27.8704
153.2 59.0446 1.74005 12.3607 27.882
153.3 59.0307 1.72854 12.3148 27.8935
153.4 59.0163 1.71708 12.2688 27.9049
153.5 59.0015 1.70566 12.2228 27.9163
153.6 58.9863 1.69427 12.1768 27.9277
153.7 58.9706 1.68293 12.1308 27.9391
153.8 58.9545 1.67163 12.0848 27.9504
153.9 58.9379 1.66036 12.0388 27.9616
154 58.9209 1.64914 11.9928 27.9729
154.1 58.9034 1.63796 11.9468 27.984
154.2 58.8855 1.62681 11.9008 27.9952
154.3 58.8671 1.61571 11.8548 28.0063
154.4 58.8482 1.60464 11.8088 28.0174
154.5 58.8289 1.59362 11.7628 28.0284
154.6 58.8091 1.58264 11.7168 28.0394
154.7 58.7888 1.5717 11.6708 28.0503
154.8 58.768 1.56079 11.6248 28.0612
154.9 58.7467 1.54993 11.5788 28.0721
155 58.7249 1.53911 11.5328 28.0829
155.1 58.7026 1.52833 11.4868 28.0937
155.2 58.6798 1.51759 11.4408 28.1044
155.3 58.6564 1.50689 11.3948 28.1151
155.4 58.6326 1.49623 11.3488 28.1258
155.5 58.6082 1.48561 11.3027 28.1364
155.6 58.5833 1.47503 11.2567 28.147
155.7 58.5578 1.4645 11.2107 28.1575
155.8 58.5318 1.454 11.1647 28.168
155.9 58.5053 1.44354 11.1187 28.1785
156 58.4782 1.43313 11.0726 28.1889
156.1 58.4505 1.42275 11.0266 28.1992
156.2 58.4223 1.41242 10.9806 28.2096
156.3 58.3935 1.40213 10.9346 28.2199
156.4 58.3641 1.39187 10.8885 28.2301
156.5 58.3342 1.38166 10.8425 28.2403
156.6 58.3036 1.37149 10.7965 28.2505
156.7 58.2724 1.36136 10.7504 28.2606
156.8 58.2407 1.35127 10.7044 28.2707
156.9 58.2083 1.34122 10.6584 28.2808
157 58.1753 1.33122 10.6123 28.2908
157.1 58.1417 1.32125 10.5663 28.3007
157.2 58.1074 1.31133 10.5203 28.3107
157.3 58.0725 1.30144 10.4742 28.3206
157.4 58.037 1.2916 10.4282 28.3304
157.5 58.0008 1.2818 10.3821 28.3402
157.6 57.964 1.27204 10.3361 28.35
157.7 57.9265 1.26232 10.29 28.3597
157.8 57.8883 1.25265 10.244 28.3694
157.9 57.8494 1.24301 10.1979 28.379
158 57.8098 1.23341 10.1519 28.3886
158.1 57.7696 1.22386 10.1058 28.3981
158.2 57.7286 1.21435 10.0598 28.4077
158.3 57.6869 1.20488 10.0137 28.4171
158.4 57.6445 1.19545 9.96767 28.4266
158.5 57.6014 1.18606 9.92161 28.4359
158.6 57.5575 1.17672 9.87555 28.4453
158.7 57.5129 1.16741 9.82949 28.4546
158.8 57.4675 1.15815 9.78343 28.4639
158.9 57.4213 1.14893 9.73737 28.4731
159 57.3744 1.13975 9.69131 28.4823
159.1 57.3267 1.13061 9.64524 28.4914
159.2 57.2782 1.12151 9.59917 28.5005
159.3 57.229 1.11246 9.55311 28.5095
159.4 57.1789 1.10344 9.50704 28.5186
159.5 57.1279 1.09447 9.46097 28.5275
159.6 57.0762 1.08554 9.4149 28.5365
159.7 57.0236 1.07666 9.36883 28.5453
159.8 56.9702 1.06781 9.32275 28.5542
159.9 56.9159 1.05901 9.27668 28.563
160 56.8607 1.05024 9.2306 28.5718
160.1 56.8047 1.04152 9.18453 28.5805
160.2 56.7477 1.03285 9.13845 28.5892
160.3 56.6899 1.02421 9.09237 28.5978
160.4 56.6312 1.01561 9.04629 28.6064
160.5 56.5715 1.00706 9.00021 28.6149
160.6 56.5109 0.998552 8.95412 28.6234
160.7 56.4494 0.990084 8.90804 28.6319
160.8 56.3869 0.981657 8.86196 28.6403
160.9 56.3234 0.973273 8.81587 28.6487
161 56.259 0.964932 8.76978 28.6571
161.1 56.1935 0.956632 8.7237 28.6654
161.2 56.1271 0.948375 8.67761 28.6736
161.3 56.0596 0.940159 8.63152 28.6818
161.4 55.9911 0.931986 8.58542 28.69
161.5 55.9216 0.923856 8.53933 28.6981
161.6 55.851 0.915767 8.49324 28.7062
161.7 55.7794 0.907721 8.44714 28.7143
161.8 55.7067 0.899718 8.40105 28.7223
161.9 55.6328 0.891756 8.35495 28.7302
162 55.5579 0.883837 8.30885 28.7382
162.1 55.4819 0.875961 8.26275 28.746
162.2 55.4047 0.868127 8.21665 28.7539
162.3 55.3263 0.860335 8.17055 28.7617
162.4 55.2468 0.852586 8.12445 28.7694
162.5 55.1662 0.844879 8.07835 28.7771
162.6 55.0843 0.837215 8.03224 28.7848
162.7 55.0012 0.829594 7.98614 28.7924
162.8 54.9169 0.822015 7.94003 28.8
162.9 54.8314 0.814479 7.89393 28.8075
163 54.7445 0.806985 7.84782 28.815
163.1 54.6565 0.799534 7.80171 28.8225
163.2 54.5671 0.792126 7.7556 28.8299
163.3 54.4764 0.78476 7.70949 28.8372
163.4 54.3844 0.777437 7.66338 28.8446
163.5 54.2911 0.770157 7.61726 28.8518
163.6 54.1964 0.76292 7.57115 28.8591
163.7 54.1003 0.755725 7.52503 28.8663
163.8 54.0029 0.748574 7.47892 28.8734
163.9 53.904 0.741465 7.4328 28.8805
164 53.8037 0.734399 7.38668 28.8876
164.1 53.7019 0.727375 7.34057 28.8946
164.2 53.5987 0.720395 7.29445 28.9016
164.3 53.494 0.713458 7.24833 28.9085
164.4 53.3878 0.706563 7.20221 28.9154
164.5 53.28 0.699712 7.15608 28.9223
164.6 53.1707 0.692903 7.10996 28.9291
164.7 53.0599 0.686138 7.06384 28.9359
164.8 52.9474 0.679415 7.01771 28.9426
164.9 52.8334 0.672736 6.97159 28.9493
165 52.7177 0.6661 6.92546 28.9559
165.1 52.6003 0.659506 6.87933 28.9625
165.2 52.4813 0.652956 6.8332 28.969
165.3 52.3606 0.646449 6.78707 28.9756
165.4 52.2381 0.639985 6.74094 28.982
165.5 52.1139 0.633565 6.69481 28.9884
165.6 51.988 0.627187 6.64868 28.9948
165.7 51.8602 0.620853 6.60255 29.0011
165.8 51.7307 0.614562 6.55642 29.0074
165.9 51.5993 0.608314 6.51028 29.0137
166 51.466 0.602109 6.46415 29.0199
166.1 51.3308 0.595948 6.41801 29.0261
166.2 51.1937 0.58983 6.37187 29.0322
166.3 51.0547 0.583755 6.32574 29.0382
166.4 50.9137 0.577724 6.2796 29.0443
166.5 50.7707 0.571736 6.23346 29.0503
166.6 50.6257 0.565791 6.18732 29.0562
166.7 50.4786 0.55989 6.14118 29.0621
166.8 50.3295 0.554032 6.09504 29.068
166.9 50.1782 0.548218 6.0489 29.0738
167 50.0248 0.542447 6.00275 29.0796
167.1 49.8692 0.53672 5.95661 29.0853
167.2 49.7114 0.531036 5.91047 29.091
167.3 49.5515 0.525395 5.86432 29.0966
167.4 49.3892 0.519798 5.81818 29.1022
167.5 49.2247 0.514245 5.77203 29.1078
167.6 49.0578 0.508735 5.72588 29.1133
167.7 48.8886 0.503269 5.67974 29.1187
167.8 48.717 0.497846 5.63359 29.1242
167.9 48.543 0.492467 5.58744 29.1295
168 48.3665 0.487131 5.54129 29.1349
168.1 48.1875 0.481839 5.49514 29.1402
168.2 48.0061 0.476591 5.44899 29.1454
168.3 47.8221 0.471386 5.40283 29.1506
168.4 47.6354 0.466225 5.35668 29.1558
168.5 47.4462 0.461108 5.31053 29.1609
168.6 47.2543 0.456035 5.26437 29.166
168.7 47.0597 0.451005 5.21822 29.171
168.8 46.8624 0.446019 5.17207 29.176
168.9 46.6623 0.441077 5.12591 29.1809
169 46.4594 0.436178 5.07975 29.1858
169.1 46.2537 0.431323 5.0336 29.1907
169.2 46.0451 0.426512 4.98744 29.1955
169.3 45.8335 0.421745 4.94128 29.2003
169.4 45.619 0.417022 4.89512 29.205
169.5 45.4015 0.412343 4.84896 29.2097
169.6 45.181 0.407707 4.8028 29.2143
169.7 44.9574 0.403115 4.75664 29.2189
169.8 44.7307 0.398568 4.71048 29.2234
169.9 44.5008 0.394064 4.66432 29.2279
170 44.2677 0.389604 4.61816 29.2324
170.1 44.0313 0.385188 4.57199 29.2368
170.2 43.7917 0.380815 4.52583 29.2412
170.3 43.5487 0.376487 4.47966 29.2455
170.4 43.3024 0.372203 4.4335 29.2498
170.5 43.0527 0.367963 4.38733 29.254
170.6 42.7995 0.363767 4.34117 29.2582
170.7 42.5428 0.359614 4.295 29.2624
170.8 42.2826 0.355506 4.24884 29.2665
170.9 42.0187 0.351442 4.20267 29.2706
171 41.7513 0.347422 4.1565 29.2746
171.1 41.4801 0.343446 4.11033 29.2786
171.2 41.2053 0.339514 4.06416 29.2825
171.3 40.9267 0.335626 4.01799 29.2864
171.4 40.6443 0.331782 3.97182 29.2902
171.5 40.358 0.327983 3.92565 29.294
171.6 40.0678 0.324227 3.87948 29.2978
171.7 39.7737 0.320515 3.83331 29.3015
171.8 39.4756 0.316848 3.78714 29.3052
171.9 39.1735 0.313225 3.74097 29.3088
172 38.8673 0.309646 3.6948 29.3124
172.1 38.557 0.306111 3.64862 29.3159
172.2 38.2426 0.30262 3.60245 29.3194
172.3 37.9239 0.299174 3.55627 29.3228
172.4 37.601 0.295772 3.5101 29.3262
172.5 37.2738 0.292414 3.46393 29.3296
172.6 36.9423 0.2891 3.41775 29.3329
172.7 36.6064 0.28583 3.37157 29.3362
172.8 36.2661 0.282605 3.3254 29.3394
172.9 35.9213 0.279424 3.27922 29.3426
173 35.5721 0.276287 3.23304 29.3457
173.1 35.2183 0.273194 3.18687 29.3488
173.2 34.86 0.270146 3.14069 29.3519
173.3 34.4971 0.267142 3.09451 29.3549
173.4 34.1295 0.264183 3.04833 29.3578
173.5 33.7573 0.261267 3.00215 29.3607
173.6 33.3803 0.258396 2.95597 29.3636
173.7 32.9986 0.255569 2.9098 29.3664
173.8 32.6122 0.252787 2.86362 29.3692
173.9 32.221 0.250049 2.81743 29.372
174 31.8249 0.247355 2.77125 29.3746
174.1 31.4241 0.244706 2.72507 29.3773
174.2 31.0183 0.242101 2.67889 29.3799
174.3 30.6077 0.239541 2.63271 29.3825
174.4 30.1921 0.237024 2.58653 29.385
174.5 29.7716 0.234553 2.54035 29.3874
174.6 29.3462 0.232125 2.49416 29.3899
174.7 28.9159 0.229742 2.44798 29.3923
174.8 28.4805 0.227404 2.4018 29.3946
174.9 28.0402 0.22511 2.35561 29.3969
175 27.595 0.22286 2.30943 29.3991
175.1 27.1447 0.220655 2.26325 29.4013
175.2 26.6895 0.218494 2.21706 29.4035
175.3 26.2293 0.216377 2.17088 29.4056
175.4 25.7642 0.214305 2.12469 29.4077
175.5 25.294 0.212278 2.07851 29.4097
175.6 24.819 0.210295 2.03232 29.4117
175.7 24.3391 0.208356 1.98614 29.4136
175.8 23.8542 0.206462 1.93995 29.4155
175.9 23.3645 0.204613 1.89376 29.4174
176 22.8699 0.202808 1.84758 29.4192
176.1 22.3705 0.201047 1.80139 29.421
176.2 21.8664 0.199331 1.7552 29.4227
176.3 21.3575 0.19766 1.70902 29.4243
176.4 20.844 0.196033 1.66283 29.426
176.5 20.3258 0.19445 1.61664 29.4275
176.6 19.803 0.192912 1.57046 29.4291
176.7 19.2757 0.191419 1.52427 29.4306
176.8 18.744 0.18997 1.47808 29.432
176.9 18.2079 0.188565 1.43189 29.4334
177 17.6674 0.187205 1.3857 29.4348
177.1 17.1228 0.18589 1.33951 29.4361
177.2 16.5739 0.184619 1.29333 29.4374
177.3 16.0211 0.183393 1.24714 29.4386
177.4 15.4642 0.182212 1.20095 29.4398
177.5 14.9035 0.181074 1.15476 29.4409
177.6 14.339 0.179982 1.10857 29.442
177.7 13.7708 0.178934 1.06238 29.4431
177.8 13.1991 0.177931 1.01619 29.4441
177.9 12.624 0.176972 0.970001 29.445
178 12.0455 0.176058 0.923811 29.4459
178.1 11.4638 0.175188 0.877622 29.4468
178.2 10.8791 0.174363 0.831432 29.4476
178.3 10.2914 0.173582 0.785241 29.4484
178.4 9.70099 0.172846 0.739051 29.4492
178.5 9.1079 0.172155 0.692861 29.4498
178.6 8.5123 0.171508 0.646671 29.4505
178.7 7.91434 0.170906 0.60048 29.4511
178.8 7.31419 0.170349 0.55429 29.4517
178.9 6.71199 0.169836 0.508099 29.4522
179 6.1079 0.169367 0.461909 29.4526
179.1 5.50208 0.168944 0.415718 29.4531
179.2 4.89471 0.168565 0.369527 29.4534
179.3 4.28594 0.16823 0.323336 29.4538
179.4 3.67595 0.16794 0.277145 29.4541
179.5 3.06491 0.167695 0.230955 29.4543
179.6 2.45299 0.167494 0.184764 29.4545
179.7 1.84036 0.167338 0.138573 29.4547
179.8 1.2272 0.167226 0.0923819 29.4548
179.9 0.613689 0.167159 0.0461909 29.4548
180 4.30629e-14 0.167137 3.24108e-15 29.4549
