#kinematics calculation of gsgs
#vertex z = 200 mm, E_reaction = 58.083 MeV
#theta_cm, theta3_lab, Ek3_lab, theta4_lab, Ek4_lab
0 0 58.083 0 0
0.1 0.0499352 58.083 89.9499 4.42327e-05
0.2 0.0998703 58.0828 89.8999 0.000176931
0.3 0.149805 58.0826 89.8498 0.000398094
0.4 0.199741 58.0823 89.7997 0.000707721
0.5 0.249676 58.0819 89.7497 0.00110581
0.6 0.299611 58.0814 89.6996 0.00159236
0.7 0.349546 58.0808 89.6495 0.00216738
0.8 0.399481 58.0802 89.5995 0.00283085
0.9 0.449416 58.0794 89.5494 0.00358278
1 0.499352 58.0786 89.4994 0.00442316
1.1 0.549287 58.0776 89.4493 0.005352
1.2 0.599222 58.0766 89.3992 0.00636928
1.3 0.649157 58.0755 89.3492 0.00747501
1.4 0.699092 58.0743 89.2991 0.00866918
1.5 0.749027 58.073 89.249 0.0099518
1.6 0.798963 58.0717 89.199 0.0113228
1.7 0.848898 58.0702 89.1489 0.0127823
1.8 0.898833 58.0687 89.0988 0.0143302
1.9 0.948768 58.067 89.0488 0.0159666
2 0.998703 58.0653 88.9987 0.0176913
2.1 1.04864 58.0635 88.9486 0.0195045
2.2 1.09857 58.0616 88.8986 0.021406
2.3 1.14851 58.0596 88.8485 0.023396
2.4 1.19844 58.0575 88.7984 0.0254743
2.5 1.24838 58.0554 88.7484 0.0276411
2.6 1.29831 58.0531 88.6983 0.0298962
2.7 1.34825 58.0508 88.6482 0.0322397
2.8 1.39819 58.0483 88.5982 0.0346716
2.9 1.44812 58.0458 88.5481 0.0371918
3 1.49806 58.0432 88.4981 0.0398004
3.1 1.54799 58.0405 88.448 0.0424973
3.2 1.59793 58.0377 88.3979 0.0452825
3.3 1.64786 58.0348 88.3479 0.0481561
3.4 1.6978 58.0319 88.2978 0.051118
3.5 1.74773 58.0288 88.2477 0.0541683
3.6 1.79767 58.0257 88.1977 0.0573068
3.7 1.8476 58.0225 88.1476 0.0605336
3.8 1.89754 58.0192 88.0975 0.0638487
3.9 1.94747 58.0157 88.0475 0.067252
4 1.99741 58.0123 87.9974 0.0707436
4.1 2.04734 58.0087 87.9473 0.0743235
4.2 2.09728 58.005 87.8973 0.0779916
4.3 2.14721 58.0013 87.8472 0.0817479
4.4 2.19715 57.9974 87.7971 0.0855925
4.5 2.24709 57.9935 87.7471 0.0895253
4.6 2.29702 57.9895 87.697 0.0935462
4.7 2.34696 57.9853 87.647 0.0976553
4.8 2.39689 57.9811 87.5969 0.101853
4.9 2.44683 57.9769 87.5468 0.106138
5 2.49676 57.9725 87.4968 0.110512
5.1 2.5467 57.968 87.4467 0.114973
5.2 2.59663 57.9635 87.3966 0.119523
5.3 2.64657 57.9588 87.3466 0.124161
5.4 2.6965 57.9541 87.2965 0.128887
5.5 2.74644 57.9493 87.2464 0.133701
5.6 2.79637 57.9444 87.1964 0.138603
5.7 2.84631 57.9394 87.1463 0.143594
5.8 2.89625 57.9343 87.0962 0.148672
5.9 2.94618 57.9292 87.0462 0.153838
6 2.99612 57.9239 86.9961 0.159092
6.1 3.04605 57.9186 86.946 0.164435
6.2 3.09599 57.9131 86.896 0.169865
6.3 3.14592 57.9076 86.8459 0.175383
6.4 3.19586 57.902 86.7959 0.180989
6.5 3.24579 57.8963 86.7458 0.186683
6.6 3.29573 57.8905 86.6957 0.192465
6.7 3.34567 57.8847 86.6457 0.198335
6.8 3.3956 57.8787 86.5956 0.204292
6.9 3.44554 57.8727 86.5455 0.210338
7 3.49547 57.8665 86.4955 0.216471
7.1 3.54541 57.8603 86.4454 0.222692
7.2 3.59534 57.854 86.3953 0.229001
7.3 3.64528 57.8476 86.3453 0.235398
7.4 3.69521 57.8411 86.2952 0.241882
7.5 3.74515 57.8345 86.2451 0.248454
7.6 3.79509 57.8279 86.1951 0.255114
7.7 3.84502 57.8211 86.145 0.261861
7.8 3.89496 57.8143 86.095 0.268697
7.9 3.94489 57.8074 86.0449 0.275619
8 3.99483 57.8004 85.9948 0.28263
8.1 4.04477 57.7933 85.9448 0.289728
8.2 4.0947 57.7861 85.8947 0.296914
8.3 4.14464 57.7788 85.8446 0.304187
8.4 4.19457 57.7715 85.7946 0.311548
8.5 4.24451 57.764 85.7445 0.318996
8.6 4.29444 57.7565 85.6944 0.326532
8.7 4.34438 57.7488 85.6444 0.334155
8.8 4.39432 57.7411 85.5943 0.341865
8.9 4.44425 57.7333 85.5442 0.349664
9 4.49419 57.7255 85.4942 0.357549
9.1 4.54412 57.7175 85.4441 0.365522
9.2 4.59406 57.7094 85.3941 0.373582
9.3 4.644 57.7013 85.344 0.38173
9.4 4.69393 57.693 85.2939 0.389965
9.5 4.74387 57.6847 85.2439 0.398287
9.6 4.7938 57.6763 85.1938 0.406696
9.7 4.84374 57.6678 85.1437 0.415193
9.8 4.89368 57.6592 85.0937 0.423777
9.9 4.94361 57.6506 85.0436 0.432448
10 4.99355 57.6418 84.9935 0.441206
10.1 5.04348 57.6329 84.9435 0.450051
10.2 5.09342 57.624 84.8934 0.458983
10.3 5.14336 57.615 84.8433 0.468003
10.4 5.19329 57.6059 84.7933 0.477109
10.5 5.24323 57.5967 84.7432 0.486303
10.6 5.29317 57.5874 84.6932 0.495583
10.7 5.3431 57.578 84.6431 0.50495
10.8 5.39304 57.5686 84.593 0.514405
10.9 5.44297 57.5591 84.543 0.523946
11 5.49291 57.5494 84.4929 0.533574
11.1 5.54285 57.5397 84.4428 0.543289
11.2 5.59278 57.5299 84.3928 0.553091
11.3 5.64272 57.52 84.3427 0.562979
11.4 5.69266 57.51 84.2926 0.572955
11.5 5.74259 57.5 84.2426 0.583017
11.6 5.79253 57.4898 84.1925 0.593165
11.7 5.84247 57.4796 84.1425 0.603401
11.8 5.8924 57.4693 84.0924 0.613723
11.9 5.94234 57.4589 84.0423 0.624131
12 5.99228 57.4484 83.9923 0.634626
12.1 6.04221 57.4378 83.9422 0.645208
12.2 6.09215 57.4271 83.8921 0.655876
12.3 6.14209 57.4164 83.8421 0.666631
12.4 6.19202 57.4055 83.792 0.677472
12.5 6.24196 57.3946 83.7419 0.6884
12.6 6.2919 57.3836 83.6919 0.699413
12.7 6.34183 57.3725 83.6418 0.710514
12.8 6.39177 57.3613 83.5918 0.7217
12.9 6.44171 57.35 83.5417 0.732973
13 6.49164 57.3387 83.4916 0.744332
13.1 6.54158 57.3272 83.4416 0.755777
13.2 6.59152 57.3157 83.3915 0.767308
13.3 6.64145 57.3041 83.3414 0.778926
13.4 6.69139 57.2924 83.2914 0.790629
13.5 6.74133 57.2806 83.2413 0.802419
13.6 6.79126 57.2687 83.1913 0.814295
13.7 6.8412 57.2567 83.1412 0.826256
13.8 6.89114 57.2447 83.0911 0.838304
13.9 6.94107 57.2326 83.0411 0.850437
14 6.99101 57.2203 82.991 0.862657
14.1 7.04095 57.208 82.9409 0.874962
14.2 7.09089 57.1956 82.8909 0.887353
14.3 7.14082 57.1832 82.8408 0.89983
14.4 7.19076 57.1706 82.7907 0.912392
14.5 7.2407 57.158 82.7407 0.92504
14.6 7.29063 57.1452 82.6906 0.937774
14.7 7.34057 57.1324 82.6406 0.950594
14.8 7.39051 57.1195 82.5905 0.963499
14.9 7.44045 57.1065 82.5404 0.976489
15 7.49038 57.0934 82.4904 0.989565
15.1 7.54032 57.0803 82.4403 1.00273
15.2 7.59026 57.067 82.3902 1.01597
15.3 7.6402 57.0537 82.3402 1.02931
15.4 7.69013 57.0403 82.2901 1.04272
15.5 7.74007 57.0268 82.2401 1.05623
15.6 7.79001 57.0132 82.19 1.06981
15.7 7.83995 56.9995 82.1399 1.08349
15.8 7.88988 56.9858 82.0899 1.09725
15.9 7.93982 56.9719 82.0398 1.11109
16 7.98976 56.958 81.9897 1.12502
16.1 8.0397 56.944 81.9397 1.13903
16.2 8.08963 56.9299 81.8896 1.15313
16.3 8.13957 56.9157 81.8396 1.16731
16.4 8.18951 56.9014 81.7895 1.18158
16.5 8.23945 56.8871 81.7394 1.19594
16.6 8.28939 56.8726 81.6894 1.21037
16.7 8.33932 56.8581 81.6393 1.2249
16.8 8.38926 56.8435 81.5892 1.23951
16.9 8.4392 56.8288 81.5392 1.2542
17 8.48914 56.814 81.4891 1.26898
17.1 8.53908 56.7992 81.4391 1.28384
17.2 8.58901 56.7842 81.389 1.29878
17.3 8.63895 56.7692 81.3389 1.31381
17.4 8.68889 56.7541 81.2889 1.32893
17.5 8.73883 56.7389 81.2388 1.34413
17.6 8.78877 56.7236 81.1888 1.35941
17.7 8.8387 56.7082 81.1387 1.37478
17.8 8.88864 56.6928 81.0886 1.39023
17.9 8.93858 56.6772 81.0386 1.40577
18 8.98852 56.6616 80.9885 1.42139
18.1 9.03846 56.6459 80.9384 1.4371
18.2 9.0884 56.6301 80.8884 1.45289
18.3 9.13833 56.6142 80.8383 1.46876
18.4 9.18827 56.5983 80.7883 1.48472
18.5 9.23821 56.5822 80.7382 1.50076
18.6 9.28815 56.5661 80.6881 1.51688
18.7 9.33809 56.5499 80.6381 1.53309
18.8 9.38803 56.5336 80.588 1.54939
18.9 9.43797 56.5172 80.538 1.56576
19 9.4879 56.5008 80.4879 1.58222
19.1 9.53784 56.4842 80.4378 1.59877
19.2 9.58778 56.4676 80.3878 1.61539
19.3 9.63772 56.4509 80.3377 1.6321
19.4 9.68766 56.4341 80.2876 1.6489
19.5 9.7376 56.4172 80.2376 1.66578
19.6 9.78754 56.4003 80.1875 1.68274
19.7 9.83748 56.3832 80.1375 1.69978
19.8 9.88741 56.3661 80.0874 1.71691
19.9 9.93735 56.3489 80.0373 1.73412
20 9.98729 56.3316 79.9873 1.75142
20.1 10.0372 56.3142 79.9372 1.76879
20.2 10.0872 56.2967 79.8872 1.78625
20.3 10.1371 56.2792 79.8371 1.8038
20.4 10.187 56.2616 79.787 1.82143
20.5 10.237 56.2439 79.737 1.83913
20.6 10.2869 56.2261 79.6869 1.85693
20.7 10.3369 56.2082 79.6369 1.8748
20.8 10.3868 56.1902 79.5868 1.89276
20.9 10.4367 56.1722 79.5367 1.9108
21 10.4867 56.1541 79.4867 1.92892
21.1 10.5366 56.1359 79.4366 1.94713
21.2 10.5866 56.1176 79.3865 1.96542
21.3 10.6365 56.0992 79.3365 1.98379
21.4 10.6864 56.0808 79.2864 2.00224
21.5 10.7364 56.0622 79.2364 2.02078
21.6 10.7863 56.0436 79.1863 2.0394
21.7 10.8363 56.0249 79.1362 2.0581
21.8 10.8862 56.0061 79.0862 2.07688
21.9 10.9361 55.9873 79.0361 2.09574
22 10.9861 55.9683 78.9861 2.11469
22.1 11.036 55.9493 78.936 2.13372
22.2 11.086 55.9302 78.8859 2.15283
22.3 11.1359 55.911 78.8359 2.17202
22.4 11.1858 55.8917 78.7858 2.1913
22.5 11.2358 55.8723 78.7358 2.21065
22.6 11.2857 55.8529 78.6857 2.23009
22.7 11.3357 55.8334 78.6356 2.24961
22.8 11.3856 55.8138 78.5856 2.26921
22.9 11.4355 55.7941 78.5355 2.28889
23 11.4855 55.7743 78.4855 2.30866
23.1 11.5354 55.7545 78.4354 2.3285
23.2 11.5854 55.7346 78.3853 2.34843
23.3 11.6353 55.7146 78.3353 2.36844
23.4 11.6852 55.6945 78.2852 2.38853
23.5 11.7352 55.6743 78.2352 2.4087
23.6 11.7851 55.654 78.1851 2.42895
23.7 11.8351 55.6337 78.135 2.44928
23.8 11.885 55.6133 78.085 2.4697
23.9 11.9349 55.5928 78.0349 2.49019
24 11.9849 55.5722 77.9849 2.51077
24.1 12.0348 55.5516 77.9348 2.53143
24.2 12.0848 55.5308 77.8848 2.55216
24.3 12.1347 55.51 77.8347 2.57298
24.4 12.1847 55.4891 77.7846 2.59388
24.5 12.2346 55.4681 77.7346 2.61486
24.6 12.2845 55.4471 77.6845 2.63592
24.7 12.3345 55.4259 77.6345 2.65706
24.8 12.3844 55.4047 77.5844 2.67828
24.9 12.4344 55.3834 77.5343 2.69958
25 12.4843 55.362 77.4843 2.72096
25.1 12.5342 55.3406 77.4342 2.74242
25.2 12.5842 55.319 77.3842 2.76397
25.3 12.6341 55.2974 77.3341 2.78559
25.4 12.6841 55.2757 77.284 2.80729
25.5 12.734 55.2539 77.234 2.82907
25.6 12.7839 55.2321 77.1839 2.85093
25.7 12.8339 55.2101 77.1339 2.87287
25.8 12.8838 55.1881 77.0838 2.89489
25.9 12.9338 55.166 77.0338 2.91699
26 12.9837 55.1438 76.9837 2.93917
26.1 13.0337 55.1216 76.9336 2.96143
26.2 13.0836 55.0992 76.8836 2.98377
26.3 13.1335 55.0768 76.8335 3.00619
26.4 13.1835 55.0543 76.7835 3.02869
26.5 13.2334 55.0317 76.7334 3.05126
26.6 13.2834 55.0091 76.6833 3.07392
26.7 13.3333 54.9863 76.6333 3.09665
26.8 13.3832 54.9635 76.5832 3.11947
26.9 13.4332 54.9406 76.5332 3.14236
27 13.4831 54.9177 76.4831 3.16533
27.1 13.5331 54.8946 76.4331 3.18838
27.2 13.583 54.8715 76.383 3.21151
27.3 13.633 54.8483 76.3329 3.23472
27.4 13.6829 54.825 76.2829 3.25801
27.5 13.7328 54.8016 76.2328 3.28137
27.6 13.7828 54.7782 76.1828 3.30482
27.7 13.8327 54.7547 76.1327 3.32834
27.8 13.8827 54.7311 76.0827 3.35194
27.9 13.9326 54.7074 76.0326 3.37562
28 13.9826 54.6836 75.9825 3.39938
28.1 14.0325 54.6598 75.9325 3.42321
28.2 14.0824 54.6359 75.8824 3.44713
28.3 14.1324 54.6119 75.8324 3.47112
28.4 14.1823 54.5878 75.7823 3.49519
28.5 14.2323 54.5637 75.7323 3.51933
28.6 14.2822 54.5394 75.6822 3.54356
28.7 14.3322 54.5151 75.6321 3.56786
28.8 14.3821 54.4908 75.5821 3.59224
28.9 14.432 54.4663 75.532 3.6167
29 14.482 54.4418 75.482 3.64123
29.1 14.5319 54.4172 75.4319 3.66584
29.2 14.5819 54.3925 75.3819 3.69053
29.3 14.6318 54.3677 75.3318 3.7153
29.4 14.6818 54.3429 75.2817 3.74014
29.5 14.7317 54.3179 75.2317 3.76507
29.6 14.7816 54.2929 75.1816 3.79006
29.7 14.8316 54.2679 75.1316 3.81514
29.8 14.8815 54.2427 75.0815 3.84029
29.9 14.9315 54.2175 75.0315 3.86552
30 14.9814 54.1922 74.9814 3.89082
30.1 15.0314 54.1668 74.9313 3.91621
30.2 15.0813 54.1413 74.8813 3.94166
30.3 15.1313 54.1158 74.8312 3.9672
30.4 15.1812 54.0902 74.7812 3.99281
30.5 15.2311 54.0645 74.7311 4.0185
30.6 15.2811 54.0387 74.6811 4.04426
30.7 15.331 54.0129 74.631 4.0701
30.8 15.381 53.987 74.581 4.09602
30.9 15.4309 53.961 74.5309 4.12201
31 15.4809 53.9349 74.4808 4.14808
31.1 15.5308 53.9088 74.4308 4.17422
31.2 15.5808 53.8826 74.3807 4.20044
31.3 15.6307 53.8563 74.3307 4.22673
31.4 15.6806 53.8299 74.2806 4.2531
31.5 15.7306 53.8034 74.2306 4.27955
31.6 15.7805 53.7769 74.1805 4.30607
31.7 15.8305 53.7503 74.1305 4.33267
31.8 15.8804 53.7237 74.0804 4.35934
31.9 15.9304 53.6969 74.0303 4.38609
32 15.9803 53.6701 73.9803 4.41291
32.1 16.0303 53.6432 73.9302 4.43981
32.2 16.0802 53.6162 73.8802 4.46678
32.3 16.1301 53.5892 73.8301 4.49383
32.4 16.1801 53.562 73.7801 4.52095
32.5 16.23 53.5349 73.73 4.54815
32.6 16.28 53.5076 73.68 4.57542
32.7 16.3299 53.4802 73.6299 4.60276
32.8 16.3799 53.4528 73.5798 4.63018
32.9 16.4298 53.4253 73.5298 4.65768
33 16.4798 53.3978 73.4797 4.68525
33.1 16.5297 53.3701 73.4297 4.71289
33.2 16.5797 53.3424 73.3796 4.74061
33.3 16.6296 53.3146 73.3296 4.7684
33.4 16.6795 53.2867 73.2795 4.79627
33.5 16.7295 53.2588 73.2295 4.8242
33.6 16.7794 53.2308 73.1794 4.85222
33.7 16.8294 53.2027 73.1294 4.8803
33.8 16.8793 53.1745 73.0793 4.90846
33.9 16.9293 53.1463 73.0293 4.9367
34 16.9792 53.118 72.9792 4.96501
34.1 17.0292 53.0896 72.9291 4.99339
34.2 17.0791 53.0612 72.8791 5.02184
34.3 17.1291 53.0326 72.829 5.05037
34.4 17.179 53.004 72.779 5.07897
34.5 17.229 52.9754 72.7289 5.10764
34.6 17.2789 52.9466 72.6789 5.13639
34.7 17.3288 52.9178 72.6288 5.1652
34.8 17.3788 52.8889 72.5788 5.1941
34.9 17.4287 52.8599 72.5287 5.22306
35 17.4787 52.8309 72.4787 5.2521
35.1 17.5286 52.8018 72.4286 5.2812
35.2 17.5786 52.7726 72.3786 5.31039
35.3 17.6285 52.7434 72.3285 5.33964
35.4 17.6785 52.714 72.2785 5.36897
35.5 17.7284 52.6846 72.2284 5.39836
35.6 17.7784 52.6552 72.1783 5.42783
35.7 17.8283 52.6256 72.1283 5.45738
35.8 17.8783 52.596 72.0782 5.48699
35.9 17.9282 52.5663 72.0282 5.51668
36 17.9782 52.5366 71.9781 5.54643
36.1 18.0281 52.5067 71.9281 5.57626
36.2 18.0781 52.4768 71.878 5.60616
36.3 18.128 52.4469 71.828 5.63613
36.4 18.1779 52.4168 71.7779 5.66618
36.5 18.2279 52.3867 71.7279 5.69629
36.6 18.2778 52.3565 71.6778 5.72648
36.7 18.3278 52.3263 71.6278 5.75673
36.8 18.3777 52.2959 71.5777 5.78706
36.9 18.4277 52.2655 71.5277 5.81746
37 18.4776 52.2351 71.4776 5.84793
37.1 18.5276 52.2045 71.4276 5.87847
37.2 18.5775 52.1739 71.3775 5.90908
37.3 18.6275 52.1432 71.3275 5.93976
37.4 18.6774 52.1125 71.2774 5.97051
37.5 18.7274 52.0817 71.2274 6.00133
37.6 18.7773 52.0508 71.1773 6.03222
37.7 18.8273 52.0198 71.1273 6.06318
37.8 18.8772 51.9888 71.0772 6.09421
37.9 18.9272 51.9577 71.0272 6.12531
38 18.9771 51.9265 70.9771 6.15649
38.1 19.0271 51.8953 70.927 6.18773
38.2 19.077 51.864 70.877 6.21904
38.3 19.127 51.8326 70.8269 6.25042
38.4 19.1769 51.8011 70.7769 6.28187
38.5 19.2269 51.7696 70.7268 6.31339
38.6 19.2768 51.738 70.6768 6.34497
38.7 19.3268 51.7064 70.6267 6.37663
38.8 19.3767 51.6746 70.5767 6.40836
38.9 19.4267 51.6428 70.5266 6.44015
39 19.4766 51.611 70.4766 6.47202
39.1 19.5266 51.5791 70.4265 6.50395
39.2 19.5765 51.5471 70.3765 6.53595
39.3 19.6265 51.515 70.3264 6.56802
39.4 19.6764 51.4828 70.2764 6.60016
39.5 19.7264 51.4506 70.2263 6.63236
39.6 19.7763 51.4184 70.1763 6.66464
39.7 19.8263 51.386 70.1262 6.69698
39.8 19.8762 51.3536 70.0762 6.72939
39.9 19.9262 51.3211 70.0261 6.76187
40 19.9761 51.2886 69.9761 6.79442
40.1 20.0261 51.256 69.926 6.82704
40.2 20.076 51.2233 69.876 6.85972
40.3 20.126 51.1905 69.8259 6.89247
40.4 20.1759 51.1577 69.7759 6.92529
40.5 20.2259 51.1248 69.7258 6.95817
40.6 20.2758 51.0919 69.6758 6.99112
40.7 20.3258 51.0589 69.6257 7.02414
40.8 20.3757 51.0258 69.5757 7.05723
40.9 20.4257 50.9926 69.5256 7.09038
41 20.4756 50.9594 69.4756 7.1236
41.1 20.5256 50.9261 69.4255 7.15689
41.2 20.5755 50.8928 69.3755 7.19024
41.3 20.6255 50.8593 69.3255 7.22366
41.4 20.6754 50.8259 69.2754 7.25715
41.5 20.7254 50.7923 69.2254 7.2907
41.6 20.7753 50.7587 69.1753 7.32432
41.7 20.8253 50.725 69.1253 7.35801
41.8 20.8752 50.6912 69.0752 7.39176
41.9 20.9252 50.6574 69.0252 7.42558
42 20.9751 50.6235 68.9751 7.45946
42.1 21.0251 50.5896 68.9251 7.49341
42.2 21.075 50.5556 68.875 7.52742
42.3 21.125 50.5215 68.825 7.5615
42.4 21.1749 50.4874 68.7749 7.59565
42.5 21.2249 50.4531 68.7249 7.62986
42.6 21.2748 50.4189 68.6748 7.66414
42.7 21.3248 50.3845 68.6248 7.69848
42.8 21.3748 50.3501 68.5747 7.73288
42.9 21.4247 50.3156 68.5247 7.76736
43 21.4747 50.2811 68.4746 7.80189
43.1 21.5246 50.2465 68.4246 7.83649
43.2 21.5746 50.2118 68.3745 7.87116
43.3 21.6245 50.1771 68.3245 7.90589
43.4 21.6745 50.1423 68.2744 7.94068
43.5 21.7244 50.1075 68.2244 7.97554
43.6 21.7744 50.0725 68.1743 8.01046
43.7 21.8243 50.0376 68.1243 8.04545
43.8 21.8743 50.0025 68.0743 8.0805
43.9 21.9242 49.9674 68.0242 8.11561
44 21.9742 49.9322 67.9742 8.15079
44.1 22.0241 49.897 67.9241 8.18604
44.2 22.0741 49.8617 67.8741 8.22134
44.3 22.124 49.8263 67.824 8.25671
44.4 22.174 49.7909 67.774 8.29214
44.5 22.224 49.7554 67.7239 8.32764
44.6 22.2739 49.7198 67.6739 8.3632
44.7 22.3239 49.6842 67.6238 8.39882
44.8 22.3738 49.6485 67.5738 8.4345
44.9 22.4238 49.6128 67.5237 8.47025
45 22.4737 49.5769 67.4737 8.50606
45.1 22.5237 49.5411 67.4237 8.54193
45.2 22.5736 49.5051 67.3736 8.57787
45.3 22.6236 49.4691 67.3236 8.61386
45.4 22.6735 49.4331 67.2735 8.64992
45.5 22.7235 49.397 67.2235 8.68604
45.6 22.7735 49.3608 67.1734 8.72223
45.7 22.8234 49.3245 67.1234 8.75847
45.8 22.8734 49.2882 67.0733 8.79478
45.9 22.9233 49.2519 67.0233 8.83115
46 22.9733 49.2154 66.9732 8.86758
46.1 23.0232 49.1789 66.9232 8.90407
46.2 23.0732 49.1424 66.8732 8.94062
46.3 23.1231 49.1058 66.8231 8.97724
46.4 23.1731 49.0691 66.7731 9.01391
46.5 23.223 49.0323 66.723 9.05065
46.6 23.273 48.9956 66.673 9.08745
46.7 23.323 48.9587 66.6229 9.12431
46.8 23.3729 48.9218 66.5729 9.16123
46.9 23.4229 48.8848 66.5228 9.1982
47 23.4728 48.8478 66.4728 9.23524
47.1 23.5228 48.8107 66.4228 9.27234
47.2 23.5727 48.7735 66.3727 9.30951
47.3 23.6227 48.7363 66.3227 9.34673
47.4 23.6726 48.699 66.2726 9.38401
47.5 23.7226 48.6617 66.2226 9.42135
47.6 23.7726 48.6243 66.1725 9.45875
47.7 23.8225 48.5868 66.1225 9.49621
47.8 23.8725 48.5493 66.0724 9.53373
47.9 23.9224 48.5117 66.0224 9.57131
48 23.9724 48.4741 65.9724 9.60894
48.1 24.0223 48.4364 65.9223 9.64664
48.2 24.0723 48.3986 65.8723 9.6844
48.3 24.1223 48.3608 65.8222 9.72221
48.4 24.1722 48.3229 65.7722 9.76009
48.5 24.2222 48.285 65.7221 9.79802
48.6 24.2721 48.247 65.6721 9.83601
48.7 24.3221 48.2089 65.6221 9.87406
48.8 24.372 48.1708 65.572 9.91217
48.9 24.422 48.1327 65.522 9.95034
49 24.472 48.0944 65.4719 9.98856
49.1 24.5219 48.0562 65.4219 10.0268
49.2 24.5719 48.0178 65.3718 10.0652
49.3 24.6218 47.9794 65.3218 10.1036
49.4 24.6718 47.941 65.2718 10.142
49.5 24.7217 47.9024 65.2217 10.1806
49.6 24.7717 47.8639 65.1717 10.2191
49.7 24.8217 47.8252 65.1216 10.2578
49.8 24.8716 47.7866 65.0716 10.2964
49.9 24.9216 47.7478 65.0216 10.3352
50 24.9715 47.709 64.9715 10.374
50.1 25.0215 47.6702 64.9215 10.4128
50.2 25.0714 47.6312 64.8714 10.4518
50.3 25.1214 47.5923 64.8214 10.4907
50.4 25.1714 47.5532 64.7713 10.5298
50.5 25.2213 47.5142 64.7213 10.5688
50.6 25.2713 47.475 64.6713 10.608
50.7 25.3212 47.4358 64.6212 10.6472
50.8 25.3712 47.3966 64.5712 10.6864
50.9 25.4212 47.3573 64.5211 10.7257
51 25.4711 47.3179 64.4711 10.7651
51.1 25.5211 47.2785 64.4211 10.8045
51.2 25.571 47.239 64.371 10.844
51.3 25.621 47.1995 64.321 10.8835
51.4 25.671 47.1599 64.2709 10.9231
51.5 25.7209 47.1203 64.2209 10.9627
51.6 25.7709 47.0806 64.1709 11.0024
51.7 25.8208 47.0408 64.1208 11.0422
51.8 25.8708 47.001 64.0708 11.082
51.9 25.9208 46.9611 64.0207 11.1219
52 25.9707 46.9212 63.9707 11.1618
52.1 26.0207 46.8813 63.9207 11.2017
52.2 26.0706 46.8412 63.8706 11.2418
52.3 26.1206 46.8012 63.8206 11.2818
52.4 26.1706 46.761 63.7705 11.322
52.5 26.2205 46.7208 63.7205 11.3622
52.6 26.2705 46.6806 63.6705 11.4024
52.7 26.3204 46.6403 63.6204 11.4427
52.8 26.3704 46.6 63.5704 11.483
52.9 26.4204 46.5596 63.5203 11.5234
53 26.4703 46.5191 63.4703 11.5639
53.1 26.5203 46.4786 63.4203 11.6044
53.2 26.5702 46.438 63.3702 11.645
53.3 26.6202 46.3974 63.3202 11.6856
53.4 26.6702 46.3568 63.2701 11.7262
53.5 26.7201 46.316 63.2201 11.767
53.6 26.7701 46.2753 63.1701 11.8077
53.7 26.82 46.2345 63.12 11.8485
53.8 26.87 46.1936 63.07 11.8894
53.9 26.92 46.1526 63.0199 11.9304
54 26.9699 46.1117 62.9699 11.9713
54.1 27.0199 46.0706 62.9199 12.0124
54.2 27.0699 46.0295 62.8698 12.0535
54.3 27.1198 45.9884 62.8198 12.0946
54.4 27.1698 45.9472 62.7698 12.1358
54.5 27.2197 45.906 62.7197 12.177
54.6 27.2697 45.8647 62.6697 12.2183
54.7 27.3197 45.8234 62.6196 12.2596
54.8 27.3696 45.782 62.5696 12.301
54.9 27.4196 45.7405 62.5196 12.3425
55 27.4696 45.699 62.4695 12.384
55.1 27.5195 45.6575 62.4195 12.4255
55.2 27.5695 45.6159 62.3695 12.4671
55.3 27.6194 45.5742 62.3194 12.5088
55.4 27.6694 45.5325 62.2694 12.5505
55.5 27.7194 45.4908 62.2194 12.5922
55.6 27.7693 45.449 62.1693 12.634
55.7 27.8193 45.4071 62.1193 12.6759
55.8 27.8693 45.3652 62.0692 12.7178
55.9 27.9192 45.3233 62.0192 12.7597
56 27.9692 45.2813 61.9692 12.8017
56.1 28.0192 45.2393 61.9191 12.8437
56.2 28.0691 45.1972 61.8691 12.8858
56.3 28.1191 45.155 61.8191 12.928
56.4 28.169 45.1128 61.769 12.9702
56.5 28.219 45.0706 61.719 13.0124
56.6 28.269 45.0283 61.669 13.0547
56.7 28.3189 44.9859 61.6189 13.0971
56.8 28.3689 44.9436 61.5689 13.1394
56.9 28.4189 44.9011 61.5188 13.1819
57 28.4688 44.8586 61.4688 13.2244
57.1 28.5188 44.8161 61.4188 13.2669
57.2 28.5688 44.7735 61.3687 13.3095
57.3 28.6187 44.7309 61.3187 13.3521
57.4 28.6687 44.6882 61.2687 13.3948
57.5 28.7187 44.6455 61.2186 13.4375
57.6 28.7686 44.6027 61.1686 13.4803
57.7 28.8186 44.5599 61.1186 13.5231
57.8 28.8686 44.517 61.0685 13.566
57.9 28.9185 44.4741 61.0185 13.6089
58 28.9685 44.4312 60.9685 13.6518
58.1 29.0184 44.3881 60.9184 13.6949
58.2 29.0684 44.3451 60.8684 13.7379
58.3 29.1184 44.302 60.8184 13.781
58.4 29.1683 44.2588 60.7683 13.8242
58.5 29.2183 44.2156 60.7183 13.8674
58.6 29.2683 44.1724 60.6683 13.9106
58.7 29.3182 44.1291 60.6182 13.9539
58.8 29.3682 44.0858 60.5682 13.9972
58.9 29.4182 44.0424 60.5182 14.0406
59 29.4681 43.999 60.4681 14.084
59.1 29.5181 43.9555 60.4181 14.1275
59.2 29.5681 43.912 60.3681 14.171
59.3 29.618 43.8684 60.318 14.2146
59.4 29.668 43.8248 60.268 14.2582
59.5 29.718 43.7812 60.218 14.3018
59.6 29.7679 43.7375 60.1679 14.3455
59.7 29.8179 43.6937 60.1179 14.3893
59.8 29.8679 43.65 60.0679 14.433
59.9 29.9178 43.6061 60.0178 14.4769
60 29.9678 43.5623 59.9678 14.5207
60.1 30.0178 43.5183 59.9178 14.5647
60.2 30.0677 43.4744 59.8677 14.6086
60.3 30.1177 43.4304 59.8177 14.6526
60.4 30.1677 43.3863 59.7677 14.6967
60.5 30.2177 43.3422 59.7176 14.7408
60.6 30.2676 43.2981 59.6676 14.7849
60.7 30.3176 43.2539 59.6176 14.8291
60.8 30.3676 43.2097 59.5675 14.8733
60.9 30.4175 43.1654 59.5175 14.9176
61 30.4675 43.1211 59.4675 14.9619
61.1 30.5175 43.0767 59.4174 15.0063
61.2 30.5674 43.0323 59.3674 15.0507
61.3 30.6174 42.9879 59.3174 15.0951
61.4 30.6674 42.9434 59.2673 15.1396
61.5 30.7173 42.8989 59.2173 15.1841
61.6 30.7673 42.8543 59.1673 15.2287
61.7 30.8173 42.8097 59.1173 15.2733
61.8 30.8672 42.7651 59.0672 15.3179
61.9 30.9172 42.7204 59.0172 15.3626
62 30.9672 42.6757 58.9672 15.4073
62.1 31.0172 42.6309 58.9171 15.4521
62.2 31.0671 42.5861 58.8671 15.4969
62.3 31.1171 42.5412 58.8171 15.5418
62.4 31.1671 42.4963 58.767 15.5867
62.5 31.217 42.4514 58.717 15.6316
62.6 31.267 42.4064 58.667 15.6766
62.7 31.317 42.3614 58.617 15.7216
62.8 31.3669 42.3163 58.5669 15.7667
62.9 31.4169 42.2712 58.5169 15.8118
63 31.4669 42.2261 58.4669 15.8569
63.1 31.5169 42.1809 58.4168 15.9021
63.2 31.5668 42.1357 58.3668 15.9473
63.3 31.6168 42.0904 58.3168 15.9926
63.4 31.6668 42.0451 58.2667 16.0379
63.5 31.7167 41.9998 58.2167 16.0832
63.6 31.7667 41.9544 58.1667 16.1286
63.7 31.8167 41.909 58.1167 16.174
63.8 31.8667 41.8635 58.0666 16.2195
63.9 31.9166 41.818 58.0166 16.265
64 31.9666 41.7725 57.9666 16.3105
64.1 32.0166 41.7269 57.9165 16.3561
64.2 32.0665 41.6813 57.8665 16.4017
64.3 32.1165 41.6356 57.8165 16.4474
64.4 32.1665 41.5899 57.7665 16.4931
64.5 32.2165 41.5442 57.7164 16.5388
64.6 32.2664 41.4984 57.6664 16.5846
64.7 32.3164 41.4526 57.6164 16.6304
64.8 32.3664 41.4068 57.5664 16.6762
64.9 32.4163 41.3609 57.5163 16.7221
65 32.4663 41.315 57.4663 16.768
65.1 32.5163 41.269 57.4163 16.814
65.2 32.5663 41.223 57.3662 16.86
65.3 32.6162 41.177 57.3162 16.906
65.4 32.6662 41.1309 57.2662 16.9521
65.5 32.7162 41.0848 57.2162 16.9982
65.6 32.7662 41.0387 57.1661 17.0443
65.7 32.8161 40.9925 57.1161 17.0905
65.8 32.8661 40.9463 57.0661 17.1367
65.9 32.9161 40.9 57.0161 17.183
66 32.966 40.8537 56.966 17.2293
66.1 33.016 40.8074 56.916 17.2756
66.2 33.066 40.7611 56.866 17.3219
66.3 33.116 40.7147 56.8159 17.3683
66.4 33.1659 40.6682 56.7659 17.4148
66.5 33.2159 40.6218 56.7159 17.4612
66.6 33.2659 40.5753 56.6659 17.5077
66.7 33.3159 40.5287 56.6158 17.5543
66.8 33.3658 40.4822 56.5658 17.6008
66.9 33.4158 40.4356 56.5158 17.6474
67 33.4658 40.3889 56.4658 17.6941
67.1 33.5158 40.3422 56.4157 17.7408
67.2 33.5657 40.2955 56.3657 17.7875
67.3 33.6157 40.2488 56.3157 17.8342
67.4 33.6657 40.202 56.2657 17.881
67.5 33.7157 40.1552 56.2156 17.9278
67.6 33.7656 40.1084 56.1656 17.9746
67.7 33.8156 40.0615 56.1156 18.0215
67.8 33.8656 40.0146 56.0656 18.0684
67.9 33.9156 39.9676 56.0155 18.1154
68 33.9655 39.9206 55.9655 18.1624
68.1 34.0155 39.8736 55.9155 18.2094
68.2 34.0655 39.8266 55.8655 18.2564
68.3 34.1155 39.7795 55.8154 18.3035
68.4 34.1654 39.7324 55.7654 18.3506
68.5 34.2154 39.6852 55.7154 18.3978
68.6 34.2654 39.6381 55.6654 18.4449
68.7 34.3154 39.5909 55.6154 18.4921
68.8 34.3653 39.5436 55.5653 18.5394
68.9 34.4153 39.4963 55.5153 18.5867
69 34.4653 39.449 55.4653 18.634
69.1 34.5153 39.4017 55.4153 18.6813
69.2 34.5653 39.3543 55.3652 18.7287
69.3 34.6152 39.3069 55.3152 18.7761
69.4 34.6652 39.2595 55.2652 18.8235
69.5 34.7152 39.212 55.2152 18.871
69.6 34.7652 39.1646 55.1651 18.9184
69.7 34.8151 39.117 55.1151 18.966
69.8 34.8651 39.0695 55.0651 19.0135
69.9 34.9151 39.0219 55.0151 19.0611
70 34.9651 38.9743 54.9651 19.1087
70.1 35.0151 38.9266 54.915 19.1564
70.2 35.065 38.879 54.865 19.204
70.3 35.115 38.8313 54.815 19.2517
70.4 35.165 38.7835 54.765 19.2995
70.5 35.215 38.7358 54.7149 19.3472
70.6 35.2649 38.688 54.6649 19.395
70.7 35.3149 38.6401 54.6149 19.4429
70.8 35.3649 38.5923 54.5649 19.4907
70.9 35.4149 38.5444 54.5149 19.5386
71 35.4649 38.4965 54.4648 19.5865
71.1 35.5148 38.4485 54.4148 19.6345
71.2 35.5648 38.4006 54.3648 19.6824
71.3 35.6148 38.3526 54.3148 19.7304
71.4 35.6648 38.3046 54.2648 19.7784
71.5 35.7148 38.2565 54.2147 19.8265
71.6 35.7647 38.2084 54.1647 19.8746
71.7 35.8147 38.1603 54.1147 19.9227
71.8 35.8647 38.1122 54.0647 19.9708
71.9 35.9147 38.064 54.0147 20.019
72 35.9646 38.0158 53.9646 20.0672
72.1 36.0146 37.9676 53.9146 20.1154
72.2 36.0646 37.9194 53.8646 20.1636
72.3 36.1146 37.8711 53.8146 20.2119
72.4 36.1646 37.8228 53.7646 20.2602
72.5 36.2146 37.7744 53.7145 20.3086
72.6 36.2645 37.7261 53.6645 20.3569
72.7 36.3145 37.6777 53.6145 20.4053
72.8 36.3645 37.6293 53.5645 20.4537
72.9 36.4145 37.5809 53.5145 20.5021
73 36.4645 37.5324 53.4644 20.5506
73.1 36.5144 37.4839 53.4144 20.5991
73.2 36.5644 37.4354 53.3644 20.6476
73.3 36.6144 37.3869 53.3144 20.6961
73.4 36.6644 37.3383 53.2644 20.7447
73.5 36.7144 37.2897 53.2143 20.7933
73.6 36.7643 37.2411 53.1643 20.8419
73.7 36.8143 37.1925 53.1143 20.8905
73.8 36.8643 37.1438 53.0643 20.9392
73.9 36.9143 37.0951 53.0143 20.9879
74 36.9643 37.0464 52.9643 21.0366
74.1 37.0143 36.9977 52.9142 21.0853
74.2 37.0642 36.9489 52.8642 21.1341
74.3 37.1142 36.9001 52.8142 21.1829
74.4 37.1642 36.8513 52.7642 21.2317
74.5 37.2142 36.8025 52.7142 21.2805
74.6 37.2642 36.7536 52.6642 21.3294
74.7 37.3141 36.7048 52.6141 21.3782
74.8 37.3641 36.6559 52.5641 21.4271
74.9 37.4141 36.6069 52.5141 21.4761
75 37.4641 36.558 52.4641 21.525
75.1 37.5141 36.509 52.4141 21.574
75.2 37.5641 36.46 52.3641 21.623
75.3 37.614 36.411 52.314 21.672
75.4 37.664 36.362 52.264 21.721
75.5 37.714 36.3129 52.214 21.7701
75.6 37.764 36.2638 52.164 21.8192
75.7 37.814 36.2147 52.114 21.8683
75.8 37.864 36.1656 52.064 21.9174
75.9 37.9139 36.1164 52.0139 21.9666
76 37.9639 36.0673 51.9639 22.0157
76.1 38.0139 36.0181 51.9139 22.0649
76.2 38.0639 35.9689 51.8639 22.1141
76.3 38.1139 35.9196 51.8139 22.1634
76.4 38.1639 35.8704 51.7639 22.2126
76.5 38.2139 35.8211 51.7138 22.2619
76.6 38.2638 35.7718 51.6638 22.3112
76.7 38.3138 35.7225 51.6138 22.3605
76.8 38.3638 35.6732 51.5638 22.4098
76.9 38.4138 35.6238 51.5138 22.4592
77 38.4638 35.5744 51.4638 22.5086
77.1 38.5138 35.525 51.4138 22.558
77.2 38.5638 35.4756 51.3637 22.6074
77.3 38.6137 35.4262 51.3137 22.6568
77.4 38.6637 35.3767 51.2637 22.7063
77.5 38.7137 35.3272 51.2137 22.7558
77.6 38.7637 35.2777 51.1637 22.8053
77.7 38.8137 35.2282 51.1137 22.8548
77.8 38.8637 35.1787 51.0637 22.9043
77.9 38.9137 35.1291 51.0136 22.9539
78 38.9636 35.0796 50.9636 23.0034
78.1 39.0136 35.03 50.9136 23.053
78.2 39.0636 34.9804 50.8636 23.1026
78.3 39.1136 34.9307 50.8136 23.1523
78.4 39.1636 34.8811 50.7636 23.2019
78.5 39.2136 34.8314 50.7136 23.2516
78.6 39.2636 34.7818 50.6636 23.3012
78.7 39.3135 34.7321 50.6135 23.3509
78.8 39.3635 34.6824 50.5635 23.4006
78.9 39.4135 34.6326 50.5135 23.4504
79 39.4635 34.5829 50.4635 23.5001
79.1 39.5135 34.5331 50.4135 23.5499
79.2 39.5635 34.4833 50.3635 23.5997
79.3 39.6135 34.4335 50.3135 23.6495
79.4 39.6635 34.3837 50.2635 23.6993
79.5 39.7134 34.3339 50.2134 23.7491
79.6 39.7634 34.284 50.1634 23.799
79.7 39.8134 34.2342 50.1134 23.8488
79.8 39.8634 34.1843 50.0634 23.8987
79.9 39.9134 34.1344 50.0134 23.9486
80 39.9634 34.0845 49.9634 23.9985
80.1 40.0134 34.0346 49.9134 24.0484
80.2 40.0634 33.9846 49.8634 24.0984
80.3 40.1134 33.9347 49.8134 24.1483
80.4 40.1633 33.8847 49.7633 24.1983
80.5 40.2133 33.8347 49.7133 24.2483
80.6 40.2633 33.7847 49.6633 24.2983
80.7 40.3133 33.7347 49.6133 24.3483
80.8 40.3633 33.6847 49.5633 24.3983
80.9 40.4133 33.6346 49.5133 24.4484
81 40.4633 33.5846 49.4633 24.4984
81.1 40.5133 33.5345 49.4133 24.5485
81.2 40.5633 33.4844 49.3633 24.5986
81.3 40.6133 33.4343 49.3132 24.6487
81.4 40.6632 33.3842 49.2632 24.6988
81.5 40.7132 33.3341 49.2132 24.7489
81.6 40.7632 33.284 49.1632 24.799
81.7 40.8132 33.2338 49.1132 24.8492
81.8 40.8632 33.1837 49.0632 24.8993
81.9 40.9132 33.1335 49.0132 24.9495
82 40.9632 33.0833 48.9632 24.9997
82.1 41.0132 33.0331 48.9132 25.0499
82.2 41.0632 32.9829 48.8632 25.1001
82.3 41.1132 32.9327 48.8132 25.1503
82.4 41.1632 32.8824 48.7631 25.2006
82.5 41.2131 32.8322 48.7131 25.2508
82.6 41.2631 32.7819 48.6631 25.3011
82.7 41.3131 32.7316 48.6131 25.3514
82.8 41.3631 32.6814 48.5631 25.4016
82.9 41.4131 32.6311 48.5131 25.4519
83 41.4631 32.5808 48.4631 25.5022
83.1 41.5131 32.5305 48.4131 25.5525
83.2 41.5631 32.4801 48.3631 25.6029
83.3 41.6131 32.4298 48.3131 25.6532
83.4 41.6631 32.3794 48.2631 25.7036
83.5 41.7131 32.3291 48.2131 25.7539
83.6 41.7631 32.2787 48.1631 25.8043
83.7 41.8131 32.2283 48.113 25.8547
83.8 41.863 32.178 48.063 25.905
83.9 41.913 32.1276 48.013 25.9554
84 41.963 32.0772 47.963 26.0058
84.1 42.013 32.0267 47.913 26.0563
84.2 42.063 31.9763 47.863 26.1067
84.3 42.113 31.9259 47.813 26.1571
84.4 42.163 31.8755 47.763 26.2075
84.5 42.213 31.825 47.713 26.258
84.6 42.263 31.7745 47.663 26.3085
84.7 42.313 31.7241 47.613 26.3589
84.8 42.363 31.6736 47.563 26.4094
84.9 42.413 31.6231 47.513 26.4599
85 42.463 31.5726 47.463 26.5104
85.1 42.513 31.5221 47.413 26.5609
85.2 42.563 31.4716 47.363 26.6114
85.3 42.6129 31.4211 47.3129 26.6619
85.4 42.6629 31.3706 47.2629 26.7124
85.5 42.7129 31.3201 47.2129 26.7629
85.6 42.7629 31.2695 47.1629 26.8135
85.7 42.8129 31.219 47.1129 26.864
85.8 42.8629 31.1684 47.0629 26.9146
85.9 42.9129 31.1179 47.0129 26.9651
86 42.9629 31.0673 46.9629 27.0157
86.1 43.0129 31.0168 46.9129 27.0662
86.2 43.0629 30.9662 46.8629 27.1168
86.3 43.1129 30.9156 46.8129 27.1674
86.4 43.1629 30.865 46.7629 27.218
86.5 43.2129 30.8144 46.7129 27.2686
86.6 43.2629 30.7638 46.6629 27.3192
86.7 43.3129 30.7132 46.6129 27.3698
86.8 43.3629 30.6626 46.5629 27.4204
86.9 43.4129 30.612 46.5129 27.471
87 43.4629 30.5614 46.4629 27.5216
87.1 43.5129 30.5108 46.4129 27.5722
87.2 43.5629 30.4602 46.3629 27.6228
87.3 43.6129 30.4095 46.3129 27.6735
87.4 43.6629 30.3589 46.2629 27.7241
87.5 43.7129 30.3083 46.2129 27.7747
87.6 43.7629 30.2576 46.1629 27.8254
87.7 43.8129 30.207 46.1129 27.876
87.8 43.8629 30.1563 46.0628 27.9267
87.9 43.9128 30.1057 46.0128 27.9773
88 43.9628 30.055 45.9628 28.028
88.1 44.0128 30.0044 45.9128 28.0786
88.2 44.0628 29.9537 45.8628 28.1293
88.3 44.1128 29.9031 45.8128 28.1799
88.4 44.1628 29.8524 45.7628 28.2306
88.5 44.2128 29.8017 45.7128 28.2813
88.6 44.2628 29.751 45.6628 28.332
88.7 44.3128 29.7004 45.6128 28.3826
88.8 44.3628 29.6497 45.5628 28.4333
88.9 44.4128 29.599 45.5128 28.484
89 44.4628 29.5483 45.4628 28.5347
89.1 44.5128 29.4977 45.4128 28.5853
89.2 44.5628 29.447 45.3628 28.636
89.3 44.6128 29.3963 45.3128 28.6867
89.4 44.6628 29.3456 45.2628 28.7374
89.5 44.7128 29.2949 45.2128 28.7881
89.6 44.7628 29.2442 45.1628 28.8388
89.7 44.8128 29.1936 45.1128 28.8894
89.8 44.8628 29.1429 45.0628 28.9401
89.9 44.9128 29.0922 45.0128 28.9908
90 44.9628 29.0415 44.9628 29.0415
90.1 45.0128 28.9908 44.9128 29.0922
90.2 45.0628 28.9401 44.8628 29.1429
90.3 45.1128 28.8894 44.8128 29.1936
90.4 45.1628 28.8388 44.7628 29.2442
90.5 45.2128 28.7881 44.7128 29.2949
90.6 45.2628 28.7374 44.6628 29.3456
90.7 45.3128 28.6867 44.6128 29.3963
90.8 45.3628 28.636 44.5628 29.447
90.9 45.4128 28.5853 44.5128 29.4977
91 45.4628 28.5347 44.4628 29.5483
91.1 45.5128 28.484 44.4128 29.599
91.2 45.5628 28.4333 44.3628 29.6497
91.3 45.6128 28.3826 44.3128 29.7004
91.4 45.6628 28.332 44.2628 29.751
91.5 45.7128 28.2813 44.2128 29.8017
91.6 45.7628 28.2306 44.1628 29.8524
91.7 45.8128 28.1799 44.1128 29.9031
91.8 45.8628 28.1293 44.0628 29.9537
91.9 45.9128 28.0786 44.0128 30.0044
92 45.9628 28.028 43.9628 30.055
92.1 46.0128 27.9773 43.9128 30.1057
92.2 46.0628 27.9267 43.8629 30.1563
92.3 46.1129 27.876 43.8129 30.207
92.4 46.1629 27.8254 43.7629 30.2576
92.5 46.2129 27.7747 43.7129 30.3083
92.6 46.2629 27.7241 43.6629 30.3589
92.7 46.3129 27.6735 43.6129 30.4095
92.8 46.3629 27.6228 43.5629 30.4602
92.9 46.4129 27.5722 43.5129 30.5108
93 46.4629 27.5216 43.4629 30.5614
93.1 46.5129 27.471 43.4129 30.612
93.2 46.5629 27.4204 43.3629 30.6626
93.3 46.6129 27.3698 43.3129 30.7132
93.4 46.6629 27.3192 43.2629 30.7638
93.5 46.7129 27.2686 43.2129 30.8144
93.6 46.7629 27.218 43.1629 30.865
93.7 46.8129 27.1674 43.1129 30.9156
93.8 46.8629 27.1168 43.0629 30.9662
93.9 46.9129 27.0662 43.0129 31.0168
94 46.9629 27.0157 42.9629 31.0673
94.1 47.0129 26.9651 42.9129 31.1179
94.2 47.0629 26.9146 42.8629 31.1684
94.3 47.1129 26.864 42.8129 31.219
94.4 47.1629 26.8135 42.7629 31.2695
94.5 47.2129 26.7629 42.7129 31.3201
94.6 47.2629 26.7124 42.6629 31.3706
94.7 47.3129 26.6619 42.6129 31.4211
94.8 47.363 26.6114 42.563 31.4716
94.9 47.413 26.5609 42.513 31.5221
95 47.463 26.5104 42.463 31.5726
95.1 47.513 26.4599 42.413 31.6231
95.2 47.563 26.4094 42.363 31.6736
95.3 47.613 26.3589 42.313 31.7241
95.4 47.663 26.3085 42.263 31.7745
95.5 47.713 26.258 42.213 31.825
95.6 47.763 26.2075 42.163 31.8755
95.7 47.813 26.1571 42.113 31.9259
95.8 47.863 26.1067 42.063 31.9763
95.9 47.913 26.0563 42.013 32.0267
96 47.963 26.0058 41.963 32.0772
96.1 48.013 25.9554 41.913 32.1276
96.2 48.063 25.905 41.863 32.178
96.3 48.113 25.8547 41.8131 32.2283
96.4 48.1631 25.8043 41.7631 32.2787
96.5 48.2131 25.7539 41.7131 32.3291
96.6 48.2631 25.7036 41.6631 32.3794
96.7 48.3131 25.6532 41.6131 32.4298
96.8 48.3631 25.6029 41.5631 32.4801
96.9 48.4131 25.5525 41.5131 32.5305
97 48.4631 25.5022 41.4631 32.5808
97.1 48.5131 25.4519 41.4131 32.6311
97.2 48.5631 25.4016 41.3631 32.6814
97.3 48.6131 25.3514 41.3131 32.7316
97.4 48.6631 25.3011 41.2631 32.7819
97.5 48.7131 25.2508 41.2131 32.8322
97.6 48.7631 25.2006 41.1632 32.8824
97.7 48.8132 25.1503 41.1132 32.9327
97.8 48.8632 25.1001 41.0632 32.9829
97.9 48.9132 25.0499 41.0132 33.0331
98 48.9632 24.9997 40.9632 33.0833
98.1 49.0132 24.9495 40.9132 33.1335
98.2 49.0632 24.8993 40.8632 33.1837
98.3 49.1132 24.8492 40.8132 33.2338
98.4 49.1632 24.799 40.7632 33.284
98.5 49.2132 24.7489 40.7132 33.3341
98.6 49.2632 24.6988 40.6632 33.3842
98.7 49.3132 24.6487 40.6133 33.4343
98.8 49.3633 24.5986 40.5633 33.4844
98.9 49.4133 24.5485 40.5133 33.5345
99 49.4633 24.4984 40.4633 33.5846
99.1 49.5133 24.4484 40.4133 33.6346
99.2 49.5633 24.3983 40.3633 33.6847
99.3 49.6133 24.3483 40.3133 33.7347
99.4 49.6633 24.2983 40.2633 33.7847
99.5 49.7133 24.2483 40.2133 33.8347
99.6 49.7633 24.1983 40.1633 33.8847
99.7 49.8134 24.1483 40.1134 33.9347
99.8 49.8634 24.0984 40.0634 33.9846
99.9 49.9134 24.0484 40.0134 34.0346
100 49.9634 23.9985 39.9634 34.0845
100.1 50.0134 23.9486 39.9134 34.1344
100.2 50.0634 23.8987 39.8634 34.1843
100.3 50.1134 23.8488 39.8134 34.2342
100.4 50.1634 23.799 39.7634 34.284
100.5 50.2134 23.7491 39.7134 34.3339
100.6 50.2635 23.6993 39.6635 34.3837
100.7 50.3135 23.6495 39.6135 34.4335
100.8 50.3635 23.5997 39.5635 34.4833
100.9 50.4135 23.5499 39.5135 34.5331
101 50.4635 23.5001 39.4635 34.5829
101.1 50.5135 23.4504 39.4135 34.6326
101.2 50.5635 23.4006 39.3635 34.6824
101.3 50.6135 23.3509 39.3135 34.7321
101.4 50.6636 23.3012 39.2636 34.7818
101.5 50.7136 23.2516 39.2136 34.8314
101.6 50.7636 23.2019 39.1636 34.8811
101.7 50.8136 23.1523 39.1136 34.9307
101.8 50.8636 23.1026 39.0636 34.9804
101.9 50.9136 23.053 39.0136 35.03
102 50.9636 23.0034 38.9636 35.0796
102.1 51.0136 22.9539 38.9137 35.1291
102.2 51.0637 22.9043 38.8637 35.1787
102.3 51.1137 22.8548 38.8137 35.2282
102.4 51.1637 22.8053 38.7637 35.2777
102.5 51.2137 22.7558 38.7137 35.3272
102.6 51.2637 22.7063 38.6637 35.3767
102.7 51.3137 22.6568 38.6137 35.4262
102.8 51.3637 22.6074 38.5638 35.4756
102.9 51.4138 22.558 38.5138 35.525
103 51.4638 22.5086 38.4638 35.5744
103.1 51.5138 22.4592 38.4138 35.6238
103.2 51.5638 22.4098 38.3638 35.6732
103.3 51.6138 22.3605 38.3138 35.7225
103.4 51.6638 22.3112 38.2638 35.7718
103.5 51.7138 22.2619 38.2139 35.8211
103.6 51.7639 22.2126 38.1639 35.8704
103.7 51.8139 22.1634 38.1139 35.9196
103.8 51.8639 22.1141 38.0639 35.9689
103.9 51.9139 22.0649 38.0139 36.0181
104 51.9639 22.0157 37.9639 36.0673
104.1 52.0139 21.9666 37.9139 36.1164
104.2 52.064 21.9174 37.864 36.1656
104.3 52.114 21.8683 37.814 36.2147
104.4 52.164 21.8192 37.764 36.2638
104.5 52.214 21.7701 37.714 36.3129
104.6 52.264 21.721 37.664 36.362
104.7 52.314 21.672 37.614 36.411
104.8 52.3641 21.623 37.5641 36.46
104.9 52.4141 21.574 37.5141 36.509
105 52.4641 21.525 37.4641 36.558
105.1 52.5141 21.4761 37.4141 36.6069
105.2 52.5641 21.4271 37.3641 36.6559
105.3 52.6141 21.3782 37.3141 36.7048
105.4 52.6642 21.3294 37.2642 36.7536
105.5 52.7142 21.2805 37.2142 36.8025
105.6 52.7642 21.2317 37.1642 36.8513
105.7 52.8142 21.1829 37.1142 36.9001
105.8 52.8642 21.1341 37.0642 36.9489
105.9 52.9142 21.0853 37.0143 36.9977
106 52.9643 21.0366 36.9643 37.0464
106.1 53.0143 20.9879 36.9143 37.0951
106.2 53.0643 20.9392 36.8643 37.1438
106.3 53.1143 20.8905 36.8143 37.1925
106.4 53.1643 20.8419 36.7643 37.2411
106.5 53.2143 20.7933 36.7144 37.2897
106.6 53.2644 20.7447 36.6644 37.3383
106.7 53.3144 20.6961 36.6144 37.3869
106.8 53.3644 20.6476 36.5644 37.4354
106.9 53.4144 20.5991 36.5144 37.4839
107 53.4644 20.5506 36.4645 37.5324
107.1 53.5145 20.5021 36.4145 37.5809
107.2 53.5645 20.4537 36.3645 37.6293
107.3 53.6145 20.4053 36.3145 37.6777
107.4 53.6645 20.3569 36.2645 37.7261
107.5 53.7145 20.3086 36.2146 37.7744
107.6 53.7646 20.2602 36.1646 37.8228
107.7 53.8146 20.2119 36.1146 37.8711
107.8 53.8646 20.1636 36.0646 37.9194
107.9 53.9146 20.1154 36.0146 37.9676
108 53.9646 20.0672 35.9646 38.0158
108.1 54.0147 20.019 35.9147 38.064
108.2 54.0647 19.9708 35.8647 38.1122
108.3 54.1147 19.9227 35.8147 38.1603
108.4 54.1647 19.8746 35.7647 38.2084
108.5 54.2147 19.8265 35.7148 38.2565
108.6 54.2648 19.7784 35.6648 38.3046
108.7 54.3148 19.7304 35.6148 38.3526
108.8 54.3648 19.6824 35.5648 38.4006
108.9 54.4148 19.6345 35.5148 38.4485
109 54.4648 19.5865 35.4649 38.4965
109.1 54.5149 19.5386 35.4149 38.5444
109.2 54.5649 19.4907 35.3649 38.5923
109.3 54.6149 19.4429 35.3149 38.6401
109.4 54.6649 19.395 35.2649 38.688
109.5 54.7149 19.3472 35.215 38.7358
109.6 54.765 19.2995 35.165 38.7835
109.7 54.815 19.2517 35.115 38.8313
109.8 54.865 19.204 35.065 38.879
109.9 54.915 19.1564 35.0151 38.9266
110 54.9651 19.1087 34.9651 38.9743
110.1 55.0151 19.0611 34.9151 39.0219
110.2 55.0651 19.0135 34.8651 39.0695
110.3 55.1151 18.966 34.8151 39.117
110.4 55.1651 18.9184 34.7652 39.1646
110.5 55.2152 18.871 34.7152 39.212
110.6 55.2652 18.8235 34.6652 39.2595
110.7 55.3152 18.7761 34.6152 39.3069
110.8 55.3652 18.7287 34.5653 39.3543
110.9 55.4153 18.6813 34.5153 39.4017
111 55.4653 18.634 34.4653 39.449
111.1 55.5153 18.5867 34.4153 39.4963
111.2 55.5653 18.5394 34.3653 39.5436
111.3 55.6154 18.4921 34.3154 39.5909
111.4 55.6654 18.4449 34.2654 39.6381
111.5 55.7154 18.3978 34.2154 39.6852
111.6 55.7654 18.3506 34.1654 39.7324
111.7 55.8154 18.3035 34.1155 39.7795
111.8 55.8655 18.2564 34.0655 39.8266
111.9 55.9155 18.2094 34.0155 39.8736
112 55.9655 18.1624 33.9655 39.9206
112.1 56.0155 18.1154 33.9156 39.9676
112.2 56.0656 18.0684 33.8656 40.0146
112.3 56.1156 18.0215 33.8156 40.0615
112.4 56.1656 17.9746 33.7656 40.1084
112.5 56.2156 17.9278 33.7157 40.1552
112.6 56.2657 17.881 33.6657 40.202
112.7 56.3157 17.8342 33.6157 40.2488
112.8 56.3657 17.7875 33.5657 40.2955
112.9 56.4157 17.7408 33.5158 40.3422
113 56.4658 17.6941 33.4658 40.3889
113.1 56.5158 17.6474 33.4158 40.4356
113.2 56.5658 17.6008 33.3658 40.4822
113.3 56.6158 17.5543 33.3159 40.5287
113.4 56.6659 17.5077 33.2659 40.5753
113.5 56.7159 17.4612 33.2159 40.6218
113.6 56.7659 17.4148 33.1659 40.6682
113.7 56.8159 17.3683 33.116 40.7147
113.8 56.866 17.3219 33.066 40.7611
113.9 56.916 17.2756 33.016 40.8074
114 56.966 17.2293 32.966 40.8537
114.1 57.0161 17.183 32.9161 40.9
114.2 57.0661 17.1367 32.8661 40.9463
114.3 57.1161 17.0905 32.8161 40.9925
114.4 57.1661 17.0443 32.7662 41.0387
114.5 57.2162 16.9982 32.7162 41.0848
114.6 57.2662 16.9521 32.6662 41.1309
114.7 57.3162 16.906 32.6162 41.177
114.8 57.3662 16.86 32.5663 41.223
114.9 57.4163 16.814 32.5163 41.269
115 57.4663 16.768 32.4663 41.315
115.1 57.5163 16.7221 32.4163 41.3609
115.2 57.5664 16.6762 32.3664 41.4068
115.3 57.6164 16.6304 32.3164 41.4526
115.4 57.6664 16.5846 32.2664 41.4984
115.5 57.7164 16.5388 32.2165 41.5442
115.6 57.7665 16.4931 32.1665 41.5899
115.7 57.8165 16.4474 32.1165 41.6356
115.8 57.8665 16.4017 32.0665 41.6813
115.9 57.9165 16.3561 32.0166 41.7269
116 57.9666 16.3105 31.9666 41.7725
116.1 58.0166 16.265 31.9166 41.818
116.2 58.0666 16.2195 31.8667 41.8635
116.3 58.1167 16.174 31.8167 41.909
116.4 58.1667 16.1286 31.7667 41.9544
116.5 58.2167 16.0832 31.7167 41.9998
116.6 58.2667 16.0379 31.6668 42.0451
116.7 58.3168 15.9926 31.6168 42.0904
116.8 58.3668 15.9473 31.5668 42.1357
116.9 58.4168 15.9021 31.5169 42.1809
117 58.4669 15.8569 31.4669 42.2261
117.1 58.5169 15.8118 31.4169 42.2712
117.2 58.5669 15.7667 31.3669 42.3163
117.3 58.617 15.7216 31.317 42.3614
117.4 58.667 15.6766 31.267 42.4064
117.5 58.717 15.6316 31.217 42.4514
117.6 58.767 15.5867 31.1671 42.4963
117.7 58.8171 15.5418 31.1171 42.5412
117.8 58.8671 15.4969 31.0671 42.5861
117.9 58.9171 15.4521 31.0172 42.6309
118 58.9672 15.4073 30.9672 42.6757
118.1 59.0172 15.3626 30.9172 42.7204
118.2 59.0672 15.3179 30.8672 42.7651
118.3 59.1173 15.2733 30.8173 42.8097
118.4 59.1673 15.2287 30.7673 42.8543
118.5 59.2173 15.1841 30.7173 42.8989
118.6 59.2673 15.1396 30.6674 42.9434
118.7 59.3174 15.0951 30.6174 42.9879
118.8 59.3674 15.0507 30.5674 43.0323
118.9 59.4174 15.0063 30.5175 43.0767
119 59.4675 14.9619 30.4675 43.1211
119.1 59.5175 14.9176 30.4175 43.1654
119.2 59.5675 14.8733 30.3676 43.2097
119.3 59.6176 14.8291 30.3176 43.2539
119.4 59.6676 14.7849 30.2676 43.2981
119.5 59.7176 14.7408 30.2177 43.3422
119.6 59.7677 14.6967 30.1677 43.3863
119.7 59.8177 14.6526 30.1177 43.4304
119.8 59.8677 14.6086 30.0677 43.4744
119.9 59.9178 14.5647 30.0178 43.5183
120 59.9678 14.5207 29.9678 43.5623
120.1 60.0178 14.4769 29.9178 43.6061
120.2 60.0679 14.433 29.8679 43.65
120.3 60.1179 14.3893 29.8179 43.6937
120.4 60.1679 14.3455 29.7679 43.7375
120.5 60.218 14.3018 29.718 43.7812
120.6 60.268 14.2582 29.668 43.8248
120.7 60.318 14.2146 29.618 43.8684
120.8 60.3681 14.171 29.5681 43.912
120.9 60.4181 14.1275 29.5181 43.9555
121 60.4681 14.084 29.4681 43.999
121.1 60.5182 14.0406 29.4182 44.0424
121.2 60.5682 13.9972 29.3682 44.0858
121.3 60.6182 13.9539 29.3182 44.1291
121.4 60.6683 13.9106 29.2683 44.1724
121.5 60.7183 13.8674 29.2183 44.2156
121.6 60.7683 13.8242 29.1683 44.2588
121.7 60.8184 13.781 29.1184 44.302
121.8 60.8684 13.7379 29.0684 44.3451
121.9 60.9184 13.6949 29.0184 44.3881
122 60.9685 13.6518 28.9685 44.4312
122.1 61.0185 13.6089 28.9185 44.4741
122.2 61.0685 13.566 28.8686 44.517
122.3 61.1186 13.5231 28.8186 44.5599
122.4 61.1686 13.4803 28.7686 44.6027
122.5 61.2186 13.4375 28.7187 44.6455
122.6 61.2687 13.3948 28.6687 44.6882
122.7 61.3187 13.3521 28.6187 44.7309
122.8 61.3687 13.3095 28.5688 44.7735
122.9 61.4188 13.2669 28.5188 44.8161
123 61.4688 13.2244 28.4688 44.8586
123.1 61.5188 13.1819 28.4189 44.9011
123.2 61.5689 13.1394 28.3689 44.9436
123.3 61.6189 13.0971 28.3189 44.9859
123.4 61.669 13.0547 28.269 45.0283
123.5 61.719 13.0124 28.219 45.0706
123.6 61.769 12.9702 28.169 45.1128
123.7 61.8191 12.928 28.1191 45.155
123.8 61.8691 12.8858 28.0691 45.1972
123.9 61.9191 12.8437 28.0192 45.2393
124 61.9692 12.8017 27.9692 45.2813
124.1 62.0192 12.7597 27.9192 45.3233
124.2 62.0692 12.7178 27.8693 45.3652
124.3 62.1193 12.6759 27.8193 45.4071
124.4 62.1693 12.634 27.7693 45.449
124.5 62.2194 12.5922 27.7194 45.4908
124.6 62.2694 12.5505 27.6694 45.5325
124.7 62.3194 12.5088 27.6194 45.5742
124.8 62.3695 12.4671 27.5695 45.6159
124.9 62.4195 12.4255 27.5195 45.6575
125 62.4695 12.384 27.4696 45.699
125.1 62.5196 12.3425 27.4196 45.7405
125.2 62.5696 12.301 27.3696 45.782
125.3 62.6196 12.2596 27.3197 45.8234
125.4 62.6697 12.2183 27.2697 45.8647
125.5 62.7197 12.177 27.2197 45.906
125.6 62.7698 12.1358 27.1698 45.9472
125.7 62.8198 12.0946 27.1198 45.9884
125.8 62.8698 12.0535 27.0699 46.0295
125.9 62.9199 12.0124 27.0199 46.0706
126 62.9699 11.9713 26.9699 46.1117
126.1 63.0199 11.9304 26.92 46.1526
126.2 63.07 11.8894 26.87 46.1936
126.3 63.12 11.8485 26.82 46.2345
126.4 63.1701 11.8077 26.7701 46.2753
126.5 63.2201 11.767 26.7201 46.316
126.6 63.2701 11.7262 26.6702 46.3568
126.7 63.3202 11.6856 26.6202 46.3974
126.8 63.3702 11.645 26.5702 46.438
126.9 63.4203 11.6044 26.5203 46.4786
127 63.4703 11.5639 26.4703 46.5191
127.1 63.5203 11.5234 26.4204 46.5596
127.2 63.5704 11.483 26.3704 46.6
127.3 63.6204 11.4427 26.3204 46.6403
127.4 63.6705 11.4024 26.2705 46.6806
127.5 63.7205 11.3622 26.2205 46.7208
127.6 63.7705 11.322 26.1706 46.761
127.7 63.8206 11.2818 26.1206 46.8012
127.8 63.8706 11.2418 26.0706 46.8412
127.9 63.9207 11.2017 26.0207 46.8813
128 63.9707 11.1618 25.9707 46.9212
128.1 64.0207 11.1219 25.9208 46.9611
128.2 64.0708 11.082 25.8708 47.001
128.3 64.1208 11.0422 25.8208 47.0408
128.4 64.1709 11.0024 25.7709 47.0806
128.5 64.2209 10.9627 25.7209 47.1203
128.6 64.2709 10.9231 25.671 47.1599
128.7 64.321 10.8835 25.621 47.1995
128.8 64.371 10.844 25.571 47.239
128.9 64.4211 10.8045 25.5211 47.2785
129 64.4711 10.7651 25.4711 47.3179
129.1 64.5211 10.7257 25.4212 47.3573
129.2 64.5712 10.6864 25.3712 47.3966
129.3 64.6212 10.6472 25.3212 47.4358
129.4 64.6713 10.608 25.2713 47.475
129.5 64.7213 10.5688 25.2213 47.5142
129.6 64.7713 10.5298 25.1714 47.5532
129.7 64.8214 10.4907 25.1214 47.5923
129.8 64.8714 10.4518 25.0714 47.6312
129.9 64.9215 10.4128 25.0215 47.6702
130 64.9715 10.374 24.9715 47.709
130.1 65.0216 10.3352 24.9216 47.7478
130.2 65.0716 10.2964 24.8716 47.7866
130.3 65.1216 10.2578 24.8217 47.8252
130.4 65.1717 10.2191 24.7717 47.8639
130.5 65.2217 10.1806 24.7217 47.9024
130.6 65.2718 10.142 24.6718 47.941
130.7 65.3218 10.1036 24.6218 47.9794
130.8 65.3718 10.0652 24.5719 48.0178
130.9 65.4219 10.0268 24.5219 48.0562
131 65.4719 9.98856 24.472 48.0944
131.1 65.522 9.95034 24.422 48.1327
131.2 65.572 9.91217 24.372 48.1708
131.3 65.6221 9.87406 24.3221 48.2089
131.4 65.6721 9.83601 24.2721 48.247
131.5 65.7221 9.79802 24.2222 48.285
131.6 65.7722 9.76009 24.1722 48.3229
131.7 65.8222 9.72221 24.1223 48.3608
131.8 65.8723 9.6844 24.0723 48.3986
131.9 65.9223 9.64664 24.0223 48.4364
132 65.9724 9.60894 23.9724 48.4741
132.1 66.0224 9.57131 23.9224 48.5117
132.2 66.0724 9.53373 23.8725 48.5493
132.3 66.1225 9.49621 23.8225 48.5868
132.4 66.1725 9.45875 23.7726 48.6243
132.5 66.2226 9.42135 23.7226 48.6617
132.6 66.2726 9.38401 23.6726 48.699
132.7 66.3227 9.34673 23.6227 48.7363
132.8 66.3727 9.30951 23.5727 48.7735
132.9 66.4228 9.27234 23.5228 48.8107
133 66.4728 9.23524 23.4728 48.8478
133.1 66.5228 9.1982 23.4229 48.8848
133.2 66.5729 9.16123 23.3729 48.9218
133.3 66.6229 9.12431 23.323 48.9587
133.4 66.673 9.08745 23.273 48.9956
133.5 66.723 9.05065 23.223 49.0323
133.6 66.7731 9.01391 23.1731 49.0691
133.7 66.8231 8.97724 23.1231 49.1058
133.8 66.8732 8.94062 23.0732 49.1424
133.9 66.9232 8.90407 23.0232 49.1789
134 66.9732 8.86758 22.9733 49.2154
134.1 67.0233 8.83115 22.9233 49.2519
134.2 67.0733 8.79478 22.8734 49.2882
134.3 67.1234 8.75847 22.8234 49.3245
134.4 67.1734 8.72223 22.7735 49.3608
134.5 67.2235 8.68604 22.7235 49.397
134.6 67.2735 8.64992 22.6735 49.4331
134.7 67.3236 8.61386 22.6236 49.4691
134.8 67.3736 8.57787 22.5736 49.5051
134.9 67.4237 8.54193 22.5237 49.5411
135 67.4737 8.50606 22.4737 49.5769
135.1 67.5237 8.47025 22.4238 49.6128
135.2 67.5738 8.4345 22.3738 49.6485
135.3 67.6238 8.39882 22.3239 49.6842
135.4 67.6739 8.3632 22.2739 49.7198
135.5 67.7239 8.32764 22.224 49.7554
135.6 67.774 8.29214 22.174 49.7909
135.7 67.824 8.25671 22.124 49.8263
135.8 67.8741 8.22134 22.0741 49.8617
135.9 67.9241 8.18604 22.0241 49.897
136 67.9742 8.15079 21.9742 49.9322
136.1 68.0242 8.11561 21.9242 49.9674
136.2 68.0743 8.0805 21.8743 50.0025
136.3 68.1243 8.04545 21.8243 50.0376
136.4 68.1743 8.01046 21.7744 50.0725
136.5 68.2244 7.97554 21.7244 50.1075
136.6 68.2744 7.94068 21.6745 50.1423
136.7 68.3245 7.90589 21.6245 50.1771
136.8 68.3745 7.87116 21.5746 50.2118
136.9 68.4246 7.83649 21.5246 50.2465
137 68.4746 7.80189 21.4747 50.2811
137.1 68.5247 7.76736 21.4247 50.3156
137.2 68.5747 7.73288 21.3748 50.3501
137.3 68.6248 7.69848 21.3248 50.3845
137.4 68.6748 7.66414 21.2748 50.4189
137.5 68.7249 7.62986 21.2249 50.4531
137.6 68.7749 7.59565 21.1749 50.4874
137.7 68.825 7.5615 21.125 50.5215
137.8 68.875 7.52742 21.075 50.5556
137.9 68.9251 7.49341 21.0251 50.5896
138 68.9751 7.45946 20.9751 50.6235
138.1 69.0252 7.42558 20.9252 50.6574
138.2 69.0752 7.39176 20.8752 50.6912
138.3 69.1253 7.35801 20.8253 50.725
138.4 69.1753 7.32432 20.7753 50.7587
138.5 69.2254 7.2907 20.7254 50.7923
138.6 69.2754 7.25715 20.6754 50.8259
138.7 69.3255 7.22366 20.6255 50.8593
138.8 69.3755 7.19024 20.5755 50.8928
138.9 69.4255 7.15689 20.5256 50.9261
139 69.4756 7.1236 20.4756 50.9594
139.1 69.5256 7.09038 20.4257 50.9926
139.2 69.5757 7.05723 20.3757 51.0258
139.3 69.6257 7.02414 20.3258 51.0589
139.4 69.6758 6.99112 20.2758 51.0919
139.5 69.7258 6.95817 20.2259 51.1248
139.6 69.7759 6.92529 20.1759 51.1577
139.7 69.8259 6.89247 20.126 51.1905
139.8 69.876 6.85972 20.076 51.2233
139.9 69.926 6.82704 20.0261 51.256
140 69.9761 6.79442 19.9761 51.2886
140.1 70.0261 6.76187 19.9262 51.3211
140.2 70.0762 6.72939 19.8762 51.3536
140.3 70.1262 6.69698 19.8263 51.386
140.4 70.1763 6.66464 19.7763 51.4184
140.5 70.2263 6.63236 19.7264 51.4506
140.6 70.2764 6.60016 19.6764 51.4828
140.7 70.3264 6.56802 19.6265 51.515
140.8 70.3765 6.53595 19.5765 51.5471
140.9 70.4265 6.50395 19.5266 51.5791
141 70.4766 6.47202 19.4766 51.611
141.1 70.5266 6.44015 19.4267 51.6428
141.2 70.5767 6.40836 19.3767 51.6746
141.3 70.6267 6.37663 19.3268 51.7064
141.4 70.6768 6.34497 19.2768 51.738
141.5 70.7268 6.31339 19.2269 51.7696
141.6 70.7769 6.28187 19.1769 51.8011
141.7 70.8269 6.25042 19.127 51.8326
141.8 70.877 6.21904 19.077 51.864
141.9 70.927 6.18773 19.0271 51.8953
142 70.9771 6.15649 18.9771 51.9265
142.1 71.0272 6.12531 18.9272 51.9577
142.2 71.0772 6.09421 18.8772 51.9888
142.3 71.1273 6.06318 18.8273 52.0198
142.4 71.1773 6.03222 18.7773 52.0508
142.5 71.2274 6.00133 18.7274 52.0817
142.6 71.2774 5.97051 18.6774 52.1125
142.7 71.3275 5.93976 18.6275 52.1432
142.8 71.3775 5.90908 18.5775 52.1739
142.9 71.4276 5.87847 18.5276 52.2045
143 71.4776 5.84793 18.4776 52.2351
143.1 71.5277 5.81746 18.4277 52.2655
143.2 71.5777 5.78706 18.3777 52.2959
143.3 71.6278 5.75673 18.3278 52.3263
143.4 71.6778 5.72648 18.2778 52.3565
143.5 71.7279 5.69629 18.2279 52.3867
143.6 71.7779 5.66618 18.1779 52.4168
143.7 71.828 5.63613 18.128 52.4469
143.8 71.878 5.60616 18.0781 52.4768
143.9 71.9281 5.57626 18.0281 52.5067
144 71.9781 5.54643 17.9782 52.5366
144.1 72.0282 5.51668 17.9282 52.5663
144.2 72.0782 5.48699 17.8783 52.596
144.3 72.1283 5.45738 17.8283 52.6256
144.4 72.1783 5.42783 17.7784 52.6552
144.5 72.2284 5.39836 17.7284 52.6846
144.6 72.2785 5.36897 17.6785 52.714
144.7 72.3285 5.33964 17.6285 52.7434
144.8 72.3786 5.31039 17.5786 52.7726
144.9 72.4286 5.2812 17.5286 52.8018
145 72.4787 5.2521 17.4787 52.8309
145.1 72.5287 5.22306 17.4287 52.8599
145.2 72.5788 5.1941 17.3788 52.8889
145.3 72.6288 5.1652 17.3288 52.9178
145.4 72.6789 5.13639 17.2789 52.9466
145.5 72.7289 5.10764 17.229 52.9754
145.6 72.779 5.07897 17.179 53.004
145.7 72.829 5.05037 17.1291 53.0326
145.8 72.8791 5.02184 17.0791 53.0612
145.9 72.9291 4.99339 17.0292 53.0896
146 72.9792 4.96501 16.9792 53.118
146.1 73.0293 4.9367 16.9293 53.1463
146.2 73.0793 4.90846 16.8793 53.1745
146.3 73.1294 4.8803 16.8294 53.2027
146.4 73.1794 4.85222 16.7794 53.2308
146.5 73.2295 4.8242 16.7295 53.2588
146.6 73.2795 4.79627 16.6795 53.2867
146.7 73.3296 4.7684 16.6296 53.3146
146.8 73.3796 4.74061 16.5797 53.3424
146.9 73.4297 4.71289 16.5297 53.3701
147 73.4797 4.68525 16.4798 53.3978
147.1 73.5298 4.65768 16.4298 53.4253
147.2 73.5798 4.63018 16.3799 53.4528
147.3 73.6299 4.60276 16.3299 53.4802
147.4 73.68 4.57542 16.28 53.5076
147.5 73.73 4.54815 16.23 53.5349
147.6 73.7801 4.52095 16.1801 53.562
147.7 73.8301 4.49383 16.1301 53.5892
147.8 73.8802 4.46678 16.0802 53.6162
147.9 73.9302 4.43981 16.0303 53.6432
148 73.9803 4.41291 15.9803 53.6701
148.1 74.0303 4.38609 15.9304 53.6969
148.2 74.0804 4.35934 15.8804 53.7237
148.3 74.1305 4.33267 15.8305 53.7503
148.4 74.1805 4.30607 15.7805 53.7769
148.5 74.2306 4.27955 15.7306 53.8034
148.6 74.2806 4.2531 15.6806 53.8299
148.7 74.3307 4.22673 15.6307 53.8563
148.8 74.3807 4.20044 15.5808 53.8826
148.9 74.4308 4.17422 15.5308 53.9088
149 74.4808 4.14808 15.4809 53.9349
149.1 74.5309 4.12201 15.4309 53.961
149.2 74.581 4.09602 15.381 53.987
149.3 74.631 4.0701 15.331 54.0129
149.4 74.6811 4.04426 15.2811 54.0387
149.5 74.7311 4.0185 15.2311 54.0645
149.6 74.7812 3.99281 15.1812 54.0902
149.7 74.8312 3.9672 15.1313 54.1158
149.8 74.8813 3.94166 15.0813 54.1413
149.9 74.9313 3.91621 15.0314 54.1668
150 74.9814 3.89082 14.9814 54.1922
150.1 75.0315 3.86552 14.9315 54.2175
150.2 75.0815 3.84029 14.8815 54.2427
150.3 75.1316 3.81514 14.8316 54.2679
150.4 75.1816 3.79006 14.7816 54.2929
150.5 75.2317 3.76507 14.7317 54.3179
150.6 75.2817 3.74014 14.6818 54.3429
150.7 75.3318 3.7153 14.6318 54.3677
150.8 75.3819 3.69053 14.5819 54.3925
150.9 75.4319 3.66584 14.5319 54.4172
151 75.482 3.64123 14.482 54.4418
151.1 75.532 3.6167 14.432 54.4663
151.2 75.5821 3.59224 14.3821 54.4908
151.3 75.6321 3.56786 14.3322 54.5151
151.4 75.6822 3.54356 14.2822 54.5394
151.5 75.7323 3.51933 14.2323 54.5637
151.6 75.7823 3.49519 14.1823 54.5878
151.7 75.8324 3.47112 14.1324 54.6119
151.8 75.8824 3.44713 14.0824 54.6359
151.9 75.9325 3.42321 14.0325 54.6598
152 75.9825 3.39938 13.9826 54.6836
152.1 76.0326 3.37562 13.9326 54.7074
152.2 76.0827 3.35194 13.8827 54.7311
152.3 76.1327 3.32834 13.8327 54.7547
152.4 76.1828 3.30482 13.7828 54.7782
152.5 76.2328 3.28137 13.7328 54.8016
152.6 76.2829 3.25801 13.6829 54.825
152.7 76.3329 3.23472 13.633 54.8483
152.8 76.383 3.21151 13.583 54.8715
152.9 76.4331 3.18838 13.5331 54.8946
153 76.4831 3.16533 13.4831 54.9177
153.1 76.5332 3.14236 13.4332 54.9406
153.2 76.5832 3.11947 13.3832 54.9635
153.3 76.6333 3.09665 13.3333 54.9863
153.4 76.6833 3.07392 13.2834 55.0091
153.5 76.7334 3.05126 13.2334 55.0317
153.6 76.7835 3.02869 13.1835 55.0543
153.7 76.8335 3.00619 13.1335 55.0768
153.8 76.8836 2.98377 13.0836 55.0992
153.9 76.9336 2.96143 13.0337 55.1216
154 76.9837 2.93917 12.9837 55.1438
154.1 77.0338 2.91699 12.9338 55.166
154.2 77.0838 2.89489 12.8838 55.1881
154.3 77.1339 2.87287 12.8339 55.2101
154.4 77.1839 2.85093 12.7839 55.2321
154.5 77.234 2.82907 12.734 55.2539
154.6 77.284 2.80729 12.6841 55.2757
154.7 77.3341 2.78559 12.6341 55.2974
154.8 77.3842 2.76397 12.5842 55.319
154.9 77.4342 2.74242 12.5342 55.3406
155 77.4843 2.72096 12.4843 55.362
155.1 77.5343 2.69958 12.4344 55.3834
155.2 77.5844 2.67828 12.3844 55.4047
155.3 77.6345 2.65706 12.3345 55.4259
155.4 77.6845 2.63592 12.2845 55.4471
155.5 77.7346 2.61486 12.2346 55.4681
155.6 77.7846 2.59388 12.1847 55.4891
155.7 77.8347 2.57298 12.1347 55.51
155.8 77.8848 2.55216 12.0848 55.5308
155.9 77.9348 2.53143 12.0348 55.5516
156 77.9849 2.51077 11.9849 55.5722
156.1 78.0349 2.49019 11.9349 55.5928
156.2 78.085 2.4697 11.885 55.6133
156.3 78.135 2.44928 11.8351 55.6337
156.4 78.1851 2.42895 11.7851 55.654
156.5 78.2352 2.4087 11.7352 55.6743
156.6 78.2852 2.38853 11.6852 55.6945
156.7 78.3353 2.36844 11.6353 55.7146
156.8 78.3853 2.34843 11.5854 55.7346
156.9 78.4354 2.3285 11.5354 55.7545
157 78.4855 2.30866 11.4855 55.7743
157.1 78.5355 2.28889 11.4355 55.7941
157.2 78.5856 2.26921 11.3856 55.8138
157.3 78.6356 2.24961 11.3357 55.8334
157.4 78.6857 2.23009 11.2857 55.8529
157.5 78.7358 2.21065 11.2358 55.8723
157.6 78.7858 2.1913 11.1858 55.8917
157.7 78.8359 2.17202 11.1359 55.911
157.8 78.8859 2.15283 11.086 55.9302
157.9 78.936 2.13372 11.036 55.9493
158 78.9861 2.11469 10.9861 55.9683
158.1 79.0361 2.09574 10.9361 55.9873
158.2 79.0862 2.07688 10.8862 56.0061
158.3 79.1362 2.0581 10.8363 56.0249
158.4 79.1863 2.0394 10.7863 56.0436
158.5 79.2364 2.02078 10.7364 56.0622
158.6 79.2864 2.00224 10.6864 56.0808
158.7 79.3365 1.98379 10.6365 56.0992
158.8 79.3865 1.96542 10.5866 56.1176
158.9 79.4366 1.94713 10.5366 56.1359
159 79.4867 1.92892 10.4867 56.1541
159.1 79.5367 1.9108 10.4367 56.1722
159.2 79.5868 1.89276 10.3868 56.1902
159.3 79.6369 1.8748 10.3369 56.2082
159.4 79.6869 1.85693 10.2869 56.2261
159.5 79.737 1.83913 10.237 56.2439
159.6 79.787 1.82143 10.187 56.2616
159.7 79.8371 1.8038 10.1371 56.2792
159.8 79.8872 1.78625 10.0872 56.2967
159.9 79.9372 1.76879 10.0372 56.3142
160 79.9873 1.75142 9.98729 56.3316
160.1 80.0373 1.73412 9.93735 56.3489
160.2 80.0874 1.71691 9.88741 56.3661
160.3 80.1375 1.69978 9.83748 56.3832
160.4 80.1875 1.68274 9.78754 56.4003
160.5 80.2376 1.66578 9.7376 56.4172
160.6 80.2876 1.6489 9.68766 56.4341
160.7 80.3377 1.6321 9.63772 56.4509
160.8 80.3878 1.61539 9.58778 56.4676
160.9 80.4378 1.59877 9.53784 56.4842
161 80.4879 1.58222 9.4879 56.5008
161.1 80.538 1.56576 9.43797 56.5172
161.2 80.588 1.54939 9.38803 56.5336
161.3 80.6381 1.53309 9.33809 56.5499
161.4 80.6881 1.51688 9.28815 56.5661
161.5 80.7382 1.50076 9.23821 56.5822
161.6 80.7883 1.48472 9.18827 56.5983
161.7 80.8383 1.46876 9.13833 56.6142
161.8 80.8884 1.45289 9.0884 56.6301
161.9 80.9384 1.4371 9.03846 56.6459
162 80.9885 1.42139 8.98852 56.6616
162.1 81.0386 1.40577 8.93858 56.6772
162.2 81.0886 1.39023 8.88864 56.6928
162.3 81.1387 1.37478 8.8387 56.7082
162.4 81.1888 1.35941 8.78877 56.7236
162.5 81.2388 1.34413 8.73883 56.7389
162.6 81.2889 1.32893 8.68889 56.7541
162.7 81.3389 1.31381 8.63895 56.7692
162.8 81.389 1.29878 8.58901 56.7842
162.9 81.4391 1.28384 8.53908 56.7992
163 81.4891 1.26898 8.48914 56.814
163.1 81.5392 1.2542 8.4392 56.8288
163.2 81.5892 1.23951 8.38926 56.8435
163.3 81.6393 1.2249 8.33932 56.8581
163.4 81.6894 1.21037 8.28939 56.8726
163.5 81.7394 1.19594 8.23945 56.8871
163.6 81.7895 1.18158 8.18951 56.9014
163.7 81.8396 1.16731 8.13957 56.9157
163.8 81.8896 1.15313 8.08963 56.9299
163.9 81.9397 1.13903 8.0397 56.944
164 81.9897 1.12502 7.98976 56.958
164.1 82.0398 1.11109 7.93982 56.9719
164.2 82.0899 1.09725 7.88988 56.9858
164.3 82.1399 1.08349 7.83995 56.9995
164.4 82.19 1.06981 7.79001 57.0132
164.5 82.2401 1.05623 7.74007 57.0268
164.6 82.2901 1.04272 7.69013 57.0403
164.7 82.3402 1.02931 7.6402 57.0537
164.8 82.3902 1.01597 7.59026 57.067
164.9 82.4403 1.00273 7.54032 57.0803
165 82.4904 0.989565 7.49038 57.0934
165.1 82.5404 0.976489 7.44045 57.1065
165.2 82.5905 0.963499 7.39051 57.1195
165.3 82.6406 0.950594 7.34057 57.1324
165.4 82.6906 0.937774 7.29063 57.1452
165.5 82.7407 0.92504 7.2407 57.158
165.6 82.7907 0.912392 7.19076 57.1706
165.7 82.8408 0.89983 7.14082 57.1832
165.8 82.8909 0.887353 7.09089 57.1956
165.9 82.9409 0.874962 7.04095 57.208
166 82.991 0.862657 6.99101 57.2203
166.1 83.0411 0.850437 6.94107 57.2326
166.2 83.0911 0.838304 6.89114 57.2447
166.3 83.1412 0.826256 6.8412 57.2567
166.4 83.1913 0.814295 6.79126 57.2687
166.5 83.2413 0.802419 6.74133 57.2806
166.6 83.2914 0.790629 6.69139 57.2924
166.7 83.3414 0.778926 6.64145 57.3041
166.8 83.3915 0.767308 6.59152 57.3157
166.9 83.4416 0.755777 6.54158 57.3272
167 83.4916 0.744332 6.49164 57.3387
167.1 83.5417 0.732973 6.44171 57.35
167.2 83.5918 0.7217 6.39177 57.3613
167.3 83.6418 0.710514 6.34183 57.3725
167.4 83.6919 0.699413 6.2919 57.3836
167.5 83.7419 0.6884 6.24196 57.3946
167.6 83.792 0.677472 6.19202 57.4055
167.7 83.8421 0.666631 6.14209 57.4164
167.8 83.8921 0.655876 6.09215 57.4271
167.9 83.9422 0.645208 6.04221 57.4378
168 83.9923 0.634626 5.99228 57.4484
168.1 84.0423 0.624131 5.94234 57.4589
168.2 84.0924 0.613723 5.8924 57.4693
168.3 84.1425 0.603401 5.84247 57.4796
168.4 84.1925 0.593165 5.79253 57.4898
168.5 84.2426 0.583017 5.74259 57.5
168.6 84.2926 0.572955 5.69266 57.51
168.7 84.3427 0.562979 5.64272 57.52
168.8 84.3928 0.553091 5.59278 57.5299
168.9 84.4428 0.543289 5.54285 57.5397
169 84.4929 0.533574 5.49291 57.5494
169.1 84.543 0.523946 5.44297 57.5591
169.2 84.593 0.514405 5.39304 57.5686
169.3 84.6431 0.50495 5.3431 57.578
169.4 84.6932 0.495583 5.29317 57.5874
169.5 84.7432 0.486303 5.24323 57.5967
169.6 84.7933 0.477109 5.19329 57.6059
169.7 84.8433 0.468003 5.14336 57.615
169.8 84.8934 0.458983 5.09342 57.624
169.9 84.9435 0.450051 5.04348 57.6329
170 84.9935 0.441206 4.99355 57.6418
170.1 85.0436 0.432448 4.94361 57.6506
170.2 85.0937 0.423777 4.89368 57.6592
170.3 85.1437 0.415193 4.84374 57.6678
170.4 85.1938 0.406696 4.7938 57.6763
170.5 85.2439 0.398287 4.74387 57.6847
170.6 85.2939 0.389965 4.69393 57.693
170.7 85.344 0.38173 4.644 57.7013
170.8 85.3941 0.373582 4.59406 57.7094
170.9 85.4441 0.365522 4.54412 57.7175
171 85.4942 0.357549 4.49419 57.7255
171.1 85.5442 0.349664 4.44425 57.7333
171.2 85.5943 0.341865 4.39432 57.7411
171.3 85.6444 0.334155 4.34438 57.7488
171.4 85.6944 0.326532 4.29444 57.7565
171.5 85.7445 0.318996 4.24451 57.764
171.6 85.7946 0.311548 4.19457 57.7715
171.7 85.8446 0.304187 4.14464 57.7788
171.8 85.8947 0.296914 4.0947 57.7861
171.9 85.9448 0.289728 4.04477 57.7933
172 85.9948 0.28263 3.99483 57.8004
172.1 86.0449 0.275619 3.94489 57.8074
172.2 86.095 0.268697 3.89496 57.8143
172.3 86.145 0.261861 3.84502 57.8211
172.4 86.1951 0.255114 3.79509 57.8279
172.5 86.2451 0.248454 3.74515 57.8345
172.6 86.2952 0.241882 3.69521 57.8411
172.7 86.3453 0.235398 3.64528 57.8476
172.8 86.3953 0.229001 3.59534 57.854
172.9 86.4454 0.222692 3.54541 57.8603
173 86.4955 0.216471 3.49547 57.8665
173.1 86.5455 0.210338 3.44554 57.8727
173.2 86.5956 0.204292 3.3956 57.8787
173.3 86.6457 0.198335 3.34567 57.8847
173.4 86.6957 0.192465 3.29573 57.8905
173.5 86.7458 0.186683 3.24579 57.8963
173.6 86.7959 0.180989 3.19586 57.902
173.7 86.8459 0.175383 3.14592 57.9076
173.8 86.896 0.169865 3.09599 57.9131
173.9 86.946 0.164435 3.04605 57.9186
174 86.9961 0.159092 2.99612 57.9239
174.1 87.0462 0.153838 2.94618 57.9292
174.2 87.0962 0.148672 2.89625 57.9343
174.3 87.1463 0.143594 2.84631 57.9394
174.4 87.1964 0.138603 2.79637 57.9444
174.5 87.2464 0.133701 2.74644 57.9493
174.6 87.2965 0.128887 2.6965 57.9541
174.7 87.3466 0.124161 2.64657 57.9588
174.8 87.3966 0.119523 2.59663 57.9635
174.9 87.4467 0.114973 2.5467 57.968
175 87.4968 0.110512 2.49676 57.9725
175.1 87.5468 0.106138 2.44683 57.9769
175.2 87.5969 0.101853 2.39689 57.9811
175.3 87.647 0.0976553 2.34696 57.9853
175.4 87.697 0.0935462 2.29702 57.9895
175.5 87.7471 0.0895253 2.24709 57.9935
175.6 87.7971 0.0855925 2.19715 57.9974
175.7 87.8472 0.0817479 2.14721 58.0013
175.8 87.8973 0.0779916 2.09728 58.005
175.9 87.9473 0.0743235 2.04734 58.0087
176 87.9974 0.0707436 1.99741 58.0123
176.1 88.0475 0.067252 1.94747 58.0157
176.2 88.0975 0.0638487 1.89754 58.0192
176.3 88.1476 0.0605336 1.8476 58.0225
176.4 88.1977 0.0573068 1.79767 58.0257
176.5 88.2477 0.0541683 1.74773 58.0288
176.6 88.2978 0.051118 1.6978 58.0319
176.7 88.3479 0.0481561 1.64786 58.0348
176.8 88.3979 0.0452825 1.59793 58.0377
176.9 88.448 0.0424973 1.54799 58.0405
177 88.4981 0.0398004 1.49806 58.0432
177.1 88.5481 0.0371918 1.44812 58.0458
177.2 88.5982 0.0346716 1.39819 58.0483
177.3 88.6482 0.0322397 1.34825 58.0508
177.4 88.6983 0.0298962 1.29831 58.0531
177.5 88.7484 0.0276411 1.24838 58.0554
177.6 88.7984 0.0254743 1.19844 58.0575
177.7 88.8485 0.023396 1.14851 58.0596
177.8 88.8986 0.021406 1.09857 58.0616
177.9 88.9486 0.0195045 1.04864 58.0635
178 88.9987 0.0176913 0.998703 58.0653
178.1 89.0488 0.0159666 0.948768 58.067
178.2 89.0988 0.0143302 0.898833 58.0687
178.3 89.1489 0.0127823 0.848898 58.0702
178.4 89.199 0.0113228 0.798963 58.0717
178.5 89.249 0.0099518 0.749027 58.073
178.6 89.2991 0.00866918 0.699092 58.0743
178.7 89.3492 0.00747501 0.649157 58.0755
178.8 89.3992 0.00636928 0.599222 58.0766
178.9 89.4493 0.005352 0.549287 58.0776
179 89.4994 0.00442316 0.499352 58.0786
179.1 89.5494 0.00358278 0.449416 58.0794
179.2 89.5995 0.00283085 0.399481 58.0802
179.3 89.6495 0.00216738 0.349546 58.0808
179.4 89.6996 0.00159236 0.299611 58.0814
179.5 89.7497 0.00110581 0.249676 58.0819
179.6 89.7997 0.000707721 0.199741 58.0823
179.7 89.8498 0.000398094 0.149805 58.0826
179.8 89.8999 0.000176931 0.0998703 58.0828
179.9 89.9499 4.42327e-05 0.0499352 58.083
180 2.69914 0 3.5038e-15 58.083
