#kinematics calculation of gsgs
#vertex z = 150 mm, E_reaction = 60.949 MeV
#theta_cm, theta3_lab, Ek3_lab, theta4_lab, Ek4_lab
0 0 60.949 180 1.81899e-12
0.1 0.049932 60.949 89.9499 4.64153e-05
0.2 0.0998639 60.9488 89.8999 0.000185661
0.3 0.149796 60.9486 89.8498 0.000417737
0.4 0.199728 60.9483 89.7997 0.000742642
0.5 0.24966 60.9478 89.7497 0.00116038
0.6 0.299592 60.9473 89.6996 0.00167094
0.7 0.349524 60.9467 89.6495 0.00227432
0.8 0.399456 60.946 89.5995 0.00297053
0.9 0.449388 60.9452 89.5494 0.00375956
1 0.49932 60.9444 89.4993 0.00464141
1.1 0.549252 60.9434 89.4493 0.00561608
1.2 0.599184 60.9423 89.3992 0.00668356
1.3 0.649116 60.9412 89.3491 0.00784385
1.4 0.699048 60.9399 89.299 0.00909695
1.5 0.74898 60.9386 89.249 0.0104429
1.6 0.798912 60.9371 89.1989 0.0118815
1.7 0.848844 60.9356 89.1488 0.013413
1.8 0.898776 60.934 89.0988 0.0150373
1.9 0.948708 60.9322 89.0487 0.0167544
2 0.99864 60.9304 88.9986 0.0185642
2.1 1.04857 60.9285 88.9486 0.0204669
2.2 1.0985 60.9265 88.8985 0.0224623
2.3 1.14844 60.9244 88.8484 0.0245504
2.4 1.19837 60.9223 88.7984 0.0267313
2.5 1.2483 60.92 88.7483 0.029005
2.6 1.29823 60.9176 88.6982 0.0313714
2.7 1.34816 60.9152 88.6482 0.0338305
2.8 1.3981 60.9126 88.5981 0.0363824
2.9 1.44803 60.91 88.548 0.0390269
3 1.49796 60.9072 88.498 0.0417642
3.1 1.54789 60.9044 88.4479 0.0445942
3.2 1.59782 60.9015 88.3978 0.0475169
3.3 1.64776 60.8985 88.3478 0.0505323
3.4 1.69769 60.8954 88.2977 0.0536404
3.5 1.74762 60.8922 88.2476 0.0568411
3.6 1.79755 60.8889 88.1975 0.0601345
3.7 1.84748 60.8855 88.1475 0.0635205
3.8 1.89742 60.882 88.0974 0.0669992
3.9 1.94735 60.8784 88.0473 0.0705704
4 1.99728 60.8748 87.9973 0.0742344
4.1 2.04721 60.871 87.9472 0.0779909
4.2 2.09714 60.8672 87.8971 0.08184
4.3 2.14708 60.8632 87.8471 0.0857816
4.4 2.19701 60.8592 87.797 0.0898159
4.5 2.24694 60.8551 87.7469 0.0939427
4.6 2.29687 60.8508 87.6969 0.0981621
4.7 2.34681 60.8465 87.6468 0.102474
4.8 2.39674 60.8421 87.5967 0.106878
4.9 2.44667 60.8376 87.5467 0.111375
5 2.4966 60.833 87.4966 0.115965
5.1 2.54653 60.8284 87.4465 0.120647
5.2 2.59647 60.8236 87.3965 0.125421
5.3 2.6464 60.8187 87.3464 0.130288
5.4 2.69633 60.8138 87.2963 0.135247
5.5 2.74626 60.8087 87.2463 0.140299
5.6 2.7962 60.8036 87.1962 0.145443
5.7 2.84613 60.7983 87.1461 0.150679
5.8 2.89606 60.793 87.0961 0.156008
5.9 2.94599 60.7876 87.046 0.161429
6 2.99593 60.7821 86.9959 0.166942
6.1 3.04586 60.7765 86.9459 0.172548
6.2 3.09579 60.7708 86.8958 0.178246
6.3 3.14572 60.765 86.8457 0.184037
6.4 3.19565 60.7591 86.7956 0.18992
6.5 3.24559 60.7531 86.7456 0.195894
6.6 3.29552 60.747 86.6955 0.201962
6.7 3.34545 60.7409 86.6454 0.208121
6.8 3.39538 60.7346 86.5954 0.214373
6.9 3.44532 60.7283 86.5453 0.220716
7 3.49525 60.7218 86.4952 0.227152
7.1 3.54518 60.7153 86.4452 0.23368
7.2 3.59511 60.7087 86.3951 0.240301
7.3 3.64505 60.702 86.345 0.247013
7.4 3.69498 60.6952 86.295 0.253817
7.5 3.74491 60.6883 86.2449 0.260714
7.6 3.79484 60.6813 86.1948 0.267702
7.7 3.84478 60.6742 86.1448 0.274782
7.8 3.89471 60.667 86.0947 0.281955
7.9 3.94464 60.6598 86.0446 0.289219
8 3.99457 60.6524 85.9946 0.296576
8.1 4.04451 60.645 85.9445 0.304024
8.2 4.09444 60.6374 85.8944 0.311564
8.3 4.14437 60.6298 85.8444 0.319196
8.4 4.19431 60.6221 85.7943 0.32692
8.5 4.24424 60.6143 85.7442 0.334736
8.6 4.29417 60.6064 85.6942 0.342644
8.7 4.3441 60.5984 85.6441 0.350643
8.8 4.39404 60.5903 85.594 0.358734
8.9 4.44397 60.5821 85.544 0.366917
9 4.4939 60.5738 85.4939 0.375192
9.1 4.54383 60.5654 85.4438 0.383558
9.2 4.59377 60.557 85.3938 0.392016
9.3 4.6437 60.5484 85.3437 0.400565
9.4 4.69363 60.5398 85.2936 0.409207
9.5 4.74357 60.5311 85.2436 0.417939
9.6 4.7935 60.5222 85.1935 0.426764
9.7 4.84343 60.5133 85.1434 0.43568
9.8 4.89336 60.5043 85.0934 0.444687
9.9 4.9433 60.4952 85.0433 0.453786
10 4.99323 60.486 84.9932 0.462976
10.1 5.04316 60.4767 84.9432 0.472258
10.2 5.0931 60.4674 84.8931 0.481631
10.3 5.14303 60.4579 84.843 0.491095
10.4 5.19296 60.4483 84.793 0.500651
10.5 5.2429 60.4387 84.7429 0.510298
10.6 5.29283 60.429 84.6928 0.520037
10.7 5.34276 60.4191 84.6428 0.529866
10.8 5.3927 60.4092 84.5927 0.539787
10.9 5.44263 60.3992 84.5426 0.549799
11 5.49256 60.3891 84.4926 0.559902
11.1 5.54249 60.3789 84.4425 0.570097
11.2 5.59243 60.3686 84.3924 0.580382
11.3 5.64236 60.3582 84.3424 0.590759
11.4 5.69229 60.3478 84.2923 0.601226
11.5 5.74223 60.3372 84.2422 0.611785
11.6 5.79216 60.3266 84.1922 0.622434
11.7 5.84209 60.3158 84.1421 0.633174
11.8 5.89203 60.305 84.092 0.644006
11.9 5.94196 60.2941 84.042 0.654928
12 5.99189 60.2831 83.9919 0.665941
12.1 6.04183 60.272 83.9418 0.677045
12.2 6.09176 60.2608 83.8918 0.688239
12.3 6.1417 60.2495 83.8417 0.699525
12.4 6.19163 60.2381 83.7916 0.710901
12.5 6.24156 60.2266 83.7416 0.722367
12.6 6.2915 60.2151 83.6915 0.733925
12.7 6.34143 60.2034 83.6414 0.745573
12.8 6.39136 60.1917 83.5914 0.757311
12.9 6.4413 60.1799 83.5413 0.76914
13 6.49123 60.1679 83.4912 0.781059
13.1 6.54116 60.1559 83.4412 0.793069
13.2 6.5911 60.1438 83.3911 0.80517
13.3 6.64103 60.1316 83.341 0.81736
13.4 6.69097 60.1194 83.291 0.829641
13.5 6.7409 60.107 83.2409 0.842013
13.6 6.79083 60.0945 83.1908 0.854474
13.7 6.84077 60.082 83.1408 0.867026
13.8 6.8907 60.0693 83.0907 0.879668
13.9 6.94064 60.0566 83.0406 0.892401
14 6.99057 60.0438 82.9906 0.905223
14.1 7.0405 60.0309 82.9405 0.918135
14.2 7.09044 60.0179 82.8904 0.931138
14.3 7.14037 60.0048 82.8404 0.94423
14.4 7.19031 59.9916 82.7903 0.957412
14.5 7.24024 59.9783 82.7402 0.970685
14.6 7.29017 59.965 82.6902 0.984047
14.7 7.34011 59.9515 82.6401 0.997499
14.8 7.39004 59.938 82.59 1.01104
14.9 7.43998 59.9243 82.54 1.02467
15 7.48991 59.9106 82.4899 1.03839
15.1 7.53984 59.8968 82.4398 1.0522
15.2 7.58978 59.8829 82.3898 1.0661
15.3 7.63971 59.8689 82.3397 1.08009
15.4 7.68965 59.8548 82.2896 1.09417
15.5 7.73958 59.8407 82.2396 1.10834
15.6 7.78952 59.8264 82.1895 1.1226
15.7 7.83945 59.812 82.1394 1.13695
15.8 7.88939 59.7976 82.0894 1.15139
15.9 7.93932 59.7831 82.0393 1.16591
16 7.98925 59.7685 81.9892 1.18053
16.1 8.03919 59.7538 81.9392 1.19524
16.2 8.08912 59.739 81.8891 1.21003
16.3 8.13906 59.7241 81.839 1.22491
16.4 8.18899 59.7091 81.789 1.23989
16.5 8.23893 59.6941 81.7389 1.25495
16.6 8.28886 59.6789 81.6888 1.2701
16.7 8.3388 59.6637 81.6388 1.28534
16.8 8.38873 59.6483 81.5887 1.30067
16.9 8.43867 59.6329 81.5387 1.31608
17 8.4886 59.6174 81.4886 1.33159
17.1 8.53854 59.6018 81.4385 1.34719
17.2 8.58847 59.5861 81.3885 1.36287
17.3 8.63841 59.5704 81.3384 1.37864
17.4 8.68834 59.5545 81.2883 1.3945
17.5 8.73828 59.5385 81.2383 1.41045
17.6 8.78821 59.5225 81.1882 1.42649
17.7 8.83815 59.5064 81.1381 1.44262
17.8 8.88808 59.4902 81.0881 1.45883
17.9 8.93802 59.4739 81.038 1.47514
18 8.98795 59.4575 80.9879 1.49153
18.1 9.03789 59.441 80.9379 1.50801
18.2 9.08782 59.4244 80.8878 1.52458
18.3 9.13776 59.4078 80.8377 1.54123
18.4 9.18769 59.391 80.7877 1.55798
18.5 9.23763 59.3742 80.7376 1.57481
18.6 9.28757 59.3573 80.6875 1.59173
18.7 9.3375 59.3403 80.6375 1.60874
18.8 9.38744 59.3232 80.5874 1.62584
18.9 9.43737 59.306 80.5374 1.64302
19 9.48731 59.2887 80.4873 1.66029
19.1 9.53724 59.2713 80.4372 1.67765
19.2 9.58718 59.2539 80.3872 1.6951
19.3 9.63712 59.2364 80.3371 1.71264
19.4 9.68705 59.2187 80.287 1.73026
19.5 9.73699 59.201 80.237 1.74797
19.6 9.78692 59.1832 80.1869 1.76577
19.7 9.83686 59.1653 80.1368 1.78366
19.8 9.88679 59.1474 80.0868 1.80163
19.9 9.93673 59.1293 80.0367 1.81969
20 9.98667 59.1112 79.9866 1.83784
20.1 10.0366 59.0929 79.9366 1.85607
20.2 10.0865 59.0746 79.8865 1.87439
20.3 10.1365 59.0562 79.8365 1.8928
20.4 10.1864 59.0377 79.7864 1.9113
20.5 10.2363 59.0191 79.7363 1.92988
20.6 10.2863 59.0004 79.6863 1.94855
20.7 10.3362 58.9817 79.6362 1.96731
20.8 10.3862 58.9628 79.5861 1.98615
20.9 10.4361 58.9439 79.5361 2.00509
21 10.486 58.9249 79.486 2.0241
21.1 10.536 58.9058 79.4359 2.04321
21.2 10.5859 58.8866 79.3859 2.0624
21.3 10.6358 58.8673 79.3358 2.08168
21.4 10.6858 58.848 79.2858 2.10104
21.5 10.7357 58.8285 79.2357 2.12049
21.6 10.7856 58.809 79.1856 2.14003
21.7 10.8356 58.7894 79.1356 2.15965
21.8 10.8855 58.7696 79.0855 2.17936
21.9 10.9355 58.7498 79.0354 2.19915
22 10.9854 58.73 78.9854 2.21904
22.1 11.0353 58.71 78.9353 2.239
22.2 11.0853 58.6899 78.8853 2.25906
22.3 11.1352 58.6698 78.8352 2.2792
22.4 11.1851 58.6496 78.7851 2.29942
22.5 11.2351 58.6293 78.7351 2.31973
22.6 11.285 58.6089 78.685 2.34013
22.7 11.335 58.5884 78.6349 2.36061
22.8 11.3849 58.5678 78.5849 2.38118
22.9 11.4348 58.5472 78.5348 2.40184
23 11.4848 58.5264 78.4847 2.42257
23.1 11.5347 58.5056 78.4347 2.4434
23.2 11.5846 58.4847 78.3846 2.46431
23.3 11.6346 58.4637 78.3346 2.48531
23.4 11.6845 58.4426 78.2845 2.50639
23.5 11.7345 58.4214 78.2344 2.52755
23.6 11.7844 58.4002 78.1844 2.5488
23.7 11.8343 58.3789 78.1343 2.57014
23.8 11.8843 58.3574 78.0842 2.59156
23.9 11.9342 58.3359 78.0342 2.61307
24 11.9841 58.3143 77.9841 2.63466
24.1 12.0341 58.2927 77.9341 2.65633
24.2 12.084 58.2709 77.884 2.6781
24.3 12.134 58.2491 77.8339 2.69994
24.4 12.1839 58.2271 77.7839 2.72187
24.5 12.2338 58.2051 77.7338 2.74389
24.6 12.2838 58.183 77.6838 2.76598
24.7 12.3337 58.1608 77.6337 2.78817
24.8 12.3836 58.1386 77.5836 2.81044
24.9 12.4336 58.1162 77.5336 2.83279
25 12.4835 58.0938 77.4835 2.85522
25.1 12.5335 58.0713 77.4334 2.87774
25.2 12.5834 58.0487 77.3834 2.90035
25.3 12.6333 58.026 77.3333 2.92304
25.4 12.6833 58.0032 77.2833 2.94581
25.5 12.7332 57.9803 77.2332 2.96866
25.6 12.7832 57.9574 77.1831 2.9916
25.7 12.8331 57.9344 77.1331 3.01463
25.8 12.883 57.9113 77.083 3.03774
25.9 12.933 57.8881 77.033 3.06093
26 12.9829 57.8648 76.9829 3.0842
26.1 13.0328 57.8414 76.9328 3.10756
26.2 13.0828 57.818 76.8828 3.131
26.3 13.1327 57.7945 76.8327 3.15452
26.4 13.1827 57.7709 76.7826 3.17813
26.5 13.2326 57.7472 76.7326 3.20182
26.6 13.2825 57.7234 76.6825 3.2256
26.7 13.3325 57.6995 76.6325 3.24945
26.8 13.3824 57.6756 76.5824 3.27339
26.9 13.4324 57.6516 76.5323 3.29742
27 13.4823 57.6275 76.4823 3.32152
27.1 13.5322 57.6033 76.4322 3.34571
27.2 13.5822 57.579 76.3822 3.36998
27.3 13.6321 57.5547 76.3321 3.39433
27.4 13.6821 57.5302 76.282 3.41877
27.5 13.732 57.5057 76.232 3.44329
27.6 13.7819 57.4811 76.1819 3.46789
27.7 13.8319 57.4564 76.1319 3.49257
27.8 13.8818 57.4317 76.0818 3.51734
27.9 13.9318 57.4068 76.0317 3.54218
28 13.9817 57.3819 75.9817 3.56711
28.1 14.0316 57.3569 75.9316 3.59212
28.2 14.0816 57.3318 75.8816 3.61722
28.3 14.1315 57.3066 75.8315 3.64239
28.4 14.1815 57.2814 75.7814 3.66765
28.5 14.2314 57.256 75.7314 3.69299
28.6 14.2813 57.2306 75.6813 3.71841
28.7 14.3313 57.2051 75.6313 3.74391
28.8 14.3812 57.1795 75.5812 3.76949
28.9 14.4312 57.1538 75.5311 3.79516
29 14.4811 57.1281 75.4811 3.8209
29.1 14.531 57.1023 75.431 3.84673
29.2 14.581 57.0764 75.381 3.87264
29.3 14.6309 57.0504 75.3309 3.89862
29.4 14.6809 57.0243 75.2808 3.92469
29.5 14.7308 56.9982 75.2308 3.95085
29.6 14.7807 56.9719 75.1807 3.97708
29.7 14.8307 56.9456 75.1307 4.00339
29.8 14.8806 56.9192 75.0806 4.02978
29.9 14.9306 56.8927 75.0305 4.05626
30 14.9805 56.8662 74.9805 4.08281
30.1 15.0304 56.8396 74.9304 4.10944
30.2 15.0804 56.8128 74.8804 4.13616
30.3 15.1303 56.786 74.8303 4.16295
30.4 15.1803 56.7592 74.7802 4.18983
30.5 15.2302 56.7322 74.7302 4.21678
30.6 15.2802 56.7052 74.6801 4.24382
30.7 15.3301 56.6781 74.6301 4.27093
30.8 15.38 56.6509 74.58 4.29813
30.9 15.43 56.6236 74.53 4.3254
31 15.4799 56.5962 74.4799 4.35276
31.1 15.5299 56.5688 74.4298 4.38019
31.2 15.5798 56.5413 74.3798 4.4077
31.3 15.6297 56.5137 74.3297 4.43529
31.4 15.6797 56.486 74.2797 4.46297
31.5 15.7296 56.4583 74.2296 4.49072
31.6 15.7796 56.4305 74.1795 4.51855
31.7 15.8295 56.4025 74.1295 4.54646
31.8 15.8795 56.3746 74.0794 4.57445
31.9 15.9294 56.3465 74.0294 4.60251
32 15.9793 56.3183 73.9793 4.63066
32.1 16.0293 56.2901 73.9293 4.65888
32.2 16.0792 56.2618 73.8792 4.68719
32.3 16.1292 56.2334 73.8291 4.71557
32.4 16.1791 56.205 73.7791 4.74403
32.5 16.2291 56.1764 73.729 4.77257
32.6 16.279 56.1478 73.679 4.80118
32.7 16.3289 56.1191 73.6289 4.82988
32.8 16.3789 56.0903 73.5789 4.85865
32.9 16.4288 56.0615 73.5288 4.8875
33 16.4788 56.0326 73.4787 4.91643
33.1 16.5287 56.0036 73.4287 4.94544
33.2 16.5787 55.9745 73.3786 4.97453
33.3 16.6286 55.9453 73.3286 5.00369
33.4 16.6785 55.9161 73.2785 5.03293
33.5 16.7285 55.8868 73.2285 5.06225
33.6 16.7784 55.8574 73.1784 5.09164
33.7 16.8284 55.8279 73.1283 5.12111
33.8 16.8783 55.7983 73.0783 5.15066
33.9 16.9283 55.7687 73.0282 5.18029
34 16.9782 55.739 72.9782 5.20999
34.1 17.0281 55.7092 72.9281 5.23978
34.2 17.0781 55.6794 72.8781 5.26963
34.3 17.128 55.6494 72.828 5.29957
34.4 17.178 55.6194 72.7779 5.32958
34.5 17.2279 55.5893 72.7279 5.35967
34.6 17.2779 55.5592 72.6778 5.38983
34.7 17.3278 55.5289 72.6278 5.42007
34.8 17.3777 55.4986 72.5777 5.45039
34.9 17.4277 55.4682 72.5277 5.48078
35 17.4776 55.4377 72.4776 5.51125
35.1 17.5276 55.4072 72.4276 5.5418
35.2 17.5775 55.3766 72.3775 5.57242
35.3 17.6275 55.3459 72.3274 5.60312
35.4 17.6774 55.3151 72.2774 5.63389
35.5 17.7274 55.2843 72.2273 5.66474
35.6 17.7773 55.2533 72.1773 5.69566
35.7 17.8272 55.2223 72.1272 5.72666
35.8 17.8772 55.1913 72.0772 5.75774
35.9 17.9271 55.1601 72.0271 5.78889
36 17.9771 55.1289 71.9771 5.82011
36.1 18.027 55.0976 71.927 5.85141
36.2 18.077 55.0662 71.8769 5.88279
36.3 18.1269 55.0348 71.8269 5.91424
36.4 18.1769 55.0032 71.7768 5.94576
36.5 18.2268 54.9716 71.7268 5.97736
36.6 18.2768 54.94 71.6767 6.00904
36.7 18.3267 54.9082 71.6267 6.04079
36.8 18.3766 54.8764 71.5766 6.07261
36.9 18.4266 54.8445 71.5266 6.10451
37 18.4765 54.8125 71.4765 6.13648
37.1 18.5265 54.7805 71.4265 6.16853
37.2 18.5764 54.7484 71.3764 6.20065
37.3 18.6264 54.7162 71.3263 6.23284
37.4 18.6763 54.6839 71.2763 6.26511
37.5 18.7263 54.6515 71.2262 6.29745
37.6 18.7762 54.6191 71.1762 6.32987
37.7 18.8262 54.5866 71.1261 6.36236
37.8 18.8761 54.5541 71.0761 6.39492
37.9 18.9261 54.5214 71.026 6.42756
38 18.976 54.4887 70.976 6.46027
38.1 19.0259 54.456 70.9259 6.49305
38.2 19.0759 54.4231 70.8759 6.5259
38.3 19.1258 54.3902 70.8258 6.55883
38.4 19.1758 54.3572 70.7758 6.59183
38.5 19.2257 54.3241 70.7257 6.62491
38.6 19.2757 54.2909 70.6757 6.65805
38.7 19.3256 54.2577 70.6256 6.69127
38.8 19.3756 54.2244 70.5755 6.72457
38.9 19.4255 54.1911 70.5255 6.75793
39 19.4755 54.1576 70.4754 6.79137
39.1 19.5254 54.1241 70.4254 6.82487
39.2 19.5754 54.0905 70.3753 6.85845
39.3 19.6253 54.0569 70.3253 6.89211
39.4 19.6753 54.0232 70.2752 6.92583
39.5 19.7252 53.9894 70.2252 6.95963
39.6 19.7751 53.9555 70.1751 6.99349
39.7 19.8251 53.9216 70.1251 7.02743
39.8 19.875 53.8876 70.075 7.06144
39.9 19.925 53.8535 70.025 7.09553
40 19.9749 53.8193 69.9749 7.12968
40.1 20.0249 53.7851 69.9249 7.1639
40.2 20.0748 53.7508 69.8748 7.1982
40.3 20.1248 53.7164 69.8248 7.23256
40.4 20.1747 53.682 69.7747 7.267
40.5 20.2247 53.6475 69.7247 7.30151
40.6 20.2746 53.6129 69.6746 7.33609
40.7 20.3246 53.5783 69.6245 7.37074
40.8 20.3745 53.5435 69.5745 7.40545
40.9 20.4245 53.5088 69.5244 7.44024
41 20.4744 53.4739 69.4744 7.4751
41.1 20.5244 53.439 69.4243 7.51003
41.2 20.5743 53.404 69.3743 7.54503
41.3 20.6243 53.3689 69.3242 7.5801
41.4 20.6742 53.3338 69.2742 7.61524
41.5 20.7242 53.2986 69.2241 7.65045
41.6 20.7741 53.2633 69.1741 7.68573
41.7 20.8241 53.2279 69.124 7.72107
41.8 20.874 53.1925 69.074 7.75649
41.9 20.924 53.157 69.0239 7.79198
42 20.9739 53.1215 68.9739 7.82753
42.1 21.0239 53.0858 68.9238 7.86316
42.2 21.0738 53.0501 68.8738 7.89885
42.3 21.1238 53.0144 68.8237 7.93461
42.4 21.1737 52.9786 68.7737 7.97044
42.5 21.2237 52.9427 68.7236 8.00634
42.6 21.2736 52.9067 68.6736 8.04231
42.7 21.3236 52.8707 68.6235 8.07835
42.8 21.3735 52.8346 68.5735 8.11445
42.9 21.4235 52.7984 68.5234 8.15062
43 21.4734 52.7621 68.4734 8.18686
43.1 21.5234 52.7258 68.4233 8.22317
43.2 21.5733 52.6895 68.3733 8.25955
43.3 21.6233 52.653 68.3232 8.29599
43.4 21.6732 52.6165 68.2732 8.3325
43.5 21.7232 52.5799 68.2231 8.36908
43.6 21.7731 52.5433 68.1731 8.40572
43.7 21.8231 52.5066 68.123 8.44244
43.8 21.873 52.4698 68.073 8.47922
43.9 21.923 52.4329 68.0229 8.51607
44 21.9729 52.396 67.9729 8.55298
44.1 22.0229 52.359 67.9228 8.58996
44.2 22.0728 52.322 67.8728 8.62701
44.3 22.1228 52.2849 67.8227 8.66412
44.4 22.1727 52.2477 67.7727 8.7013
44.5 22.2227 52.2105 67.7226 8.73855
44.6 22.2726 52.1731 67.6726 8.77586
44.7 22.3226 52.1358 67.6225 8.81324
44.8 22.3725 52.0983 67.5725 8.85069
44.9 22.4225 52.0608 67.5225 8.8882
45 22.4724 52.0232 67.4724 8.92577
45.1 22.5224 51.9856 67.4224 8.96342
45.2 22.5723 51.9479 67.3723 9.00112
45.3 22.6223 51.9101 67.3223 9.0389
45.4 22.6722 51.8723 67.2722 9.07674
45.5 22.7222 51.8344 67.2222 9.11464
45.6 22.7721 51.7964 67.1721 9.15261
45.7 22.8221 51.7584 67.1221 9.19064
45.8 22.872 51.7203 67.072 9.22874
45.9 22.922 51.6821 67.022 9.26691
46 22.972 51.6439 66.9719 9.30513
46.1 23.0219 51.6056 66.9219 9.34343
46.2 23.0719 51.5672 66.8718 9.38178
46.3 23.1218 51.5288 66.8218 9.4202
46.4 23.1718 51.4903 66.7717 9.45869
46.5 23.2217 51.4518 66.7217 9.49724
46.6 23.2717 51.4131 66.6716 9.53585
46.7 23.3216 51.3745 66.6216 9.57453
46.8 23.3716 51.3357 66.5716 9.61327
46.9 23.4215 51.2969 66.5215 9.65207
47 23.4715 51.2581 66.4715 9.69094
47.1 23.5214 51.2191 66.4214 9.72987
47.2 23.5714 51.1801 66.3714 9.76887
47.3 23.6213 51.1411 66.3213 9.80792
47.4 23.6713 51.102 66.2713 9.84704
47.5 23.7213 51.0628 66.2212 9.88623
47.6 23.7712 51.0235 66.1712 9.92547
47.7 23.8212 50.9842 66.1211 9.96478
47.8 23.8711 50.9448 66.0711 10.0042
47.9 23.9211 50.9054 66.021 10.0436
48 23.971 50.8659 65.971 10.0831
48.1 24.021 50.8264 65.921 10.1226
48.2 24.0709 50.7867 65.8709 10.1623
48.3 24.1209 50.7471 65.8209 10.2019
48.4 24.1708 50.7073 65.7708 10.2417
48.5 24.2208 50.6675 65.7208 10.2815
48.6 24.2708 50.6276 65.6707 10.3214
48.7 24.3207 50.5877 65.6207 10.3613
48.8 24.3707 50.5477 65.5706 10.4013
48.9 24.4206 50.5077 65.5206 10.4413
49 24.4706 50.4676 65.4705 10.4814
49.1 24.5205 50.4274 65.4205 10.5216
49.2 24.5705 50.3872 65.3705 10.5618
49.3 24.6204 50.3469 65.3204 10.6021
49.4 24.6704 50.3065 65.2704 10.6425
49.5 24.7204 50.2661 65.2203 10.6829
49.6 24.7703 50.2256 65.1703 10.7234
49.7 24.8203 50.1851 65.1202 10.7639
49.8 24.8702 50.1445 65.0702 10.8045
49.9 24.9202 50.1038 65.0201 10.8452
50 24.9701 50.0631 64.9701 10.8859
50.1 25.0201 50.0224 64.9201 10.9266
50.2 25.07 49.9815 64.87 10.9675
50.3 25.12 49.9406 64.82 11.0084
50.4 25.17 49.8997 64.7699 11.0493
50.5 25.2199 49.8587 64.7199 11.0903
50.6 25.2699 49.8176 64.6698 11.1314
50.7 25.3198 49.7765 64.6198 11.1725
50.8 25.3698 49.7353 64.5698 11.2137
50.9 25.4197 49.694 64.5197 11.255
51 25.4697 49.6527 64.4697 11.2963
51.1 25.5197 49.6114 64.4196 11.3376
51.2 25.5696 49.5699 64.3696 11.3791
51.3 25.6196 49.5285 64.3195 11.4205
51.4 25.6695 49.4869 64.2695 11.4621
51.5 25.7195 49.4453 64.2195 11.5037
51.6 25.7694 49.4037 64.1694 11.5453
51.7 25.8194 49.362 64.1194 11.587
51.8 25.8694 49.3202 64.0693 11.6288
51.9 25.9193 49.2784 64.0193 11.6706
52 25.9693 49.2365 63.9692 11.7125
52.1 26.0192 49.1945 63.9192 11.7545
52.2 26.0692 49.1525 63.8692 11.7965
52.3 26.1191 49.1105 63.8191 11.8385
52.4 26.1691 49.0684 63.7691 11.8806
52.5 26.2191 49.0262 63.719 11.9228
52.6 26.269 48.984 63.669 11.965
52.7 26.319 48.9417 63.619 12.0073
52.8 26.3689 48.8994 63.5689 12.0496
52.9 26.4189 48.857 63.5189 12.092
53 26.4689 48.8145 63.4688 12.1345
53.1 26.5188 48.772 63.4188 12.177
53.2 26.5688 48.7294 63.3688 12.2196
53.3 26.6187 48.6868 63.3187 12.2622
53.4 26.6687 48.6442 63.2687 12.3048
53.5 26.7187 48.6014 63.2186 12.3476
53.6 26.7686 48.5586 63.1686 12.3904
53.7 26.8186 48.5158 63.1185 12.4332
53.8 26.8685 48.4729 63.0685 12.4761
53.9 26.9185 48.43 63.0185 12.519
54 26.9685 48.387 62.9684 12.562
54.1 27.0184 48.3439 62.9184 12.6051
54.2 27.0684 48.3008 62.8683 12.6482
54.3 27.1183 48.2576 62.8183 12.6914
54.4 27.1683 48.2144 62.7683 12.7346
54.5 27.2183 48.1711 62.7182 12.7779
54.6 27.2682 48.1278 62.6682 12.8212
54.7 27.3182 48.0844 62.6182 12.8646
54.8 27.3681 48.041 62.5681 12.908
54.9 27.4181 47.9975 62.5181 12.9515
55 27.4681 47.954 62.468 12.995
55.1 27.518 47.9104 62.418 13.0386
55.2 27.568 47.8667 62.368 13.0823
55.3 27.6179 47.823 62.3179 13.126
55.4 27.6679 47.7793 62.2679 13.1697
55.5 27.7179 47.7354 62.2178 13.2136
55.6 27.7678 47.6916 62.1678 13.2574
55.7 27.8178 47.6477 62.1178 13.3013
55.8 27.8677 47.6037 62.0677 13.3453
55.9 27.9177 47.5597 62.0177 13.3893
56 27.9677 47.5156 61.9676 13.4334
56.1 28.0176 47.4715 61.9176 13.4775
56.2 28.0676 47.4273 61.8676 13.5217
56.3 28.1176 47.3831 61.8175 13.5659
56.4 28.1675 47.3388 61.7675 13.6102
56.5 28.2175 47.2945 61.7175 13.6545
56.6 28.2674 47.2501 61.6674 13.6989
56.7 28.3174 47.2057 61.6174 13.7433
56.8 28.3674 47.1612 61.5673 13.7878
56.9 28.4173 47.1167 61.5173 13.8323
57 28.4673 47.0721 61.4673 13.8769
57.1 28.5173 47.0275 61.4172 13.9215
57.2 28.5672 46.9828 61.3672 13.9662
57.3 28.6172 46.9381 61.3172 14.0109
57.4 28.6671 46.8933 61.2671 14.0557
57.5 28.7171 46.8484 61.2171 14.1006
57.6 28.7671 46.8036 61.1671 14.1454
57.7 28.817 46.7586 61.117 14.1904
57.8 28.867 46.7136 61.067 14.2354
57.9 28.917 46.6686 61.0169 14.2804
58 28.9669 46.6235 60.9669 14.3255
58.1 29.0169 46.5784 60.9169 14.3706
58.2 29.0669 46.5332 60.8668 14.4158
58.3 29.1168 46.488 60.8168 14.461
58.4 29.1668 46.4427 60.7668 14.5063
58.5 29.2168 46.3974 60.7167 14.5516
58.6 29.2667 46.352 60.6667 14.597
58.7 29.3167 46.3066 60.6167 14.6424
58.8 29.3666 46.2611 60.5666 14.6879
58.9 29.4166 46.2156 60.5166 14.7334
59 29.4666 46.17 60.4666 14.779
59.1 29.5165 46.1244 60.4165 14.8246
59.2 29.5665 46.0788 60.3665 14.8702
59.3 29.6165 46.033 60.3164 14.916
59.4 29.6664 45.9873 60.2664 14.9617
59.5 29.7164 45.9415 60.2164 15.0075
59.6 29.7664 45.8956 60.1663 15.0534
59.7 29.8163 45.8497 60.1163 15.0993
59.8 29.8663 45.8038 60.0663 15.1452
59.9 29.9163 45.7578 60.0162 15.1912
60 29.9662 45.7118 59.9662 15.2373
60.1 30.0162 45.6657 59.9162 15.2833
60.2 30.0662 45.6195 59.8661 15.3295
60.3 30.1161 45.5734 59.8161 15.3756
60.4 30.1661 45.5271 59.7661 15.4219
60.5 30.2161 45.4809 59.716 15.4681
60.6 30.266 45.4345 59.666 15.5145
60.7 30.316 45.3882 59.616 15.5608
60.8 30.366 45.3418 59.5659 15.6072
60.9 30.4159 45.2953 59.5159 15.6537
61 30.4659 45.2488 59.4659 15.7002
61.1 30.5159 45.2023 59.4158 15.7467
61.2 30.5658 45.1557 59.3658 15.7933
61.3 30.6158 45.1091 59.3158 15.8399
61.4 30.6658 45.0624 59.2657 15.8866
61.5 30.7157 45.0157 59.2157 15.9333
61.6 30.7657 44.9689 59.1657 15.9801
61.7 30.8157 44.9221 59.1156 16.0269
61.8 30.8656 44.8752 59.0656 16.0738
61.9 30.9156 44.8284 59.0156 16.1206
62 30.9656 44.7814 58.9655 16.1676
62.1 31.0155 44.7344 58.9155 16.2146
62.2 31.0655 44.6874 58.8655 16.2616
62.3 31.1155 44.6403 58.8155 16.3087
62.4 31.1654 44.5932 58.7654 16.3558
62.5 31.2154 44.5461 58.7154 16.4029
62.6 31.2654 44.4989 58.6654 16.4501
62.7 31.3153 44.4516 58.6153 16.4974
62.8 31.3653 44.4043 58.5653 16.5447
62.9 31.4153 44.357 58.5153 16.592
63 31.4653 44.3096 58.4652 16.6394
63.1 31.5152 44.2622 58.4152 16.6868
63.2 31.5652 44.2148 58.3652 16.7342
63.3 31.6152 44.1673 58.3151 16.7817
63.4 31.6651 44.1197 58.2651 16.8293
63.5 31.7151 44.0722 58.2151 16.8768
63.6 31.7651 44.0245 58.165 16.9245
63.7 31.815 43.9769 58.115 16.9721
63.8 31.865 43.9292 58.065 17.0198
63.9 31.915 43.8814 58.015 17.0676
64 31.9649 43.8336 57.9649 17.1154
64.1 32.0149 43.7858 57.9149 17.1632
64.2 32.0649 43.738 57.8649 17.211
64.3 32.1149 43.69 57.8148 17.259
64.4 32.1648 43.6421 57.7648 17.3069
64.5 32.2148 43.5941 57.7148 17.3549
64.6 32.2648 43.5461 57.6648 17.4029
64.7 32.3147 43.498 57.6147 17.451
64.8 32.3647 43.4499 57.5647 17.4991
64.9 32.4147 43.4018 57.5147 17.5472
65 32.4647 43.3536 57.4646 17.5954
65.1 32.5146 43.3054 57.4146 17.6436
65.2 32.5646 43.2571 57.3646 17.6919
65.3 32.6146 43.2088 57.3145 17.7402
65.4 32.6645 43.1604 57.2645 17.7886
65.5 32.7145 43.1121 57.2145 17.8369
65.6 32.7645 43.0637 57.1645 17.8853
65.7 32.8145 43.0152 57.1144 17.9338
65.8 32.8644 42.9667 57.0644 17.9823
65.9 32.9144 42.9182 57.0144 18.0308
66 32.9644 42.8696 56.9644 18.0794
66.1 33.0143 42.821 56.9143 18.128
66.2 33.0643 42.7723 56.8643 18.1767
66.3 33.1143 42.7237 56.8143 18.2253
66.4 33.1643 42.6749 56.7642 18.2741
66.5 33.2142 42.6262 56.7142 18.3228
66.6 33.2642 42.5774 56.6642 18.3716
66.7 33.3142 42.5286 56.6142 18.4204
66.8 33.3642 42.4797 56.5641 18.4693
66.9 33.4141 42.4308 56.5141 18.5182
67 33.4641 42.3818 56.4641 18.5672
67.1 33.5141 42.3329 56.4141 18.6161
67.2 33.564 42.2838 56.364 18.6652
67.3 33.614 42.2348 56.314 18.7142
67.4 33.664 42.1857 56.264 18.7633
67.5 33.714 42.1366 56.214 18.8124
67.6 33.7639 42.0874 56.1639 18.8616
67.7 33.8139 42.0382 56.1139 18.9108
67.8 33.8639 41.989 56.0639 18.96
67.9 33.9139 41.9397 56.0138 19.0093
68 33.9638 41.8904 55.9638 19.0586
68.1 34.0138 41.8411 55.9138 19.1079
68.2 34.0638 41.7917 55.8638 19.1573
68.3 34.1138 41.7423 55.8137 19.2067
68.4 34.1637 41.6929 55.7637 19.2561
68.5 34.2137 41.6434 55.7137 19.3056
68.6 34.2637 41.5939 55.6637 19.3551
68.7 34.3137 41.5444 55.6136 19.4046
68.8 34.3636 41.4948 55.5636 19.4542
68.9 34.4136 41.4452 55.5136 19.5038
69 34.4636 41.3956 55.4636 19.5534
69.1 34.5136 41.3459 55.4135 19.6031
69.2 34.5635 41.2962 55.3635 19.6528
69.3 34.6135 41.2465 55.3135 19.7025
69.4 34.6635 41.1967 55.2635 19.7523
69.5 34.7135 41.1469 55.2135 19.8021
69.6 34.7634 41.0971 55.1634 19.8519
69.7 34.8134 41.0472 55.1134 19.9018
69.8 34.8634 40.9973 55.0634 19.9517
69.9 34.9134 40.9474 55.0134 20.0016
70 34.9634 40.8974 54.9633 20.0516
70.1 35.0133 40.8474 54.9133 20.1016
70.2 35.0633 40.7974 54.8633 20.1516
70.3 35.1133 40.7473 54.8133 20.2017
70.4 35.1633 40.6972 54.7632 20.2518
70.5 35.2132 40.6471 54.7132 20.3019
70.6 35.2632 40.5969 54.6632 20.3521
70.7 35.3132 40.5468 54.6132 20.4022
70.8 35.3632 40.4965 54.5632 20.4525
70.9 35.4131 40.4463 54.5131 20.5027
71 35.4631 40.396 54.4631 20.553
71.1 35.5131 40.3457 54.4131 20.6033
71.2 35.5631 40.2954 54.3631 20.6536
71.3 35.6131 40.245 54.313 20.704
71.4 35.663 40.1946 54.263 20.7544
71.5 35.713 40.1442 54.213 20.8048
71.6 35.763 40.0937 54.163 20.8553
71.7 35.813 40.0433 54.113 20.9057
71.8 35.863 39.9928 54.0629 20.9562
71.9 35.9129 39.9422 54.0129 21.0068
72 35.9629 39.8916 53.9629 21.0574
72.1 36.0129 39.841 53.9129 21.108
72.2 36.0629 39.7904 53.8629 21.1586
72.3 36.1128 39.7398 53.8128 21.2092
72.4 36.1628 39.6891 53.7628 21.2599
72.5 36.2128 39.6384 53.7128 21.3106
72.6 36.2628 39.5876 53.6628 21.3614
72.7 36.3128 39.5369 53.6127 21.4121
72.8 36.3627 39.4861 53.5627 21.4629
72.9 36.4127 39.4352 53.5127 21.5138
73 36.4627 39.3844 53.4627 21.5646
73.1 36.5127 39.3335 53.4127 21.6155
73.2 36.5627 39.2826 53.3626 21.6664
73.3 36.6126 39.2317 53.3126 21.7173
73.4 36.6626 39.1807 53.2626 21.7683
73.5 36.7126 39.1297 53.2126 21.8193
73.6 36.7626 39.0787 53.1626 21.8703
73.7 36.8126 39.0277 53.1126 21.9213
73.8 36.8625 38.9766 53.0625 21.9724
73.9 36.9125 38.9255 53.0125 22.0235
74 36.9625 38.8744 52.9625 22.0746
74.1 37.0125 38.8233 52.9125 22.1257
74.2 37.0625 38.7721 52.8625 22.1769
74.3 37.1125 38.7209 52.8124 22.2281
74.4 37.1624 38.6697 52.7624 22.2793
74.5 37.2124 38.6185 52.7124 22.3305
74.6 37.2624 38.5672 52.6624 22.3818
74.7 37.3124 38.5159 52.6124 22.4331
74.8 37.3624 38.4646 52.5623 22.4844
74.9 37.4123 38.4132 52.5123 22.5358
75 37.4623 38.3619 52.4623 22.5871
75.1 37.5123 38.3105 52.4123 22.6385
75.2 37.5623 38.2591 52.3623 22.6899
75.3 37.6123 38.2076 52.3123 22.7414
75.4 37.6623 38.1562 52.2622 22.7928
75.5 37.7122 38.1047 52.2122 22.8443
75.6 37.7622 38.0532 52.1622 22.8958
75.7 37.8122 38.0017 52.1122 22.9473
75.8 37.8622 37.9501 52.0622 22.9989
75.9 37.9122 37.8985 52.0122 23.0505
76 37.9622 37.8469 51.9621 23.1021
76.1 38.0121 37.7953 51.9121 23.1537
76.2 38.0621 37.7437 51.8621 23.2053
76.3 38.1121 37.692 51.8121 23.257
76.4 38.1621 37.6403 51.7621 23.3087
76.5 38.2121 37.5886 51.7121 23.3604
76.6 38.2621 37.5369 51.662 23.4121
76.7 38.312 37.4852 51.612 23.4638
76.8 38.362 37.4334 51.562 23.5156
76.9 38.412 37.3816 51.512 23.5674
77 38.462 37.3298 51.462 23.6192
77.1 38.512 37.2779 51.412 23.6711
77.2 38.562 37.2261 51.362 23.7229
77.3 38.612 37.1742 51.3119 23.7748
77.4 38.6619 37.1223 51.2619 23.8267
77.5 38.7119 37.0704 51.2119 23.8786
77.6 38.7619 37.0185 51.1619 23.9305
77.7 38.8119 36.9665 51.1119 23.9825
77.8 38.8619 36.9145 51.0619 24.0345
77.9 38.9119 36.8625 51.0119 24.0865
78 38.9618 36.8105 50.9618 24.1385
78.1 39.0118 36.7585 50.9118 24.1905
78.2 39.0618 36.7064 50.8618 24.2426
78.3 39.1118 36.6543 50.8118 24.2947
78.4 39.1618 36.6022 50.7618 24.3468
78.5 39.2118 36.5501 50.7118 24.3989
78.6 39.2618 36.498 50.6618 24.451
78.7 39.3118 36.4459 50.6117 24.5031
78.8 39.3617 36.3937 50.5617 24.5553
78.9 39.4117 36.3415 50.5117 24.6075
79 39.4617 36.2893 50.4617 24.6597
79.1 39.5117 36.2371 50.4117 24.7119
79.2 39.5617 36.1849 50.3617 24.7641
79.3 39.6117 36.1326 50.3117 24.8164
79.4 39.6617 36.0803 50.2617 24.8687
79.5 39.7116 36.028 50.2116 24.921
79.6 39.7616 35.9757 50.1616 24.9733
79.7 39.8116 35.9234 50.1116 25.0256
79.8 39.8616 35.8711 50.0616 25.0779
79.9 39.9116 35.8187 50.0116 25.1303
80 39.9616 35.7663 49.9616 25.1827
80.1 40.0116 35.714 49.9116 25.235
80.2 40.0616 35.6615 49.8616 25.2875
80.3 40.1116 35.6091 49.8115 25.3399
80.4 40.1615 35.5567 49.7615 25.3923
80.5 40.2115 35.5042 49.7115 25.4448
80.6 40.2615 35.4518 49.6615 25.4972
80.7 40.3115 35.3993 49.6115 25.5497
80.8 40.3615 35.3468 49.5615 25.6022
80.9 40.4115 35.2943 49.5115 25.6547
81 40.4615 35.2418 49.4615 25.7072
81.1 40.5115 35.1892 49.4115 25.7598
81.2 40.5615 35.1367 49.3614 25.8123
81.3 40.6114 35.0841 49.3114 25.8649
81.4 40.6614 35.0315 49.2614 25.9175
81.5 40.7114 34.9789 49.2114 25.9701
81.6 40.7614 34.9263 49.1614 26.0227
81.7 40.8114 34.8737 49.1114 26.0753
81.8 40.8614 34.821 49.0614 26.128
81.9 40.9114 34.7684 49.0114 26.1806
82 40.9614 34.7157 48.9614 26.2333
82.1 41.0114 34.6631 48.9114 26.2859
82.2 41.0614 34.6104 48.8613 26.3386
82.3 41.1113 34.5577 48.8113 26.3913
82.4 41.1613 34.5049 48.7613 26.4441
82.5 41.2113 34.4522 48.7113 26.4968
82.6 41.2613 34.3995 48.6613 26.5495
82.7 41.3113 34.3467 48.6113 26.6023
82.8 41.3613 34.294 48.5613 26.655
82.9 41.4113 34.2412 48.5113 26.7078
83 41.4613 34.1884 48.4613 26.7606
83.1 41.5113 34.1356 48.4113 26.8134
83.2 41.5613 34.0828 48.3613 26.8662
83.3 41.6113 34.03 48.3113 26.919
83.4 41.6613 33.9772 48.2612 26.9718
83.5 41.7112 33.9243 48.2112 27.0247
83.6 41.7612 33.8715 48.1612 27.0775
83.7 41.8112 33.8186 48.1112 27.1304
83.8 41.8612 33.7657 48.0612 27.1833
83.9 41.9112 33.7128 48.0112 27.2362
84 41.9612 33.66 47.9612 27.289
84.1 42.0112 33.6071 47.9112 27.3419
84.2 42.0612 33.5541 47.8612 27.3949
84.3 42.1112 33.5012 47.8112 27.4478
84.4 42.1612 33.4483 47.7612 27.5007
84.5 42.2112 33.3954 47.7112 27.5536
84.6 42.2612 33.3424 47.6612 27.6066
84.7 42.3112 33.2894 47.6112 27.6596
84.8 42.3612 33.2365 47.5611 27.7125
84.9 42.4111 33.1835 47.5111 27.7655
85 42.4611 33.1305 47.4611 27.8185
85.1 42.5111 33.0775 47.4111 27.8715
85.2 42.5611 33.0245 47.3611 27.9245
85.3 42.6111 32.9715 47.3111 27.9775
85.4 42.6611 32.9185 47.2611 28.0305
85.5 42.7111 32.8655 47.2111 28.0835
85.6 42.7611 32.8125 47.1611 28.1365
85.7 42.8111 32.7594 47.1111 28.1896
85.8 42.8611 32.7064 47.0611 28.2426
85.9 42.9111 32.6533 47.0111 28.2957
86 42.9611 32.6003 46.9611 28.3487
86.1 43.0111 32.5472 46.9111 28.4018
86.2 43.0611 32.4942 46.8611 28.4548
86.3 43.1111 32.4411 46.8111 28.5079
86.4 43.1611 32.388 46.7611 28.561
86.5 43.2111 32.3349 46.7111 28.6141
86.6 43.2611 32.2818 46.6611 28.6672
86.7 43.3111 32.2287 46.6111 28.7203
86.8 43.3611 32.1756 46.5611 28.7734
86.9 43.411 32.1225 46.511 28.8265
87 43.461 32.0694 46.461 28.8796
87.1 43.511 32.0163 46.411 28.9327
87.2 43.561 31.9632 46.361 28.9858
87.3 43.611 31.91 46.311 29.039
87.4 43.661 31.8569 46.261 29.0921
87.5 43.711 31.8038 46.211 29.1452
87.6 43.761 31.7506 46.161 29.1984
87.7 43.811 31.6975 46.111 29.2515
87.8 43.861 31.6443 46.061 29.3047
87.9 43.911 31.5912 46.011 29.3578
88 43.961 31.538 45.961 29.411
88.1 44.011 31.4849 45.911 29.4641
88.2 44.061 31.4317 45.861 29.5173
88.3 44.111 31.3786 45.811 29.5704
88.4 44.161 31.3254 45.761 29.6236
88.5 44.211 31.2722 45.711 29.6768
88.6 44.261 31.2191 45.661 29.7299
88.7 44.311 31.1659 45.611 29.7831
88.8 44.361 31.1127 45.561 29.8363
88.9 44.411 31.0595 45.511 29.8895
89 44.461 31.0064 45.461 29.9426
89.1 44.511 30.9532 45.411 29.9958
89.2 44.561 30.9 45.361 30.049
89.3 44.611 30.8468 45.311 30.1022
89.4 44.661 30.7936 45.261 30.1554
89.5 44.711 30.7404 45.211 30.2086
89.6 44.761 30.6873 45.161 30.2617
89.7 44.811 30.6341 45.111 30.3149
89.8 44.861 30.5809 45.061 30.3681
89.9 44.911 30.5277 45.011 30.4213
90 44.961 30.4745 44.961 30.4745
90.1 45.011 30.4213 44.911 30.5277
90.2 45.061 30.3681 44.861 30.5809
90.3 45.111 30.3149 44.811 30.6341
90.4 45.161 30.2617 44.761 30.6873
90.5 45.211 30.2086 44.711 30.7404
90.6 45.261 30.1554 44.661 30.7936
90.7 45.311 30.1022 44.611 30.8468
90.8 45.361 30.049 44.561 30.9
90.9 45.411 29.9958 44.511 30.9532
91 45.461 29.9426 44.461 31.0064
91.1 45.511 29.8895 44.411 31.0595
91.2 45.561 29.8363 44.361 31.1127
91.3 45.611 29.7831 44.311 31.1659
91.4 45.661 29.7299 44.261 31.2191
91.5 45.711 29.6768 44.211 31.2722
91.6 45.761 29.6236 44.161 31.3254
91.7 45.811 29.5704 44.111 31.3786
91.8 45.861 29.5173 44.061 31.4317
91.9 45.911 29.4641 44.011 31.4849
92 45.961 29.411 43.961 31.538
92.1 46.011 29.3578 43.911 31.5912
92.2 46.061 29.3047 43.861 31.6443
92.3 46.111 29.2515 43.811 31.6975
92.4 46.161 29.1984 43.761 31.7506
92.5 46.211 29.1452 43.711 31.8038
92.6 46.261 29.0921 43.661 31.8569
92.7 46.311 29.039 43.611 31.91
92.8 46.361 28.9858 43.561 31.9632
92.9 46.411 28.9327 43.511 32.0163
93 46.461 28.8796 43.461 32.0694
93.1 46.511 28.8265 43.411 32.1225
93.2 46.5611 28.7734 43.3611 32.1756
93.3 46.6111 28.7203 43.3111 32.2287
93.4 46.6611 28.6672 43.2611 32.2818
93.5 46.7111 28.6141 43.2111 32.3349
93.6 46.7611 28.561 43.1611 32.388
93.7 46.8111 28.5079 43.1111 32.4411
93.8 46.8611 28.4548 43.0611 32.4942
93.9 46.9111 28.4018 43.0111 32.5472
94 46.9611 28.3487 42.9611 32.6003
94.1 47.0111 28.2957 42.9111 32.6533
94.2 47.0611 28.2426 42.8611 32.7064
94.3 47.1111 28.1896 42.8111 32.7594
94.4 47.1611 28.1365 42.7611 32.8125
94.5 47.2111 28.0835 42.7111 32.8655
94.6 47.2611 28.0305 42.6611 32.9185
94.7 47.3111 27.9775 42.6111 32.9715
94.8 47.3611 27.9245 42.5611 33.0245
94.9 47.4111 27.8715 42.5111 33.0775
95 47.4611 27.8185 42.4611 33.1305
95.1 47.5111 27.7655 42.4111 33.1835
95.2 47.5611 27.7125 42.3612 33.2365
95.3 47.6112 27.6596 42.3112 33.2894
95.4 47.6612 27.6066 42.2612 33.3424
95.5 47.7112 27.5536 42.2112 33.3954
95.6 47.7612 27.5007 42.1612 33.4483
95.7 47.8112 27.4478 42.1112 33.5012
95.8 47.8612 27.3949 42.0612 33.5541
95.9 47.9112 27.3419 42.0112 33.6071
96 47.9612 27.289 41.9612 33.66
96.1 48.0112 27.2362 41.9112 33.7128
96.2 48.0612 27.1833 41.8612 33.7657
96.3 48.1112 27.1304 41.8112 33.8186
96.4 48.1612 27.0775 41.7612 33.8715
96.5 48.2112 27.0247 41.7112 33.9243
96.6 48.2612 26.9718 41.6613 33.9772
96.7 48.3113 26.919 41.6113 34.03
96.8 48.3613 26.8662 41.5613 34.0828
96.9 48.4113 26.8134 41.5113 34.1356
97 48.4613 26.7606 41.4613 34.1884
97.1 48.5113 26.7078 41.4113 34.2412
97.2 48.5613 26.655 41.3613 34.294
97.3 48.6113 26.6023 41.3113 34.3467
97.4 48.6613 26.5495 41.2613 34.3995
97.5 48.7113 26.4968 41.2113 34.4522
97.6 48.7613 26.4441 41.1613 34.5049
97.7 48.8113 26.3913 41.1113 34.5577
97.8 48.8613 26.3386 41.0614 34.6104
97.9 48.9114 26.2859 41.0114 34.6631
98 48.9614 26.2333 40.9614 34.7157
98.1 49.0114 26.1806 40.9114 34.7684
98.2 49.0614 26.128 40.8614 34.821
98.3 49.1114 26.0753 40.8114 34.8737
98.4 49.1614 26.0227 40.7614 34.9263
98.5 49.2114 25.9701 40.7114 34.9789
98.6 49.2614 25.9175 40.6614 35.0315
98.7 49.3114 25.8649 40.6114 35.0841
98.8 49.3614 25.8123 40.5615 35.1367
98.9 49.4115 25.7598 40.5115 35.1892
99 49.4615 25.7072 40.4615 35.2418
99.1 49.5115 25.6547 40.4115 35.2943
99.2 49.5615 25.6022 40.3615 35.3468
99.3 49.6115 25.5497 40.3115 35.3993
99.4 49.6615 25.4972 40.2615 35.4518
99.5 49.7115 25.4448 40.2115 35.5042
99.6 49.7615 25.3923 40.1615 35.5567
99.7 49.8115 25.3399 40.1116 35.6091
99.8 49.8616 25.2875 40.0616 35.6615
99.9 49.9116 25.235 40.0116 35.714
100 49.9616 25.1827 39.9616 35.7663
100.1 50.0116 25.1303 39.9116 35.8187
100.2 50.0616 25.0779 39.8616 35.8711
100.3 50.1116 25.0256 39.8116 35.9234
100.4 50.1616 24.9733 39.7616 35.9757
100.5 50.2116 24.921 39.7116 36.028
100.6 50.2617 24.8687 39.6617 36.0803
100.7 50.3117 24.8164 39.6117 36.1326
100.8 50.3617 24.7641 39.5617 36.1849
100.9 50.4117 24.7119 39.5117 36.2371
101 50.4617 24.6597 39.4617 36.2893
101.1 50.5117 24.6075 39.4117 36.3415
101.2 50.5617 24.5553 39.3617 36.3937
101.3 50.6117 24.5031 39.3118 36.4459
101.4 50.6618 24.451 39.2618 36.498
101.5 50.7118 24.3989 39.2118 36.5501
101.6 50.7618 24.3468 39.1618 36.6022
101.7 50.8118 24.2947 39.1118 36.6543
101.8 50.8618 24.2426 39.0618 36.7064
101.9 50.9118 24.1905 39.0118 36.7585
102 50.9618 24.1385 38.9618 36.8105
102.1 51.0119 24.0865 38.9119 36.8625
102.2 51.0619 24.0345 38.8619 36.9145
102.3 51.1119 23.9825 38.8119 36.9665
102.4 51.1619 23.9305 38.7619 37.0185
102.5 51.2119 23.8786 38.7119 37.0704
102.6 51.2619 23.8267 38.6619 37.1223
102.7 51.3119 23.7748 38.612 37.1742
102.8 51.362 23.7229 38.562 37.2261
102.9 51.412 23.6711 38.512 37.2779
103 51.462 23.6192 38.462 37.3298
103.1 51.512 23.5674 38.412 37.3816
103.2 51.562 23.5156 38.362 37.4334
103.3 51.612 23.4638 38.312 37.4852
103.4 51.662 23.4121 38.2621 37.5369
103.5 51.7121 23.3604 38.2121 37.5886
103.6 51.7621 23.3087 38.1621 37.6403
103.7 51.8121 23.257 38.1121 37.692
103.8 51.8621 23.2053 38.0621 37.7437
103.9 51.9121 23.1537 38.0121 37.7953
104 51.9621 23.1021 37.9622 37.8469
104.1 52.0122 23.0505 37.9122 37.8985
104.2 52.0622 22.9989 37.8622 37.9501
104.3 52.1122 22.9473 37.8122 38.0017
104.4 52.1622 22.8958 37.7622 38.0532
104.5 52.2122 22.8443 37.7122 38.1047
104.6 52.2622 22.7928 37.6623 38.1562
104.7 52.3123 22.7414 37.6123 38.2076
104.8 52.3623 22.6899 37.5623 38.2591
104.9 52.4123 22.6385 37.5123 38.3105
105 52.4623 22.5871 37.4623 38.3619
105.1 52.5123 22.5358 37.4123 38.4132
105.2 52.5623 22.4844 37.3624 38.4646
105.3 52.6124 22.4331 37.3124 38.5159
105.4 52.6624 22.3818 37.2624 38.5672
105.5 52.7124 22.3305 37.2124 38.6185
105.6 52.7624 22.2793 37.1624 38.6697
105.7 52.8124 22.2281 37.1125 38.7209
105.8 52.8625 22.1769 37.0625 38.7721
105.9 52.9125 22.1257 37.0125 38.8233
106 52.9625 22.0746 36.9625 38.8744
106.1 53.0125 22.0235 36.9125 38.9255
106.2 53.0625 21.9724 36.8625 38.9766
106.3 53.1126 21.9213 36.8126 39.0277
106.4 53.1626 21.8703 36.7626 39.0787
106.5 53.2126 21.8193 36.7126 39.1297
106.6 53.2626 21.7683 36.6626 39.1807
106.7 53.3126 21.7173 36.6126 39.2317
106.8 53.3626 21.6664 36.5627 39.2826
106.9 53.4127 21.6155 36.5127 39.3335
107 53.4627 21.5646 36.4627 39.3844
107.1 53.5127 21.5138 36.4127 39.4352
107.2 53.5627 21.4629 36.3627 39.4861
107.3 53.6127 21.4121 36.3128 39.5369
107.4 53.6628 21.3614 36.2628 39.5876
107.5 53.7128 21.3106 36.2128 39.6384
107.6 53.7628 21.2599 36.1628 39.6891
107.7 53.8128 21.2092 36.1128 39.7398
107.8 53.8629 21.1586 36.0629 39.7904
107.9 53.9129 21.108 36.0129 39.841
108 53.9629 21.0574 35.9629 39.8916
108.1 54.0129 21.0068 35.9129 39.9422
108.2 54.0629 20.9562 35.863 39.9928
108.3 54.113 20.9057 35.813 40.0433
108.4 54.163 20.8553 35.763 40.0937
108.5 54.213 20.8048 35.713 40.1442
108.6 54.263 20.7544 35.663 40.1946
108.7 54.313 20.704 35.6131 40.245
108.8 54.3631 20.6536 35.5631 40.2954
108.9 54.4131 20.6033 35.5131 40.3457
109 54.4631 20.553 35.4631 40.396
109.1 54.5131 20.5027 35.4131 40.4463
109.2 54.5632 20.4525 35.3632 40.4965
109.3 54.6132 20.4022 35.3132 40.5468
109.4 54.6632 20.3521 35.2632 40.5969
109.5 54.7132 20.3019 35.2132 40.6471
109.6 54.7632 20.2518 35.1633 40.6972
109.7 54.8133 20.2017 35.1133 40.7473
109.8 54.8633 20.1516 35.0633 40.7974
109.9 54.9133 20.1016 35.0133 40.8474
110 54.9633 20.0516 34.9634 40.8974
110.1 55.0134 20.0016 34.9134 40.9474
110.2 55.0634 19.9517 34.8634 40.9973
110.3 55.1134 19.9018 34.8134 41.0472
110.4 55.1634 19.8519 34.7634 41.0971
110.5 55.2135 19.8021 34.7135 41.1469
110.6 55.2635 19.7523 34.6635 41.1967
110.7 55.3135 19.7025 34.6135 41.2465
110.8 55.3635 19.6528 34.5635 41.2962
110.9 55.4135 19.6031 34.5136 41.3459
111 55.4636 19.5534 34.4636 41.3956
111.1 55.5136 19.5038 34.4136 41.4452
111.2 55.5636 19.4542 34.3636 41.4948
111.3 55.6136 19.4046 34.3137 41.5444
111.4 55.6637 19.3551 34.2637 41.5939
111.5 55.7137 19.3056 34.2137 41.6434
111.6 55.7637 19.2561 34.1637 41.6929
111.7 55.8137 19.2067 34.1138 41.7423
111.8 55.8638 19.1573 34.0638 41.7917
111.9 55.9138 19.1079 34.0138 41.8411
112 55.9638 19.0586 33.9638 41.8904
112.1 56.0138 19.0093 33.9139 41.9397
112.2 56.0639 18.96 33.8639 41.989
112.3 56.1139 18.9108 33.8139 42.0382
112.4 56.1639 18.8616 33.7639 42.0874
112.5 56.214 18.8124 33.714 42.1366
112.6 56.264 18.7633 33.664 42.1857
112.7 56.314 18.7142 33.614 42.2348
112.8 56.364 18.6652 33.564 42.2838
112.9 56.4141 18.6161 33.5141 42.3329
113 56.4641 18.5672 33.4641 42.3818
113.1 56.5141 18.5182 33.4141 42.4308
113.2 56.5641 18.4693 33.3642 42.4797
113.3 56.6142 18.4204 33.3142 42.5286
113.4 56.6642 18.3716 33.2642 42.5774
113.5 56.7142 18.3228 33.2142 42.6262
113.6 56.7642 18.2741 33.1643 42.6749
113.7 56.8143 18.2253 33.1143 42.7237
113.8 56.8643 18.1767 33.0643 42.7723
113.9 56.9143 18.128 33.0143 42.821
114 56.9644 18.0794 32.9644 42.8696
114.1 57.0144 18.0308 32.9144 42.9182
114.2 57.0644 17.9823 32.8644 42.9667
114.3 57.1144 17.9338 32.8145 43.0152
114.4 57.1645 17.8853 32.7645 43.0637
114.5 57.2145 17.8369 32.7145 43.1121
114.6 57.2645 17.7886 32.6645 43.1604
114.7 57.3145 17.7402 32.6146 43.2088
114.8 57.3646 17.6919 32.5646 43.2571
114.9 57.4146 17.6436 32.5146 43.3054
115 57.4646 17.5954 32.4647 43.3536
115.1 57.5147 17.5472 32.4147 43.4018
115.2 57.5647 17.4991 32.3647 43.4499
115.3 57.6147 17.451 32.3147 43.498
115.4 57.6648 17.4029 32.2648 43.5461
115.5 57.7148 17.3549 32.2148 43.5941
115.6 57.7648 17.3069 32.1648 43.6421
115.7 57.8148 17.259 32.1149 43.69
115.8 57.8649 17.211 32.0649 43.738
115.9 57.9149 17.1632 32.0149 43.7858
116 57.9649 17.1154 31.9649 43.8336
116.1 58.015 17.0676 31.915 43.8814
116.2 58.065 17.0198 31.865 43.9292
116.3 58.115 16.9721 31.815 43.9769
116.4 58.165 16.9245 31.7651 44.0245
116.5 58.2151 16.8768 31.7151 44.0722
116.6 58.2651 16.8293 31.6651 44.1197
116.7 58.3151 16.7817 31.6152 44.1673
116.8 58.3652 16.7342 31.5652 44.2148
116.9 58.4152 16.6868 31.5152 44.2622
117 58.4652 16.6394 31.4653 44.3096
117.1 58.5153 16.592 31.4153 44.357
117.2 58.5653 16.5447 31.3653 44.4043
117.3 58.6153 16.4974 31.3153 44.4516
117.4 58.6654 16.4501 31.2654 44.4989
117.5 58.7154 16.4029 31.2154 44.5461
117.6 58.7654 16.3558 31.1654 44.5932
117.7 58.8155 16.3087 31.1155 44.6403
117.8 58.8655 16.2616 31.0655 44.6874
117.9 58.9155 16.2146 31.0155 44.7344
118 58.9655 16.1676 30.9656 44.7814
118.1 59.0156 16.1206 30.9156 44.8284
118.2 59.0656 16.0738 30.8656 44.8752
118.3 59.1156 16.0269 30.8157 44.9221
118.4 59.1657 15.9801 30.7657 44.9689
118.5 59.2157 15.9333 30.7157 45.0157
118.6 59.2657 15.8866 30.6658 45.0624
118.7 59.3158 15.8399 30.6158 45.1091
118.8 59.3658 15.7933 30.5658 45.1557
118.9 59.4158 15.7467 30.5159 45.2023
119 59.4659 15.7002 30.4659 45.2488
119.1 59.5159 15.6537 30.4159 45.2953
119.2 59.5659 15.6072 30.366 45.3418
119.3 59.616 15.5608 30.316 45.3882
119.4 59.666 15.5145 30.266 45.4345
119.5 59.716 15.4681 30.2161 45.4809
119.6 59.7661 15.4219 30.1661 45.5271
119.7 59.8161 15.3756 30.1161 45.5734
119.8 59.8661 15.3295 30.0662 45.6195
119.9 59.9162 15.2833 30.0162 45.6657
120 59.9662 15.2373 29.9662 45.7118
120.1 60.0162 15.1912 29.9163 45.7578
120.2 60.0663 15.1452 29.8663 45.8038
120.3 60.1163 15.0993 29.8163 45.8497
120.4 60.1663 15.0534 29.7664 45.8956
120.5 60.2164 15.0075 29.7164 45.9415
120.6 60.2664 14.9617 29.6664 45.9873
120.7 60.3164 14.916 29.6165 46.033
120.8 60.3665 14.8702 29.5665 46.0788
120.9 60.4165 14.8246 29.5165 46.1244
121 60.4666 14.779 29.4666 46.17
121.1 60.5166 14.7334 29.4166 46.2156
121.2 60.5666 14.6879 29.3666 46.2611
121.3 60.6167 14.6424 29.3167 46.3066
121.4 60.6667 14.597 29.2667 46.352
121.5 60.7167 14.5516 29.2168 46.3974
121.6 60.7668 14.5063 29.1668 46.4427
121.7 60.8168 14.461 29.1168 46.488
121.8 60.8668 14.4158 29.0669 46.5332
121.9 60.9169 14.3706 29.0169 46.5784
122 60.9669 14.3255 28.9669 46.6235
122.1 61.0169 14.2804 28.917 46.6686
122.2 61.067 14.2354 28.867 46.7136
122.3 61.117 14.1904 28.817 46.7586
122.4 61.1671 14.1454 28.7671 46.8036
122.5 61.2171 14.1006 28.7171 46.8484
122.6 61.2671 14.0557 28.6671 46.8933
122.7 61.3172 14.0109 28.6172 46.9381
122.8 61.3672 13.9662 28.5672 46.9828
122.9 61.4172 13.9215 28.5173 47.0275
123 61.4673 13.8769 28.4673 47.0721
123.1 61.5173 13.8323 28.4173 47.1167
123.2 61.5673 13.7878 28.3674 47.1612
123.3 61.6174 13.7433 28.3174 47.2057
123.4 61.6674 13.6989 28.2674 47.2501
123.5 61.7175 13.6545 28.2175 47.2945
123.6 61.7675 13.6102 28.1675 47.3388
123.7 61.8175 13.5659 28.1176 47.3831
123.8 61.8676 13.5217 28.0676 47.4273
123.9 61.9176 13.4775 28.0176 47.4715
124 61.9676 13.4334 27.9677 47.5156
124.1 62.0177 13.3893 27.9177 47.5597
124.2 62.0677 13.3453 27.8677 47.6037
124.3 62.1178 13.3013 27.8178 47.6477
124.4 62.1678 13.2574 27.7678 47.6916
124.5 62.2178 13.2136 27.7179 47.7354
124.6 62.2679 13.1697 27.6679 47.7793
124.7 62.3179 13.126 27.6179 47.823
124.8 62.368 13.0823 27.568 47.8667
124.9 62.418 13.0386 27.518 47.9104
125 62.468 12.995 27.4681 47.954
125.1 62.5181 12.9515 27.4181 47.9975
125.2 62.5681 12.908 27.3681 48.041
125.3 62.6182 12.8646 27.3182 48.0844
125.4 62.6682 12.8212 27.2682 48.1278
125.5 62.7182 12.7779 27.2183 48.1711
125.6 62.7683 12.7346 27.1683 48.2144
125.7 62.8183 12.6914 27.1183 48.2576
125.8 62.8683 12.6482 27.0684 48.3008
125.9 62.9184 12.6051 27.0184 48.3439
126 62.9684 12.562 26.9685 48.387
126.1 63.0185 12.519 26.9185 48.43
126.2 63.0685 12.4761 26.8685 48.4729
126.3 63.1185 12.4332 26.8186 48.5158
126.4 63.1686 12.3904 26.7686 48.5586
126.5 63.2186 12.3476 26.7187 48.6014
126.6 63.2687 12.3048 26.6687 48.6442
126.7 63.3187 12.2622 26.6187 48.6868
126.8 63.3688 12.2196 26.5688 48.7294
126.9 63.4188 12.177 26.5188 48.772
127 63.4688 12.1345 26.4689 48.8145
127.1 63.5189 12.092 26.4189 48.857
127.2 63.5689 12.0496 26.3689 48.8994
127.3 63.619 12.0073 26.319 48.9417
127.4 63.669 11.965 26.269 48.984
127.5 63.719 11.9228 26.2191 49.0262
127.6 63.7691 11.8806 26.1691 49.0684
127.7 63.8191 11.8385 26.1191 49.1105
127.8 63.8692 11.7965 26.0692 49.1525
127.9 63.9192 11.7545 26.0192 49.1945
128 63.9692 11.7125 25.9693 49.2365
128.1 64.0193 11.6706 25.9193 49.2784
128.2 64.0693 11.6288 25.8694 49.3202
128.3 64.1194 11.587 25.8194 49.362
128.4 64.1694 11.5453 25.7694 49.4037
128.5 64.2195 11.5037 25.7195 49.4453
128.6 64.2695 11.4621 25.6695 49.4869
128.7 64.3195 11.4205 25.6196 49.5285
128.8 64.3696 11.3791 25.5696 49.5699
128.9 64.4196 11.3376 25.5197 49.6114
129 64.4697 11.2963 25.4697 49.6527
129.1 64.5197 11.255 25.4197 49.694
129.2 64.5698 11.2137 25.3698 49.7353
129.3 64.6198 11.1725 25.3198 49.7765
129.4 64.6698 11.1314 25.2699 49.8176
129.5 64.7199 11.0903 25.2199 49.8587
129.6 64.7699 11.0493 25.17 49.8997
129.7 64.82 11.0084 25.12 49.9406
129.8 64.87 10.9675 25.07 49.9815
129.9 64.9201 10.9266 25.0201 50.0224
130 64.9701 10.8859 24.9701 50.0631
130.1 65.0201 10.8452 24.9202 50.1038
130.2 65.0702 10.8045 24.8702 50.1445
130.3 65.1202 10.7639 24.8203 50.1851
130.4 65.1703 10.7234 24.7703 50.2256
130.5 65.2203 10.6829 24.7204 50.2661
130.6 65.2704 10.6425 24.6704 50.3065
130.7 65.3204 10.6021 24.6204 50.3469
130.8 65.3705 10.5618 24.5705 50.3872
130.9 65.4205 10.5216 24.5205 50.4274
131 65.4705 10.4814 24.4706 50.4676
131.1 65.5206 10.4413 24.4206 50.5077
131.2 65.5706 10.4013 24.3707 50.5477
131.3 65.6207 10.3613 24.3207 50.5877
131.4 65.6707 10.3214 24.2708 50.6276
131.5 65.7208 10.2815 24.2208 50.6675
131.6 65.7708 10.2417 24.1708 50.7073
131.7 65.8209 10.2019 24.1209 50.7471
131.8 65.8709 10.1623 24.0709 50.7867
131.9 65.921 10.1226 24.021 50.8264
132 65.971 10.0831 23.971 50.8659
132.1 66.021 10.0436 23.9211 50.9054
132.2 66.0711 10.0042 23.8711 50.9448
132.3 66.1211 9.96478 23.8212 50.9842
132.4 66.1712 9.92547 23.7712 51.0235
132.5 66.2212 9.88623 23.7213 51.0628
132.6 66.2713 9.84704 23.6713 51.102
132.7 66.3213 9.80792 23.6213 51.1411
132.8 66.3714 9.76887 23.5714 51.1801
132.9 66.4214 9.72987 23.5214 51.2191
133 66.4715 9.69094 23.4715 51.2581
133.1 66.5215 9.65207 23.4215 51.2969
133.2 66.5716 9.61327 23.3716 51.3357
133.3 66.6216 9.57453 23.3216 51.3745
133.4 66.6716 9.53585 23.2717 51.4131
133.5 66.7217 9.49724 23.2217 51.4518
133.6 66.7717 9.45869 23.1718 51.4903
133.7 66.8218 9.4202 23.1218 51.5288
133.8 66.8718 9.38178 23.0719 51.5672
133.9 66.9219 9.34343 23.0219 51.6056
134 66.9719 9.30513 22.972 51.6439
134.1 67.022 9.26691 22.922 51.6821
134.2 67.072 9.22874 22.872 51.7203
134.3 67.1221 9.19064 22.8221 51.7584
134.4 67.1721 9.15261 22.7721 51.7964
134.5 67.2222 9.11464 22.7222 51.8344
134.6 67.2722 9.07674 22.6722 51.8723
134.7 67.3223 9.0389 22.6223 51.9101
134.8 67.3723 9.00112 22.5723 51.9479
134.9 67.4224 8.96342 22.5224 51.9856
135 67.4724 8.92577 22.4724 52.0232
135.1 67.5225 8.8882 22.4225 52.0608
135.2 67.5725 8.85069 22.3725 52.0983
135.3 67.6225 8.81324 22.3226 52.1358
135.4 67.6726 8.77586 22.2726 52.1731
135.5 67.7226 8.73855 22.2227 52.2105
135.6 67.7727 8.7013 22.1727 52.2477
135.7 67.8227 8.66412 22.1228 52.2849
135.8 67.8728 8.62701 22.0728 52.322
135.9 67.9228 8.58996 22.0229 52.359
136 67.9729 8.55298 21.9729 52.396
136.1 68.0229 8.51607 21.923 52.4329
136.2 68.073 8.47922 21.873 52.4698
136.3 68.123 8.44244 21.8231 52.5066
136.4 68.1731 8.40572 21.7731 52.5433
136.5 68.2231 8.36908 21.7232 52.5799
136.6 68.2732 8.3325 21.6732 52.6165
136.7 68.3232 8.29599 21.6233 52.653
136.8 68.3733 8.25955 21.5733 52.6895
136.9 68.4233 8.22317 21.5234 52.7258
137 68.4734 8.18686 21.4734 52.7621
137.1 68.5234 8.15062 21.4235 52.7984
137.2 68.5735 8.11445 21.3735 52.8346
137.3 68.6235 8.07835 21.3236 52.8707
137.4 68.6736 8.04231 21.2736 52.9067
137.5 68.7236 8.00634 21.2237 52.9427
137.6 68.7737 7.97044 21.1737 52.9786
137.7 68.8237 7.93461 21.1238 53.0144
137.8 68.8738 7.89885 21.0738 53.0501
137.9 68.9238 7.86316 21.0239 53.0858
138 68.9739 7.82753 20.9739 53.1215
138.1 69.0239 7.79198 20.924 53.157
138.2 69.074 7.75649 20.874 53.1925
138.3 69.124 7.72107 20.8241 53.2279
138.4 69.1741 7.68573 20.7741 53.2633
138.5 69.2241 7.65045 20.7242 53.2986
138.6 69.2742 7.61524 20.6742 53.3338
138.7 69.3242 7.5801 20.6243 53.3689
138.8 69.3743 7.54503 20.5743 53.404
138.9 69.4243 7.51003 20.5244 53.439
139 69.4744 7.4751 20.4744 53.4739
139.1 69.5244 7.44024 20.4245 53.5088
139.2 69.5745 7.40545 20.3745 53.5435
139.3 69.6245 7.37074 20.3246 53.5783
139.4 69.6746 7.33609 20.2746 53.6129
139.5 69.7247 7.30151 20.2247 53.6475
139.6 69.7747 7.267 20.1747 53.682
139.7 69.8248 7.23256 20.1248 53.7164
139.8 69.8748 7.1982 20.0748 53.7508
139.9 69.9249 7.1639 20.0249 53.7851
140 69.9749 7.12968 19.9749 53.8193
140.1 70.025 7.09553 19.925 53.8535
140.2 70.075 7.06144 19.875 53.8876
140.3 70.1251 7.02743 19.8251 53.9216
140.4 70.1751 6.99349 19.7751 53.9555
140.5 70.2252 6.95963 19.7252 53.9894
140.6 70.2752 6.92583 19.6753 54.0232
140.7 70.3253 6.89211 19.6253 54.0569
140.8 70.3753 6.85845 19.5754 54.0905
140.9 70.4254 6.82487 19.5254 54.1241
141 70.4754 6.79137 19.4755 54.1576
141.1 70.5255 6.75793 19.4255 54.1911
141.2 70.5755 6.72457 19.3756 54.2244
141.3 70.6256 6.69127 19.3256 54.2577
141.4 70.6757 6.65805 19.2757 54.2909
141.5 70.7257 6.62491 19.2257 54.3241
141.6 70.7758 6.59183 19.1758 54.3572
141.7 70.8258 6.55883 19.1258 54.3902
141.8 70.8759 6.5259 19.0759 54.4231
141.9 70.9259 6.49305 19.0259 54.456
142 70.976 6.46027 18.976 54.4887
142.1 71.026 6.42756 18.9261 54.5214
142.2 71.0761 6.39492 18.8761 54.5541
142.3 71.1261 6.36236 18.8262 54.5866
142.4 71.1762 6.32987 18.7762 54.6191
142.5 71.2262 6.29745 18.7263 54.6515
142.6 71.2763 6.26511 18.6763 54.6839
142.7 71.3263 6.23284 18.6264 54.7162
142.8 71.3764 6.20065 18.5764 54.7484
142.9 71.4265 6.16853 18.5265 54.7805
143 71.4765 6.13648 18.4765 54.8125
143.1 71.5266 6.10451 18.4266 54.8445
143.2 71.5766 6.07261 18.3766 54.8764
143.3 71.6267 6.04079 18.3267 54.9082
143.4 71.6767 6.00904 18.2768 54.94
143.5 71.7268 5.97736 18.2268 54.9716
143.6 71.7768 5.94576 18.1769 55.0032
143.7 71.8269 5.91424 18.1269 55.0348
143.8 71.8769 5.88279 18.077 55.0662
143.9 71.927 5.85141 18.027 55.0976
144 71.9771 5.82011 17.9771 55.1289
144.1 72.0271 5.78889 17.9271 55.1601
144.2 72.0772 5.75774 17.8772 55.1913
144.3 72.1272 5.72666 17.8272 55.2223
144.4 72.1773 5.69566 17.7773 55.2533
144.5 72.2273 5.66474 17.7274 55.2843
144.6 72.2774 5.63389 17.6774 55.3151
144.7 72.3274 5.60312 17.6275 55.3459
144.8 72.3775 5.57242 17.5775 55.3766
144.9 72.4276 5.5418 17.5276 55.4072
145 72.4776 5.51125 17.4776 55.4377
145.1 72.5277 5.48078 17.4277 55.4682
145.2 72.5777 5.45039 17.3777 55.4986
145.3 72.6278 5.42007 17.3278 55.5289
145.4 72.6778 5.38983 17.2779 55.5592
145.5 72.7279 5.35967 17.2279 55.5893
145.6 72.7779 5.32958 17.178 55.6194
145.7 72.828 5.29957 17.128 55.6494
145.8 72.8781 5.26963 17.0781 55.6794
145.9 72.9281 5.23978 17.0281 55.7092
146 72.9782 5.20999 16.9782 55.739
146.1 73.0282 5.18029 16.9283 55.7687
146.2 73.0783 5.15066 16.8783 55.7983
146.3 73.1283 5.12111 16.8284 55.8279
146.4 73.1784 5.09164 16.7784 55.8574
146.5 73.2285 5.06225 16.7285 55.8868
146.6 73.2785 5.03293 16.6785 55.9161
146.7 73.3286 5.00369 16.6286 55.9453
146.8 73.3786 4.97453 16.5787 55.9745
146.9 73.4287 4.94544 16.5287 56.0036
147 73.4787 4.91643 16.4788 56.0326
147.1 73.5288 4.8875 16.4288 56.0615
147.2 73.5789 4.85865 16.3789 56.0903
147.3 73.6289 4.82988 16.3289 56.1191
147.4 73.679 4.80118 16.279 56.1478
147.5 73.729 4.77257 16.2291 56.1764
147.6 73.7791 4.74403 16.1791 56.205
147.7 73.8291 4.71557 16.1292 56.2334
147.8 73.8792 4.68719 16.0792 56.2618
147.9 73.9293 4.65888 16.0293 56.2901
148 73.9793 4.63066 15.9793 56.3183
148.1 74.0294 4.60251 15.9294 56.3465
148.2 74.0794 4.57445 15.8795 56.3746
148.3 74.1295 4.54646 15.8295 56.4025
148.4 74.1795 4.51855 15.7796 56.4305
148.5 74.2296 4.49072 15.7296 56.4583
148.6 74.2797 4.46297 15.6797 56.486
148.7 74.3297 4.43529 15.6297 56.5137
148.8 74.3798 4.4077 15.5798 56.5413
148.9 74.4298 4.38019 15.5299 56.5688
149 74.4799 4.35276 15.4799 56.5962
149.1 74.53 4.3254 15.43 56.6236
149.2 74.58 4.29813 15.38 56.6509
149.3 74.6301 4.27093 15.3301 56.6781
149.4 74.6801 4.24382 15.2802 56.7052
149.5 74.7302 4.21678 15.2302 56.7322
149.6 74.7802 4.18983 15.1803 56.7592
149.7 74.8303 4.16295 15.1303 56.786
149.8 74.8804 4.13616 15.0804 56.8128
149.9 74.9304 4.10944 15.0304 56.8396
150 74.9805 4.08281 14.9805 56.8662
150.1 75.0305 4.05626 14.9306 56.8927
150.2 75.0806 4.02978 14.8806 56.9192
150.3 75.1307 4.00339 14.8307 56.9456
150.4 75.1807 3.97708 14.7807 56.9719
150.5 75.2308 3.95085 14.7308 56.9982
150.6 75.2808 3.92469 14.6809 57.0243
150.7 75.3309 3.89862 14.6309 57.0504
150.8 75.381 3.87264 14.581 57.0764
150.9 75.431 3.84673 14.531 57.1023
151 75.4811 3.8209 14.4811 57.1281
151.1 75.5311 3.79516 14.4312 57.1538
151.2 75.5812 3.76949 14.3812 57.1795
151.3 75.6313 3.74391 14.3313 57.2051
151.4 75.6813 3.71841 14.2813 57.2306
151.5 75.7314 3.69299 14.2314 57.256
151.6 75.7814 3.66765 14.1815 57.2814
151.7 75.8315 3.64239 14.1315 57.3066
151.8 75.8816 3.61722 14.0816 57.3318
151.9 75.9316 3.59212 14.0316 57.3569
152 75.9817 3.56711 13.9817 57.3819
152.1 76.0317 3.54218 13.9318 57.4068
152.2 76.0818 3.51734 13.8818 57.4317
152.3 76.1319 3.49257 13.8319 57.4564
152.4 76.1819 3.46789 13.7819 57.4811
152.5 76.232 3.44329 13.732 57.5057
152.6 76.282 3.41877 13.6821 57.5302
152.7 76.3321 3.39433 13.6321 57.5547
152.8 76.3822 3.36998 13.5822 57.579
152.9 76.4322 3.34571 13.5322 57.6033
153 76.4823 3.32152 13.4823 57.6275
153.1 76.5323 3.29742 13.4324 57.6516
153.2 76.5824 3.27339 13.3824 57.6756
153.3 76.6325 3.24945 13.3325 57.6995
153.4 76.6825 3.2256 13.2825 57.7234
153.5 76.7326 3.20182 13.2326 57.7472
153.6 76.7826 3.17813 13.1827 57.7709
153.7 76.8327 3.15452 13.1327 57.7945
153.8 76.8828 3.131 13.0828 57.818
153.9 76.9328 3.10756 13.0328 57.8414
154 76.9829 3.0842 12.9829 57.8648
154.1 77.033 3.06093 12.933 57.8881
154.2 77.083 3.03774 12.883 57.9113
154.3 77.1331 3.01463 12.8331 57.9344
154.4 77.1831 2.9916 12.7832 57.9574
154.5 77.2332 2.96866 12.7332 57.9803
154.6 77.2833 2.94581 12.6833 58.0032
154.7 77.3333 2.92304 12.6333 58.026
154.8 77.3834 2.90035 12.5834 58.0487
154.9 77.4334 2.87774 12.5335 58.0713
155 77.4835 2.85522 12.4835 58.0938
155.1 77.5336 2.83279 12.4336 58.1162
155.2 77.5836 2.81044 12.3836 58.1386
155.3 77.6337 2.78817 12.3337 58.1608
155.4 77.6838 2.76598 12.2838 58.183
155.5 77.7338 2.74389 12.2338 58.2051
155.6 77.7839 2.72187 12.1839 58.2271
155.7 77.8339 2.69994 12.134 58.2491
155.8 77.884 2.6781 12.084 58.2709
155.9 77.9341 2.65633 12.0341 58.2927
156 77.9841 2.63466 11.9841 58.3143
156.1 78.0342 2.61307 11.9342 58.3359
156.2 78.0842 2.59156 11.8843 58.3574
156.3 78.1343 2.57014 11.8343 58.3789
156.4 78.1844 2.5488 11.7844 58.4002
156.5 78.2344 2.52755 11.7345 58.4214
156.6 78.2845 2.50639 11.6845 58.4426
156.7 78.3346 2.48531 11.6346 58.4637
156.8 78.3846 2.46431 11.5846 58.4847
156.9 78.4347 2.4434 11.5347 58.5056
157 78.4847 2.42257 11.4848 58.5264
157.1 78.5348 2.40184 11.4348 58.5472
157.2 78.5849 2.38118 11.3849 58.5678
157.3 78.6349 2.36061 11.335 58.5884
157.4 78.685 2.34013 11.285 58.6089
157.5 78.7351 2.31973 11.2351 58.6293
157.6 78.7851 2.29942 11.1851 58.6496
157.7 78.8352 2.2792 11.1352 58.6698
157.8 78.8853 2.25906 11.0853 58.6899
157.9 78.9353 2.239 11.0353 58.71
158 78.9854 2.21904 10.9854 58.73
158.1 79.0354 2.19915 10.9355 58.7498
158.2 79.0855 2.17936 10.8855 58.7696
158.3 79.1356 2.15965 10.8356 58.7894
158.4 79.1856 2.14003 10.7856 58.809
158.5 79.2357 2.12049 10.7357 58.8285
158.6 79.2858 2.10104 10.6858 58.848
158.7 79.3358 2.08168 10.6358 58.8673
158.8 79.3859 2.0624 10.5859 58.8866
158.9 79.4359 2.04321 10.536 58.9058
159 79.486 2.0241 10.486 58.9249
159.1 79.5361 2.00509 10.4361 58.9439
159.2 79.5861 1.98615 10.3862 58.9628
159.3 79.6362 1.96731 10.3362 58.9817
159.4 79.6863 1.94855 10.2863 59.0004
159.5 79.7363 1.92988 10.2363 59.0191
159.6 79.7864 1.9113 10.1864 59.0377
159.7 79.8365 1.8928 10.1365 59.0562
159.8 79.8865 1.87439 10.0865 59.0746
159.9 79.9366 1.85607 10.0366 59.0929
160 79.9866 1.83784 9.98667 59.1112
160.1 80.0367 1.81969 9.93673 59.1293
160.2 80.0868 1.80163 9.88679 59.1474
160.3 80.1368 1.78366 9.83686 59.1653
160.4 80.1869 1.76577 9.78692 59.1832
160.5 80.237 1.74797 9.73699 59.201
160.6 80.287 1.73026 9.68705 59.2187
160.7 80.3371 1.71264 9.63712 59.2364
160.8 80.3872 1.6951 9.58718 59.2539
160.9 80.4372 1.67765 9.53724 59.2713
161 80.4873 1.66029 9.48731 59.2887
161.1 80.5374 1.64302 9.43737 59.306
161.2 80.5874 1.62584 9.38744 59.3232
161.3 80.6375 1.60874 9.3375 59.3403
161.4 80.6875 1.59173 9.28757 59.3573
161.5 80.7376 1.57481 9.23763 59.3742
161.6 80.7877 1.55798 9.18769 59.391
161.7 80.8377 1.54123 9.13776 59.4078
161.8 80.8878 1.52458 9.08782 59.4244
161.9 80.9379 1.50801 9.03789 59.441
162 80.9879 1.49153 8.98795 59.4575
162.1 81.038 1.47514 8.93802 59.4739
162.2 81.0881 1.45883 8.88808 59.4902
162.3 81.1381 1.44262 8.83815 59.5064
162.4 81.1882 1.42649 8.78821 59.5225
162.5 81.2383 1.41045 8.73828 59.5385
162.6 81.2883 1.3945 8.68834 59.5545
162.7 81.3384 1.37864 8.63841 59.5704
162.8 81.3885 1.36287 8.58847 59.5861
162.9 81.4385 1.34719 8.53854 59.6018
163 81.4886 1.33159 8.4886 59.6174
163.1 81.5387 1.31608 8.43867 59.6329
163.2 81.5887 1.30067 8.38873 59.6483
163.3 81.6388 1.28534 8.3388 59.6637
163.4 81.6888 1.2701 8.28886 59.6789
163.5 81.7389 1.25495 8.23893 59.6941
163.6 81.789 1.23989 8.18899 59.7091
163.7 81.839 1.22491 8.13906 59.7241
163.8 81.8891 1.21003 8.08912 59.739
163.9 81.9392 1.19524 8.03919 59.7538
164 81.9892 1.18053 7.98925 59.7685
164.1 82.0393 1.16591 7.93932 59.7831
164.2 82.0894 1.15139 7.88939 59.7976
164.3 82.1394 1.13695 7.83945 59.812
164.4 82.1895 1.1226 7.78952 59.8264
164.5 82.2396 1.10834 7.73958 59.8407
164.6 82.2896 1.09417 7.68965 59.8548
164.7 82.3397 1.08009 7.63971 59.8689
164.8 82.3898 1.0661 7.58978 59.8829
164.9 82.4398 1.0522 7.53984 59.8968
165 82.4899 1.03839 7.48991 59.9106
165.1 82.54 1.02467 7.43998 59.9243
165.2 82.59 1.01104 7.39004 59.938
165.3 82.6401 0.997499 7.34011 59.9515
165.4 82.6902 0.984047 7.29017 59.965
165.5 82.7402 0.970685 7.24024 59.9783
165.6 82.7903 0.957412 7.19031 59.9916
165.7 82.8404 0.94423 7.14037 60.0048
165.8 82.8904 0.931138 7.09044 60.0179
165.9 82.9405 0.918135 7.0405 60.0309
166 82.9906 0.905223 6.99057 60.0438
166.1 83.0406 0.892401 6.94064 60.0566
166.2 83.0907 0.879668 6.8907 60.0693
166.3 83.1408 0.867026 6.84077 60.082
166.4 83.1908 0.854474 6.79083 60.0945
166.5 83.2409 0.842013 6.7409 60.107
166.6 83.291 0.829641 6.69097 60.1194
166.7 83.341 0.81736 6.64103 60.1316
166.8 83.3911 0.80517 6.5911 60.1438
166.9 83.4412 0.793069 6.54116 60.1559
167 83.4912 0.781059 6.49123 60.1679
167.1 83.5413 0.76914 6.4413 60.1799
167.2 83.5914 0.757311 6.39136 60.1917
167.3 83.6414 0.745573 6.34143 60.2034
167.4 83.6915 0.733925 6.2915 60.2151
167.5 83.7416 0.722367 6.24156 60.2266
167.6 83.7916 0.710901 6.19163 60.2381
167.7 83.8417 0.699525 6.1417 60.2495
167.8 83.8918 0.688239 6.09176 60.2608
167.9 83.9418 0.677045 6.04183 60.272
168 83.9919 0.665941 5.99189 60.2831
168.1 84.042 0.654928 5.94196 60.2941
168.2 84.092 0.644006 5.89203 60.305
168.3 84.1421 0.633174 5.84209 60.3158
168.4 84.1922 0.622434 5.79216 60.3266
168.5 84.2422 0.611785 5.74223 60.3372
168.6 84.2923 0.601226 5.69229 60.3478
168.7 84.3424 0.590759 5.64236 60.3582
168.8 84.3924 0.580382 5.59243 60.3686
168.9 84.4425 0.570097 5.54249 60.3789
169 84.4926 0.559902 5.49256 60.3891
169.1 84.5426 0.549799 5.44263 60.3992
169.2 84.5927 0.539787 5.3927 60.4092
169.3 84.6428 0.529866 5.34276 60.4191
169.4 84.6928 0.520037 5.29283 60.429
169.5 84.7429 0.510298 5.2429 60.4387
169.6 84.793 0.500651 5.19296 60.4483
169.7 84.843 0.491095 5.14303 60.4579
169.8 84.8931 0.481631 5.0931 60.4674
169.9 84.9432 0.472258 5.04316 60.4767
170 84.9932 0.462976 4.99323 60.486
170.1 85.0433 0.453786 4.9433 60.4952
170.2 85.0934 0.444687 4.89336 60.5043
170.3 85.1434 0.43568 4.84343 60.5133
170.4 85.1935 0.426764 4.7935 60.5222
170.5 85.2436 0.417939 4.74357 60.5311
170.6 85.2936 0.409207 4.69363 60.5398
170.7 85.3437 0.400565 4.6437 60.5484
170.8 85.3938 0.392016 4.59377 60.557
170.9 85.4438 0.383558 4.54383 60.5654
171 85.4939 0.375192 4.4939 60.5738
171.1 85.544 0.366917 4.44397 60.5821
171.2 85.594 0.358734 4.39404 60.5903
171.3 85.6441 0.350643 4.3441 60.5984
171.4 85.6942 0.342644 4.29417 60.6064
171.5 85.7442 0.334736 4.24424 60.6143
171.6 85.7943 0.32692 4.19431 60.6221
171.7 85.8444 0.319196 4.14437 60.6298
171.8 85.8944 0.311564 4.09444 60.6374
171.9 85.9445 0.304024 4.04451 60.645
172 85.9946 0.296576 3.99457 60.6524
172.1 86.0446 0.289219 3.94464 60.6598
172.2 86.0947 0.281955 3.89471 60.667
172.3 86.1448 0.274782 3.84478 60.6742
172.4 86.1948 0.267702 3.79484 60.6813
172.5 86.2449 0.260714 3.74491 60.6883
172.6 86.295 0.253817 3.69498 60.6952
172.7 86.345 0.247013 3.64505 60.702
172.8 86.3951 0.240301 3.59511 60.7087
172.9 86.4452 0.23368 3.54518 60.7153
173 86.4952 0.227152 3.49525 60.7218
173.1 86.5453 0.220716 3.44532 60.7283
173.2 86.5954 0.214373 3.39538 60.7346
173.3 86.6454 0.208121 3.34545 60.7409
173.4 86.6955 0.201962 3.29552 60.747
173.5 86.7456 0.195894 3.24559 60.7531
173.6 86.7956 0.18992 3.19565 60.7591
173.7 86.8457 0.184037 3.14572 60.765
173.8 86.8958 0.178246 3.09579 60.7708
173.9 86.9459 0.172548 3.04586 60.7765
174 86.9959 0.166942 2.99593 60.7821
174.1 87.046 0.161429 2.94599 60.7876
174.2 87.0961 0.156008 2.89606 60.793
174.3 87.1461 0.150679 2.84613 60.7983
174.4 87.1962 0.145443 2.7962 60.8036
174.5 87.2463 0.140299 2.74626 60.8087
174.6 87.2963 0.135247 2.69633 60.8138
174.7 87.3464 0.130288 2.6464 60.8187
174.8 87.3965 0.125421 2.59647 60.8236
174.9 87.4465 0.120647 2.54653 60.8284
175 87.4966 0.115965 2.4966 60.833
175.1 87.5467 0.111375 2.44667 60.8376
175.2 87.5967 0.106878 2.39674 60.8421
175.3 87.6468 0.102474 2.34681 60.8465
175.4 87.6969 0.0981621 2.29687 60.8508
175.5 87.7469 0.0939427 2.24694 60.8551
175.6 87.797 0.0898159 2.19701 60.8592
175.7 87.8471 0.0857816 2.14708 60.8632
175.8 87.8971 0.08184 2.09714 60.8672
175.9 87.9472 0.0779909 2.04721 60.871
176 87.9973 0.0742344 1.99728 60.8748
176.1 88.0473 0.0705704 1.94735 60.8784
176.2 88.0974 0.0669992 1.89742 60.882
176.3 88.1475 0.0635205 1.84748 60.8855
176.4 88.1975 0.0601345 1.79755 60.8889
176.5 88.2476 0.0568411 1.74762 60.8922
176.6 88.2977 0.0536404 1.69769 60.8954
176.7 88.3478 0.0505323 1.64776 60.8985
176.8 88.3978 0.0475169 1.59782 60.9015
176.9 88.4479 0.0445942 1.54789 60.9044
177 88.498 0.0417642 1.49796 60.9072
177.1 88.548 0.0390269 1.44803 60.91
177.2 88.5981 0.0363824 1.3981 60.9126
177.3 88.6482 0.0338305 1.34816 60.9152
177.4 88.6982 0.0313714 1.29823 60.9176
177.5 88.7483 0.029005 1.2483 60.92
177.6 88.7984 0.0267313 1.19837 60.9223
177.7 88.8484 0.0245504 1.14844 60.9244
177.8 88.8985 0.0224623 1.0985 60.9265
177.9 88.9486 0.0204669 1.04857 60.9285
178 88.9986 0.0185642 0.99864 60.9304
178.1 89.0487 0.0167544 0.948708 60.9322
178.2 89.0988 0.0150373 0.898776 60.934
178.3 89.1488 0.013413 0.848844 60.9356
178.4 89.1989 0.0118815 0.798912 60.9371
178.5 89.249 0.0104429 0.74898 60.9386
178.6 89.299 0.00909695 0.699048 60.9399
178.7 89.3491 0.00784385 0.649116 60.9412
178.8 89.3992 0.00668356 0.599184 60.9423
178.9 89.4493 0.00561608 0.549252 60.9434
179 89.4993 0.00464141 0.49932 60.9444
179.1 89.5494 0.00375956 0.449388 60.9452
179.2 89.5995 0.00297053 0.399456 60.946
179.3 89.6495 0.00227432 0.349524 60.9467
179.4 89.6996 0.00167094 0.299592 60.9473
179.5 89.7497 0.00116038 0.24966 60.9478
179.6 89.7997 0.000742642 0.199728 60.9483
179.7 89.8498 0.000417737 0.149796 60.9486
179.8 89.8999 0.000185661 0.0998639 60.9488
179.9 89.9499 4.64153e-05 0.049932 60.949
180 175.513 1.81899e-12 3.50358e-15 60.949
