#kinematics calculation of gsgs
#vertex z = 700 mm, E_reaction = 19.708 MeV
#theta_cm, theta3_lab, Ek3_lab, theta4_lab, Ek4_lab
0 0 19.708 180 0
0.1 0.049978 19.708 89.95 1.50085e-05
0.2 0.0999559 19.7079 89.9 6.00339e-05
0.3 0.149934 19.7079 89.8499 0.000135076
0.4 0.199912 19.7078 89.7999 0.000240135
0.5 0.24989 19.7076 89.7499 0.00037521
0.6 0.299868 19.7075 89.6999 0.000540301
0.7 0.349846 19.7073 89.6498 0.000735407
0.8 0.399824 19.707 89.5998 0.000960528
0.9 0.449802 19.7068 89.5498 0.00121566
1 0.49978 19.7065 89.4998 0.00150081
1.1 0.549758 19.7062 89.4498 0.00181597
1.2 0.599736 19.7058 89.3997 0.00216115
1.3 0.649714 19.7055 89.3497 0.00253633
1.4 0.699692 19.7051 89.2997 0.00294152
1.5 0.74967 19.7046 89.2497 0.00337672
1.6 0.799648 19.7042 89.1996 0.00384193
1.7 0.849626 19.7037 89.1496 0.00433714
1.8 0.899604 19.7031 89.0996 0.00486235
1.9 0.949581 19.7026 89.0496 0.00541757
2 0.999559 19.702 88.9996 0.00600279
2.1 1.04954 19.7014 88.9495 0.00661801
2.2 1.09952 19.7007 88.8995 0.00726322
2.3 1.14949 19.7001 88.8495 0.00793843
2.4 1.19947 19.6994 88.7995 0.00864363
2.5 1.24945 19.6986 88.7494 0.00937882
2.6 1.29943 19.6979 88.6994 0.010144
2.7 1.34941 19.6971 88.6494 0.0109392
2.8 1.39938 19.6962 88.5994 0.0117643
2.9 1.44936 19.6954 88.5494 0.0126195
3 1.49934 19.6945 88.4993 0.0135046
3.1 1.54932 19.6936 88.4493 0.0144197
3.2 1.5993 19.6926 88.3993 0.0153647
3.3 1.64927 19.6917 88.3493 0.0163397
3.4 1.69925 19.6907 88.2993 0.0173447
3.5 1.74923 19.6896 88.2492 0.0183797
3.6 1.79921 19.6886 88.1992 0.0194446
3.7 1.84919 19.6875 88.1492 0.0205395
3.8 1.89916 19.6863 88.0992 0.0216643
3.9 1.94914 19.6852 88.0491 0.0228191
4 1.99912 19.684 87.9991 0.0240038
4.1 2.0491 19.6828 87.9491 0.0252185
4.2 2.09908 19.6815 87.8991 0.0264631
4.3 2.14905 19.6803 87.8491 0.0277377
4.4 2.19903 19.679 87.799 0.0290422
4.5 2.24901 19.6776 87.749 0.0303766
4.6 2.29899 19.6763 87.699 0.0317409
4.7 2.34897 19.6749 87.649 0.0331352
4.8 2.39894 19.6734 87.5989 0.0345594
4.9 2.44892 19.672 87.5489 0.0360135
5 2.4989 19.6705 87.4989 0.0374974
5.1 2.54888 19.669 87.4489 0.0390113
5.2 2.59886 19.6674 87.3989 0.0405551
5.3 2.64883 19.6659 87.3488 0.0421288
5.4 2.69881 19.6643 87.2988 0.0437324
5.5 2.74879 19.6626 87.2488 0.0453659
5.6 2.79877 19.661 87.1988 0.0470292
5.7 2.84875 19.6593 87.1487 0.0487224
5.8 2.89872 19.6576 87.0987 0.0504455
5.9 2.9487 19.6558 87.0487 0.0521984
6 2.99868 19.654 86.9987 0.0539812
6.1 3.04866 19.6522 86.9487 0.0557939
6.2 3.09864 19.6504 86.8986 0.0576364
6.3 3.14861 19.6485 86.8486 0.0595087
6.4 3.19859 19.6466 86.7986 0.0614109
6.5 3.24857 19.6447 86.7486 0.0633429
6.6 3.29855 19.6427 86.6985 0.0653048
6.7 3.34853 19.6407 86.6485 0.0672964
6.8 3.39851 19.6387 86.5985 0.0693179
6.9 3.44848 19.6366 86.5485 0.0713692
7 3.49846 19.6345 86.4985 0.0734502
7.1 3.54844 19.6324 86.4484 0.0755611
7.2 3.59842 19.6303 86.3984 0.0777017
7.3 3.6484 19.6281 86.3484 0.0798722
7.4 3.69837 19.6259 86.2984 0.0820724
7.5 3.74835 19.6237 86.2484 0.0843023
7.6 3.79833 19.6214 86.1983 0.0865621
7.7 3.84831 19.6191 86.1483 0.0888516
7.8 3.89829 19.6168 86.0983 0.0911708
7.9 3.94827 19.6145 86.0483 0.0935197
8 3.99824 19.6121 85.9982 0.0958985
8.1 4.04822 19.6097 85.9482 0.0983069
8.2 4.0982 19.6073 85.8982 0.100745
8.3 4.14818 19.6048 85.8482 0.103213
8.4 4.19816 19.6023 85.7982 0.10571
8.5 4.24813 19.5998 85.7481 0.108238
8.6 4.29811 19.5972 85.6981 0.110795
8.7 4.34809 19.5946 85.6481 0.113381
8.8 4.39807 19.592 85.5981 0.115998
8.9 4.44805 19.5894 85.548 0.118643
9 4.49803 19.5867 85.498 0.121319
9.1 4.548 19.584 85.448 0.124024
9.2 4.59798 19.5812 85.398 0.126759
9.3 4.64796 19.5785 85.348 0.129524
9.4 4.69794 19.5757 85.2979 0.132318
9.5 4.74792 19.5729 85.2479 0.135142
9.6 4.79789 19.57 85.1979 0.137995
9.7 4.84787 19.5671 85.1479 0.140878
9.8 4.89785 19.5642 85.0979 0.143791
9.9 4.94783 19.5613 85.0478 0.146733
10 4.99781 19.5583 84.9978 0.149704
10.1 5.04779 19.5553 84.9478 0.152706
10.2 5.09776 19.5523 84.8978 0.155736
10.3 5.14774 19.5492 84.8477 0.158797
10.4 5.19772 19.5461 84.7977 0.161887
10.5 5.2477 19.543 84.7477 0.165006
10.6 5.29768 19.5398 84.6977 0.168155
10.7 5.34766 19.5367 84.6477 0.171334
10.8 5.39763 19.5335 84.5976 0.174541
10.9 5.44761 19.5302 84.5476 0.177779
11 5.49759 19.527 84.4976 0.181046
11.1 5.54757 19.5237 84.4476 0.184342
11.2 5.59755 19.5203 84.3975 0.187668
11.3 5.64753 19.517 84.3475 0.191023
11.4 5.69751 19.5136 84.2975 0.194408
11.5 5.74748 19.5102 84.2475 0.197822
11.6 5.79746 19.5067 84.1975 0.201265
11.7 5.84744 19.5033 84.1474 0.204738
11.8 5.89742 19.4998 84.0974 0.208241
11.9 5.9474 19.4962 84.0474 0.211772
12 5.99738 19.4927 83.9974 0.215334
12.1 6.04735 19.4891 83.9474 0.218924
12.2 6.09733 19.4855 83.8973 0.222544
12.3 6.14731 19.4818 83.8473 0.226193
12.4 6.19729 19.4781 83.7973 0.229871
12.5 6.24727 19.4744 83.7473 0.233579
12.6 6.29725 19.4707 83.6972 0.237316
12.7 6.34722 19.4669 83.6472 0.241083
12.8 6.3972 19.4631 83.5972 0.244878
12.9 6.44718 19.4593 83.5472 0.248703
13 6.49716 19.4554 83.4972 0.252557
13.1 6.54714 19.4516 83.4471 0.256441
13.2 6.59712 19.4476 83.3971 0.260353
13.3 6.6471 19.4437 83.3471 0.264295
13.4 6.69707 19.4397 83.2971 0.268266
13.5 6.74705 19.4357 83.2471 0.272267
13.6 6.79703 19.4317 83.197 0.276296
13.7 6.84701 19.4276 83.147 0.280355
13.8 6.89699 19.4236 83.097 0.284443
13.9 6.94697 19.4194 83.047 0.28856
14 6.99695 19.4153 82.9969 0.292706
14.1 7.04692 19.4111 82.9469 0.296881
14.2 7.0969 19.4069 82.8969 0.301086
14.3 7.14688 19.4027 82.8469 0.305319
14.4 7.19686 19.3984 82.7969 0.309582
14.5 7.24684 19.3941 82.7468 0.313873
14.6 7.29682 19.3898 82.6968 0.318194
14.7 7.3468 19.3855 82.6468 0.322544
14.8 7.39678 19.3811 82.5968 0.326922
14.9 7.44675 19.3767 82.5468 0.33133
15 7.49673 19.3722 82.4967 0.335767
15.1 7.54671 19.3678 82.4467 0.340233
15.2 7.59669 19.3633 82.3967 0.344727
15.3 7.64667 19.3587 82.3467 0.349251
15.4 7.69665 19.3542 82.2966 0.353804
15.5 7.74663 19.3496 82.2466 0.358386
15.6 7.79661 19.345 82.1966 0.362996
15.7 7.84658 19.3404 82.1466 0.367636
15.8 7.89656 19.3357 82.0966 0.372304
15.9 7.94654 19.331 82.0465 0.377001
16 7.99652 19.3263 81.9965 0.381727
16.1 8.0465 19.3215 81.9465 0.386482
16.2 8.09648 19.3167 81.8965 0.391266
16.3 8.14646 19.3119 81.8465 0.396079
16.4 8.19644 19.3071 81.7964 0.40092
16.5 8.24641 19.3022 81.7464 0.40579
16.6 8.29639 19.2973 81.6964 0.410689
16.7 8.34637 19.2924 81.6464 0.415617
16.8 8.39635 19.2874 81.5964 0.420574
16.9 8.44633 19.2824 81.5463 0.425559
17 8.49631 19.2774 81.4963 0.430573
17.1 8.54629 19.2724 81.4463 0.435616
17.2 8.59627 19.2673 81.3963 0.440687
17.3 8.64625 19.2622 81.3462 0.445787
17.4 8.69623 19.2571 81.2962 0.450916
17.5 8.7462 19.2519 81.2462 0.456073
17.6 8.79618 19.2467 81.1962 0.461259
17.7 8.84616 19.2415 81.1462 0.466474
17.8 8.89614 19.2363 81.0961 0.471717
17.9 8.94612 19.231 81.0461 0.476989
18 8.9961 19.2257 80.9961 0.482289
18.1 9.04608 19.2204 80.9461 0.487618
18.2 9.09606 19.215 80.8961 0.492975
18.3 9.14604 19.2096 80.846 0.498361
18.4 9.19602 19.2042 80.796 0.503776
18.5 9.24599 19.1988 80.746 0.509219
18.6 9.29597 19.1933 80.696 0.51469
18.7 9.34595 19.1878 80.646 0.52019
18.8 9.39593 19.1823 80.5959 0.525718
18.9 9.44591 19.1767 80.5459 0.531275
19 9.49589 19.1711 80.4959 0.53686
19.1 9.54587 19.1655 80.4459 0.542473
19.2 9.59585 19.1599 80.3958 0.548115
19.3 9.64583 19.1542 80.3458 0.553785
19.4 9.69581 19.1485 80.2958 0.559484
19.5 9.74579 19.1428 80.2458 0.565211
19.6 9.79577 19.137 80.1958 0.570966
19.7 9.84574 19.1313 80.1457 0.576749
19.8 9.89572 19.1254 80.0957 0.582561
19.9 9.9457 19.1196 80.0457 0.588401
20 9.99568 19.1137 79.9957 0.594269
20.1 10.0457 19.1078 79.9457 0.600165
20.2 10.0956 19.1019 79.8956 0.60609
20.3 10.1456 19.096 79.8456 0.612042
20.4 10.1956 19.09 79.7956 0.618023
20.5 10.2456 19.084 79.7456 0.624032
20.6 10.2956 19.0779 79.6956 0.630069
20.7 10.3455 19.0719 79.6455 0.636135
20.8 10.3955 19.0658 79.5955 0.642228
20.9 10.4455 19.0597 79.5455 0.648349
21 10.4955 19.0535 79.4955 0.654498
21.1 10.5455 19.0473 79.4455 0.660676
21.2 10.5954 19.0411 79.3954 0.666881
21.3 10.6454 19.0349 79.3454 0.673115
21.4 10.6954 19.0286 79.2954 0.679376
21.5 10.7454 19.0223 79.2454 0.685665
21.6 10.7954 19.016 79.1954 0.691983
21.7 10.8453 19.0097 79.1453 0.698328
21.8 10.8953 19.0033 79.0953 0.704701
21.9 10.9453 18.9969 79.0453 0.711102
22 10.9953 18.9905 78.9953 0.71753
22.1 11.0453 18.984 78.9452 0.723987
22.2 11.0952 18.9775 78.8952 0.730471
22.3 11.1452 18.971 78.8452 0.736983
22.4 11.1952 18.9645 78.7952 0.743523
22.5 11.2452 18.9579 78.7452 0.750091
22.6 11.2951 18.9513 78.6951 0.756687
22.7 11.3451 18.9447 78.6451 0.76331
22.8 11.3951 18.938 78.5951 0.769961
22.9 11.4451 18.9314 78.5451 0.776639
23 11.4951 18.9247 78.4951 0.783345
23.1 11.545 18.9179 78.445 0.790079
23.2 11.595 18.9112 78.395 0.79684
23.3 11.645 18.9044 78.345 0.803629
23.4 11.695 18.8976 78.295 0.810446
23.5 11.745 18.8907 78.245 0.81729
23.6 11.7949 18.8838 78.1949 0.824162
23.7 11.8449 18.8769 78.1449 0.831061
23.8 11.8949 18.87 78.0949 0.837987
23.9 11.9449 18.8631 78.0449 0.844942
24 11.9949 18.8561 77.9949 0.851923
24.1 12.0448 18.8491 77.9448 0.858932
24.2 12.0948 18.842 77.8948 0.865968
24.3 12.1448 18.835 77.8448 0.873032
24.4 12.1948 18.8279 77.7948 0.880123
24.5 12.2448 18.8208 77.7448 0.887242
24.6 12.2947 18.8136 77.6947 0.894387
24.7 12.3447 18.8064 77.6447 0.90156
24.8 12.3947 18.7992 77.5947 0.908761
24.9 12.4447 18.792 77.5447 0.915988
25 12.4947 18.7848 77.4947 0.923243
25.1 12.5446 18.7775 77.4446 0.930525
25.2 12.5946 18.7702 77.3946 0.937834
25.3 12.6446 18.7628 77.3446 0.945171
25.4 12.6946 18.7555 77.2946 0.952534
25.5 12.7446 18.7481 77.2446 0.959925
25.6 12.7945 18.7407 77.1945 0.967342
25.7 12.8445 18.7332 77.1445 0.974787
25.8 12.8945 18.7257 77.0945 0.982259
25.9 12.9445 18.7182 77.0445 0.989758
26 12.9945 18.7107 76.9945 0.997283
26.1 13.0444 18.7032 76.9444 1.00484
26.2 13.0944 18.6956 76.8944 1.01242
26.3 13.1444 18.688 76.8444 1.02002
26.4 13.1944 18.6803 76.7944 1.02766
26.5 13.2444 18.6727 76.7444 1.03532
26.6 13.2943 18.665 76.6943 1.043
26.7 13.3443 18.6573 76.6443 1.05072
26.8 13.3943 18.6495 76.5943 1.05846
26.9 13.4443 18.6418 76.5443 1.06623
27 13.4943 18.634 76.4943 1.07402
27.1 13.5442 18.6262 76.4442 1.08184
27.2 13.5942 18.6183 76.3942 1.08969
27.3 13.6442 18.6104 76.3442 1.09757
27.4 13.6942 18.6025 76.2942 1.10547
27.5 13.7442 18.5946 76.2442 1.1134
27.6 13.7942 18.5867 76.1941 1.12135
27.7 13.8441 18.5787 76.1441 1.12933
27.8 13.8941 18.5707 76.0941 1.13734
27.9 13.9441 18.5626 76.0441 1.14537
28 13.9941 18.5546 75.9941 1.15343
28.1 14.0441 18.5465 75.9441 1.16152
28.2 14.094 18.5384 75.894 1.16964
28.3 14.144 18.5302 75.844 1.17778
28.4 14.194 18.5221 75.794 1.18594
28.5 14.244 18.5139 75.744 1.19414
28.6 14.294 18.5056 75.694 1.20236
28.7 14.3439 18.4974 75.6439 1.2106
28.8 14.3939 18.4891 75.5939 1.21887
28.9 14.4439 18.4808 75.5439 1.22717
29 14.4939 18.4725 75.4939 1.2355
29.1 14.5439 18.4642 75.4439 1.24385
29.2 14.5938 18.4558 75.3938 1.25223
29.3 14.6438 18.4474 75.3438 1.26063
29.4 14.6938 18.4389 75.2938 1.26906
29.5 14.7438 18.4305 75.2438 1.27751
29.6 14.7938 18.422 75.1938 1.286
29.7 14.8437 18.4135 75.1437 1.29451
29.8 14.8937 18.405 75.0937 1.30304
29.9 14.9437 18.3964 75.0437 1.3116
30 14.9937 18.3878 74.9937 1.32019
30.1 15.0437 18.3792 74.9437 1.3288
30.2 15.0937 18.3706 74.8936 1.33744
30.3 15.1436 18.3619 74.8436 1.3461
30.4 15.1936 18.3532 74.7936 1.35479
30.5 15.2436 18.3445 74.7436 1.36351
30.6 15.2936 18.3358 74.6936 1.37225
30.7 15.3436 18.327 74.6436 1.38102
30.8 15.3935 18.3182 74.5935 1.38981
30.9 15.4435 18.3094 74.5435 1.39863
31 15.4935 18.3005 74.4935 1.40747
31.1 15.5435 18.2917 74.4435 1.41634
31.2 15.5935 18.2828 74.3935 1.42524
31.3 15.6434 18.2738 74.3434 1.43416
31.4 15.6934 18.2649 74.2934 1.44311
31.5 15.7434 18.2559 74.2434 1.45208
31.6 15.7934 18.2469 74.1934 1.46108
31.7 15.8434 18.2379 74.1434 1.47011
31.8 15.8933 18.2288 74.0933 1.47916
31.9 15.9433 18.2198 74.0433 1.48823
32 15.9933 18.2107 73.9933 1.49733
32.1 16.0433 18.2015 73.9433 1.50646
32.2 16.0933 18.1924 73.8933 1.51561
32.3 16.1433 18.1832 73.8433 1.52479
32.4 16.1932 18.174 73.7932 1.53399
32.5 16.2432 18.1648 73.7432 1.54322
32.6 16.2932 18.1555 73.6932 1.55247
32.7 16.3432 18.1462 73.6432 1.56175
32.8 16.3932 18.1369 73.5932 1.57106
32.9 16.4431 18.1276 73.5431 1.58039
33 16.4931 18.1183 73.4931 1.58974
33.1 16.5431 18.1089 73.4431 1.59912
33.2 16.5931 18.0995 73.3931 1.60852
33.3 16.6431 18.09 73.3431 1.61795
33.4 16.6931 18.0806 73.293 1.62741
33.5 16.743 18.0711 73.243 1.63689
33.6 16.793 18.0616 73.193 1.64639
33.7 16.843 18.0521 73.143 1.65592
33.8 16.893 18.0425 73.093 1.66548
33.9 16.943 18.0329 73.043 1.67506
34 16.9929 18.0233 72.9929 1.68466
34.1 17.0429 18.0137 72.9429 1.69429
34.2 17.0929 18.0041 72.8929 1.70395
34.3 17.1429 17.9944 72.8429 1.71363
34.4 17.1929 17.9847 72.7929 1.72333
34.5 17.2429 17.9749 72.7428 1.73306
34.6 17.2928 17.9652 72.6928 1.74281
34.7 17.3428 17.9554 72.6428 1.75259
34.8 17.3928 17.9456 72.5928 1.7624
34.9 17.4428 17.9358 72.5428 1.77222
35 17.4928 17.9259 72.4928 1.78208
35.1 17.5427 17.916 72.4427 1.79195
35.2 17.5927 17.9061 72.3927 1.80185
35.3 17.6427 17.8962 72.3427 1.81178
35.4 17.6927 17.8863 72.2927 1.82173
35.5 17.7427 17.8763 72.2427 1.83171
35.6 17.7927 17.8663 72.1926 1.84171
35.7 17.8426 17.8563 72.1426 1.85173
35.8 17.8926 17.8462 72.0926 1.86178
35.9 17.9426 17.8362 72.0426 1.87185
36 17.9926 17.8261 71.9926 1.88195
36.1 18.0426 17.8159 71.9426 1.89207
36.2 18.0925 17.8058 71.8925 1.90221
36.3 18.1425 17.7956 71.8425 1.91238
36.4 18.1925 17.7854 71.7925 1.92258
36.5 18.2425 17.7752 71.7425 1.93279
36.6 18.2925 17.765 71.6925 1.94304
36.7 18.3425 17.7547 71.6425 1.9533
36.8 18.3924 17.7444 71.5924 1.96359
36.9 18.4424 17.7341 71.5424 1.97391
37 18.4924 17.7238 71.4924 1.98425
37.1 18.5424 17.7134 71.4424 1.99461
37.2 18.5924 17.703 71.3924 2.00499
37.3 18.6424 17.6926 71.3423 2.0154
37.4 18.6923 17.6822 71.2923 2.02584
37.5 18.7423 17.6717 71.2423 2.0363
37.6 18.7923 17.6612 71.1923 2.04678
37.7 18.8423 17.6507 71.1423 2.05728
37.8 18.8923 17.6402 71.0923 2.06781
37.9 18.9422 17.6296 71.0422 2.07837
38 18.9922 17.6191 70.9922 2.08894
38.1 19.0422 17.6085 70.9422 2.09954
38.2 19.0922 17.5978 70.8922 2.11017
38.3 19.1422 17.5872 70.8422 2.12081
38.4 19.1922 17.5765 70.7922 2.13148
38.5 19.2421 17.5658 70.7421 2.14218
38.6 19.2921 17.5551 70.6921 2.1529
38.7 19.3421 17.5444 70.6421 2.16364
38.8 19.3921 17.5336 70.5921 2.1744
38.9 19.4421 17.5228 70.5421 2.18519
39 19.4921 17.512 70.4921 2.196
39.1 19.542 17.5012 70.442 2.20684
39.2 19.592 17.4903 70.392 2.2177
39.3 19.642 17.4794 70.342 2.22858
39.4 19.692 17.4685 70.292 2.23948
39.5 19.742 17.4576 70.242 2.25041
39.6 19.792 17.4466 70.192 2.26136
39.7 19.8419 17.4357 70.1419 2.27234
39.8 19.8919 17.4247 70.0919 2.28333
39.9 19.9419 17.4136 70.0419 2.29435
40 19.9919 17.4026 69.9919 2.3054
40.1 20.0419 17.3915 69.9419 2.31646
40.2 20.0919 17.3804 69.8918 2.32755
40.3 20.1418 17.3693 69.8418 2.33867
40.4 20.1918 17.3582 69.7918 2.3498
40.5 20.2418 17.347 69.7418 2.36096
40.6 20.2918 17.3359 69.6918 2.37214
40.7 20.3418 17.3247 69.6418 2.38334
40.8 20.3918 17.3134 69.5917 2.39457
40.9 20.4417 17.3022 69.5417 2.40582
41 20.4917 17.2909 69.4917 2.41709
41.1 20.5417 17.2796 69.4417 2.42839
41.2 20.5917 17.2683 69.3917 2.4397
41.3 20.6417 17.257 69.3417 2.45104
41.4 20.6917 17.2456 69.2916 2.46241
41.5 20.7416 17.2342 69.2416 2.47379
41.6 20.7916 17.2228 69.1916 2.4852
41.7 20.8416 17.2114 69.1416 2.49663
41.8 20.8916 17.1999 69.0916 2.50808
41.9 20.9416 17.1884 69.0416 2.51955
42 20.9916 17.1769 68.9916 2.53105
42.1 21.0415 17.1654 68.9415 2.54257
42.2 21.0915 17.1539 68.8915 2.55411
42.3 21.1415 17.1423 68.8415 2.56568
42.4 21.1915 17.1307 68.7915 2.57726
42.5 21.2415 17.1191 68.7415 2.58887
42.6 21.2915 17.1075 68.6915 2.6005
42.7 21.3414 17.0958 68.6414 2.61215
42.8 21.3914 17.0842 68.5914 2.62383
42.9 21.4414 17.0725 68.5414 2.63552
43 21.4914 17.0608 68.4914 2.64724
43.1 21.5414 17.049 68.4414 2.65898
43.2 21.5914 17.0373 68.3914 2.67074
43.3 21.6413 17.0255 68.3413 2.68253
43.4 21.6913 17.0137 68.2913 2.69433
43.5 21.7413 17.0018 68.2413 2.70616
43.6 21.7913 16.99 68.1913 2.71801
43.7 21.8413 16.9781 68.1413 2.72988
43.8 21.8913 16.9662 68.0913 2.74177
43.9 21.9412 16.9543 68.0412 2.75369
44 21.9912 16.9424 67.9912 2.76563
44.1 22.0412 16.9304 67.9412 2.77758
44.2 22.0912 16.9184 67.8912 2.78956
44.3 22.1412 16.9064 67.8412 2.80156
44.4 22.1912 16.8944 67.7912 2.81359
44.5 22.2412 16.8824 67.7411 2.82563
44.6 22.2911 16.8703 67.6911 2.8377
44.7 22.3411 16.8582 67.6411 2.84978
44.8 22.3911 16.8461 67.5911 2.86189
44.9 22.4411 16.834 67.5411 2.87402
45 22.4911 16.8218 67.4911 2.88617
45.1 22.5411 16.8097 67.4411 2.89834
45.2 22.591 16.7975 67.391 2.91053
45.3 22.641 16.7853 67.341 2.92275
45.4 22.691 16.773 67.291 2.93498
45.5 22.741 16.7608 67.241 2.94724
45.6 22.791 16.7485 67.191 2.95952
45.7 22.841 16.7362 67.141 2.97182
45.8 22.891 16.7239 67.0909 2.98414
45.9 22.9409 16.7115 67.0409 2.99648
46 22.9909 16.6992 66.9909 3.00884
46.1 23.0409 16.6868 66.9409 3.02122
46.2 23.0909 16.6744 66.8909 3.03362
46.3 23.1409 16.662 66.8409 3.04604
46.4 23.1909 16.6495 66.7909 3.05849
46.5 23.2408 16.637 66.7408 3.07095
46.6 23.2908 16.6246 66.6908 3.08344
46.7 23.3408 16.6121 66.6408 3.09595
46.8 23.3908 16.5995 66.5908 3.10847
46.9 23.4408 16.587 66.5408 3.12102
47 23.4908 16.5744 66.4908 3.13359
47.1 23.5408 16.5618 66.4408 3.14618
47.2 23.5907 16.5492 66.3907 3.15879
47.3 23.6407 16.5366 66.3407 3.17141
47.4 23.6907 16.5239 66.2907 3.18406
47.5 23.7407 16.5113 66.2407 3.19673
47.6 23.7907 16.4986 66.1907 3.20942
47.7 23.8407 16.4859 66.1407 3.22213
47.8 23.8906 16.4731 66.0906 3.23487
47.9 23.9406 16.4604 66.0406 3.24762
48 23.9906 16.4476 65.9906 3.26039
48.1 24.0406 16.4348 65.9406 3.27318
48.2 24.0906 16.422 65.8906 3.28599
48.3 24.1406 16.4092 65.8406 3.29882
48.4 24.1906 16.3963 65.7906 3.31167
48.5 24.2405 16.3835 65.7405 3.32454
48.6 24.2905 16.3706 65.6905 3.33743
48.7 24.3405 16.3577 65.6405 3.35034
48.8 24.3905 16.3447 65.5905 3.36327
48.9 24.4405 16.3318 65.5405 3.37622
49 24.4905 16.3188 65.4905 3.38919
49.1 24.5405 16.3058 65.4405 3.40218
49.2 24.5904 16.2928 65.3904 3.41519
49.3 24.6404 16.2798 65.3404 3.42822
49.4 24.6904 16.2667 65.2904 3.44127
49.5 24.7404 16.2537 65.2404 3.45434
49.6 24.7904 16.2406 65.1904 3.46743
49.7 24.8404 16.2275 65.1404 3.48053
49.8 24.8904 16.2143 65.0904 3.49366
49.9 24.9403 16.2012 65.0403 3.50681
50 24.9903 16.188 64.9903 3.51997
50.1 25.0403 16.1748 64.9403 3.53316
50.2 25.0903 16.1616 64.8903 3.54636
50.3 25.1403 16.1484 64.8403 3.55958
50.4 25.1903 16.1352 64.7903 3.57282
50.5 25.2403 16.1219 64.7403 3.58609
50.6 25.2902 16.1086 64.6902 3.59937
50.7 25.3402 16.0953 64.6402 3.61266
50.8 25.3902 16.082 64.5902 3.62598
50.9 25.4402 16.0687 64.5402 3.63932
51 25.4902 16.0553 64.4902 3.65268
51.1 25.5402 16.0419 64.4402 3.66605
51.2 25.5902 16.0286 64.3902 3.67945
51.3 25.6401 16.0151 64.3401 3.69286
51.4 25.6901 16.0017 64.2901 3.70629
51.5 25.7401 15.9883 64.2401 3.71974
51.6 25.7901 15.9748 64.1901 3.73321
51.7 25.8401 15.9613 64.1401 3.7467
51.8 25.8901 15.9478 64.0901 3.7602
51.9 25.9401 15.9343 64.0401 3.77373
52 25.9901 15.9207 63.99 3.78727
52.1 26.04 15.9072 63.94 3.80083
52.2 26.09 15.8936 63.89 3.81441
52.3 26.14 15.88 63.84 3.82801
52.4 26.19 15.8664 63.79 3.84163
52.5 26.24 15.8527 63.74 3.85526
52.6 26.29 15.8391 63.69 3.86892
52.7 26.34 15.8254 63.64 3.88259
52.8 26.3899 15.8117 63.5899 3.89628
52.9 26.4399 15.798 63.5399 3.90999
53 26.4899 15.7843 63.4899 3.92371
53.1 26.5399 15.7705 63.4399 3.93746
53.2 26.5899 15.7568 63.3899 3.95122
53.3 26.6399 15.743 63.3399 3.965
53.4 26.6899 15.7292 63.2899 3.9788
53.5 26.7399 15.7154 63.2398 3.99262
53.6 26.7898 15.7015 63.1898 4.00645
53.7 26.8398 15.6877 63.1398 4.0203
53.8 26.8898 15.6738 63.0898 4.03417
53.9 26.9398 15.6599 63.0398 4.04806
54 26.9898 15.646 62.9898 4.06196
54.1 27.0398 15.6321 62.9398 4.07589
54.2 27.0898 15.6182 62.8898 4.08983
54.3 27.1397 15.6042 62.8397 4.10378
54.4 27.1897 15.5902 62.7897 4.11776
54.5 27.2397 15.5762 62.7397 4.13175
54.6 27.2897 15.5622 62.6897 4.14576
54.7 27.3397 15.5482 62.6397 4.15979
54.8 27.3897 15.5342 62.5897 4.17384
54.9 27.4397 15.5201 62.5397 4.1879
55 27.4897 15.506 62.4897 4.20198
55.1 27.5396 15.4919 62.4396 4.21607
55.2 27.5896 15.4778 62.3896 4.23019
55.3 27.6396 15.4637 62.3396 4.24432
55.4 27.6896 15.4495 62.2896 4.25847
55.5 27.7396 15.4354 62.2396 4.27263
55.6 27.7896 15.4212 62.1896 4.28682
55.7 27.8396 15.407 62.1396 4.30101
55.8 27.8896 15.3928 62.0896 4.31523
55.9 27.9395 15.3785 62.0395 4.32946
56 27.9895 15.3643 61.9895 4.34371
56.1 28.0395 15.35 61.9395 4.35798
56.2 28.0895 15.3357 61.8895 4.37226
56.3 28.1395 15.3214 61.8395 4.38656
56.4 28.1895 15.3071 61.7895 4.40088
56.5 28.2395 15.2928 61.7395 4.41521
56.6 28.2895 15.2784 61.6895 4.42956
56.7 28.3394 15.2641 61.6394 4.44393
56.8 28.3894 15.2497 61.5894 4.45831
56.9 28.4394 15.2353 61.5394 4.47271
57 28.4894 15.2209 61.4894 4.48713
57.1 28.5394 15.2064 61.4394 4.50156
57.2 28.5894 15.192 61.3894 4.51601
57.3 28.6394 15.1775 61.3394 4.53047
57.4 28.6894 15.163 61.2894 4.54495
57.5 28.7394 15.1486 61.2394 4.55945
57.6 28.7893 15.134 61.1893 4.57396
57.7 28.8393 15.1195 61.1393 4.58849
57.8 28.8893 15.105 61.0893 4.60304
57.9 28.9393 15.0904 61.0393 4.6176
58 28.9893 15.0758 60.9893 4.63218
58.1 29.0393 15.0612 60.9393 4.64677
58.2 29.0893 15.0466 60.8893 4.66138
58.3 29.1393 15.032 60.8393 4.676
58.4 29.1892 15.0174 60.7892 4.69064
58.5 29.2392 15.0027 60.7392 4.7053
58.6 29.2892 14.988 60.6892 4.71997
58.7 29.3392 14.9733 60.6392 4.73466
58.8 29.3892 14.9586 60.5892 4.74936
58.9 29.4392 14.9439 60.5392 4.76408
59 29.4892 14.9292 60.4892 4.77881
59.1 29.5392 14.9144 60.4392 4.79356
59.2 29.5892 14.8997 60.3892 4.80833
59.3 29.6391 14.8849 60.3391 4.82311
59.4 29.6891 14.8701 60.2891 4.83791
59.5 29.7391 14.8553 60.2391 4.85272
59.6 29.7891 14.8405 60.1891 4.86754
59.7 29.8391 14.8256 60.1391 4.88238
59.8 29.8891 14.8108 60.0891 4.89724
59.9 29.9391 14.7959 60.0391 4.91211
60 29.9891 14.781 59.9891 4.927
60.1 30.0391 14.7661 59.9391 4.9419
60.2 30.089 14.7512 59.889 4.95682
60.3 30.139 14.7362 59.839 4.97175
60.4 30.189 14.7213 59.789 4.9867
60.5 30.239 14.7063 59.739 5.00166
60.6 30.289 14.6914 59.689 5.01663
60.7 30.339 14.6764 59.639 5.03163
60.8 30.389 14.6614 59.589 5.04663
60.9 30.439 14.6463 59.539 5.06165
61 30.489 14.6313 59.489 5.07669
61.1 30.5389 14.6163 59.4389 5.09174
61.2 30.5889 14.6012 59.3889 5.1068
61.3 30.6389 14.5861 59.3389 5.12188
61.4 30.6889 14.571 59.2889 5.13697
61.5 30.7389 14.5559 59.2389 5.15208
61.6 30.7889 14.5408 59.1889 5.1672
61.7 30.8389 14.5257 59.1389 5.18233
61.8 30.8889 14.5105 59.0889 5.19748
61.9 30.9389 14.4954 59.0389 5.21265
62 30.9889 14.4802 58.9889 5.22783
62.1 31.0388 14.465 58.9388 5.24302
62.2 31.0888 14.4498 58.8888 5.25823
62.3 31.1388 14.4346 58.8388 5.27345
62.4 31.1888 14.4193 58.7888 5.28868
62.5 31.2388 14.4041 58.7388 5.30393
62.6 31.2888 14.3888 58.6888 5.31919
62.7 31.3388 14.3735 58.6388 5.33447
62.8 31.3888 14.3582 58.5888 5.34976
62.9 31.4388 14.3429 58.5388 5.36506
63 31.4888 14.3276 58.4887 5.38038
63.1 31.5387 14.3123 58.4387 5.39571
63.2 31.5887 14.2969 58.3887 5.41105
63.3 31.6387 14.2816 58.3387 5.42641
63.4 31.6887 14.2662 58.2887 5.44178
63.5 31.7387 14.2508 58.2387 5.45717
63.6 31.7887 14.2354 58.1887 5.47256
63.7 31.8387 14.22 58.1387 5.48798
63.8 31.8887 14.2046 58.0887 5.5034
63.9 31.9387 14.1892 58.0387 5.51884
64 31.9887 14.1737 57.9887 5.53429
64.1 32.0386 14.1582 57.9386 5.54976
64.2 32.0886 14.1428 57.8886 5.56523
64.3 32.1386 14.1273 57.8386 5.58072
64.4 32.1886 14.1118 57.7886 5.59623
64.5 32.2386 14.0963 57.7386 5.61174
64.6 32.2886 14.0807 57.6886 5.62727
64.7 32.3386 14.0652 57.6386 5.64282
64.8 32.3886 14.0496 57.5886 5.65837
64.9 32.4386 14.0341 57.5386 5.67394
65 32.4886 14.0185 57.4886 5.68952
65.1 32.5385 14.0029 57.4385 5.70511
65.2 32.5885 13.9873 57.3885 5.72072
65.3 32.6385 13.9717 57.3385 5.73634
65.4 32.6885 13.956 57.2885 5.75197
65.5 32.7385 13.9404 57.2385 5.76761
65.6 32.7885 13.9247 57.1885 5.78327
65.7 32.8385 13.9091 57.1385 5.79894
65.8 32.8885 13.8934 57.0885 5.81462
65.9 32.9385 13.8777 57.0385 5.83031
66 32.9885 13.862 56.9885 5.84602
66.1 33.0385 13.8463 56.9385 5.86173
66.2 33.0884 13.8305 56.8884 5.87746
66.3 33.1384 13.8148 56.8384 5.89321
66.4 33.1884 13.799 56.7884 5.90896
66.5 33.2384 13.7833 56.7384 5.92473
66.6 33.2884 13.7675 56.6884 5.9405
66.7 33.3384 13.7517 56.6384 5.95629
66.8 33.3884 13.7359 56.5884 5.9721
66.9 33.4384 13.7201 56.5384 5.98791
67 33.4884 13.7043 56.4884 6.00374
67.1 33.5384 13.6884 56.4384 6.01957
67.2 33.5884 13.6726 56.3884 6.03542
67.3 33.6384 13.6567 56.3384 6.05128
67.4 33.6883 13.6408 56.2883 6.06715
67.5 33.7383 13.625 56.2383 6.08304
67.6 33.7883 13.6091 56.1883 6.09893
67.7 33.8383 13.5932 56.1383 6.11484
67.8 33.8883 13.5772 56.0883 6.13076
67.9 33.9383 13.5613 56.0383 6.14669
68 33.9883 13.5454 55.9883 6.16263
68.1 34.0383 13.5294 55.9383 6.17858
68.2 34.0883 13.5135 55.8883 6.19454
68.3 34.1383 13.4975 55.8383 6.21052
68.4 34.1883 13.4815 55.7883 6.2265
68.5 34.2383 13.4655 55.7383 6.2425
68.6 34.2882 13.4495 55.6882 6.2585
68.7 34.3382 13.4335 55.6382 6.27452
68.8 34.3882 13.4174 55.5882 6.29055
68.9 34.4382 13.4014 55.5382 6.30659
69 34.4882 13.3854 55.4882 6.32264
69.1 34.5382 13.3693 55.4382 6.3387
69.2 34.5882 13.3532 55.3882 6.35478
69.3 34.6382 13.3371 55.3382 6.37086
69.4 34.6882 13.321 55.2882 6.38695
69.5 34.7382 13.3049 55.2382 6.40306
69.6 34.7882 13.2888 55.1882 6.41917
69.7 34.8382 13.2727 55.1382 6.4353
69.8 34.8882 13.2566 55.0882 6.45143
69.9 34.9381 13.2404 55.0381 6.46758
70 34.9881 13.2243 54.9881 6.48373
70.1 35.0381 13.2081 54.9381 6.4999
70.2 35.0881 13.1919 54.8881 6.51608
70.3 35.1381 13.1757 54.8381 6.53226
70.4 35.1881 13.1595 54.7881 6.54846
70.5 35.2381 13.1433 54.7381 6.56467
70.6 35.2881 13.1271 54.6881 6.58088
70.7 35.3381 13.1109 54.6381 6.59711
70.8 35.3881 13.0947 54.5881 6.61335
70.9 35.4381 13.0784 54.5381 6.62959
71 35.4881 13.0621 54.4881 6.64585
71.1 35.5381 13.0459 54.4381 6.66212
71.2 35.588 13.0296 54.388 6.67839
71.3 35.638 13.0133 54.338 6.69468
71.4 35.688 12.997 54.288 6.71097
71.5 35.738 12.9807 54.238 6.72728
71.6 35.788 12.9644 54.188 6.74359
71.7 35.838 12.9481 54.138 6.75992
71.8 35.888 12.9317 54.088 6.77625
71.9 35.938 12.9154 54.038 6.79259
72 35.988 12.8991 53.988 6.80895
72.1 36.038 12.8827 53.938 6.82531
72.2 36.088 12.8663 53.888 6.84168
72.3 36.138 12.8499 53.838 6.85806
72.4 36.188 12.8336 53.788 6.87445
72.5 36.238 12.8172 53.738 6.89085
72.6 36.288 12.8007 53.688 6.90725
72.7 36.3379 12.7843 53.6379 6.92367
72.8 36.3879 12.7679 53.5879 6.94009
72.9 36.4379 12.7515 53.5379 6.95653
73 36.4879 12.735 53.4879 6.97297
73.1 36.5379 12.7186 53.4379 6.98942
73.2 36.5879 12.7021 53.3879 7.00588
73.3 36.6379 12.6857 53.3379 7.02235
73.4 36.6879 12.6692 53.2879 7.03883
73.5 36.7379 12.6527 53.2379 7.05531
73.6 36.7879 12.6362 53.1879 7.07181
73.7 36.8379 12.6197 53.1379 7.08831
73.8 36.8879 12.6032 53.0879 7.10482
73.9 36.9379 12.5867 53.0379 7.12134
74 36.9879 12.5701 52.9879 7.13787
74.1 37.0379 12.5536 52.9379 7.15441
74.2 37.0879 12.537 52.8879 7.17095
74.3 37.1378 12.5205 52.8378 7.1875
74.4 37.1878 12.5039 52.7878 7.20406
74.5 37.2378 12.4874 52.7378 7.22063
74.6 37.2878 12.4708 52.6878 7.23721
74.7 37.3378 12.4542 52.6378 7.25379
74.8 37.3878 12.4376 52.5878 7.27039
74.9 37.4378 12.421 52.5378 7.28699
75 37.4878 12.4044 52.4878 7.3036
75.1 37.5378 12.3878 52.4378 7.32021
75.2 37.5878 12.3712 52.3878 7.33684
75.3 37.6378 12.3545 52.3378 7.35347
75.4 37.6878 12.3379 52.2878 7.37011
75.5 37.7378 12.3212 52.2378 7.38676
75.6 37.7878 12.3046 52.1878 7.40341
75.7 37.8378 12.2879 52.1378 7.42007
75.8 37.8878 12.2713 52.0878 7.43674
75.9 37.9378 12.2546 52.0378 7.45342
76 37.9878 12.2379 51.9877 7.4701
76.1 38.0377 12.2212 51.9377 7.48679
76.2 38.0877 12.2045 51.8877 7.50349
76.3 38.1377 12.1878 51.8377 7.5202
76.4 38.1877 12.1711 51.7877 7.53691
76.5 38.2377 12.1544 51.7377 7.55363
76.6 38.2877 12.1376 51.6877 7.57036
76.7 38.3377 12.1209 51.6377 7.58709
76.8 38.3877 12.1042 51.5877 7.60383
76.9 38.4377 12.0874 51.5377 7.62058
77 38.4877 12.0707 51.4877 7.63733
77.1 38.5377 12.0539 51.4377 7.65409
77.2 38.5877 12.0371 51.3877 7.67086
77.3 38.6377 12.0204 51.3377 7.68764
77.4 38.6877 12.0036 51.2877 7.70442
77.5 38.7377 11.9868 51.2377 7.7212
77.6 38.7877 11.97 51.1877 7.738
77.7 38.8377 11.9532 51.1377 7.7548
77.8 38.8877 11.9364 51.0877 7.77161
77.9 38.9377 11.9196 51.0377 7.78842
78 38.9877 11.9028 50.9877 7.80524
78.1 39.0376 11.8859 50.9376 7.82206
78.2 39.0876 11.8691 50.8876 7.8389
78.3 39.1376 11.8523 50.8376 7.85573
78.4 39.1876 11.8354 50.7876 7.87258
78.5 39.2376 11.8186 50.7376 7.88943
78.6 39.2876 11.8017 50.6876 7.90628
78.7 39.3376 11.7849 50.6376 7.92315
78.8 39.3876 11.768 50.5876 7.94001
78.9 39.4376 11.7511 50.5376 7.95689
79 39.4876 11.7342 50.4876 7.97377
79.1 39.5376 11.7173 50.4376 7.99065
79.2 39.5876 11.7005 50.3876 8.00754
79.3 39.6376 11.6836 50.3376 8.02444
79.4 39.6876 11.6667 50.2876 8.04134
79.5 39.7376 11.6497 50.2376 8.05825
79.6 39.7876 11.6328 50.1876 8.07516
79.7 39.8376 11.6159 50.1376 8.09208
79.8 39.8876 11.599 50.0876 8.10901
79.9 39.9376 11.5821 50.0376 8.12594
80 39.9876 11.5651 49.9876 8.14287
80.1 40.0376 11.5482 49.9376 8.15981
80.2 40.0876 11.5312 49.8876 8.17676
80.3 40.1376 11.5143 49.8376 8.19371
80.4 40.1876 11.4973 49.7876 8.21066
80.5 40.2375 11.4804 49.7375 8.22762
80.6 40.2875 11.4634 49.6875 8.24459
80.7 40.3375 11.4464 49.6375 8.26156
80.8 40.3875 11.4295 49.5875 8.27853
80.9 40.4375 11.4125 49.5375 8.29551
81 40.4875 11.3955 49.4875 8.31249
81.1 40.5375 11.3785 49.4375 8.32948
81.2 40.5875 11.3615 49.3875 8.34648
81.3 40.6375 11.3445 49.3375 8.36348
81.4 40.6875 11.3275 49.2875 8.38048
81.5 40.7375 11.3105 49.2375 8.39749
81.6 40.7875 11.2935 49.1875 8.4145
81.7 40.8375 11.2765 49.1375 8.43151
81.8 40.8875 11.2595 49.0875 8.44853
81.9 40.9375 11.2424 49.0375 8.46556
82 40.9875 11.2254 48.9875 8.48259
82.1 41.0375 11.2084 48.9375 8.49962
82.2 41.0875 11.1913 48.8875 8.51666
82.3 41.1375 11.1743 48.8375 8.5337
82.4 41.1875 11.1573 48.7875 8.55075
82.5 41.2375 11.1402 48.7375 8.56779
82.6 41.2875 11.1232 48.6875 8.58485
82.7 41.3375 11.1061 48.6375 8.60191
82.8 41.3875 11.089 48.5875 8.61897
82.9 41.4375 11.072 48.5375 8.63603
83 41.4875 11.0549 48.4875 8.6531
83.1 41.5375 11.0378 48.4375 8.67017
83.2 41.5875 11.0208 48.3875 8.68725
83.3 41.6375 11.0037 48.3375 8.70433
83.4 41.6875 10.9866 48.2875 8.72141
83.5 41.7375 10.9695 48.2375 8.7385
83.6 41.7875 10.9524 48.1875 8.75559
83.7 41.8375 10.9353 48.1375 8.77268
83.8 41.8874 10.9182 48.0874 8.78977
83.9 41.9374 10.9011 48.0374 8.80687
84 41.9874 10.884 47.9874 8.82398
84.1 42.0374 10.8669 47.9374 8.84108
84.2 42.0874 10.8498 47.8874 8.85819
84.3 42.1374 10.8327 47.8374 8.8753
84.4 42.1874 10.8156 47.7874 8.89242
84.5 42.2374 10.7985 47.7374 8.90954
84.6 42.2874 10.7813 47.6874 8.92666
84.7 42.3374 10.7642 47.6374 8.94378
84.8 42.3874 10.7471 47.5874 8.96091
84.9 42.4374 10.73 47.5374 8.97804
85 42.4874 10.7128 47.4874 8.99517
85.1 42.5374 10.6957 47.4374 9.0123
85.2 42.5874 10.6786 47.3874 9.02944
85.3 42.6374 10.6614 47.3374 9.04658
85.4 42.6874 10.6443 47.2874 9.06372
85.5 42.7374 10.6271 47.2374 9.08086
85.6 42.7874 10.61 47.1874 9.09801
85.7 42.8374 10.5928 47.1374 9.11516
85.8 42.8874 10.5757 47.0874 9.13231
85.9 42.9374 10.5585 47.0374 9.14946
86 42.9874 10.5414 46.9874 9.16662
86.1 43.0374 10.5242 46.9374 9.18378
86.2 43.0874 10.5071 46.8874 9.20094
86.3 43.1374 10.4899 46.8374 9.2181
86.4 43.1874 10.4727 46.7874 9.23526
86.5 43.2374 10.4556 46.7374 9.25243
86.6 43.2874 10.4384 46.6874 9.26959
86.7 43.3374 10.4212 46.6374 9.28676
86.8 43.3874 10.4041 46.5874 9.30393
86.9 43.4374 10.3869 46.5374 9.32111
87 43.4874 10.3697 46.4874 9.33828
87.1 43.5374 10.3525 46.4374 9.35546
87.2 43.5874 10.3354 46.3874 9.37263
87.3 43.6374 10.3182 46.3374 9.38981
87.4 43.6874 10.301 46.2874 9.40699
87.5 43.7374 10.2838 46.2374 9.42417
87.6 43.7874 10.2666 46.1874 9.44136
87.7 43.8374 10.2495 46.1374 9.45854
87.8 43.8874 10.2323 46.0874 9.47573
87.9 43.9374 10.2151 46.0374 9.49291
88 43.9874 10.1979 45.9874 9.5101
88.1 44.0374 10.1807 45.9374 9.52729
88.2 44.0874 10.1635 45.8874 9.54448
88.3 44.1374 10.1463 45.8374 9.56167
88.4 44.1874 10.1291 45.7874 9.57886
88.5 44.2374 10.1119 45.7374 9.59605
88.6 44.2874 10.0948 45.6874 9.61325
88.7 44.3374 10.0776 45.6374 9.63044
88.8 44.3874 10.0604 45.5874 9.64763
88.9 44.4374 10.0432 45.5374 9.66483
89 44.4874 10.026 45.4874 9.68202
89.1 44.5374 10.0088 45.4374 9.69922
89.2 44.5874 9.99158 45.3874 9.71642
89.3 44.6374 9.97439 45.3374 9.73361
89.4 44.6874 9.95719 45.2874 9.75081
89.5 44.7374 9.93999 45.2374 9.76801
89.6 44.7874 9.92279 45.1874 9.78521
89.7 44.8374 9.9056 45.1374 9.8024
89.8 44.8874 9.8884 45.0874 9.8196
89.9 44.9374 9.8712 45.0374 9.8368
90 44.9874 9.854 44.9874 9.854
90.1 45.0374 9.8368 44.9374 9.8712
90.2 45.0874 9.8196 44.8874 9.8884
90.3 45.1374 9.8024 44.8374 9.9056
90.4 45.1874 9.78521 44.7874 9.92279
90.5 45.2374 9.76801 44.7374 9.93999
90.6 45.2874 9.75081 44.6874 9.95719
90.7 45.3374 9.73361 44.6374 9.97439
90.8 45.3874 9.71642 44.5874 9.99158
90.9 45.4374 9.69922 44.5374 10.0088
91 45.4874 9.68202 44.4874 10.026
91.1 45.5374 9.66483 44.4374 10.0432
91.2 45.5874 9.64763 44.3874 10.0604
91.3 45.6374 9.63044 44.3374 10.0776
91.4 45.6874 9.61325 44.2874 10.0948
91.5 45.7374 9.59605 44.2374 10.1119
91.6 45.7874 9.57886 44.1874 10.1291
91.7 45.8374 9.56167 44.1374 10.1463
91.8 45.8874 9.54448 44.0874 10.1635
91.9 45.9374 9.52729 44.0374 10.1807
92 45.9874 9.5101 43.9874 10.1979
92.1 46.0374 9.49291 43.9374 10.2151
92.2 46.0874 9.47573 43.8874 10.2323
92.3 46.1374 9.45854 43.8374 10.2495
92.4 46.1874 9.44136 43.7874 10.2666
92.5 46.2374 9.42417 43.7374 10.2838
92.6 46.2874 9.40699 43.6874 10.301
92.7 46.3374 9.38981 43.6374 10.3182
92.8 46.3874 9.37263 43.5874 10.3354
92.9 46.4374 9.35546 43.5374 10.3525
93 46.4874 9.33828 43.4874 10.3697
93.1 46.5374 9.32111 43.4374 10.3869
93.2 46.5874 9.30393 43.3874 10.4041
93.3 46.6374 9.28676 43.3374 10.4212
93.4 46.6874 9.26959 43.2874 10.4384
93.5 46.7374 9.25243 43.2374 10.4556
93.6 46.7874 9.23526 43.1874 10.4727
93.7 46.8374 9.2181 43.1374 10.4899
93.8 46.8874 9.20094 43.0874 10.5071
93.9 46.9374 9.18378 43.0374 10.5242
94 46.9874 9.16662 42.9874 10.5414
94.1 47.0374 9.14946 42.9374 10.5585
94.2 47.0874 9.13231 42.8874 10.5757
94.3 47.1374 9.11516 42.8374 10.5928
94.4 47.1874 9.09801 42.7874 10.61
94.5 47.2374 9.08086 42.7374 10.6271
94.6 47.2874 9.06372 42.6874 10.6443
94.7 47.3374 9.04658 42.6374 10.6614
94.8 47.3874 9.02944 42.5874 10.6786
94.9 47.4374 9.0123 42.5374 10.6957
95 47.4874 8.99517 42.4874 10.7128
95.1 47.5374 8.97804 42.4374 10.73
95.2 47.5874 8.96091 42.3874 10.7471
95.3 47.6374 8.94378 42.3374 10.7642
95.4 47.6874 8.92666 42.2874 10.7813
95.5 47.7374 8.90954 42.2374 10.7985
95.6 47.7874 8.89242 42.1874 10.8156
95.7 47.8374 8.8753 42.1374 10.8327
95.8 47.8874 8.85819 42.0874 10.8498
95.9 47.9374 8.84108 42.0374 10.8669
96 47.9874 8.82398 41.9874 10.884
96.1 48.0374 8.80687 41.9374 10.9011
96.2 48.0874 8.78977 41.8874 10.9182
96.3 48.1375 8.77268 41.8375 10.9353
96.4 48.1875 8.75559 41.7875 10.9524
96.5 48.2375 8.7385 41.7375 10.9695
96.6 48.2875 8.72141 41.6875 10.9866
96.7 48.3375 8.70433 41.6375 11.0037
96.8 48.3875 8.68725 41.5875 11.0208
96.9 48.4375 8.67017 41.5375 11.0378
97 48.4875 8.6531 41.4875 11.0549
97.1 48.5375 8.63603 41.4375 11.072
97.2 48.5875 8.61897 41.3875 11.089
97.3 48.6375 8.60191 41.3375 11.1061
97.4 48.6875 8.58485 41.2875 11.1232
97.5 48.7375 8.56779 41.2375 11.1402
97.6 48.7875 8.55075 41.1875 11.1573
97.7 48.8375 8.5337 41.1375 11.1743
97.8 48.8875 8.51666 41.0875 11.1913
97.9 48.9375 8.49962 41.0375 11.2084
98 48.9875 8.48259 40.9875 11.2254
98.1 49.0375 8.46556 40.9375 11.2424
98.2 49.0875 8.44853 40.8875 11.2595
98.3 49.1375 8.43151 40.8375 11.2765
98.4 49.1875 8.4145 40.7875 11.2935
98.5 49.2375 8.39749 40.7375 11.3105
98.6 49.2875 8.38048 40.6875 11.3275
98.7 49.3375 8.36348 40.6375 11.3445
98.8 49.3875 8.34648 40.5875 11.3615
98.9 49.4375 8.32948 40.5375 11.3785
99 49.4875 8.31249 40.4875 11.3955
99.1 49.5375 8.29551 40.4375 11.4125
99.2 49.5875 8.27853 40.3875 11.4295
99.3 49.6375 8.26156 40.3375 11.4464
99.4 49.6875 8.24459 40.2875 11.4634
99.5 49.7375 8.22762 40.2375 11.4804
99.6 49.7876 8.21066 40.1876 11.4973
99.7 49.8376 8.19371 40.1376 11.5143
99.8 49.8876 8.17676 40.0876 11.5312
99.9 49.9376 8.15981 40.0376 11.5482
100 49.9876 8.14287 39.9876 11.5651
100.1 50.0376 8.12594 39.9376 11.5821
100.2 50.0876 8.10901 39.8876 11.599
100.3 50.1376 8.09208 39.8376 11.6159
100.4 50.1876 8.07516 39.7876 11.6328
100.5 50.2376 8.05825 39.7376 11.6497
100.6 50.2876 8.04134 39.6876 11.6667
100.7 50.3376 8.02444 39.6376 11.6836
100.8 50.3876 8.00754 39.5876 11.7005
100.9 50.4376 7.99065 39.5376 11.7173
101 50.4876 7.97377 39.4876 11.7342
101.1 50.5376 7.95689 39.4376 11.7511
101.2 50.5876 7.94001 39.3876 11.768
101.3 50.6376 7.92315 39.3376 11.7849
101.4 50.6876 7.90628 39.2876 11.8017
101.5 50.7376 7.88943 39.2376 11.8186
101.6 50.7876 7.87258 39.1876 11.8354
101.7 50.8376 7.85573 39.1376 11.8523
101.8 50.8876 7.8389 39.0876 11.8691
101.9 50.9376 7.82206 39.0376 11.8859
102 50.9877 7.80524 38.9877 11.9028
102.1 51.0377 7.78842 38.9377 11.9196
102.2 51.0877 7.77161 38.8877 11.9364
102.3 51.1377 7.7548 38.8377 11.9532
102.4 51.1877 7.738 38.7877 11.97
102.5 51.2377 7.7212 38.7377 11.9868
102.6 51.2877 7.70442 38.6877 12.0036
102.7 51.3377 7.68764 38.6377 12.0204
102.8 51.3877 7.67086 38.5877 12.0371
102.9 51.4377 7.65409 38.5377 12.0539
103 51.4877 7.63733 38.4877 12.0707
103.1 51.5377 7.62058 38.4377 12.0874
103.2 51.5877 7.60383 38.3877 12.1042
103.3 51.6377 7.58709 38.3377 12.1209
103.4 51.6877 7.57036 38.2877 12.1376
103.5 51.7377 7.55363 38.2377 12.1544
103.6 51.7877 7.53691 38.1877 12.1711
103.7 51.8377 7.5202 38.1377 12.1878
103.8 51.8877 7.50349 38.0877 12.2045
103.9 51.9377 7.48679 38.0377 12.2212
104 51.9877 7.4701 37.9878 12.2379
104.1 52.0378 7.45342 37.9378 12.2546
104.2 52.0878 7.43674 37.8878 12.2713
104.3 52.1378 7.42007 37.8378 12.2879
104.4 52.1878 7.40341 37.7878 12.3046
104.5 52.2378 7.38676 37.7378 12.3212
104.6 52.2878 7.37011 37.6878 12.3379
104.7 52.3378 7.35347 37.6378 12.3545
104.8 52.3878 7.33684 37.5878 12.3712
104.9 52.4378 7.32021 37.5378 12.3878
105 52.4878 7.3036 37.4878 12.4044
105.1 52.5378 7.28699 37.4378 12.421
105.2 52.5878 7.27039 37.3878 12.4376
105.3 52.6378 7.25379 37.3378 12.4542
105.4 52.6878 7.23721 37.2878 12.4708
105.5 52.7378 7.22063 37.2378 12.4874
105.6 52.7878 7.20406 37.1878 12.5039
105.7 52.8378 7.1875 37.1378 12.5205
105.8 52.8879 7.17095 37.0879 12.537
105.9 52.9379 7.15441 37.0379 12.5536
106 52.9879 7.13787 36.9879 12.5701
106.1 53.0379 7.12134 36.9379 12.5867
106.2 53.0879 7.10482 36.8879 12.6032
106.3 53.1379 7.08831 36.8379 12.6197
106.4 53.1879 7.07181 36.7879 12.6362
106.5 53.2379 7.05531 36.7379 12.6527
106.6 53.2879 7.03883 36.6879 12.6692
106.7 53.3379 7.02235 36.6379 12.6857
106.8 53.3879 7.00588 36.5879 12.7021
106.9 53.4379 6.98942 36.5379 12.7186
107 53.4879 6.97297 36.4879 12.735
107.1 53.5379 6.95653 36.4379 12.7515
107.2 53.5879 6.94009 36.3879 12.7679
107.3 53.6379 6.92367 36.3379 12.7843
107.4 53.688 6.90725 36.288 12.8007
107.5 53.738 6.89085 36.238 12.8172
107.6 53.788 6.87445 36.188 12.8336
107.7 53.838 6.85806 36.138 12.8499
107.8 53.888 6.84168 36.088 12.8663
107.9 53.938 6.82531 36.038 12.8827
108 53.988 6.80895 35.988 12.8991
108.1 54.038 6.79259 35.938 12.9154
108.2 54.088 6.77625 35.888 12.9317
108.3 54.138 6.75992 35.838 12.9481
108.4 54.188 6.74359 35.788 12.9644
108.5 54.238 6.72728 35.738 12.9807
108.6 54.288 6.71097 35.688 12.997
108.7 54.338 6.69468 35.638 13.0133
108.8 54.388 6.67839 35.588 13.0296
108.9 54.4381 6.66212 35.5381 13.0459
109 54.4881 6.64585 35.4881 13.0621
109.1 54.5381 6.62959 35.4381 13.0784
109.2 54.5881 6.61335 35.3881 13.0947
109.3 54.6381 6.59711 35.3381 13.1109
109.4 54.6881 6.58088 35.2881 13.1271
109.5 54.7381 6.56467 35.2381 13.1433
109.6 54.7881 6.54846 35.1881 13.1595
109.7 54.8381 6.53226 35.1381 13.1757
109.8 54.8881 6.51608 35.0881 13.1919
109.9 54.9381 6.4999 35.0381 13.2081
110 54.9881 6.48373 34.9881 13.2243
110.1 55.0381 6.46758 34.9381 13.2404
110.2 55.0882 6.45143 34.8882 13.2566
110.3 55.1382 6.4353 34.8382 13.2727
110.4 55.1882 6.41917 34.7882 13.2888
110.5 55.2382 6.40306 34.7382 13.3049
110.6 55.2882 6.38695 34.6882 13.321
110.7 55.3382 6.37086 34.6382 13.3371
110.8 55.3882 6.35478 34.5882 13.3532
110.9 55.4382 6.3387 34.5382 13.3693
111 55.4882 6.32264 34.4882 13.3854
111.1 55.5382 6.30659 34.4382 13.4014
111.2 55.5882 6.29055 34.3882 13.4174
111.3 55.6382 6.27452 34.3382 13.4335
111.4 55.6882 6.2585 34.2882 13.4495
111.5 55.7383 6.2425 34.2383 13.4655
111.6 55.7883 6.2265 34.1883 13.4815
111.7 55.8383 6.21052 34.1383 13.4975
111.8 55.8883 6.19454 34.0883 13.5135
111.9 55.9383 6.17858 34.0383 13.5294
112 55.9883 6.16263 33.9883 13.5454
112.1 56.0383 6.14669 33.9383 13.5613
112.2 56.0883 6.13076 33.8883 13.5772
112.3 56.1383 6.11484 33.8383 13.5932
112.4 56.1883 6.09893 33.7883 13.6091
112.5 56.2383 6.08304 33.7383 13.625
112.6 56.2883 6.06715 33.6883 13.6408
112.7 56.3384 6.05128 33.6384 13.6567
112.8 56.3884 6.03542 33.5884 13.6726
112.9 56.4384 6.01957 33.5384 13.6884
113 56.4884 6.00374 33.4884 13.7043
113.1 56.5384 5.98791 33.4384 13.7201
113.2 56.5884 5.9721 33.3884 13.7359
113.3 56.6384 5.95629 33.3384 13.7517
113.4 56.6884 5.9405 33.2884 13.7675
113.5 56.7384 5.92473 33.2384 13.7833
113.6 56.7884 5.90896 33.1884 13.799
113.7 56.8384 5.89321 33.1384 13.8148
113.8 56.8884 5.87746 33.0884 13.8305
113.9 56.9385 5.86173 33.0385 13.8463
114 56.9885 5.84602 32.9885 13.862
114.1 57.0385 5.83031 32.9385 13.8777
114.2 57.0885 5.81462 32.8885 13.8934
114.3 57.1385 5.79894 32.8385 13.9091
114.4 57.1885 5.78327 32.7885 13.9247
114.5 57.2385 5.76761 32.7385 13.9404
114.6 57.2885 5.75197 32.6885 13.956
114.7 57.3385 5.73634 32.6385 13.9717
114.8 57.3885 5.72072 32.5885 13.9873
114.9 57.4385 5.70511 32.5385 14.0029
115 57.4886 5.68952 32.4886 14.0185
115.1 57.5386 5.67394 32.4386 14.0341
115.2 57.5886 5.65837 32.3886 14.0496
115.3 57.6386 5.64282 32.3386 14.0652
115.4 57.6886 5.62727 32.2886 14.0807
115.5 57.7386 5.61174 32.2386 14.0963
115.6 57.7886 5.59623 32.1886 14.1118
115.7 57.8386 5.58072 32.1386 14.1273
115.8 57.8886 5.56523 32.0886 14.1428
115.9 57.9386 5.54976 32.0386 14.1582
116 57.9887 5.53429 31.9887 14.1737
116.1 58.0387 5.51884 31.9387 14.1892
116.2 58.0887 5.5034 31.8887 14.2046
116.3 58.1387 5.48798 31.8387 14.22
116.4 58.1887 5.47256 31.7887 14.2354
116.5 58.2387 5.45717 31.7387 14.2508
116.6 58.2887 5.44178 31.6887 14.2662
116.7 58.3387 5.42641 31.6387 14.2816
116.8 58.3887 5.41105 31.5887 14.2969
116.9 58.4387 5.39571 31.5387 14.3123
117 58.4887 5.38038 31.4888 14.3276
117.1 58.5388 5.36506 31.4388 14.3429
117.2 58.5888 5.34976 31.3888 14.3582
117.3 58.6388 5.33447 31.3388 14.3735
117.4 58.6888 5.31919 31.2888 14.3888
117.5 58.7388 5.30393 31.2388 14.4041
117.6 58.7888 5.28868 31.1888 14.4193
117.7 58.8388 5.27345 31.1388 14.4346
117.8 58.8888 5.25823 31.0888 14.4498
117.9 58.9388 5.24302 31.0388 14.465
118 58.9889 5.22783 30.9889 14.4802
118.1 59.0389 5.21265 30.9389 14.4954
118.2 59.0889 5.19748 30.8889 14.5105
118.3 59.1389 5.18233 30.8389 14.5257
118.4 59.1889 5.1672 30.7889 14.5408
118.5 59.2389 5.15208 30.7389 14.5559
118.6 59.2889 5.13697 30.6889 14.571
118.7 59.3389 5.12188 30.6389 14.5861
118.8 59.3889 5.1068 30.5889 14.6012
118.9 59.4389 5.09174 30.5389 14.6163
119 59.489 5.07669 30.489 14.6313
119.1 59.539 5.06165 30.439 14.6463
119.2 59.589 5.04663 30.389 14.6614
119.3 59.639 5.03163 30.339 14.6764
119.4 59.689 5.01663 30.289 14.6914
119.5 59.739 5.00166 30.239 14.7063
119.6 59.789 4.9867 30.189 14.7213
119.7 59.839 4.97175 30.139 14.7362
119.8 59.889 4.95682 30.089 14.7512
119.9 59.9391 4.9419 30.0391 14.7661
120 59.9891 4.927 29.9891 14.781
120.1 60.0391 4.91211 29.9391 14.7959
120.2 60.0891 4.89724 29.8891 14.8108
120.3 60.1391 4.88238 29.8391 14.8256
120.4 60.1891 4.86754 29.7891 14.8405
120.5 60.2391 4.85272 29.7391 14.8553
120.6 60.2891 4.83791 29.6891 14.8701
120.7 60.3391 4.82311 29.6391 14.8849
120.8 60.3892 4.80833 29.5892 14.8997
120.9 60.4392 4.79356 29.5392 14.9144
121 60.4892 4.77881 29.4892 14.9292
121.1 60.5392 4.76408 29.4392 14.9439
121.2 60.5892 4.74936 29.3892 14.9586
121.3 60.6392 4.73466 29.3392 14.9733
121.4 60.6892 4.71997 29.2892 14.988
121.5 60.7392 4.7053 29.2392 15.0027
121.6 60.7892 4.69064 29.1892 15.0174
121.7 60.8393 4.676 29.1393 15.032
121.8 60.8893 4.66138 29.0893 15.0466
121.9 60.9393 4.64677 29.0393 15.0612
122 60.9893 4.63218 28.9893 15.0758
122.1 61.0393 4.6176 28.9393 15.0904
122.2 61.0893 4.60304 28.8893 15.105
122.3 61.1393 4.58849 28.8393 15.1195
122.4 61.1893 4.57396 28.7893 15.134
122.5 61.2394 4.55945 28.7394 15.1486
122.6 61.2894 4.54495 28.6894 15.163
122.7 61.3394 4.53047 28.6394 15.1775
122.8 61.3894 4.51601 28.5894 15.192
122.9 61.4394 4.50156 28.5394 15.2064
123 61.4894 4.48713 28.4894 15.2209
123.1 61.5394 4.47271 28.4394 15.2353
123.2 61.5894 4.45831 28.3894 15.2497
123.3 61.6394 4.44393 28.3394 15.2641
123.4 61.6895 4.42956 28.2895 15.2784
123.5 61.7395 4.41521 28.2395 15.2928
123.6 61.7895 4.40088 28.1895 15.3071
123.7 61.8395 4.38656 28.1395 15.3214
123.8 61.8895 4.37226 28.0895 15.3357
123.9 61.9395 4.35798 28.0395 15.35
124 61.9895 4.34371 27.9895 15.3643
124.1 62.0395 4.32946 27.9395 15.3785
124.2 62.0896 4.31523 27.8896 15.3928
124.3 62.1396 4.30101 27.8396 15.407
124.4 62.1896 4.28682 27.7896 15.4212
124.5 62.2396 4.27263 27.7396 15.4354
124.6 62.2896 4.25847 27.6896 15.4495
124.7 62.3396 4.24432 27.6396 15.4637
124.8 62.3896 4.23019 27.5896 15.4778
124.9 62.4396 4.21607 27.5396 15.4919
125 62.4897 4.20198 27.4897 15.506
125.1 62.5397 4.1879 27.4397 15.5201
125.2 62.5897 4.17384 27.3897 15.5342
125.3 62.6397 4.15979 27.3397 15.5482
125.4 62.6897 4.14576 27.2897 15.5622
125.5 62.7397 4.13175 27.2397 15.5762
125.6 62.7897 4.11776 27.1897 15.5902
125.7 62.8397 4.10378 27.1397 15.6042
125.8 62.8898 4.08983 27.0898 15.6182
125.9 62.9398 4.07589 27.0398 15.6321
126 62.9898 4.06196 26.9898 15.646
126.1 63.0398 4.04806 26.9398 15.6599
126.2 63.0898 4.03417 26.8898 15.6738
126.3 63.1398 4.0203 26.8398 15.6877
126.4 63.1898 4.00645 26.7898 15.7015
126.5 63.2398 3.99262 26.7399 15.7154
126.6 63.2899 3.9788 26.6899 15.7292
126.7 63.3399 3.965 26.6399 15.743
126.8 63.3899 3.95122 26.5899 15.7568
126.9 63.4399 3.93746 26.5399 15.7705
127 63.4899 3.92371 26.4899 15.7843
127.1 63.5399 3.90999 26.4399 15.798
127.2 63.5899 3.89628 26.3899 15.8117
127.3 63.64 3.88259 26.34 15.8254
127.4 63.69 3.86892 26.29 15.8391
127.5 63.74 3.85526 26.24 15.8527
127.6 63.79 3.84163 26.19 15.8664
127.7 63.84 3.82801 26.14 15.88
127.8 63.89 3.81441 26.09 15.8936
127.9 63.94 3.80083 26.04 15.9072
128 63.99 3.78727 25.9901 15.9207
128.1 64.0401 3.77373 25.9401 15.9343
128.2 64.0901 3.7602 25.8901 15.9478
128.3 64.1401 3.7467 25.8401 15.9613
128.4 64.1901 3.73321 25.7901 15.9748
128.5 64.2401 3.71974 25.7401 15.9883
128.6 64.2901 3.70629 25.6901 16.0017
128.7 64.3401 3.69286 25.6401 16.0151
128.8 64.3902 3.67945 25.5902 16.0286
128.9 64.4402 3.66605 25.5402 16.0419
129 64.4902 3.65268 25.4902 16.0553
129.1 64.5402 3.63932 25.4402 16.0687
129.2 64.5902 3.62598 25.3902 16.082
129.3 64.6402 3.61266 25.3402 16.0953
129.4 64.6902 3.59937 25.2902 16.1086
129.5 64.7403 3.58609 25.2403 16.1219
129.6 64.7903 3.57282 25.1903 16.1352
129.7 64.8403 3.55958 25.1403 16.1484
129.8 64.8903 3.54636 25.0903 16.1616
129.9 64.9403 3.53316 25.0403 16.1748
130 64.9903 3.51997 24.9903 16.188
130.1 65.0403 3.50681 24.9403 16.2012
130.2 65.0904 3.49366 24.8904 16.2143
130.3 65.1404 3.48053 24.8404 16.2275
130.4 65.1904 3.46743 24.7904 16.2406
130.5 65.2404 3.45434 24.7404 16.2537
130.6 65.2904 3.44127 24.6904 16.2667
130.7 65.3404 3.42822 24.6404 16.2798
130.8 65.3904 3.41519 24.5904 16.2928
130.9 65.4405 3.40218 24.5405 16.3058
131 65.4905 3.38919 24.4905 16.3188
131.1 65.5405 3.37622 24.4405 16.3318
131.2 65.5905 3.36327 24.3905 16.3447
131.3 65.6405 3.35034 24.3405 16.3577
131.4 65.6905 3.33743 24.2905 16.3706
131.5 65.7405 3.32454 24.2405 16.3835
131.6 65.7906 3.31167 24.1906 16.3963
131.7 65.8406 3.29882 24.1406 16.4092
131.8 65.8906 3.28599 24.0906 16.422
131.9 65.9406 3.27318 24.0406 16.4348
132 65.9906 3.26039 23.9906 16.4476
132.1 66.0406 3.24762 23.9406 16.4604
132.2 66.0906 3.23487 23.8906 16.4731
132.3 66.1407 3.22213 23.8407 16.4859
132.4 66.1907 3.20942 23.7907 16.4986
132.5 66.2407 3.19673 23.7407 16.5113
132.6 66.2907 3.18406 23.6907 16.5239
132.7 66.3407 3.17141 23.6407 16.5366
132.8 66.3907 3.15879 23.5907 16.5492
132.9 66.4408 3.14618 23.5408 16.5618
133 66.4908 3.13359 23.4908 16.5744
133.1 66.5408 3.12102 23.4408 16.587
133.2 66.5908 3.10847 23.3908 16.5995
133.3 66.6408 3.09595 23.3408 16.6121
133.4 66.6908 3.08344 23.2908 16.6246
133.5 66.7408 3.07095 23.2408 16.637
133.6 66.7909 3.05849 23.1909 16.6495
133.7 66.8409 3.04604 23.1409 16.662
133.8 66.8909 3.03362 23.0909 16.6744
133.9 66.9409 3.02122 23.0409 16.6868
134 66.9909 3.00884 22.9909 16.6992
134.1 67.0409 2.99648 22.9409 16.7115
134.2 67.0909 2.98414 22.891 16.7239
134.3 67.141 2.97182 22.841 16.7362
134.4 67.191 2.95952 22.791 16.7485
134.5 67.241 2.94724 22.741 16.7608
134.6 67.291 2.93498 22.691 16.773
134.7 67.341 2.92275 22.641 16.7853
134.8 67.391 2.91053 22.591 16.7975
134.9 67.4411 2.89834 22.5411 16.8097
135 67.4911 2.88617 22.4911 16.8218
135.1 67.5411 2.87402 22.4411 16.834
135.2 67.5911 2.86189 22.3911 16.8461
135.3 67.6411 2.84978 22.3411 16.8582
135.4 67.6911 2.8377 22.2911 16.8703
135.5 67.7411 2.82563 22.2412 16.8824
135.6 67.7912 2.81359 22.1912 16.8944
135.7 67.8412 2.80156 22.1412 16.9064
135.8 67.8912 2.78956 22.0912 16.9184
135.9 67.9412 2.77758 22.0412 16.9304
136 67.9912 2.76563 21.9912 16.9424
136.1 68.0412 2.75369 21.9412 16.9543
136.2 68.0913 2.74177 21.8913 16.9662
136.3 68.1413 2.72988 21.8413 16.9781
136.4 68.1913 2.71801 21.7913 16.99
136.5 68.2413 2.70616 21.7413 17.0018
136.6 68.2913 2.69433 21.6913 17.0137
136.7 68.3413 2.68253 21.6413 17.0255
136.8 68.3914 2.67074 21.5914 17.0373
136.9 68.4414 2.65898 21.5414 17.049
137 68.4914 2.64724 21.4914 17.0608
137.1 68.5414 2.63552 21.4414 17.0725
137.2 68.5914 2.62383 21.3914 17.0842
137.3 68.6414 2.61215 21.3414 17.0958
137.4 68.6915 2.6005 21.2915 17.1075
137.5 68.7415 2.58887 21.2415 17.1191
137.6 68.7915 2.57726 21.1915 17.1307
137.7 68.8415 2.56568 21.1415 17.1423
137.8 68.8915 2.55411 21.0915 17.1539
137.9 68.9415 2.54257 21.0415 17.1654
138 68.9916 2.53105 20.9916 17.1769
138.1 69.0416 2.51955 20.9416 17.1884
138.2 69.0916 2.50808 20.8916 17.1999
138.3 69.1416 2.49663 20.8416 17.2114
138.4 69.1916 2.4852 20.7916 17.2228
138.5 69.2416 2.47379 20.7416 17.2342
138.6 69.2916 2.46241 20.6917 17.2456
138.7 69.3417 2.45104 20.6417 17.257
138.8 69.3917 2.4397 20.5917 17.2683
138.9 69.4417 2.42839 20.5417 17.2796
139 69.4917 2.41709 20.4917 17.2909
139.1 69.5417 2.40582 20.4417 17.3022
139.2 69.5917 2.39457 20.3918 17.3134
139.3 69.6418 2.38334 20.3418 17.3247
139.4 69.6918 2.37214 20.2918 17.3359
139.5 69.7418 2.36096 20.2418 17.347
139.6 69.7918 2.3498 20.1918 17.3582
139.7 69.8418 2.33867 20.1418 17.3693
139.8 69.8918 2.32755 20.0919 17.3804
139.9 69.9419 2.31646 20.0419 17.3915
140 69.9919 2.3054 19.9919 17.4026
140.1 70.0419 2.29435 19.9419 17.4136
140.2 70.0919 2.28333 19.8919 17.4247
140.3 70.1419 2.27234 19.8419 17.4357
140.4 70.192 2.26136 19.792 17.4466
140.5 70.242 2.25041 19.742 17.4576
140.6 70.292 2.23948 19.692 17.4685
140.7 70.342 2.22858 19.642 17.4794
140.8 70.392 2.2177 19.592 17.4903
140.9 70.442 2.20684 19.542 17.5012
141 70.4921 2.196 19.4921 17.512
141.1 70.5421 2.18519 19.4421 17.5228
141.2 70.5921 2.1744 19.3921 17.5336
141.3 70.6421 2.16364 19.3421 17.5444
141.4 70.6921 2.1529 19.2921 17.5551
141.5 70.7421 2.14218 19.2421 17.5658
141.6 70.7922 2.13148 19.1922 17.5765
141.7 70.8422 2.12081 19.1422 17.5872
141.8 70.8922 2.11017 19.0922 17.5978
141.9 70.9422 2.09954 19.0422 17.6085
142 70.9922 2.08894 18.9922 17.6191
142.1 71.0422 2.07837 18.9422 17.6296
142.2 71.0923 2.06781 18.8923 17.6402
142.3 71.1423 2.05728 18.8423 17.6507
142.4 71.1923 2.04678 18.7923 17.6612
142.5 71.2423 2.0363 18.7423 17.6717
142.6 71.2923 2.02584 18.6923 17.6822
142.7 71.3423 2.0154 18.6424 17.6926
142.8 71.3924 2.00499 18.5924 17.703
142.9 71.4424 1.99461 18.5424 17.7134
143 71.4924 1.98425 18.4924 17.7238
143.1 71.5424 1.97391 18.4424 17.7341
143.2 71.5924 1.96359 18.3924 17.7444
143.3 71.6425 1.9533 18.3425 17.7547
143.4 71.6925 1.94304 18.2925 17.765
143.5 71.7425 1.93279 18.2425 17.7752
143.6 71.7925 1.92258 18.1925 17.7854
143.7 71.8425 1.91238 18.1425 17.7956
143.8 71.8925 1.90221 18.0925 17.8058
143.9 71.9426 1.89207 18.0426 17.8159
144 71.9926 1.88195 17.9926 17.8261
144.1 72.0426 1.87185 17.9426 17.8362
144.2 72.0926 1.86178 17.8926 17.8462
144.3 72.1426 1.85173 17.8426 17.8563
144.4 72.1926 1.84171 17.7927 17.8663
144.5 72.2427 1.83171 17.7427 17.8763
144.6 72.2927 1.82173 17.6927 17.8863
144.7 72.3427 1.81178 17.6427 17.8962
144.8 72.3927 1.80185 17.5927 17.9061
144.9 72.4427 1.79195 17.5427 17.916
145 72.4928 1.78208 17.4928 17.9259
145.1 72.5428 1.77222 17.4428 17.9358
145.2 72.5928 1.7624 17.3928 17.9456
145.3 72.6428 1.75259 17.3428 17.9554
145.4 72.6928 1.74281 17.2928 17.9652
145.5 72.7428 1.73306 17.2429 17.9749
145.6 72.7929 1.72333 17.1929 17.9847
145.7 72.8429 1.71363 17.1429 17.9944
145.8 72.8929 1.70395 17.0929 18.0041
145.9 72.9429 1.69429 17.0429 18.0137
146 72.9929 1.68466 16.9929 18.0233
146.1 73.043 1.67506 16.943 18.0329
146.2 73.093 1.66548 16.893 18.0425
146.3 73.143 1.65592 16.843 18.0521
146.4 73.193 1.64639 16.793 18.0616
146.5 73.243 1.63689 16.743 18.0711
146.6 73.293 1.62741 16.6931 18.0806
146.7 73.3431 1.61795 16.6431 18.09
146.8 73.3931 1.60852 16.5931 18.0995
146.9 73.4431 1.59912 16.5431 18.1089
147 73.4931 1.58974 16.4931 18.1183
147.1 73.5431 1.58039 16.4431 18.1276
147.2 73.5932 1.57106 16.3932 18.1369
147.3 73.6432 1.56175 16.3432 18.1462
147.4 73.6932 1.55247 16.2932 18.1555
147.5 73.7432 1.54322 16.2432 18.1648
147.6 73.7932 1.53399 16.1932 18.174
147.7 73.8433 1.52479 16.1433 18.1832
147.8 73.8933 1.51561 16.0933 18.1924
147.9 73.9433 1.50646 16.0433 18.2015
148 73.9933 1.49733 15.9933 18.2107
148.1 74.0433 1.48823 15.9433 18.2198
148.2 74.0933 1.47916 15.8933 18.2288
148.3 74.1434 1.47011 15.8434 18.2379
148.4 74.1934 1.46108 15.7934 18.2469
148.5 74.2434 1.45208 15.7434 18.2559
148.6 74.2934 1.44311 15.6934 18.2649
148.7 74.3434 1.43416 15.6434 18.2738
148.8 74.3935 1.42524 15.5935 18.2828
148.9 74.4435 1.41634 15.5435 18.2917
149 74.4935 1.40747 15.4935 18.3005
149.1 74.5435 1.39863 15.4435 18.3094
149.2 74.5935 1.38981 15.3935 18.3182
149.3 74.6436 1.38102 15.3436 18.327
149.4 74.6936 1.37225 15.2936 18.3358
149.5 74.7436 1.36351 15.2436 18.3445
149.6 74.7936 1.35479 15.1936 18.3532
149.7 74.8436 1.3461 15.1436 18.3619
149.8 74.8936 1.33744 15.0937 18.3706
149.9 74.9437 1.3288 15.0437 18.3792
150 74.9937 1.32019 14.9937 18.3878
150.1 75.0437 1.3116 14.9437 18.3964
150.2 75.0937 1.30304 14.8937 18.405
150.3 75.1437 1.29451 14.8437 18.4135
150.4 75.1938 1.286 14.7938 18.422
150.5 75.2438 1.27751 14.7438 18.4305
150.6 75.2938 1.26906 14.6938 18.4389
150.7 75.3438 1.26063 14.6438 18.4474
150.8 75.3938 1.25223 14.5938 18.4558
150.9 75.4439 1.24385 14.5439 18.4642
151 75.4939 1.2355 14.4939 18.4725
151.1 75.5439 1.22717 14.4439 18.4808
151.2 75.5939 1.21887 14.3939 18.4891
151.3 75.6439 1.2106 14.3439 18.4974
151.4 75.694 1.20236 14.294 18.5056
151.5 75.744 1.19414 14.244 18.5139
151.6 75.794 1.18594 14.194 18.5221
151.7 75.844 1.17778 14.144 18.5302
151.8 75.894 1.16964 14.094 18.5384
151.9 75.9441 1.16152 14.0441 18.5465
152 75.9941 1.15343 13.9941 18.5546
152.1 76.0441 1.14537 13.9441 18.5626
152.2 76.0941 1.13734 13.8941 18.5707
152.3 76.1441 1.12933 13.8441 18.5787
152.4 76.1941 1.12135 13.7942 18.5867
152.5 76.2442 1.1134 13.7442 18.5946
152.6 76.2942 1.10547 13.6942 18.6025
152.7 76.3442 1.09757 13.6442 18.6104
152.8 76.3942 1.08969 13.5942 18.6183
152.9 76.4442 1.08184 13.5442 18.6262
153 76.4943 1.07402 13.4943 18.634
153.1 76.5443 1.06623 13.4443 18.6418
153.2 76.5943 1.05846 13.3943 18.6495
153.3 76.6443 1.05072 13.3443 18.6573
153.4 76.6943 1.043 13.2943 18.665
153.5 76.7444 1.03532 13.2444 18.6727
153.6 76.7944 1.02766 13.1944 18.6803
153.7 76.8444 1.02002 13.1444 18.688
153.8 76.8944 1.01242 13.0944 18.6956
153.9 76.9444 1.00484 13.0444 18.7032
154 76.9945 0.997283 12.9945 18.7107
154.1 77.0445 0.989758 12.9445 18.7182
154.2 77.0945 0.982259 12.8945 18.7257
154.3 77.1445 0.974787 12.8445 18.7332
154.4 77.1945 0.967342 12.7945 18.7407
154.5 77.2446 0.959925 12.7446 18.7481
154.6 77.2946 0.952534 12.6946 18.7555
154.7 77.3446 0.945171 12.6446 18.7628
154.8 77.3946 0.937834 12.5946 18.7702
154.9 77.4446 0.930525 12.5446 18.7775
155 77.4947 0.923243 12.4947 18.7848
155.1 77.5447 0.915988 12.4447 18.792
155.2 77.5947 0.908761 12.3947 18.7992
155.3 77.6447 0.90156 12.3447 18.8064
155.4 77.6947 0.894387 12.2947 18.8136
155.5 77.7448 0.887242 12.2448 18.8208
155.6 77.7948 0.880123 12.1948 18.8279
155.7 77.8448 0.873032 12.1448 18.835
155.8 77.8948 0.865968 12.0948 18.842
155.9 77.9448 0.858932 12.0448 18.8491
156 77.9949 0.851923 11.9949 18.8561
156.1 78.0449 0.844942 11.9449 18.8631
156.2 78.0949 0.837987 11.8949 18.87
156.3 78.1449 0.831061 11.8449 18.8769
156.4 78.1949 0.824162 11.7949 18.8838
156.5 78.245 0.81729 11.745 18.8907
156.6 78.295 0.810446 11.695 18.8976
156.7 78.345 0.803629 11.645 18.9044
156.8 78.395 0.79684 11.595 18.9112
156.9 78.445 0.790079 11.545 18.9179
157 78.4951 0.783345 11.4951 18.9247
157.1 78.5451 0.776639 11.4451 18.9314
157.2 78.5951 0.769961 11.3951 18.938
157.3 78.6451 0.76331 11.3451 18.9447
157.4 78.6951 0.756687 11.2951 18.9513
157.5 78.7452 0.750091 11.2452 18.9579
157.6 78.7952 0.743523 11.1952 18.9645
157.7 78.8452 0.736983 11.1452 18.971
157.8 78.8952 0.730471 11.0952 18.9775
157.9 78.9452 0.723987 11.0453 18.984
158 78.9953 0.71753 10.9953 18.9905
158.1 79.0453 0.711102 10.9453 18.9969
158.2 79.0953 0.704701 10.8953 19.0033
158.3 79.1453 0.698328 10.8453 19.0097
158.4 79.1954 0.691983 10.7954 19.016
158.5 79.2454 0.685665 10.7454 19.0223
158.6 79.2954 0.679376 10.6954 19.0286
158.7 79.3454 0.673115 10.6454 19.0349
158.8 79.3954 0.666881 10.5954 19.0411
158.9 79.4455 0.660676 10.5455 19.0473
159 79.4955 0.654498 10.4955 19.0535
159.1 79.5455 0.648349 10.4455 19.0597
159.2 79.5955 0.642228 10.3955 19.0658
159.3 79.6455 0.636135 10.3455 19.0719
159.4 79.6956 0.630069 10.2956 19.0779
159.5 79.7456 0.624032 10.2456 19.084
159.6 79.7956 0.618023 10.1956 19.09
159.7 79.8456 0.612042 10.1456 19.096
159.8 79.8956 0.60609 10.0956 19.1019
159.9 79.9457 0.600165 10.0457 19.1078
160 79.9957 0.594269 9.99568 19.1137
160.1 80.0457 0.588401 9.9457 19.1196
160.2 80.0957 0.582561 9.89572 19.1254
160.3 80.1457 0.576749 9.84574 19.1313
160.4 80.1958 0.570966 9.79577 19.137
160.5 80.2458 0.565211 9.74579 19.1428
160.6 80.2958 0.559484 9.69581 19.1485
160.7 80.3458 0.553785 9.64583 19.1542
160.8 80.3958 0.548115 9.59585 19.1599
160.9 80.4459 0.542473 9.54587 19.1655
161 80.4959 0.53686 9.49589 19.1711
161.1 80.5459 0.531275 9.44591 19.1767
161.2 80.5959 0.525718 9.39593 19.1823
161.3 80.646 0.52019 9.34595 19.1878
161.4 80.696 0.51469 9.29597 19.1933
161.5 80.746 0.509219 9.24599 19.1988
161.6 80.796 0.503776 9.19602 19.2042
161.7 80.846 0.498361 9.14604 19.2096
161.8 80.8961 0.492975 9.09606 19.215
161.9 80.9461 0.487618 9.04608 19.2204
162 80.9961 0.482289 8.9961 19.2257
162.1 81.0461 0.476989 8.94612 19.231
162.2 81.0961 0.471717 8.89614 19.2363
162.3 81.1462 0.466474 8.84616 19.2415
162.4 81.1962 0.461259 8.79618 19.2467
162.5 81.2462 0.456073 8.7462 19.2519
162.6 81.2962 0.450916 8.69623 19.2571
162.7 81.3462 0.445787 8.64625 19.2622
162.8 81.3963 0.440687 8.59627 19.2673
162.9 81.4463 0.435616 8.54629 19.2724
163 81.4963 0.430573 8.49631 19.2774
163.1 81.5463 0.425559 8.44633 19.2824
163.2 81.5964 0.420574 8.39635 19.2874
163.3 81.6464 0.415617 8.34637 19.2924
163.4 81.6964 0.410689 8.29639 19.2973
163.5 81.7464 0.40579 8.24641 19.3022
163.6 81.7964 0.40092 8.19644 19.3071
163.7 81.8465 0.396079 8.14646 19.3119
163.8 81.8965 0.391266 8.09648 19.3167
163.9 81.9465 0.386482 8.0465 19.3215
164 81.9965 0.381727 7.99652 19.3263
164.1 82.0465 0.377001 7.94654 19.331
164.2 82.0966 0.372304 7.89656 19.3357
164.3 82.1466 0.367636 7.84658 19.3404
164.4 82.1966 0.362996 7.79661 19.345
164.5 82.2466 0.358386 7.74663 19.3496
164.6 82.2966 0.353804 7.69665 19.3542
164.7 82.3467 0.349251 7.64667 19.3587
164.8 82.3967 0.344727 7.59669 19.3633
164.9 82.4467 0.340233 7.54671 19.3678
165 82.4967 0.335767 7.49673 19.3722
165.1 82.5468 0.33133 7.44675 19.3767
165.2 82.5968 0.326922 7.39678 19.3811
165.3 82.6468 0.322544 7.3468 19.3855
165.4 82.6968 0.318194 7.29682 19.3898
165.5 82.7468 0.313873 7.24684 19.3941
165.6 82.7969 0.309582 7.19686 19.3984
165.7 82.8469 0.305319 7.14688 19.4027
165.8 82.8969 0.301086 7.0969 19.4069
165.9 82.9469 0.296881 7.04692 19.4111
166 82.9969 0.292706 6.99695 19.4153
166.1 83.047 0.28856 6.94697 19.4194
166.2 83.097 0.284443 6.89699 19.4236
166.3 83.147 0.280355 6.84701 19.4276
166.4 83.197 0.276296 6.79703 19.4317
166.5 83.2471 0.272267 6.74705 19.4357
166.6 83.2971 0.268266 6.69707 19.4397
166.7 83.3471 0.264295 6.6471 19.4437
166.8 83.3971 0.260353 6.59712 19.4476
166.9 83.4471 0.256441 6.54714 19.4516
167 83.4972 0.252557 6.49716 19.4554
167.1 83.5472 0.248703 6.44718 19.4593
167.2 83.5972 0.244878 6.3972 19.4631
167.3 83.6472 0.241083 6.34722 19.4669
167.4 83.6972 0.237316 6.29725 19.4707
167.5 83.7473 0.233579 6.24727 19.4744
167.6 83.7973 0.229871 6.19729 19.4781
167.7 83.8473 0.226193 6.14731 19.4818
167.8 83.8973 0.222544 6.09733 19.4855
167.9 83.9474 0.218924 6.04735 19.4891
168 83.9974 0.215334 5.99738 19.4927
168.1 84.0474 0.211772 5.9474 19.4962
168.2 84.0974 0.208241 5.89742 19.4998
168.3 84.1474 0.204738 5.84744 19.5033
168.4 84.1975 0.201265 5.79746 19.5067
168.5 84.2475 0.197822 5.74748 19.5102
168.6 84.2975 0.194408 5.69751 19.5136
168.7 84.3475 0.191023 5.64753 19.517
168.8 84.3975 0.187668 5.59755 19.5203
168.9 84.4476 0.184342 5.54757 19.5237
169 84.4976 0.181046 5.49759 19.527
169.1 84.5476 0.177779 5.44761 19.5302
169.2 84.5976 0.174541 5.39763 19.5335
169.3 84.6477 0.171334 5.34766 19.5367
169.4 84.6977 0.168155 5.29768 19.5398
169.5 84.7477 0.165006 5.2477 19.543
169.6 84.7977 0.161887 5.19772 19.5461
169.7 84.8477 0.158797 5.14774 19.5492
169.8 84.8978 0.155736 5.09776 19.5523
169.9 84.9478 0.152706 5.04779 19.5553
170 84.9978 0.149704 4.99781 19.5583
170.1 85.0478 0.146733 4.94783 19.5613
170.2 85.0979 0.143791 4.89785 19.5642
170.3 85.1479 0.140878 4.84787 19.5671
170.4 85.1979 0.137995 4.79789 19.57
170.5 85.2479 0.135142 4.74792 19.5729
170.6 85.2979 0.132318 4.69794 19.5757
170.7 85.348 0.129524 4.64796 19.5785
170.8 85.398 0.126759 4.59798 19.5812
170.9 85.448 0.124024 4.548 19.584
171 85.498 0.121319 4.49803 19.5867
171.1 85.548 0.118643 4.44805 19.5894
171.2 85.5981 0.115998 4.39807 19.592
171.3 85.6481 0.113381 4.34809 19.5946
171.4 85.6981 0.110795 4.29811 19.5972
171.5 85.7481 0.108238 4.24813 19.5998
171.6 85.7982 0.10571 4.19816 19.6023
171.7 85.8482 0.103213 4.14818 19.6048
171.8 85.8982 0.100745 4.0982 19.6073
171.9 85.9482 0.0983069 4.04822 19.6097
172 85.9982 0.0958985 3.99824 19.6121
172.1 86.0483 0.0935197 3.94827 19.6145
172.2 86.0983 0.0911708 3.89829 19.6168
172.3 86.1483 0.0888516 3.84831 19.6191
172.4 86.1983 0.0865621 3.79833 19.6214
172.5 86.2484 0.0843023 3.74835 19.6237
172.6 86.2984 0.0820724 3.69837 19.6259
172.7 86.3484 0.0798722 3.6484 19.6281
172.8 86.3984 0.0777017 3.59842 19.6303
172.9 86.4484 0.0755611 3.54844 19.6324
173 86.4985 0.0734502 3.49846 19.6345
173.1 86.5485 0.0713692 3.44848 19.6366
173.2 86.5985 0.0693179 3.39851 19.6387
173.3 86.6485 0.0672964 3.34853 19.6407
173.4 86.6985 0.0653048 3.29855 19.6427
173.5 86.7486 0.0633429 3.24857 19.6447
173.6 86.7986 0.0614109 3.19859 19.6466
173.7 86.8486 0.0595087 3.14861 19.6485
173.8 86.8986 0.0576364 3.09864 19.6504
173.9 86.9487 0.0557939 3.04866 19.6522
174 86.9987 0.0539812 2.99868 19.654
174.1 87.0487 0.0521984 2.9487 19.6558
174.2 87.0987 0.0504455 2.89872 19.6576
174.3 87.1487 0.0487224 2.84875 19.6593
174.4 87.1988 0.0470292 2.79877 19.661
174.5 87.2488 0.0453659 2.74879 19.6626
174.6 87.2988 0.0437324 2.69881 19.6643
174.7 87.3488 0.0421288 2.64883 19.6659
174.8 87.3989 0.0405551 2.59886 19.6674
174.9 87.4489 0.0390113 2.54888 19.669
175 87.4989 0.0374974 2.4989 19.6705
175.1 87.5489 0.0360135 2.44892 19.672
175.2 87.5989 0.0345594 2.39894 19.6734
175.3 87.649 0.0331352 2.34897 19.6749
175.4 87.699 0.0317409 2.29899 19.6763
175.5 87.749 0.0303766 2.24901 19.6776
175.6 87.799 0.0290422 2.19903 19.679
175.7 87.8491 0.0277377 2.14905 19.6803
175.8 87.8991 0.0264631 2.09908 19.6815
175.9 87.9491 0.0252185 2.0491 19.6828
176 87.9991 0.0240038 1.99912 19.684
176.1 88.0491 0.0228191 1.94914 19.6852
176.2 88.0992 0.0216643 1.89916 19.6863
176.3 88.1492 0.0205395 1.84919 19.6875
176.4 88.1992 0.0194446 1.79921 19.6886
176.5 88.2492 0.0183797 1.74923 19.6896
176.6 88.2993 0.0173447 1.69925 19.6907
176.7 88.3493 0.0163397 1.64927 19.6917
176.8 88.3993 0.0153647 1.5993 19.6926
176.9 88.4493 0.0144197 1.54932 19.6936
177 88.4993 0.0135046 1.49934 19.6945
177.1 88.5494 0.0126195 1.44936 19.6954
177.2 88.5994 0.0117643 1.39938 19.6962
177.3 88.6494 0.0109392 1.34941 19.6971
177.4 88.6994 0.010144 1.29943 19.6979
177.5 88.7494 0.00937882 1.24945 19.6986
177.6 88.7995 0.00864363 1.19947 19.6994
177.7 88.8495 0.00793843 1.14949 19.7001
177.8 88.8995 0.00726322 1.09952 19.7007
177.9 88.9495 0.00661801 1.04954 19.7014
178 88.9996 0.00600279 0.999559 19.702
178.1 89.0496 0.00541757 0.949581 19.7026
178.2 89.0996 0.00486235 0.899604 19.7031
178.3 89.1496 0.00433714 0.849626 19.7037
178.4 89.1996 0.00384193 0.799648 19.7042
178.5 89.2497 0.00337672 0.74967 19.7046
178.6 89.2997 0.00294152 0.699692 19.7051
178.7 89.3497 0.00253633 0.649714 19.7055
178.8 89.3997 0.00216115 0.599736 19.7058
178.9 89.4498 0.00181597 0.549758 19.7062
179 89.4998 0.00150081 0.49978 19.7065
179.1 89.5498 0.00121566 0.449802 19.7068
179.2 89.5998 0.000960528 0.399824 19.707
179.3 89.6498 0.000735407 0.349846 19.7073
179.4 89.6999 0.000540301 0.299868 19.7075
179.5 89.7499 0.00037521 0.24989 19.7076
179.6 89.7999 0.000240135 0.199912 19.7078
179.7 89.8499 0.000135076 0.149934 19.7079
179.8 89.9 6.00339e-05 0.0999559 19.7079
179.9 89.95 1.50085e-05 0.049978 19.708
180 179.749 0 3.50681e-15 19.708
