#kinematics calculation of gsex
#vertex z = 700 mm, E_reaction = 19.708 MeV
#theta_cm, theta3_lab, Ek3_lab, theta4_lab, Ek4_lab
0 0 14.9373 0 0.330661
0.1 0.0425544 14.9373 0.286049 0.330672
0.2 0.0851088 14.9373 0.572075 0.330705
0.3 0.127663 14.9372 0.858056 0.330761
0.4 0.170218 14.9372 1.14397 0.330839
0.5 0.212772 14.9371 1.42979 0.330939
0.6 0.255326 14.9369 1.7155 0.331061
0.7 0.29788 14.9368 2.00108 0.331206
0.8 0.340434 14.9366 2.28649 0.331373
0.9 0.382988 14.9364 2.57173 0.331562
1 0.425542 14.9362 2.85676 0.331773
1.1 0.468096 14.936 3.14157 0.332007
1.2 0.51065 14.9357 3.42614 0.332262
1.3 0.553203 14.9355 3.71043 0.332541
1.4 0.595757 14.9352 3.99443 0.332841
1.5 0.63831 14.9348 4.27813 0.333163
1.6 0.680863 14.9345 4.56148 0.333508
1.7 0.723416 14.9341 4.84448 0.333875
1.8 0.765969 14.9337 5.12711 0.334265
1.9 0.808521 14.9333 5.40934 0.334676
2 0.851074 14.9329 5.69114 0.33511
2.1 0.893626 14.9324 5.97251 0.335566
2.2 0.936178 14.932 6.25342 0.336044
2.3 0.978729 14.9315 6.53384 0.336545
2.4 1.02128 14.9309 6.81376 0.337067
2.5 1.06383 14.9304 7.09316 0.337612
2.6 1.10638 14.9298 7.37202 0.338179
2.7 1.14893 14.9292 7.65032 0.338769
2.8 1.19148 14.9286 7.92803 0.33938
2.9 1.23403 14.928 8.20515 0.340014
3 1.27658 14.9273 8.48164 0.34067
3.1 1.31913 14.9267 8.7575 0.341348
3.2 1.36168 14.926 9.0327 0.342049
3.3 1.40423 14.9252 9.30722 0.342772
3.4 1.44678 14.9245 9.58105 0.343517
3.5 1.48933 14.9237 9.85416 0.344284
3.6 1.53187 14.9229 10.1265 0.345073
3.7 1.57442 14.9221 10.3982 0.345884
3.8 1.61697 14.9213 10.6691 0.346718
3.9 1.65951 14.9204 10.9392 0.347574
4 1.70206 14.9195 11.2085 0.348452
4.1 1.7446 14.9186 11.4769 0.349353
4.2 1.78715 14.9177 11.7446 0.350275
4.3 1.82969 14.9168 12.0114 0.35122
4.4 1.87224 14.9158 12.2773 0.352187
4.5 1.91478 14.9148 12.5424 0.353176
4.6 1.95732 14.9138 12.8066 0.354187
4.7 1.99987 14.9128 13.0699 0.35522
4.8 2.04241 14.9117 13.3322 0.356276
4.9 2.08495 14.9106 13.5937 0.357354
5 2.12749 14.9095 13.8541 0.358454
5.1 2.17003 14.9084 14.1136 0.359576
5.2 2.21257 14.9073 14.3722 0.36072
5.3 2.25511 14.9061 14.6297 0.361886
5.4 2.29765 14.9049 14.8863 0.363075
5.5 2.34019 14.9037 15.1418 0.364286
5.6 2.38273 14.9025 15.3963 0.365519
5.7 2.42526 14.9012 15.6498 0.366774
5.8 2.4678 14.8999 15.9023 0.368051
5.9 2.51033 14.8986 16.1536 0.36935
6 2.55287 14.8973 16.404 0.370672
6.1 2.5954 14.896 16.6532 0.372015
6.2 2.63794 14.8946 16.9013 0.373381
6.3 2.68047 14.8932 17.1484 0.374768
6.4 2.723 14.8918 17.3943 0.376178
6.5 2.76553 14.8904 17.6392 0.37761
6.6 2.80806 14.8889 17.8829 0.379064
6.7 2.85059 14.8875 18.1254 0.380541
6.8 2.89312 14.886 18.3669 0.382039
6.9 2.93565 14.8844 18.6072 0.383559
7 2.97818 14.8829 18.8463 0.385102
7.1 3.02071 14.8813 19.0842 0.386666
7.2 3.06323 14.8797 19.321 0.388253
7.3 3.10576 14.8781 19.5566 0.389862
7.4 3.14828 14.8765 19.7911 0.391493
7.5 3.19081 14.8749 20.0243 0.393145
7.6 3.23333 14.8732 20.2563 0.39482
7.7 3.27585 14.8715 20.4872 0.396517
7.8 3.31837 14.8698 20.7168 0.398236
7.9 3.36089 14.868 20.9452 0.399977
8 3.40341 14.8663 21.1724 0.401741
8.1 3.44593 14.8645 21.3984 0.403526
8.2 3.48845 14.8627 21.6232 0.405333
8.3 3.53097 14.8608 21.8467 0.407162
8.4 3.57348 14.859 22.069 0.409013
8.5 3.616 14.8571 22.29 0.410886
8.6 3.65851 14.8552 22.5099 0.412782
8.7 3.70102 14.8533 22.7284 0.414699
8.8 3.74354 14.8514 22.9457 0.416638
8.9 3.78605 14.8494 23.1618 0.418599
9 3.82856 14.8474 23.3767 0.420582
9.1 3.87107 14.8454 23.5902 0.422587
9.2 3.91357 14.8434 23.8025 0.424615
9.3 3.95608 14.8413 24.0136 0.426664
9.4 3.99859 14.8393 24.2234 0.428735
9.5 4.04109 14.8372 24.432 0.430828
9.6 4.0836 14.8351 24.6392 0.432943
9.7 4.1261 14.8329 24.8453 0.435079
9.8 4.1686 14.8308 25.05 0.437238
9.9 4.2111 14.8286 25.2535 0.439419
10 4.2536 14.8264 25.4558 0.441621
10.1 4.2961 14.8242 25.6568 0.443846
10.2 4.3386 14.8219 25.8565 0.446092
10.3 4.38109 14.8196 26.055 0.448361
10.4 4.42359 14.8173 26.2522 0.450651
10.5 4.46608 14.815 26.4481 0.452963
10.6 4.50858 14.8127 26.6428 0.455297
10.7 4.55107 14.8103 26.8362 0.457653
10.8 4.59356 14.808 27.0284 0.460031
10.9 4.63605 14.8056 27.2193 0.46243
11 4.67853 14.8031 27.409 0.464852
11.1 4.72102 14.8007 27.5974 0.467295
11.2 4.76351 14.7982 27.7845 0.46976
11.3 4.80599 14.7958 27.9704 0.472247
11.4 4.84847 14.7932 28.1551 0.474756
11.5 4.89096 14.7907 28.3386 0.477286
11.6 4.93344 14.7882 28.5207 0.479839
11.7 4.97592 14.7856 28.7017 0.482413
11.8 5.01839 14.783 28.8814 0.485009
11.9 5.06087 14.7804 29.0599 0.487626
12 5.10334 14.7777 29.2372 0.490266
12.1 5.14582 14.7751 29.4132 0.492927
12.2 5.18829 14.7724 29.588 0.49561
12.3 5.23076 14.7697 29.7616 0.498315
12.4 5.27323 14.767 29.934 0.501041
12.5 5.3157 14.7642 30.1051 0.503789
12.6 5.35817 14.7614 30.2751 0.506559
12.7 5.40063 14.7586 30.4439 0.509351
12.8 5.4431 14.7558 30.6114 0.512164
12.9 5.48556 14.753 30.7778 0.514999
13 5.52802 14.7501 30.9429 0.517856
13.1 5.57048 14.7473 31.1069 0.520734
13.2 5.61294 14.7444 31.2697 0.523635
13.3 5.6554 14.7414 31.4313 0.526556
13.4 5.69785 14.7385 31.5918 0.5295
13.5 5.74031 14.7355 31.751 0.532465
13.6 5.78276 14.7325 31.9091 0.535451
13.7 5.82521 14.7295 32.0661 0.53846
13.8 5.86766 14.7265 32.2218 0.54149
13.9 5.91011 14.7235 32.3765 0.544541
14 5.95255 14.7204 32.53 0.547614
14.1 5.995 14.7173 32.6823 0.550709
14.2 6.03744 14.7142 32.8335 0.553825
14.3 6.07988 14.711 32.9836 0.556963
14.4 6.12232 14.7079 33.1325 0.560122
14.5 6.16476 14.7047 33.2803 0.563303
14.6 6.2072 14.7015 33.427 0.566506
14.7 6.24963 14.6983 33.5726 0.56973
14.8 6.29206 14.695 33.7171 0.572975
14.9 6.3345 14.6918 33.8605 0.576242
15 6.37693 14.6885 34.0027 0.579531
15.1 6.41935 14.6852 34.1439 0.582841
15.2 6.46178 14.6818 34.284 0.586172
15.3 6.50421 14.6785 34.4231 0.589525
15.4 6.54663 14.6751 34.561 0.5929
15.5 6.58905 14.6717 34.6979 0.596296
15.6 6.63147 14.6683 34.8337 0.599713
15.7 6.67389 14.6648 34.9684 0.603152
15.8 6.7163 14.6614 35.1021 0.606612
15.9 6.75872 14.6579 35.2348 0.610094
16 6.80113 14.6544 35.3664 0.613597
16.1 6.84354 14.6509 35.497 0.617121
16.2 6.88595 14.6473 35.6265 0.620667
16.3 6.92836 14.6438 35.755 0.624234
16.4 6.97076 14.6402 35.8825 0.627822
16.5 7.01317 14.6366 36.009 0.631432
16.6 7.05557 14.6329 36.1345 0.635063
16.7 7.09797 14.6293 36.2589 0.638716
16.8 7.14036 14.6256 36.3824 0.64239
16.9 7.18276 14.6219 36.5049 0.646085
17 7.22515 14.6182 36.6264 0.649801
17.1 7.26755 14.6145 36.7469 0.653539
17.2 7.30994 14.6107 36.8664 0.657298
17.3 7.35232 14.6069 36.985 0.661078
17.4 7.39471 14.6031 37.1026 0.664879
17.5 7.43709 14.5993 37.2192 0.668702
17.6 7.47948 14.5955 37.3349 0.672546
17.7 7.52186 14.5916 37.4496 0.676411
17.8 7.56423 14.5877 37.5634 0.680297
17.9 7.60661 14.5838 37.6763 0.684204
18 7.64899 14.5799 37.7882 0.688133
18.1 7.69136 14.5759 37.8992 0.692083
18.2 7.73373 14.5719 38.0093 0.696054
18.3 7.7761 14.568 38.1185 0.700046
18.4 7.81846 14.5639 38.2268 0.704059
18.5 7.86082 14.5599 38.3342 0.708093
18.6 7.90319 14.5559 38.4406 0.712149
18.7 7.94555 14.5518 38.5462 0.716225
18.8 7.9879 14.5477 38.6509 0.720323
18.9 8.03026 14.5436 38.7547 0.724441
19 8.07261 14.5394 38.8577 0.728581
19.1 8.11496 14.5353 38.9597 0.732742
19.2 8.15731 14.5311 39.0609 0.736923
19.3 8.19966 14.5269 39.1613 0.741126
19.4 8.242 14.5227 39.2608 0.74535
19.5 8.28434 14.5184 39.3595 0.749595
19.6 8.32668 14.5141 39.4573 0.75386
19.7 8.36902 14.5099 39.5542 0.758147
19.8 8.41136 14.5055 39.6504 0.762455
19.9 8.45369 14.5012 39.7457 0.766783
20 8.49602 14.4969 39.8402 0.771132
20.1 8.53835 14.4925 39.9339 0.775503
20.2 8.58068 14.4881 40.0268 0.779894
20.3 8.623 14.4837 40.1188 0.784306
20.4 8.66532 14.4793 40.2101 0.788739
20.5 8.70764 14.4748 40.3006 0.793193
20.6 8.74996 14.4703 40.3903 0.797668
20.7 8.79227 14.4658 40.4792 0.802163
20.8 8.83458 14.4613 40.5673 0.80668
20.9 8.87689 14.4568 40.6547 0.811217
21 8.9192 14.4522 40.7412 0.815775
21.1 8.96151 14.4476 40.8271 0.820353
21.2 9.00381 14.443 40.9121 0.824953
21.3 9.04611 14.4384 40.9964 0.829573
21.4 9.08841 14.4338 41.08 0.834214
21.5 9.1307 14.4291 41.1628 0.838875
21.6 9.17299 14.4244 41.2449 0.843558
21.7 9.21528 14.4197 41.3263 0.848261
21.8 9.25757 14.415 41.4069 0.852984
21.9 9.29986 14.4103 41.4868 0.857729
22 9.34214 14.4055 41.566 0.862494
22.1 9.38442 14.4007 41.6445 0.867279
22.2 9.4267 14.3959 41.7222 0.872086
22.3 9.46897 14.3911 41.7993 0.876912
22.4 9.51124 14.3862 41.8756 0.88176
22.5 9.55351 14.3814 41.9513 0.886628
22.6 9.59578 14.3765 42.0263 0.891516
22.7 9.63805 14.3716 42.1006 0.896425
22.8 9.68031 14.3666 42.1742 0.901355
22.9 9.72257 14.3617 42.2471 0.906305
23 9.76482 14.3567 42.3194 0.911276
23.1 9.80708 14.3517 42.391 0.916267
23.2 9.84933 14.3467 42.4619 0.921278
23.3 9.89158 14.3417 42.5322 0.92631
23.4 9.93382 14.3366 42.6018 0.931363
23.5 9.97607 14.3316 42.6708 0.936436
23.6 10.0183 14.3265 42.7391 0.941529
23.7 10.0605 14.3214 42.8068 0.946643
23.8 10.1028 14.3162 42.8739 0.951777
23.9 10.145 14.3111 42.9403 0.956931
24 10.1872 14.3059 43.0061 0.962106
24.1 10.2295 14.3007 43.0713 0.967301
24.2 10.2717 14.2955 43.1358 0.972516
24.3 10.3139 14.2902 43.1998 0.977752
24.4 10.3561 14.285 43.2631 0.983008
24.5 10.3983 14.2797 43.3258 0.988284
24.6 10.4406 14.2744 43.3879 0.99358
24.7 10.4828 14.2691 43.4495 0.998897
24.8 10.525 14.2638 43.5104 1.00423
24.9 10.5672 14.2584 43.5708 1.00959
25 10.6094 14.253 43.6305 1.01497
25.1 10.6516 14.2476 43.6897 1.02037
25.2 10.6938 14.2422 43.7483 1.02578
25.3 10.736 14.2368 43.8063 1.03122
25.4 10.7782 14.2313 43.8638 1.03668
25.5 10.8203 14.2258 43.9207 1.04216
25.6 10.8625 14.2203 43.977 1.04765
25.7 10.9047 14.2148 44.0328 1.05317
25.8 10.9469 14.2093 44.088 1.05871
25.9 10.9891 14.2037 44.1427 1.06427
26 11.0312 14.1982 44.1968 1.06985
26.1 11.0734 14.1926 44.2504 1.07544
26.2 11.1156 14.1869 44.3035 1.08106
26.3 11.1577 14.1813 44.356 1.0867
26.4 11.1999 14.1756 44.408 1.09236
26.5 11.242 14.17 44.4594 1.09804
26.6 11.2842 14.1643 44.5103 1.10373
26.7 11.3263 14.1585 44.5607 1.10945
26.8 11.3685 14.1528 44.6106 1.11519
26.9 11.4106 14.1471 44.66 1.12095
27 11.4528 14.1413 44.7089 1.12673
27.1 11.4949 14.1355 44.7572 1.13252
27.2 11.537 14.1297 44.8051 1.13834
27.3 11.5792 14.1238 44.8524 1.14418
27.4 11.6213 14.118 44.8993 1.15003
27.5 11.6634 14.1121 44.9457 1.15591
27.6 11.7055 14.1062 44.9915 1.1618
27.7 11.7476 14.1003 45.0369 1.16772
27.8 11.7898 14.0943 45.0818 1.17366
27.9 11.8319 14.0884 45.1263 1.17961
28 11.874 14.0824 45.1702 1.18559
28.1 11.9161 14.0764 45.2137 1.19158
28.2 11.9582 14.0704 45.2567 1.19759
28.3 12.0003 14.0644 45.2993 1.20363
28.4 12.0424 14.0583 45.3413 1.20968
28.5 12.0845 14.0522 45.383 1.21575
28.6 12.1265 14.0462 45.4241 1.22185
28.7 12.1686 14.04 45.4648 1.22796
28.8 12.2107 14.0339 45.5051 1.23409
28.9 12.2528 14.0278 45.5449 1.24024
29 12.2949 14.0216 45.5843 1.24641
29.1 12.3369 14.0154 45.6232 1.2526
29.2 12.379 14.0092 45.6617 1.25881
29.3 12.4211 14.003 45.6997 1.26504
29.4 12.4631 13.9967 45.7373 1.27129
29.5 12.5052 13.9904 45.7745 1.27755
29.6 12.5472 13.9842 45.8113 1.28384
29.7 12.5893 13.9779 45.8476 1.29015
29.8 12.6313 13.9715 45.8835 1.29647
29.9 12.6734 13.9652 45.919 1.30282
30 12.7154 13.9588 45.9541 1.30918
30.1 12.7574 13.9524 45.9887 1.31557
30.2 12.7995 13.946 46.023 1.32197
30.3 12.8415 13.9396 46.0568 1.32839
30.4 12.8835 13.9332 46.0902 1.33483
30.5 12.9255 13.9267 46.1233 1.34129
30.6 12.9675 13.9202 46.1559 1.34777
30.7 13.0096 13.9137 46.1882 1.35427
30.8 13.0516 13.9072 46.22 1.36079
30.9 13.0936 13.9007 46.2515 1.36732
31 13.1356 13.8941 46.2825 1.37388
31.1 13.1776 13.8875 46.3132 1.38045
31.2 13.2196 13.881 46.3435 1.38705
31.3 13.2616 13.8743 46.3734 1.39366
31.4 13.3035 13.8677 46.4029 1.40029
31.5 13.3455 13.8611 46.4321 1.40694
31.6 13.3875 13.8544 46.4609 1.41361
31.7 13.4295 13.8477 46.4893 1.4203
31.8 13.4714 13.841 46.5173 1.42701
31.9 13.5134 13.8343 46.545 1.43374
32 13.5554 13.8275 46.5723 1.44048
32.1 13.5973 13.8208 46.5993 1.44725
32.2 13.6393 13.814 46.6258 1.45403
32.3 13.6812 13.8072 46.6521 1.46083
32.4 13.7232 13.8003 46.678 1.46766
32.5 13.7651 13.7935 46.7035 1.4745
32.6 13.8071 13.7866 46.7287 1.48135
32.7 13.849 13.7798 46.7535 1.48823
32.8 13.8909 13.7729 46.778 1.49513
32.9 13.9329 13.766 46.8021 1.50204
33 13.9748 13.759 46.8259 1.50898
33.1 14.0167 13.7521 46.8494 1.51593
33.2 14.0586 13.7451 46.8725 1.5229
33.3 14.1005 13.7381 46.8953 1.52989
33.4 14.1424 13.7311 46.9177 1.5369
33.5 14.1843 13.7241 46.9399 1.54392
33.6 14.2262 13.717 46.9617 1.55097
33.7 14.2681 13.71 46.9831 1.55803
33.8 14.31 13.7029 47.0043 1.56511
33.9 14.3519 13.6958 47.0251 1.57221
34 14.3938 13.6887 47.0456 1.57933
34.1 14.4357 13.6815 47.0658 1.58647
34.2 14.4775 13.6744 47.0857 1.59363
34.3 14.5194 13.6672 47.1052 1.6008
34.4 14.5613 13.66 47.1245 1.60799
34.5 14.6031 13.6528 47.1434 1.6152
34.6 14.645 13.6456 47.1621 1.62243
34.7 14.6868 13.6383 47.1804 1.62968
34.8 14.7287 13.6311 47.1984 1.63695
34.9 14.7705 13.6238 47.2161 1.64423
35 14.8124 13.6165 47.2336 1.65153
35.1 14.8542 13.6091 47.2507 1.65886
35.2 14.896 13.6018 47.2675 1.66619
35.3 14.9379 13.5944 47.284 1.67355
35.4 14.9797 13.5871 47.3003 1.68093
35.5 15.0215 13.5797 47.3162 1.68832
35.6 15.0633 13.5723 47.3319 1.69573
35.7 15.1051 13.5648 47.3473 1.70316
35.8 15.1469 13.5574 47.3624 1.71061
35.9 15.1887 13.5499 47.3772 1.71807
36 15.2305 13.5424 47.3917 1.72556
36.1 15.2723 13.5349 47.4059 1.73306
36.2 15.3141 13.5274 47.4199 1.74058
36.3 15.3559 13.5199 47.4336 1.74812
36.4 15.3976 13.5123 47.447 1.75567
36.5 15.4394 13.5048 47.4602 1.76325
36.6 15.4812 13.4972 47.473 1.77084
36.7 15.5229 13.4896 47.4857 1.77845
36.8 15.5647 13.4819 47.498 1.78607
36.9 15.6065 13.4743 47.5101 1.79372
37 15.6482 13.4666 47.5219 1.80138
37.1 15.69 13.4589 47.5334 1.80906
37.2 15.7317 13.4512 47.5447 1.81676
37.3 15.7734 13.4435 47.5557 1.82448
37.4 15.8152 13.4358 47.5665 1.83221
37.5 15.8569 13.428 47.577 1.83996
37.6 15.8986 13.4203 47.5873 1.84773
37.7 15.9403 13.4125 47.5973 1.85552
37.8 15.982 13.4047 47.607 1.86332
37.9 16.0237 13.3969 47.6165 1.87114
38 16.0654 13.389 47.6258 1.87898
38.1 16.1071 13.3812 47.6348 1.88684
38.2 16.1488 13.3733 47.6435 1.89471
38.3 16.1905 13.3654 47.652 1.90261
38.4 16.2322 13.3575 47.6603 1.91052
38.5 16.2739 13.3496 47.6683 1.91844
38.6 16.3155 13.3416 47.6761 1.92639
38.7 16.3572 13.3337 47.6837 1.93435
38.8 16.3989 13.3257 47.691 1.94233
38.9 16.4405 13.3177 47.6981 1.95032
39 16.4822 13.3097 47.7049 1.95834
39.1 16.5238 13.3016 47.7115 1.96637
39.2 16.5655 13.2936 47.7179 1.97442
39.3 16.6071 13.2855 47.7241 1.98248
39.4 16.6487 13.2774 47.73 1.99056
39.5 16.6904 13.2693 47.7357 1.99866
39.6 16.732 13.2612 47.7412 2.00678
39.7 16.7736 13.2531 47.7464 2.01492
39.8 16.8152 13.2449 47.7515 2.02307
39.9 16.8568 13.2368 47.7563 2.03124
40 16.8984 13.2286 47.7609 2.03942
40.1 16.94 13.2204 47.7652 2.04762
40.2 16.9816 13.2122 47.7694 2.05584
40.3 17.0232 13.2039 47.7733 2.06408
40.4 17.0648 13.1957 47.777 2.07233
40.5 17.1063 13.1874 47.7805 2.0806
40.6 17.1479 13.1791 47.7838 2.08889
40.7 17.1895 13.1708 47.7869 2.09719
40.8 17.231 13.1625 47.7898 2.10552
40.9 17.2726 13.1541 47.7924 2.11385
41 17.3141 13.1458 47.7949 2.12221
41.1 17.3557 13.1374 47.7971 2.13058
41.2 17.3972 13.129 47.7992 2.13897
41.3 17.4388 13.1206 47.801 2.14737
41.4 17.4803 13.1122 47.8026 2.15579
41.5 17.5218 13.1038 47.8041 2.16423
41.6 17.5633 13.0953 47.8053 2.17269
41.7 17.6048 13.0868 47.8064 2.18116
41.8 17.6463 13.0784 47.8072 2.18965
41.9 17.6878 13.0698 47.8078 2.19815
42 17.7293 13.0613 47.8083 2.20667
42.1 17.7708 13.0528 47.8085 2.21521
42.2 17.8123 13.0442 47.8086 2.22377
42.3 17.8538 13.0357 47.8084 2.23234
42.4 17.8953 13.0271 47.8081 2.24093
42.5 17.9367 13.0185 47.8076 2.24953
42.6 17.9782 13.0099 47.8069 2.25815
42.7 18.0196 13.0012 47.806 2.26679
42.8 18.0611 12.9926 47.8049 2.27544
42.9 18.1025 12.9839 47.8036 2.28411
43 18.144 12.9752 47.8022 2.29279
43.1 18.1854 12.9665 47.8005 2.3015
43.2 18.2268 12.9578 47.7987 2.31021
43.3 18.2682 12.9491 47.7967 2.31895
43.4 18.3097 12.9403 47.7945 2.3277
43.5 18.3511 12.9315 47.7922 2.33647
43.6 18.3925 12.9228 47.7896 2.34525
43.7 18.4339 12.914 47.7869 2.35405
43.8 18.4753 12.9051 47.784 2.36286
43.9 18.5167 12.8963 47.781 2.37169
44 18.558 12.8875 47.7777 2.38054
44.1 18.5994 12.8786 47.7743 2.3894
44.2 18.6408 12.8697 47.7707 2.39828
44.3 18.6821 12.8608 47.7669 2.40718
44.4 18.7235 12.8519 47.763 2.41609
44.5 18.7648 12.843 47.7589 2.42502
44.6 18.8062 12.834 47.7546 2.43396
44.7 18.8475 12.8251 47.7502 2.44292
44.8 18.8889 12.8161 47.7456 2.45189
44.9 18.9302 12.8071 47.7408 2.46088
45 18.9715 12.7981 47.7359 2.46989
45.1 19.0128 12.7891 47.7308 2.47891
45.2 19.0541 12.7801 47.7255 2.48795
45.3 19.0954 12.771 47.7201 2.497
45.4 19.1367 12.7619 47.7145 2.50607
45.5 19.178 12.7528 47.7088 2.51515
45.6 19.2193 12.7437 47.7028 2.52425
45.7 19.2606 12.7346 47.6968 2.53337
45.8 19.3018 12.7255 47.6906 2.5425
45.9 19.3431 12.7164 47.6842 2.55165
46 19.3844 12.7072 47.6776 2.56081
46.1 19.4256 12.698 47.6709 2.56999
46.2 19.4669 12.6888 47.6641 2.57918
46.3 19.5081 12.6796 47.6571 2.58839
46.4 19.5493 12.6704 47.6499 2.59761
46.5 19.5906 12.6611 47.6426 2.60685
46.6 19.6318 12.6519 47.6352 2.6161
46.7 19.673 12.6426 47.6276 2.62537
46.8 19.7142 12.6333 47.6198 2.63466
46.9 19.7554 12.624 47.6119 2.64396
47 19.7966 12.6147 47.6038 2.65327
47.1 19.8378 12.6054 47.5956 2.66261
47.2 19.879 12.596 47.5873 2.67195
47.3 19.9202 12.5867 47.5788 2.68131
47.4 19.9613 12.5773 47.5701 2.69069
47.5 20.0025 12.5679 47.5614 2.70008
47.6 20.0436 12.5585 47.5524 2.70948
47.7 20.0848 12.5491 47.5434 2.71891
47.8 20.1259 12.5397 47.5342 2.72834
47.9 20.1671 12.5302 47.5248 2.73779
48 20.2082 12.5207 47.5153 2.74726
48.1 20.2493 12.5113 47.5057 2.75674
48.2 20.2904 12.5018 47.4959 2.76623
48.3 20.3315 12.4923 47.486 2.77574
48.4 20.3727 12.4827 47.476 2.78527
48.5 20.4137 12.4732 47.4658 2.79481
48.6 20.4548 12.4636 47.4555 2.80436
48.7 20.4959 12.4541 47.445 2.81393
48.8 20.537 12.4445 47.4344 2.82352
48.9 20.5781 12.4349 47.4237 2.83312
49 20.6191 12.4253 47.4128 2.84273
49.1 20.6602 12.4156 47.4019 2.85236
49.2 20.7012 12.406 47.3907 2.862
49.3 20.7423 12.3963 47.3795 2.87166
49.4 20.7833 12.3867 47.3681 2.88133
49.5 20.8243 12.377 47.3566 2.89102
49.6 20.8653 12.3673 47.345 2.90072
49.7 20.9064 12.3576 47.3332 2.91043
49.8 20.9474 12.3478 47.3213 2.92016
49.9 20.9884 12.3381 47.3093 2.9299
50 21.0294 12.3283 47.2971 2.93966
50.1 21.0703 12.3186 47.2849 2.94943
50.2 21.1113 12.3088 47.2725 2.95922
50.3 21.1523 12.299 47.26 2.96902
50.4 21.1933 12.2892 47.2473 2.97884
50.5 21.2342 12.2793 47.2345 2.98867
50.6 21.2752 12.2695 47.2217 2.99851
50.7 21.3161 12.2596 47.2086 3.00837
50.8 21.357 12.2498 47.1955 3.01824
50.9 21.398 12.2399 47.1823 3.02812
51 21.4389 12.23 47.1689 3.03802
51.1 21.4798 12.2201 47.1554 3.04794
51.2 21.5207 12.2101 47.1418 3.05786
51.3 21.5616 12.2002 47.1281 3.06781
51.4 21.6025 12.1902 47.1142 3.07776
51.5 21.6434 12.1803 47.1003 3.08773
51.6 21.6842 12.1703 47.0862 3.09771
51.7 21.7251 12.1603 47.072 3.10771
51.8 21.766 12.1503 47.0577 3.11772
51.9 21.8068 12.1403 47.0432 3.12775
52 21.8477 12.1302 47.0287 3.13778
52.1 21.8885 12.1202 47.0141 3.14784
52.2 21.9293 12.1101 46.9993 3.1579
52.3 21.9702 12.1 46.9844 3.16798
52.4 22.011 12.0899 46.9694 3.17807
52.5 22.0518 12.0798 46.9543 3.18818
52.6 22.0926 12.0697 46.9391 3.1983
52.7 22.1334 12.0596 46.9238 3.20843
52.8 22.1742 12.0494 46.9084 3.21858
52.9 22.2149 12.0393 46.8928 3.22874
53 22.2557 12.0291 46.8772 3.23892
53.1 22.2965 12.0189 46.8614 3.2491
53.2 22.3372 12.0087 46.8456 3.2593
53.3 22.378 11.9985 46.8296 3.26952
53.4 22.4187 11.9883 46.8135 3.27975
53.5 22.4594 11.978 46.7973 3.28999
53.6 22.5001 11.9678 46.7811 3.30024
53.7 22.5409 11.9575 46.7647 3.31051
53.8 22.5816 11.9472 46.7482 3.32079
53.9 22.6223 11.9369 46.7316 3.33108
54 22.663 11.9266 46.7149 3.34139
54.1 22.7036 11.9163 46.6981 3.35171
54.2 22.7443 11.906 46.6812 3.36204
54.3 22.785 11.8956 46.6642 3.37238
54.4 22.8256 11.8853 46.647 3.38274
54.5 22.8663 11.8749 46.6298 3.39311
54.6 22.9069 11.8645 46.6125 3.4035
54.7 22.9476 11.8541 46.5951 3.4139
54.8 22.9882 11.8437 46.5776 3.42431
54.9 23.0288 11.8333 46.56 3.43473
55 23.0694 11.8228 46.5423 3.44516
55.1 23.11 11.8124 46.5245 3.45561
55.2 23.1506 11.8019 46.5066 3.46607
55.3 23.1912 11.7915 46.4886 3.47655
55.4 23.2318 11.781 46.4705 3.48704
55.5 23.2723 11.7705 46.4523 3.49753
55.6 23.3129 11.76 46.434 3.50805
55.7 23.3534 11.7494 46.4157 3.51857
55.8 23.394 11.7389 46.3972 3.52911
55.9 23.4345 11.7283 46.3786 3.53966
56 23.475 11.7178 46.3599 3.55022
56.1 23.5155 11.7072 46.3412 3.56079
56.2 23.5561 11.6966 46.3223 3.57138
56.3 23.5966 11.686 46.3034 3.58198
56.4 23.637 11.6754 46.2844 3.59259
56.5 23.6775 11.6648 46.2653 3.60321
56.6 23.718 11.6541 46.246 3.61385
56.7 23.7585 11.6435 46.2267 3.6245
56.8 23.7989 11.6328 46.2073 3.63516
56.9 23.8394 11.6222 46.1879 3.64583
57 23.8798 11.6115 46.1683 3.65652
57.1 23.9202 11.6008 46.1486 3.66721
57.2 23.9607 11.5901 46.1289 3.67792
57.3 24.0011 11.5794 46.109 3.68864
57.4 24.0415 11.5686 46.0891 3.69938
57.5 24.0819 11.5579 46.0691 3.71012
57.6 24.1222 11.5471 46.049 3.72088
57.7 24.1626 11.5364 46.0288 3.73165
57.8 24.203 11.5256 46.0085 3.74243
57.9 24.2434 11.5148 45.9882 3.75322
58 24.2837 11.504 45.9677 3.76403
58.1 24.324 11.4932 45.9472 3.77484
58.2 24.3644 11.4823 45.9266 3.78567
58.3 24.4047 11.4715 45.9059 3.79651
58.4 24.445 11.4606 45.8851 3.80736
58.5 24.4853 11.4498 45.8642 3.81823
58.6 24.5256 11.4389 45.8433 3.8291
58.7 24.5659 11.428 45.8223 3.83999
58.8 24.6062 11.4171 45.8012 3.85089
58.9 24.6464 11.4062 45.78 3.8618
59 24.6867 11.3953 45.7587 3.87272
59.1 24.7269 11.3844 45.7373 3.88365
59.2 24.7672 11.3734 45.7159 3.89459
59.3 24.8074 11.3625 45.6944 3.90555
59.4 24.8476 11.3515 45.6728 3.91651
59.5 24.8878 11.3405 45.6511 3.92749
59.6 24.928 11.3295 45.6294 3.93848
59.7 24.9682 11.3185 45.6075 3.94948
59.8 25.0084 11.3075 45.5856 3.96049
59.9 25.0486 11.2965 45.5636 3.97152
60 25.0888 11.2854 45.5416 3.98255
60.1 25.1289 11.2744 45.5194 3.9936
60.2 25.169 11.2633 45.4972 4.00465
60.3 25.2092 11.2523 45.4749 4.01572
60.4 25.2493 11.2412 45.4525 4.0268
60.5 25.2894 11.2301 45.4301 4.03789
60.6 25.3295 11.219 45.4076 4.04899
60.7 25.3696 11.2079 45.385 4.0601
60.8 25.4097 11.1968 45.3623 4.07122
60.9 25.4498 11.1856 45.3395 4.08235
61 25.4899 11.1745 45.3167 4.0935
61.1 25.5299 11.1633 45.2938 4.10465
61.2 25.57 11.1522 45.2708 4.11582
61.3 25.61 11.141 45.2478 4.12699
61.4 25.65 11.1298 45.2247 4.13818
61.5 25.69 11.1186 45.2015 4.14938
61.6 25.73 11.1074 45.1782 4.16059
61.7 25.77 11.0962 45.1549 4.1718
61.8 25.81 11.085 45.1315 4.18303
61.9 25.85 11.0737 45.108 4.19427
62 25.89 11.0625 45.0845 4.20552
62.1 25.9299 11.0512 45.0608 4.21678
62.2 25.9699 11.0399 45.0371 4.22806
62.3 26.0098 11.0287 45.0134 4.23934
62.4 26.0497 11.0174 44.9896 4.25063
62.5 26.0896 11.0061 44.9657 4.26193
62.6 26.1295 10.9948 44.9417 4.27324
62.7 26.1694 10.9834 44.9177 4.28457
62.8 26.2093 10.9721 44.8935 4.2959
62.9 26.2492 10.9608 44.8694 4.30724
63 26.2891 10.9494 44.8451 4.31859
63.1 26.3289 10.938 44.8208 4.32996
63.2 26.3688 10.9267 44.7964 4.34133
63.3 26.4086 10.9153 44.772 4.35271
63.4 26.4484 10.9039 44.7475 4.36411
63.5 26.4882 10.8925 44.7229 4.37551
63.6 26.528 10.8811 44.6983 4.38692
63.7 26.5678 10.8697 44.6736 4.39835
63.8 26.6076 10.8582 44.6488 4.40978
63.9 26.6473 10.8468 44.6239 4.42122
64 26.6871 10.8353 44.599 4.43267
64.1 26.7269 10.8239 44.5741 4.44414
64.2 26.7666 10.8124 44.549 4.45561
64.3 26.8063 10.8009 44.5239 4.46709
64.4 26.846 10.7894 44.4988 4.47858
64.5 26.8857 10.7779 44.4735 4.49008
64.6 26.9254 10.7664 44.4483 4.50159
64.7 26.9651 10.7549 44.4229 4.51311
64.8 27.0048 10.7434 44.3975 4.52464
64.9 27.0444 10.7318 44.372 4.53618
65 27.0841 10.7203 44.3465 4.54773
65.1 27.1237 10.7087 44.3209 4.55929
65.2 27.1633 10.6971 44.2952 4.57086
65.3 27.2029 10.6856 44.2695 4.58243
65.4 27.2425 10.674 44.2437 4.59402
65.5 27.2821 10.6624 44.2178 4.60561
65.6 27.3217 10.6508 44.1919 4.61722
65.7 27.3613 10.6392 44.166 4.62883
65.8 27.4008 10.6275 44.1399 4.64045
65.9 27.4404 10.6159 44.1138 4.65209
66 27.4799 10.6043 44.0877 4.66373
66.1 27.5194 10.5926 44.0615 4.67538
66.2 27.559 10.581 44.0352 4.68703
66.3 27.5985 10.5693 44.0089 4.6987
66.4 27.6379 10.5576 43.9825 4.71038
66.5 27.6774 10.5459 43.9561 4.72207
66.6 27.7169 10.5342 43.9296 4.73376
66.7 27.7563 10.5225 43.903 4.74546
66.8 27.7958 10.5108 43.8764 4.75718
66.9 27.8352 10.4991 43.8497 4.7689
67 27.8746 10.4874 43.823 4.78063
67.1 27.914 10.4756 43.7962 4.79237
67.2 27.9534 10.4639 43.7693 4.80411
67.3 27.9928 10.4521 43.7424 4.81587
67.4 28.0322 10.4404 43.7155 4.82763
67.5 28.0715 10.4286 43.6885 4.83941
67.6 28.1109 10.4168 43.6614 4.85119
67.7 28.1502 10.405 43.6343 4.86298
67.8 28.1895 10.3932 43.6071 4.87477
67.9 28.2289 10.3814 43.5798 4.88658
68 28.2682 10.3696 43.5525 4.8984
68.1 28.3074 10.3578 43.5252 4.91022
68.2 28.3467 10.3459 43.4978 4.92205
68.3 28.386 10.3341 43.4703 4.93389
68.4 28.4252 10.3223 43.4428 4.94574
68.5 28.4645 10.3104 43.4153 4.9576
68.6 28.5037 10.2985 43.3876 4.96946
68.7 28.5429 10.2867 43.36 4.98133
68.8 28.5821 10.2748 43.3322 4.99321
68.9 28.6213 10.2629 43.3045 5.0051
69 28.6605 10.251 43.2766 5.017
69.1 28.6996 10.2391 43.2488 5.02891
69.2 28.7388 10.2272 43.2208 5.04082
69.3 28.7779 10.2153 43.1928 5.05274
69.4 28.817 10.2033 43.1648 5.06467
69.5 28.8561 10.1914 43.1367 5.0766
69.6 28.8952 10.1795 43.1086 5.08855
69.7 28.9343 10.1675 43.0804 5.1005
69.8 28.9734 10.1555 43.0521 5.11246
69.9 29.0125 10.1436 43.0238 5.12443
70 29.0515 10.1316 42.9955 5.1364
70.1 29.0905 10.1196 42.9671 5.14838
70.2 29.1296 10.1076 42.9386 5.16037
70.3 29.1686 10.0956 42.9101 5.17237
70.4 29.2076 10.0836 42.8816 5.18438
70.5 29.2466 10.0716 42.853 5.19639
70.6 29.2855 10.0596 42.8244 5.20841
70.7 29.3245 10.0476 42.7957 5.22044
70.8 29.3634 10.0355 42.7669 5.23247
70.9 29.4024 10.0235 42.7381 5.24451
71 29.4413 10.0114 42.7093 5.25656
71.1 29.4802 9.99938 42.6804 5.26862
71.2 29.5191 9.98732 42.6515 5.28068
71.3 29.5579 9.97525 42.6225 5.29275
71.4 29.5968 9.96317 42.5934 5.30483
71.5 29.6357 9.95108 42.5644 5.31692
71.6 29.6745 9.93899 42.5352 5.32901
71.7 29.7133 9.92689 42.5061 5.34111
71.8 29.7521 9.91478 42.4768 5.35322
71.9 29.7909 9.90267 42.4476 5.36533
72 29.8297 9.89055 42.4182 5.37745
72.1 29.8685 9.87842 42.3889 5.38958
72.2 29.9072 9.86629 42.3595 5.40171
72.3 29.946 9.85415 42.33 5.41385
72.4 29.9847 9.842 42.3005 5.426
72.5 30.0234 9.82985 42.271 5.43815
72.6 30.0621 9.81769 42.2414 5.45031
72.7 30.1008 9.80552 42.2117 5.46248
72.8 30.1395 9.79335 42.1821 5.47465
72.9 30.1781 9.78116 42.1523 5.48684
73 30.2168 9.76898 42.1226 5.49902
73.1 30.2554 9.75678 42.0927 5.51122
73.2 30.294 9.74458 42.0629 5.52342
73.3 30.3326 9.73238 42.033 5.53562
73.4 30.3712 9.72016 42.003 5.54784
73.5 30.4098 9.70794 41.973 5.56006
73.6 30.4483 9.69572 41.943 5.57228
73.7 30.4869 9.68349 41.9129 5.58451
73.8 30.5254 9.67125 41.8828 5.59675
73.9 30.5639 9.659 41.8526 5.609
74 30.6024 9.64675 41.8224 5.62125
74.1 30.6409 9.6345 41.7921 5.6335
74.2 30.6793 9.62223 41.7618 5.64577
74.3 30.7178 9.60997 41.7315 5.65803
74.4 30.7562 9.59769 41.7011 5.67031
74.5 30.7947 9.58541 41.6707 5.68259
74.6 30.8331 9.57312 41.6402 5.69488
74.7 30.8715 9.56083 41.6097 5.70717
74.8 30.9099 9.54853 41.5791 5.71947
74.9 30.9482 9.53623 41.5485 5.73177
75 30.9866 9.52392 41.5179 5.74408
75.1 31.0249 9.5116 41.4872 5.7564
75.2 31.0632 9.49928 41.4565 5.76872
75.3 31.1015 9.48695 41.4257 5.78105
75.4 31.1398 9.47462 41.3949 5.79338
75.5 31.1781 9.46228 41.3641 5.80572
75.6 31.2164 9.44994 41.3332 5.81806
75.7 31.2546 9.43759 41.3023 5.83041
75.8 31.2928 9.42523 41.2713 5.84277
75.9 31.3311 9.41287 41.2403 5.85513
76 31.3693 9.4005 41.2093 5.8675
76.1 31.4074 9.38813 41.1782 5.87987
76.2 31.4456 9.37575 41.1471 5.89225
76.3 31.4838 9.36337 41.1159 5.90463
76.4 31.5219 9.35099 41.0847 5.91701
76.5 31.56 9.33859 41.0534 5.92941
76.6 31.5981 9.32619 41.0222 5.94181
76.7 31.6362 9.31379 40.9908 5.95421
76.8 31.6743 9.30138 40.9595 5.96662
76.9 31.7123 9.28897 40.9281 5.97903
77 31.7504 9.27655 40.8966 5.99145
77.1 31.7884 9.26413 40.8652 6.00387
77.2 31.8264 9.2517 40.8337 6.0163
77.3 31.8644 9.23927 40.8021 6.02873
77.4 31.9024 9.22683 40.7705 6.04117
77.5 31.9403 9.21439 40.7389 6.05361
77.6 31.9783 9.20194 40.7072 6.06606
77.7 32.0162 9.18949 40.6755 6.07851
77.8 32.0541 9.17703 40.6438 6.09097
77.9 32.092 9.16457 40.612 6.10343
78 32.1299 9.1521 40.5802 6.1159
78.1 32.1678 9.13963 40.5483 6.12837
78.2 32.2056 9.12715 40.5164 6.14085
78.3 32.2434 9.11467 40.4845 6.15333
78.4 32.2813 9.10219 40.4526 6.16581
78.5 32.3191 9.0897 40.4206 6.1783
78.6 32.3568 9.0772 40.3885 6.1908
78.7 32.3946 9.06471 40.3564 6.20329
78.8 32.4323 9.0522 40.3243 6.2158
78.9 32.4701 9.0397 40.2922 6.2283
79 32.5078 9.02719 40.26 6.24081
79.1 32.5455 9.01467 40.2278 6.25333
79.2 32.5832 9.00215 40.1956 6.26585
79.3 32.6208 8.98963 40.1633 6.27837
79.4 32.6585 8.9771 40.1309 6.2909
79.5 32.6961 8.96457 40.0986 6.30343
79.6 32.7337 8.95203 40.0662 6.31597
79.7 32.7713 8.93949 40.0338 6.32851
79.8 32.8089 8.92695 40.0013 6.34105
79.9 32.8464 8.9144 39.9688 6.3536
80 32.884 8.90185 39.9363 6.36615
80.1 32.9215 8.88929 39.9037 6.37871
80.2 32.959 8.87673 39.8711 6.39127
80.3 32.9965 8.86417 39.8385 6.40383
80.4 33.0339 8.8516 39.8058 6.4164
80.5 33.0714 8.83903 39.7731 6.42897
80.6 33.1088 8.82646 39.7404 6.44154
80.7 33.1462 8.81388 39.7076 6.45412
80.8 33.1836 8.8013 39.6748 6.4667
80.9 33.221 8.78871 39.642 6.47929
81 33.2584 8.77612 39.6091 6.49188
81.1 33.2957 8.76353 39.5762 6.50447
81.2 33.3331 8.75093 39.5433 6.51707
81.3 33.3704 8.73833 39.5103 6.52967
81.4 33.4076 8.72573 39.4773 6.54227
81.5 33.4449 8.71313 39.4443 6.55487
81.6 33.4822 8.70052 39.4112 6.56748
81.7 33.5194 8.6879 39.3781 6.5801
81.8 33.5566 8.67529 39.345 6.59271
81.9 33.5938 8.66267 39.3118 6.60533
82 33.631 8.65005 39.2786 6.61795
82.1 33.6682 8.63742 39.2454 6.63058
82.2 33.7053 8.6248 39.2121 6.6432
82.3 33.7424 8.61216 39.1788 6.65584
82.4 33.7795 8.59953 39.1455 6.66847
82.5 33.8166 8.58689 39.1122 6.68111
82.6 33.8537 8.57425 39.0788 6.69375
82.7 33.8907 8.56161 39.0454 6.70639
82.8 33.9277 8.54897 39.0119 6.71903
82.9 33.9647 8.53632 38.9784 6.73168
83 34.0017 8.52367 38.9449 6.74433
83.1 34.0387 8.51101 38.9114 6.75699
83.2 34.0757 8.49836 38.8778 6.76964
83.3 34.1126 8.4857 38.8442 6.7823
83.4 34.1495 8.47303 38.8106 6.79497
83.5 34.1864 8.46037 38.7769 6.80763
83.6 34.2233 8.4477 38.7432 6.8203
83.7 34.2601 8.43503 38.7095 6.83297
83.8 34.2969 8.42236 38.6758 6.84564
83.9 34.3338 8.40969 38.642 6.85831
84 34.3705 8.39701 38.6082 6.87099
84.1 34.4073 8.38433 38.5743 6.88367
84.2 34.4441 8.37165 38.5404 6.89635
84.3 34.4808 8.35897 38.5065 6.90903
84.4 34.5175 8.34628 38.4726 6.92172
84.5 34.5542 8.3336 38.4386 6.9344
84.6 34.5909 8.32091 38.4046 6.94709
84.7 34.6275 8.30821 38.3706 6.95979
84.8 34.6642 8.29552 38.3366 6.97248
84.9 34.7008 8.28282 38.3025 6.98518
85 34.7374 8.27013 38.2684 6.99787
85.1 34.7739 8.25743 38.2343 7.01057
85.2 34.8105 8.24472 38.2001 7.02328
85.3 34.847 8.23202 38.1659 7.03598
85.4 34.8835 8.21931 38.1317 7.04869
85.5 34.92 8.20661 38.0974 7.06139
85.6 34.9565 8.1939 38.0632 7.0741
85.7 34.9929 8.18119 38.0288 7.08681
85.8 35.0293 8.16847 37.9945 7.09953
85.9 35.0657 8.15576 37.9601 7.11224
86 35.1021 8.14304 37.9258 7.12496
86.1 35.1385 8.13033 37.8913 7.13767
86.2 35.1748 8.11761 37.8569 7.15039
86.3 35.2111 8.10489 37.8224 7.16311
86.4 35.2474 8.09217 37.7879 7.17583
86.5 35.2837 8.07944 37.7534 7.18856
86.6 35.32 8.06672 37.7188 7.20128
86.7 35.3562 8.05399 37.6842 7.21401
86.8 35.3924 8.04127 37.6496 7.22673
86.9 35.4286 8.02854 37.615 7.23946
87 35.4648 8.01581 37.5803 7.25219
87.1 35.5009 8.00308 37.5456 7.26492
87.2 35.537 7.99035 37.5109 7.27765
87.3 35.5731 7.97761 37.4762 7.29039
87.4 35.6092 7.96488 37.4414 7.30312
87.5 35.6453 7.95215 37.4066 7.31585
87.6 35.6813 7.93941 37.3718 7.32859
87.7 35.7173 7.92667 37.3369 7.34133
87.8 35.7533 7.91394 37.3021 7.35406
87.9 35.7893 7.9012 37.2672 7.3668
88 35.8252 7.88846 37.2322 7.37954
88.1 35.8611 7.87572 37.1973 7.39228
88.2 35.897 7.86298 37.1623 7.40502
88.3 35.9329 7.85023 37.1273 7.41777
88.4 35.9687 7.83749 37.0923 7.43051
88.5 36.0046 7.82475 37.0572 7.44325
88.6 36.0404 7.81201 37.0221 7.45599
88.7 36.0762 7.79926 36.987 7.46874
88.8 36.1119 7.78652 36.9519 7.48148
88.9 36.1477 7.77377 36.9167 7.49423
89 36.1834 7.76103 36.8815 7.50697
89.1 36.2191 7.74828 36.8463 7.51972
89.2 36.2547 7.73554 36.8111 7.53246
89.3 36.2904 7.72279 36.7758 7.54521
89.4 36.326 7.71004 36.7405 7.55796
89.5 36.3616 7.6973 36.7052 7.5707
89.6 36.3971 7.68455 36.6699 7.58345
89.7 36.4327 7.6718 36.6345 7.5962
89.8 36.4682 7.65905 36.5991 7.60895
89.9 36.5037 7.64631 36.5637 7.62169
90 36.5392 7.63356 36.5283 7.63444
90.1 36.5746 7.62081 36.4929 7.64719
90.2 36.6101 7.60806 36.4574 7.65994
90.3 36.6455 7.59532 36.4219 7.67268
90.4 36.6808 7.58257 36.3863 7.68543
90.5 36.7162 7.56982 36.3508 7.69818
90.6 36.7515 7.55708 36.3152 7.71092
90.7 36.7868 7.54433 36.2796 7.72367
90.8 36.8221 7.53158 36.244 7.73642
90.9 36.8574 7.51884 36.2083 7.74916
91 36.8926 7.50609 36.1727 7.76191
91.1 36.9278 7.49335 36.137 7.77465
91.2 36.963 7.4806 36.1013 7.7874
91.3 36.9981 7.46786 36.0655 7.80014
91.4 37.0332 7.45511 36.0297 7.81289
91.5 37.0684 7.44237 35.994 7.82563
91.6 37.1034 7.42963 35.9581 7.83837
91.7 37.1385 7.41688 35.9223 7.85112
91.8 37.1735 7.40414 35.8865 7.86386
91.9 37.2085 7.3914 35.8506 7.8766
92 37.2435 7.37866 35.8147 7.88934
92.1 37.2784 7.36592 35.7787 7.90208
92.2 37.3133 7.35318 35.7428 7.91482
92.3 37.3482 7.34045 35.7068 7.92755
92.4 37.3831 7.32771 35.6708 7.94029
92.5 37.418 7.31497 35.6348 7.95303
92.6 37.4528 7.30224 35.5988 7.96576
92.7 37.4876 7.2895 35.5627 7.9785
92.8 37.5223 7.27677 35.5266 7.99123
92.9 37.5571 7.26404 35.4905 8.00396
93 37.5918 7.25131 35.4544 8.01669
93.1 37.6265 7.23858 35.4183 8.02942
93.2 37.6611 7.22585 35.3821 8.04215
93.3 37.6957 7.21312 35.3459 8.05488
93.4 37.7303 7.2004 35.3097 8.0676
93.5 37.7649 7.18767 35.2734 8.08033
93.6 37.7995 7.17495 35.2372 8.09305
93.7 37.834 7.16223 35.2009 8.10577
93.8 37.8685 7.14951 35.1646 8.11849
93.9 37.9029 7.13679 35.1283 8.13121
94 37.9374 7.12407 35.0919 8.14393
94.1 37.9718 7.11136 35.0556 8.15664
94.2 38.0062 7.09864 35.0192 8.16936
94.3 38.0405 7.08593 34.9828 8.18207
94.4 38.0749 7.07322 34.9464 8.19478
94.5 38.1092 7.06051 34.9099 8.20749
94.6 38.1434 7.0478 34.8734 8.2202
94.7 38.1777 7.0351 34.837 8.2329
94.8 38.2119 7.02239 34.8004 8.24561
94.9 38.2461 7.00969 34.7639 8.25831
95 38.2802 6.99699 34.7274 8.27101
95.1 38.3143 6.98429 34.6908 8.28371
95.2 38.3484 6.9716 34.6542 8.2964
95.3 38.3825 6.9589 34.6176 8.3091
95.4 38.4166 6.94621 34.5809 8.32179
95.5 38.4506 6.93352 34.5443 8.33448
95.6 38.4845 6.92083 34.5076 8.34717
95.7 38.5185 6.90815 34.4709 8.35985
95.8 38.5524 6.89547 34.4342 8.37253
95.9 38.5863 6.88278 34.3975 8.38522
96 38.6202 6.87011 34.3607 8.39789
96.1 38.654 6.85743 34.3239 8.41057
96.2 38.6878 6.84476 34.2871 8.42324
96.3 38.7216 6.83208 34.2503 8.43592
96.4 38.7553 6.81941 34.2135 8.44859
96.5 38.789 6.80675 34.1766 8.46125
96.6 38.8227 6.79408 34.1398 8.47392
96.7 38.8564 6.78142 34.1029 8.48658
96.8 38.89 6.76876 34.0659 8.49924
96.9 38.9236 6.75611 34.029 8.51189
97 38.9572 6.74345 33.9921 8.52455
97.1 38.9907 6.7308 33.9551 8.5372
97.2 39.0242 6.71815 33.9181 8.54985
97.3 39.0577 6.70551 33.8811 8.56249
97.4 39.0911 6.69286 33.8441 8.57514
97.5 39.1245 6.68022 33.807 8.58778
97.6 39.1579 6.66759 33.7699 8.60041
97.7 39.1912 6.65495 33.7329 8.61305
97.8 39.2245 6.64232 33.6958 8.62568
97.9 39.2578 6.62969 33.6586 8.63831
98 39.2911 6.61707 33.6215 8.65093
98.1 39.3243 6.60445 33.5843 8.66355
98.2 39.3575 6.59183 33.5471 8.67617
98.3 39.3906 6.57921 33.5099 8.68879
98.4 39.4237 6.5666 33.4727 8.7014
98.5 39.4568 6.55399 33.4355 8.71401
98.6 39.4899 6.54139 33.3982 8.72661
98.7 39.5229 6.52878 33.361 8.73922
98.8 39.5559 6.51618 33.3237 8.75182
98.9 39.5888 6.50359 33.2864 8.76441
99 39.6218 6.491 33.249 8.777
99.1 39.6546 6.47841 33.2117 8.78959
99.2 39.6875 6.46582 33.1743 8.80218
99.3 39.7203 6.45324 33.1369 8.81476
99.4 39.7531 6.44066 33.0995 8.82734
99.5 39.7859 6.42809 33.0621 8.83991
99.6 39.8186 6.41552 33.0247 8.85248
99.7 39.8513 6.40295 32.9872 8.86505
99.8 39.8839 6.39039 32.9498 8.87761
99.9 39.9166 6.37783 32.9123 8.89017
100 39.9491 6.36527 32.8748 8.90273
100.1 39.9817 6.35272 32.8372 8.91528
100.2 40.0142 6.34017 32.7997 8.92783
100.3 40.0467 6.32763 32.7621 8.94037
100.4 40.0791 6.31509 32.7246 8.95291
100.5 40.1115 6.30255 32.687 8.96545
100.6 40.1439 6.29002 32.6494 8.97798
100.7 40.1763 6.27749 32.6117 8.99051
100.8 40.2086 6.26497 32.5741 9.00303
100.9 40.2408 6.25245 32.5364 9.01555
101 40.2731 6.23993 32.4988 9.02807
101.1 40.3053 6.22742 32.4611 9.04058
101.2 40.3374 6.21491 32.4233 9.05309
101.3 40.3696 6.20241 32.3856 9.06559
101.4 40.4017 6.18991 32.3479 9.07809
101.5 40.4337 6.17742 32.3101 9.09058
101.6 40.4658 6.16493 32.2723 9.10307
101.7 40.4977 6.15245 32.2345 9.11555
101.8 40.5297 6.13996 32.1967 9.12804
101.9 40.5616 6.12749 32.1589 9.14051
102 40.5935 6.11502 32.121 9.15298
102.1 40.6253 6.10255 32.0832 9.16545
102.2 40.6571 6.09009 32.0453 9.17791
102.3 40.6889 6.07763 32.0074 9.19037
102.4 40.7206 6.06518 31.9695 9.20282
102.5 40.7523 6.05273 31.9315 9.21527
102.6 40.7839 6.04029 31.8936 9.22771
102.7 40.8155 6.02785 31.8556 9.24015
102.8 40.8471 6.01542 31.8177 9.25258
102.9 40.8787 6.00299 31.7797 9.26501
103 40.9102 5.99057 31.7417 9.27743
103.1 40.9416 5.97815 31.7036 9.28985
103.2 40.973 5.96573 31.6656 9.30227
103.3 41.0044 5.95333 31.6275 9.31467
103.4 41.0358 5.94092 31.5895 9.32708
103.5 41.0671 5.92853 31.5514 9.33947
103.6 41.0983 5.91613 31.5133 9.35187
103.7 41.1296 5.90375 31.4751 9.36425
103.8 41.1607 5.89136 31.437 9.37664
103.9 41.1919 5.87899 31.3988 9.38901
104 41.223 5.86661 31.3607 9.40139
104.1 41.2541 5.85425 31.3225 9.41375
104.2 41.2851 5.84189 31.2843 9.42611
104.3 41.3161 5.82953 31.2461 9.43847
104.4 41.347 5.81718 31.2078 9.45082
104.5 41.3779 5.80484 31.1696 9.46316
104.6 41.4088 5.7925 31.1313 9.4755
104.7 41.4396 5.78017 31.0931 9.48783
104.8 41.4704 5.76784 31.0548 9.50016
104.9 41.5012 5.75552 31.0165 9.51248
105 41.5319 5.7432 30.9781 9.5248
105.1 41.5625 5.73089 30.9398 9.53711
105.2 41.5931 5.71859 30.9015 9.54941
105.3 41.6237 5.70629 30.8631 9.56171
105.4 41.6543 5.694 30.8247 9.574
105.5 41.6847 5.68171 30.7863 9.58629
105.6 41.7152 5.66943 30.7479 9.59857
105.7 41.7456 5.65715 30.7095 9.61085
105.8 41.776 5.64488 30.671 9.62312
105.9 41.8063 5.63262 30.6326 9.63538
106 41.8366 5.62036 30.5941 9.64764
106.1 41.8668 5.60811 30.5556 9.65989
106.2 41.897 5.59587 30.5171 9.67213
106.3 41.9272 5.58363 30.4786 9.68437
106.4 41.9573 5.5714 30.4401 9.6966
106.5 41.9873 5.55917 30.4015 9.70883
106.6 42.0174 5.54695 30.363 9.72105
106.7 42.0473 5.53474 30.3244 9.73326
106.8 42.0773 5.52253 30.2858 9.74547
106.9 42.1072 5.51033 30.2472 9.75767
107 42.137 5.49814 30.2086 9.76986
107.1 42.1668 5.48595 30.17 9.78205
107.2 42.1966 5.47377 30.1314 9.79423
107.3 42.2263 5.4616 30.0927 9.8064
107.4 42.2559 5.44943 30.054 9.81857
107.5 42.2855 5.43727 30.0153 9.83073
107.6 42.3151 5.42512 29.9766 9.84288
107.7 42.3446 5.41297 29.9379 9.85503
107.8 42.3741 5.40083 29.8992 9.86717
107.9 42.4036 5.38869 29.8605 9.87931
108 42.4329 5.37657 29.8217 9.89143
108.1 42.4623 5.36445 29.7829 9.90355
108.2 42.4916 5.35233 29.7442 9.91567
108.3 42.5208 5.34023 29.7054 9.92777
108.4 42.55 5.32813 29.6666 9.93987
108.5 42.5792 5.31604 29.6277 9.95196
108.6 42.6083 5.30395 29.5889 9.96405
108.7 42.6373 5.29187 29.5501 9.97613
108.8 42.6664 5.2798 29.5112 9.9882
108.9 42.6953 5.26774 29.4723 10.0003
109 42.7242 5.25568 29.4334 10.0123
109.1 42.7531 5.24363 29.3945 10.0244
109.2 42.7819 5.23159 29.3556 10.0364
109.3 42.8107 5.21955 29.3167 10.0484
109.4 42.8394 5.20753 29.2777 10.0605
109.5 42.8681 5.19551 29.2388 10.0725
109.6 42.8967 5.18349 29.1998 10.0845
109.7 42.9253 5.17149 29.1608 10.0965
109.8 42.9538 5.15949 29.1218 10.1085
109.9 42.9823 5.1475 29.0828 10.1205
110 43.0107 5.13552 29.0438 10.1325
110.1 43.0391 5.12354 29.0048 10.1445
110.2 43.0674 5.11158 28.9657 10.1564
110.3 43.0956 5.09962 28.9267 10.1684
110.4 43.1239 5.08767 28.8876 10.1803
110.5 43.152 5.07572 28.8485 10.1923
110.6 43.1802 5.06378 28.8094 10.2042
110.7 43.2082 5.05186 28.7703 10.2161
110.8 43.2362 5.03994 28.7312 10.2281
110.9 43.2642 5.02802 28.692 10.24
111 43.2921 5.01612 28.6529 10.2519
111.1 43.32 5.00422 28.6137 10.2638
111.2 43.3478 4.99233 28.5746 10.2757
111.3 43.3755 4.98045 28.5354 10.2875
111.4 43.4032 4.96858 28.4962 10.2994
111.5 43.4309 4.95671 28.457 10.3113
111.6 43.4584 4.94486 28.4177 10.3231
111.7 43.486 4.93301 28.3785 10.335
111.8 43.5135 4.92117 28.3393 10.3468
111.9 43.5409 4.90934 28.3 10.3587
112 43.5683 4.89751 28.2607 10.3705
112.1 43.5956 4.8857 28.2214 10.3823
112.2 43.6229 4.87389 28.1821 10.3941
112.3 43.6501 4.86209 28.1428 10.4059
112.4 43.6772 4.8503 28.1035 10.4177
112.5 43.7043 4.83852 28.0642 10.4295
112.6 43.7314 4.82675 28.0248 10.4412
112.7 43.7583 4.81499 27.9855 10.453
112.8 43.7853 4.80323 27.9461 10.4648
112.9 43.8121 4.79148 27.9067 10.4765
113 43.839 4.77974 27.8673 10.4883
113.1 43.8657 4.76801 27.8279 10.5
113.2 43.8924 4.75629 27.7885 10.5117
113.3 43.9191 4.74458 27.7491 10.5234
113.4 43.9457 4.73288 27.7096 10.5351
113.5 43.9722 4.72118 27.6702 10.5468
113.6 43.9987 4.7095 27.6307 10.5585
113.7 44.0251 4.69782 27.5913 10.5702
113.8 44.0514 4.68615 27.5518 10.5818
113.9 44.0777 4.67449 27.5123 10.5935
114 44.104 4.66284 27.4728 10.6052
114.1 44.1301 4.6512 27.4332 10.6168
114.2 44.1563 4.63957 27.3937 10.6284
114.3 44.1823 4.62795 27.3542 10.6401
114.4 44.2083 4.61633 27.3146 10.6517
114.5 44.2343 4.60473 27.275 10.6633
114.6 44.2601 4.59314 27.2355 10.6749
114.7 44.2859 4.58155 27.1959 10.6865
114.8 44.3117 4.56997 27.1563 10.698
114.9 44.3374 4.55841 27.1167 10.7096
115 44.363 4.54685 27.077 10.7212
115.1 44.3886 4.5353 27.0374 10.7327
115.2 44.4141 4.52376 26.9978 10.7442
115.3 44.4395 4.51223 26.9581 10.7558
115.4 44.4649 4.50071 26.9184 10.7673
115.5 44.4902 4.4892 26.8788 10.7788
115.6 44.5155 4.4777 26.8391 10.7903
115.7 44.5407 4.46621 26.7994 10.8018
115.8 44.5658 4.45473 26.7597 10.8133
115.9 44.5909 4.44325 26.7199 10.8247
116 44.6159 4.43179 26.6802 10.8362
116.1 44.6408 4.42034 26.6405 10.8477
116.2 44.6657 4.4089 26.6007 10.8591
116.3 44.6905 4.39746 26.561 10.8705
116.4 44.7152 4.38604 26.5212 10.882
116.5 44.7399 4.37463 26.4814 10.8934
116.6 44.7645 4.36322 26.4416 10.9048
116.7 44.7891 4.35183 26.4018 10.9162
116.8 44.8135 4.34045 26.362 10.9276
116.9 44.8379 4.32908 26.3221 10.9389
117 44.8623 4.31771 26.2823 10.9503
117.1 44.8865 4.30636 26.2425 10.9616
117.2 44.9107 4.29502 26.2026 10.973
117.3 44.9349 4.28368 26.1627 10.9843
117.4 44.959 4.27236 26.1228 10.9956
117.5 44.9829 4.26105 26.0829 11.007
117.6 45.0069 4.24975 26.043 11.0183
117.7 45.0307 4.23845 26.0031 11.0295
117.8 45.0545 4.22717 25.9632 11.0408
117.9 45.0782 4.2159 25.9233 11.0521
118 45.1019 4.20464 25.8833 11.0634
118.1 45.1255 4.19339 25.8434 11.0746
118.2 45.149 4.18215 25.8034 11.0858
118.3 45.1724 4.17092 25.7634 11.0971
118.4 45.1958 4.1597 25.7235 11.1083
118.5 45.2191 4.1485 25.6835 11.1195
118.6 45.2423 4.1373 25.6435 11.1307
118.7 45.2655 4.12611 25.6035 11.1419
118.8 45.2885 4.11494 25.5634 11.1531
118.9 45.3115 4.10377 25.5234 11.1642
119 45.3345 4.09262 25.4834 11.1754
119.1 45.3573 4.08147 25.4433 11.1865
119.2 45.3801 4.07034 25.4032 11.1977
119.3 45.4028 4.05922 25.3632 11.2088
119.4 45.4254 4.04811 25.3231 11.2199
119.5 45.448 4.03701 25.283 11.231
119.6 45.4705 4.02592 25.2429 11.2421
119.7 45.4929 4.01484 25.2028 11.2532
119.8 45.5152 4.00377 25.1627 11.2642
119.9 45.5375 3.99271 25.1225 11.2753
120 45.5596 3.98167 25.0824 11.2863
120.1 45.5817 3.97063 25.0422 11.2974
120.2 45.6038 3.95961 25.0021 11.3084
120.3 45.6257 3.9486 24.9619 11.3194
120.4 45.6476 3.9376 24.9217 11.3304
120.5 45.6694 3.92661 24.8815 11.3414
120.6 45.6911 3.91563 24.8413 11.3524
120.7 45.7127 3.90467 24.8011 11.3633
120.8 45.7342 3.89371 24.7609 11.3743
120.9 45.7557 3.88277 24.7207 11.3852
121 45.7771 3.87183 24.6804 11.3962
121.1 45.7984 3.86091 24.6402 11.4071
121.2 45.8196 3.85 24.5999 11.418
121.3 45.8408 3.83911 24.5597 11.4289
121.4 45.8618 3.82822 24.5194 11.4398
121.5 45.8828 3.81734 24.4791 11.4507
121.6 45.9037 3.80648 24.4388 11.4615
121.7 45.9245 3.79563 24.3985 11.4724
121.8 45.9452 3.78479 24.3582 11.4832
121.9 45.9659 3.77396 24.3179 11.494
122 45.9864 3.76315 24.2776 11.5049
122.1 46.0069 3.75234 24.2372 11.5157
122.2 46.0273 3.74155 24.1969 11.5265
122.3 46.0476 3.73077 24.1565 11.5372
122.4 46.0678 3.72 24.1162 11.548
122.5 46.088 3.70924 24.0758 11.5588
122.6 46.108 3.6985 24.0354 11.5695
122.7 46.128 3.68776 23.995 11.5802
122.8 46.1479 3.67704 23.9546 11.591
122.9 46.1676 3.66633 23.9142 11.6017
123 46.1873 3.65564 23.8738 11.6124
123.1 46.2069 3.64495 23.8334 11.623
123.2 46.2265 3.63428 23.7929 11.6337
123.3 46.2459 3.62362 23.7525 11.6444
123.4 46.2652 3.61297 23.712 11.655
123.5 46.2845 3.60233 23.6716 11.6657
123.6 46.3036 3.59171 23.6311 11.6763
123.7 46.3227 3.5811 23.5906 11.6869
123.8 46.3417 3.5705 23.5502 11.6975
123.9 46.3606 3.55991 23.5097 11.7081
124 46.3794 3.54934 23.4692 11.7187
124.1 46.398 3.53877 23.4286 11.7292
124.2 46.4167 3.52823 23.3881 11.7398
124.3 46.4352 3.51769 23.3476 11.7503
124.4 46.4536 3.50716 23.3071 11.7608
124.5 46.4719 3.49665 23.2665 11.7713
124.6 46.4901 3.48615 23.226 11.7818
124.7 46.5082 3.47567 23.1854 11.7923
124.8 46.5263 3.46519 23.1448 11.8028
124.9 46.5442 3.45473 23.1042 11.8133
125 46.5621 3.44428 23.0637 11.8237
125.1 46.5798 3.43385 23.0231 11.8342
125.2 46.5974 3.42342 22.9824 11.8446
125.3 46.615 3.41301 22.9418 11.855
125.4 46.6324 3.40262 22.9012 11.8654
125.5 46.6498 3.39223 22.8606 11.8758
125.6 46.667 3.38186 22.8199 11.8861
125.7 46.6842 3.3715 22.7793 11.8965
125.8 46.7012 3.36116 22.7387 11.9068
125.9 46.7182 3.35082 22.698 11.9172
126 46.735 3.3405 22.6573 11.9275
126.1 46.7517 3.3302 22.6166 11.9378
126.2 46.7684 3.3199 22.576 11.9481
126.3 46.7849 3.30962 22.5353 11.9584
126.4 46.8013 3.29936 22.4946 11.9686
126.5 46.8176 3.2891 22.4539 11.9789
126.6 46.8339 3.27886 22.4131 11.9891
126.7 46.85 3.26864 22.3724 11.9994
126.8 46.866 3.25842 22.3317 12.0096
126.9 46.8819 3.24822 22.2909 12.0198
127 46.8977 3.23803 22.2502 12.03
127.1 46.9134 3.22786 22.2094 12.0401
127.2 46.9289 3.2177 22.1687 12.0503
127.3 46.9444 3.20755 22.1279 12.0604
127.4 46.9598 3.19742 22.0871 12.0706
127.5 46.975 3.1873 22.0463 12.0807
127.6 46.9901 3.17719 22.0055 12.0908
127.7 47.0052 3.1671 21.9647 12.1009
127.8 47.0201 3.15702 21.9239 12.111
127.9 47.0349 3.14695 21.8831 12.121
128 47.0496 3.1369 21.8423 12.1311
128.1 47.0642 3.12686 21.8014 12.1411
128.2 47.0786 3.11684 21.7606 12.1512
128.3 47.093 3.10683 21.7197 12.1612
128.4 47.1072 3.09683 21.6789 12.1712
128.5 47.1213 3.08685 21.638 12.1812
128.6 47.1353 3.07688 21.5972 12.1911
128.7 47.1492 3.06692 21.5563 12.2011
128.8 47.163 3.05698 21.5154 12.211
128.9 47.1766 3.04705 21.4745 12.2209
129 47.1901 3.03714 21.4336 12.2309
129.1 47.2036 3.02724 21.3927 12.2408
129.2 47.2169 3.01736 21.3518 12.2506
129.3 47.23 3.00748 21.3109 12.2605
129.4 47.2431 2.99763 21.2699 12.2704
129.5 47.256 2.98778 21.229 12.2802
129.6 47.2688 2.97795 21.188 12.29
129.7 47.2815 2.96814 21.1471 12.2999
129.8 47.2941 2.95834 21.1061 12.3097
129.9 47.3065 2.94855 21.0652 12.3194
130 47.3188 2.93878 21.0242 12.3292
130.1 47.331 2.92902 20.9832 12.339
130.2 47.343 2.91928 20.9422 12.3487
130.3 47.355 2.90955 20.9012 12.3585
130.4 47.3668 2.89983 20.8602 12.3682
130.5 47.3785 2.89013 20.8192 12.3779
130.6 47.39 2.88045 20.7782 12.3876
130.7 47.4014 2.87078 20.7372 12.3972
130.8 47.4127 2.86112 20.6962 12.4069
130.9 47.4239 2.85148 20.6551 12.4165
131 47.4349 2.84185 20.6141 12.4262
131.1 47.4458 2.83223 20.573 12.4358
131.2 47.4566 2.82264 20.532 12.4454
131.3 47.4672 2.81305 20.4909 12.4549
131.4 47.4777 2.80348 20.4498 12.4645
131.5 47.488 2.79393 20.4088 12.4741
131.6 47.4983 2.78439 20.3677 12.4836
131.7 47.5084 2.77486 20.3266 12.4931
131.8 47.5183 2.76535 20.2855 12.5026
131.9 47.5281 2.75586 20.2444 12.5121
132 47.5378 2.74638 20.2033 12.5216
132.1 47.5473 2.73691 20.1622 12.5311
132.2 47.5567 2.72746 20.121 12.5405
132.3 47.566 2.71802 20.0799 12.55
132.4 47.5751 2.7086 20.0388 12.5594
132.5 47.5841 2.6992 19.9976 12.5688
132.6 47.5929 2.68981 19.9565 12.5782
132.7 47.6016 2.68043 19.9153 12.5876
132.8 47.6101 2.67107 19.8741 12.5969
132.9 47.6185 2.66172 19.833 12.6063
133 47.6267 2.65239 19.7918 12.6156
133.1 47.6348 2.64308 19.7506 12.6249
133.2 47.6428 2.63378 19.7094 12.6342
133.3 47.6506 2.62449 19.6682 12.6435
133.4 47.6582 2.61522 19.627 12.6528
133.5 47.6657 2.60597 19.5858 12.662
133.6 47.6731 2.59673 19.5446 12.6713
133.7 47.6803 2.58751 19.5034 12.6805
133.8 47.6873 2.5783 19.4621 12.6897
133.9 47.6942 2.5691 19.4209 12.6989
134 47.701 2.55993 19.3797 12.7081
134.1 47.7076 2.55076 19.3384 12.7172
134.2 47.714 2.54162 19.2972 12.7264
134.3 47.7203 2.53249 19.2559 12.7355
134.4 47.7264 2.52337 19.2146 12.7446
134.5 47.7323 2.51427 19.1734 12.7537
134.6 47.7381 2.50519 19.1321 12.7628
134.7 47.7437 2.49612 19.0908 12.7719
134.8 47.7492 2.48707 19.0495 12.7809
134.9 47.7545 2.47803 19.0082 12.79
135 47.7597 2.46901 18.9669 12.799
135.1 47.7647 2.46 18.9256 12.808
135.2 47.7695 2.45101 18.8843 12.817
135.3 47.7741 2.44204 18.843 12.826
135.4 47.7786 2.43308 18.8016 12.8349
135.5 47.7829 2.42413 18.7603 12.8439
135.6 47.7871 2.41521 18.719 12.8528
135.7 47.7911 2.4063 18.6776 12.8617
135.8 47.7949 2.3974 18.6363 12.8706
135.9 47.7985 2.38852 18.5949 12.8795
136 47.802 2.37966 18.5536 12.8883
136.1 47.8053 2.37081 18.5122 12.8972
136.2 47.8084 2.36198 18.4708 12.906
136.3 47.8113 2.35317 18.4294 12.9148
136.4 47.8141 2.34437 18.388 12.9236
136.5 47.8167 2.33558 18.3467 12.9324
136.6 47.8191 2.32682 18.3053 12.9412
136.7 47.8213 2.31807 18.2638 12.9499
136.8 47.8234 2.30933 18.2224 12.9587
136.9 47.8252 2.30061 18.181 12.9674
137 47.8269 2.29191 18.1396 12.9761
137.1 47.8284 2.28323 18.0982 12.9848
137.2 47.8297 2.27456 18.0567 12.9934
137.3 47.8309 2.2659 18.0153 13.0021
137.4 47.8318 2.25727 17.9739 13.0107
137.5 47.8326 2.24865 17.9324 13.0194
137.6 47.8331 2.24004 17.891 13.028
137.7 47.8335 2.23146 17.8495 13.0365
137.8 47.8337 2.22288 17.808 13.0451
137.9 47.8337 2.21433 17.7666 13.0537
138 47.8335 2.20579 17.7251 13.0622
138.1 47.8331 2.19727 17.6836 13.0707
138.2 47.8325 2.18877 17.6421 13.0792
138.3 47.8317 2.18028 17.6006 13.0877
138.4 47.8307 2.17181 17.5591 13.0962
138.5 47.8295 2.16335 17.5176 13.1046
138.6 47.8281 2.15491 17.4761 13.1131
138.7 47.8266 2.14649 17.4346 13.1215
138.8 47.8248 2.13809 17.3931 13.1299
138.9 47.8228 2.1297 17.3515 13.1383
139 47.8206 2.12133 17.31 13.1467
139.1 47.8182 2.11297 17.2685 13.155
139.2 47.8156 2.10463 17.2269 13.1634
139.3 47.8127 2.09631 17.1854 13.1717
139.4 47.8097 2.08801 17.1438 13.18
139.5 47.8065 2.07972 17.1023 13.1883
139.6 47.803 2.07145 17.0607 13.1965
139.7 47.7993 2.0632 17.0191 13.2048
139.8 47.7955 2.05496 16.9775 13.213
139.9 47.7914 2.04674 16.936 13.2213
140 47.7871 2.03854 16.8944 13.2295
140.1 47.7825 2.03035 16.8528 13.2376
140.2 47.7778 2.02218 16.8112 13.2458
140.3 47.7728 2.01403 16.7696 13.254
140.4 47.7676 2.0059 16.728 13.2621
140.5 47.7622 1.99778 16.6864 13.2702
140.6 47.7565 1.98968 16.6448 13.2783
140.7 47.7506 1.9816 16.6031 13.2864
140.8 47.7445 1.97353 16.5615 13.2945
140.9 47.7382 1.96549 16.5199 13.3025
141 47.7316 1.95746 16.4782 13.3105
141.1 47.7248 1.94944 16.4366 13.3186
141.2 47.7178 1.94145 16.395 13.3266
141.3 47.7105 1.93347 16.3533 13.3345
141.4 47.703 1.92551 16.3117 13.3425
141.5 47.6953 1.91756 16.27 13.3504
141.6 47.6873 1.90963 16.2283 13.3584
141.7 47.6791 1.90172 16.1867 13.3663
141.8 47.6706 1.89383 16.145 13.3742
141.9 47.6619 1.88596 16.1033 13.382
142 47.653 1.8781 16.0616 13.3899
142.1 47.6438 1.87026 16.0199 13.3977
142.2 47.6343 1.86244 15.9782 13.4056
142.3 47.6246 1.85464 15.9365 13.4134
142.4 47.6147 1.84685 15.8948 13.4212
142.5 47.6045 1.83908 15.8531 13.4289
142.6 47.594 1.83133 15.8114 13.4367
142.7 47.5833 1.8236 15.7697 13.4444
142.8 47.5724 1.81588 15.728 13.4521
142.9 47.5611 1.80818 15.6862 13.4598
143 47.5496 1.8005 15.6445 13.4675
143.1 47.5379 1.79284 15.6028 13.4752
143.2 47.5259 1.78519 15.561 13.4828
143.3 47.5136 1.77757 15.5193 13.4904
143.4 47.501 1.76996 15.4775 13.498
143.5 47.4882 1.76236 15.4358 13.5056
143.6 47.4751 1.75479 15.394 13.5132
143.7 47.4618 1.74724 15.3522 13.5208
143.8 47.4481 1.7397 15.3105 13.5283
143.9 47.4342 1.73218 15.2687 13.5358
144 47.42 1.72468 15.2269 13.5433
144.1 47.4055 1.71719 15.1851 13.5508
144.2 47.3908 1.70973 15.1433 13.5583
144.3 47.3758 1.70228 15.1015 13.5657
144.4 47.3604 1.69485 15.0597 13.5732
144.5 47.3448 1.68744 15.0179 13.5806
144.6 47.3289 1.68004 14.9761 13.588
144.7 47.3127 1.67267 14.9343 13.5953
144.8 47.2963 1.66531 14.8925 13.6027
144.9 47.2795 1.65797 14.8507 13.61
145 47.2624 1.65065 14.8089 13.6173
145.1 47.2451 1.64335 14.767 13.6247
145.2 47.2274 1.63607 14.7252 13.6319
145.3 47.2094 1.6288 14.6834 13.6392
145.4 47.1912 1.62155 14.6415 13.6464
145.5 47.1726 1.61432 14.5997 13.6537
145.6 47.1537 1.60711 14.5578 13.6609
145.7 47.1345 1.59992 14.516 13.6681
145.8 47.115 1.59274 14.4741 13.6753
145.9 47.0952 1.58559 14.4323 13.6824
146 47.0751 1.57845 14.3904 13.6895
146.1 47.0546 1.57133 14.3485 13.6967
146.2 47.0338 1.56423 14.3066 13.7038
146.3 47.0127 1.55715 14.2648 13.7109
146.4 46.9913 1.55009 14.2229 13.7179
146.5 46.9696 1.54304 14.181 13.725
146.6 46.9475 1.53601 14.1391 13.732
146.7 46.9251 1.52901 14.0972 13.739
146.8 46.9024 1.52202 14.0553 13.746
146.9 46.8793 1.51505 14.0134 13.753
147 46.8559 1.50809 13.9715 13.7599
147.1 46.8322 1.50116 13.9296 13.7668
147.2 46.8081 1.49425 13.8877 13.7738
147.3 46.7837 1.48735 13.8457 13.7807
147.4 46.7589 1.48047 13.8038 13.7875
147.5 46.7338 1.47361 13.7619 13.7944
147.6 46.7083 1.46677 13.72 13.8012
147.7 46.6825 1.45995 13.678 13.808
147.8 46.6563 1.45315 13.6361 13.8149
147.9 46.6298 1.44637 13.5941 13.8216
148 46.6029 1.4396 13.5522 13.8284
148.1 46.5756 1.43286 13.5102 13.8351
148.2 46.548 1.42613 13.4683 13.8419
148.3 46.52 1.41942 13.4263 13.8486
148.4 46.4917 1.41273 13.3844 13.8553
148.5 46.463 1.40606 13.3424 13.8619
148.6 46.4339 1.39941 13.3004 13.8686
148.7 46.4044 1.39278 13.2584 13.8752
148.8 46.3745 1.38617 13.2165 13.8818
148.9 46.3443 1.37957 13.1745 13.8884
149 46.3137 1.373 13.1325 13.895
149.1 46.2827 1.36644 13.0905 13.9016
149.2 46.2513 1.3599 13.0485 13.9081
149.3 46.2195 1.35339 13.0065 13.9146
149.4 46.1873 1.34689 12.9645 13.9211
149.5 46.1547 1.34041 12.9225 13.9276
149.6 46.1218 1.33395 12.8805 13.9341
149.7 46.0884 1.32751 12.8385 13.9405
149.8 46.0546 1.32109 12.7965 13.9469
149.9 46.0204 1.31468 12.7544 13.9533
150 45.9858 1.3083 12.7124 13.9597
150.1 45.9508 1.30194 12.6704 13.9661
150.2 45.9154 1.29559 12.6284 13.9724
150.3 45.8795 1.28927 12.5863 13.9787
150.4 45.8432 1.28296 12.5443 13.985
150.5 45.8065 1.27667 12.5023 13.9913
150.6 45.7694 1.2704 12.4602 13.9976
150.7 45.7319 1.26416 12.4182 14.0038
150.8 45.6939 1.25793 12.3761 14.0101
150.9 45.6554 1.25172 12.334 14.0163
151 45.6166 1.24553 12.292 14.0225
151.1 45.5773 1.23936 12.2499 14.0286
151.2 45.5375 1.23321 12.2079 14.0348
151.3 45.4973 1.22708 12.1658 14.0409
151.4 45.4567 1.22096 12.1237 14.047
151.5 45.4156 1.21487 12.0816 14.0531
151.6 45.374 1.2088 12.0396 14.0592
151.7 45.332 1.20275 11.9975 14.0653
151.8 45.2895 1.19671 11.9554 14.0713
151.9 45.2466 1.1907 11.9133 14.0773
152 45.2031 1.1847 11.8712 14.0833
152.1 45.1592 1.17873 11.8291 14.0893
152.2 45.1149 1.17277 11.787 14.0952
152.3 45.07 1.16684 11.7449 14.1012
152.4 45.0247 1.16092 11.7028 14.1071
152.5 44.9789 1.15503 11.6607 14.113
152.6 44.9326 1.14915 11.6186 14.1188
152.7 44.8858 1.14329 11.5765 14.1247
152.8 44.8385 1.13746 11.5343 14.1305
152.9 44.7907 1.13164 11.4922 14.1364
153 44.7424 1.12584 11.4501 14.1422
153.1 44.6936 1.12007 11.408 14.1479
153.2 44.6442 1.11431 11.3658 14.1537
153.3 44.5944 1.10857 11.3237 14.1594
153.4 44.5441 1.10285 11.2816 14.1651
153.5 44.4932 1.09715 11.2394 14.1708
153.6 44.4418 1.09148 11.1973 14.1765
153.7 44.3899 1.08582 11.1551 14.1822
153.8 44.3374 1.08018 11.113 14.1878
153.9 44.2844 1.07456 11.0708 14.1934
154 44.2309 1.06896 11.0287 14.199
154.1 44.1768 1.06339 10.9865 14.2046
154.2 44.1222 1.05783 10.9443 14.2102
154.3 44.067 1.05229 10.9022 14.2157
154.4 44.0113 1.04677 10.86 14.2212
154.5 43.955 1.04127 10.8178 14.2267
154.6 43.8982 1.0358 10.7756 14.2322
154.7 43.8408 1.03034 10.7335 14.2377
154.8 43.7828 1.0249 10.6913 14.2431
154.9 43.7243 1.01948 10.6491 14.2485
155 43.6651 1.01409 10.6069 14.2539
155.1 43.6054 1.00871 10.5647 14.2593
155.2 43.5451 1.00335 10.5225 14.2646
155.3 43.4843 0.998015 10.4803 14.27
155.4 43.4228 0.992698 10.4381 14.2753
155.5 43.3607 0.987402 10.3959 14.2806
155.6 43.298 0.982126 10.3537 14.2859
155.7 43.2347 0.97687 10.3115 14.2911
155.8 43.1709 0.971634 10.2693 14.2964
155.9 43.1063 0.966419 10.2271 14.3016
156 43.0412 0.961224 10.1849 14.3068
156.1 42.9755 0.956049 10.1427 14.312
156.2 42.9091 0.950894 10.1004 14.3171
156.3 42.8421 0.94576 10.0582 14.3222
156.4 42.7745 0.940647 10.016 14.3274
156.5 42.7062 0.935554 9.97376 14.3324
156.6 42.6373 0.930481 9.93152 14.3375
156.7 42.5677 0.925428 9.88929 14.3426
156.8 42.4974 0.920396 9.84705 14.3476
156.9 42.4266 0.915385 9.80481 14.3526
157 42.355 0.910394 9.76256 14.3576
157.1 42.2828 0.905423 9.72032 14.3626
157.2 42.2099 0.900473 9.67807 14.3675
157.3 42.1364 0.895543 9.63582 14.3725
157.4 42.0621 0.890634 9.59356 14.3774
157.5 41.9872 0.885746 9.5513 14.3823
157.6 41.9116 0.880878 9.50904 14.3871
157.7 41.8352 0.87603 9.46678 14.392
157.8 41.7582 0.871204 9.42452 14.3968
157.9 41.6805 0.866397 9.38225 14.4016
158 41.6021 0.861612 9.33998 14.4064
158.1 41.523 0.856847 9.29771 14.4112
158.2 41.4431 0.852102 9.25543 14.4159
158.3 41.3625 0.847379 9.21315 14.4206
158.4 41.2812 0.842676 9.17087 14.4253
158.5 41.1992 0.837993 9.12859 14.43
158.6 41.1164 0.833332 9.08631 14.4347
158.7 41.0329 0.828691 9.04402 14.4393
158.8 40.9486 0.824071 9.00173 14.4439
158.9 40.8636 0.819471 8.95944 14.4485
159 40.7778 0.814893 8.91714 14.4531
159.1 40.6912 0.810335 8.87484 14.4577
159.2 40.6039 0.805798 8.83254 14.4622
159.3 40.5158 0.801281 8.79024 14.4667
159.4 40.4269 0.796786 8.74794 14.4712
159.5 40.3373 0.792311 8.70563 14.4757
159.6 40.2468 0.787857 8.66332 14.4801
159.7 40.1556 0.783424 8.62101 14.4846
159.8 40.0636 0.779012 8.5787 14.489
159.9 39.9707 0.774621 8.53638 14.4934
160 39.8771 0.77025 8.49406 14.4977
160.1 39.7826 0.765901 8.45174 14.5021
160.2 39.6873 0.761572 8.40942 14.5064
160.3 39.5912 0.757265 8.36709 14.5107
160.4 39.4943 0.752978 8.32476 14.515
160.5 39.3965 0.748713 8.28243 14.5193
160.6 39.2979 0.744468 8.2401 14.5235
160.7 39.1984 0.740244 8.19777 14.5278
160.8 39.0981 0.736041 8.15543 14.532
160.9 38.9969 0.73186 8.11309 14.5361
161 38.8948 0.727699 8.07075 14.5403
161.1 38.7919 0.723559 8.02841 14.5444
161.2 38.6881 0.719441 7.98606 14.5486
161.3 38.5834 0.715343 7.94372 14.5527
161.4 38.4779 0.711267 7.90137 14.5567
161.5 38.3714 0.707211 7.85901 14.5608
161.6 38.2641 0.703177 7.81666 14.5648
161.7 38.1558 0.699164 7.77431 14.5688
161.8 38.0466 0.695172 7.73195 14.5728
161.9 37.9366 0.691201 7.68959 14.5768
162 37.8256 0.687251 7.64723 14.5807
162.1 37.7137 0.683322 7.60486 14.5847
162.2 37.6008 0.679415 7.56249 14.5886
162.3 37.487 0.675529 7.52013 14.5925
162.4 37.3723 0.671664 7.47776 14.5963
162.5 37.2566 0.66782 7.43538 14.6002
162.6 37.14 0.663997 7.39301 14.604
162.7 37.0224 0.660196 7.35063 14.6078
162.8 36.9038 0.656416 7.30826 14.6116
162.9 36.7843 0.652657 7.26588 14.6153
163 36.6638 0.648919 7.22349 14.6191
163.1 36.5423 0.645203 7.18111 14.6228
163.2 36.4198 0.641508 7.13872 14.6265
163.3 36.2963 0.637834 7.09634 14.6302
163.4 36.1719 0.634181 7.05395 14.6338
163.5 36.0464 0.63055 7.01155 14.6374
163.6 35.9199 0.62694 6.96916 14.6411
163.7 35.7924 0.623352 6.92677 14.6446
163.8 35.6639 0.619785 6.88437 14.6482
163.9 35.5343 0.616239 6.84197 14.6518
164 35.4038 0.612715 6.79957 14.6553
164.1 35.2721 0.609212 6.75717 14.6588
164.2 35.1395 0.60573 6.71476 14.6623
164.3 35.0057 0.60227 6.67236 14.6657
164.4 34.871 0.598831 6.62995 14.6692
164.5 34.7351 0.595414 6.58754 14.6726
164.6 34.5982 0.592018 6.54513 14.676
164.7 34.4603 0.588643 6.50271 14.6794
164.8 34.3212 0.58529 6.4603 14.6827
164.9 34.1811 0.581959 6.41788 14.686
165 34.0399 0.578649 6.37546 14.6894
165.1 33.8976 0.57536 6.33304 14.6926
165.2 33.7542 0.572093 6.29062 14.6959
165.3 33.6096 0.568848 6.2482 14.6992
165.4 33.464 0.565624 6.20577 14.7024
165.5 33.3173 0.562421 6.16335 14.7056
165.6 33.1694 0.55924 6.12092 14.7088
165.7 33.0204 0.556081 6.07849 14.7119
165.8 32.8703 0.552943 6.03606 14.7151
165.9 32.7191 0.549827 5.99362 14.7182
166 32.5667 0.546732 5.95119 14.7213
166.1 32.4132 0.543659 5.90875 14.7243
166.2 32.2585 0.540607 5.86631 14.7274
166.3 32.1026 0.537578 5.82387 14.7304
166.4 31.9456 0.534569 5.78143 14.7334
166.5 31.7875 0.531583 5.73899 14.7364
166.6 31.6282 0.528618 5.69655 14.7394
166.7 31.4677 0.525674 5.6541 14.7423
166.8 31.306 0.522752 5.61165 14.7452
166.9 31.1431 0.519852 5.5692 14.7481
167 30.9791 0.516974 5.52675 14.751
167.1 30.8138 0.514117 5.4843 14.7539
167.2 30.6474 0.511282 5.44185 14.7567
167.3 30.4798 0.508469 5.3994 14.7595
167.4 30.3109 0.505677 5.35694 14.7623
167.5 30.1409 0.502907 5.31448 14.7651
167.6 29.9696 0.500159 5.27202 14.7678
167.7 29.7972 0.497433 5.22956 14.7706
167.8 29.6235 0.494728 5.1871 14.7733
167.9 29.4486 0.492045 5.14464 14.776
168 29.2724 0.489384 5.10218 14.7786
168.1 29.0951 0.486744 5.05971 14.7813
168.2 28.9165 0.484127 5.01724 14.7839
168.3 28.7367 0.481531 4.97478 14.7865
168.4 28.5556 0.478956 4.93231 14.789
168.5 28.3733 0.476404 4.88984 14.7916
168.6 28.1897 0.473874 4.84736 14.7941
168.7 28.005 0.471365 4.80489 14.7966
168.8 27.8189 0.468878 4.76242 14.7991
168.9 27.6316 0.466413 4.71994 14.8016
169 27.4431 0.46397 4.67746 14.804
169.1 27.2533 0.461548 4.63499 14.8065
169.2 27.0623 0.459149 4.59251 14.8089
169.3 26.8699 0.456771 4.55003 14.8112
169.4 26.6764 0.454415 4.50754 14.8136
169.5 26.4816 0.452081 4.46506 14.8159
169.6 26.2855 0.449769 4.42258 14.8182
169.7 26.0881 0.447479 4.38009 14.8205
169.8 25.8895 0.44521 4.3376 14.8228
169.9 25.6896 0.442964 4.29512 14.825
170 25.4885 0.440739 4.25263 14.8273
170.1 25.2861 0.438537 4.21014 14.8295
170.2 25.0824 0.436356 4.16765 14.8316
170.3 24.8775 0.434197 4.12516 14.8338
170.4 24.6713 0.43206 4.08266 14.8359
170.5 24.4638 0.429946 4.04017 14.8381
170.6 24.2551 0.427853 3.99767 14.8401
170.7 24.0451 0.425782 3.95518 14.8422
170.8 23.8339 0.423732 3.91268 14.8443
170.9 23.6214 0.421705 3.87018 14.8463
171 23.4076 0.4197 3.82768 14.8483
171.1 23.1926 0.417717 3.78518 14.8503
171.2 22.9763 0.415756 3.74268 14.8522
171.3 22.7588 0.413817 3.70018 14.8542
171.4 22.54 0.4119 3.65767 14.8561
171.5 22.32 0.410004 3.61517 14.858
171.6 22.0987 0.408131 3.57266 14.8599
171.7 21.8762 0.40628 3.53016 14.8617
171.8 21.6524 0.404451 3.48765 14.8635
171.9 21.4275 0.402644 3.44514 14.8654
172 21.2012 0.400858 3.40263 14.8671
172.1 20.9738 0.399095 3.36013 14.8689
172.2 20.7452 0.397354 3.31761 14.8706
172.3 20.5153 0.395635 3.2751 14.8724
172.4 20.2842 0.393938 3.23259 14.8741
172.5 20.0519 0.392263 3.19008 14.8757
172.6 19.8184 0.390611 3.14756 14.8774
172.7 19.5837 0.38898 3.10505 14.879
172.8 19.3479 0.387371 3.06253 14.8806
172.9 19.1108 0.385784 3.02002 14.8822
173 18.8726 0.38422 2.9775 14.8838
173.1 18.6332 0.382677 2.93498 14.8853
173.2 18.3927 0.381157 2.89246 14.8868
173.3 18.1509 0.379659 2.84994 14.8883
173.4 17.9081 0.378182 2.80742 14.8898
173.5 17.6641 0.376728 2.7649 14.8913
173.6 17.419 0.375296 2.72238 14.8927
173.7 17.1728 0.373886 2.67986 14.8941
173.8 16.9254 0.372499 2.63733 14.8955
173.9 16.677 0.371133 2.59481 14.8969
174 16.4274 0.369789 2.55229 14.8982
174.1 16.1768 0.368468 2.50976 14.8995
174.2 15.9251 0.367169 2.46723 14.9008
174.3 15.6724 0.365892 2.42471 14.9021
174.4 15.4186 0.364637 2.38218 14.9034
174.5 15.1637 0.363404 2.33965 14.9046
174.6 14.9078 0.362193 2.29713 14.9058
174.7 14.651 0.361004 2.2546 14.907
174.8 14.3931 0.359838 2.21207 14.9082
174.9 14.1342 0.358694 2.16954 14.9093
175 13.8744 0.357572 2.12701 14.9104
175.1 13.6135 0.356472 2.08447 14.9115
175.2 13.3518 0.355394 2.04194 14.9126
175.3 13.0891 0.354338 1.99941 14.9137
175.4 12.8254 0.353305 1.95688 14.9147
175.5 12.5609 0.352294 1.91434 14.9157
175.6 12.2955 0.351305 1.87181 14.9167
175.7 12.0292 0.350338 1.82928 14.9177
175.8 11.762 0.349393 1.78674 14.9186
175.9 11.494 0.348471 1.74421 14.9195
176 11.2251 0.34757 1.70167 14.9204
176.1 10.9554 0.346692 1.65914 14.9213
176.2 10.685 0.345836 1.6166 14.9222
176.3 10.4137 0.345002 1.57406 14.923
176.4 10.1417 0.344191 1.53152 14.9238
176.5 9.86892 0.343402 1.48899 14.9246
176.6 9.59541 0.342634 1.44645 14.9254
176.7 9.32119 0.34189 1.40391 14.9261
176.8 9.04627 0.341167 1.36137 14.9268
176.9 8.77068 0.340466 1.31883 14.9275
177 8.49442 0.339788 1.27629 14.9282
177.1 8.21753 0.339132 1.23375 14.9289
177.2 7.94001 0.338498 1.19121 14.9295
177.3 7.66189 0.337887 1.14867 14.9301
177.4 7.38318 0.337297 1.10613 14.9307
177.5 7.10391 0.33673 1.06359 14.9313
177.6 6.8241 0.336185 1.02105 14.9318
177.7 6.54376 0.335663 0.978506 14.9323
177.8 6.26292 0.335162 0.935964 14.9328
177.9 5.9816 0.334684 0.893422 14.9333
178 5.69981 0.334228 0.85088 14.9338
178.1 5.41758 0.333794 0.808337 14.9342
178.2 5.13493 0.333383 0.765794 14.9346
178.3 4.85188 0.332993 0.723251 14.935
178.4 4.56845 0.332626 0.680708 14.9354
178.5 4.28466 0.332281 0.638165 14.9357
178.6 4.00054 0.331959 0.595621 14.936
178.7 3.71611 0.331659 0.553077 14.9363
178.8 3.43138 0.33138 0.510533 14.9366
178.9 3.14638 0.331125 0.467989 14.9369
179 2.86114 0.330891 0.425445 14.9371
179.1 2.57567 0.33068 0.382901 14.9373
179.2 2.29 0.330491 0.340357 14.9375
179.3 2.00415 0.330324 0.297812 14.9377
179.4 1.71813 0.330179 0.255268 14.9378
179.5 1.43199 0.330057 0.212723 14.9379
179.6 1.14572 0.329957 0.170179 14.938
179.7 0.859373 0.329879 0.127634 14.9381
179.8 0.572953 0.329823 0.0850894 14.9382
179.9 0.286488 0.32979 0.0425447 14.9382
180 2.01023e-14 0.329779 2.98524e-15 14.9382
