#kinematics calculation of gsgs
#vertex z = 450 mm, E_reaction = 41.844 MeV
#theta_cm, theta3_lab, Ek3_lab, theta4_lab, Ek4_lab
0 0 41.844 180 0
0.1 0.0499533 41.844 89.95 3.1866e-05
0.2 0.0999065 41.8439 89.8999 0.000127464
0.3 0.14986 41.8437 89.8499 0.000286794
0.4 0.199813 41.8435 89.7998 0.000509854
0.5 0.249766 41.8432 89.7498 0.000796646
0.6 0.29972 41.8429 89.6997 0.00114717
0.7 0.349673 41.8424 89.6497 0.00156142
0.8 0.399626 41.842 89.5996 0.00203939
0.9 0.449579 41.8414 89.5496 0.0025811
1 0.499533 41.8408 89.4995 0.00318652
1.1 0.549486 41.8401 89.4495 0.00385567
1.2 0.599439 41.8394 89.3994 0.00458854
1.3 0.649392 41.8386 89.3494 0.00538513
1.4 0.699346 41.8378 89.2993 0.00624543
1.5 0.749299 41.8368 89.2493 0.00716945
1.6 0.799252 41.8358 89.1993 0.00815717
1.7 0.849206 41.8348 89.1492 0.00920861
1.8 0.899159 41.8337 89.0992 0.0103237
1.9 0.949112 41.8325 89.0491 0.0115026
2 0.999065 41.8313 88.9991 0.0127451
2.1 1.04902 41.8299 88.949 0.0140513
2.2 1.09897 41.8286 88.899 0.0154213
2.3 1.14893 41.8271 88.8489 0.0168549
2.4 1.19888 41.8256 88.7989 0.0183521
2.5 1.24883 41.8241 88.7488 0.0199131
2.6 1.29879 41.8225 88.6988 0.0215377
2.7 1.34874 41.8208 88.6487 0.023226
2.8 1.39869 41.819 88.5987 0.024978
2.9 1.44865 41.8172 88.5486 0.0267936
3 1.4986 41.8153 88.4986 0.0286729
3.1 1.54855 41.8134 88.4486 0.0306158
3.2 1.59851 41.8114 88.3985 0.0326223
3.3 1.64846 41.8093 88.3485 0.0346925
3.4 1.69841 41.8072 88.2984 0.0368263
3.5 1.74837 41.805 88.2484 0.0390237
3.6 1.79832 41.8027 88.1983 0.0412848
3.7 1.84827 41.8004 88.1483 0.0436094
3.8 1.89823 41.798 88.0982 0.0459977
3.9 1.94818 41.7956 88.0482 0.0484495
4 1.99813 41.793 87.9981 0.0509649
4.1 2.04809 41.7905 87.9481 0.0535439
4.2 2.09804 41.7878 87.898 0.0561865
4.3 2.14799 41.7851 87.848 0.0588926
4.4 2.19795 41.7823 87.7979 0.0616623
4.5 2.2479 41.7795 87.7479 0.0644955
4.6 2.29785 41.7766 87.6979 0.0673923
4.7 2.34781 41.7736 87.6478 0.0703526
4.8 2.39776 41.7706 87.5978 0.0733764
4.9 2.44771 41.7675 87.5477 0.0764637
5 2.49767 41.7644 87.4977 0.0796145
5.1 2.54762 41.7612 87.4476 0.0828288
5.2 2.59757 41.7579 87.3976 0.0861066
5.3 2.64753 41.7546 87.3475 0.0894479
5.4 2.69748 41.7511 87.2975 0.0928526
5.5 2.74743 41.7477 87.2474 0.0963207
5.6 2.79739 41.7441 87.1974 0.0998523
5.7 2.84734 41.7406 87.1473 0.103447
5.8 2.89729 41.7369 87.0973 0.107106
5.9 2.94725 41.7332 87.0472 0.110828
6 2.9972 41.7294 86.9972 0.114613
6.1 3.04715 41.7255 86.9472 0.118462
6.2 3.09711 41.7216 86.8971 0.122374
6.3 3.14706 41.7177 86.8471 0.126349
6.4 3.19701 41.7136 86.797 0.130388
6.5 3.24697 41.7095 86.747 0.13449
6.6 3.29692 41.7053 86.6969 0.138655
6.7 3.34688 41.7011 86.6469 0.142884
6.8 3.39683 41.6968 86.5968 0.147176
6.9 3.44678 41.6925 86.5468 0.151531
7 3.49674 41.6881 86.4967 0.155949
7.1 3.54669 41.6836 86.4467 0.160431
7.2 3.59664 41.679 86.3966 0.164976
7.3 3.6466 41.6744 86.3466 0.169584
7.4 3.69655 41.6697 86.2965 0.174256
7.5 3.7465 41.665 86.2465 0.178991
7.6 3.79646 41.6602 86.1965 0.183788
7.7 3.84641 41.6554 86.1464 0.188649
7.8 3.89637 41.6504 86.0964 0.193574
7.9 3.94632 41.6454 86.0463 0.198561
8 3.99627 41.6404 85.9963 0.203611
8.1 4.04623 41.6353 85.9462 0.208725
8.2 4.09618 41.6301 85.8962 0.213902
8.3 4.14613 41.6249 85.8461 0.219141
8.4 4.19609 41.6196 85.7961 0.224444
8.5 4.24604 41.6142 85.746 0.22981
8.6 4.296 41.6088 85.696 0.235239
8.7 4.34595 41.6033 85.6459 0.240731
8.8 4.3959 41.5977 85.5959 0.246286
8.9 4.44586 41.5921 85.5459 0.251904
9 4.49581 41.5864 85.4958 0.257585
9.1 4.54576 41.5807 85.4458 0.263328
9.2 4.59572 41.5749 85.3957 0.269135
9.3 4.64567 41.569 85.3457 0.275005
9.4 4.69563 41.5631 85.2956 0.280937
9.5 4.74558 41.5571 85.2456 0.286933
9.6 4.79553 41.551 85.1955 0.292991
9.7 4.84549 41.5449 85.1455 0.299112
9.8 4.89544 41.5387 85.0954 0.305296
9.9 4.9454 41.5325 85.0454 0.311543
10 4.99535 41.5261 84.9953 0.317852
10.1 5.0453 41.5198 84.9453 0.324224
10.2 5.09526 41.5133 84.8953 0.330659
10.3 5.14521 41.5068 84.8452 0.337157
10.4 5.19517 41.5003 84.7952 0.343718
10.5 5.24512 41.4937 84.7451 0.350341
10.6 5.29507 41.487 84.6951 0.357027
10.7 5.34503 41.4802 84.645 0.363775
10.8 5.39498 41.4734 84.595 0.370586
10.9 5.44494 41.4665 84.5449 0.37746
11 5.49489 41.4596 84.4949 0.384396
11.1 5.54484 41.4526 84.4448 0.391395
11.2 5.5948 41.4455 84.3948 0.398456
11.3 5.64475 41.4384 84.3447 0.40558
11.4 5.69471 41.4312 84.2947 0.412766
11.5 5.74466 41.424 84.2447 0.420015
11.6 5.79462 41.4167 84.1946 0.427327
11.7 5.84457 41.4093 84.1446 0.4347
11.8 5.89452 41.4019 84.0945 0.442136
11.9 5.94448 41.3944 84.0445 0.449635
12 5.99443 41.3868 83.9944 0.457196
12.1 6.04439 41.3792 83.9444 0.464819
12.2 6.09434 41.3715 83.8943 0.472505
12.3 6.14429 41.3637 83.8443 0.480252
12.4 6.19425 41.3559 83.7942 0.488063
12.5 6.2442 41.3481 83.7442 0.495935
12.6 6.29416 41.3401 83.6942 0.50387
12.7 6.34411 41.3321 83.6441 0.511866
12.8 6.39407 41.3241 83.5941 0.519925
12.9 6.44402 41.316 83.544 0.528046
13 6.49398 41.3078 83.494 0.53623
13.1 6.54393 41.2995 83.4439 0.544475
13.2 6.59388 41.2912 83.3939 0.552782
13.3 6.64384 41.2828 83.3438 0.561152
13.4 6.69379 41.2744 83.2938 0.569583
13.5 6.74375 41.2659 83.2437 0.578077
13.6 6.7937 41.2574 83.1937 0.586632
13.7 6.84366 41.2488 83.1437 0.595249
13.8 6.89361 41.2401 83.0936 0.603929
13.9 6.94357 41.2313 83.0436 0.61267
14 6.99352 41.2225 82.9935 0.621473
14.1 7.04348 41.2137 82.9435 0.630338
14.2 7.09343 41.2047 82.8934 0.639264
14.3 7.14339 41.1957 82.8434 0.648253
14.4 7.19334 41.1867 82.7933 0.657303
14.5 7.24329 41.1776 82.7433 0.666415
14.6 7.29325 41.1684 82.6932 0.675589
14.7 7.3432 41.1592 82.6432 0.684824
14.8 7.39316 41.1499 82.5932 0.694121
14.9 7.44311 41.1405 82.5431 0.70348
15 7.49307 41.1311 82.4931 0.7129
15.1 7.54302 41.1216 82.443 0.722382
15.2 7.59298 41.1121 82.393 0.731925
15.3 7.64293 41.1025 82.3429 0.74153
15.4 7.69289 41.0928 82.2929 0.751196
15.5 7.74284 41.0831 82.2428 0.760924
15.6 7.7928 41.0733 82.1928 0.770713
15.7 7.84275 41.0634 82.1427 0.780563
15.8 7.89271 41.0535 82.0927 0.790475
15.9 7.94266 41.0436 82.0427 0.800448
16 7.99262 41.0335 81.9926 0.810483
16.1 8.04257 41.0234 81.9426 0.820579
16.2 8.09253 41.0133 81.8925 0.830736
16.3 8.14248 41.003 81.8425 0.840954
16.4 8.19244 40.9928 81.7924 0.851233
16.5 8.24239 40.9824 81.7424 0.861574
16.6 8.29235 40.972 81.6923 0.871975
16.7 8.3423 40.9616 81.6423 0.882438
16.8 8.39226 40.951 81.5923 0.892961
16.9 8.44221 40.9405 81.5422 0.903546
17 8.49217 40.9298 81.4922 0.914192
17.1 8.54213 40.9191 81.4421 0.924899
17.2 8.59208 40.9083 81.3921 0.935666
17.3 8.64204 40.8975 81.342 0.946495
17.4 8.69199 40.8866 81.292 0.957384
17.5 8.74195 40.8757 81.2419 0.968334
17.6 8.7919 40.8647 81.1919 0.979345
17.7 8.84186 40.8536 81.1419 0.990416
17.8 8.89181 40.8425 81.0918 1.00155
17.9 8.94177 40.8313 81.0418 1.01274
18 8.99172 40.82 80.9917 1.024
18.1 9.04168 40.8087 80.9417 1.03531
18.2 9.09164 40.7973 80.8916 1.04668
18.3 9.14159 40.7859 80.8416 1.05812
18.4 9.19155 40.7744 80.7915 1.06962
18.5 9.2415 40.7628 80.7415 1.08117
18.6 9.29146 40.7512 80.6915 1.09279
18.7 9.34141 40.7395 80.6414 1.10447
18.8 9.39137 40.7278 80.5914 1.1162
18.9 9.44133 40.716 80.5413 1.128
19 9.49128 40.7041 80.4913 1.13986
19.1 9.54124 40.6922 80.4412 1.15178
19.2 9.59119 40.6802 80.3912 1.16376
19.3 9.64115 40.6682 80.3411 1.1758
19.4 9.6911 40.6561 80.2911 1.1879
19.5 9.74106 40.6439 80.2411 1.20005
19.6 9.79102 40.6317 80.191 1.21227
19.7 9.84097 40.6194 80.141 1.22455
19.8 9.89093 40.6071 80.0909 1.23689
19.9 9.94088 40.5947 80.0409 1.24929
20 9.99084 40.5822 79.9908 1.26175
20.1 10.0408 40.5697 79.9408 1.27427
20.2 10.0908 40.5572 79.8907 1.28685
20.3 10.1407 40.5445 79.8407 1.29949
20.4 10.1907 40.5318 79.7907 1.31219
20.5 10.2406 40.5191 79.7406 1.32494
20.6 10.2906 40.5062 79.6906 1.33776
20.7 10.3405 40.4934 79.6405 1.35064
20.8 10.3905 40.4804 79.5905 1.36358
20.9 10.4404 40.4674 79.5404 1.37657
21 10.4904 40.4544 79.4904 1.38963
21.1 10.5404 40.4413 79.4404 1.40275
21.2 10.5903 40.4281 79.3903 1.41592
21.3 10.6403 40.4148 79.3403 1.42916
21.4 10.6902 40.4015 79.2902 1.44245
21.5 10.7402 40.3882 79.2402 1.4558
21.6 10.7901 40.3748 79.1901 1.46922
21.7 10.8401 40.3613 79.1401 1.48269
21.8 10.8901 40.3478 79.09 1.49622
21.9 10.94 40.3342 79.04 1.50981
22 10.99 40.3205 78.99 1.52346
22.1 11.0399 40.3068 78.9399 1.53717
22.2 11.0899 40.2931 78.8899 1.55094
22.3 11.1398 40.2792 78.8398 1.56476
22.4 11.1898 40.2654 78.7898 1.57865
22.5 11.2398 40.2514 78.7397 1.59259
22.6 11.2897 40.2374 78.6897 1.6066
22.7 11.3397 40.2233 78.6397 1.62066
22.8 11.3896 40.2092 78.5896 1.63478
22.9 11.4396 40.195 78.5396 1.64896
23 11.4895 40.1808 78.4895 1.6632
23.1 11.5395 40.1665 78.4395 1.67749
23.2 11.5894 40.1521 78.3894 1.69185
23.3 11.6394 40.1377 78.3394 1.70626
23.4 11.6894 40.1233 78.2894 1.72074
23.5 11.7393 40.1087 78.2393 1.73527
23.6 11.7893 40.0941 78.1893 1.74986
23.7 11.8392 40.0795 78.1392 1.76451
23.8 11.8892 40.0648 78.0892 1.77921
23.9 11.9391 40.05 78.0391 1.79398
24 11.9891 40.0352 77.9891 1.8088
24.1 12.0391 40.0203 77.9391 1.82368
24.2 12.089 40.0054 77.889 1.83862
24.3 12.139 39.9904 77.839 1.85362
24.4 12.1889 39.9753 77.7889 1.86868
24.5 12.2389 39.9602 77.7389 1.88379
24.6 12.2889 39.945 77.6888 1.89896
24.7 12.3388 39.9298 77.6388 1.91419
24.8 12.3888 39.9145 77.5888 1.92948
24.9 12.4387 39.8992 77.5387 1.94483
25 12.4887 39.8838 77.4887 1.96023
25.1 12.5386 39.8683 77.4386 1.97569
25.2 12.5886 39.8528 77.3886 1.99121
25.3 12.6386 39.8372 77.3385 2.00678
25.4 12.6885 39.8216 77.2885 2.02242
25.5 12.7385 39.8059 77.2385 2.03811
25.6 12.7884 39.7901 77.1884 2.05386
25.7 12.8384 39.7743 77.1384 2.06967
25.8 12.8883 39.7585 77.0883 2.08553
25.9 12.9383 39.7425 77.0383 2.10145
26 12.9883 39.7266 76.9882 2.11743
26.1 13.0382 39.7105 76.9382 2.13347
26.2 13.0882 39.6944 76.8882 2.14956
26.3 13.1381 39.6783 76.8381 2.16571
26.4 13.1881 39.6621 76.7881 2.18192
26.5 13.2381 39.6458 76.738 2.19818
26.6 13.288 39.6295 76.688 2.21451
26.7 13.338 39.6131 76.638 2.23088
26.8 13.3879 39.5967 76.5879 2.24732
26.9 13.4379 39.5802 76.5379 2.26381
27 13.4878 39.5636 76.4878 2.28036
27.1 13.5378 39.547 76.4378 2.29697
27.2 13.5878 39.5304 76.3877 2.31363
27.3 13.6377 39.5136 76.3377 2.33035
27.4 13.6877 39.4969 76.2877 2.34713
27.5 13.7376 39.48 76.2376 2.36396
27.6 13.7876 39.4632 76.1876 2.38085
27.7 13.8376 39.4462 76.1375 2.39779
27.8 13.8875 39.4292 76.0875 2.4148
27.9 13.9375 39.4121 76.0375 2.43186
28 13.9874 39.395 75.9874 2.44897
28.1 14.0374 39.3779 75.9374 2.46614
28.2 14.0873 39.3606 75.8873 2.48337
28.3 14.1373 39.3433 75.8373 2.50065
28.4 14.1873 39.326 75.7873 2.51799
28.5 14.2372 39.3086 75.7372 2.53539
28.6 14.2872 39.2912 75.6872 2.55284
28.7 14.3371 39.2737 75.6371 2.57035
28.8 14.3871 39.2561 75.5871 2.58791
28.9 14.4371 39.2385 75.537 2.60553
29 14.487 39.2208 75.487 2.62321
29.1 14.537 39.2031 75.437 2.64094
29.2 14.5869 39.1853 75.3869 2.65872
29.3 14.6369 39.1674 75.3369 2.67657
29.4 14.6869 39.1495 75.2868 2.69446
29.5 14.7368 39.1316 75.2368 2.71242
29.6 14.7868 39.1136 75.1868 2.73043
29.7 14.8367 39.0955 75.1367 2.74849
29.8 14.8867 39.0774 75.0867 2.76661
29.9 14.9366 39.0592 75.0366 2.78479
30 14.9866 39.041 74.9866 2.80302
30.1 15.0366 39.0227 74.9366 2.8213
30.2 15.0865 39.0044 74.8865 2.83964
30.3 15.1365 38.986 74.8365 2.85804
30.4 15.1864 38.9675 74.7864 2.87649
30.5 15.2364 38.949 74.7364 2.89499
30.6 15.2864 38.9304 74.6864 2.91356
30.7 15.3363 38.9118 74.6363 2.93217
30.8 15.3863 38.8932 74.5863 2.95084
30.9 15.4362 38.8744 74.5362 2.96957
31 15.4862 38.8557 74.4862 2.98835
31.1 15.5362 38.8368 74.4362 3.00718
31.2 15.5861 38.8179 74.3861 3.02607
31.3 15.6361 38.799 74.3361 3.04501
31.4 15.686 38.78 74.286 3.06401
31.5 15.736 38.7609 74.236 3.08306
31.6 15.786 38.7418 74.186 3.10217
31.7 15.8359 38.7227 74.1359 3.12133
31.8 15.8859 38.7035 74.0859 3.14055
31.9 15.9358 38.6842 74.0358 3.15981
32 15.9858 38.6649 73.9858 3.17914
32.1 16.0358 38.6455 73.9358 3.19852
32.2 16.0857 38.6261 73.8857 3.21795
32.3 16.1357 38.6066 73.8357 3.23743
32.4 16.1856 38.587 73.7856 3.25697
32.5 16.2356 38.5674 73.7356 3.27656
32.6 16.2856 38.5478 73.6856 3.29621
32.7 16.3355 38.5281 73.6355 3.31591
32.8 16.3855 38.5083 73.5855 3.33567
32.9 16.4355 38.4885 73.5354 3.35547
33 16.4854 38.4687 73.4854 3.37533
33.1 16.5354 38.4488 73.4354 3.39525
33.2 16.5853 38.4288 73.3853 3.41522
33.3 16.6353 38.4088 73.3353 3.43524
33.4 16.6853 38.3887 73.2852 3.45531
33.5 16.7352 38.3686 73.2352 3.47544
33.6 16.7852 38.3484 73.1852 3.49562
33.7 16.8351 38.3281 73.1351 3.51586
33.8 16.8851 38.3079 73.0851 3.53614
33.9 16.9351 38.2875 73.0351 3.55648
34 16.985 38.2671 72.985 3.57688
34.1 17.035 38.2467 72.935 3.59732
34.2 17.0849 38.2262 72.8849 3.61782
34.3 17.1349 38.2056 72.8349 3.63837
34.4 17.1849 38.185 72.7849 3.65898
34.5 17.2348 38.1644 72.7348 3.67963
34.6 17.2848 38.1437 72.6848 3.70034
34.7 17.3348 38.1229 72.6347 3.7211
34.8 17.3847 38.1021 72.5847 3.74192
34.9 17.4347 38.0812 72.5347 3.76278
35 17.4846 38.0603 72.4846 3.7837
35.1 17.5346 38.0393 72.4346 3.80467
35.2 17.5846 38.0183 72.3845 3.82569
35.3 17.6345 37.9972 72.3345 3.84677
35.4 17.6845 37.9761 72.2845 3.8679
35.5 17.7344 37.9549 72.2344 3.88908
35.6 17.7844 37.9337 72.1844 3.91031
35.7 17.8344 37.9124 72.1344 3.93159
35.8 17.8843 37.8911 72.0843 3.95292
35.9 17.9343 37.8697 72.0343 3.97431
36 17.9843 37.8483 71.9842 3.99575
36.1 18.0342 37.8268 71.9342 4.01724
36.2 18.0842 37.8052 71.8842 4.03878
36.3 18.1341 37.7836 71.8341 4.06037
36.4 18.1841 37.762 71.7841 4.08201
36.5 18.2341 37.7403 71.7341 4.10371
36.6 18.284 37.7185 71.684 4.12545
36.7 18.334 37.6968 71.634 4.14725
36.8 18.384 37.6749 71.5839 4.1691
36.9 18.4339 37.653 71.5339 4.191
37 18.4839 37.6311 71.4839 4.21295
37.1 18.5338 37.6091 71.4338 4.23495
37.2 18.5838 37.587 71.3838 4.257
37.3 18.6338 37.5649 71.3338 4.2791
37.4 18.6837 37.5427 71.2837 4.30126
37.5 18.7337 37.5205 71.2337 4.32346
37.6 18.7837 37.4983 71.1836 4.34572
37.7 18.8336 37.476 71.1336 4.36802
37.8 18.8836 37.4536 71.0836 4.39038
37.9 18.9335 37.4312 71.0335 4.41278
38 18.9835 37.4088 70.9835 4.43524
38.1 19.0335 37.3863 70.9335 4.45775
38.2 19.0834 37.3637 70.8834 4.4803
38.3 19.1334 37.3411 70.8334 4.50291
38.4 19.1834 37.3184 70.7834 4.52557
38.5 19.2333 37.2957 70.7333 4.54827
38.6 19.2833 37.273 70.6833 4.57103
38.7 19.3333 37.2502 70.6332 4.59384
38.8 19.3832 37.2273 70.5832 4.61669
38.9 19.4332 37.2044 70.5332 4.6396
39 19.4831 37.1814 70.4831 4.66255
39.1 19.5331 37.1584 70.4331 4.68556
39.2 19.5831 37.1354 70.3831 4.70861
39.3 19.633 37.1123 70.333 4.73172
39.4 19.683 37.0891 70.283 4.75487
39.5 19.733 37.0659 70.233 4.77807
39.6 19.7829 37.0427 70.1829 4.80132
39.7 19.8329 37.0194 70.1329 4.82462
39.8 19.8829 36.996 70.0828 4.84797
39.9 19.9328 36.9726 70.0328 4.87137
40 19.9828 36.9492 69.9828 4.89482
40.1 20.0327 36.9257 69.9327 4.91831
40.2 20.0827 36.9021 69.8827 4.94186
40.3 20.1327 36.8785 69.8327 4.96545
40.4 20.1826 36.8549 69.7826 4.9891
40.5 20.2326 36.8312 69.7326 5.01279
40.6 20.2826 36.8075 69.6826 5.03653
40.7 20.3325 36.7837 69.6325 5.06031
40.8 20.3825 36.7599 69.5825 5.08415
40.9 20.4325 36.736 69.5325 5.10803
41 20.4824 36.712 69.4824 5.13197
41.1 20.5324 36.6881 69.4324 5.15595
41.2 20.5824 36.664 69.3823 5.17998
41.3 20.6323 36.6399 69.3323 5.20405
41.4 20.6823 36.6158 69.2823 5.22818
41.5 20.7323 36.5917 69.2322 5.25235
41.6 20.7822 36.5674 69.1822 5.27657
41.7 20.8322 36.5432 69.1322 5.30084
41.8 20.8821 36.5188 69.0821 5.32515
41.9 20.9321 36.4945 69.0321 5.34951
42 20.9821 36.4701 68.9821 5.37392
42.1 21.032 36.4456 68.932 5.39838
42.2 21.082 36.4211 68.882 5.42289
42.3 21.132 36.3966 68.832 5.44744
42.4 21.1819 36.372 68.7819 5.47204
42.5 21.2319 36.3473 68.7319 5.49668
42.6 21.2819 36.3226 68.6819 5.52138
42.7 21.3318 36.2979 68.6318 5.54612
42.8 21.3818 36.2731 68.5818 5.5709
42.9 21.4318 36.2483 68.5318 5.59574
43 21.4817 36.2234 68.4817 5.62062
43.1 21.5317 36.1985 68.4317 5.64554
43.2 21.5817 36.1735 68.3817 5.67052
43.3 21.6316 36.1485 68.3316 5.69554
43.4 21.6816 36.1234 68.2816 5.7206
43.5 21.7316 36.0983 68.2316 5.74572
43.6 21.7815 36.0731 68.1815 5.77088
43.7 21.8315 36.0479 68.1315 5.79608
43.8 21.8815 36.0227 68.0814 5.82133
43.9 21.9314 35.9974 68.0314 5.84663
44 21.9814 35.972 67.9814 5.87197
44.1 22.0314 35.9466 67.9313 5.89736
44.2 22.0813 35.9212 67.8813 5.9228
44.3 22.1313 35.8957 67.8313 5.94828
44.4 22.1813 35.8702 67.7812 5.9738
44.5 22.2312 35.8446 67.7312 5.99937
44.6 22.2812 35.819 67.6812 6.02499
44.7 22.3312 35.7933 67.6311 6.05065
44.8 22.3811 35.7676 67.5811 6.07636
44.9 22.4311 35.7419 67.5311 6.10211
45 22.4811 35.7161 67.481 6.12791
45.1 22.531 35.6902 67.431 6.15375
45.2 22.581 35.6644 67.381 6.17964
45.3 22.631 35.6384 67.3309 6.20558
45.4 22.6809 35.6124 67.2809 6.23155
45.5 22.7309 35.5864 67.2309 6.25758
45.6 22.7809 35.5604 67.1809 6.28364
45.7 22.8308 35.5342 67.1308 6.30976
45.8 22.8808 35.5081 67.0808 6.33591
45.9 22.9308 35.4819 67.0308 6.36211
46 22.9807 35.4556 66.9807 6.38836
46.1 23.0307 35.4294 66.9307 6.41465
46.2 23.0807 35.403 66.8807 6.44098
46.3 23.1306 35.3766 66.8306 6.46736
46.4 23.1806 35.3502 66.7806 6.49378
46.5 23.2306 35.3238 66.7306 6.52025
46.6 23.2805 35.2972 66.6805 6.54676
46.7 23.3305 35.2707 66.6305 6.57331
46.8 23.3805 35.2441 66.5805 6.59991
46.9 23.4304 35.2175 66.5304 6.62655
47 23.4804 35.1908 66.4804 6.65323
47.1 23.5304 35.164 66.4304 6.67996
47.2 23.5803 35.1373 66.3803 6.70673
47.3 23.6303 35.1105 66.3303 6.73354
47.4 23.6803 35.0836 66.2803 6.7604
47.5 23.7303 35.0567 66.2302 6.7873
47.6 23.7802 35.0298 66.1802 6.81425
47.7 23.8302 35.0028 66.1302 6.84123
47.8 23.8802 34.9757 66.0801 6.86826
47.9 23.9301 34.9487 66.0301 6.89533
48 23.9801 34.9216 65.9801 6.92245
48.1 24.0301 34.8944 65.9301 6.94961
48.2 24.08 34.8672 65.88 6.97681
48.3 24.13 34.8399 65.83 7.00405
48.4 24.18 34.8127 65.78 7.03134
48.5 24.2299 34.7853 65.7299 7.05866
48.6 24.2799 34.758 65.6799 7.08603
48.7 24.3299 34.7306 65.6299 7.11345
48.8 24.3798 34.7031 65.5798 7.1409
48.9 24.4298 34.6756 65.5298 7.1684
49 24.4798 34.6481 65.4798 7.19593
49.1 24.5298 34.6205 65.4297 7.22351
49.2 24.5797 34.5929 65.3797 7.25113
49.3 24.6297 34.5652 65.3297 7.2788
49.4 24.6797 34.5375 65.2797 7.3065
49.5 24.7296 34.5098 65.2296 7.33425
49.6 24.7796 34.482 65.1796 7.36204
49.7 24.8296 34.4541 65.1296 7.38986
49.8 24.8795 34.4263 65.0795 7.41773
49.9 24.9295 34.3984 65.0295 7.44565
50 24.9795 34.3704 64.9795 7.4736
50.1 25.0295 34.3424 64.9294 7.50159
50.2 25.0794 34.3144 64.8794 7.52962
50.3 25.1294 34.2863 64.8294 7.5577
50.4 25.1794 34.2582 64.7793 7.58582
50.5 25.2293 34.23 64.7293 7.61397
50.6 25.2793 34.2018 64.6793 7.64217
50.7 25.3293 34.1736 64.6293 7.67041
50.8 25.3792 34.1453 64.5792 7.69868
50.9 25.4292 34.117 64.5292 7.727
51 25.4792 34.0886 64.4792 7.75536
51.1 25.5292 34.0602 64.4291 7.78376
51.2 25.5791 34.0318 64.3791 7.8122
51.3 25.6291 34.0033 64.3291 7.84067
51.4 25.6791 33.9748 64.2791 7.86919
51.5 25.729 33.9463 64.229 7.89775
51.6 25.779 33.9177 64.179 7.92635
51.7 25.829 33.889 64.129 7.95498
51.8 25.879 33.8603 64.0789 7.98366
51.9 25.9289 33.8316 64.0289 8.01238
52 25.9789 33.8029 63.9789 8.04113
52.1 26.0289 33.7741 63.9289 8.06993
52.2 26.0788 33.7452 63.8788 8.09876
52.3 26.1288 33.7164 63.8288 8.12763
52.4 26.1788 33.6875 63.7788 8.15654
52.5 26.2287 33.6585 63.7287 8.18549
52.6 26.2787 33.6295 63.6787 8.21448
52.7 26.3287 33.6005 63.6287 8.24351
52.8 26.3787 33.5714 63.5787 8.27258
52.9 26.4286 33.5423 63.5286 8.30168
53 26.4786 33.5132 63.4786 8.33083
53.1 26.5286 33.484 63.4286 8.36001
53.2 26.5786 33.4548 63.3785 8.38923
53.3 26.6285 33.4255 63.3285 8.41849
53.4 26.6785 33.3962 63.2785 8.44778
53.5 26.7285 33.3669 63.2285 8.47712
53.6 26.7784 33.3375 63.1784 8.50649
53.7 26.8284 33.3081 63.1284 8.5359
53.8 26.8784 33.2787 63.0784 8.56535
53.9 26.9284 33.2492 63.0283 8.59483
54 26.9783 33.2196 62.9783 8.62436
54.1 27.0283 33.1901 62.9283 8.65392
54.2 27.0783 33.1605 62.8783 8.68352
54.3 27.1282 33.1308 62.8282 8.71315
54.4 27.1782 33.1012 62.7782 8.74282
54.5 27.2282 33.0715 62.7282 8.77253
54.6 27.2782 33.0417 62.6782 8.80228
54.7 27.3281 33.0119 62.6281 8.83206
54.8 27.3781 32.9821 62.5781 8.86188
54.9 27.4281 32.9523 62.5281 8.89174
55 27.4781 32.9224 62.478 8.92163
55.1 27.528 32.8924 62.428 8.95156
55.2 27.578 32.8625 62.378 8.98153
55.3 27.628 32.8325 62.328 9.01153
55.4 27.678 32.8024 62.2779 9.04157
55.5 27.7279 32.7724 62.2279 9.07165
55.6 27.7779 32.7422 62.1779 9.10176
55.7 27.8279 32.7121 62.1279 9.13191
55.8 27.8778 32.6819 62.0778 9.16209
55.9 27.9278 32.6517 62.0278 9.19231
56 27.9778 32.6214 61.9778 9.22257
56.1 28.0278 32.5911 61.9278 9.25286
56.2 28.0777 32.5608 61.8777 9.28318
56.3 28.1277 32.5305 61.8277 9.31354
56.4 28.1777 32.5001 61.7777 9.34394
56.5 28.2277 32.4696 61.7277 9.37437
56.6 28.2776 32.4392 61.6776 9.40484
56.7 28.3276 32.4087 61.6276 9.43534
56.8 28.3776 32.3781 61.5776 9.46588
56.9 28.4276 32.3475 61.5275 9.49645
57 28.4775 32.3169 61.4775 9.52706
57.1 28.5275 32.2863 61.4275 9.5577
57.2 28.5775 32.2556 61.3775 9.58838
57.3 28.6275 32.2249 61.3274 9.61909
57.4 28.6774 32.1942 61.2774 9.64984
57.5 28.7274 32.1634 61.2274 9.68062
57.6 28.7774 32.1326 61.1774 9.71143
57.7 28.8274 32.1017 61.1273 9.74228
57.8 28.8773 32.0708 61.0773 9.77316
57.9 28.9273 32.0399 61.0273 9.80408
58 28.9773 32.009 60.9773 9.83503
58.1 29.0273 31.978 60.9272 9.86601
58.2 29.0772 31.947 60.8772 9.89703
58.3 29.1272 31.9159 60.8272 9.92808
58.4 29.1772 31.8848 60.7772 9.95917
58.5 29.2272 31.8537 60.7271 9.99029
58.6 29.2771 31.8226 60.6771 10.0214
58.7 29.3271 31.7914 60.6271 10.0526
58.8 29.3771 31.7602 60.5771 10.0838
58.9 29.4271 31.7289 60.5271 10.1151
59 29.477 31.6976 60.477 10.1464
59.1 29.527 31.6663 60.427 10.1777
59.2 29.577 31.635 60.377 10.209
59.3 29.627 31.6036 60.327 10.2404
59.4 29.6769 31.5722 60.2769 10.2718
59.5 29.7269 31.5407 60.2269 10.3033
59.6 29.7769 31.5092 60.1769 10.3348
59.7 29.8269 31.4777 60.1269 10.3663
59.8 29.8768 31.4462 60.0768 10.3978
59.9 29.9268 31.4146 60.0268 10.4294
60 29.9768 31.383 59.9768 10.461
60.1 30.0268 31.3514 59.9268 10.4926
60.2 30.0768 31.3197 59.8767 10.5243
60.3 30.1267 31.288 59.8267 10.556
60.4 30.1767 31.2563 59.7767 10.5877
60.5 30.2267 31.2245 59.7267 10.6195
60.6 30.2767 31.1927 59.6767 10.6513
60.7 30.3266 31.1609 59.6266 10.6831
60.8 30.3766 31.129 59.5766 10.715
60.9 30.4266 31.0971 59.5266 10.7469
61 30.4766 31.0652 59.4766 10.7788
61.1 30.5265 31.0332 59.4265 10.8108
61.2 30.5765 31.0013 59.3765 10.8427
61.3 30.6265 30.9692 59.3265 10.8748
61.4 30.6765 30.9372 59.2765 10.9068
61.5 30.7265 30.9051 59.2264 10.9389
61.6 30.7764 30.873 59.1764 10.971
61.7 30.8264 30.8409 59.1264 11.0031
61.8 30.8764 30.8087 59.0764 11.0353
61.9 30.9264 30.7765 59.0264 11.0675
62 30.9763 30.7443 58.9763 11.0997
62.1 31.0263 30.712 58.9263 11.132
62.2 31.0763 30.6797 58.8763 11.1643
62.3 31.1263 30.6474 58.8263 11.1966
62.4 31.1763 30.6151 58.7763 11.2289
62.5 31.2262 30.5827 58.7262 11.2613
62.6 31.2762 30.5503 58.6762 11.2937
62.7 31.3262 30.5179 58.6262 11.3261
62.8 31.3762 30.4854 58.5762 11.3586
62.9 31.4262 30.4529 58.5261 11.3911
63 31.4761 30.4204 58.4761 11.4236
63.1 31.5261 30.3878 58.4261 11.4562
63.2 31.5761 30.3553 58.3761 11.4887
63.3 31.6261 30.3227 58.3261 11.5213
63.4 31.676 30.29 58.276 11.554
63.5 31.726 30.2574 58.226 11.5866
63.6 31.776 30.2247 58.176 11.6193
63.7 31.826 30.1919 58.126 11.6521
63.8 31.876 30.1592 58.076 11.6848
63.9 31.9259 30.1264 58.0259 11.7176
64 31.9759 30.0936 57.9759 11.7504
64.1 32.0259 30.0608 57.9259 11.7832
64.2 32.0759 30.0279 57.8759 11.8161
64.3 32.1259 29.995 57.8259 11.849
64.4 32.1758 29.9621 57.7758 11.8819
64.5 32.2258 29.9292 57.7258 11.9148
64.6 32.2758 29.8962 57.6758 11.9478
64.7 32.3258 29.8632 57.6258 11.9808
64.8 32.3758 29.8302 57.5758 12.0138
64.9 32.4257 29.7971 57.5257 12.0469
65 32.4757 29.764 57.4757 12.08
65.1 32.5257 29.7309 57.4257 12.1131
65.2 32.5757 29.6978 57.3757 12.1462
65.3 32.6257 29.6646 57.3257 12.1794
65.4 32.6756 29.6314 57.2756 12.2126
65.5 32.7256 29.5982 57.2256 12.2458
65.6 32.7756 29.565 57.1756 12.279
65.7 32.8256 29.5317 57.1256 12.3123
65.8 32.8756 29.4984 57.0756 12.3456
65.9 32.9255 29.4651 57.0255 12.3789
66 32.9755 29.4317 56.9755 12.4123
66.1 33.0255 29.3984 56.9255 12.4456
66.2 33.0755 29.365 56.8755 12.479
66.3 33.1255 29.3316 56.8255 12.5124
66.4 33.1755 29.2981 56.7754 12.5459
66.5 33.2254 29.2646 56.7254 12.5794
66.6 33.2754 29.2311 56.6754 12.6129
66.7 33.3254 29.1976 56.6254 12.6464
66.8 33.3754 29.1641 56.5754 12.6799
66.9 33.4254 29.1305 56.5254 12.7135
67 33.4753 29.0969 56.4753 12.7471
67.1 33.5253 29.0633 56.4253 12.7807
67.2 33.5753 29.0296 56.3753 12.8144
67.3 33.6253 28.9959 56.3253 12.8481
67.4 33.6753 28.9622 56.2753 12.8818
67.5 33.7253 28.9285 56.2252 12.9155
67.6 33.7752 28.8948 56.1752 12.9492
67.7 33.8252 28.861 56.1252 12.983
67.8 33.8752 28.8272 56.0752 13.0168
67.9 33.9252 28.7934 56.0252 13.0506
68 33.9752 28.7595 55.9752 13.0845
68.1 34.0251 28.7257 55.9251 13.1183
68.2 34.0751 28.6918 55.8751 13.1522
68.3 34.1251 28.6578 55.8251 13.1862
68.4 34.1751 28.6239 55.7751 13.2201
68.5 34.2251 28.5899 55.7251 13.2541
68.6 34.2751 28.556 55.6751 13.288
68.7 34.325 28.5219 55.625 13.3221
68.8 34.375 28.4879 55.575 13.3561
68.9 34.425 28.4539 55.525 13.3901
69 34.475 28.4198 55.475 13.4242
69.1 34.525 28.3857 55.425 13.4583
69.2 34.575 28.3515 55.3749 13.4925
69.3 34.6249 28.3174 55.3249 13.5266
69.4 34.6749 28.2832 55.2749 13.5608
69.5 34.7249 28.249 55.2249 13.595
69.6 34.7749 28.2148 55.1749 13.6292
69.7 34.8249 28.1806 55.1249 13.6634
69.8 34.8749 28.1463 55.0749 13.6977
69.9 34.9248 28.112 55.0248 13.732
70 34.9748 28.0777 54.9748 13.7663
70.1 35.0248 28.0434 54.9248 13.8006
70.2 35.0748 28.0091 54.8748 13.8349
70.3 35.1248 27.9747 54.8248 13.8693
70.4 35.1748 27.9403 54.7748 13.9037
70.5 35.2247 27.9059 54.7247 13.9381
70.6 35.2747 27.8715 54.6747 13.9725
70.7 35.3247 27.837 54.6247 14.007
70.8 35.3747 27.8025 54.5747 14.0415
70.9 35.4247 27.7681 54.5247 14.0759
71 35.4747 27.7335 54.4747 14.1105
71.1 35.5247 27.699 54.4246 14.145
71.2 35.5746 27.6644 54.3746 14.1796
71.3 35.6246 27.6299 54.3246 14.2141
71.4 35.6746 27.5953 54.2746 14.2487
71.5 35.7246 27.5606 54.2246 14.2834
71.6 35.7746 27.526 54.1746 14.318
71.7 35.8246 27.4914 54.1246 14.3526
71.8 35.8746 27.4567 54.0745 14.3873
71.9 35.9245 27.422 54.0245 14.422
72 35.9745 27.3873 53.9745 14.4567
72.1 36.0245 27.3525 53.9245 14.4915
72.2 36.0745 27.3178 53.8745 14.5262
72.3 36.1245 27.283 53.8245 14.561
72.4 36.1745 27.2482 53.7745 14.5958
72.5 36.2245 27.2134 53.7244 14.6306
72.6 36.2744 27.1785 53.6744 14.6655
72.7 36.3244 27.1437 53.6244 14.7003
72.8 36.3744 27.1088 53.5744 14.7352
72.9 36.4244 27.0739 53.5244 14.7701
73 36.4744 27.039 53.4744 14.805
73.1 36.5244 27.0041 53.4244 14.8399
73.2 36.5744 26.9691 53.3743 14.8749
73.3 36.6243 26.9342 53.3243 14.9098
73.4 36.6743 26.8992 53.2743 14.9448
73.5 36.7243 26.8642 53.2243 14.9798
73.6 36.7743 26.8291 53.1743 15.0149
73.7 36.8243 26.7941 53.1243 15.0499
73.8 36.8743 26.7591 53.0743 15.0849
73.9 36.9243 26.724 53.0243 15.12
74 36.9742 26.6889 52.9742 15.1551
74.1 37.0242 26.6538 52.9242 15.1902
74.2 37.0742 26.6186 52.8742 15.2254
74.3 37.1242 26.5835 52.8242 15.2605
74.4 37.1742 26.5483 52.7742 15.2957
74.5 37.2242 26.5132 52.7242 15.3308
74.6 37.2742 26.478 52.6742 15.366
74.7 37.3242 26.4428 52.6242 15.4012
74.8 37.3741 26.4075 52.5741 15.4365
74.9 37.4241 26.3723 52.5241 15.4717
75 37.4741 26.337 52.4741 15.507
75.1 37.5241 26.3017 52.4241 15.5423
75.2 37.5741 26.2664 52.3741 15.5776
75.3 37.6241 26.2311 52.3241 15.6129
75.4 37.6741 26.1958 52.2741 15.6482
75.5 37.7241 26.1605 52.2241 15.6835
75.6 37.7741 26.1251 52.174 15.7189
75.7 37.824 26.0897 52.124 15.7543
75.8 37.874 26.0543 52.074 15.7897
75.9 37.924 26.0189 52.024 15.8251
76 37.974 25.9835 51.974 15.8605
76.1 38.024 25.9481 51.924 15.8959
76.2 38.074 25.9126 51.874 15.9314
76.3 38.124 25.8771 51.824 15.9669
76.4 38.174 25.8416 51.774 16.0024
76.5 38.224 25.8061 51.7239 16.0379
76.6 38.2739 25.7706 51.6739 16.0734
76.7 38.3239 25.7351 51.6239 16.1089
76.8 38.3739 25.6996 51.5739 16.1444
76.9 38.4239 25.664 51.5239 16.18
77 38.4739 25.6284 51.4739 16.2156
77.1 38.5239 25.5928 51.4239 16.2512
77.2 38.5739 25.5572 51.3739 16.2868
77.3 38.6239 25.5216 51.3239 16.3224
77.4 38.6739 25.486 51.2738 16.358
77.5 38.7238 25.4503 51.2238 16.3937
77.6 38.7738 25.4147 51.1738 16.4293
77.7 38.8238 25.379 51.1238 16.465
77.8 38.8738 25.3433 51.0738 16.5007
77.9 38.9238 25.3076 51.0238 16.5364
78 38.9738 25.2719 50.9738 16.5721
78.1 39.0238 25.2362 50.9238 16.6078
78.2 39.0738 25.2005 50.8738 16.6435
78.3 39.1238 25.1647 50.8238 16.6793
78.4 39.1738 25.129 50.7738 16.715
78.5 39.2237 25.0932 50.7237 16.7508
78.6 39.2737 25.0574 50.6737 16.7866
78.7 39.3237 25.0216 50.6237 16.8224
78.8 39.3737 24.9858 50.5737 16.8582
78.9 39.4237 24.9499 50.5237 16.8941
79 39.4737 24.9141 50.4737 16.9299
79.1 39.5237 24.8783 50.4237 16.9657
79.2 39.5737 24.8424 50.3737 17.0016
79.3 39.6237 24.8065 50.3237 17.0375
79.4 39.6737 24.7706 50.2737 17.0734
79.5 39.7237 24.7347 50.2237 17.1093
79.6 39.7736 24.6988 50.1736 17.1452
79.7 39.8236 24.6629 50.1236 17.1811
79.8 39.8736 24.627 50.0736 17.217
79.9 39.9236 24.591 50.0236 17.253
80 39.9736 24.5551 49.9736 17.2889
80.1 40.0236 24.5191 49.9236 17.3249
80.2 40.0736 24.4831 49.8736 17.3609
80.3 40.1236 24.4471 49.8236 17.3969
80.4 40.1736 24.4111 49.7736 17.4329
80.5 40.2236 24.3751 49.7236 17.4689
80.6 40.2736 24.3391 49.6736 17.5049
80.7 40.3236 24.3031 49.6236 17.5409
80.8 40.3736 24.267 49.5735 17.577
80.9 40.4235 24.231 49.5235 17.613
81 40.4735 24.1949 49.4735 17.6491
81.1 40.5235 24.1589 49.4235 17.6851
81.2 40.5735 24.1228 49.3735 17.7212
81.3 40.6235 24.0867 49.3235 17.7573
81.4 40.6735 24.0506 49.2735 17.7934
81.5 40.7235 24.0145 49.2235 17.8295
81.6 40.7735 23.9783 49.1735 17.8657
81.7 40.8235 23.9422 49.1235 17.9018
81.8 40.8735 23.9061 49.0735 17.9379
81.9 40.9235 23.8699 49.0235 17.9741
82 40.9735 23.8338 48.9735 18.0102
82.1 41.0235 23.7976 48.9235 18.0464
82.2 41.0735 23.7614 48.8735 18.0826
82.3 41.1235 23.7253 48.8234 18.1187
82.4 41.1734 23.6891 48.7734 18.1549
82.5 41.2234 23.6529 48.7234 18.1911
82.6 41.2734 23.6167 48.6734 18.2273
82.7 41.3234 23.5804 48.6234 18.2636
82.8 41.3734 23.5442 48.5734 18.2998
82.9 41.4234 23.508 48.5234 18.336
83 41.4734 23.4718 48.4734 18.3722
83.1 41.5234 23.4355 48.4234 18.4085
83.2 41.5734 23.3992 48.3734 18.4448
83.3 41.6234 23.363 48.3234 18.481
83.4 41.6734 23.3267 48.2734 18.5173
83.5 41.7234 23.2904 48.2234 18.5536
83.6 41.7734 23.2542 48.1734 18.5898
83.7 41.8234 23.2179 48.1234 18.6261
83.8 41.8734 23.1816 48.0734 18.6624
83.9 41.9234 23.1453 48.0234 18.6987
84 41.9734 23.1089 47.9734 18.7351
84.1 42.0234 23.0726 47.9233 18.7714
84.2 42.0733 23.0363 47.8733 18.8077
84.3 42.1233 23 47.8233 18.844
84.4 42.1733 22.9636 47.7733 18.8804
84.5 42.2233 22.9273 47.7233 18.9167
84.6 42.2733 22.8909 47.6733 18.9531
84.7 42.3233 22.8546 47.6233 18.9894
84.8 42.3733 22.8182 47.5733 19.0258
84.9 42.4233 22.7818 47.5233 19.0622
85 42.4733 22.7455 47.4733 19.0985
85.1 42.5233 22.7091 47.4233 19.1349
85.2 42.5733 22.6727 47.3733 19.1713
85.3 42.6233 22.6363 47.3233 19.2077
85.4 42.6733 22.5999 47.2733 19.2441
85.5 42.7233 22.5635 47.2233 19.2805
85.6 42.7733 22.5271 47.1733 19.3169
85.7 42.8233 22.4907 47.1233 19.3533
85.8 42.8733 22.4543 47.0733 19.3897
85.9 42.9233 22.4179 47.0233 19.4261
86 42.9733 22.3814 46.9733 19.4626
86.1 43.0233 22.345 46.9233 19.499
86.2 43.0733 22.3086 46.8733 19.5354
86.3 43.1233 22.2721 46.8233 19.5719
86.4 43.1733 22.2357 46.7733 19.6083
86.5 43.2233 22.1993 46.7233 19.6447
86.6 43.2733 22.1628 46.6733 19.6812
86.7 43.3233 22.1264 46.6233 19.7176
86.8 43.3732 22.0899 46.5732 19.7541
86.9 43.4232 22.0534 46.5232 19.7906
87 43.4732 22.017 46.4732 19.827
87.1 43.5232 21.9805 46.4232 19.8635
87.2 43.5732 21.944 46.3732 19.9
87.3 43.6232 21.9076 46.3232 19.9364
87.4 43.6732 21.8711 46.2732 19.9729
87.5 43.7232 21.8346 46.2232 20.0094
87.6 43.7732 21.7981 46.1732 20.0459
87.7 43.8232 21.7616 46.1232 20.0824
87.8 43.8732 21.7251 46.0732 20.1189
87.9 43.9232 21.6887 46.0232 20.1553
88 43.9732 21.6522 45.9732 20.1918
88.1 44.0232 21.6157 45.9232 20.2283
88.2 44.0732 21.5792 45.8732 20.2648
88.3 44.1232 21.5427 45.8232 20.3013
88.4 44.1732 21.5062 45.7732 20.3378
88.5 44.2232 21.4697 45.7232 20.3743
88.6 44.2732 21.4332 45.6732 20.4108
88.7 44.3232 21.3967 45.6232 20.4473
88.8 44.3732 21.3602 45.5732 20.4838
88.9 44.4232 21.3236 45.5232 20.5204
89 44.4732 21.2871 45.4732 20.5569
89.1 44.5232 21.2506 45.4232 20.5934
89.2 44.5732 21.2141 45.3732 20.6299
89.3 44.6232 21.1776 45.3232 20.6664
89.4 44.6732 21.1411 45.2732 20.7029
89.5 44.7232 21.1046 45.2232 20.7394
89.6 44.7732 21.0681 45.1732 20.7759
89.7 44.8232 21.0315 45.1232 20.8125
89.8 44.8732 20.995 45.0732 20.849
89.9 44.9232 20.9585 45.0232 20.8855
90 44.9732 20.922 44.9732 20.922
90.1 45.0232 20.8855 44.9232 20.9585
90.2 45.0732 20.849 44.8732 20.995
90.3 45.1232 20.8125 44.8232 21.0315
90.4 45.1732 20.7759 44.7732 21.0681
90.5 45.2232 20.7394 44.7232 21.1046
90.6 45.2732 20.7029 44.6732 21.1411
90.7 45.3232 20.6664 44.6232 21.1776
90.8 45.3732 20.6299 44.5732 21.2141
90.9 45.4232 20.5934 44.5232 21.2506
91 45.4732 20.5569 44.4732 21.2871
91.1 45.5232 20.5204 44.4232 21.3236
91.2 45.5732 20.4838 44.3732 21.3602
91.3 45.6232 20.4473 44.3232 21.3967
91.4 45.6732 20.4108 44.2732 21.4332
91.5 45.7232 20.3743 44.2232 21.4697
91.6 45.7732 20.3378 44.1732 21.5062
91.7 45.8232 20.3013 44.1232 21.5427
91.8 45.8732 20.2648 44.0732 21.5792
91.9 45.9232 20.2283 44.0232 21.6157
92 45.9732 20.1918 43.9732 21.6522
92.1 46.0232 20.1553 43.9232 21.6887
92.2 46.0732 20.1189 43.8732 21.7251
92.3 46.1232 20.0824 43.8232 21.7616
92.4 46.1732 20.0459 43.7732 21.7981
92.5 46.2232 20.0094 43.7232 21.8346
92.6 46.2732 19.9729 43.6732 21.8711
92.7 46.3232 19.9364 43.6232 21.9076
92.8 46.3732 19.9 43.5732 21.944
92.9 46.4232 19.8635 43.5232 21.9805
93 46.4732 19.827 43.4732 22.017
93.1 46.5232 19.7906 43.4232 22.0534
93.2 46.5732 19.7541 43.3732 22.0899
93.3 46.6233 19.7176 43.3233 22.1264
93.4 46.6733 19.6812 43.2733 22.1628
93.5 46.7233 19.6447 43.2233 22.1993
93.6 46.7733 19.6083 43.1733 22.2357
93.7 46.8233 19.5719 43.1233 22.2721
93.8 46.8733 19.5354 43.0733 22.3086
93.9 46.9233 19.499 43.0233 22.345
94 46.9733 19.4626 42.9733 22.3814
94.1 47.0233 19.4261 42.9233 22.4179
94.2 47.0733 19.3897 42.8733 22.4543
94.3 47.1233 19.3533 42.8233 22.4907
94.4 47.1733 19.3169 42.7733 22.5271
94.5 47.2233 19.2805 42.7233 22.5635
94.6 47.2733 19.2441 42.6733 22.5999
94.7 47.3233 19.2077 42.6233 22.6363
94.8 47.3733 19.1713 42.5733 22.6727
94.9 47.4233 19.1349 42.5233 22.7091
95 47.4733 19.0985 42.4733 22.7455
95.1 47.5233 19.0622 42.4233 22.7818
95.2 47.5733 19.0258 42.3733 22.8182
95.3 47.6233 18.9894 42.3233 22.8546
95.4 47.6733 18.9531 42.2733 22.8909
95.5 47.7233 18.9167 42.2233 22.9273
95.6 47.7733 18.8804 42.1733 22.9636
95.7 47.8233 18.844 42.1233 23
95.8 47.8733 18.8077 42.0733 23.0363
95.9 47.9233 18.7714 42.0234 23.0726
96 47.9734 18.7351 41.9734 23.1089
96.1 48.0234 18.6987 41.9234 23.1453
96.2 48.0734 18.6624 41.8734 23.1816
96.3 48.1234 18.6261 41.8234 23.2179
96.4 48.1734 18.5898 41.7734 23.2542
96.5 48.2234 18.5536 41.7234 23.2904
96.6 48.2734 18.5173 41.6734 23.3267
96.7 48.3234 18.481 41.6234 23.363
96.8 48.3734 18.4448 41.5734 23.3992
96.9 48.4234 18.4085 41.5234 23.4355
97 48.4734 18.3722 41.4734 23.4718
97.1 48.5234 18.336 41.4234 23.508
97.2 48.5734 18.2998 41.3734 23.5442
97.3 48.6234 18.2636 41.3234 23.5804
97.4 48.6734 18.2273 41.2734 23.6167
97.5 48.7234 18.1911 41.2234 23.6529
97.6 48.7734 18.1549 41.1734 23.6891
97.7 48.8234 18.1187 41.1235 23.7253
97.8 48.8735 18.0826 41.0735 23.7614
97.9 48.9235 18.0464 41.0235 23.7976
98 48.9735 18.0102 40.9735 23.8338
98.1 49.0235 17.9741 40.9235 23.8699
98.2 49.0735 17.9379 40.8735 23.9061
98.3 49.1235 17.9018 40.8235 23.9422
98.4 49.1735 17.8657 40.7735 23.9783
98.5 49.2235 17.8295 40.7235 24.0145
98.6 49.2735 17.7934 40.6735 24.0506
98.7 49.3235 17.7573 40.6235 24.0867
98.8 49.3735 17.7212 40.5735 24.1228
98.9 49.4235 17.6851 40.5235 24.1589
99 49.4735 17.6491 40.4735 24.1949
99.1 49.5235 17.613 40.4235 24.231
99.2 49.5735 17.577 40.3736 24.267
99.3 49.6236 17.5409 40.3236 24.3031
99.4 49.6736 17.5049 40.2736 24.3391
99.5 49.7236 17.4689 40.2236 24.3751
99.6 49.7736 17.4329 40.1736 24.4111
99.7 49.8236 17.3969 40.1236 24.4471
99.8 49.8736 17.3609 40.0736 24.4831
99.9 49.9236 17.3249 40.0236 24.5191
100 49.9736 17.2889 39.9736 24.5551
100.1 50.0236 17.253 39.9236 24.591
100.2 50.0736 17.217 39.8736 24.627
100.3 50.1236 17.1811 39.8236 24.6629
100.4 50.1736 17.1452 39.7736 24.6988
100.5 50.2237 17.1093 39.7237 24.7347
100.6 50.2737 17.0734 39.6737 24.7706
100.7 50.3237 17.0375 39.6237 24.8065
100.8 50.3737 17.0016 39.5737 24.8424
100.9 50.4237 16.9657 39.5237 24.8783
101 50.4737 16.9299 39.4737 24.9141
101.1 50.5237 16.8941 39.4237 24.9499
101.2 50.5737 16.8582 39.3737 24.9858
101.3 50.6237 16.8224 39.3237 25.0216
101.4 50.6737 16.7866 39.2737 25.0574
101.5 50.7237 16.7508 39.2237 25.0932
101.6 50.7738 16.715 39.1738 25.129
101.7 50.8238 16.6793 39.1238 25.1647
101.8 50.8738 16.6435 39.0738 25.2005
101.9 50.9238 16.6078 39.0238 25.2362
102 50.9738 16.5721 38.9738 25.2719
102.1 51.0238 16.5364 38.9238 25.3076
102.2 51.0738 16.5007 38.8738 25.3433
102.3 51.1238 16.465 38.8238 25.379
102.4 51.1738 16.4293 38.7738 25.4147
102.5 51.2238 16.3937 38.7238 25.4503
102.6 51.2738 16.358 38.6739 25.486
102.7 51.3239 16.3224 38.6239 25.5216
102.8 51.3739 16.2868 38.5739 25.5572
102.9 51.4239 16.2512 38.5239 25.5928
103 51.4739 16.2156 38.4739 25.6284
103.1 51.5239 16.18 38.4239 25.664
103.2 51.5739 16.1444 38.3739 25.6996
103.3 51.6239 16.1089 38.3239 25.7351
103.4 51.6739 16.0734 38.2739 25.7706
103.5 51.7239 16.0379 38.224 25.8061
103.6 51.774 16.0024 38.174 25.8416
103.7 51.824 15.9669 38.124 25.8771
103.8 51.874 15.9314 38.074 25.9126
103.9 51.924 15.8959 38.024 25.9481
104 51.974 15.8605 37.974 25.9835
104.1 52.024 15.8251 37.924 26.0189
104.2 52.074 15.7897 37.874 26.0543
104.3 52.124 15.7543 37.824 26.0897
104.4 52.174 15.7189 37.7741 26.1251
104.5 52.2241 15.6835 37.7241 26.1605
104.6 52.2741 15.6482 37.6741 26.1958
104.7 52.3241 15.6129 37.6241 26.2311
104.8 52.3741 15.5776 37.5741 26.2664
104.9 52.4241 15.5423 37.5241 26.3017
105 52.4741 15.507 37.4741 26.337
105.1 52.5241 15.4717 37.4241 26.3723
105.2 52.5741 15.4365 37.3741 26.4075
105.3 52.6242 15.4012 37.3242 26.4428
105.4 52.6742 15.366 37.2742 26.478
105.5 52.7242 15.3308 37.2242 26.5132
105.6 52.7742 15.2957 37.1742 26.5483
105.7 52.8242 15.2605 37.1242 26.5835
105.8 52.8742 15.2254 37.0742 26.6186
105.9 52.9242 15.1902 37.0242 26.6538
106 52.9742 15.1551 36.9742 26.6889
106.1 53.0243 15.12 36.9243 26.724
106.2 53.0743 15.0849 36.8743 26.7591
106.3 53.1243 15.0499 36.8243 26.7941
106.4 53.1743 15.0149 36.7743 26.8291
106.5 53.2243 14.9798 36.7243 26.8642
106.6 53.2743 14.9448 36.6743 26.8992
106.7 53.3243 14.9098 36.6243 26.9342
106.8 53.3743 14.8749 36.5744 26.9691
106.9 53.4244 14.8399 36.5244 27.0041
107 53.4744 14.805 36.4744 27.039
107.1 53.5244 14.7701 36.4244 27.0739
107.2 53.5744 14.7352 36.3744 27.1088
107.3 53.6244 14.7003 36.3244 27.1437
107.4 53.6744 14.6655 36.2744 27.1785
107.5 53.7244 14.6306 36.2245 27.2134
107.6 53.7745 14.5958 36.1745 27.2482
107.7 53.8245 14.561 36.1245 27.283
107.8 53.8745 14.5262 36.0745 27.3178
107.9 53.9245 14.4915 36.0245 27.3525
108 53.9745 14.4567 35.9745 27.3873
108.1 54.0245 14.422 35.9245 27.422
108.2 54.0745 14.3873 35.8746 27.4567
108.3 54.1246 14.3526 35.8246 27.4914
108.4 54.1746 14.318 35.7746 27.526
108.5 54.2246 14.2834 35.7246 27.5606
108.6 54.2746 14.2487 35.6746 27.5953
108.7 54.3246 14.2141 35.6246 27.6299
108.8 54.3746 14.1796 35.5746 27.6644
108.9 54.4246 14.145 35.5247 27.699
109 54.4747 14.1105 35.4747 27.7335
109.1 54.5247 14.0759 35.4247 27.7681
109.2 54.5747 14.0415 35.3747 27.8025
109.3 54.6247 14.007 35.3247 27.837
109.4 54.6747 13.9725 35.2747 27.8715
109.5 54.7247 13.9381 35.2247 27.9059
109.6 54.7748 13.9037 35.1748 27.9403
109.7 54.8248 13.8693 35.1248 27.9747
109.8 54.8748 13.8349 35.0748 28.0091
109.9 54.9248 13.8006 35.0248 28.0434
110 54.9748 13.7663 34.9748 28.0777
110.1 55.0248 13.732 34.9248 28.112
110.2 55.0749 13.6977 34.8749 28.1463
110.3 55.1249 13.6634 34.8249 28.1806
110.4 55.1749 13.6292 34.7749 28.2148
110.5 55.2249 13.595 34.7249 28.249
110.6 55.2749 13.5608 34.6749 28.2832
110.7 55.3249 13.5266 34.6249 28.3174
110.8 55.3749 13.4925 34.575 28.3515
110.9 55.425 13.4583 34.525 28.3857
111 55.475 13.4242 34.475 28.4198
111.1 55.525 13.3901 34.425 28.4539
111.2 55.575 13.3561 34.375 28.4879
111.3 55.625 13.3221 34.325 28.5219
111.4 55.6751 13.288 34.2751 28.556
111.5 55.7251 13.2541 34.2251 28.5899
111.6 55.7751 13.2201 34.1751 28.6239
111.7 55.8251 13.1862 34.1251 28.6578
111.8 55.8751 13.1522 34.0751 28.6918
111.9 55.9251 13.1183 34.0251 28.7257
112 55.9752 13.0845 33.9752 28.7595
112.1 56.0252 13.0506 33.9252 28.7934
112.2 56.0752 13.0168 33.8752 28.8272
112.3 56.1252 12.983 33.8252 28.861
112.4 56.1752 12.9492 33.7752 28.8948
112.5 56.2252 12.9155 33.7253 28.9285
112.6 56.2753 12.8818 33.6753 28.9622
112.7 56.3253 12.8481 33.6253 28.9959
112.8 56.3753 12.8144 33.5753 29.0296
112.9 56.4253 12.7807 33.5253 29.0633
113 56.4753 12.7471 33.4753 29.0969
113.1 56.5254 12.7135 33.4254 29.1305
113.2 56.5754 12.6799 33.3754 29.1641
113.3 56.6254 12.6464 33.3254 29.1976
113.4 56.6754 12.6129 33.2754 29.2311
113.5 56.7254 12.5794 33.2254 29.2646
113.6 56.7754 12.5459 33.1755 29.2981
113.7 56.8255 12.5124 33.1255 29.3316
113.8 56.8755 12.479 33.0755 29.365
113.9 56.9255 12.4456 33.0255 29.3984
114 56.9755 12.4123 32.9755 29.4317
114.1 57.0255 12.3789 32.9255 29.4651
114.2 57.0756 12.3456 32.8756 29.4984
114.3 57.1256 12.3123 32.8256 29.5317
114.4 57.1756 12.279 32.7756 29.565
114.5 57.2256 12.2458 32.7256 29.5982
114.6 57.2756 12.2126 32.6756 29.6314
114.7 57.3257 12.1794 32.6257 29.6646
114.8 57.3757 12.1462 32.5757 29.6978
114.9 57.4257 12.1131 32.5257 29.7309
115 57.4757 12.08 32.4757 29.764
115.1 57.5257 12.0469 32.4257 29.7971
115.2 57.5758 12.0138 32.3758 29.8302
115.3 57.6258 11.9808 32.3258 29.8632
115.4 57.6758 11.9478 32.2758 29.8962
115.5 57.7258 11.9148 32.2258 29.9292
115.6 57.7758 11.8819 32.1758 29.9621
115.7 57.8259 11.849 32.1259 29.995
115.8 57.8759 11.8161 32.0759 30.0279
115.9 57.9259 11.7832 32.0259 30.0608
116 57.9759 11.7504 31.9759 30.0936
116.1 58.0259 11.7176 31.9259 30.1264
116.2 58.076 11.6848 31.876 30.1592
116.3 58.126 11.6521 31.826 30.1919
116.4 58.176 11.6193 31.776 30.2247
116.5 58.226 11.5866 31.726 30.2574
116.6 58.276 11.554 31.676 30.29
116.7 58.3261 11.5213 31.6261 30.3227
116.8 58.3761 11.4887 31.5761 30.3553
116.9 58.4261 11.4562 31.5261 30.3878
117 58.4761 11.4236 31.4761 30.4204
117.1 58.5261 11.3911 31.4262 30.4529
117.2 58.5762 11.3586 31.3762 30.4854
117.3 58.6262 11.3261 31.3262 30.5179
117.4 58.6762 11.2937 31.2762 30.5503
117.5 58.7262 11.2613 31.2262 30.5827
117.6 58.7763 11.2289 31.1763 30.6151
117.7 58.8263 11.1966 31.1263 30.6474
117.8 58.8763 11.1643 31.0763 30.6797
117.9 58.9263 11.132 31.0263 30.712
118 58.9763 11.0997 30.9763 30.7443
118.1 59.0264 11.0675 30.9264 30.7765
118.2 59.0764 11.0353 30.8764 30.8087
118.3 59.1264 11.0031 30.8264 30.8409
118.4 59.1764 10.971 30.7764 30.873
118.5 59.2264 10.9389 30.7265 30.9051
118.6 59.2765 10.9068 30.6765 30.9372
118.7 59.3265 10.8748 30.6265 30.9692
118.8 59.3765 10.8427 30.5765 31.0013
118.9 59.4265 10.8108 30.5265 31.0332
119 59.4766 10.7788 30.4766 31.0652
119.1 59.5266 10.7469 30.4266 31.0971
119.2 59.5766 10.715 30.3766 31.129
119.3 59.6266 10.6831 30.3266 31.1609
119.4 59.6767 10.6513 30.2767 31.1927
119.5 59.7267 10.6195 30.2267 31.2245
119.6 59.7767 10.5877 30.1767 31.2563
119.7 59.8267 10.556 30.1267 31.288
119.8 59.8767 10.5243 30.0768 31.3197
119.9 59.9268 10.4926 30.0268 31.3514
120 59.9768 10.461 29.9768 31.383
120.1 60.0268 10.4294 29.9268 31.4146
120.2 60.0768 10.3978 29.8768 31.4462
120.3 60.1269 10.3663 29.8269 31.4777
120.4 60.1769 10.3348 29.7769 31.5092
120.5 60.2269 10.3033 29.7269 31.5407
120.6 60.2769 10.2718 29.6769 31.5722
120.7 60.327 10.2404 29.627 31.6036
120.8 60.377 10.209 29.577 31.635
120.9 60.427 10.1777 29.527 31.6663
121 60.477 10.1464 29.477 31.6976
121.1 60.5271 10.1151 29.4271 31.7289
121.2 60.5771 10.0838 29.3771 31.7602
121.3 60.6271 10.0526 29.3271 31.7914
121.4 60.6771 10.0214 29.2771 31.8226
121.5 60.7271 9.99029 29.2272 31.8537
121.6 60.7772 9.95917 29.1772 31.8848
121.7 60.8272 9.92808 29.1272 31.9159
121.8 60.8772 9.89703 29.0772 31.947
121.9 60.9272 9.86601 29.0273 31.978
122 60.9773 9.83503 28.9773 32.009
122.1 61.0273 9.80408 28.9273 32.0399
122.2 61.0773 9.77316 28.8773 32.0708
122.3 61.1273 9.74228 28.8274 32.1017
122.4 61.1774 9.71143 28.7774 32.1326
122.5 61.2274 9.68062 28.7274 32.1634
122.6 61.2774 9.64984 28.6774 32.1942
122.7 61.3274 9.61909 28.6275 32.2249
122.8 61.3775 9.58838 28.5775 32.2556
122.9 61.4275 9.5577 28.5275 32.2863
123 61.4775 9.52706 28.4775 32.3169
123.1 61.5275 9.49645 28.4276 32.3475
123.2 61.5776 9.46588 28.3776 32.3781
123.3 61.6276 9.43534 28.3276 32.4087
123.4 61.6776 9.40484 28.2776 32.4392
123.5 61.7277 9.37437 28.2277 32.4696
123.6 61.7777 9.34394 28.1777 32.5001
123.7 61.8277 9.31354 28.1277 32.5305
123.8 61.8777 9.28318 28.0777 32.5608
123.9 61.9278 9.25286 28.0278 32.5911
124 61.9778 9.22257 27.9778 32.6214
124.1 62.0278 9.19231 27.9278 32.6517
124.2 62.0778 9.16209 27.8778 32.6819
124.3 62.1279 9.13191 27.8279 32.7121
124.4 62.1779 9.10176 27.7779 32.7422
124.5 62.2279 9.07165 27.7279 32.7724
124.6 62.2779 9.04157 27.678 32.8024
124.7 62.328 9.01153 27.628 32.8325
124.8 62.378 8.98153 27.578 32.8625
124.9 62.428 8.95156 27.528 32.8924
125 62.478 8.92163 27.4781 32.9224
125.1 62.5281 8.89174 27.4281 32.9523
125.2 62.5781 8.86188 27.3781 32.9821
125.3 62.6281 8.83206 27.3281 33.0119
125.4 62.6782 8.80228 27.2782 33.0417
125.5 62.7282 8.77253 27.2282 33.0715
125.6 62.7782 8.74282 27.1782 33.1012
125.7 62.8282 8.71315 27.1282 33.1308
125.8 62.8783 8.68352 27.0783 33.1605
125.9 62.9283 8.65392 27.0283 33.1901
126 62.9783 8.62436 26.9783 33.2196
126.1 63.0283 8.59483 26.9284 33.2492
126.2 63.0784 8.56535 26.8784 33.2787
126.3 63.1284 8.5359 26.8284 33.3081
126.4 63.1784 8.50649 26.7784 33.3375
126.5 63.2285 8.47712 26.7285 33.3669
126.6 63.2785 8.44778 26.6785 33.3962
126.7 63.3285 8.41849 26.6285 33.4255
126.8 63.3785 8.38923 26.5786 33.4548
126.9 63.4286 8.36001 26.5286 33.484
127 63.4786 8.33083 26.4786 33.5132
127.1 63.5286 8.30168 26.4286 33.5423
127.2 63.5787 8.27258 26.3787 33.5714
127.3 63.6287 8.24351 26.3287 33.6005
127.4 63.6787 8.21448 26.2787 33.6295
127.5 63.7287 8.18549 26.2287 33.6585
127.6 63.7788 8.15654 26.1788 33.6875
127.7 63.8288 8.12763 26.1288 33.7164
127.8 63.8788 8.09876 26.0788 33.7452
127.9 63.9289 8.06993 26.0289 33.7741
128 63.9789 8.04113 25.9789 33.8029
128.1 64.0289 8.01238 25.9289 33.8316
128.2 64.0789 7.98366 25.879 33.8603
128.3 64.129 7.95498 25.829 33.889
128.4 64.179 7.92635 25.779 33.9177
128.5 64.229 7.89775 25.729 33.9463
128.6 64.2791 7.86919 25.6791 33.9748
128.7 64.3291 7.84067 25.6291 34.0033
128.8 64.3791 7.8122 25.5791 34.0318
128.9 64.4291 7.78376 25.5292 34.0602
129 64.4792 7.75536 25.4792 34.0886
129.1 64.5292 7.727 25.4292 34.117
129.2 64.5792 7.69868 25.3792 34.1453
129.3 64.6293 7.67041 25.3293 34.1736
129.4 64.6793 7.64217 25.2793 34.2018
129.5 64.7293 7.61397 25.2293 34.23
129.6 64.7793 7.58582 25.1794 34.2582
129.7 64.8294 7.5577 25.1294 34.2863
129.8 64.8794 7.52962 25.0794 34.3144
129.9 64.9294 7.50159 25.0295 34.3424
130 64.9795 7.4736 24.9795 34.3704
130.1 65.0295 7.44565 24.9295 34.3984
130.2 65.0795 7.41773 24.8795 34.4263
130.3 65.1296 7.38986 24.8296 34.4541
130.4 65.1796 7.36204 24.7796 34.482
130.5 65.2296 7.33425 24.7296 34.5098
130.6 65.2797 7.3065 24.6797 34.5375
130.7 65.3297 7.2788 24.6297 34.5652
130.8 65.3797 7.25113 24.5797 34.5929
130.9 65.4297 7.22351 24.5298 34.6205
131 65.4798 7.19593 24.4798 34.6481
131.1 65.5298 7.1684 24.4298 34.6756
131.2 65.5798 7.1409 24.3798 34.7031
131.3 65.6299 7.11345 24.3299 34.7306
131.4 65.6799 7.08603 24.2799 34.758
131.5 65.7299 7.05866 24.2299 34.7853
131.6 65.78 7.03134 24.18 34.8127
131.7 65.83 7.00405 24.13 34.8399
131.8 65.88 6.97681 24.08 34.8672
131.9 65.9301 6.94961 24.0301 34.8944
132 65.9801 6.92245 23.9801 34.9216
132.1 66.0301 6.89533 23.9301 34.9487
132.2 66.0801 6.86826 23.8802 34.9757
132.3 66.1302 6.84123 23.8302 35.0028
132.4 66.1802 6.81425 23.7802 35.0298
132.5 66.2302 6.7873 23.7303 35.0567
132.6 66.2803 6.7604 23.6803 35.0836
132.7 66.3303 6.73354 23.6303 35.1105
132.8 66.3803 6.70673 23.5803 35.1373
132.9 66.4304 6.67996 23.5304 35.164
133 66.4804 6.65323 23.4804 35.1908
133.1 66.5304 6.62655 23.4304 35.2175
133.2 66.5805 6.59991 23.3805 35.2441
133.3 66.6305 6.57331 23.3305 35.2707
133.4 66.6805 6.54676 23.2805 35.2972
133.5 66.7306 6.52025 23.2306 35.3238
133.6 66.7806 6.49378 23.1806 35.3502
133.7 66.8306 6.46736 23.1306 35.3766
133.8 66.8807 6.44098 23.0807 35.403
133.9 66.9307 6.41465 23.0307 35.4294
134 66.9807 6.38836 22.9807 35.4556
134.1 67.0308 6.36211 22.9308 35.4819
134.2 67.0808 6.33591 22.8808 35.5081
134.3 67.1308 6.30976 22.8308 35.5342
134.4 67.1809 6.28364 22.7809 35.5604
134.5 67.2309 6.25758 22.7309 35.5864
134.6 67.2809 6.23155 22.6809 35.6124
134.7 67.3309 6.20558 22.631 35.6384
134.8 67.381 6.17964 22.581 35.6644
134.9 67.431 6.15375 22.531 35.6902
135 67.481 6.12791 22.4811 35.7161
135.1 67.5311 6.10211 22.4311 35.7419
135.2 67.5811 6.07636 22.3811 35.7676
135.3 67.6311 6.05065 22.3312 35.7933
135.4 67.6812 6.02499 22.2812 35.819
135.5 67.7312 5.99937 22.2312 35.8446
135.6 67.7812 5.9738 22.1813 35.8702
135.7 67.8313 5.94828 22.1313 35.8957
135.8 67.8813 5.9228 22.0813 35.9212
135.9 67.9313 5.89736 22.0314 35.9466
136 67.9814 5.87197 21.9814 35.972
136.1 68.0314 5.84663 21.9314 35.9974
136.2 68.0814 5.82133 21.8815 36.0227
136.3 68.1315 5.79608 21.8315 36.0479
136.4 68.1815 5.77088 21.7815 36.0731
136.5 68.2316 5.74572 21.7316 36.0983
136.6 68.2816 5.7206 21.6816 36.1234
136.7 68.3316 5.69554 21.6316 36.1485
136.8 68.3817 5.67052 21.5817 36.1735
136.9 68.4317 5.64554 21.5317 36.1985
137 68.4817 5.62062 21.4817 36.2234
137.1 68.5318 5.59574 21.4318 36.2483
137.2 68.5818 5.5709 21.3818 36.2731
137.3 68.6318 5.54612 21.3318 36.2979
137.4 68.6819 5.52138 21.2819 36.3226
137.5 68.7319 5.49668 21.2319 36.3473
137.6 68.7819 5.47204 21.1819 36.372
137.7 68.832 5.44744 21.132 36.3966
137.8 68.882 5.42289 21.082 36.4211
137.9 68.932 5.39838 21.032 36.4456
138 68.9821 5.37392 20.9821 36.4701
138.1 69.0321 5.34951 20.9321 36.4945
138.2 69.0821 5.32515 20.8821 36.5188
138.3 69.1322 5.30084 20.8322 36.5432
138.4 69.1822 5.27657 20.7822 36.5674
138.5 69.2322 5.25235 20.7323 36.5917
138.6 69.2823 5.22818 20.6823 36.6158
138.7 69.3323 5.20405 20.6323 36.6399
138.8 69.3823 5.17998 20.5824 36.664
138.9 69.4324 5.15595 20.5324 36.6881
139 69.4824 5.13197 20.4824 36.712
139.1 69.5325 5.10803 20.4325 36.736
139.2 69.5825 5.08415 20.3825 36.7599
139.3 69.6325 5.06031 20.3325 36.7837
139.4 69.6826 5.03653 20.2826 36.8075
139.5 69.7326 5.01279 20.2326 36.8312
139.6 69.7826 4.9891 20.1826 36.8549
139.7 69.8327 4.96545 20.1327 36.8785
139.8 69.8827 4.94186 20.0827 36.9021
139.9 69.9327 4.91831 20.0327 36.9257
140 69.9828 4.89482 19.9828 36.9492
140.1 70.0328 4.87137 19.9328 36.9726
140.2 70.0828 4.84797 19.8829 36.996
140.3 70.1329 4.82462 19.8329 37.0194
140.4 70.1829 4.80132 19.7829 37.0427
140.5 70.233 4.77807 19.733 37.0659
140.6 70.283 4.75487 19.683 37.0891
140.7 70.333 4.73172 19.633 37.1123
140.8 70.3831 4.70861 19.5831 37.1354
140.9 70.4331 4.68556 19.5331 37.1584
141 70.4831 4.66255 19.4831 37.1814
141.1 70.5332 4.6396 19.4332 37.2044
141.2 70.5832 4.61669 19.3832 37.2273
141.3 70.6332 4.59384 19.3333 37.2502
141.4 70.6833 4.57103 19.2833 37.273
141.5 70.7333 4.54827 19.2333 37.2957
141.6 70.7834 4.52557 19.1834 37.3184
141.7 70.8334 4.50291 19.1334 37.3411
141.8 70.8834 4.4803 19.0834 37.3637
141.9 70.9335 4.45775 19.0335 37.3863
142 70.9835 4.43524 18.9835 37.4088
142.1 71.0335 4.41278 18.9335 37.4312
142.2 71.0836 4.39038 18.8836 37.4536
142.3 71.1336 4.36802 18.8336 37.476
142.4 71.1836 4.34572 18.7837 37.4983
142.5 71.2337 4.32346 18.7337 37.5205
142.6 71.2837 4.30126 18.6837 37.5427
142.7 71.3338 4.2791 18.6338 37.5649
142.8 71.3838 4.257 18.5838 37.587
142.9 71.4338 4.23495 18.5338 37.6091
143 71.4839 4.21295 18.4839 37.6311
143.1 71.5339 4.191 18.4339 37.653
143.2 71.5839 4.1691 18.384 37.6749
143.3 71.634 4.14725 18.334 37.6968
143.4 71.684 4.12545 18.284 37.7185
143.5 71.7341 4.10371 18.2341 37.7403
143.6 71.7841 4.08201 18.1841 37.762
143.7 71.8341 4.06037 18.1341 37.7836
143.8 71.8842 4.03878 18.0842 37.8052
143.9 71.9342 4.01724 18.0342 37.8268
144 71.9842 3.99575 17.9843 37.8483
144.1 72.0343 3.97431 17.9343 37.8697
144.2 72.0843 3.95292 17.8843 37.8911
144.3 72.1344 3.93159 17.8344 37.9124
144.4 72.1844 3.91031 17.7844 37.9337
144.5 72.2344 3.88908 17.7344 37.9549
144.6 72.2845 3.8679 17.6845 37.9761
144.7 72.3345 3.84677 17.6345 37.9972
144.8 72.3845 3.82569 17.5846 38.0183
144.9 72.4346 3.80467 17.5346 38.0393
145 72.4846 3.7837 17.4846 38.0603
145.1 72.5347 3.76278 17.4347 38.0812
145.2 72.5847 3.74192 17.3847 38.1021
145.3 72.6347 3.7211 17.3348 38.1229
145.4 72.6848 3.70034 17.2848 38.1437
145.5 72.7348 3.67963 17.2348 38.1644
145.6 72.7849 3.65898 17.1849 38.185
145.7 72.8349 3.63837 17.1349 38.2056
145.8 72.8849 3.61782 17.0849 38.2262
145.9 72.935 3.59732 17.035 38.2467
146 72.985 3.57688 16.985 38.2671
146.1 73.0351 3.55648 16.9351 38.2875
146.2 73.0851 3.53614 16.8851 38.3079
146.3 73.1351 3.51586 16.8351 38.3281
146.4 73.1852 3.49562 16.7852 38.3484
146.5 73.2352 3.47544 16.7352 38.3686
146.6 73.2852 3.45531 16.6853 38.3887
146.7 73.3353 3.43524 16.6353 38.4088
146.8 73.3853 3.41522 16.5853 38.4288
146.9 73.4354 3.39525 16.5354 38.4488
147 73.4854 3.37533 16.4854 38.4687
147.1 73.5354 3.35547 16.4355 38.4885
147.2 73.5855 3.33567 16.3855 38.5083
147.3 73.6355 3.31591 16.3355 38.5281
147.4 73.6856 3.29621 16.2856 38.5478
147.5 73.7356 3.27656 16.2356 38.5674
147.6 73.7856 3.25697 16.1856 38.587
147.7 73.8357 3.23743 16.1357 38.6066
147.8 73.8857 3.21795 16.0857 38.6261
147.9 73.9358 3.19852 16.0358 38.6455
148 73.9858 3.17914 15.9858 38.6649
148.1 74.0358 3.15981 15.9358 38.6842
148.2 74.0859 3.14055 15.8859 38.7035
148.3 74.1359 3.12133 15.8359 38.7227
148.4 74.186 3.10217 15.786 38.7418
148.5 74.236 3.08306 15.736 38.7609
148.6 74.286 3.06401 15.686 38.78
148.7 74.3361 3.04501 15.6361 38.799
148.8 74.3861 3.02607 15.5861 38.8179
148.9 74.4362 3.00718 15.5362 38.8368
149 74.4862 2.98835 15.4862 38.8557
149.1 74.5362 2.96957 15.4362 38.8744
149.2 74.5863 2.95084 15.3863 38.8932
149.3 74.6363 2.93217 15.3363 38.9118
149.4 74.6864 2.91356 15.2864 38.9304
149.5 74.7364 2.89499 15.2364 38.949
149.6 74.7864 2.87649 15.1864 38.9675
149.7 74.8365 2.85804 15.1365 38.986
149.8 74.8865 2.83964 15.0865 39.0044
149.9 74.9366 2.8213 15.0366 39.0227
150 74.9866 2.80302 14.9866 39.041
150.1 75.0366 2.78479 14.9366 39.0592
150.2 75.0867 2.76661 14.8867 39.0774
150.3 75.1367 2.74849 14.8367 39.0955
150.4 75.1868 2.73043 14.7868 39.1136
150.5 75.2368 2.71242 14.7368 39.1316
150.6 75.2868 2.69446 14.6869 39.1495
150.7 75.3369 2.67657 14.6369 39.1674
150.8 75.3869 2.65872 14.5869 39.1853
150.9 75.437 2.64094 14.537 39.2031
151 75.487 2.62321 14.487 39.2208
151.1 75.537 2.60553 14.4371 39.2385
151.2 75.5871 2.58791 14.3871 39.2561
151.3 75.6371 2.57035 14.3371 39.2737
151.4 75.6872 2.55284 14.2872 39.2912
151.5 75.7372 2.53539 14.2372 39.3086
151.6 75.7873 2.51799 14.1873 39.326
151.7 75.8373 2.50065 14.1373 39.3433
151.8 75.8873 2.48337 14.0873 39.3606
151.9 75.9374 2.46614 14.0374 39.3779
152 75.9874 2.44897 13.9874 39.395
152.1 76.0375 2.43186 13.9375 39.4121
152.2 76.0875 2.4148 13.8875 39.4292
152.3 76.1375 2.39779 13.8376 39.4462
152.4 76.1876 2.38085 13.7876 39.4632
152.5 76.2376 2.36396 13.7376 39.48
152.6 76.2877 2.34713 13.6877 39.4969
152.7 76.3377 2.33035 13.6377 39.5136
152.8 76.3877 2.31363 13.5878 39.5304
152.9 76.4378 2.29697 13.5378 39.547
153 76.4878 2.28036 13.4878 39.5636
153.1 76.5379 2.26381 13.4379 39.5802
153.2 76.5879 2.24732 13.3879 39.5967
153.3 76.638 2.23088 13.338 39.6131
153.4 76.688 2.21451 13.288 39.6295
153.5 76.738 2.19818 13.2381 39.6458
153.6 76.7881 2.18192 13.1881 39.6621
153.7 76.8381 2.16571 13.1381 39.6783
153.8 76.8882 2.14956 13.0882 39.6944
153.9 76.9382 2.13347 13.0382 39.7105
154 76.9882 2.11743 12.9883 39.7266
154.1 77.0383 2.10145 12.9383 39.7425
154.2 77.0883 2.08553 12.8883 39.7585
154.3 77.1384 2.06967 12.8384 39.7743
154.4 77.1884 2.05386 12.7884 39.7901
154.5 77.2385 2.03811 12.7385 39.8059
154.6 77.2885 2.02242 12.6885 39.8216
154.7 77.3385 2.00678 12.6386 39.8372
154.8 77.3886 1.99121 12.5886 39.8528
154.9 77.4386 1.97569 12.5386 39.8683
155 77.4887 1.96023 12.4887 39.8838
155.1 77.5387 1.94483 12.4387 39.8992
155.2 77.5888 1.92948 12.3888 39.9145
155.3 77.6388 1.91419 12.3388 39.9298
155.4 77.6888 1.89896 12.2889 39.945
155.5 77.7389 1.88379 12.2389 39.9602
155.6 77.7889 1.86868 12.1889 39.9753
155.7 77.839 1.85362 12.139 39.9904
155.8 77.889 1.83862 12.089 40.0054
155.9 77.9391 1.82368 12.0391 40.0203
156 77.9891 1.8088 11.9891 40.0352
156.1 78.0391 1.79398 11.9391 40.05
156.2 78.0892 1.77921 11.8892 40.0648
156.3 78.1392 1.76451 11.8392 40.0795
156.4 78.1893 1.74986 11.7893 40.0941
156.5 78.2393 1.73527 11.7393 40.1087
156.6 78.2894 1.72074 11.6894 40.1233
156.7 78.3394 1.70626 11.6394 40.1377
156.8 78.3894 1.69185 11.5894 40.1521
156.9 78.4395 1.67749 11.5395 40.1665
157 78.4895 1.6632 11.4895 40.1808
157.1 78.5396 1.64896 11.4396 40.195
157.2 78.5896 1.63478 11.3896 40.2092
157.3 78.6397 1.62066 11.3397 40.2233
157.4 78.6897 1.6066 11.2897 40.2374
157.5 78.7397 1.59259 11.2398 40.2514
157.6 78.7898 1.57865 11.1898 40.2654
157.7 78.8398 1.56476 11.1398 40.2792
157.8 78.8899 1.55094 11.0899 40.2931
157.9 78.9399 1.53717 11.0399 40.3068
158 78.99 1.52346 10.99 40.3205
158.1 79.04 1.50981 10.94 40.3342
158.2 79.09 1.49622 10.8901 40.3478
158.3 79.1401 1.48269 10.8401 40.3613
158.4 79.1901 1.46922 10.7901 40.3748
158.5 79.2402 1.4558 10.7402 40.3882
158.6 79.2902 1.44245 10.6902 40.4015
158.7 79.3403 1.42916 10.6403 40.4148
158.8 79.3903 1.41592 10.5903 40.4281
158.9 79.4404 1.40275 10.5404 40.4413
159 79.4904 1.38963 10.4904 40.4544
159.1 79.5404 1.37657 10.4404 40.4674
159.2 79.5905 1.36358 10.3905 40.4804
159.3 79.6405 1.35064 10.3405 40.4934
159.4 79.6906 1.33776 10.2906 40.5062
159.5 79.7406 1.32494 10.2406 40.5191
159.6 79.7907 1.31219 10.1907 40.5318
159.7 79.8407 1.29949 10.1407 40.5445
159.8 79.8907 1.28685 10.0908 40.5572
159.9 79.9408 1.27427 10.0408 40.5697
160 79.9908 1.26175 9.99084 40.5822
160.1 80.0409 1.24929 9.94088 40.5947
160.2 80.0909 1.23689 9.89093 40.6071
160.3 80.141 1.22455 9.84097 40.6194
160.4 80.191 1.21227 9.79102 40.6317
160.5 80.2411 1.20005 9.74106 40.6439
160.6 80.2911 1.1879 9.6911 40.6561
160.7 80.3411 1.1758 9.64115 40.6682
160.8 80.3912 1.16376 9.59119 40.6802
160.9 80.4412 1.15178 9.54124 40.6922
161 80.4913 1.13986 9.49128 40.7041
161.1 80.5413 1.128 9.44133 40.716
161.2 80.5914 1.1162 9.39137 40.7278
161.3 80.6414 1.10447 9.34141 40.7395
161.4 80.6915 1.09279 9.29146 40.7512
161.5 80.7415 1.08117 9.2415 40.7628
161.6 80.7915 1.06962 9.19155 40.7744
161.7 80.8416 1.05812 9.14159 40.7859
161.8 80.8916 1.04668 9.09164 40.7973
161.9 80.9417 1.03531 9.04168 40.8087
162 80.9917 1.024 8.99172 40.82
162.1 81.0418 1.01274 8.94177 40.8313
162.2 81.0918 1.00155 8.89181 40.8425
162.3 81.1419 0.990416 8.84186 40.8536
162.4 81.1919 0.979345 8.7919 40.8647
162.5 81.2419 0.968334 8.74195 40.8757
162.6 81.292 0.957384 8.69199 40.8866
162.7 81.342 0.946495 8.64204 40.8975
162.8 81.3921 0.935666 8.59208 40.9083
162.9 81.4421 0.924899 8.54213 40.9191
163 81.4922 0.914192 8.49217 40.9298
163.1 81.5422 0.903546 8.44221 40.9405
163.2 81.5923 0.892961 8.39226 40.951
163.3 81.6423 0.882438 8.3423 40.9616
163.4 81.6923 0.871975 8.29235 40.972
163.5 81.7424 0.861574 8.24239 40.9824
163.6 81.7924 0.851233 8.19244 40.9928
163.7 81.8425 0.840954 8.14248 41.003
163.8 81.8925 0.830736 8.09253 41.0133
163.9 81.9426 0.820579 8.04257 41.0234
164 81.9926 0.810483 7.99262 41.0335
164.1 82.0427 0.800448 7.94266 41.0436
164.2 82.0927 0.790475 7.89271 41.0535
164.3 82.1427 0.780563 7.84275 41.0634
164.4 82.1928 0.770713 7.7928 41.0733
164.5 82.2428 0.760924 7.74284 41.0831
164.6 82.2929 0.751196 7.69289 41.0928
164.7 82.3429 0.74153 7.64293 41.1025
164.8 82.393 0.731925 7.59298 41.1121
164.9 82.443 0.722382 7.54302 41.1216
165 82.4931 0.7129 7.49307 41.1311
165.1 82.5431 0.70348 7.44311 41.1405
165.2 82.5932 0.694121 7.39316 41.1499
165.3 82.6432 0.684824 7.3432 41.1592
165.4 82.6932 0.675589 7.29325 41.1684
165.5 82.7433 0.666415 7.24329 41.1776
165.6 82.7933 0.657303 7.19334 41.1867
165.7 82.8434 0.648253 7.14339 41.1957
165.8 82.8934 0.639264 7.09343 41.2047
165.9 82.9435 0.630338 7.04348 41.2137
166 82.9935 0.621473 6.99352 41.2225
166.1 83.0436 0.61267 6.94357 41.2313
166.2 83.0936 0.603929 6.89361 41.2401
166.3 83.1437 0.595249 6.84366 41.2488
166.4 83.1937 0.586632 6.7937 41.2574
166.5 83.2437 0.578077 6.74375 41.2659
166.6 83.2938 0.569583 6.69379 41.2744
166.7 83.3438 0.561152 6.64384 41.2828
166.8 83.3939 0.552782 6.59388 41.2912
166.9 83.4439 0.544475 6.54393 41.2995
167 83.494 0.53623 6.49398 41.3078
167.1 83.544 0.528046 6.44402 41.316
167.2 83.5941 0.519925 6.39407 41.3241
167.3 83.6441 0.511866 6.34411 41.3321
167.4 83.6942 0.50387 6.29416 41.3401
167.5 83.7442 0.495935 6.2442 41.3481
167.6 83.7942 0.488063 6.19425 41.3559
167.7 83.8443 0.480252 6.14429 41.3637
167.8 83.8943 0.472505 6.09434 41.3715
167.9 83.9444 0.464819 6.04439 41.3792
168 83.9944 0.457196 5.99443 41.3868
168.1 84.0445 0.449635 5.94448 41.3944
168.2 84.0945 0.442136 5.89452 41.4019
168.3 84.1446 0.4347 5.84457 41.4093
168.4 84.1946 0.427327 5.79462 41.4167
168.5 84.2447 0.420015 5.74466 41.424
168.6 84.2947 0.412766 5.69471 41.4312
168.7 84.3447 0.40558 5.64475 41.4384
168.8 84.3948 0.398456 5.5948 41.4455
168.9 84.4448 0.391395 5.54484 41.4526
169 84.4949 0.384396 5.49489 41.4596
169.1 84.5449 0.37746 5.44494 41.4665
169.2 84.595 0.370586 5.39498 41.4734
169.3 84.645 0.363775 5.34503 41.4802
169.4 84.6951 0.357027 5.29507 41.487
169.5 84.7451 0.350341 5.24512 41.4937
169.6 84.7952 0.343718 5.19517 41.5003
169.7 84.8452 0.337157 5.14521 41.5068
169.8 84.8953 0.330659 5.09526 41.5133
169.9 84.9453 0.324224 5.0453 41.5198
170 84.9953 0.317852 4.99535 41.5261
170.1 85.0454 0.311543 4.9454 41.5325
170.2 85.0954 0.305296 4.89544 41.5387
170.3 85.1455 0.299112 4.84549 41.5449
170.4 85.1955 0.292991 4.79553 41.551
170.5 85.2456 0.286933 4.74558 41.5571
170.6 85.2956 0.280937 4.69563 41.5631
170.7 85.3457 0.275005 4.64567 41.569
170.8 85.3957 0.269135 4.59572 41.5749
170.9 85.4458 0.263328 4.54576 41.5807
171 85.4958 0.257585 4.49581 41.5864
171.1 85.5459 0.251904 4.44586 41.5921
171.2 85.5959 0.246286 4.3959 41.5977
171.3 85.6459 0.240731 4.34595 41.6033
171.4 85.696 0.235239 4.296 41.6088
171.5 85.746 0.22981 4.24604 41.6142
171.6 85.7961 0.224444 4.19609 41.6196
171.7 85.8461 0.219141 4.14613 41.6249
171.8 85.8962 0.213902 4.09618 41.6301
171.9 85.9462 0.208725 4.04623 41.6353
172 85.9963 0.203611 3.99627 41.6404
172.1 86.0463 0.198561 3.94632 41.6454
172.2 86.0964 0.193574 3.89637 41.6504
172.3 86.1464 0.188649 3.84641 41.6554
172.4 86.1965 0.183788 3.79646 41.6602
172.5 86.2465 0.178991 3.7465 41.665
172.6 86.2965 0.174256 3.69655 41.6697
172.7 86.3466 0.169584 3.6466 41.6744
172.8 86.3966 0.164976 3.59664 41.679
172.9 86.4467 0.160431 3.54669 41.6836
173 86.4967 0.155949 3.49674 41.6881
173.1 86.5468 0.151531 3.44678 41.6925
173.2 86.5968 0.147176 3.39683 41.6968
173.3 86.6469 0.142884 3.34688 41.7011
173.4 86.6969 0.138655 3.29692 41.7053
173.5 86.747 0.13449 3.24697 41.7095
173.6 86.797 0.130388 3.19701 41.7136
173.7 86.8471 0.126349 3.14706 41.7177
173.8 86.8971 0.122374 3.09711 41.7216
173.9 86.9472 0.118462 3.04715 41.7255
174 86.9972 0.114613 2.9972 41.7294
174.1 87.0472 0.110828 2.94725 41.7332
174.2 87.0973 0.107106 2.89729 41.7369
174.3 87.1473 0.103447 2.84734 41.7406
174.4 87.1974 0.0998523 2.79739 41.7441
174.5 87.2474 0.0963207 2.74743 41.7477
174.6 87.2975 0.0928526 2.69748 41.7511
174.7 87.3475 0.0894479 2.64753 41.7546
174.8 87.3976 0.0861066 2.59757 41.7579
174.9 87.4476 0.0828288 2.54762 41.7612
175 87.4977 0.0796145 2.49767 41.7644
175.1 87.5477 0.0764637 2.44771 41.7675
175.2 87.5978 0.0733764 2.39776 41.7706
175.3 87.6478 0.0703526 2.34781 41.7736
175.4 87.6979 0.0673923 2.29785 41.7766
175.5 87.7479 0.0644955 2.2479 41.7795
175.6 87.7979 0.0616623 2.19795 41.7823
175.7 87.848 0.0588926 2.14799 41.7851
175.8 87.898 0.0561865 2.09804 41.7878
175.9 87.9481 0.0535439 2.04809 41.7905
176 87.9981 0.0509649 1.99813 41.793
176.1 88.0482 0.0484495 1.94818 41.7956
176.2 88.0982 0.0459977 1.89823 41.798
176.3 88.1483 0.0436094 1.84827 41.8004
176.4 88.1983 0.0412848 1.79832 41.8027
176.5 88.2484 0.0390237 1.74837 41.805
176.6 88.2984 0.0368263 1.69841 41.8072
176.7 88.3485 0.0346925 1.64846 41.8093
176.8 88.3985 0.0326223 1.59851 41.8114
176.9 88.4486 0.0306158 1.54855 41.8134
177 88.4986 0.0286729 1.4986 41.8153
177.1 88.5486 0.0267936 1.44865 41.8172
177.2 88.5987 0.024978 1.39869 41.819
177.3 88.6487 0.023226 1.34874 41.8208
177.4 88.6988 0.0215377 1.29879 41.8225
177.5 88.7488 0.0199131 1.24883 41.8241
177.6 88.7989 0.0183521 1.19888 41.8256
177.7 88.8489 0.0168549 1.14893 41.8271
177.8 88.899 0.0154213 1.09897 41.8286
177.9 88.949 0.0140513 1.04902 41.8299
178 88.9991 0.0127451 0.999065 41.8313
178.1 89.0491 0.0115026 0.949112 41.8325
178.2 89.0992 0.0103237 0.899159 41.8337
178.3 89.1492 0.00920861 0.849206 41.8348
178.4 89.1993 0.00815717 0.799252 41.8358
178.5 89.2493 0.00716945 0.749299 41.8368
178.6 89.2993 0.00624543 0.699346 41.8378
178.7 89.3494 0.00538513 0.649392 41.8386
178.8 89.3994 0.00458854 0.599439 41.8394
178.9 89.4495 0.00385567 0.549486 41.8401
179 89.4995 0.00318652 0.499533 41.8408
179.1 89.5496 0.0025811 0.449579 41.8414
179.2 89.5996 0.00203939 0.399626 41.842
179.3 89.6497 0.00156142 0.349673 41.8424
179.4 89.6997 0.00114717 0.29972 41.8429
179.5 89.7498 0.000796646 0.249766 41.8432
179.6 89.7998 0.000509854 0.199813 41.8435
179.7 89.8499 0.000286794 0.14986 41.8437
179.8 89.8999 0.000127464 0.0999065 41.8439
179.9 89.95 3.1866e-05 0.0499533 41.844
180 177.945 0 3.50508e-15 41.844
