#kinematics calculation of exex
#vertex z = 700 mm, E_reaction = 19.708 MeV
#theta_cm, theta3_lab, Ek3_lab, theta4_lab, Ek4_lab
0 0 8.50922 0 2.31878
0.1 0.0238922 8.50922 0.0457754 2.31878
0.2 0.0477845 8.50921 0.0915504 2.31879
0.3 0.0716766 8.50918 0.137325 2.31882
0.4 0.0955687 8.50915 0.183098 2.31885
0.5 0.119461 8.50911 0.228869 2.31889
0.6 0.143352 8.50905 0.274639 2.31895
0.7 0.167244 8.50899 0.320406 2.31901
0.8 0.191135 8.50892 0.36617 2.31908
0.9 0.215027 8.50884 0.411932 2.31916
1 0.238918 8.50875 0.45769 2.31925
1.1 0.262808 8.50865 0.503444 2.31935
1.2 0.286699 8.50855 0.549193 2.31945
1.3 0.310589 8.50843 0.594938 2.31957
1.4 0.334478 8.5083 0.640678 2.3197
1.5 0.358367 8.50816 0.686413 2.31984
1.6 0.382256 8.50802 0.732142 2.31998
1.7 0.406145 8.50786 0.777864 2.32014
1.8 0.430032 8.5077 0.82358 2.3203
1.9 0.45392 8.50752 0.869289 2.32048
2 0.477806 8.50734 0.91499 2.32066
2.1 0.501693 8.50715 0.960684 2.32085
2.2 0.525578 8.50694 1.00637 2.32106
2.3 0.549463 8.50673 1.05205 2.32127
2.4 0.573347 8.50651 1.09771 2.32149
2.5 0.597231 8.50628 1.14337 2.32172
2.6 0.621114 8.50604 1.18902 2.32196
2.7 0.644996 8.50579 1.23466 2.32221
2.8 0.668877 8.50553 1.28029 2.32247
2.9 0.692758 8.50526 1.32591 2.32274
3 0.716637 8.50498 1.37151 2.32302
3.1 0.740516 8.50469 1.41711 2.32331
3.2 0.764394 8.5044 1.46269 2.3236
3.3 0.788271 8.50409 1.50826 2.32391
3.4 0.812147 8.50378 1.55382 2.32422
3.5 0.836022 8.50345 1.59936 2.32455
3.6 0.859896 8.50312 1.64489 2.32488
3.7 0.883769 8.50277 1.69041 2.32523
3.8 0.907641 8.50242 1.73591 2.32558
3.9 0.931512 8.50206 1.7814 2.32594
4 0.955381 8.50168 1.82687 2.32632
4.1 0.97925 8.5013 1.87233 2.3267
4.2 1.00312 8.50091 1.91777 2.32709
4.3 1.02698 8.50051 1.9632 2.32749
4.4 1.05085 8.5001 2.00861 2.3279
4.5 1.07471 8.49968 2.054 2.32832
4.6 1.09857 8.49925 2.09937 2.32875
4.7 1.12244 8.49882 2.14473 2.32918
4.8 1.14629 8.49837 2.19007 2.32963
4.9 1.17015 8.49791 2.23539 2.33009
5 1.19401 8.49745 2.28069 2.33055
5.1 1.21787 8.49697 2.32597 2.33103
5.2 1.24172 8.49649 2.37123 2.33151
5.3 1.26557 8.49599 2.41647 2.33201
5.4 1.28942 8.49549 2.46169 2.33251
5.5 1.31327 8.49497 2.5069 2.33303
5.6 1.33712 8.49445 2.55208 2.33355
5.7 1.36097 8.49392 2.59723 2.33408
5.8 1.38481 8.49338 2.64237 2.33462
5.9 1.40865 8.49283 2.68748 2.33517
6 1.43249 8.49227 2.73258 2.33573
6.1 1.45633 8.4917 2.77764 2.3363
6.2 1.48017 8.49112 2.82269 2.33688
6.3 1.50401 8.49053 2.86771 2.33747
6.4 1.52784 8.48993 2.91271 2.33807
6.5 1.55167 8.48933 2.95768 2.33867
6.6 1.5755 8.48871 3.00263 2.33929
6.7 1.59933 8.48809 3.04755 2.33991
6.8 1.62316 8.48745 3.09245 2.34055
6.9 1.64698 8.48681 3.13732 2.34119
7 1.6708 8.48615 3.18217 2.34185
7.1 1.69462 8.48549 3.22699 2.34251
7.2 1.71844 8.48482 3.27178 2.34318
7.3 1.74226 8.48414 3.31654 2.34386
7.4 1.76607 8.48344 3.36128 2.34456
7.5 1.78988 8.48274 3.40599 2.34526
7.6 1.81369 8.48203 3.45067 2.34597
7.7 1.8375 8.48132 3.49532 2.34668
7.8 1.86131 8.48059 3.53994 2.34741
7.9 1.88511 8.47985 3.58453 2.34815
8 1.90891 8.4791 3.62909 2.3489
8.1 1.93271 8.47835 3.67362 2.34965
8.2 1.95651 8.47758 3.71813 2.35042
8.3 1.9803 8.4768 3.7626 2.3512
8.4 2.00409 8.47602 3.80704 2.35198
8.5 2.02788 8.47523 3.85144 2.35277
8.6 2.05167 8.47442 3.89582 2.35358
8.7 2.07545 8.47361 3.94016 2.35439
8.8 2.09923 8.47279 3.98447 2.35521
8.9 2.12301 8.47196 4.02875 2.35604
9 2.14679 8.47112 4.07299 2.35688
9.1 2.17056 8.47027 4.1172 2.35773
9.2 2.19433 8.46941 4.16138 2.35859
9.3 2.2181 8.46854 4.20552 2.35946
9.4 2.24186 8.46766 4.24963 2.36034
9.5 2.26563 8.46678 4.2937 2.36122
9.6 2.28939 8.46588 4.33773 2.36212
9.7 2.31314 8.46497 4.38173 2.36303
9.8 2.3369 8.46406 4.4257 2.36394
9.9 2.36065 8.46313 4.46962 2.36487
10 2.3844 8.4622 4.51351 2.3658
10.1 2.40815 8.46126 4.55737 2.36674
10.2 2.43189 8.46031 4.60118 2.36769
10.3 2.45563 8.45934 4.64496 2.36866
10.4 2.47936 8.45837 4.6887 2.36963
10.5 2.5031 8.45739 4.7324 2.37061
10.6 2.52683 8.45641 4.77606 2.37159
10.7 2.55056 8.45541 4.81968 2.37259
10.8 2.57428 8.4544 4.86327 2.3736
10.9 2.598 8.45338 4.90681 2.37462
11 2.62172 8.45236 4.95031 2.37564
11.1 2.64544 8.45132 4.99378 2.37668
11.2 2.66915 8.45028 5.0372 2.37772
11.3 2.69286 8.44922 5.08058 2.37878
11.4 2.71656 8.44816 5.12392 2.37984
11.5 2.74027 8.44709 5.16721 2.38091
11.6 2.76396 8.446 5.21047 2.382
11.7 2.78766 8.44491 5.25368 2.38309
11.8 2.81135 8.44381 5.29685 2.38419
11.9 2.83504 8.4427 5.33998 2.3853
12 2.85872 8.44159 5.38306 2.38641
12.1 2.88241 8.44046 5.4261 2.38754
12.2 2.90608 8.43932 5.46909 2.38868
12.3 2.92976 8.43818 5.51204 2.38982
12.4 2.95343 8.43702 5.55495 2.39098
12.5 2.9771 8.43585 5.59781 2.39215
12.6 3.00076 8.43468 5.64062 2.39332
12.7 3.02442 8.4335 5.68339 2.3945
12.8 3.04808 8.43231 5.72612 2.39569
12.9 3.07173 8.4311 5.76879 2.3969
13 3.09538 8.42989 5.81143 2.39811
13.1 3.11902 8.42867 5.85401 2.39933
13.2 3.14266 8.42744 5.89655 2.40056
13.3 3.1663 8.42621 5.93903 2.40179
13.4 3.18993 8.42496 5.98147 2.40304
13.5 3.21356 8.4237 6.02387 2.4043
13.6 3.23719 8.42244 6.06621 2.40556
13.7 3.26081 8.42116 6.10851 2.40684
13.8 3.28443 8.41988 6.15075 2.40812
13.9 3.30804 8.41859 6.19295 2.40941
14 3.33165 8.41728 6.2351 2.41072
14.1 3.35526 8.41597 6.2772 2.41203
14.2 3.37886 8.41465 6.31924 2.41335
14.3 3.40245 8.41332 6.36124 2.41468
14.4 3.42605 8.41198 6.40319 2.41602
14.5 3.44964 8.41063 6.44508 2.41737
14.6 3.47322 8.40928 6.48693 2.41872
14.7 3.4968 8.40791 6.52872 2.42009
14.8 3.52038 8.40654 6.57046 2.42146
14.9 3.54395 8.40515 6.61214 2.42285
15 3.56751 8.40376 6.65378 2.42424
15.1 3.59108 8.40235 6.69536 2.42565
15.2 3.61464 8.40094 6.73689 2.42706
15.3 3.63819 8.39952 6.77837 2.42848
15.4 3.66174 8.39809 6.81979 2.42991
15.5 3.68528 8.39665 6.86116 2.43135
15.6 3.70882 8.3952 6.90247 2.4328
15.7 3.73236 8.39375 6.94373 2.43425
15.8 3.75589 8.39228 6.98493 2.43572
15.9 3.77942 8.3908 7.02608 2.4372
16 3.80294 8.38932 7.06718 2.43868
16.1 3.82646 8.38783 7.10822 2.44017
16.2 3.84997 8.38632 7.1492 2.44168
16.3 3.87348 8.38481 7.19013 2.44319
16.4 3.89698 8.38329 7.231 2.44471
16.5 3.92048 8.38176 7.27181 2.44624
16.6 3.94397 8.38022 7.31257 2.44778
16.7 3.96746 8.37868 7.35326 2.44932
16.8 3.99094 8.37712 7.39391 2.45088
16.9 4.01442 8.37555 7.43449 2.45245
17 4.03789 8.37398 7.47502 2.45402
17.1 4.06136 8.37239 7.51548 2.45561
17.2 4.08483 8.3708 7.55589 2.4572
17.3 4.10828 8.3692 7.59624 2.4588
17.4 4.13174 8.36759 7.63654 2.46041
17.5 4.15519 8.36597 7.67677 2.46203
17.6 4.17863 8.36434 7.71694 2.46366
17.7 4.20207 8.3627 7.75705 2.4653
17.8 4.2255 8.36105 7.79711 2.46695
17.9 4.24893 8.3594 7.8371 2.4686
18 4.27235 8.35773 7.87703 2.47027
18.1 4.29577 8.35606 7.9169 2.47194
18.2 4.31918 8.35438 7.95671 2.47362
18.3 4.34258 8.35268 7.99646 2.47532
18.4 4.36598 8.35098 8.03615 2.47702
18.5 4.38938 8.34927 8.07578 2.47873
18.6 4.41277 8.34756 8.11534 2.48044
18.7 4.43615 8.34583 8.15484 2.48217
18.8 4.45953 8.34409 8.19428 2.48391
18.9 4.48291 8.34235 8.23366 2.48565
19 4.50627 8.34059 8.27297 2.48741
19.1 4.52964 8.33883 8.31222 2.48917
19.2 4.55299 8.33706 8.35141 2.49094
19.3 4.57634 8.33528 8.39053 2.49272
19.4 4.59969 8.33349 8.42959 2.49451
19.5 4.62303 8.33169 8.46859 2.49631
19.6 4.64636 8.32988 8.50752 2.49812
19.7 4.66969 8.32806 8.54639 2.49994
19.8 4.69301 8.32624 8.58519 2.50176
19.9 4.71633 8.3244 8.62393 2.5036
20 4.73964 8.32256 8.6626 2.50544
20.1 4.76294 8.32071 8.70121 2.50729
20.2 4.78624 8.31885 8.73975 2.50915
20.3 4.80953 8.31698 8.77823 2.51102
20.4 4.83282 8.3151 8.81663 2.5129
20.5 4.8561 8.31321 8.85498 2.51479
20.6 4.87937 8.31131 8.89326 2.51669
20.7 4.90264 8.30941 8.93147 2.51859
20.8 4.9259 8.3075 8.96961 2.5205
20.9 4.94916 8.30557 9.00769 2.52243
21 4.97241 8.30364 9.04569 2.52436
21.1 4.99565 8.3017 9.08364 2.5263
21.2 5.01889 8.29975 9.12151 2.52825
21.3 5.04212 8.29779 9.15932 2.53021
21.4 5.06534 8.29583 9.19705 2.53217
21.5 5.08856 8.29385 9.23472 2.53415
21.6 5.11177 8.29187 9.27233 2.53613
21.7 5.13498 8.28987 9.30986 2.53813
21.8 5.15818 8.28787 9.34732 2.54013
21.9 5.18137 8.28586 9.38472 2.54214
22 5.20456 8.28384 9.42204 2.54416
22.1 5.22774 8.28181 9.4593 2.54619
22.2 5.25091 8.27978 9.49648 2.54822
22.3 5.27407 8.27773 9.5336 2.55027
22.4 5.29723 8.27568 9.57065 2.55232
22.5 5.32039 8.27361 9.60762 2.55439
22.6 5.34353 8.27154 9.64453 2.55646
22.7 5.36667 8.26946 9.68137 2.55854
22.8 5.3898 8.26737 9.71813 2.56063
22.9 5.41293 8.26528 9.75482 2.56272
23 5.43605 8.26317 9.79145 2.56483
23.1 5.45916 8.26105 9.828 2.56695
23.2 5.48227 8.25893 9.86448 2.56907
23.3 5.50537 8.2568 9.90089 2.5712
23.4 5.52846 8.25466 9.93722 2.57334
23.5 5.55154 8.25251 9.97349 2.57549
23.6 5.57462 8.25035 10.0097 2.57765
23.7 5.59769 8.24818 10.0458 2.57982
23.8 5.62075 8.24601 10.0818 2.58199
23.9 5.64381 8.24382 10.1178 2.58418
24 5.66686 8.24163 10.1537 2.58637
24.1 5.6899 8.23943 10.1896 2.58857
24.2 5.71293 8.23722 10.2253 2.59078
24.3 5.73596 8.235 10.261 2.593
24.4 5.75898 8.23277 10.2966 2.59523
24.5 5.78199 8.23053 10.3321 2.59747
24.6 5.805 8.22829 10.3676 2.59971
24.7 5.828 8.22604 10.403 2.60196
24.8 5.85099 8.22377 10.4383 2.60423
24.9 5.87397 8.2215 10.4735 2.6065
25 5.89695 8.21923 10.5087 2.60877
25.1 5.91991 8.21694 10.5438 2.61106
25.2 5.94288 8.21464 10.5788 2.61336
25.3 5.96583 8.21234 10.6138 2.61566
25.4 5.98877 8.21003 10.6486 2.61797
25.5 6.01171 8.2077 10.6834 2.6203
25.6 6.03464 8.20537 10.7181 2.62263
25.7 6.05756 8.20304 10.7528 2.62496
25.8 6.08048 8.20069 10.7873 2.62731
25.9 6.10339 8.19833 10.8218 2.62967
26 6.12629 8.19597 10.8563 2.63203
26.1 6.14918 8.1936 10.8906 2.6344
26.2 6.17206 8.19122 10.9249 2.63678
26.3 6.19494 8.18883 10.959 2.63917
26.4 6.2178 8.18643 10.9931 2.64157
26.5 6.24066 8.18402 11.0272 2.64398
26.6 6.26352 8.18161 11.0611 2.64639
26.7 6.28636 8.17918 11.095 2.64882
26.8 6.3092 8.17675 11.1288 2.65125
26.9 6.33202 8.17431 11.1625 2.65369
27 6.35484 8.17186 11.1962 2.65614
27.1 6.37765 8.16941 11.2298 2.65859
27.2 6.40046 8.16694 11.2633 2.66106
27.3 6.42325 8.16447 11.2967 2.66353
27.4 6.44604 8.16199 11.33 2.66601
27.5 6.46882 8.1595 11.3633 2.6685
27.6 6.49159 8.157 11.3965 2.671
27.7 6.51435 8.15449 11.4296 2.67351
27.8 6.5371 8.15198 11.4626 2.67602
27.9 6.55985 8.14945 11.4956 2.67855
28 6.58258 8.14692 11.5284 2.68108
28.1 6.60531 8.14438 11.5612 2.68362
28.2 6.62803 8.14183 11.5939 2.68617
28.3 6.65074 8.13927 11.6266 2.68873
28.4 6.67345 8.13671 11.6591 2.69129
28.5 6.69614 8.13414 11.6916 2.69386
28.6 6.71882 8.13155 11.724 2.69645
28.7 6.7415 8.12896 11.7563 2.69904
28.8 6.76417 8.12637 11.7886 2.70163
28.9 6.78683 8.12376 11.8207 2.70424
29 6.80948 8.12114 11.8528 2.70686
29.1 6.83212 8.11852 11.8848 2.70948
29.2 6.85475 8.11589 11.9167 2.71211
29.3 6.87738 8.11325 11.9486 2.71475
29.4 6.89999 8.1106 11.9804 2.7174
29.5 6.9226 8.10795 12.012 2.72005
29.6 6.94519 8.10528 12.0437 2.72272
29.7 6.96778 8.10261 12.0752 2.72539
29.8 6.99036 8.09993 12.1066 2.72807
29.9 7.01293 8.09724 12.138 2.73076
30 7.03549 8.09454 12.1693 2.73346
30.1 7.05804 8.09184 12.2005 2.73616
30.2 7.08058 8.08912 12.2316 2.73888
30.3 7.10312 8.0864 12.2626 2.7416
30.4 7.12564 8.08367 12.2936 2.74433
30.5 7.14816 8.08094 12.3245 2.74706
30.6 7.17066 8.07819 12.3553 2.74981
30.7 7.19316 8.07544 12.386 2.75256
30.8 7.21564 8.07267 12.4167 2.75533
30.9 7.23812 8.0699 12.4472 2.7581
31 7.26059 8.06712 12.4777 2.76088
31.1 7.28305 8.06434 12.5081 2.76366
31.2 7.30549 8.06154 12.5384 2.76646
31.3 7.32793 8.05874 12.5687 2.76926
31.4 7.35036 8.05593 12.5988 2.77207
31.5 7.37278 8.05311 12.6289 2.77489
31.6 7.39519 8.05029 12.6589 2.77771
31.7 7.41759 8.04745 12.6888 2.78055
31.8 7.43998 8.04461 12.7186 2.78339
31.9 7.46236 8.04176 12.7484 2.78624
32 7.48474 8.0389 12.778 2.7891
32.1 7.5071 8.03603 12.8076 2.79197
32.2 7.52945 8.03316 12.8371 2.79484
32.3 7.55179 8.03027 12.8665 2.79773
32.4 7.57412 8.02738 12.8959 2.80062
32.5 7.59644 8.02449 12.9251 2.80351
32.6 7.61876 8.02158 12.9543 2.80642
32.7 7.64106 8.01866 12.9834 2.80934
32.8 7.66335 8.01574 13.0124 2.81226
32.9 7.68563 8.01281 13.0413 2.81519
33 7.7079 8.00987 13.0702 2.81813
33.1 7.73016 8.00693 13.0989 2.82107
33.2 7.75241 8.00397 13.1276 2.82403
33.3 7.77465 8.00101 13.1562 2.82699
33.4 7.79688 7.99804 13.1847 2.82996
33.5 7.8191 7.99506 13.2132 2.83294
33.6 7.84131 7.99208 13.2415 2.83592
33.7 7.86351 7.98908 13.2698 2.83892
33.8 7.8857 7.98608 13.298 2.84192
33.9 7.90788 7.98307 13.3261 2.84493
34 7.93005 7.98006 13.3541 2.84794
34.1 7.95221 7.97703 13.382 2.85097
34.2 7.97435 7.974 13.4099 2.854
34.3 7.99649 7.97096 13.4377 2.85704
34.4 8.01861 7.96791 13.4654 2.86009
34.5 8.04073 7.96486 13.493 2.86314
34.6 8.06283 7.96179 13.5205 2.86621
34.7 8.08493 7.95872 13.5479 2.86928
34.8 8.10701 7.95564 13.5753 2.87236
34.9 8.12908 7.95255 13.6026 2.87545
35 8.15114 7.94946 13.6298 2.87854
35.1 8.17319 7.94636 13.6569 2.88164
35.2 8.19523 7.94325 13.6839 2.88475
35.3 8.21726 7.94013 13.7108 2.88787
35.4 8.23928 7.937 13.7377 2.891
35.5 8.26128 7.93387 13.7645 2.89413
35.6 8.28328 7.93073 13.7912 2.89727
35.7 8.30526 7.92758 13.8178 2.90042
35.8 8.32724 7.92442 13.8443 2.90358
35.9 8.3492 7.92126 13.8707 2.90674
36 8.37115 7.91809 13.8971 2.90991
36.1 8.39309 7.91491 13.9234 2.91309
36.2 8.41502 7.91172 13.9496 2.91628
36.3 8.43693 7.90853 13.9757 2.91947
36.4 8.45884 7.90533 14.0017 2.92267
36.5 8.48073 7.90212 14.0277 2.92588
36.6 8.50261 7.8989 14.0535 2.9291
36.7 8.52449 7.89568 14.0793 2.93232
36.8 8.54634 7.89244 14.105 2.93556
36.9 8.56819 7.8892 14.1306 2.9388
37 8.59003 7.88596 14.1561 2.94204
37.1 8.61185 7.8827 14.1816 2.9453
37.2 8.63367 7.87944 14.2069 2.94856
37.3 8.65547 7.87617 14.2322 2.95183
37.4 8.67726 7.87289 14.2574 2.95511
37.5 8.69904 7.86961 14.2825 2.95839
37.6 8.7208 7.86631 14.3075 2.96169
37.7 8.74256 7.86301 14.3325 2.96499
37.8 8.7643 7.85971 14.3573 2.96829
37.9 8.78603 7.85639 14.3821 2.97161
38 8.80775 7.85307 14.4068 2.97493
38.1 8.82946 7.84974 14.4314 2.97826
38.2 8.85115 7.8464 14.456 2.9816
38.3 8.87284 7.84306 14.4804 2.98494
38.4 8.89451 7.83971 14.5048 2.98829
38.5 8.91616 7.83635 14.529 2.99165
38.6 8.93781 7.83298 14.5532 2.99502
38.7 8.95945 7.82961 14.5773 2.99839
38.8 8.98107 7.82623 14.6014 3.00177
38.9 9.00268 7.82284 14.6253 3.00516
39 9.02428 7.81944 14.6492 3.00856
39.1 9.04586 7.81604 14.6729 3.01196
39.2 9.06743 7.81263 14.6966 3.01537
39.3 9.08899 7.80921 14.7202 3.01879
39.4 9.11054 7.80578 14.7438 3.02222
39.5 9.13208 7.80235 14.7672 3.02565
39.6 9.1536 7.79891 14.7906 3.02909
39.7 9.17511 7.79546 14.8138 3.03254
39.8 9.19661 7.79201 14.837 3.03599
39.9 9.21809 7.78855 14.8601 3.03945
40 9.23957 7.78508 14.8832 3.04292
40.1 9.26102 7.7816 14.9061 3.0464
40.2 9.28247 7.77812 14.929 3.04988
40.3 9.30391 7.77463 14.9517 3.05337
40.4 9.32533 7.77113 14.9744 3.05687
40.5 9.34674 7.76763 14.997 3.06037
40.6 9.36813 7.76411 15.0196 3.06389
40.7 9.38951 7.7606 15.042 3.0674
40.8 9.41088 7.75707 15.0644 3.07093
40.9 9.43224 7.75354 15.0866 3.07446
41 9.45358 7.75 15.1088 3.078
41.1 9.47491 7.74645 15.1309 3.08155
41.2 9.49623 7.74289 15.153 3.08511
41.3 9.51754 7.73933 15.1749 3.08867
41.4 9.53883 7.73576 15.1968 3.09224
41.5 9.5601 7.73219 15.2185 3.09581
41.6 9.58137 7.7286 15.2402 3.0994
41.7 9.60262 7.72501 15.2618 3.10299
41.8 9.62386 7.72142 15.2834 3.10658
41.9 9.64508 7.71781 15.3048 3.11019
42 9.66629 7.7142 15.3262 3.1138
42.1 9.68749 7.71058 15.3475 3.11742
42.2 9.70867 7.70696 15.3687 3.12104
42.3 9.72984 7.70332 15.3898 3.12468
42.4 9.751 7.69968 15.4108 3.12832
42.5 9.77214 7.69604 15.4318 3.13196
42.6 9.79327 7.69239 15.4526 3.13561
42.7 9.81439 7.68873 15.4734 3.13927
42.8 9.83549 7.68506 15.4941 3.14294
42.9 9.85658 7.68138 15.5147 3.14662
43 9.87765 7.6777 15.5353 3.1503
43.1 9.89871 7.67402 15.5557 3.15398
43.2 9.91976 7.67032 15.5761 3.15768
43.3 9.94079 7.66662 15.5964 3.16138
43.4 9.96181 7.66291 15.6166 3.16509
43.5 9.98281 7.6592 15.6367 3.1688
43.6 10.0038 7.65547 15.6568 3.17253
43.7 10.0248 7.65175 15.6767 3.17625
43.8 10.0457 7.64801 15.6966 3.17999
43.9 10.0667 7.64427 15.7164 3.18373
44 10.0876 7.64052 15.7361 3.18748
44.1 10.1085 7.63676 15.7557 3.19124
44.2 10.1294 7.633 15.7753 3.195
44.3 10.1503 7.62923 15.7948 3.19877
44.4 10.1712 7.62545 15.8141 3.20255
44.5 10.1921 7.62167 15.8334 3.20633
44.6 10.2129 7.61788 15.8527 3.21012
44.7 10.2338 7.61408 15.8718 3.21392
44.8 10.2546 7.61028 15.8909 3.21772
44.9 10.2754 7.60647 15.9098 3.22153
45 10.2962 7.60265 15.9287 3.22535
45.1 10.3169 7.59883 15.9476 3.22917
45.2 10.3377 7.595 15.9663 3.233
45.3 10.3584 7.59116 15.9849 3.23684
45.4 10.3792 7.58732 16.0035 3.24068
45.5 10.3999 7.58347 16.022 3.24453
45.6 10.4206 7.57961 16.0404 3.24839
45.7 10.4413 7.57575 16.0587 3.25225
45.8 10.462 7.57188 16.077 3.25612
45.9 10.4826 7.56801 16.0951 3.25999
46 10.5032 7.56412 16.1132 3.26388
46.1 10.5239 7.56023 16.1312 3.26777
46.2 10.5445 7.55634 16.1492 3.27166
46.3 10.5651 7.55244 16.167 3.27556
46.4 10.5857 7.54853 16.1848 3.27947
46.5 10.6062 7.54461 16.2024 3.28339
46.6 10.6268 7.54069 16.22 3.28731
46.7 10.6473 7.53676 16.2375 3.29124
46.8 10.6678 7.53283 16.255 3.29517
46.9 10.6883 7.52889 16.2723 3.29911
47 10.7088 7.52494 16.2896 3.30306
47.1 10.7293 7.52098 16.3068 3.30702
47.2 10.7498 7.51702 16.3239 3.31098
47.3 10.7702 7.51306 16.341 3.31494
47.4 10.7906 7.50908 16.3579 3.31892
47.5 10.811 7.5051 16.3748 3.3229
47.6 10.8314 7.50112 16.3916 3.32688
47.7 10.8518 7.49712 16.4083 3.33088
47.8 10.8722 7.49313 16.4249 3.33487
47.9 10.8925 7.48912 16.4415 3.33888
48 10.9128 7.48511 16.458 3.34289
48.1 10.9332 7.48109 16.4743 3.34691
48.2 10.9535 7.47707 16.4907 3.35093
48.3 10.9737 7.47304 16.5069 3.35496
48.4 10.994 7.469 16.5231 3.359
48.5 11.0143 7.46496 16.5391 3.36304
48.6 11.0345 7.46091 16.5551 3.36709
48.7 11.0547 7.45685 16.571 3.37115
48.8 11.0749 7.45279 16.5869 3.37521
48.9 11.0951 7.44872 16.6026 3.37928
49 11.1153 7.44465 16.6183 3.38335
49.1 11.1354 7.44057 16.6339 3.38743
49.2 11.1556 7.43648 16.6494 3.39152
49.3 11.1757 7.43239 16.6649 3.39561
49.4 11.1958 7.42829 16.6802 3.39971
49.5 11.2159 7.42419 16.6955 3.40381
49.6 11.236 7.42008 16.7107 3.40792
49.7 11.256 7.41596 16.7259 3.41204
49.8 11.276 7.41184 16.7409 3.41616
49.9 11.2961 7.40771 16.7559 3.42029
50 11.3161 7.40357 16.7708 3.42443
50.1 11.3361 7.39943 16.7856 3.42857
50.2 11.356 7.39528 16.8003 3.43272
50.3 11.376 7.39113 16.815 3.43687
50.4 11.3959 7.38697 16.8296 3.44103
50.5 11.4158 7.3828 16.8441 3.4452
50.6 11.4358 7.37863 16.8585 3.44937
50.7 11.4556 7.37446 16.8728 3.45354
50.8 11.4755 7.37027 16.8871 3.45773
50.9 11.4954 7.36608 16.9013 3.46192
51 11.5152 7.36189 16.9154 3.46611
51.1 11.535 7.35769 16.9294 3.47031
51.2 11.5548 7.35348 16.9434 3.47452
51.3 11.5746 7.34927 16.9573 3.47873
51.4 11.5944 7.34505 16.9711 3.48295
51.5 11.6141 7.34082 16.9848 3.48718
51.6 11.6338 7.33659 16.9984 3.49141
51.7 11.6536 7.33236 17.012 3.49564
51.8 11.6733 7.32811 17.0255 3.49989
51.9 11.6929 7.32386 17.0389 3.50414
52 11.7126 7.31961 17.0523 3.50839
52.1 11.7322 7.31535 17.0655 3.51265
52.2 11.7519 7.31108 17.0787 3.51692
52.3 11.7715 7.30681 17.0918 3.52119
52.4 11.7911 7.30254 17.1048 3.52546
52.5 11.8106 7.29825 17.1178 3.52975
52.6 11.8302 7.29396 17.1307 3.53404
52.7 11.8497 7.28967 17.1435 3.53833
52.8 11.8693 7.28537 17.1562 3.54263
52.9 11.8888 7.28106 17.1689 3.54694
53 11.9082 7.27675 17.1814 3.55125
53.1 11.9277 7.27244 17.1939 3.55556
53.2 11.9472 7.26811 17.2064 3.55989
53.3 11.9666 7.26378 17.2187 3.56422
53.4 11.986 7.25945 17.231 3.56855
53.5 12.0054 7.25511 17.2432 3.57289
53.6 12.0248 7.25076 17.2553 3.57724
53.7 12.0441 7.24641 17.2673 3.58159
53.8 12.0635 7.24206 17.2793 3.58594
53.9 12.0828 7.23769 17.2912 3.59031
54 12.1021 7.23333 17.303 3.59467
54.1 12.1214 7.22895 17.3148 3.59905
54.2 12.1406 7.22458 17.3264 3.60342
54.3 12.1599 7.22019 17.338 3.60781
54.4 12.1791 7.2158 17.3495 3.6122
54.5 12.1983 7.21141 17.361 3.61659
54.6 12.2175 7.20701 17.3724 3.62099
54.7 12.2367 7.2026 17.3836 3.6254
54.8 12.2558 7.19819 17.3949 3.62981
54.9 12.2749 7.19377 17.406 3.63423
55 12.294 7.18935 17.4171 3.63865
55.1 12.3131 7.18492 17.4281 3.64308
55.2 12.3322 7.18049 17.439 3.64751
55.3 12.3513 7.17605 17.4499 3.65195
55.4 12.3703 7.1716 17.4606 3.6564
55.5 12.3893 7.16715 17.4713 3.66085
55.6 12.4083 7.1627 17.482 3.6653
55.7 12.4273 7.15824 17.4925 3.66976
55.8 12.4463 7.15377 17.503 3.67423
55.9 12.4652 7.1493 17.5134 3.6787
56 12.4841 7.14483 17.5237 3.68317
56.1 12.503 7.14035 17.534 3.68765
56.2 12.5219 7.13586 17.5442 3.69214
56.3 12.5408 7.13137 17.5543 3.69663
56.4 12.5596 7.12687 17.5643 3.70113
56.5 12.5784 7.12237 17.5743 3.70563
56.6 12.5972 7.11786 17.5842 3.71014
56.7 12.616 7.11335 17.594 3.71465
56.8 12.6348 7.10883 17.6038 3.71917
56.9 12.6535 7.10431 17.6134 3.72369
57 12.6723 7.09978 17.6231 3.72822
57.1 12.691 7.09525 17.6326 3.73275
57.2 12.7096 7.09071 17.642 3.73729
57.3 12.7283 7.08616 17.6514 3.74184
57.4 12.7469 7.08162 17.6607 3.74638
57.5 12.7656 7.07706 17.67 3.75094
57.6 12.7842 7.0725 17.6792 3.7555
57.7 12.8028 7.06794 17.6883 3.76006
57.8 12.8213 7.06337 17.6973 3.76463
57.9 12.8399 7.0588 17.7062 3.7692
58 12.8584 7.05422 17.7151 3.77378
58.1 12.8769 7.04964 17.7239 3.77836
58.2 12.8954 7.04505 17.7327 3.78295
58.3 12.9138 7.04045 17.7414 3.78755
58.4 12.9323 7.03585 17.75 3.79215
58.5 12.9507 7.03125 17.7585 3.79675
58.6 12.9691 7.02664 17.7669 3.80136
58.7 12.9875 7.02203 17.7753 3.80597
58.8 13.0058 7.01741 17.7836 3.81059
58.9 13.0242 7.01279 17.7919 3.81521
59 13.0425 7.00816 17.8001 3.81984
59.1 13.0608 7.00353 17.8082 3.82447
59.2 13.079 6.99889 17.8162 3.82911
59.3 13.0973 6.99424 17.8242 3.83376
59.4 13.1155 6.9896 17.8321 3.8384
59.5 13.1337 6.98494 17.8399 3.84306
59.6 13.1519 6.98029 17.8476 3.84771
59.7 13.1701 6.97563 17.8553 3.85237
59.8 13.1882 6.97096 17.8629 3.85704
59.9 13.2064 6.96629 17.8705 3.86171
60 13.2245 6.96161 17.878 3.86639
60.1 13.2426 6.95693 17.8854 3.87107
60.2 13.2606 6.95225 17.8927 3.87575
60.3 13.2787 6.94756 17.9 3.88044
60.4 13.2967 6.94286 17.9072 3.88514
60.5 13.3147 6.93816 17.9143 3.88984
60.6 13.3326 6.93346 17.9213 3.89454
60.7 13.3506 6.92875 17.9283 3.89925
60.8 13.3685 6.92403 17.9353 3.90397
60.9 13.3864 6.91932 17.9421 3.90868
61 13.4043 6.91459 17.9489 3.91341
61.1 13.4222 6.90987 17.9556 3.91813
61.2 13.44 6.90514 17.9623 3.92286
61.3 13.4579 6.9004 17.9688 3.9276
61.4 13.4757 6.89566 17.9753 3.93234
61.5 13.4934 6.89091 17.9818 3.93709
61.6 13.5112 6.88616 17.9882 3.94184
61.7 13.5289 6.88141 17.9945 3.94659
61.8 13.5466 6.87665 18.0007 3.95135
61.9 13.5643 6.87189 18.0069 3.95611
62 13.582 6.86712 18.013 3.96088
62.1 13.5996 6.86235 18.019 3.96565
62.2 13.6172 6.85757 18.025 3.97043
62.3 13.6348 6.85279 18.0309 3.97521
62.4 13.6524 6.84801 18.0367 3.97999
62.5 13.67 6.84322 18.0425 3.98478
62.6 13.6875 6.83842 18.0482 3.98958
62.7 13.705 6.83362 18.0538 3.99438
62.8 13.7225 6.82882 18.0594 3.99918
62.9 13.74 6.82401 18.0649 4.00399
63 13.7574 6.8192 18.0703 4.0088
63.1 13.7748 6.81439 18.0757 4.01361
63.2 13.7922 6.80957 18.081 4.01843
63.3 13.8096 6.80474 18.0862 4.02326
63.4 13.8269 6.79991 18.0914 4.02809
63.5 13.8442 6.79508 18.0965 4.03292
63.6 13.8615 6.79025 18.1015 4.03775
63.7 13.8788 6.7854 18.1065 4.0426
63.8 13.8961 6.78056 18.1114 4.04744
63.9 13.9133 6.77571 18.1162 4.05229
64 13.9305 6.77086 18.121 4.05714
64.1 13.9477 6.766 18.1257 4.062
64.2 13.9649 6.76114 18.1304 4.06686
64.3 13.982 6.75627 18.1349 4.07173
64.4 13.9991 6.7514 18.1394 4.0766
64.5 14.0162 6.74653 18.1439 4.08147
64.6 14.0333 6.74165 18.1483 4.08635
64.7 14.0503 6.73677 18.1526 4.09123
64.8 14.0673 6.73188 18.1568 4.09612
64.9 14.0843 6.72699 18.161 4.10101
65 14.1013 6.7221 18.1651 4.1059
65.1 14.1182 6.7172 18.1692 4.1108
65.2 14.1351 6.7123 18.1732 4.1157
65.3 14.152 6.70739 18.1771 4.12061
65.4 14.1689 6.70248 18.181 4.12552
65.5 14.1858 6.69757 18.1848 4.13043
65.6 14.2026 6.69265 18.1885 4.13535
65.7 14.2194 6.68773 18.1922 4.14027
65.8 14.2362 6.6828 18.1958 4.1452
65.9 14.2529 6.67787 18.1993 4.15013
66 14.2696 6.67294 18.2028 4.15506
66.1 14.2863 6.668 18.2062 4.16
66.2 14.303 6.66306 18.2096 4.16494
66.3 14.3197 6.65812 18.2129 4.16988
66.4 14.3363 6.65317 18.2161 4.17483
66.5 14.3529 6.64822 18.2193 4.17978
66.6 14.3695 6.64326 18.2224 4.18474
66.7 14.386 6.6383 18.2254 4.1897
66.8 14.4026 6.63334 18.2284 4.19466
66.9 14.4191 6.62837 18.2313 4.19963
67 14.4355 6.6234 18.2342 4.2046
67.1 14.452 6.61843 18.237 4.20957
67.2 14.4684 6.61345 18.2397 4.21455
67.3 14.4848 6.60847 18.2423 4.21953
67.4 14.5012 6.60348 18.245 4.22452
67.5 14.5175 6.59849 18.2475 4.22951
67.6 14.5339 6.5935 18.25 4.2345
67.7 14.5502 6.5885 18.2524 4.2395
67.8 14.5664 6.5835 18.2547 4.2445
67.9 14.5827 6.5785 18.257 4.2495
68 14.5989 6.57349 18.2593 4.25451
68.1 14.6151 6.56848 18.2614 4.25952
68.2 14.6313 6.56347 18.2635 4.26453
68.3 14.6474 6.55845 18.2656 4.26955
68.4 14.6636 6.55343 18.2676 4.27457
68.5 14.6796 6.5484 18.2695 4.2796
68.6 14.6957 6.54338 18.2714 4.28462
68.7 14.7118 6.53834 18.2732 4.28966
68.8 14.7278 6.53331 18.2749 4.29469
68.9 14.7438 6.52827 18.2766 4.29973
69 14.7597 6.52323 18.2782 4.30477
69.1 14.7757 6.51818 18.2798 4.30982
69.2 14.7916 6.51314 18.2813 4.31486
69.3 14.8075 6.50808 18.2827 4.31992
69.4 14.8233 6.50303 18.2841 4.32497
69.5 14.8391 6.49797 18.2854 4.33003
69.6 14.855 6.49291 18.2867 4.33509
69.7 14.8707 6.48784 18.2879 4.34016
69.8 14.8865 6.48278 18.289 4.34522
69.9 14.9022 6.4777 18.2901 4.3503
70 14.9179 6.47263 18.2911 4.35537
70.1 14.9336 6.46755 18.2921 4.36045
70.2 14.9492 6.46247 18.293 4.36553
70.3 14.9648 6.45739 18.2938 4.37061
70.4 14.9804 6.4523 18.2946 4.3757
70.5 14.996 6.44721 18.2953 4.38079
70.6 15.0115 6.44211 18.296 4.38589
70.7 15.027 6.43702 18.2966 4.39098
70.8 15.0425 6.43192 18.2972 4.39608
70.9 15.058 6.42681 18.2976 4.40119
71 15.0734 6.42171 18.2981 4.40629
71.1 15.0888 6.4166 18.2984 4.4114
71.2 15.1042 6.41148 18.2988 4.41652
71.3 15.1195 6.40637 18.299 4.42163
71.4 15.1348 6.40125 18.2992 4.42675
71.5 15.1501 6.39613 18.2994 4.43187
71.6 15.1654 6.391 18.2994 4.437
71.7 15.1806 6.38588 18.2995 4.44212
71.8 15.1958 6.38075 18.2994 4.44725
71.9 15.211 6.37561 18.2993 4.45239
72 15.2261 6.37048 18.2992 4.45752
72.1 15.2412 6.36534 18.299 4.46266
72.2 15.2563 6.3602 18.2987 4.4678
72.3 15.2714 6.35505 18.2984 4.47295
72.4 15.2864 6.3499 18.298 4.4781
72.5 15.3014 6.34475 18.2976 4.48325
72.6 15.3164 6.3396 18.2971 4.4884
72.7 15.3314 6.33444 18.2966 4.49356
72.8 15.3463 6.32928 18.296 4.49872
72.9 15.3612 6.32412 18.2953 4.50388
73 15.3761 6.31896 18.2946 4.50904
73.1 15.3909 6.31379 18.2938 4.51421
73.2 15.4057 6.30862 18.293 4.51938
73.3 15.4205 6.30345 18.2921 4.52455
73.4 15.4352 6.29827 18.2911 4.52973
73.5 15.4499 6.29309 18.2901 4.53491
73.6 15.4646 6.28791 18.2891 4.54009
73.7 15.4793 6.28273 18.288 4.54527
73.8 15.4939 6.27754 18.2868 4.55046
73.9 15.5085 6.27235 18.2856 4.55565
74 15.5231 6.26716 18.2843 4.56084
74.1 15.5377 6.26197 18.283 4.56603
74.2 15.5522 6.25677 18.2816 4.57123
74.3 15.5667 6.25157 18.2801 4.57643
74.4 15.5811 6.24637 18.2786 4.58163
74.5 15.5955 6.24116 18.2771 4.58684
74.6 15.6099 6.23596 18.2755 4.59204
74.7 15.6243 6.23075 18.2738 4.59725
74.8 15.6386 6.22553 18.2721 4.60247
74.9 15.653 6.22032 18.2703 4.60768
75 15.6672 6.2151 18.2685 4.6129
75.1 15.6815 6.20988 18.2666 4.61812
75.2 15.6957 6.20466 18.2647 4.62334
75.3 15.7099 6.19944 18.2627 4.62856
75.4 15.724 6.19421 18.2607 4.63379
75.5 15.7382 6.18898 18.2586 4.63902
75.6 15.7523 6.18375 18.2564 4.64425
75.7 15.7663 6.17852 18.2542 4.64948
75.8 15.7804 6.17328 18.2519 4.65472
75.9 15.7944 6.16804 18.2496 4.65996
76 15.8083 6.1628 18.2473 4.6652
76.1 15.8223 6.15756 18.2448 4.67044
76.2 15.8362 6.15231 18.2424 4.67569
76.3 15.8501 6.14707 18.2398 4.68093
76.4 15.8639 6.14182 18.2372 4.68618
76.5 15.8778 6.13657 18.2346 4.69143
76.6 15.8916 6.13131 18.2319 4.69669
76.7 15.9053 6.12606 18.2292 4.70194
76.8 15.919 6.1208 18.2264 4.7072
76.9 15.9327 6.11554 18.2235 4.71246
77 15.9464 6.11027 18.2207 4.71773
77.1 15.96 6.10501 18.2177 4.72299
77.2 15.9736 6.09974 18.2147 4.72826
77.3 15.9872 6.09447 18.2116 4.73353
77.4 16.0008 6.0892 18.2085 4.7388
77.5 16.0143 6.08393 18.2054 4.74407
77.6 16.0277 6.07865 18.2022 4.74935
77.7 16.0412 6.07338 18.1989 4.75462
77.8 16.0546 6.0681 18.1956 4.7599
77.9 16.068 6.06282 18.1922 4.76518
78 16.0813 6.05753 18.1888 4.77047
78.1 16.0946 6.05225 18.1853 4.77575
78.2 16.1079 6.04696 18.1818 4.78104
78.3 16.1212 6.04167 18.1782 4.78633
78.4 16.1344 6.03638 18.1746 4.79162
78.5 16.1476 6.03109 18.1709 4.79691
78.6 16.1608 6.02579 18.1672 4.80221
78.7 16.1739 6.0205 18.1634 4.8075
78.8 16.187 6.0152 18.1596 4.8128
78.9 16.2 6.0099 18.1557 4.8181
79 16.2131 6.0046 18.1518 4.8234
79.1 16.2261 5.99929 18.1478 4.82871
79.2 16.239 5.99399 18.1438 4.83401
79.3 16.2519 5.98868 18.1397 4.83932
79.4 16.2648 5.98337 18.1356 4.84463
79.5 16.2777 5.97806 18.1314 4.84994
79.6 16.2905 5.97275 18.1271 4.85525
79.7 16.3033 5.96743 18.1229 4.86057
79.8 16.3161 5.96212 18.1185 4.86588
79.9 16.3288 5.9568 18.1142 4.8712
80 16.3415 5.95148 18.1097 4.87652
80.1 16.3542 5.94616 18.1052 4.88184
80.2 16.3668 5.94084 18.1007 4.88716
80.3 16.3794 5.93551 18.0961 4.89249
80.4 16.392 5.93019 18.0915 4.89781
80.5 16.4045 5.92486 18.0868 4.90314
80.6 16.417 5.91953 18.0821 4.90847
80.7 16.4295 5.9142 18.0773 4.9138
80.8 16.4419 5.90887 18.0725 4.91913
80.9 16.4543 5.90353 18.0676 4.92447
81 16.4666 5.8982 18.0627 4.9298
81.1 16.479 5.89286 18.0577 4.93514
81.2 16.4913 5.88753 18.0527 4.94047
81.3 16.5035 5.88219 18.0476 4.94581
81.4 16.5158 5.87685 18.0425 4.95115
81.5 16.5279 5.8715 18.0373 4.9565
81.6 16.5401 5.86616 18.0321 4.96184
81.7 16.5522 5.86081 18.0269 4.96719
81.8 16.5643 5.85547 18.0215 4.97253
81.9 16.5764 5.85012 18.0162 4.97788
82 16.5884 5.84477 18.0108 4.98323
82.1 16.6004 5.83942 18.0053 4.98858
82.2 16.6123 5.83407 17.9998 4.99393
82.3 16.6242 5.82872 17.9943 4.99928
82.4 16.6361 5.82336 17.9887 5.00464
82.5 16.6479 5.81801 17.983 5.00999
82.6 16.6597 5.81265 17.9773 5.01535
82.7 16.6715 5.80729 17.9716 5.02071
82.8 16.6833 5.80193 17.9658 5.02607
82.9 16.695 5.79657 17.96 5.03143
83 16.7066 5.79121 17.9541 5.03679
83.1 16.7182 5.78585 17.9481 5.04215
83.2 16.7298 5.78049 17.9422 5.04751
83.3 16.7414 5.77512 17.9361 5.05288
83.4 16.7529 5.76976 17.9301 5.05824
83.5 16.7644 5.76439 17.924 5.06361
83.6 16.7759 5.75902 17.9178 5.06898
83.7 16.7873 5.75365 17.9116 5.07435
83.8 16.7987 5.74828 17.9053 5.07972
83.9 16.81 5.74291 17.899 5.08509
84 16.8213 5.73754 17.8927 5.09046
84.1 16.8326 5.73217 17.8863 5.09583
84.2 16.8438 5.72679 17.8799 5.10121
84.3 16.855 5.72142 17.8734 5.10658
84.4 16.8662 5.71604 17.8668 5.11196
84.5 16.8773 5.71066 17.8603 5.11734
84.6 16.8884 5.70529 17.8536 5.12271
84.7 16.8994 5.69991 17.847 5.12809
84.8 16.9105 5.69453 17.8403 5.13347
84.9 16.9214 5.68915 17.8335 5.13885
85 16.9324 5.68377 17.8267 5.14423
85.1 16.9433 5.67838 17.8198 5.14962
85.2 16.9542 5.673 17.813 5.155
85.3 16.965 5.66762 17.806 5.16038
85.4 16.9758 5.66223 17.799 5.16577
85.5 16.9865 5.65685 17.792 5.17115
85.6 16.9973 5.65146 17.7849 5.17654
85.7 17.0079 5.64608 17.7778 5.18192
85.8 17.0186 5.64069 17.7706 5.18731
85.9 17.0292 5.6353 17.7634 5.1927
86 17.0398 5.62991 17.7562 5.19809
86.1 17.0503 5.62452 17.7489 5.20348
86.2 17.0608 5.61913 17.7416 5.20887
86.3 17.0712 5.61374 17.7342 5.21426
86.4 17.0817 5.60835 17.7267 5.21965
86.5 17.092 5.60296 17.7193 5.22504
86.6 17.1024 5.59757 17.7118 5.23043
86.7 17.1127 5.59217 17.7042 5.23583
86.8 17.1229 5.58678 17.6966 5.24122
86.9 17.1332 5.58139 17.6889 5.24661
87 17.1434 5.57599 17.6813 5.25201
87.1 17.1535 5.5706 17.6735 5.2574
87.2 17.1636 5.5652 17.6657 5.2628
87.3 17.1737 5.55981 17.6579 5.26819
87.4 17.1837 5.55441 17.6501 5.27359
87.5 17.1937 5.54901 17.6421 5.27899
87.6 17.2037 5.54361 17.6342 5.28439
87.7 17.2136 5.53822 17.6262 5.28978
87.8 17.2235 5.53282 17.6182 5.29518
87.9 17.2333 5.52742 17.6101 5.30058
88 17.2431 5.52202 17.602 5.30598
88.1 17.2529 5.51662 17.5938 5.31138
88.2 17.2626 5.51122 17.5856 5.31678
88.3 17.2723 5.50582 17.5774 5.32218
88.4 17.2819 5.50042 17.5691 5.32758
88.5 17.2915 5.49502 17.5607 5.33298
88.6 17.3011 5.48962 17.5524 5.33838
88.7 17.3106 5.48422 17.5439 5.34378
88.8 17.3201 5.47882 17.5355 5.34918
88.9 17.3295 5.47342 17.527 5.35458
89 17.3389 5.46802 17.5184 5.35998
89.1 17.3483 5.46262 17.5099 5.36538
89.2 17.3576 5.45722 17.5012 5.37078
89.3 17.3669 5.45181 17.4926 5.37619
89.4 17.3761 5.44641 17.4838 5.38159
89.5 17.3853 5.44101 17.4751 5.38699
89.6 17.3945 5.43561 17.4663 5.39239
89.7 17.4036 5.43021 17.4575 5.39779
89.8 17.4127 5.4248 17.4486 5.4032
89.9 17.4217 5.4194 17.4397 5.4086
90 17.4307 5.414 17.4307 5.414
90.1 17.4397 5.4086 17.4217 5.4194
90.2 17.4486 5.4032 17.4127 5.4248
90.3 17.4575 5.39779 17.4036 5.43021
90.4 17.4663 5.39239 17.3945 5.43561
90.5 17.4751 5.38699 17.3853 5.44101
90.6 17.4838 5.38159 17.3761 5.44641
90.7 17.4926 5.37619 17.3669 5.45181
90.8 17.5012 5.37078 17.3576 5.45722
90.9 17.5099 5.36538 17.3483 5.46262
91 17.5184 5.35998 17.3389 5.46802
91.1 17.527 5.35458 17.3295 5.47342
91.2 17.5355 5.34918 17.3201 5.47882
91.3 17.5439 5.34378 17.3106 5.48422
91.4 17.5524 5.33838 17.3011 5.48962
91.5 17.5607 5.33298 17.2915 5.49502
91.6 17.5691 5.32758 17.2819 5.50042
91.7 17.5774 5.32218 17.2723 5.50582
91.8 17.5856 5.31678 17.2626 5.51122
91.9 17.5938 5.31138 17.2529 5.51662
92 17.602 5.30598 17.2431 5.52202
92.1 17.6101 5.30058 17.2333 5.52742
92.2 17.6182 5.29518 17.2235 5.53282
92.3 17.6262 5.28978 17.2136 5.53822
92.4 17.6342 5.28439 17.2037 5.54361
92.5 17.6421 5.27899 17.1937 5.54901
92.6 17.6501 5.27359 17.1837 5.55441
92.7 17.6579 5.26819 17.1737 5.55981
92.8 17.6657 5.2628 17.1636 5.5652
92.9 17.6735 5.2574 17.1535 5.5706
93 17.6813 5.25201 17.1434 5.57599
93.1 17.6889 5.24661 17.1332 5.58139
93.2 17.6966 5.24122 17.1229 5.58678
93.3 17.7042 5.23583 17.1127 5.59217
93.4 17.7118 5.23043 17.1024 5.59757
93.5 17.7193 5.22504 17.092 5.60296
93.6 17.7267 5.21965 17.0817 5.60835
93.7 17.7342 5.21426 17.0712 5.61374
93.8 17.7416 5.20887 17.0608 5.61913
93.9 17.7489 5.20348 17.0503 5.62452
94 17.7562 5.19809 17.0398 5.62991
94.1 17.7634 5.1927 17.0292 5.6353
94.2 17.7706 5.18731 17.0186 5.64069
94.3 17.7778 5.18192 17.0079 5.64608
94.4 17.7849 5.17654 16.9973 5.65146
94.5 17.792 5.17115 16.9865 5.65685
94.6 17.799 5.16577 16.9758 5.66223
94.7 17.806 5.16038 16.965 5.66762
94.8 17.813 5.155 16.9542 5.673
94.9 17.8198 5.14962 16.9433 5.67838
95 17.8267 5.14423 16.9324 5.68377
95.1 17.8335 5.13885 16.9214 5.68915
95.2 17.8403 5.13347 16.9105 5.69453
95.3 17.847 5.12809 16.8994 5.69991
95.4 17.8536 5.12271 16.8884 5.70529
95.5 17.8603 5.11734 16.8773 5.71066
95.6 17.8668 5.11196 16.8662 5.71604
95.7 17.8734 5.10658 16.855 5.72142
95.8 17.8799 5.10121 16.8438 5.72679
95.9 17.8863 5.09583 16.8326 5.73217
96 17.8927 5.09046 16.8213 5.73754
96.1 17.899 5.08509 16.81 5.74291
96.2 17.9053 5.07972 16.7987 5.74828
96.3 17.9116 5.07435 16.7873 5.75365
96.4 17.9178 5.06898 16.7759 5.75902
96.5 17.924 5.06361 16.7644 5.76439
96.6 17.9301 5.05824 16.7529 5.76976
96.7 17.9361 5.05288 16.7414 5.77512
96.8 17.9422 5.04751 16.7298 5.78049
96.9 17.9481 5.04215 16.7182 5.78585
97 17.9541 5.03679 16.7066 5.79121
97.1 17.96 5.03143 16.695 5.79657
97.2 17.9658 5.02607 16.6833 5.80193
97.3 17.9716 5.02071 16.6715 5.80729
97.4 17.9773 5.01535 16.6597 5.81265
97.5 17.983 5.00999 16.6479 5.81801
97.6 17.9887 5.00464 16.6361 5.82336
97.7 17.9943 4.99928 16.6242 5.82872
97.8 17.9998 4.99393 16.6123 5.83407
97.9 18.0053 4.98858 16.6004 5.83942
98 18.0108 4.98323 16.5884 5.84477
98.1 18.0162 4.97788 16.5764 5.85012
98.2 18.0215 4.97253 16.5643 5.85547
98.3 18.0269 4.96719 16.5522 5.86081
98.4 18.0321 4.96184 16.5401 5.86616
98.5 18.0373 4.9565 16.5279 5.8715
98.6 18.0425 4.95115 16.5158 5.87685
98.7 18.0476 4.94581 16.5035 5.88219
98.8 18.0527 4.94047 16.4913 5.88753
98.9 18.0577 4.93514 16.479 5.89286
99 18.0627 4.9298 16.4666 5.8982
99.1 18.0676 4.92447 16.4543 5.90353
99.2 18.0725 4.91913 16.4419 5.90887
99.3 18.0773 4.9138 16.4295 5.9142
99.4 18.0821 4.90847 16.417 5.91953
99.5 18.0868 4.90314 16.4045 5.92486
99.6 18.0915 4.89781 16.392 5.93019
99.7 18.0961 4.89249 16.3794 5.93551
99.8 18.1007 4.88716 16.3668 5.94084
99.9 18.1052 4.88184 16.3542 5.94616
100 18.1097 4.87652 16.3415 5.95148
100.1 18.1142 4.8712 16.3288 5.9568
100.2 18.1185 4.86588 16.3161 5.96212
100.3 18.1229 4.86057 16.3033 5.96743
100.4 18.1271 4.85525 16.2905 5.97275
100.5 18.1314 4.84994 16.2777 5.97806
100.6 18.1356 4.84463 16.2648 5.98337
100.7 18.1397 4.83932 16.2519 5.98868
100.8 18.1438 4.83401 16.239 5.99399
100.9 18.1478 4.82871 16.2261 5.99929
101 18.1518 4.8234 16.2131 6.0046
101.1 18.1557 4.8181 16.2 6.0099
101.2 18.1596 4.8128 16.187 6.0152
101.3 18.1634 4.8075 16.1739 6.0205
101.4 18.1672 4.80221 16.1608 6.02579
101.5 18.1709 4.79691 16.1476 6.03109
101.6 18.1746 4.79162 16.1344 6.03638
101.7 18.1782 4.78633 16.1212 6.04167
101.8 18.1818 4.78104 16.1079 6.04696
101.9 18.1853 4.77575 16.0946 6.05225
102 18.1888 4.77047 16.0813 6.05753
102.1 18.1922 4.76518 16.068 6.06282
102.2 18.1956 4.7599 16.0546 6.0681
102.3 18.1989 4.75462 16.0412 6.07338
102.4 18.2022 4.74935 16.0277 6.07865
102.5 18.2054 4.74407 16.0143 6.08393
102.6 18.2085 4.7388 16.0008 6.0892
102.7 18.2116 4.73353 15.9872 6.09447
102.8 18.2147 4.72826 15.9736 6.09974
102.9 18.2177 4.72299 15.96 6.10501
103 18.2207 4.71773 15.9464 6.11027
103.1 18.2235 4.71246 15.9327 6.11554
103.2 18.2264 4.7072 15.919 6.1208
103.3 18.2292 4.70194 15.9053 6.12606
103.4 18.2319 4.69669 15.8916 6.13131
103.5 18.2346 4.69143 15.8778 6.13657
103.6 18.2372 4.68618 15.8639 6.14182
103.7 18.2398 4.68093 15.8501 6.14707
103.8 18.2424 4.67569 15.8362 6.15231
103.9 18.2448 4.67044 15.8223 6.15756
104 18.2473 4.6652 15.8083 6.1628
104.1 18.2496 4.65996 15.7944 6.16804
104.2 18.2519 4.65472 15.7804 6.17328
104.3 18.2542 4.64948 15.7663 6.17852
104.4 18.2564 4.64425 15.7523 6.18375
104.5 18.2586 4.63902 15.7382 6.18898
104.6 18.2607 4.63379 15.724 6.19421
104.7 18.2627 4.62856 15.7099 6.19944
104.8 18.2647 4.62334 15.6957 6.20466
104.9 18.2666 4.61812 15.6815 6.20988
105 18.2685 4.6129 15.6672 6.2151
105.1 18.2703 4.60768 15.653 6.22032
105.2 18.2721 4.60247 15.6386 6.22553
105.3 18.2738 4.59725 15.6243 6.23075
105.4 18.2755 4.59204 15.6099 6.23596
105.5 18.2771 4.58684 15.5955 6.24116
105.6 18.2786 4.58163 15.5811 6.24637
105.7 18.2801 4.57643 15.5667 6.25157
105.8 18.2816 4.57123 15.5522 6.25677
105.9 18.283 4.56603 15.5377 6.26197
106 18.2843 4.56084 15.5231 6.26716
106.1 18.2856 4.55565 15.5085 6.27235
106.2 18.2868 4.55046 15.4939 6.27754
106.3 18.288 4.54527 15.4793 6.28273
106.4 18.2891 4.54009 15.4646 6.28791
106.5 18.2901 4.53491 15.4499 6.29309
106.6 18.2911 4.52973 15.4352 6.29827
106.7 18.2921 4.52455 15.4205 6.30345
106.8 18.293 4.51938 15.4057 6.30862
106.9 18.2938 4.51421 15.3909 6.31379
107 18.2946 4.50904 15.3761 6.31896
107.1 18.2953 4.50388 15.3612 6.32412
107.2 18.296 4.49872 15.3463 6.32928
107.3 18.2966 4.49356 15.3314 6.33444
107.4 18.2971 4.4884 15.3164 6.3396
107.5 18.2976 4.48325 15.3014 6.34475
107.6 18.298 4.4781 15.2864 6.3499
107.7 18.2984 4.47295 15.2714 6.35505
107.8 18.2987 4.4678 15.2563 6.3602
107.9 18.299 4.46266 15.2412 6.36534
108 18.2992 4.45752 15.2261 6.37048
108.1 18.2993 4.45239 15.211 6.37561
108.2 18.2994 4.44725 15.1958 6.38075
108.3 18.2995 4.44212 15.1806 6.38588
108.4 18.2994 4.437 15.1654 6.391
108.5 18.2994 4.43187 15.1501 6.39613
108.6 18.2992 4.42675 15.1348 6.40125
108.7 18.299 4.42163 15.1195 6.40637
108.8 18.2988 4.41652 15.1042 6.41148
108.9 18.2984 4.4114 15.0888 6.4166
109 18.2981 4.40629 15.0734 6.42171
109.1 18.2976 4.40119 15.058 6.42681
109.2 18.2972 4.39608 15.0425 6.43192
109.3 18.2966 4.39098 15.027 6.43702
109.4 18.296 4.38589 15.0115 6.44211
109.5 18.2953 4.38079 14.996 6.44721
109.6 18.2946 4.3757 14.9804 6.4523
109.7 18.2938 4.37061 14.9648 6.45739
109.8 18.293 4.36553 14.9492 6.46247
109.9 18.2921 4.36045 14.9336 6.46755
110 18.2911 4.35537 14.9179 6.47263
110.1 18.2901 4.3503 14.9022 6.4777
110.2 18.289 4.34522 14.8865 6.48278
110.3 18.2879 4.34016 14.8707 6.48784
110.4 18.2867 4.33509 14.855 6.49291
110.5 18.2854 4.33003 14.8391 6.49797
110.6 18.2841 4.32497 14.8233 6.50303
110.7 18.2827 4.31992 14.8075 6.50808
110.8 18.2813 4.31486 14.7916 6.51314
110.9 18.2798 4.30982 14.7757 6.51818
111 18.2782 4.30477 14.7597 6.52323
111.1 18.2766 4.29973 14.7438 6.52827
111.2 18.2749 4.29469 14.7278 6.53331
111.3 18.2732 4.28966 14.7118 6.53834
111.4 18.2714 4.28462 14.6957 6.54338
111.5 18.2695 4.2796 14.6796 6.5484
111.6 18.2676 4.27457 14.6636 6.55343
111.7 18.2656 4.26955 14.6474 6.55845
111.8 18.2635 4.26453 14.6313 6.56347
111.9 18.2614 4.25952 14.6151 6.56848
112 18.2593 4.25451 14.5989 6.57349
112.1 18.257 4.2495 14.5827 6.5785
112.2 18.2547 4.2445 14.5664 6.5835
112.3 18.2524 4.2395 14.5502 6.5885
112.4 18.25 4.2345 14.5339 6.5935
112.5 18.2475 4.22951 14.5175 6.59849
112.6 18.245 4.22452 14.5012 6.60348
112.7 18.2423 4.21953 14.4848 6.60847
112.8 18.2397 4.21455 14.4684 6.61345
112.9 18.237 4.20957 14.452 6.61843
113 18.2342 4.2046 14.4355 6.6234
113.1 18.2313 4.19963 14.4191 6.62837
113.2 18.2284 4.19466 14.4026 6.63334
113.3 18.2254 4.1897 14.386 6.6383
113.4 18.2224 4.18474 14.3695 6.64326
113.5 18.2193 4.17978 14.3529 6.64822
113.6 18.2161 4.17483 14.3363 6.65317
113.7 18.2129 4.16988 14.3197 6.65812
113.8 18.2096 4.16494 14.303 6.66306
113.9 18.2062 4.16 14.2863 6.668
114 18.2028 4.15506 14.2696 6.67294
114.1 18.1993 4.15013 14.2529 6.67787
114.2 18.1958 4.1452 14.2362 6.6828
114.3 18.1922 4.14027 14.2194 6.68773
114.4 18.1885 4.13535 14.2026 6.69265
114.5 18.1848 4.13043 14.1858 6.69757
114.6 18.181 4.12552 14.1689 6.70248
114.7 18.1771 4.12061 14.152 6.70739
114.8 18.1732 4.1157 14.1351 6.7123
114.9 18.1692 4.1108 14.1182 6.7172
115 18.1651 4.1059 14.1013 6.7221
115.1 18.161 4.10101 14.0843 6.72699
115.2 18.1568 4.09612 14.0673 6.73188
115.3 18.1526 4.09123 14.0503 6.73677
115.4 18.1483 4.08635 14.0333 6.74165
115.5 18.1439 4.08147 14.0162 6.74653
115.6 18.1394 4.0766 13.9991 6.7514
115.7 18.1349 4.07173 13.982 6.75627
115.8 18.1304 4.06686 13.9649 6.76114
115.9 18.1257 4.062 13.9477 6.766
116 18.121 4.05714 13.9305 6.77086
116.1 18.1162 4.05229 13.9133 6.77571
116.2 18.1114 4.04744 13.8961 6.78056
116.3 18.1065 4.0426 13.8788 6.7854
116.4 18.1015 4.03775 13.8615 6.79025
116.5 18.0965 4.03292 13.8442 6.79508
116.6 18.0914 4.02809 13.8269 6.79991
116.7 18.0862 4.02326 13.8096 6.80474
116.8 18.081 4.01843 13.7922 6.80957
116.9 18.0757 4.01361 13.7748 6.81439
117 18.0703 4.0088 13.7574 6.8192
117.1 18.0649 4.00399 13.74 6.82401
117.2 18.0594 3.99918 13.7225 6.82882
117.3 18.0538 3.99438 13.705 6.83362
117.4 18.0482 3.98958 13.6875 6.83842
117.5 18.0425 3.98478 13.67 6.84322
117.6 18.0367 3.97999 13.6524 6.84801
117.7 18.0309 3.97521 13.6348 6.85279
117.8 18.025 3.97043 13.6172 6.85757
117.9 18.019 3.96565 13.5996 6.86235
118 18.013 3.96088 13.582 6.86712
118.1 18.0069 3.95611 13.5643 6.87189
118.2 18.0007 3.95135 13.5466 6.87665
118.3 17.9945 3.94659 13.5289 6.88141
118.4 17.9882 3.94184 13.5112 6.88616
118.5 17.9818 3.93709 13.4934 6.89091
118.6 17.9753 3.93234 13.4757 6.89566
118.7 17.9688 3.9276 13.4579 6.9004
118.8 17.9623 3.92286 13.44 6.90514
118.9 17.9556 3.91813 13.4222 6.90987
119 17.9489 3.91341 13.4043 6.91459
119.1 17.9421 3.90868 13.3864 6.91932
119.2 17.9353 3.90397 13.3685 6.92403
119.3 17.9283 3.89925 13.3506 6.92875
119.4 17.9213 3.89454 13.3326 6.93346
119.5 17.9143 3.88984 13.3147 6.93816
119.6 17.9072 3.88514 13.2967 6.94286
119.7 17.9 3.88044 13.2787 6.94756
119.8 17.8927 3.87575 13.2606 6.95225
119.9 17.8854 3.87107 13.2426 6.95693
120 17.878 3.86639 13.2245 6.96161
120.1 17.8705 3.86171 13.2064 6.96629
120.2 17.8629 3.85704 13.1882 6.97096
120.3 17.8553 3.85237 13.1701 6.97563
120.4 17.8476 3.84771 13.1519 6.98029
120.5 17.8399 3.84306 13.1337 6.98494
120.6 17.8321 3.8384 13.1155 6.9896
120.7 17.8242 3.83376 13.0973 6.99424
120.8 17.8162 3.82911 13.079 6.99889
120.9 17.8082 3.82447 13.0608 7.00353
121 17.8001 3.81984 13.0425 7.00816
121.1 17.7919 3.81521 13.0242 7.01279
121.2 17.7836 3.81059 13.0058 7.01741
121.3 17.7753 3.80597 12.9875 7.02203
121.4 17.7669 3.80136 12.9691 7.02664
121.5 17.7585 3.79675 12.9507 7.03125
121.6 17.75 3.79215 12.9323 7.03585
121.7 17.7414 3.78755 12.9138 7.04045
121.8 17.7327 3.78295 12.8954 7.04505
121.9 17.7239 3.77836 12.8769 7.04964
122 17.7151 3.77378 12.8584 7.05422
122.1 17.7062 3.7692 12.8399 7.0588
122.2 17.6973 3.76463 12.8213 7.06337
122.3 17.6883 3.76006 12.8028 7.06794
122.4 17.6792 3.7555 12.7842 7.0725
122.5 17.67 3.75094 12.7656 7.07706
122.6 17.6607 3.74638 12.7469 7.08162
122.7 17.6514 3.74184 12.7283 7.08616
122.8 17.642 3.73729 12.7096 7.09071
122.9 17.6326 3.73275 12.691 7.09525
123 17.6231 3.72822 12.6723 7.09978
123.1 17.6134 3.72369 12.6535 7.10431
123.2 17.6038 3.71917 12.6348 7.10883
123.3 17.594 3.71465 12.616 7.11335
123.4 17.5842 3.71014 12.5972 7.11786
123.5 17.5743 3.70563 12.5784 7.12237
123.6 17.5643 3.70113 12.5596 7.12687
123.7 17.5543 3.69663 12.5408 7.13137
123.8 17.5442 3.69214 12.5219 7.13586
123.9 17.534 3.68765 12.503 7.14035
124 17.5237 3.68317 12.4841 7.14483
124.1 17.5134 3.6787 12.4652 7.1493
124.2 17.503 3.67423 12.4463 7.15377
124.3 17.4925 3.66976 12.4273 7.15824
124.4 17.482 3.6653 12.4083 7.1627
124.5 17.4713 3.66085 12.3893 7.16715
124.6 17.4606 3.6564 12.3703 7.1716
124.7 17.4499 3.65195 12.3513 7.17605
124.8 17.439 3.64751 12.3322 7.18049
124.9 17.4281 3.64308 12.3131 7.18492
125 17.4171 3.63865 12.294 7.18935
125.1 17.406 3.63423 12.2749 7.19377
125.2 17.3949 3.62981 12.2558 7.19819
125.3 17.3836 3.6254 12.2367 7.2026
125.4 17.3724 3.62099 12.2175 7.20701
125.5 17.361 3.61659 12.1983 7.21141
125.6 17.3495 3.6122 12.1791 7.2158
125.7 17.338 3.60781 12.1599 7.22019
125.8 17.3264 3.60342 12.1406 7.22458
125.9 17.3148 3.59905 12.1214 7.22895
126 17.303 3.59467 12.1021 7.23333
126.1 17.2912 3.59031 12.0828 7.23769
126.2 17.2793 3.58594 12.0635 7.24206
126.3 17.2673 3.58159 12.0441 7.24641
126.4 17.2553 3.57724 12.0248 7.25076
126.5 17.2432 3.57289 12.0054 7.25511
126.6 17.231 3.56855 11.986 7.25945
126.7 17.2187 3.56422 11.9666 7.26378
126.8 17.2064 3.55989 11.9472 7.26811
126.9 17.1939 3.55556 11.9277 7.27244
127 17.1814 3.55125 11.9082 7.27675
127.1 17.1689 3.54694 11.8888 7.28106
127.2 17.1562 3.54263 11.8693 7.28537
127.3 17.1435 3.53833 11.8497 7.28967
127.4 17.1307 3.53404 11.8302 7.29396
127.5 17.1178 3.52975 11.8106 7.29825
127.6 17.1048 3.52546 11.7911 7.30254
127.7 17.0918 3.52119 11.7715 7.30681
127.8 17.0787 3.51692 11.7519 7.31108
127.9 17.0655 3.51265 11.7322 7.31535
128 17.0523 3.50839 11.7126 7.31961
128.1 17.0389 3.50414 11.6929 7.32386
128.2 17.0255 3.49989 11.6733 7.32811
128.3 17.012 3.49564 11.6536 7.33236
128.4 16.9984 3.49141 11.6338 7.33659
128.5 16.9848 3.48718 11.6141 7.34082
128.6 16.9711 3.48295 11.5944 7.34505
128.7 16.9573 3.47873 11.5746 7.34927
128.8 16.9434 3.47452 11.5548 7.35348
128.9 16.9294 3.47031 11.535 7.35769
129 16.9154 3.46611 11.5152 7.36189
129.1 16.9013 3.46192 11.4954 7.36608
129.2 16.8871 3.45773 11.4755 7.37027
129.3 16.8728 3.45354 11.4556 7.37446
129.4 16.8585 3.44937 11.4358 7.37863
129.5 16.8441 3.4452 11.4158 7.3828
129.6 16.8296 3.44103 11.3959 7.38697
129.7 16.815 3.43687 11.376 7.39113
129.8 16.8003 3.43272 11.356 7.39528
129.9 16.7856 3.42857 11.3361 7.39943
130 16.7708 3.42443 11.3161 7.40357
130.1 16.7559 3.42029 11.2961 7.40771
130.2 16.7409 3.41616 11.276 7.41184
130.3 16.7259 3.41204 11.256 7.41596
130.4 16.7107 3.40792 11.236 7.42008
130.5 16.6955 3.40381 11.2159 7.42419
130.6 16.6802 3.39971 11.1958 7.42829
130.7 16.6649 3.39561 11.1757 7.43239
130.8 16.6494 3.39152 11.1556 7.43648
130.9 16.6339 3.38743 11.1354 7.44057
131 16.6183 3.38335 11.1153 7.44465
131.1 16.6026 3.37928 11.0951 7.44872
131.2 16.5869 3.37521 11.0749 7.45279
131.3 16.571 3.37115 11.0547 7.45685
131.4 16.5551 3.36709 11.0345 7.46091
131.5 16.5391 3.36304 11.0143 7.46496
131.6 16.5231 3.359 10.994 7.469
131.7 16.5069 3.35496 10.9737 7.47304
131.8 16.4907 3.35093 10.9535 7.47707
131.9 16.4743 3.34691 10.9332 7.48109
132 16.458 3.34289 10.9128 7.48511
132.1 16.4415 3.33888 10.8925 7.48912
132.2 16.4249 3.33487 10.8722 7.49313
132.3 16.4083 3.33088 10.8518 7.49712
132.4 16.3916 3.32688 10.8314 7.50112
132.5 16.3748 3.3229 10.811 7.5051
132.6 16.3579 3.31892 10.7906 7.50908
132.7 16.341 3.31494 10.7702 7.51306
132.8 16.3239 3.31098 10.7498 7.51702
132.9 16.3068 3.30702 10.7293 7.52098
133 16.2896 3.30306 10.7088 7.52494
133.1 16.2723 3.29911 10.6883 7.52889
133.2 16.255 3.29517 10.6678 7.53283
133.3 16.2375 3.29124 10.6473 7.53676
133.4 16.22 3.28731 10.6268 7.54069
133.5 16.2024 3.28339 10.6062 7.54461
133.6 16.1848 3.27947 10.5857 7.54853
133.7 16.167 3.27556 10.5651 7.55244
133.8 16.1492 3.27166 10.5445 7.55634
133.9 16.1312 3.26777 10.5239 7.56023
134 16.1132 3.26388 10.5032 7.56412
134.1 16.0951 3.25999 10.4826 7.56801
134.2 16.077 3.25612 10.462 7.57188
134.3 16.0587 3.25225 10.4413 7.57575
134.4 16.0404 3.24839 10.4206 7.57961
134.5 16.022 3.24453 10.3999 7.58347
134.6 16.0035 3.24068 10.3792 7.58732
134.7 15.9849 3.23684 10.3584 7.59116
134.8 15.9663 3.233 10.3377 7.595
134.9 15.9476 3.22917 10.3169 7.59883
135 15.9287 3.22535 10.2962 7.60265
135.1 15.9098 3.22153 10.2754 7.60647
135.2 15.8909 3.21772 10.2546 7.61028
135.3 15.8718 3.21392 10.2338 7.61408
135.4 15.8527 3.21012 10.2129 7.61788
135.5 15.8334 3.20633 10.1921 7.62167
135.6 15.8141 3.20255 10.1712 7.62545
135.7 15.7948 3.19877 10.1503 7.62923
135.8 15.7753 3.195 10.1294 7.633
135.9 15.7557 3.19124 10.1085 7.63676
136 15.7361 3.18748 10.0876 7.64052
136.1 15.7164 3.18373 10.0667 7.64427
136.2 15.6966 3.17999 10.0457 7.64801
136.3 15.6767 3.17625 10.0248 7.65175
136.4 15.6568 3.17253 10.0038 7.65547
136.5 15.6367 3.1688 9.98281 7.6592
136.6 15.6166 3.16509 9.96181 7.66291
136.7 15.5964 3.16138 9.94079 7.66662
136.8 15.5761 3.15768 9.91976 7.67032
136.9 15.5557 3.15398 9.89871 7.67402
137 15.5353 3.1503 9.87765 7.6777
137.1 15.5147 3.14662 9.85658 7.68138
137.2 15.4941 3.14294 9.83549 7.68506
137.3 15.4734 3.13927 9.81439 7.68873
137.4 15.4526 3.13561 9.79327 7.69239
137.5 15.4318 3.13196 9.77214 7.69604
137.6 15.4108 3.12832 9.751 7.69968
137.7 15.3898 3.12468 9.72984 7.70332
137.8 15.3687 3.12104 9.70867 7.70696
137.9 15.3475 3.11742 9.68749 7.71058
138 15.3262 3.1138 9.66629 7.7142
138.1 15.3048 3.11019 9.64508 7.71781
138.2 15.2834 3.10658 9.62386 7.72142
138.3 15.2618 3.10299 9.60262 7.72501
138.4 15.2402 3.0994 9.58137 7.7286
138.5 15.2185 3.09581 9.5601 7.73219
138.6 15.1968 3.09224 9.53883 7.73576
138.7 15.1749 3.08867 9.51754 7.73933
138.8 15.153 3.08511 9.49623 7.74289
138.9 15.1309 3.08155 9.47491 7.74645
139 15.1088 3.078 9.45358 7.75
139.1 15.0866 3.07446 9.43224 7.75354
139.2 15.0644 3.07093 9.41088 7.75707
139.3 15.042 3.0674 9.38951 7.7606
139.4 15.0196 3.06389 9.36813 7.76411
139.5 14.997 3.06037 9.34674 7.76763
139.6 14.9744 3.05687 9.32533 7.77113
139.7 14.9517 3.05337 9.30391 7.77463
139.8 14.929 3.04988 9.28247 7.77812
139.9 14.9061 3.0464 9.26102 7.7816
140 14.8832 3.04292 9.23957 7.78508
140.1 14.8601 3.03945 9.21809 7.78855
140.2 14.837 3.03599 9.19661 7.79201
140.3 14.8138 3.03254 9.17511 7.79546
140.4 14.7906 3.02909 9.1536 7.79891
140.5 14.7672 3.02565 9.13208 7.80235
140.6 14.7438 3.02222 9.11054 7.80578
140.7 14.7202 3.01879 9.08899 7.80921
140.8 14.6966 3.01537 9.06743 7.81263
140.9 14.6729 3.01196 9.04586 7.81604
141 14.6492 3.00856 9.02428 7.81944
141.1 14.6253 3.00516 9.00268 7.82284
141.2 14.6014 3.00177 8.98107 7.82623
141.3 14.5773 2.99839 8.95945 7.82961
141.4 14.5532 2.99502 8.93781 7.83298
141.5 14.529 2.99165 8.91616 7.83635
141.6 14.5048 2.98829 8.89451 7.83971
141.7 14.4804 2.98494 8.87284 7.84306
141.8 14.456 2.9816 8.85115 7.8464
141.9 14.4314 2.97826 8.82946 7.84974
142 14.4068 2.97493 8.80775 7.85307
142.1 14.3821 2.97161 8.78603 7.85639
142.2 14.3573 2.96829 8.7643 7.85971
142.3 14.3325 2.96499 8.74256 7.86301
142.4 14.3075 2.96169 8.7208 7.86631
142.5 14.2825 2.95839 8.69904 7.86961
142.6 14.2574 2.95511 8.67726 7.87289
142.7 14.2322 2.95183 8.65547 7.87617
142.8 14.2069 2.94856 8.63367 7.87944
142.9 14.1816 2.9453 8.61185 7.8827
143 14.1561 2.94204 8.59003 7.88596
143.1 14.1306 2.9388 8.56819 7.8892
143.2 14.105 2.93556 8.54634 7.89244
143.3 14.0793 2.93232 8.52449 7.89568
143.4 14.0535 2.9291 8.50261 7.8989
143.5 14.0277 2.92588 8.48073 7.90212
143.6 14.0017 2.92267 8.45884 7.90533
143.7 13.9757 2.91947 8.43693 7.90853
143.8 13.9496 2.91628 8.41502 7.91172
143.9 13.9234 2.91309 8.39309 7.91491
144 13.8971 2.90991 8.37115 7.91809
144.1 13.8707 2.90674 8.3492 7.92126
144.2 13.8443 2.90358 8.32724 7.92442
144.3 13.8178 2.90042 8.30526 7.92758
144.4 13.7912 2.89727 8.28328 7.93073
144.5 13.7645 2.89413 8.26128 7.93387
144.6 13.7377 2.891 8.23928 7.937
144.7 13.7108 2.88787 8.21726 7.94013
144.8 13.6839 2.88475 8.19523 7.94325
144.9 13.6569 2.88164 8.17319 7.94636
145 13.6298 2.87854 8.15114 7.94946
145.1 13.6026 2.87545 8.12908 7.95255
145.2 13.5753 2.87236 8.10701 7.95564
145.3 13.5479 2.86928 8.08493 7.95872
145.4 13.5205 2.86621 8.06283 7.96179
145.5 13.493 2.86314 8.04073 7.96486
145.6 13.4654 2.86009 8.01861 7.96791
145.7 13.4377 2.85704 7.99649 7.97096
145.8 13.4099 2.854 7.97435 7.974
145.9 13.382 2.85097 7.95221 7.97703
146 13.3541 2.84794 7.93005 7.98006
146.1 13.3261 2.84493 7.90788 7.98307
146.2 13.298 2.84192 7.8857 7.98608
146.3 13.2698 2.83892 7.86351 7.98908
146.4 13.2415 2.83592 7.84131 7.99208
146.5 13.2132 2.83294 7.8191 7.99506
146.6 13.1847 2.82996 7.79688 7.99804
146.7 13.1562 2.82699 7.77465 8.00101
146.8 13.1276 2.82403 7.75241 8.00397
146.9 13.0989 2.82107 7.73016 8.00693
147 13.0702 2.81813 7.7079 8.00987
147.1 13.0413 2.81519 7.68563 8.01281
147.2 13.0124 2.81226 7.66335 8.01574
147.3 12.9834 2.80934 7.64106 8.01866
147.4 12.9543 2.80642 7.61876 8.02158
147.5 12.9251 2.80351 7.59644 8.02449
147.6 12.8959 2.80062 7.57412 8.02738
147.7 12.8665 2.79773 7.55179 8.03027
147.8 12.8371 2.79484 7.52945 8.03316
147.9 12.8076 2.79197 7.5071 8.03603
148 12.778 2.7891 7.48474 8.0389
148.1 12.7484 2.78624 7.46236 8.04176
148.2 12.7186 2.78339 7.43998 8.04461
148.3 12.6888 2.78055 7.41759 8.04745
148.4 12.6589 2.77771 7.39519 8.05029
148.5 12.6289 2.77489 7.37278 8.05311
148.6 12.5988 2.77207 7.35036 8.05593
148.7 12.5687 2.76926 7.32793 8.05874
148.8 12.5384 2.76646 7.30549 8.06154
148.9 12.5081 2.76366 7.28305 8.06434
149 12.4777 2.76088 7.26059 8.06712
149.1 12.4472 2.7581 7.23812 8.0699
149.2 12.4167 2.75533 7.21564 8.07267
149.3 12.386 2.75256 7.19316 8.07544
149.4 12.3553 2.74981 7.17066 8.07819
149.5 12.3245 2.74706 7.14816 8.08094
149.6 12.2936 2.74433 7.12564 8.08367
149.7 12.2626 2.7416 7.10312 8.0864
149.8 12.2316 2.73888 7.08058 8.08912
149.9 12.2005 2.73616 7.05804 8.09184
150 12.1693 2.73346 7.03549 8.09454
150.1 12.138 2.73076 7.01293 8.09724
150.2 12.1066 2.72807 6.99036 8.09993
150.3 12.0752 2.72539 6.96778 8.10261
150.4 12.0437 2.72272 6.94519 8.10528
150.5 12.012 2.72005 6.9226 8.10795
150.6 11.9804 2.7174 6.89999 8.1106
150.7 11.9486 2.71475 6.87738 8.11325
150.8 11.9167 2.71211 6.85475 8.11589
150.9 11.8848 2.70948 6.83212 8.11852
151 11.8528 2.70686 6.80948 8.12114
151.1 11.8207 2.70424 6.78683 8.12376
151.2 11.7886 2.70163 6.76417 8.12637
151.3 11.7563 2.69904 6.7415 8.12896
151.4 11.724 2.69645 6.71882 8.13155
151.5 11.6916 2.69386 6.69614 8.13414
151.6 11.6591 2.69129 6.67345 8.13671
151.7 11.6266 2.68873 6.65074 8.13927
151.8 11.5939 2.68617 6.62803 8.14183
151.9 11.5612 2.68362 6.60531 8.14438
152 11.5284 2.68108 6.58258 8.14692
152.1 11.4956 2.67855 6.55985 8.14945
152.2 11.4626 2.67602 6.5371 8.15198
152.3 11.4296 2.67351 6.51435 8.15449
152.4 11.3965 2.671 6.49159 8.157
152.5 11.3633 2.6685 6.46882 8.1595
152.6 11.33 2.66601 6.44604 8.16199
152.7 11.2967 2.66353 6.42325 8.16447
152.8 11.2633 2.66106 6.40046 8.16694
152.9 11.2298 2.65859 6.37765 8.16941
153 11.1962 2.65614 6.35484 8.17186
153.1 11.1625 2.65369 6.33202 8.17431
153.2 11.1288 2.65125 6.3092 8.17675
153.3 11.095 2.64882 6.28636 8.17918
153.4 11.0611 2.64639 6.26352 8.18161
153.5 11.0272 2.64398 6.24066 8.18402
153.6 10.9931 2.64157 6.2178 8.18643
153.7 10.959 2.63917 6.19494 8.18883
153.8 10.9249 2.63678 6.17206 8.19122
153.9 10.8906 2.6344 6.14918 8.1936
154 10.8563 2.63203 6.12629 8.19597
154.1 10.8218 2.62967 6.10339 8.19833
154.2 10.7873 2.62731 6.08048 8.20069
154.3 10.7528 2.62496 6.05756 8.20304
154.4 10.7181 2.62263 6.03464 8.20537
154.5 10.6834 2.6203 6.01171 8.2077
154.6 10.6486 2.61797 5.98877 8.21003
154.7 10.6138 2.61566 5.96583 8.21234
154.8 10.5788 2.61336 5.94288 8.21464
154.9 10.5438 2.61106 5.91991 8.21694
155 10.5087 2.60877 5.89695 8.21923
155.1 10.4735 2.6065 5.87397 8.2215
155.2 10.4383 2.60423 5.85099 8.22377
155.3 10.403 2.60196 5.828 8.22604
155.4 10.3676 2.59971 5.805 8.22829
155.5 10.3321 2.59747 5.78199 8.23053
155.6 10.2966 2.59523 5.75898 8.23277
155.7 10.261 2.593 5.73596 8.235
155.8 10.2253 2.59078 5.71293 8.23722
155.9 10.1896 2.58857 5.6899 8.23943
156 10.1537 2.58637 5.66686 8.24163
156.1 10.1178 2.58418 5.64381 8.24382
156.2 10.0818 2.58199 5.62075 8.24601
156.3 10.0458 2.57982 5.59769 8.24818
156.4 10.0097 2.57765 5.57462 8.25035
156.5 9.97349 2.57549 5.55154 8.25251
156.6 9.93722 2.57334 5.52846 8.25466
156.7 9.90089 2.5712 5.50537 8.2568
156.8 9.86448 2.56907 5.48227 8.25893
156.9 9.828 2.56695 5.45916 8.26105
157 9.79145 2.56483 5.43605 8.26317
157.1 9.75482 2.56272 5.41293 8.26528
157.2 9.71813 2.56063 5.3898 8.26737
157.3 9.68137 2.55854 5.36667 8.26946
157.4 9.64453 2.55646 5.34353 8.27154
157.5 9.60762 2.55439 5.32039 8.27361
157.6 9.57065 2.55232 5.29723 8.27568
157.7 9.5336 2.55027 5.27407 8.27773
157.8 9.49648 2.54822 5.25091 8.27978
157.9 9.4593 2.54619 5.22774 8.28181
158 9.42204 2.54416 5.20456 8.28384
158.1 9.38472 2.54214 5.18137 8.28586
158.2 9.34732 2.54013 5.15818 8.28787
158.3 9.30986 2.53813 5.13498 8.28987
158.4 9.27233 2.53613 5.11177 8.29187
158.5 9.23472 2.53415 5.08856 8.29385
158.6 9.19705 2.53217 5.06534 8.29583
158.7 9.15932 2.53021 5.04212 8.29779
158.8 9.12151 2.52825 5.01889 8.29975
158.9 9.08364 2.5263 4.99565 8.3017
159 9.04569 2.52436 4.97241 8.30364
159.1 9.00769 2.52243 4.94916 8.30557
159.2 8.96961 2.5205 4.9259 8.3075
159.3 8.93147 2.51859 4.90264 8.30941
159.4 8.89326 2.51669 4.87937 8.31131
159.5 8.85498 2.51479 4.8561 8.31321
159.6 8.81663 2.5129 4.83282 8.3151
159.7 8.77823 2.51102 4.80953 8.31698
159.8 8.73975 2.50915 4.78624 8.31885
159.9 8.70121 2.50729 4.76294 8.32071
160 8.6626 2.50544 4.73964 8.32256
160.1 8.62393 2.5036 4.71633 8.3244
160.2 8.58519 2.50176 4.69301 8.32624
160.3 8.54639 2.49994 4.66969 8.32806
160.4 8.50752 2.49812 4.64636 8.32988
160.5 8.46859 2.49631 4.62303 8.33169
160.6 8.42959 2.49451 4.59969 8.33349
160.7 8.39053 2.49272 4.57634 8.33528
160.8 8.35141 2.49094 4.55299 8.33706
160.9 8.31222 2.48917 4.52964 8.33883
161 8.27297 2.48741 4.50627 8.34059
161.1 8.23366 2.48565 4.48291 8.34235
161.2 8.19428 2.48391 4.45953 8.34409
161.3 8.15484 2.48217 4.43615 8.34583
161.4 8.11534 2.48044 4.41277 8.34756
161.5 8.07578 2.47873 4.38938 8.34927
161.6 8.03615 2.47702 4.36598 8.35098
161.7 7.99646 2.47532 4.34258 8.35268
161.8 7.95671 2.47362 4.31918 8.35438
161.9 7.9169 2.47194 4.29577 8.35606
162 7.87703 2.47027 4.27235 8.35773
162.1 7.8371 2.4686 4.24893 8.3594
162.2 7.79711 2.46695 4.2255 8.36105
162.3 7.75705 2.4653 4.20207 8.3627
162.4 7.71694 2.46366 4.17863 8.36434
162.5 7.67677 2.46203 4.15519 8.36597
162.6 7.63654 2.46041 4.13174 8.36759
162.7 7.59624 2.4588 4.10828 8.3692
162.8 7.55589 2.4572 4.08483 8.3708
162.9 7.51548 2.45561 4.06136 8.37239
163 7.47502 2.45402 4.03789 8.37398
163.1 7.43449 2.45245 4.01442 8.37555
163.2 7.39391 2.45088 3.99094 8.37712
163.3 7.35326 2.44932 3.96746 8.37868
163.4 7.31257 2.44778 3.94397 8.38022
163.5 7.27181 2.44624 3.92048 8.38176
163.6 7.231 2.44471 3.89698 8.38329
163.7 7.19013 2.44319 3.87348 8.38481
163.8 7.1492 2.44168 3.84997 8.38632
163.9 7.10822 2.44017 3.82646 8.38783
164 7.06718 2.43868 3.80294 8.38932
164.1 7.02608 2.4372 3.77942 8.3908
164.2 6.98493 2.43572 3.75589 8.39228
164.3 6.94373 2.43425 3.73236 8.39375
164.4 6.90247 2.4328 3.70882 8.3952
164.5 6.86116 2.43135 3.68528 8.39665
164.6 6.81979 2.42991 3.66174 8.39809
164.7 6.77837 2.42848 3.63819 8.39952
164.8 6.73689 2.42706 3.61464 8.40094
164.9 6.69536 2.42565 3.59108 8.40235
165 6.65378 2.42424 3.56751 8.40376
165.1 6.61214 2.42285 3.54395 8.40515
165.2 6.57046 2.42146 3.52038 8.40654
165.3 6.52872 2.42009 3.4968 8.40791
165.4 6.48693 2.41872 3.47322 8.40928
165.5 6.44508 2.41737 3.44964 8.41063
165.6 6.40319 2.41602 3.42605 8.41198
165.7 6.36124 2.41468 3.40245 8.41332
165.8 6.31924 2.41335 3.37886 8.41465
165.9 6.2772 2.41203 3.35526 8.41597
166 6.2351 2.41072 3.33165 8.41728
166.1 6.19295 2.40941 3.30804 8.41859
166.2 6.15075 2.40812 3.28443 8.41988
166.3 6.10851 2.40684 3.26081 8.42116
166.4 6.06621 2.40556 3.23719 8.42244
166.5 6.02387 2.4043 3.21356 8.4237
166.6 5.98147 2.40304 3.18993 8.42496
166.7 5.93903 2.40179 3.1663 8.42621
166.8 5.89655 2.40056 3.14266 8.42744
166.9 5.85401 2.39933 3.11902 8.42867
167 5.81143 2.39811 3.09538 8.42989
167.1 5.76879 2.3969 3.07173 8.4311
167.2 5.72612 2.39569 3.04808 8.43231
167.3 5.68339 2.3945 3.02442 8.4335
167.4 5.64062 2.39332 3.00076 8.43468
167.5 5.59781 2.39215 2.9771 8.43585
167.6 5.55495 2.39098 2.95343 8.43702
167.7 5.51204 2.38982 2.92976 8.43818
167.8 5.46909 2.38868 2.90608 8.43932
167.9 5.4261 2.38754 2.88241 8.44046
168 5.38306 2.38641 2.85872 8.44159
168.1 5.33998 2.3853 2.83504 8.4427
168.2 5.29685 2.38419 2.81135 8.44381
168.3 5.25368 2.38309 2.78766 8.44491
168.4 5.21047 2.382 2.76396 8.446
168.5 5.16721 2.38091 2.74027 8.44709
168.6 5.12392 2.37984 2.71656 8.44816
168.7 5.08058 2.37878 2.69286 8.44922
168.8 5.0372 2.37772 2.66915 8.45028
168.9 4.99378 2.37668 2.64544 8.45132
169 4.95031 2.37564 2.62172 8.45236
169.1 4.90681 2.37462 2.598 8.45338
169.2 4.86327 2.3736 2.57428 8.4544
169.3 4.81968 2.37259 2.55056 8.45541
169.4 4.77606 2.37159 2.52683 8.45641
169.5 4.7324 2.37061 2.5031 8.45739
169.6 4.6887 2.36963 2.47936 8.45837
169.7 4.64496 2.36866 2.45563 8.45934
169.8 4.60118 2.36769 2.43189 8.46031
169.9 4.55737 2.36674 2.40815 8.46126
170 4.51351 2.3658 2.3844 8.4622
170.1 4.46962 2.36487 2.36065 8.46313
170.2 4.4257 2.36394 2.3369 8.46406
170.3 4.38173 2.36303 2.31314 8.46497
170.4 4.33773 2.36212 2.28939 8.46588
170.5 4.2937 2.36122 2.26563 8.46678
170.6 4.24963 2.36034 2.24186 8.46766
170.7 4.20552 2.35946 2.2181 8.46854
170.8 4.16138 2.35859 2.19433 8.46941
170.9 4.1172 2.35773 2.17056 8.47027
171 4.07299 2.35688 2.14679 8.47112
171.1 4.02875 2.35604 2.12301 8.47196
171.2 3.98447 2.35521 2.09923 8.47279
171.3 3.94016 2.35439 2.07545 8.47361
171.4 3.89582 2.35358 2.05167 8.47442
171.5 3.85144 2.35277 2.02788 8.47523
171.6 3.80704 2.35198 2.00409 8.47602
171.7 3.7626 2.3512 1.9803 8.4768
171.8 3.71813 2.35042 1.95651 8.47758
171.9 3.67362 2.34965 1.93271 8.47835
172 3.62909 2.3489 1.90891 8.4791
172.1 3.58453 2.34815 1.88511 8.47985
172.2 3.53994 2.34741 1.86131 8.48059
172.3 3.49532 2.34668 1.8375 8.48132
172.4 3.45067 2.34597 1.81369 8.48203
172.5 3.40599 2.34526 1.78988 8.48274
172.6 3.36128 2.34456 1.76607 8.48344
172.7 3.31654 2.34386 1.74226 8.48414
172.8 3.27178 2.34318 1.71844 8.48482
172.9 3.22699 2.34251 1.69462 8.48549
173 3.18217 2.34185 1.6708 8.48615
173.1 3.13732 2.34119 1.64698 8.48681
173.2 3.09245 2.34055 1.62316 8.48745
173.3 3.04755 2.33991 1.59933 8.48809
173.4 3.00263 2.33929 1.5755 8.48871
173.5 2.95768 2.33867 1.55167 8.48933
173.6 2.91271 2.33807 1.52784 8.48993
173.7 2.86771 2.33747 1.50401 8.49053
173.8 2.82269 2.33688 1.48017 8.49112
173.9 2.77764 2.3363 1.45633 8.4917
174 2.73258 2.33573 1.43249 8.49227
174.1 2.68748 2.33517 1.40865 8.49283
174.2 2.64237 2.33462 1.38481 8.49338
174.3 2.59723 2.33408 1.36097 8.49392
174.4 2.55208 2.33355 1.33712 8.49445
174.5 2.5069 2.33303 1.31327 8.49497
174.6 2.46169 2.33251 1.28942 8.49549
174.7 2.41647 2.33201 1.26557 8.49599
174.8 2.37123 2.33151 1.24172 8.49649
174.9 2.32597 2.33103 1.21787 8.49697
175 2.28069 2.33055 1.19401 8.49745
175.1 2.23539 2.33009 1.17015 8.49791
175.2 2.19007 2.32963 1.14629 8.49837
175.3 2.14473 2.32918 1.12244 8.49882
175.4 2.09937 2.32875 1.09857 8.49925
175.5 2.054 2.32832 1.07471 8.49968
175.6 2.00861 2.3279 1.05085 8.5001
175.7 1.9632 2.32749 1.02698 8.50051
175.8 1.91777 2.32709 1.00312 8.50091
175.9 1.87233 2.3267 0.97925 8.5013
176 1.82687 2.32632 0.955381 8.50168
176.1 1.7814 2.32594 0.931512 8.50206
176.2 1.73591 2.32558 0.907641 8.50242
176.3 1.69041 2.32523 0.883769 8.50277
176.4 1.64489 2.32488 0.859896 8.50312
176.5 1.59936 2.32455 0.836022 8.50345
176.6 1.55382 2.32422 0.812147 8.50378
176.7 1.50826 2.32391 0.788271 8.50409
176.8 1.46269 2.3236 0.764394 8.5044
176.9 1.41711 2.32331 0.740516 8.50469
177 1.37151 2.32302 0.716637 8.50498
177.1 1.32591 2.32274 0.692758 8.50526
177.2 1.28029 2.32247 0.668877 8.50553
177.3 1.23466 2.32221 0.644996 8.50579
177.4 1.18902 2.32196 0.621114 8.50604
177.5 1.14337 2.32172 0.597231 8.50628
177.6 1.09771 2.32149 0.573347 8.50651
177.7 1.05205 2.32127 0.549463 8.50673
177.8 1.00637 2.32106 0.525578 8.50694
177.9 0.960684 2.32085 0.501693 8.50715
178 0.91499 2.32066 0.477806 8.50734
178.1 0.869289 2.32048 0.45392 8.50752
178.2 0.82358 2.3203 0.430032 8.5077
178.3 0.777864 2.32014 0.406145 8.50786
178.4 0.732142 2.31998 0.382256 8.50802
178.5 0.686413 2.31984 0.358367 8.50816
178.6 0.640678 2.3197 0.334478 8.5083
178.7 0.594938 2.31957 0.310589 8.50843
178.8 0.549193 2.31945 0.286699 8.50855
178.9 0.503444 2.31935 0.262808 8.50865
179 0.45769 2.31925 0.238918 8.50875
179.1 0.411932 2.31916 0.215027 8.50884
179.2 0.36617 2.31908 0.191135 8.50892
179.3 0.320406 2.31901 0.167244 8.50899
179.4 0.274639 2.31895 0.143352 8.50905
179.5 0.228869 2.31889 0.119461 8.50911
179.6 0.183098 2.31885 0.0955687 8.50915
179.7 0.137325 2.31882 0.0716766 8.50918
179.8 0.0915504 2.31879 0.0477845 8.50921
179.9 0.0457754 2.31878 0.0238922 8.50922
180 3.21193e-15 2.31878 1.67645e-15 8.50922
