#x,y,z,charge
-49.0823 36.8052 -4280 0
-49.0824 14.2027 -4280 0
41.72 -32.5545 -4280 0
41.72 -26.9547 -4280 0
39.2659 -28.3038 -4280 0
41.72 -9.95207 -4280 0
-24.5412 70.8104 -4280 0
-12.2706 66.5598 -4280 0
-26.9953 66.5598 -4280 0
-39.2659 39.7067 -4280 0
31.9035 -60.9599 856 22.6761
12.2706 -52.4586 856 397.867
14.7247 -53.8078 856 906.804
12.2706 -58.0584 856 55.2556
9.81649 -53.8078 856 32.5796
9.81649 -56.7093 856 35.9366
39.2659 -48.208 856 12.5392
36.8118 -49.5571 856 18.5997
34.3577 -48.208 856 44.319
31.9035 -49.5571 856 587.547
29.4494 -48.208 856 1836.54
29.4494 -45.3065 856 1468
26.9953 -49.5571 856 6911.89
24.5412 -48.208 856 20614.3
22.0871 -49.5571 856 52914.6
19.633 -48.208 856 28169.4
17.1788 -49.5571 856 8635.23
7.36234 -49.5571 856 22.0458
17.1788 -52.4586 856 3931.59
26.9953 -60.9599 856 114.459
24.5412 -62.3091 856 114.943
22.0871 -60.9599 856 214.043
19.633 -62.3091 856 78.8464
17.1788 -60.9599 856 66.645
12.2706 -60.9599 856 15.1148
36.8118 -58.0584 856 12.7991
36.8118 -52.4586 856 0.987663
34.3577 -56.7093 856 31.8655
34.3577 -53.8078 856 109.833
31.9035 -52.4586 856 382.508
31.9035 -58.0584 856 33.3408
29.4494 -53.8078 856 1252.37
29.4494 -56.7093 856 399.014
22.0871 -52.4586 856 20758.8
26.9953 -58.0584 856 412.626
26.9953 -52.4586 856 5068.39
22.0871 -58.0584 856 964.878
14.7247 -56.7093 856 217.953
24.5412 -56.7093 856 2132.39
19.633 -53.8078 856 5817.79
19.633 -56.7093 856 1741.15
24.5412 -53.8078 856 8453.55
17.1788 -58.0584 856 327.003
29.4494 -65.2106 856 8.92519
-19.6329 56.7093 872 2762.74
-26.9953 58.0584 872 1152.92
-26.9953 52.4586 872 7848.89
-24.5412 53.8078 872 15780.3
-24.5412 56.7093 872 3753.3
-22.0871 52.4586 872 30227
-22.0871 58.0584 872 1998.44
-31.9035 58.0584 872 91.4318
-19.6329 53.8078 872 7643.12
-17.1788 58.0584 872 749.313
-17.1788 52.4586 872 4748.42
-14.7247 56.7093 872 413.259
-14.7247 53.8078 872 855.371
-12.2706 52.4586 872 455.975
-12.2706 58.0584 872 60.9443
-9.81648 56.7093 872 28.8107
-9.81648 53.8078 872 60.7769
-22.0871 49.5571 872 52281.8
-34.3576 45.3065 872 55.8069
-31.9035 49.5571 872 552.401
-36.8118 49.5571 872 23.8818
-31.9035 43.9573 872 177.721
-29.4494 45.3065 872 1499.41
-29.4494 48.208 872 2294.64
-26.9953 43.9573 872 3372.04
-26.9953 49.5571 872 8584.62
-24.5412 48.208 872 22023.3
-24.5412 45.3065 872 13321.2
-29.4494 53.8078 872 1758.5
-19.6329 48.208 872 29926.1
-17.1788 49.5571 872 9221.11
-14.7247 48.208 872 3781.97
-12.2706 49.5571 872 933.464
-36.8118 52.4586 872 69.3864
-34.3576 53.8078 872 69.0114
-34.3576 56.7093 872 49.9706
-31.9035 52.4586 872 555.065
-34.3576 48.208 872 131.112
-29.4494 56.7093 872 945.001
14.7247 -48.208 872 3240.89
31.9035 -41.0558 872 121.798
31.9035 -35.456 872 18.7758
34.3577 -36.8052 872 5.41328
34.3577 -39.7067 872 62.9129
7.36237 -43.9573 872 112.55
9.81649 -45.3065 872 505.5
9.81649 -48.208 872 203.273
12.2706 -43.9573 872 2497.65
12.2706 -49.5571 872 649.738
29.4494 -39.7067 872 664.521
14.7247 -45.3065 872 5792.88
17.1788 -43.9573 872 18819.9
19.633 -45.3065 872 47993.8
22.0871 -43.9573 872 32479.5
24.5412 -45.3065 872 14932.6
26.9953 -43.9573 872 4114.14
31.9035 -43.9573 872 121.989
34.3577 -45.3065 872 45.0509
7.36234 -52.4586 872 19.1238
-19.6329 65.2106 872 44.11
-31.9035 60.9599 872 35.6114
-29.4494 62.3091 872 66.8671
-29.4494 65.2106 872 14.189
-26.9953 60.9599 872 230.834
-24.5412 65.2106 872 23.5898
-24.5412 62.3091 872 104.838
-22.0871 66.5598 872 10.2804
-22.0871 60.9599 872 378.387
-19.6329 62.3091 872 152.161
-36.8118 60.9599 872 14.2326
-17.1788 60.9599 872 119.455
-14.7247 65.2106 872 15.575
-14.7247 62.3091 872 4.36614
-9.81648 62.3091 872 42.2052
17.1788 -41.0558 872 26717.8
19.633 -39.7067 872 35611.8
22.0871 -41.0558 872 17483.2
24.5412 -39.7067 872 5221.61
26.9953 -41.0558 872 2574.07
12.2706 -41.0558 888 3355.8
-19.6329 36.8052 888 11786.3
-17.1788 41.0558 888 30668.1
26.9953 -32.5545 888 330.53
4.90822 -36.8052 888 166.459
4.90822 -39.7067 888 146.638
-14.7247 39.7067 888 12841.6
7.36237 -41.0558 888 222.168
9.81649 -39.7067 888 1362.03
9.81649 -36.8052 888 2547.61
-36.8118 43.9573 888 14.7761
22.0871 -32.5545 888 3171.39
12.2706 -35.456 888 8558.29
14.7247 -36.8052 888 17377.7
14.7247 -39.7067 888 11814.2
17.1788 -35.456 888 34556.6
19.633 -36.8052 888 18929.1
29.4494 -36.8052 888 63.2777
22.0871 -35.456 888 5481.93
26.9953 -35.456 888 577.307
24.5412 -36.8052 888 2672.55
-12.2706 41.0558 888 3941.36
-7.36236 52.4586 888 46.1059
-26.9953 35.456 888 443.843
-26.9953 41.0558 888 1843.68
-29.4494 36.8052 888 165.949
-29.4494 39.7067 888 392.605
-31.9035 41.0558 888 96.5884
-31.9035 35.456 888 13.158
-24.5412 36.8052 888 2054.02
-7.36236 49.5571 888 24.1388
-7.36236 43.9573 888 200.343
-9.81648 48.208 888 247.141
-9.81648 45.3065 888 522.35
-22.0871 43.9573 888 23829.1
-12.2706 43.9573 888 2634.37
-24.5412 39.7067 888 3900.05
4.90822 -45.3065 888 23.8948
-14.7247 45.3065 888 6000.13
-22.0871 41.0558 888 12544.7
-17.1788 43.9573 888 20056.7
-19.6329 39.7067 888 22213.4
-19.6329 45.3065 888 43427.1
-22.0871 35.456 904 3561.32
-14.7247 36.8052 904 21428
-17.1788 35.456 904 26373
-12.2706 35.456 904 10673.4
-4.90825 39.7067 904 93.8905
-46.6282 24.0532 904 488.059
-41.72 24.0532 904 7496.44
-39.2659 22.704 904 23682.7
-39.2659 19.8025 904 10236.7
-36.8118 24.0532 904 33408.8
-36.8118 18.4534 904 11880
17.1788 -32.5545 904 20345.7
-4.90825 48.208 904 5.58032
-34.3577 22.704 904 33558.3
-41.72 18.4534 904 2421.61
-44.1741 22.704 904 2131.92
19.6329 -31.2053 904 6728.17
-44.1741 19.8025 904 1356.93
24.5412 -31.2053 904 768.02
-46.6282 18.4534 904 339.098
-9.81648 39.7067 904 1873.13
-49.0824 19.8025 904 42.4563
29.4494 -31.2053 904 82.4078
-49.0824 22.704 904 127.504
31.9035 -32.5545 904 30.8514
-51.5365 24.0532 904 15.9886
-51.5365 18.4534 904 6.92587
-53.9906 19.8025 904 3.32851
-2.45413 41.0558 904 17.1924
-2.45413 35.456 904 190.189
-44.1741 36.8052 904 21.1437
-4.90825 36.8052 904 282.003
-7.36236 35.456 904 1310.56
-7.36236 41.0558 904 431.394
-9.81648 36.8052 904 2787.05
-46.6282 26.9547 904 314.254
-34.3577 28.3038 904 3431.37
-34.3577 31.2053 904 805.303
-36.8118 32.5545 904 437.155
-36.8118 26.9547 904 7942.39
-39.2659 31.2053 904 942.505
-39.2659 28.3038 904 4615.73
-41.72 26.9547 904 3860.28
-41.72 32.5545 904 425.564
-44.1741 28.3038 904 1115.26
-44.1741 31.2053 904 347.534
-46.6282 32.5545 904 109.097
-36.8118 35.456 904 81.4736
-49.0824 31.2053 904 29.1962
-49.0824 28.3038 904 56.4977
-51.5365 26.9547 904 15.4545
-51.5365 32.5545 904 12.4424
9.81648 -31.2053 904 6428.54
7.36237 -32.5545 904 1788.84
2.45413 -32.5545 904 97.2357
-41.72 15.5519 904 829.239
-44.1741 14.2027 904 172.528
-46.6282 15.5519 904 78.8532
-51.5365 15.5519 904 3.68628
-31.9035 26.9547 904 3967.52
-34.3576 36.8052 904 38.9416
-39.2659 36.8052 904 7.23201
-1.14441e-05 -39.7067 904 6.5063
-41.72 35.456 904 44.2012
-46.6282 35.456 904 3.48726
-1.14441e-05 -36.8052 904 6.43421
2.4541 -35.456 904 50.4985
7.36234 -35.456 904 838.576
-12.2706 32.5545 904 17051.1
-14.7247 31.2053 904 33437.5
-19.6329 31.2053 904 5978.07
-17.1788 32.5545 904 15979.3
-22.0871 32.5545 904 2378.73
14.7247 -31.2053 904 31719.1
-24.5412 31.2053 904 585.398
-31.9035 32.5545 904 217.576
-26.9953 32.5545 904 190.821
-29.4494 31.2053 904 225.803
12.2706 -32.5545 904 13074.6
-12.2706 24.0532 920 64761.8
41.72 -24.0532 920 4.96242
34.3577 -19.8025 920 1580.48
39.2659 -19.8025 920 43.6806
41.72 -18.4534 920 10.587
39.2659 -22.704 920 38.5988
36.8118 -24.0532 920 243.608
36.8118 -18.4534 920 427.359
34.3577 -22.704 920 804.631
31.9035 -18.4534 920 5229.29
41.72 -15.5519 920 15.7117
31.9035 -7.05056 920 172.006
26.9953 -15.5519 920 20709.2
29.4494 -11.3012 920 2070.31
29.4494 -14.2027 920 6514.75
31.9035 -9.95207 920 552
31.9035 -15.5519 920 3627.48
34.3577 -14.2027 920 745.124
34.3577 -11.3012 920 281.981
36.8118 -15.5519 920 469.866
36.8118 -9.95207 920 59.1252
39.2659 -11.3012 920 24.0165
39.2659 -14.2027 920 49.7181
31.9035 -24.0532 920 1295.85
7.36237 -24.0532 920 11157.4
9.81648 -22.704 920 32618.8
12.2706 -24.0532 920 42140
17.1788 -24.0532 920 27720.7
22.0871 -24.0532 920 4896.01
24.5412 -19.8025 920 18396.7
24.5412 -22.704 920 5987.8
26.9953 -18.4534 920 40418.7
26.9953 -24.0532 920 3735.44
29.4494 -22.704 920 5202.03
29.4494 -19.8025 920 16402.7
-34.3577 14.2027 920 4390.37
34.3577 -28.3038 920 96.449
36.8118 -26.9547 920 28.25
-26.9953 15.5519 920 25786.7
-29.4494 14.2027 920 10528.4
-29.4494 11.3012 920 3732.86
-31.9035 9.95207 920 1166.19
-31.9035 15.5519 920 11878.1
-34.3577 11.3012 920 1348.93
34.3577 -31.2053 920 37.9254
-36.8118 15.5519 920 4545.67
-36.8118 9.95207 920 399.992
-39.2659 14.2027 920 1057.68
-39.2659 11.3012 920 304.241
-41.72 9.95207 920 84.6048
-44.1741 11.3012 920 25.3554
-31.9035 7.05056 920 201.557
-34.3577 5.70141 920 40.7587
14.7247 -28.3038 920 26736.9
-1.33514e-05 -28.3038 920 78.7255
-1.33514e-05 -31.2053 920 14.7643
2.4541 -26.9547 920 580.456
4.90825 -31.2053 920 668.281
4.90825 -28.3038 920 1740.93
7.36237 -26.9547 920 6274.15
9.81648 -28.3038 920 10939.6
12.2706 -26.9547 920 33407
-2.45413 -26.9547 920 25.1513
17.1788 -26.9547 920 26316
19.6329 -28.3038 920 7333.3
22.0871 -26.9547 920 3032.88
24.5412 -28.3038 920 1052.3
26.9953 -26.9547 920 844.921
29.4494 -28.3038 920 378.732
31.9035 -26.9547 920 401.213
-9.81648 28.3038 920 21606.6
-1.33514e-05 28.3038 920 219.524
-2.45413 26.9547 920 1256.72
-2.45413 32.5545 920 378.551
-4.90825 28.3038 920 3221.26
-4.90825 31.2053 920 1459.29
-7.36237 32.5545 920 2826.53
-7.36236 26.9547 920 11695.9
-9.81648 31.2053 920 10426.9
-1.33514e-05 31.2053 920 84.6971
-12.2706 26.9547 920 60649.2
-14.7247 28.3038 920 46851.1
-17.1788 26.9547 920 16708
-19.6329 28.3038 920 5685.1
-24.5412 28.3038 920 668.401
-26.9953 26.9547 920 1554.46
-29.4494 28.3038 920 1031.39
-7.36236 24.0532 920 17622.3
-31.9035 24.0532 920 12379.4
-19.6329 22.704 920 4083.99
-22.0871 24.0532 920 2004.82
-24.5412 22.704 920 3341.21
-24.5412 19.8025 920 8215.76
-26.9953 18.4534 920 23983.8
-26.9953 24.0532 920 3621.58
-29.4494 19.8025 920 29894.8
-29.4494 22.704 920 11722.2
-22.0871 26.9547 920 1915.05
-31.9035 18.4534 920 34980.6
-34.3577 19.8025 920 35324.9
-17.1788 24.0532 920 12528.4
-36.8118 7.05056 920 15.9587
-1.14441e-05 36.8052 920 8.1276
-14.7247 22.704 920 24810.5
2.45413 32.5545 920 10.8693
-22.0871 9.95207 936 9131.34
26.9953 -7.05056 936 916.77
2.4541 26.9547 936 86.9246
29.4494 -5.70141 936 175.963
-22.0871 7.05056 936 3172.47
-7.36237 15.5519 936 51555.7
-19.6329 5.70141 936 3173.65
-9.81648 14.2027 936 26343.1
-12.2706 15.5519 936 16176.5
-14.7247 14.2027 936 9262.09
-26.9953 -1.45075 936 4.33049
-12.2706 18.4534 936 24336.9
-22.0871 15.5519 936 20685.7
22.0871 -18.4534 936 18643.5
-24.5412 11.3012 936 8932.98
19.6329 -19.8025 936 10679.2
19.6329 -22.704 936 8548.59
7.36237 -15.5519 936 39451.8
14.7247 -22.704 936 55770.9
14.7247 -19.8025 936 32860.9
12.2706 -18.4534 936 49811.5
9.81648 -19.8025 936 44566.7
-24.5412 5.70141 936 1010.84
-9.81648 22.704 936 50829.9
-31.9035 1.45075 936 4.9531
-22.0871 18.4534 936 7733.88
-9.81648 19.8025 936 59377.2
-29.4494 5.70141 936 276.677
-29.4494 2.7999 936 53.1538
-26.9953 7.05056 936 982.588
-26.9953 1.45075 936 42.8727
-24.5412 2.7999 936 270.485
19.6329 -5.70141 936 2776.11
17.1788 -18.4534 936 14344.5
22.0871 -7.05056 936 3082.61
-19.6329 19.8025 936 3833.68
22.0871 -1.45075 936 130.386
24.5412 -2.7999 936 157.247
-17.1788 18.4534 936 6066.1
-14.7247 19.8025 936 14015.4
24.5412 -5.70141 936 883.399
-19.6329 14.2027 936 19028.2
-19.6329 11.3012 936 24044.7
26.9953 -1.45075 936 12.856
4.90825 22.704 936 35.6473
19.6329 -11.3012 936 24227.3
19.6329 -14.2027 936 36973.5
22.0871 -9.95207 936 9234.86
19.6329 5.70141 936 22.921
-17.1788 15.5519 936 8208.65
22.0871 -15.5519 936 43863
24.5412 -14.2027 936 25009.5
24.5412 -11.3012 936 9188.72
-24.5412 14.2027 936 26171.7
17.1788 -9.95207 936 22239.5
4.90825 19.8025 936 77.8618
-2.45413 18.4534 936 6791.7
2.45413 18.4534 936 642.352
2.4541 24.0532 936 158.086
-1.33514e-05 19.8025 936 1670.89
-1.33514e-05 22.704 936 795.107
26.9953 -9.95207 936 3187.46
-2.45413 24.0532 936 2604.97
-1.33514e-05 -19.8025 936 1015.27
26.9953 1.45075 936 8.84949
7.36237 -18.4534 936 29848.2
4.90825 -22.704 936 5667.64
4.90825 -19.8025 936 9984.12
-7.36237 18.4534 936 42105.4
2.45413 -18.4534 936 4867.17
2.4541 -24.0532 936 1352.52
-1.33514e-05 -22.704 936 508.31
-4.90825 19.8025 936 14315.5
-2.45413 -24.0532 936 78.4805
12.2706 -15.5519 936 26059.4
14.7247 -14.2027 936 16962.8
-4.90825 22.704 936 8866.05
-26.9953 9.95207 936 3245.28
17.1788 -15.5519 936 17572.4
7.36237 18.4534 952 25.598
22.0871 1.45075 952 59.737
-17.1788 1.45075 952 1089.39
-9.81648 5.70141 952 23447.1
-7.36236 7.05056 952 24538.4
-12.2706 7.05056 952 23373.7
-12.2706 1.45075 952 3635.61
14.7247 2.7999 952 156.501
-14.7247 5.70141 952 8992.69
-14.7247 2.7999 952 3496.3
9.81648 -5.70141 952 26864.5
-17.1788 9.95207 952 21668.3
17.1788 1.45075 952 100.953
-17.1788 7.05056 952 8279.55
-19.6329 2.7999 952 1082.69
19.6329 2.7999 952 66.1194
14.7247 19.8025 952 9.40351
-22.0871 1.45075 952 306.435
4.90825 31.2053 952 5.94064
-1.33514e-05 -11.3012 952 7185.36
-2.45413 -18.4534 952 394.607
-4.90825 -22.704 952 7.7836
-4.90825 -19.8025 952 55.925
-7.36237 -18.4534 952 24.4194
14.7247 -11.3012 952 30395.9
12.2706 -9.95207 952 28407.9
9.81648 -11.3012 952 27770.9
7.36237 -9.95207 952 41556.1
4.90825 -11.3012 952 40289.6
4.90825 -14.2027 952 23996.4
2.45413 -15.5519 952 7600.23
2.4541 -9.95207 952 22516
-1.33514e-05 -14.2027 952 4169.47
9.81648 -14.2027 952 41743.8
-2.45413 -15.5519 952 911.185
-4.90825 -14.2027 952 336.093
-7.36237 -15.5519 952 43.3585
-9.81648 -14.2027 952 37.7382
29.4494 -2.7999 952 7.06765
19.6329 -2.7999 952 914.17
17.1788 -7.05056 952 8439.97
17.1788 -1.45075 952 1085.78
14.7247 -5.70141 952 9152.75
14.7247 -2.7999 952 3078.35
12.2706 -1.45075 952 3873.64
12.2706 -7.05056 952 26074.7
7.36237 -7.05056 952 34485.6
-1.33514e-05 14.2027 952 5151.06
-7.36236 9.95207 952 29393.5
-2.45413 15.5519 952 10724
-9.81648 11.3012 952 19275.1
-12.2706 9.95207 952 17265.5
-14.7247 11.3012 952 15953.3
-22.0871 -1.45075 952 63.2149
-19.6329 -5.70141 952 15.5165
-4.90825 14.2027 952 34845.2
-19.6329 -2.7999 952 70.649
-17.1788 -1.45075 952 214.556
-2.45413 9.95207 952 27656.2
-1.33514e-05 11.3012 952 9182.06
-4.90825 11.3012 952 52782.6
2.45413 15.5519 952 1279.67
4.90825 14.2027 952 491.892
7.36237 15.5519 952 89.4016
-14.7247 -2.7999 952 359.336
9.81648 14.2027 952 41.387
-1.33514e-05 2.7999 968 49488.7
-9.81648 2.7999 968 10162.9
-7.36237 1.45075 968 13967.9
-4.90825 2.7999 968 36094.9
-4.90825 5.70141 968 36376.8
-2.45413 1.45075 968 50645.9
-2.45413 7.05056 968 47376.1
-1.33514e-05 5.70141 968 25973.9
7.36237 7.05056 968 1244.68
-2.45413 -9.95207 968 3530.93
-4.90825 -11.3012 968 779.824
-7.36236 -9.95207 968 325.639
-9.81648 -11.3012 968 66.5838
7.36237 -1.45075 968 14659.7
2.4541 9.95207 968 4264.87
4.90825 11.3012 968 1011.58
7.36237 9.95207 968 523.306
9.81648 11.3012 968 68.2434
9.81648 -2.7999 968 10955.8
12.2706 9.95207 968 30.7761
2.45413 -1.45075 968 57158.9
-9.81648 -2.7999 968 1998.96
-12.2706 -7.05056 968 113.675
-12.2706 -1.45075 968 1210.81
-14.7247 -5.70141 968 81.2043
-7.36236 -7.05056 968 1043.8
-7.36237 -1.45075 968 5943.3
-4.90825 -2.7999 968 9088.86
-4.90825 -5.70141 968 4771.84
-2.45413 -1.45075 968 27076
-2.45413 -7.05056 968 7400.84
-1.33514e-05 -5.70141 968 23005.6
-1.33514e-05 -2.7999 968 45940.9
2.4541 -7.05056 968 40540.3
2.4541 7.05056 968 8547.22
4.90825 -2.7999 968 40660
4.90825 -5.70141 968 47986.6
17.1788 7.05056 968 21.1303
14.7247 5.70141 968 39.6216
12.2706 1.45075 968 1355.21
12.2706 7.05056 968 65.0086
9.81648 2.7999 968 1949.83
9.81648 5.70141 968 585.724
-9.81648 -5.70141 968 500.7
7.36237 1.45075 968 6456.74
4.90825 5.70141 968 4612.17
4.90825 2.7999 968 9884.23
2.45413 1.45075 968 28645.4
14.7247 14.2027 984 9.79961
-12.2706 -9.95207 984 16.7215
