#x,y,z,charge
-49.0823 36.8052 -5280 0
-49.0824 14.2027 -5280 0
41.72 -32.5545 -5280 0
41.72 -26.9547 -5280 0
39.2659 -28.3038 -5280 0
41.72 -9.95207 -5280 0
-24.5412 70.8104 -5280 0
-12.2706 66.5598 -5280 0
-26.9953 66.5598 -5280 0
-39.2659 39.7067 -5280 0
31.9035 -60.9599 -144 22.6761
12.2706 -52.4586 -144 397.867
14.7247 -53.8078 -144 906.804
12.2706 -58.0584 -144 55.2556
9.81649 -53.8078 -144 32.5796
9.81649 -56.7093 -144 35.9366
39.2659 -48.208 -144 12.5392
36.8118 -49.5571 -144 18.5997
34.3577 -48.208 -144 44.319
31.9035 -49.5571 -144 587.547
29.4494 -48.208 -144 1836.54
29.4494 -45.3065 -144 1468
26.9953 -49.5571 -144 6911.89
24.5412 -48.208 -144 20614.3
22.0871 -49.5571 -144 52914.6
19.633 -48.208 -144 28169.4
17.1788 -49.5571 -144 8635.23
7.36234 -49.5571 -144 22.0458
17.1788 -52.4586 -144 3931.59
26.9953 -60.9599 -144 114.459
24.5412 -62.3091 -144 114.943
22.0871 -60.9599 -144 214.043
19.633 -62.3091 -144 78.8464
17.1788 -60.9599 -144 66.645
12.2706 -60.9599 -144 15.1148
36.8118 -58.0584 -144 12.7991
36.8118 -52.4586 -144 0.987663
34.3577 -56.7093 -144 31.8655
34.3577 -53.8078 -144 109.833
31.9035 -52.4586 -144 382.508
31.9035 -58.0584 -144 33.3408
29.4494 -53.8078 -144 1252.37
29.4494 -56.7093 -144 399.014
22.0871 -52.4586 -144 20758.8
26.9953 -58.0584 -144 412.626
26.9953 -52.4586 -144 5068.39
22.0871 -58.0584 -144 964.878
14.7247 -56.7093 -144 217.953
24.5412 -56.7093 -144 2132.39
19.633 -53.8078 -144 5817.79
19.633 -56.7093 -144 1741.15
24.5412 -53.8078 -144 8453.55
17.1788 -58.0584 -144 327.003
29.4494 -65.2106 -144 8.92519
-19.6329 56.7093 -128 2762.74
-26.9953 58.0584 -128 1152.92
-26.9953 52.4586 -128 7848.89
-24.5412 53.8078 -128 15780.3
-24.5412 56.7093 -128 3753.3
-22.0871 52.4586 -128 30227
-22.0871 58.0584 -128 1998.44
-31.9035 58.0584 -128 91.4318
-19.6329 53.8078 -128 7643.12
-17.1788 58.0584 -128 749.313
-17.1788 52.4586 -128 4748.42
-14.7247 56.7093 -128 413.259
-14.7247 53.8078 -128 855.371
-12.2706 52.4586 -128 455.975
-12.2706 58.0584 -128 60.9443
-9.81648 56.7093 -128 28.8107
-9.81648 53.8078 -128 60.7769
-22.0871 49.5571 -128 52281.8
-34.3576 45.3065 -128 55.8069
-31.9035 49.5571 -128 552.401
-36.8118 49.5571 -128 23.8818
-31.9035 43.9573 -128 177.721
-29.4494 45.3065 -128 1499.41
-29.4494 48.208 -128 2294.64
-26.9953 43.9573 -128 3372.04
-26.9953 49.5571 -128 8584.62
-24.5412 48.208 -128 22023.3
-24.5412 45.3065 -128 13321.2
-29.4494 53.8078 -128 1758.5
-19.6329 48.208 -128 29926.1
-17.1788 49.5571 -128 9221.11
-14.7247 48.208 -128 3781.97
-12.2706 49.5571 -128 933.464
-36.8118 52.4586 -128 69.3864
-34.3576 53.8078 -128 69.0114
-34.3576 56.7093 -128 49.9706
-31.9035 52.4586 -128 555.065
-34.3576 48.208 -128 131.112
-29.4494 56.7093 -128 945.001
14.7247 -48.208 -128 3240.89
31.9035 -41.0558 -128 121.798
31.9035 -35.456 -128 18.7758
34.3577 -36.8052 -128 5.41328
34.3577 -39.7067 -128 62.9129
7.36237 -43.9573 -128 112.55
9.81649 -45.3065 -128 505.5
9.81649 -48.208 -128 203.273
12.2706 -43.9573 -128 2497.65
12.2706 -49.5571 -128 649.738
29.4494 -39.7067 -128 664.521
14.7247 -45.3065 -128 5792.88
17.1788 -43.9573 -128 18819.9
19.633 -45.3065 -128 47993.8
22.0871 -43.9573 -128 32479.5
24.5412 -45.3065 -128 14932.6
26.9953 -43.9573 -128 4114.14
31.9035 -43.9573 -128 121.989
34.3577 -45.3065 -128 45.0509
7.36234 -52.4586 -128 19.1238
-19.6329 65.2106 -128 44.11
-31.9035 60.9599 -128 35.6114
-29.4494 62.3091 -128 66.8671
-29.4494 65.2106 -128 14.189
-26.9953 60.9599 -128 230.834
-24.5412 65.2106 -128 23.5898
-24.5412 62.3091 -128 104.838
-22.0871 66.5598 -128 10.2804
-22.0871 60.9599 -128 378.387
-19.6329 62.3091 -128 152.161
-36.8118 60.9599 -128 14.2326
-17.1788 60.9599 -128 119.455
-14.7247 65.2106 -128 15.575
-14.7247 62.3091 -128 4.36614
-9.81648 62.3091 -128 42.2052
17.1788 -41.0558 -128 26717.8
19.633 -39.7067 -128 35611.8
22.0871 -41.0558 -128 17483.2
24.5412 -39.7067 -128 5221.61
26.9953 -41.0558 -128 2574.07
12.2706 -41.0558 -112 3355.8
-19.6329 36.8052 -112 11786.3
-17.1788 41.0558 -112 30668.1
26.9953 -32.5545 -112 330.53
4.90822 -36.8052 -112 166.459
4.90822 -39.7067 -112 146.638
-14.7247 39.7067 -112 12841.6
7.36237 -41.0558 -112 222.168
9.81649 -39.7067 -112 1362.03
9.81649 -36.8052 -112 2547.61
-36.8118 43.9573 -112 14.7761
22.0871 -32.5545 -112 3171.39
12.2706 -35.456 -112 8558.29
14.7247 -36.8052 -112 17377.7
14.7247 -39.7067 -112 11814.2
17.1788 -35.456 -112 34556.6
19.633 -36.8052 -112 18929.1
29.4494 -36.8052 -112 63.2777
22.0871 -35.456 -112 5481.93
26.9953 -35.456 -112 577.307
24.5412 -36.8052 -112 2672.55
-12.2706 41.0558 -112 3941.36
-7.36236 52.4586 -112 46.1059
-26.9953 35.456 -112 443.843
-26.9953 41.0558 -112 1843.68
-29.4494 36.8052 -112 165.949
-29.4494 39.7067 -112 392.605
-31.9035 41.0558 -112 96.5884
-31.9035 35.456 -112 13.158
-24.5412 36.8052 -112 2054.02
-7.36236 49.5571 -112 24.1388
-7.36236 43.9573 -112 200.343
-9.81648 48.208 -112 247.141
-9.81648 45.3065 -112 522.35
-22.0871 43.9573 -112 23829.1
-12.2706 43.9573 -112 2634.37
-24.5412 39.7067 -112 3900.05
4.90822 -45.3065 -112 23.8948
-14.7247 45.3065 -112 6000.13
-22.0871 41.0558 -112 12544.7
-17.1788 43.9573 -112 20056.7
-19.6329 39.7067 -112 22213.4
-19.6329 45.3065 -112 43427.1
-22.0871 35.456 -96 3561.32
-14.7247 36.8052 -96 21428
-17.1788 35.456 -96 26373
-12.2706 35.456 -96 10673.4
-4.90825 39.7067 -96 93.8905
-46.6282 24.0532 -96 488.059
-41.72 24.0532 -96 7496.44
-39.2659 22.704 -96 23682.7
-39.2659 19.8025 -96 10236.7
-36.8118 24.0532 -96 33408.8
-36.8118 18.4534 -96 11880
17.1788 -32.5545 -96 20345.7
-4.90825 48.208 -96 5.58032
-34.3577 22.704 -96 33558.3
-41.72 18.4534 -96 2421.61
-44.1741 22.704 -96 2131.92
19.6329 -31.2053 -96 6728.17
-44.1741 19.8025 -96 1356.93
24.5412 -31.2053 -96 768.02
-46.6282 18.4534 -96 339.098
-9.81648 39.7067 -96 1873.13
-49.0824 19.8025 -96 42.4563
29.4494 -31.2053 -96 82.4078
-49.0824 22.704 -96 127.504
31.9035 -32.5545 -96 30.8514
-51.5365 24.0532 -96 15.9886
-51.5365 18.4534 -96 6.92587
-53.9906 19.8025 -96 3.32851
-2.45413 41.0558 -96 17.1924
-2.45413 35.456 -96 190.189
-44.1741 36.8052 -96 21.1437
-4.90825 36.8052 -96 282.003
-7.36236 35.456 -96 1310.56
-7.36236 41.0558 -96 431.394
-9.81648 36.8052 -96 2787.05
-46.6282 26.9547 -96 314.254
-34.3577 28.3038 -96 3431.37
-34.3577 31.2053 -96 805.303
-36.8118 32.5545 -96 437.155
-36.8118 26.9547 -96 7942.39
-39.2659 31.2053 -96 942.505
-39.2659 28.3038 -96 4615.73
-41.72 26.9547 -96 3860.28
-41.72 32.5545 -96 425.564
-44.1741 28.3038 -96 1115.26
-44.1741 31.2053 -96 347.534
-46.6282 32.5545 -96 109.097
-36.8118 35.456 -96 81.4736
-49.0824 31.2053 -96 29.1962
-49.0824 28.3038 -96 56.4977
-51.5365 26.9547 -96 15.4545
-51.5365 32.5545 -96 12.4424
9.81648 -31.2053 -96 6428.54
7.36237 -32.5545 -96 1788.84
2.45413 -32.5545 -96 97.2357
-41.72 15.5519 -96 829.239
-44.1741 14.2027 -96 172.528
-46.6282 15.5519 -96 78.8532
-51.5365 15.5519 -96 3.68628
-31.9035 26.9547 -96 3967.52
-34.3576 36.8052 -96 38.9416
-39.2659 36.8052 -96 7.23201
-1.14441e-05 -39.7067 -96 6.5063
-41.72 35.456 -96 44.2012
-46.6282 35.456 -96 3.48726
-1.14441e-05 -36.8052 -96 6.43421
2.4541 -35.456 -96 50.4985
7.36234 -35.456 -96 838.576
-12.2706 32.5545 -96 17051.1
-14.7247 31.2053 -96 33437.5
-19.6329 31.2053 -96 5978.07
-17.1788 32.5545 -96 15979.3
-22.0871 32.5545 -96 2378.73
14.7247 -31.2053 -96 31719.1
-24.5412 31.2053 -96 585.398
-31.9035 32.5545 -96 217.576
-26.9953 32.5545 -96 190.821
-29.4494 31.2053 -96 225.803
12.2706 -32.5545 -96 13074.6
-12.2706 24.0532 -80 64761.8
41.72 -24.0532 -80 4.96242
34.3577 -19.8025 -80 1580.48
39.2659 -19.8025 -80 43.6806
41.72 -18.4534 -80 10.587
39.2659 -22.704 -80 38.5988
36.8118 -24.0532 -80 243.608
36.8118 -18.4534 -80 427.359
34.3577 -22.704 -80 804.631
31.9035 -18.4534 -80 5229.29
41.72 -15.5519 -80 15.7117
31.9035 -7.05056 -80 172.006
26.9953 -15.5519 -80 20709.2
29.4494 -11.3012 -80 2070.31
29.4494 -14.2027 -80 6514.75
31.9035 -9.95207 -80 552
31.9035 -15.5519 -80 3627.48
34.3577 -14.2027 -80 745.124
34.3577 -11.3012 -80 281.981
36.8118 -15.5519 -80 469.866
36.8118 -9.95207 -80 59.1252
39.2659 -11.3012 -80 24.0165
39.2659 -14.2027 -80 49.7181
31.9035 -24.0532 -80 1295.85
7.36237 -24.0532 -80 11157.4
9.81648 -22.704 -80 32618.8
12.2706 -24.0532 -80 42140
17.1788 -24.0532 -80 27720.7
22.0871 -24.0532 -80 4896.01
24.5412 -19.8025 -80 18396.7
24.5412 -22.704 -80 5987.8
26.9953 -18.4534 -80 40418.7
26.9953 -24.0532 -80 3735.44
29.4494 -22.704 -80 5202.03
29.4494 -19.8025 -80 16402.7
-34.3577 14.2027 -80 4390.37
34.3577 -28.3038 -80 96.449
36.8118 -26.9547 -80 28.25
-26.9953 15.5519 -80 25786.7
-29.4494 14.2027 -80 10528.4
-29.4494 11.3012 -80 3732.86
-31.9035 9.95207 -80 1166.19
-31.9035 15.5519 -80 11878.1
-34.3577 11.3012 -80 1348.93
34.3577 -31.2053 -80 37.9254
-36.8118 15.5519 -80 4545.67
-36.8118 9.95207 -80 399.992
-39.2659 14.2027 -80 1057.68
-39.2659 11.3012 -80 304.241
-41.72 9.95207 -80 84.6048
-44.1741 11.3012 -80 25.3554
-31.9035 7.05056 -80 201.557
-34.3577 5.70141 -80 40.7587
14.7247 -28.3038 -80 26736.9
-1.33514e-05 -28.3038 -80 78.7255
-1.33514e-05 -31.2053 -80 14.7643
2.4541 -26.9547 -80 580.456
4.90825 -31.2053 -80 668.281
4.90825 -28.3038 -80 1740.93
7.36237 -26.9547 -80 6274.15
9.81648 -28.3038 -80 10939.6
12.2706 -26.9547 -80 33407
-2.45413 -26.9547 -80 25.1513
17.1788 -26.9547 -80 26316
19.6329 -28.3038 -80 7333.3
22.0871 -26.9547 -80 3032.88
24.5412 -28.3038 -80 1052.3
26.9953 -26.9547 -80 844.921
29.4494 -28.3038 -80 378.732
31.9035 -26.9547 -80 401.213
-9.81648 28.3038 -80 21606.6
-1.33514e-05 28.3038 -80 219.524
-2.45413 26.9547 -80 1256.72
-2.45413 32.5545 -80 378.551
-4.90825 28.3038 -80 3221.26
-4.90825 31.2053 -80 1459.29
-7.36237 32.5545 -80 2826.53
-7.36236 26.9547 -80 11695.9
-9.81648 31.2053 -80 10426.9
-1.33514e-05 31.2053 -80 84.6971
-12.2706 26.9547 -80 60649.2
-14.7247 28.3038 -80 46851.1
-17.1788 26.9547 -80 16708
-19.6329 28.3038 -80 5685.1
-24.5412 28.3038 -80 668.401
-26.9953 26.9547 -80 1554.46
-29.4494 28.3038 -80 1031.39
-7.36236 24.0532 -80 17622.3
-31.9035 24.0532 -80 12379.4
-19.6329 22.704 -80 4083.99
-22.0871 24.0532 -80 2004.82
-24.5412 22.704 -80 3341.21
-24.5412 19.8025 -80 8215.76
-26.9953 18.4534 -80 23983.8
-26.9953 24.0532 -80 3621.58
-29.4494 19.8025 -80 29894.8
-29.4494 22.704 -80 11722.2
-22.0871 26.9547 -80 1915.05
-31.9035 18.4534 -80 34980.6
-34.3577 19.8025 -80 35324.9
-17.1788 24.0532 -80 12528.4
-36.8118 7.05056 -80 15.9587
-1.14441e-05 36.8052 -80 8.1276
-14.7247 22.704 -80 24810.5
2.45413 32.5545 -80 10.8693
-22.0871 9.95207 -64 9131.34
26.9953 -7.05056 -64 916.77
2.4541 26.9547 -64 86.9246
29.4494 -5.70141 -64 175.963
-22.0871 7.05056 -64 3172.47
-7.36237 15.5519 -64 51555.7
-19.6329 5.70141 -64 3173.65
-9.81648 14.2027 -64 26343.1
-12.2706 15.5519 -64 16176.5
-14.7247 14.2027 -64 9262.09
-26.9953 -1.45075 -64 4.33049
-12.2706 18.4534 -64 24336.9
-22.0871 15.5519 -64 20685.7
22.0871 -18.4534 -64 18643.5
-24.5412 11.3012 -64 8932.98
19.6329 -19.8025 -64 10679.2
19.6329 -22.704 -64 8548.59
7.36237 -15.5519 -64 39451.8
14.7247 -22.704 -64 55770.9
14.7247 -19.8025 -64 32860.9
12.2706 -18.4534 -64 49811.5
9.81648 -19.8025 -64 44566.7
-24.5412 5.70141 -64 1010.84
-9.81648 22.704 -64 50829.9
-31.9035 1.45075 -64 4.9531
-22.0871 18.4534 -64 7733.88
-9.81648 19.8025 -64 59377.2
-29.4494 5.70141 -64 276.677
-29.4494 2.7999 -64 53.1538
-26.9953 7.05056 -64 982.588
-26.9953 1.45075 -64 42.8727
-24.5412 2.7999 -64 270.485
19.6329 -5.70141 -64 2776.11
17.1788 -18.4534 -64 14344.5
22.0871 -7.05056 -64 3082.61
-19.6329 19.8025 -64 3833.68
22.0871 -1.45075 -64 130.386
24.5412 -2.7999 -64 157.247
-17.1788 18.4534 -64 6066.1
-14.7247 19.8025 -64 14015.4
24.5412 -5.70141 -64 883.399
-19.6329 14.2027 -64 19028.2
-19.6329 11.3012 -64 24044.7
26.9953 -1.45075 -64 12.856
4.90825 22.704 -64 35.6473
19.6329 -11.3012 -64 24227.3
19.6329 -14.2027 -64 36973.5
22.0871 -9.95207 -64 9234.86
19.6329 5.70141 -64 22.921
-17.1788 15.5519 -64 8208.65
22.0871 -15.5519 -64 43863
24.5412 -14.2027 -64 25009.5
24.5412 -11.3012 -64 9188.72
-24.5412 14.2027 -64 26171.7
17.1788 -9.95207 -64 22239.5
4.90825 19.8025 -64 77.8618
-2.45413 18.4534 -64 6791.7
2.45413 18.4534 -64 642.352
2.4541 24.0532 -64 158.086
-1.33514e-05 19.8025 -64 1670.89
-1.33514e-05 22.704 -64 795.107
26.9953 -9.95207 -64 3187.46
-2.45413 24.0532 -64 2604.97
-1.33514e-05 -19.8025 -64 1015.27
26.9953 1.45075 -64 8.84949
7.36237 -18.4534 -64 29848.2
4.90825 -22.704 -64 5667.64
4.90825 -19.8025 -64 9984.12
-7.36237 18.4534 -64 42105.4
2.45413 -18.4534 -64 4867.17
2.4541 -24.0532 -64 1352.52
-1.33514e-05 -22.704 -64 508.31
-4.90825 19.8025 -64 14315.5
-2.45413 -24.0532 -64 78.4805
12.2706 -15.5519 -64 26059.4
14.7247 -14.2027 -64 16962.8
-4.90825 22.704 -64 8866.05
-26.9953 9.95207 -64 3245.28
17.1788 -15.5519 -64 17572.4
7.36237 18.4534 -48 25.598
22.0871 1.45075 -48 59.737
-17.1788 1.45075 -48 1089.39
-9.81648 5.70141 -48 23447.1
-7.36236 7.05056 -48 24538.4
-12.2706 7.05056 -48 23373.7
-12.2706 1.45075 -48 3635.61
14.7247 2.7999 -48 156.501
-14.7247 5.70141 -48 8992.69
-14.7247 2.7999 -48 3496.3
9.81648 -5.70141 -48 26864.5
-17.1788 9.95207 -48 21668.3
17.1788 1.45075 -48 100.953
-17.1788 7.05056 -48 8279.55
-19.6329 2.7999 -48 1082.69
19.6329 2.7999 -48 66.1194
14.7247 19.8025 -48 9.40351
-22.0871 1.45075 -48 306.435
4.90825 31.2053 -48 5.94064
-1.33514e-05 -11.3012 -48 7185.36
-2.45413 -18.4534 -48 394.607
-4.90825 -22.704 -48 7.7836
-4.90825 -19.8025 -48 55.925
-7.36237 -18.4534 -48 24.4194
14.7247 -11.3012 -48 30395.9
12.2706 -9.95207 -48 28407.9
9.81648 -11.3012 -48 27770.9
7.36237 -9.95207 -48 41556.1
4.90825 -11.3012 -48 40289.6
4.90825 -14.2027 -48 23996.4
2.45413 -15.5519 -48 7600.23
2.4541 -9.95207 -48 22516
-1.33514e-05 -14.2027 -48 4169.47
9.81648 -14.2027 -48 41743.8
-2.45413 -15.5519 -48 911.185
-4.90825 -14.2027 -48 336.093
-7.36237 -15.5519 -48 43.3585
-9.81648 -14.2027 -48 37.7382
29.4494 -2.7999 -48 7.06765
19.6329 -2.7999 -48 914.17
17.1788 -7.05056 -48 8439.97
17.1788 -1.45075 -48 1085.78
14.7247 -5.70141 -48 9152.75
14.7247 -2.7999 -48 3078.35
12.2706 -1.45075 -48 3873.64
12.2706 -7.05056 -48 26074.7
7.36237 -7.05056 -48 34485.6
-1.33514e-05 14.2027 -48 5151.06
-7.36236 9.95207 -48 29393.5
-2.45413 15.5519 -48 10724
-9.81648 11.3012 -48 19275.1
-12.2706 9.95207 -48 17265.5
-14.7247 11.3012 -48 15953.3
-22.0871 -1.45075 -48 63.2149
-19.6329 -5.70141 -48 15.5165
-4.90825 14.2027 -48 34845.2
-19.6329 -2.7999 -48 70.649
-17.1788 -1.45075 -48 214.556
-2.45413 9.95207 -48 27656.2
-1.33514e-05 11.3012 -48 9182.06
-4.90825 11.3012 -48 52782.6
2.45413 15.5519 -48 1279.67
4.90825 14.2027 -48 491.892
7.36237 15.5519 -48 89.4016
-14.7247 -2.7999 -48 359.336
9.81648 14.2027 -48 41.387
-1.33514e-05 2.7999 -32 49488.7
-9.81648 2.7999 -32 10162.9
-7.36237 1.45075 -32 13967.9
-4.90825 2.7999 -32 36094.9
-4.90825 5.70141 -32 36376.8
-2.45413 1.45075 -32 50645.9
-2.45413 7.05056 -32 47376.1
-1.33514e-05 5.70141 -32 25973.9
7.36237 7.05056 -32 1244.68
-2.45413 -9.95207 -32 3530.93
-4.90825 -11.3012 -32 779.824
-7.36236 -9.95207 -32 325.639
-9.81648 -11.3012 -32 66.5838
7.36237 -1.45075 -32 14659.7
2.4541 9.95207 -32 4264.87
4.90825 11.3012 -32 1011.58
7.36237 9.95207 -32 523.306
9.81648 11.3012 -32 68.2434
9.81648 -2.7999 -32 10955.8
12.2706 9.95207 -32 30.7761
2.45413 -1.45075 -32 57158.9
-9.81648 -2.7999 -32 1998.96
-12.2706 -7.05056 -32 113.675
-12.2706 -1.45075 -32 1210.81
-14.7247 -5.70141 -32 81.2043
-7.36236 -7.05056 -32 1043.8
-7.36237 -1.45075 -32 5943.3
-4.90825 -2.7999 -32 9088.86
-4.90825 -5.70141 -32 4771.84
-2.45413 -1.45075 -32 27076
-2.45413 -7.05056 -32 7400.84
-1.33514e-05 -5.70141 -32 23005.6
-1.33514e-05 -2.7999 -32 45940.9
2.4541 -7.05056 -32 40540.3
2.4541 7.05056 -32 8547.22
4.90825 -2.7999 -32 40660
4.90825 -5.70141 -32 47986.6
17.1788 7.05056 -32 21.1303
14.7247 5.70141 -32 39.6216
12.2706 1.45075 -32 1355.21
12.2706 7.05056 -32 65.0086
9.81648 2.7999 -32 1949.83
9.81648 5.70141 -32 585.724
-9.81648 -5.70141 -32 500.7
7.36237 1.45075 -32 6456.74
4.90825 5.70141 -32 4612.17
4.90825 2.7999 -32 9884.23
2.45413 1.45075 -32 28645.4
14.7247 14.2027 -16 9.79961
-12.2706 -9.95207 -16 16.7215
