#kinematics calculation of gsex
#vertex z = 700 mm, E_reaction = 20.728 MeV
#theta_cm, theta3_lab, Ek3_lab, theta4_lab, Ek4_lab
0 0 15.9788 0 0.309151
0.1 0.0430376 15.9788 0.309453 0.309163
0.2 0.0860753 15.9788 0.618879 0.309199
0.3 0.129113 15.9787 0.928249 0.309259
0.4 0.17215 15.9787 1.23754 0.309342
0.5 0.215188 15.9786 1.54671 0.30945
0.6 0.258225 15.9784 1.85575 0.309581
0.7 0.301263 15.9783 2.16462 0.309736
0.8 0.3443 15.9781 2.4733 0.309915
0.9 0.387337 15.9779 2.78175 0.310118
1 0.430375 15.9777 3.08996 0.310345
1.1 0.473412 15.9774 3.3979 0.310595
1.2 0.516449 15.9771 3.70553 0.31087
1.3 0.559486 15.9768 4.01283 0.311168
1.4 0.602522 15.9765 4.31977 0.31149
1.5 0.645559 15.9762 4.62634 0.311836
1.6 0.688595 15.9758 4.93249 0.312206
1.7 0.731631 15.9754 5.23821 0.3126
1.8 0.774667 15.975 5.54347 0.313018
1.9 0.817703 15.9745 5.84824 0.313459
2 0.860739 15.9741 6.15249 0.313924
2.1 0.903774 15.9736 6.45621 0.314414
2.2 0.94681 15.9731 6.75937 0.314927
2.3 0.989845 15.9725 7.06194 0.315464
2.4 1.03288 15.972 7.36389 0.316024
2.5 1.07591 15.9714 7.66521 0.316609
2.6 1.11895 15.9708 7.96586 0.317217
2.7 1.16198 15.9702 8.26583 0.31785
2.8 1.20502 15.9695 8.5651 0.318506
2.9 1.24805 15.9688 8.86363 0.319186
3 1.29108 15.9681 9.1614 0.319889
3.1 1.33412 15.9674 9.4584 0.320617
3.2 1.37715 15.9666 9.7546 0.321369
3.3 1.42018 15.9659 10.05 0.322144
3.4 1.46321 15.9651 10.3445 0.322943
3.5 1.50624 15.9642 10.6382 0.323766
3.6 1.54927 15.9634 10.931 0.324613
3.7 1.59231 15.9625 11.2229 0.325483
3.8 1.63534 15.9616 11.5138 0.326378
3.9 1.67837 15.9607 11.8038 0.327296
4 1.7214 15.9598 12.0929 0.328238
4.1 1.76442 15.9588 12.3809 0.329204
4.2 1.80745 15.9578 12.668 0.330193
4.3 1.85048 15.9568 12.954 0.331207
4.4 1.89351 15.9558 13.239 0.332244
4.5 1.93654 15.9547 13.523 0.333305
4.6 1.97956 15.9536 13.8058 0.33439
4.7 2.02259 15.9525 14.0876 0.335498
4.8 2.06562 15.9514 14.3683 0.336631
4.9 2.10864 15.9502 14.6478 0.337787
5 2.15167 15.949 14.9262 0.338967
5.1 2.19469 15.9478 15.2035 0.340171
5.2 2.23772 15.9466 15.4796 0.341398
5.3 2.28074 15.9454 15.7545 0.34265
5.4 2.32376 15.9441 16.0282 0.343925
5.5 2.36678 15.9428 16.3007 0.345224
5.6 2.40981 15.9415 16.572 0.346546
5.7 2.45283 15.9401 16.842 0.347892
5.8 2.49585 15.9387 17.1108 0.349263
5.9 2.53887 15.9373 17.3784 0.350656
6 2.58189 15.9359 17.6447 0.352074
6.1 2.62491 15.9345 17.9097 0.353515
6.2 2.66792 15.933 18.1733 0.35498
6.3 2.71094 15.9315 18.4357 0.356469
6.4 2.75396 15.93 18.6968 0.357982
6.5 2.79697 15.9285 18.9566 0.359518
6.6 2.83999 15.9269 19.215 0.361078
6.7 2.883 15.9253 19.4721 0.362661
6.8 2.92602 15.9237 19.7279 0.364269
6.9 2.96903 15.9221 19.9822 0.3659
7 3.01204 15.9204 20.2353 0.367555
7.1 3.05506 15.9188 20.4869 0.369233
7.2 3.09807 15.9171 20.7372 0.370935
7.3 3.14108 15.9153 20.9861 0.372661
7.4 3.18409 15.9136 21.2336 0.37441
7.5 3.2271 15.9118 21.4797 0.376183
7.6 3.2701 15.91 21.7244 0.37798
7.7 3.31311 15.9082 21.9677 0.379801
7.8 3.35612 15.9064 22.2096 0.381645
7.9 3.39912 15.9045 22.45 0.383513
8 3.44213 15.9026 22.6891 0.385404
8.1 3.48513 15.9007 22.9267 0.387319
8.2 3.52814 15.8987 23.1629 0.389258
8.3 3.57114 15.8968 23.3977 0.39122
8.4 3.61414 15.8948 23.631 0.393206
8.5 3.65714 15.8928 23.8629 0.395215
8.6 3.70014 15.8908 24.0933 0.397248
8.7 3.74314 15.8887 24.3224 0.399305
8.8 3.78614 15.8866 24.5499 0.401385
8.9 3.82913 15.8845 24.7761 0.403489
9 3.87213 15.8824 25.0008 0.405617
9.1 3.91513 15.8802 25.224 0.407768
9.2 3.95812 15.8781 25.4458 0.409943
9.3 4.00111 15.8759 25.6662 0.412141
9.4 4.04411 15.8736 25.8851 0.414362
9.5 4.0871 15.8714 26.1025 0.416608
9.6 4.13009 15.8691 26.3185 0.418877
9.7 4.17308 15.8668 26.5331 0.421169
9.8 4.21606 15.8645 26.7462 0.423485
9.9 4.25905 15.8622 26.9579 0.425824
10 4.30204 15.8598 27.1682 0.428187
10.1 4.34502 15.8574 27.377 0.430574
10.2 4.38801 15.855 27.5843 0.432983
10.3 4.43099 15.8526 27.7903 0.435417
10.4 4.47397 15.8501 27.9948 0.437874
10.5 4.51695 15.8476 28.1978 0.440354
10.6 4.55993 15.8451 28.3995 0.442858
10.7 4.60291 15.8426 28.5997 0.445385
10.8 4.64589 15.8401 28.7985 0.447936
10.9 4.68887 15.8375 28.9959 0.45051
11 4.73184 15.8349 29.1918 0.453108
11.1 4.77482 15.8323 29.3864 0.455729
11.2 4.81779 15.8296 29.5795 0.458373
11.3 4.86076 15.827 29.7712 0.461041
11.4 4.90373 15.8243 29.9615 0.463733
11.5 4.9467 15.8216 30.1505 0.466447
11.6 4.98967 15.8188 30.338 0.469185
11.7 5.03264 15.8161 30.5242 0.471947
11.8 5.0756 15.8133 30.7089 0.474732
11.9 5.11857 15.8105 30.8923 0.47754
12 5.16153 15.8076 31.0743 0.480371
12.1 5.20449 15.8048 31.255 0.483226
12.2 5.24745 15.8019 31.4343 0.486104
12.3 5.29041 15.799 31.6122 0.489006
12.4 5.33337 15.7961 31.7888 0.491931
12.5 5.37633 15.7931 31.964 0.494879
12.6 5.41929 15.7901 32.1379 0.497851
12.7 5.46224 15.7872 32.3104 0.500845
12.8 5.50519 15.7841 32.4816 0.503863
12.9 5.54814 15.7811 32.6515 0.506905
13 5.59109 15.778 32.82 0.509969
13.1 5.63404 15.7749 32.9873 0.513057
13.2 5.67699 15.7718 33.1532 0.516168
13.3 5.71994 15.7687 33.3179 0.519303
13.4 5.76288 15.7655 33.4812 0.52246
13.5 5.80583 15.7624 33.6433 0.525641
13.6 5.84877 15.7592 33.804 0.528845
13.7 5.89171 15.7559 33.9635 0.532072
13.8 5.93465 15.7527 34.1217 0.535323
13.9 5.97759 15.7494 34.2787 0.538596
14 6.02052 15.7461 34.4344 0.541893
14.1 6.06346 15.7428 34.5888 0.545213
14.2 6.10639 15.7394 34.742 0.548556
14.3 6.14932 15.7361 34.894 0.551922
14.4 6.19225 15.7327 35.0447 0.555311
14.5 6.23518 15.7293 35.1942 0.558724
14.6 6.27811 15.7258 35.3424 0.562159
14.7 6.32103 15.7224 35.4895 0.565618
14.8 6.36396 15.7189 35.6354 0.5691
14.9 6.40688 15.7154 35.78 0.572605
15 6.4498 15.7119 35.9235 0.576132
15.1 6.49272 15.7083 36.0658 0.579683
15.2 6.53564 15.7047 36.2069 0.583257
15.3 6.57855 15.7011 36.3468 0.586854
15.4 6.62147 15.6975 36.4856 0.590474
15.5 6.66438 15.6939 36.6232 0.594117
15.6 6.70729 15.6902 36.7597 0.597783
15.7 6.7502 15.6865 36.895 0.601472
15.8 6.79311 15.6828 37.0292 0.605184
15.9 6.83602 15.6791 37.1622 0.608919
16 6.87892 15.6753 37.2942 0.612677
16.1 6.92183 15.6715 37.425 0.616458
16.2 6.96473 15.6677 37.5547 0.620262
16.3 7.00763 15.6639 37.6833 0.624089
16.4 7.05052 15.6601 37.8108 0.627938
16.5 7.09342 15.6562 37.9372 0.631811
16.6 7.13631 15.6523 38.0626 0.635706
16.7 7.17921 15.6484 38.1868 0.639624
16.8 7.2221 15.6444 38.31 0.643566
16.9 7.26499 15.6405 38.4322 0.64753
17 7.30787 15.6365 38.5532 0.651516
17.1 7.35076 15.6325 38.6733 0.655526
17.2 7.39364 15.6284 38.7923 0.659558
17.3 7.43653 15.6244 38.9102 0.663614
17.4 7.47941 15.6203 39.0272 0.667692
17.5 7.52228 15.6162 39.1431 0.671793
17.6 7.56516 15.6121 39.258 0.675916
17.7 7.60803 15.6079 39.3719 0.680062
17.8 7.65091 15.6038 39.4848 0.684232
17.9 7.69378 15.5996 39.5967 0.688423
18 7.73665 15.5954 39.7076 0.692638
18.1 7.77951 15.5911 39.8176 0.696875
18.2 7.82238 15.5869 39.9265 0.701135
18.3 7.86524 15.5826 40.0345 0.705417
18.4 7.9081 15.5783 40.1416 0.709723
18.5 7.95096 15.5739 40.2477 0.714051
18.6 7.99382 15.5696 40.3528 0.718401
18.7 8.03667 15.5652 40.457 0.722774
18.8 8.07953 15.5608 40.5603 0.72717
18.9 8.12238 15.5564 40.6627 0.731588
19 8.16522 15.552 40.7641 0.736029
19.1 8.20807 15.5475 40.8646 0.740493
19.2 8.25092 15.543 40.9642 0.744979
19.3 8.29376 15.5385 41.0629 0.749487
19.4 8.3366 15.534 41.1607 0.754018
19.5 8.37944 15.5294 41.2577 0.758572
19.6 8.42228 15.5249 41.3537 0.763148
19.7 8.46511 15.5203 41.4489 0.767747
19.8 8.50794 15.5156 41.5432 0.772368
19.9 8.55077 15.511 41.6366 0.777011
20 8.5936 15.5063 41.7292 0.781677
20.1 8.63643 15.5016 41.8209 0.786366
20.2 8.67925 15.4969 41.9118 0.791076
20.3 8.72207 15.4922 42.0019 0.79581
20.4 8.76489 15.4874 42.0911 0.800565
20.5 8.80771 15.4827 42.1795 0.805343
20.6 8.85052 15.4779 42.267 0.810143
20.7 8.89334 15.473 42.3538 0.814966
20.8 8.93615 15.4682 42.4397 0.819811
20.9 8.97896 15.4633 42.5249 0.824678
21 9.02176 15.4584 42.6092 0.829568
21.1 9.06457 15.4535 42.6928 0.83448
21.2 9.10737 15.4486 42.7756 0.839414
21.3 9.15017 15.4436 42.8575 0.84437
21.4 9.19296 15.4387 42.9388 0.849349
21.5 9.23576 15.4337 43.0192 0.85435
21.6 9.27855 15.4286 43.0989 0.859373
21.7 9.32134 15.4236 43.1778 0.864418
21.8 9.36413 15.4185 43.256 0.869486
21.9 9.40691 15.4134 43.3334 0.874575
22 9.4497 15.4083 43.4101 0.879687
22.1 9.49248 15.4032 43.486 0.884821
22.2 9.53526 15.398 43.5613 0.889977
22.3 9.57803 15.3928 43.6357 0.895155
22.4 9.6208 15.3876 43.7095 0.900355
22.5 9.66358 15.3824 43.7826 0.905577
22.6 9.70634 15.3772 43.8549 0.910822
22.7 9.74911 15.3719 43.9266 0.916088
22.8 9.79187 15.3666 43.9975 0.921376
22.9 9.83464 15.3613 44.0678 0.926687
23 9.87739 15.356 44.1373 0.932019
23.1 9.92015 15.3506 44.2062 0.937373
23.2 9.9629 15.3453 44.2744 0.942749
23.3 10.0057 15.3399 44.342 0.948148
23.4 10.0484 15.3344 44.4088 0.953568
23.5 10.0911 15.329 44.475 0.95901
23.6 10.1339 15.3235 44.5405 0.964474
23.7 10.1766 15.318 44.6054 0.969959
23.8 10.2194 15.3125 44.6697 0.975467
23.9 10.2621 15.307 44.7333 0.980997
24 10.3048 15.3015 44.7962 0.986548
24.1 10.3476 15.2959 44.8585 0.992121
24.2 10.3903 15.2903 44.9202 0.997716
24.3 10.433 15.2847 44.9813 1.00333
24.4 10.4757 15.279 45.0417 1.00897
24.5 10.5185 15.2734 45.1015 1.01463
24.6 10.5612 15.2677 45.1607 1.02031
24.7 10.6039 15.262 45.2193 1.02602
24.8 10.6466 15.2563 45.2773 1.03174
24.9 10.6893 15.2505 45.3347 1.03749
25 10.732 15.2447 45.3915 1.04326
25.1 10.7747 15.239 45.4477 1.04905
25.2 10.8174 15.2331 45.5034 1.05486
25.3 10.8601 15.2273 45.5584 1.06069
25.4 10.9028 15.2215 45.6129 1.06655
25.5 10.9455 15.2156 45.6668 1.07242
25.6 10.9882 15.2097 45.7201 1.07832
25.7 11.0309 15.2038 45.7729 1.08424
25.8 11.0736 15.1978 45.8251 1.09018
25.9 11.1163 15.1919 45.8767 1.09615
26 11.1589 15.1859 45.9278 1.10213
26.1 11.2016 15.1799 45.9784 1.10813
26.2 11.2443 15.1738 46.0284 1.11416
26.3 11.287 15.1678 46.0778 1.12021
26.4 11.3296 15.1617 46.1267 1.12628
26.5 11.3723 15.1556 46.1751 1.13237
26.6 11.4149 15.1495 46.223 1.13848
26.7 11.4576 15.1434 46.2703 1.14462
26.8 11.5003 15.1372 46.3171 1.15077
26.9 11.5429 15.1311 46.3634 1.15695
27 11.5856 15.1249 46.4092 1.16315
27.1 11.6282 15.1186 46.4545 1.16937
27.2 11.6708 15.1124 46.4993 1.17561
27.3 11.7135 15.1061 46.5435 1.18187
27.4 11.7561 15.0998 46.5873 1.18815
27.5 11.7988 15.0935 46.6306 1.19445
27.6 11.8414 15.0872 46.6734 1.20078
27.7 11.884 15.0809 46.7156 1.20713
27.8 11.9266 15.0745 46.7575 1.21349
27.9 11.9693 15.0681 46.7988 1.21988
28 12.0119 15.0617 46.8396 1.22629
28.1 12.0545 15.0553 46.88 1.23272
28.2 12.0971 15.0488 46.9199 1.23917
28.3 12.1397 15.0424 46.9593 1.24565
28.4 12.1823 15.0359 46.9983 1.25214
28.5 12.2249 15.0293 47.0368 1.25865
28.6 12.2675 15.0228 47.0749 1.26519
28.7 12.3101 15.0163 47.1125 1.27175
28.8 12.3527 15.0097 47.1496 1.27832
28.9 12.3953 15.0031 47.1863 1.28492
29 12.4379 14.9965 47.2226 1.29154
29.1 12.4805 14.9898 47.2584 1.29818
29.2 12.523 14.9832 47.2937 1.30484
29.3 12.5656 14.9765 47.3287 1.31153
29.4 12.6082 14.9698 47.3632 1.31823
29.5 12.6508 14.963 47.3973 1.32495
29.6 12.6933 14.9563 47.4309 1.3317
29.7 12.7359 14.9495 47.4641 1.33846
29.8 12.7785 14.9428 47.4969 1.34525
29.9 12.821 14.9359 47.5293 1.35205
30 12.8636 14.9291 47.5613 1.35888
30.1 12.9061 14.9223 47.5929 1.36573
30.2 12.9487 14.9154 47.624 1.3726
30.3 12.9912 14.9085 47.6548 1.37949
30.4 13.0337 14.9016 47.6851 1.3864
30.5 13.0763 14.8947 47.715 1.39333
30.6 13.1188 14.8877 47.7446 1.40028
30.7 13.1613 14.8808 47.7737 1.40725
30.8 13.2039 14.8738 47.8025 1.41424
30.9 13.2464 14.8667 47.8309 1.42125
31 13.2889 14.8597 47.8589 1.42829
31.1 13.3314 14.8527 47.8865 1.43534
31.2 13.3739 14.8456 47.9137 1.44241
31.3 13.4165 14.8385 47.9405 1.44951
31.4 13.459 14.8314 47.967 1.45662
31.5 13.5015 14.8242 47.9931 1.46376
31.6 13.544 14.8171 48.0188 1.47091
31.7 13.5864 14.8099 48.0442 1.47809
31.8 13.6289 14.8027 48.0692 1.48529
31.9 13.6714 14.7955 48.0938 1.4925
32 13.7139 14.7883 48.118 1.49974
32.1 13.7564 14.781 48.142 1.507
32.2 13.7989 14.7737 48.1655 1.51427
32.3 13.8413 14.7664 48.1887 1.52157
32.4 13.8838 14.7591 48.2116 1.52889
32.5 13.9263 14.7518 48.2341 1.53622
32.6 13.9687 14.7444 48.2562 1.54358
32.7 14.0112 14.737 48.278 1.55096
32.8 14.0536 14.7296 48.2995 1.55836
32.9 14.0961 14.7222 48.3206 1.56578
33 14.1385 14.7148 48.3414 1.57321
33.1 14.181 14.7073 48.3619 1.58067
33.2 14.2234 14.6998 48.382 1.58815
33.3 14.2658 14.6924 48.4018 1.59565
33.4 14.3083 14.6848 48.4213 1.60317
33.5 14.3507 14.6773 48.4404 1.6107
33.6 14.3931 14.6697 48.4592 1.61826
33.7 14.4355 14.6622 48.4777 1.62584
33.8 14.478 14.6546 48.4959 1.63344
33.9 14.5204 14.6469 48.5138 1.64105
34 14.5628 14.6393 48.5313 1.64869
34.1 14.6052 14.6317 48.5486 1.65635
34.2 14.6476 14.624 48.5655 1.66403
34.3 14.69 14.6163 48.5821 1.67172
34.4 14.7324 14.6086 48.5984 1.67944
34.5 14.7748 14.6008 48.6144 1.68717
34.6 14.8171 14.5931 48.6301 1.69493
34.7 14.8595 14.5853 48.6455 1.7027
34.8 14.9019 14.5775 48.6606 1.7105
34.9 14.9443 14.5697 48.6754 1.71831
35 14.9866 14.5619 48.6899 1.72615
35.1 15.029 14.554 48.7042 1.734
35.2 15.0714 14.5461 48.7181 1.74187
35.3 15.1137 14.5382 48.7317 1.74977
35.4 15.1561 14.5303 48.7451 1.75768
35.5 15.1984 14.5224 48.7582 1.76561
35.6 15.2407 14.5144 48.7709 1.77356
35.7 15.2831 14.5065 48.7835 1.78153
35.8 15.3254 14.4985 48.7957 1.78952
35.9 15.3678 14.4905 48.8076 1.79753
36 15.4101 14.4824 48.8193 1.80556
36.1 15.4524 14.4744 48.8307 1.81361
36.2 15.4947 14.4663 48.8418 1.82167
36.3 15.537 14.4582 48.8527 1.82976
36.4 15.5793 14.4501 48.8633 1.83787
36.5 15.6216 14.442 48.8736 1.84599
36.6 15.6639 14.4339 48.8837 1.85413
36.7 15.7062 14.4257 48.8934 1.8623
36.8 15.7485 14.4175 48.903 1.87048
36.9 15.7908 14.4093 48.9122 1.87868
37 15.8331 14.4011 48.9213 1.8869
37.1 15.8754 14.3929 48.93 1.89514
37.2 15.9176 14.3846 48.9385 1.9034
37.3 15.9599 14.3763 48.9468 1.91168
37.4 16.0022 14.368 48.9547 1.91997
37.5 16.0444 14.3597 48.9625 1.92829
37.6 16.0867 14.3514 48.97 1.93662
37.7 16.1289 14.343 48.9772 1.94498
37.8 16.1712 14.3347 48.9842 1.95335
37.9 16.2134 14.3263 48.991 1.96174
38 16.2557 14.3179 48.9975 1.97015
38.1 16.2979 14.3094 49.0038 1.97858
38.2 16.3401 14.301 49.0098 1.98702
38.3 16.3824 14.2925 49.0156 1.99549
38.4 16.4246 14.284 49.0212 2.00398
38.5 16.4668 14.2755 49.0265 2.01248
38.6 16.509 14.267 49.0316 2.021
38.7 16.5512 14.2585 49.0364 2.02954
38.8 16.5934 14.2499 49.0411 2.0381
38.9 16.6356 14.2413 49.0455 2.04668
39 16.6778 14.2327 49.0496 2.05528
39.1 16.72 14.2241 49.0536 2.06389
39.2 16.7622 14.2155 49.0573 2.07253
39.3 16.8044 14.2068 49.0608 2.08118
39.4 16.8465 14.1982 49.0641 2.08985
39.5 16.8887 14.1895 49.0671 2.09854
39.6 16.9309 14.1808 49.07 2.10725
39.7 16.973 14.172 49.0726 2.11597
39.8 17.0152 14.1633 49.075 2.12472
39.9 17.0573 14.1545 49.0772 2.13348
40 17.0995 14.1457 49.0791 2.14226
40.1 17.1416 14.1369 49.0809 2.15106
40.2 17.1837 14.1281 49.0824 2.15988
40.3 17.2259 14.1193 49.0838 2.16871
40.4 17.268 14.1104 49.0849 2.17757
40.5 17.3101 14.1016 49.0858 2.18644
40.6 17.3522 14.0927 49.0865 2.19533
40.7 17.3943 14.0838 49.087 2.20424
40.8 17.4364 14.0748 49.0873 2.21317
40.9 17.4785 14.0659 49.0874 2.22211
41 17.5206 14.0569 49.0873 2.23107
41.1 17.5627 14.0479 49.087 2.24005
41.2 17.6048 14.0389 49.0865 2.24905
41.3 17.6469 14.0299 49.0858 2.25807
41.4 17.689 14.0209 49.0849 2.2671
41.5 17.731 14.0118 49.0838 2.27616
41.6 17.7731 14.0028 49.0826 2.28523
41.7 17.8152 13.9937 49.0811 2.29431
41.8 17.8572 13.9846 49.0794 2.30342
41.9 17.8993 13.9755 49.0776 2.31254
42 17.9413 13.9663 49.0755 2.32169
42.1 17.9833 13.9572 49.0733 2.33085
42.2 18.0254 13.948 49.0708 2.34002
42.3 18.0674 13.9388 49.0682 2.34922
42.4 18.1094 13.9296 49.0654 2.35843
42.5 18.1514 13.9203 49.0624 2.36766
42.6 18.1935 13.9111 49.0593 2.37691
42.7 18.2355 13.9018 49.0559 2.38617
42.8 18.2775 13.8925 49.0524 2.39546
42.9 18.3195 13.8832 49.0487 2.40476
43 18.3615 13.8739 49.0448 2.41407
43.1 18.4034 13.8646 49.0407 2.42341
43.2 18.4454 13.8552 49.0365 2.43276
43.3 18.4874 13.8459 49.0321 2.44213
43.4 18.5294 13.8365 49.0275 2.45152
43.5 18.5713 13.8271 49.0227 2.46092
43.6 18.6133 13.8177 49.0178 2.47034
43.7 18.6552 13.8082 49.0127 2.47978
43.8 18.6972 13.7988 49.0074 2.48924
43.9 18.7391 13.7893 49.0019 2.49871
44 18.7811 13.7798 48.9963 2.50821
44.1 18.823 13.7703 48.9905 2.51771
44.2 18.8649 13.7608 48.9846 2.52724
44.3 18.9069 13.7512 48.9784 2.53678
44.4 18.9488 13.7417 48.9721 2.54634
44.5 18.9907 13.7321 48.9657 2.55592
44.6 19.0326 13.7225 48.9591 2.56551
44.7 19.0745 13.7129 48.9523 2.57512
44.8 19.1164 13.7033 48.9454 2.58475
44.9 19.1583 13.6936 48.9383 2.59439
45 19.2001 13.6839 48.931 2.60405
45.1 19.242 13.6743 48.9236 2.61373
45.2 19.2839 13.6646 48.916 2.62343
45.3 19.3257 13.6549 48.9083 2.63314
45.4 19.3676 13.6451 48.9004 2.64287
45.5 19.4095 13.6354 48.8924 2.65261
45.6 19.4513 13.6256 48.8842 2.66238
45.7 19.4931 13.6158 48.8758 2.67216
45.8 19.535 13.606 48.8673 2.68195
45.9 19.5768 13.5962 48.8587 2.69176
46 19.6186 13.5864 48.8499 2.70159
46.1 19.6604 13.5766 48.8409 2.71144
46.2 19.7023 13.5667 48.8318 2.7213
46.3 19.7441 13.5568 48.8226 2.73118
46.4 19.7859 13.5469 48.8132 2.74107
46.5 19.8277 13.537 48.8036 2.75098
46.6 19.8694 13.5271 48.794 2.76091
46.7 19.9112 13.5171 48.7841 2.77086
46.8 19.953 13.5072 48.7741 2.78082
46.9 19.9948 13.4972 48.764 2.79079
47 20.0365 13.4872 48.7538 2.80079
47.1 20.0783 13.4772 48.7434 2.8108
47.2 20.12 13.4672 48.7328 2.82082
47.3 20.1618 13.4571 48.7221 2.83086
47.4 20.2035 13.4471 48.7113 2.84092
47.5 20.2453 13.437 48.7003 2.851
47.6 20.287 13.4269 48.6892 2.86109
47.7 20.3287 13.4168 48.678 2.87119
47.8 20.3704 13.4067 48.6666 2.88132
47.9 20.4121 13.3965 48.6551 2.89145
48 20.4538 13.3864 48.6435 2.90161
48.1 20.4955 13.3762 48.6317 2.91178
48.2 20.5372 13.366 48.6198 2.92197
48.3 20.5789 13.3558 48.6077 2.93217
48.4 20.6206 13.3456 48.5956 2.94239
48.5 20.6622 13.3354 48.5833 2.95262
48.6 20.7039 13.3251 48.5708 2.96287
48.7 20.7456 13.3149 48.5583 2.97314
48.8 20.7872 13.3046 48.5456 2.98342
48.9 20.8289 13.2943 48.5327 2.99372
49 20.8705 13.284 48.5198 3.00403
49.1 20.9121 13.2736 48.5067 3.01436
49.2 20.9537 13.2633 48.4935 3.0247
49.3 20.9954 13.2529 48.4802 3.03506
49.4 21.037 13.2426 48.4667 3.04544
49.5 21.0786 13.2322 48.4531 3.05583
49.6 21.1202 13.2218 48.4394 3.06623
49.7 21.1618 13.2113 48.4256 3.07666
49.8 21.2034 13.2009 48.4116 3.08709
49.9 21.2449 13.1905 48.3976 3.09755
50 21.2865 13.18 48.3834 3.10801
50.1 21.3281 13.1695 48.3691 3.1185
50.2 21.3696 13.159 48.3546 3.129
50.3 21.4112 13.1485 48.3401 3.13951
50.4 21.4527 13.138 48.3254 3.15004
50.5 21.4943 13.1274 48.3106 3.16058
50.6 21.5358 13.1169 48.2957 3.17114
50.7 21.5773 13.1063 48.2807 3.18172
50.8 21.6189 13.0957 48.2655 3.19231
50.9 21.6604 13.0851 48.2503 3.20291
51 21.7019 13.0745 48.2349 3.21353
51.1 21.7434 13.0638 48.2194 3.22417
51.2 21.7849 13.0532 48.2038 3.23482
51.3 21.8263 13.0425 48.1881 3.24548
51.4 21.8678 13.0318 48.1723 3.25616
51.5 21.9093 13.0211 48.1563 3.26686
51.6 21.9508 13.0104 48.1403 3.27757
51.7 21.9922 12.9997 48.1241 3.28829
51.8 22.0337 12.989 48.1079 3.29903
51.9 22.0751 12.9782 48.0915 3.30979
52 22.1165 12.9674 48.075 3.32056
52.1 22.158 12.9567 48.0584 3.33134
52.2 22.1994 12.9459 48.0417 3.34214
52.3 22.2408 12.9351 48.0249 3.35295
52.4 22.2822 12.9242 48.008 3.36378
52.5 22.3236 12.9134 47.9909 3.37462
52.6 22.365 12.9025 47.9738 3.38548
52.7 22.4064 12.8917 47.9566 3.39635
52.8 22.4478 12.8808 47.9392 3.40723
52.9 22.4891 12.8699 47.9218 3.41813
53 22.5305 12.859 47.9042 3.42905
53.1 22.5718 12.848 47.8866 3.43997
53.2 22.6132 12.8371 47.8688 3.45092
53.3 22.6545 12.8261 47.851 3.46187
53.4 22.6959 12.8152 47.833 3.47285
53.5 22.7372 12.8042 47.8149 3.48383
53.6 22.7785 12.7932 47.7968 3.49483
53.7 22.8198 12.7822 47.7785 3.50585
53.8 22.8611 12.7711 47.7602 3.51687
53.9 22.9024 12.7601 47.7417 3.52792
54 22.9437 12.749 47.7231 3.53897
54.1 22.985 12.738 47.7045 3.55004
54.2 23.0263 12.7269 47.6857 3.56113
54.3 23.0675 12.7158 47.6669 3.57223
54.4 23.1088 12.7047 47.6479 3.58334
54.5 23.1501 12.6935 47.6289 3.59447
54.6 23.1913 12.6824 47.6097 3.60561
54.7 23.2325 12.6712 47.5905 3.61676
54.8 23.2738 12.6601 47.5712 3.62793
54.9 23.315 12.6489 47.5518 3.63911
55 23.3562 12.6377 47.5322 3.6503
55.1 23.3974 12.6265 47.5126 3.66151
55.2 23.4386 12.6153 47.4929 3.67273
55.3 23.4798 12.604 47.4731 3.68397
55.4 23.521 12.5928 47.4532 3.69522
55.5 23.5621 12.5815 47.4333 3.70648
55.6 23.6033 12.5702 47.4132 3.71776
55.7 23.6445 12.5589 47.393 3.72905
55.8 23.6856 12.5476 47.3728 3.74035
55.9 23.7268 12.5363 47.3524 3.75167
56 23.7679 12.525 47.332 3.763
56.1 23.809 12.5137 47.3115 3.77435
56.2 23.8501 12.5023 47.2909 3.7857
56.3 23.8912 12.4909 47.2702 3.79707
56.4 23.9324 12.4795 47.2494 3.80846
56.5 23.9734 12.4681 47.2285 3.81985
56.6 24.0145 12.4567 47.2075 3.83127
56.7 24.0556 12.4453 47.1865 3.84269
56.8 24.0967 12.4339 47.1654 3.85412
56.9 24.1377 12.4224 47.1441 3.86557
57 24.1788 12.411 47.1228 3.87704
57.1 24.2198 12.3995 47.1015 3.88851
57.2 24.2609 12.388 47.08 3.9
57.3 24.3019 12.3765 47.0584 3.9115
57.4 24.3429 12.365 47.0368 3.92302
57.5 24.3839 12.3535 47.0151 3.93454
57.6 24.4249 12.3419 46.9933 3.94608
57.7 24.4659 12.3304 46.9714 3.95764
57.8 24.5069 12.3188 46.9494 3.9692
57.9 24.5479 12.3072 46.9274 3.98078
58 24.5889 12.2956 46.9052 3.99237
58.1 24.6298 12.284 46.883 4.00397
58.2 24.6708 12.2724 46.8607 4.01559
58.3 24.7117 12.2608 46.8383 4.02722
58.4 24.7527 12.2491 46.8159 4.03886
58.5 24.7936 12.2375 46.7934 4.05051
58.6 24.8345 12.2258 46.7707 4.06218
58.7 24.8754 12.2141 46.748 4.07386
58.8 24.9163 12.2025 46.7253 4.08555
58.9 24.9572 12.1907 46.7024 4.09725
59 24.9981 12.179 46.6795 4.10897
59.1 25.039 12.1673 46.6565 4.1207
59.2 25.0798 12.1556 46.6334 4.13244
59.3 25.1207 12.1438 46.6103 4.14419
59.4 25.1615 12.132 46.587 4.15595
59.5 25.2024 12.1203 46.5637 4.16773
59.6 25.2432 12.1085 46.5404 4.17952
59.7 25.284 12.0967 46.5169 4.19132
59.8 25.3248 12.0849 46.4934 4.20313
59.9 25.3657 12.073 46.4698 4.21496
60 25.4064 12.0612 46.4461 4.2268
60.1 25.4472 12.0494 46.4223 4.23865
60.2 25.488 12.0375 46.3985 4.25051
60.3 25.5288 12.0256 46.3746 4.26238
60.4 25.5695 12.0137 46.3506 4.27426
60.5 25.6103 12.0018 46.3266 4.28616
60.6 25.651 11.9899 46.3025 4.29807
60.7 25.6918 11.978 46.2783 4.30999
60.8 25.7325 11.9661 46.254 4.32192
60.9 25.7732 11.9541 46.2297 4.33386
61 25.8139 11.9422 46.2053 4.34582
61.1 25.8546 11.9302 46.1808 4.35778
61.2 25.8953 11.9182 46.1563 4.36976
61.3 25.936 11.9062 46.1317 4.38175
61.4 25.9766 11.8942 46.107 4.39375
61.5 26.0173 11.8822 46.0822 4.40576
61.6 26.0579 11.8702 46.0574 4.41779
61.7 26.0986 11.8582 46.0325 4.42982
61.8 26.1392 11.8461 46.0076 4.44187
61.9 26.1798 11.8341 45.9826 4.45393
62 26.2204 11.822 45.9575 4.466
62.1 26.261 11.8099 45.9323 4.47808
62.2 26.3016 11.7978 45.9071 4.49017
62.3 26.3422 11.7857 45.8818 4.50227
62.4 26.3828 11.7736 45.8564 4.51438
62.5 26.4233 11.7615 45.831 4.52651
62.6 26.4639 11.7494 45.8055 4.53864
62.7 26.5044 11.7372 45.78 4.55079
62.8 26.545 11.7251 45.7543 4.56295
62.9 26.5855 11.7129 45.7287 4.57511
63 26.626 11.7007 45.7029 4.58729
63.1 26.6665 11.6885 45.6771 4.59948
63.2 26.707 11.6763 45.6512 4.61168
63.3 26.7475 11.6641 45.6253 4.6239
63.4 26.7879 11.6519 45.5993 4.63612
63.5 26.8284 11.6396 45.5732 4.64835
63.6 26.8689 11.6274 45.5471 4.6606
63.7 26.9093 11.6152 45.5209 4.67285
63.8 26.9497 11.6029 45.4946 4.68511
63.9 26.9902 11.5906 45.4683 4.69739
64 27.0306 11.5783 45.4419 4.70968
64.1 27.071 11.566 45.4155 4.72197
64.2 27.1114 11.5537 45.389 4.73428
64.3 27.1517 11.5414 45.3624 4.7466
64.4 27.1921 11.5291 45.3358 4.75892
64.5 27.2325 11.5167 45.3091 4.77126
64.6 27.2728 11.5044 45.2824 4.78361
64.7 27.3132 11.492 45.2556 4.79597
64.8 27.3535 11.4797 45.2287 4.80834
64.9 27.3938 11.4673 45.2018 4.82072
65 27.4341 11.4549 45.1748 4.8331
65.1 27.4744 11.4425 45.1477 4.8455
65.2 27.5147 11.4301 45.1206 4.85791
65.3 27.555 11.4177 45.0935 4.87033
65.4 27.5953 11.4052 45.0663 4.88276
65.5 27.6355 11.3928 45.039 4.8952
65.6 27.6758 11.3804 45.0116 4.90765
65.7 27.716 11.3679 44.9843 4.92011
65.8 27.7562 11.3554 44.9568 4.93258
65.9 27.7965 11.3429 44.9293 4.94505
66 27.8367 11.3305 44.9017 4.95754
66.1 27.8769 11.318 44.8741 4.97004
66.2 27.917 11.3055 44.8464 4.98255
66.3 27.9572 11.2929 44.8187 4.99506
66.4 27.9974 11.2804 44.7909 5.00759
66.5 28.0375 11.2679 44.7631 5.02013
66.6 28.0777 11.2553 44.7352 5.03267
66.7 28.1178 11.2428 44.7072 5.04523
66.8 28.1579 11.2302 44.6792 5.05779
66.9 28.198 11.2176 44.6512 5.07037
67 28.2381 11.2051 44.6231 5.08295
67.1 28.2782 11.1925 44.5949 5.09554
67.2 28.3183 11.1799 44.5667 5.10814
67.3 28.3583 11.1672 44.5384 5.12076
67.4 28.3984 11.1546 44.5101 5.13338
67.5 28.4384 11.142 44.4817 5.14601
67.6 28.4784 11.1294 44.4532 5.15864
67.7 28.5185 11.1167 44.4247 5.17129
67.8 28.5585 11.1041 44.3962 5.18395
67.9 28.5985 11.0914 44.3676 5.19661
68 28.6384 11.0787 44.339 5.20929
68.1 28.6784 11.066 44.3103 5.22197
68.2 28.7184 11.0533 44.2815 5.23467
68.3 28.7583 11.0406 44.2527 5.24737
68.4 28.7983 11.0279 44.2238 5.26008
68.5 28.8382 11.0152 44.1949 5.2728
68.6 28.8781 11.0025 44.166 5.28553
68.7 28.918 10.9897 44.137 5.29826
68.8 28.9579 10.977 44.1079 5.31101
68.9 28.9978 10.9642 44.0788 5.32376
69 29.0376 10.9515 44.0497 5.33652
69.1 29.0775 10.9387 44.0205 5.3493
69.2 29.1173 10.9259 43.9912 5.36208
69.3 29.1572 10.9131 43.9619 5.37486
69.4 29.197 10.9003 43.9325 5.38766
69.5 29.2368 10.8875 43.9031 5.40046
69.6 29.2766 10.8747 43.8737 5.41328
69.7 29.3164 10.8619 43.8442 5.4261
69.8 29.3561 10.8491 43.8146 5.43893
69.9 29.3959 10.8362 43.785 5.45177
70 29.4356 10.8234 43.7554 5.46461
70.1 29.4754 10.8105 43.7257 5.47747
70.2 29.5151 10.7977 43.696 5.49033
70.3 29.5548 10.7848 43.6662 5.5032
70.4 29.5945 10.7719 43.6363 5.51608
70.5 29.6342 10.759 43.6065 5.52897
70.6 29.6739 10.7461 43.5765 5.54186
70.7 29.7135 10.7332 43.5465 5.55477
70.8 29.7532 10.7203 43.5165 5.56768
70.9 29.7928 10.7074 43.4865 5.58059
71 29.8324 10.6945 43.4563 5.59352
71.1 29.8721 10.6815 43.4262 5.60645
71.2 29.9117 10.6686 43.396 5.6194
71.3 29.9512 10.6557 43.3657 5.63235
71.4 29.9908 10.6427 43.3354 5.6453
71.5 30.0304 10.6297 43.3051 5.65827
71.6 30.0699 10.6168 43.2747 5.67124
71.7 30.1095 10.6038 43.2443 5.68422
71.8 30.149 10.5908 43.2138 5.69721
71.9 30.1885 10.5778 43.1833 5.7102
72 30.228 10.5648 43.1527 5.7232
72.1 30.2675 10.5518 43.1221 5.73621
72.2 30.3069 10.5388 43.0914 5.74923
72.3 30.3464 10.5257 43.0607 5.76225
72.4 30.3858 10.5127 43.03 5.77529
72.5 30.4253 10.4997 42.9992 5.78832
72.6 30.4647 10.4866 42.9684 5.80137
72.7 30.5041 10.4736 42.9375 5.81442
72.8 30.5435 10.4605 42.9066 5.82748
72.9 30.5829 10.4475 42.8756 5.84055
73 30.6222 10.4344 42.8447 5.85362
73.1 30.6616 10.4213 42.8136 5.86671
73.2 30.7009 10.4082 42.7825 5.87979
73.3 30.7403 10.3951 42.7514 5.89289
73.4 30.7796 10.382 42.7202 5.90599
73.5 30.8189 10.3689 42.689 5.9191
73.6 30.8582 10.3558 42.6578 5.93221
73.7 30.8974 10.3427 42.6265 5.94534
73.8 30.9367 10.3295 42.5951 5.95846
73.9 30.9759 10.3164 42.5638 5.9716
74 31.0152 10.3033 42.5324 5.98474
74.1 31.0544 10.2901 42.5009 5.99789
74.2 31.0936 10.277 42.4694 6.01105
74.3 31.1328 10.2638 42.4379 6.02421
74.4 31.172 10.2506 42.4063 6.03738
74.5 31.2111 10.2374 42.3747 6.05055
74.6 31.2503 10.2243 42.343 6.06373
74.7 31.2894 10.2111 42.3113 6.07692
74.8 31.3285 10.1979 42.2796 6.09011
74.9 31.3676 10.1847 42.2478 6.10331
75 31.4067 10.1715 42.216 6.11652
75.1 31.4458 10.1583 42.1841 6.12973
75.2 31.4849 10.1451 42.1522 6.14295
75.3 31.5239 10.1318 42.1203 6.15617
75.4 31.563 10.1186 42.0883 6.1694
75.5 31.602 10.1054 42.0563 6.18264
75.6 31.641 10.0921 42.0243 6.19588
75.7 31.68 10.0789 41.9922 6.20913
75.8 31.719 10.0656 41.9601 6.22239
75.9 31.7579 10.0524 41.9279 6.23565
76 31.7969 10.0391 41.8957 6.24891
76.1 31.8358 10.0258 41.8635 6.26218
76.2 31.8747 10.0125 41.8312 6.27546
76.3 31.9136 9.99925 41.7989 6.28875
76.4 31.9525 9.98597 41.7665 6.30203
76.5 31.9914 9.97267 41.7341 6.31533
76.6 32.0303 9.95937 41.7017 6.32863
76.7 32.0691 9.94607 41.6692 6.34193
76.8 32.1079 9.93275 41.6367 6.35525
76.9 32.1467 9.91944 41.6042 6.36856
77 32.1855 9.90612 41.5716 6.38188
77.1 32.2243 9.89279 41.539 6.39521
77.2 32.2631 9.87946 41.5064 6.40854
77.3 32.3019 9.86612 41.4737 6.42188
77.4 32.3406 9.85277 41.441 6.43523
77.5 32.3793 9.83943 41.4082 6.44857
77.6 32.418 9.82607 41.3755 6.46193
77.7 32.4567 9.81271 41.3426 6.47529
77.8 32.4954 9.79935 41.3098 6.48865
77.9 32.5341 9.78598 41.2769 6.50202
78 32.5727 9.77261 41.2439 6.51539
78.1 32.6114 9.75923 41.211 6.52877
78.2 32.65 9.74584 41.178 6.54216
78.3 32.6886 9.73246 41.1449 6.55554
78.4 32.7272 9.71906 41.1119 6.56894
78.5 32.7657 9.70566 41.0788 6.58234
78.6 32.8043 9.69226 41.0456 6.59574
78.7 32.8428 9.67885 41.0125 6.60915
78.8 32.8814 9.66544 40.9793 6.62256
78.9 32.9199 9.65202 40.946 6.63598
79 32.9584 9.6386 40.9128 6.6494
79.1 32.9968 9.62518 40.8794 6.66282
79.2 33.0353 9.61175 40.8461 6.67625
79.3 33.0737 9.59831 40.8127 6.68969
79.4 33.1122 9.58487 40.7793 6.70313
79.5 33.1506 9.57143 40.7459 6.71657
79.6 33.189 9.55798 40.7124 6.73002
79.7 33.2273 9.54453 40.6789 6.74347
79.8 33.2657 9.53107 40.6454 6.75693
79.9 33.304 9.51761 40.6118 6.77039
80 33.3424 9.50414 40.5782 6.78386
80.1 33.3807 9.49067 40.5445 6.79733
80.2 33.419 9.4772 40.5109 6.8108
80.3 33.4573 9.46372 40.4772 6.82428
80.4 33.4955 9.45024 40.4434 6.83776
80.5 33.5338 9.43675 40.4097 6.85125
80.6 33.572 9.42327 40.3759 6.86473
80.7 33.6102 9.40977 40.342 6.87823
80.8 33.6484 9.39627 40.3082 6.89173
80.9 33.6866 9.38277 40.2743 6.90523
81 33.7248 9.36927 40.2404 6.91873
81.1 33.7629 9.35576 40.2064 6.93224
81.2 33.801 9.34225 40.1724 6.94575
81.3 33.8391 9.32873 40.1384 6.95927
81.4 33.8772 9.31521 40.1044 6.97279
81.5 33.9153 9.30169 40.0703 6.98631
81.6 33.9534 9.28816 40.0362 6.99984
81.7 33.9914 9.27463 40.002 7.01337
81.8 34.0294 9.2611 39.9679 7.0269
81.9 34.0674 9.24756 39.9336 7.04044
82 34.1054 9.23402 39.8994 7.05398
82.1 34.1434 9.22048 39.8652 7.06752
82.2 34.1813 9.20693 39.8309 7.08107
82.3 34.2193 9.19338 39.7965 7.09462
82.4 34.2572 9.17983 39.7622 7.10817
82.5 34.2951 9.16627 39.7278 7.12173
82.6 34.333 9.15271 39.6934 7.13529
82.7 34.3708 9.13915 39.6589 7.14885
82.8 34.4087 9.12558 39.6245 7.16242
82.9 34.4465 9.11201 39.59 7.17599
83 34.4843 9.09844 39.5554 7.18956
83.1 34.5221 9.08487 39.5209 7.20313
83.2 34.5599 9.07129 39.4863 7.21671
83.3 34.5977 9.05771 39.4517 7.23029
83.4 34.6354 9.04412 39.417 7.24388
83.5 34.6731 9.03054 39.3824 7.25746
83.6 34.7108 9.01695 39.3477 7.27105
83.7 34.7485 9.00336 39.3129 7.28464
83.8 34.7862 8.98977 39.2782 7.29823
83.9 34.8238 8.97617 39.2434 7.31183
84 34.8614 8.96257 39.2086 7.32543
84.1 34.899 8.94897 39.1737 7.33903
84.2 34.9366 8.93536 39.1388 7.35264
84.3 34.9742 8.92176 39.1039 7.36624
84.4 35.0117 8.90815 39.069 7.37985
84.5 35.0493 8.89454 39.0341 7.39346
84.6 35.0868 8.88092 38.9991 7.40708
84.7 35.1243 8.86731 38.9641 7.42069
84.8 35.1618 8.85369 38.929 7.43431
84.9 35.1992 8.84007 38.894 7.44793
85 35.2366 8.82645 38.8589 7.46155
85.1 35.2741 8.81283 38.8237 7.47517
85.2 35.3115 8.7992 38.7886 7.4888
85.3 35.3488 8.78557 38.7534 7.50243
85.4 35.3862 8.77194 38.7182 7.51606
85.5 35.4235 8.75831 38.683 7.52969
85.6 35.4609 8.74467 38.6477 7.54333
85.7 35.4981 8.73104 38.6124 7.55696
85.8 35.5354 8.7174 38.5771 7.5706
85.9 35.5727 8.70376 38.5418 7.58424
86 35.6099 8.69012 38.5064 7.59788
86.1 35.6471 8.67648 38.4711 7.61152
86.2 35.6843 8.66283 38.4356 7.62517
86.3 35.7215 8.64919 38.4002 7.63881
86.4 35.7587 8.63554 38.3647 7.65246
86.5 35.7958 8.62189 38.3292 7.66611
86.6 35.8329 8.60824 38.2937 7.67976
86.7 35.87 8.59459 38.2582 7.69341
86.8 35.9071 8.58094 38.2226 7.70706
86.9 35.9442 8.56728 38.187 7.72072
87 35.9812 8.55363 38.1514 7.73437
87.1 36.0182 8.53997 38.1158 7.74803
87.2 36.0552 8.52631 38.0801 7.76169
87.3 36.0922 8.51265 38.0444 7.77535
87.4 36.1291 8.49899 38.0087 7.78901
87.5 36.1661 8.48533 37.9729 7.80267
87.6 36.203 8.47167 37.9372 7.81633
87.7 36.2399 8.458 37.9014 7.83
87.8 36.2767 8.44434 37.8655 7.84366
87.9 36.3136 8.43067 37.8297 7.85733
88 36.3504 8.41701 37.7938 7.87099
88.1 36.3872 8.40334 37.7579 7.88466
88.2 36.424 8.38967 37.722 7.89833
88.3 36.4608 8.376 37.6861 7.912
88.4 36.4975 8.36233 37.6501 7.92567
88.5 36.5342 8.34866 37.6141 7.93934
88.6 36.5709 8.33499 37.5781 7.95301
88.7 36.6076 8.32132 37.5421 7.96668
88.8 36.6442 8.30765 37.506 7.98035
88.9 36.6809 8.29398 37.4699 7.99402
89 36.7175 8.2803 37.4338 8.0077
89.1 36.7541 8.26663 37.3977 8.02137
89.2 36.7906 8.25296 37.3615 8.03504
89.3 36.8272 8.23928 37.3253 8.04872
89.4 36.8637 8.22561 37.2891 8.06239
89.5 36.9002 8.21193 37.2529 8.07607
89.6 36.9367 8.19826 37.2166 8.08974
89.7 36.9731 8.18458 37.1804 8.10342
89.8 37.0096 8.17091 37.1441 8.11709
89.9 37.046 8.15723 37.1078 8.13077
90 37.0823 8.14356 37.0714 8.14444
90.1 37.1187 8.12988 37.035 8.15812
90.2 37.155 8.11621 36.9987 8.17179
90.3 37.1914 8.10253 36.9622 8.18547
90.4 37.2277 8.08886 36.9258 8.19914
90.5 37.2639 8.07518 36.8893 8.21282
90.6 37.3002 8.06151 36.8529 8.22649
90.7 37.3364 8.04784 36.8164 8.24016
90.8 37.3726 8.03416 36.7798 8.25384
90.9 37.4088 8.02049 36.7433 8.26751
91 37.4449 8.00681 36.7067 8.28119
91.1 37.4811 7.99314 36.6701 8.29486
91.2 37.5172 7.97947 36.6335 8.30853
91.3 37.5532 7.9658 36.5969 8.3222
91.4 37.5893 7.95213 36.5602 8.33587
91.5 37.6253 7.93846 36.5236 8.34954
91.6 37.6613 7.92478 36.4869 8.36322
91.7 37.6973 7.91112 36.4501 8.37688
91.8 37.7333 7.89745 36.4134 8.39055
91.9 37.7692 7.88378 36.3766 8.40422
92 37.8051 7.87011 36.3398 8.41789
92.1 37.841 7.85644 36.303 8.43156
92.2 37.8769 7.84278 36.2662 8.44522
92.3 37.9127 7.82911 36.2293 8.45889
92.4 37.9485 7.81545 36.1925 8.47255
92.5 37.9843 7.80179 36.1556 8.48621
92.6 38.0201 7.78813 36.1187 8.49987
92.7 38.0558 7.77447 36.0817 8.51353
92.8 38.0916 7.76081 36.0448 8.52719
92.9 38.1272 7.74715 36.0078 8.54085
93 38.1629 7.73349 35.9708 8.55451
93.1 38.1985 7.71984 35.9338 8.56816
93.2 38.2342 7.70618 35.8967 8.58182
93.3 38.2697 7.69253 35.8597 8.59547
93.4 38.3053 7.67888 35.8226 8.60912
93.5 38.3408 7.66523 35.7855 8.62277
93.6 38.3764 7.65158 35.7484 8.63642
93.7 38.4118 7.63793 35.7112 8.65007
93.8 38.4473 7.62428 35.6741 8.66372
93.9 38.4827 7.61064 35.6369 8.67736
94 38.5181 7.597 35.5997 8.691
94.1 38.5535 7.58336 35.5625 8.70464
94.2 38.5889 7.56972 35.5252 8.71828
94.3 38.6242 7.55608 35.488 8.73192
94.4 38.6595 7.54244 35.4507 8.74556
94.5 38.6948 7.52881 35.4134 8.75919
94.6 38.73 7.51518 35.3761 8.77282
94.7 38.7653 7.50155 35.3387 8.78645
94.8 38.8004 7.48792 35.3014 8.80008
94.9 38.8356 7.47429 35.264 8.81371
95 38.8708 7.46067 35.2266 8.82733
95.1 38.9059 7.44705 35.1892 8.84095
95.2 38.941 7.43343 35.1517 8.85457
95.3 38.976 7.41981 35.1143 8.86819
95.4 39.011 7.40619 35.0768 8.88181
95.5 39.0461 7.39258 35.0393 8.89542
95.6 39.081 7.37897 35.0018 8.90903
95.7 39.116 7.36536 34.9643 8.92264
95.8 39.1509 7.35175 34.9267 8.93625
95.9 39.1858 7.33815 34.8891 8.94985
96 39.2207 7.32455 34.8515 8.96345
96.1 39.2555 7.31095 34.8139 8.97705
96.2 39.2903 7.29735 34.7763 8.99065
96.3 39.3251 7.28376 34.7387 9.00424
96.4 39.3598 7.27017 34.701 9.01783
96.5 39.3946 7.25658 34.6633 9.03142
96.6 39.4293 7.24299 34.6256 9.04501
96.7 39.4639 7.22941 34.5879 9.05859
96.8 39.4986 7.21583 34.5501 9.07217
96.9 39.5332 7.20225 34.5124 9.08575
97 39.5677 7.18868 34.4746 9.09932
97.1 39.6023 7.17511 34.4368 9.11289
97.2 39.6368 7.16154 34.399 9.12646
97.3 39.6713 7.14797 34.3612 9.14003
97.4 39.7058 7.13441 34.3233 9.15359
97.5 39.7402 7.12085 34.2855 9.16715
97.6 39.7746 7.10729 34.2476 9.18071
97.7 39.809 7.09374 34.2097 9.19426
97.8 39.8433 7.08019 34.1718 9.20781
97.9 39.8776 7.06664 34.1338 9.22136
98 39.9119 7.0531 34.0959 9.2349
98.1 39.9462 7.03956 34.0579 9.24844
98.2 39.9804 7.02602 34.0199 9.26198
98.3 40.0146 7.01249 33.9819 9.27551
98.4 40.0488 6.99896 33.9439 9.28904
98.5 40.0829 6.98543 33.9058 9.30257
98.6 40.117 6.97191 33.8678 9.31609
98.7 40.1511 6.95839 33.8297 9.32961
98.8 40.1851 6.94487 33.7916 9.34313
98.9 40.2191 6.93136 33.7535 9.35664
99 40.2531 6.91785 33.7154 9.37015
99.1 40.287 6.90434 33.6772 9.38366
99.2 40.3209 6.89084 33.6391 9.39716
99.3 40.3548 6.87735 33.6009 9.41065
99.4 40.3887 6.86385 33.5627 9.42415
99.5 40.4225 6.85036 33.5245 9.43764
99.6 40.4563 6.83688 33.4862 9.45112
99.7 40.49 6.8234 33.448 9.4646
99.8 40.5238 6.80992 33.4097 9.47808
99.9 40.5575 6.79644 33.3714 9.49156
100 40.5911 6.78298 33.3331 9.50502
100.1 40.6247 6.76951 33.2948 9.51849
100.2 40.6583 6.75605 33.2565 9.53195
100.3 40.6919 6.74259 33.2182 9.54541
100.4 40.7254 6.72914 33.1798 9.55886
100.5 40.7589 6.71569 33.1414 9.57231
100.6 40.7924 6.70225 33.103 9.58575
100.7 40.8258 6.68881 33.0646 9.59919
100.8 40.8592 6.67537 33.0262 9.61263
100.9 40.8926 6.66194 32.9877 9.62606
101 40.9259 6.64852 32.9493 9.63948
101.1 40.9592 6.63509 32.9108 9.65291
101.2 40.9925 6.62168 32.8723 9.66632
101.3 41.0257 6.60826 32.8338 9.67974
101.4 41.0589 6.59486 32.7953 9.69314
101.5 41.092 6.58145 32.7567 9.70655
101.6 41.1252 6.56806 32.7182 9.71994
101.7 41.1583 6.55466 32.6796 9.73334
101.8 41.1913 6.54127 32.641 9.74673
101.9 41.2243 6.52789 32.6024 9.76011
102 41.2573 6.51451 32.5638 9.77349
102.1 41.2903 6.50114 32.5252 9.78686
102.2 41.3232 6.48777 32.4865 9.80023
102.3 41.3561 6.4744 32.4479 9.8136
102.4 41.3889 6.46105 32.4092 9.82695
102.5 41.4217 6.44769 32.3705 9.84031
102.6 41.4545 6.43434 32.3318 9.85366
102.7 41.4872 6.421 32.293 9.867
102.8 41.52 6.40766 32.2543 9.88034
102.9 41.5526 6.39433 32.2156 9.89367
103 41.5852 6.381 32.1768 9.907
103.1 41.6178 6.36768 32.138 9.92032
103.2 41.6504 6.35436 32.0992 9.93364
103.3 41.6829 6.34105 32.0604 9.94695
103.4 41.7154 6.32775 32.0215 9.96025
103.5 41.7479 6.31445 31.9827 9.97355
103.6 41.7803 6.30115 31.9438 9.98685
103.7 41.8126 6.28786 31.905 10.0001
103.8 41.845 6.27458 31.8661 10.0134
103.9 41.8773 6.2613 31.8272 10.0267
104 41.9095 6.24803 31.7883 10.04
104.1 41.9418 6.23476 31.7493 10.0532
104.2 41.974 6.2215 31.7104 10.0665
104.3 42.0061 6.20825 31.6714 10.0797
104.4 42.0382 6.195 31.6324 10.093
104.5 42.0703 6.18176 31.5934 10.1062
104.6 42.1023 6.16852 31.5544 10.1195
104.7 42.1343 6.15529 31.5154 10.1327
104.8 42.1663 6.14207 31.4764 10.1459
104.9 42.1982 6.12885 31.4373 10.1592
105 42.2301 6.11564 31.3983 10.1724
105.1 42.2619 6.10243 31.3592 10.1856
105.2 42.2937 6.08923 31.3201 10.1988
105.3 42.3255 6.07604 31.281 10.212
105.4 42.3572 6.06285 31.2419 10.2252
105.5 42.3889 6.04967 31.2027 10.2383
105.6 42.4205 6.03649 31.1636 10.2515
105.7 42.4521 6.02333 31.1244 10.2647
105.8 42.4837 6.01016 31.0852 10.2778
105.9 42.5152 5.99701 31.0461 10.291
106 42.5467 5.98386 31.0069 10.3041
106.1 42.5781 5.97072 30.9676 10.3173
106.2 42.6095 5.95758 30.9284 10.3304
106.3 42.6409 5.94445 30.8892 10.3435
106.4 42.6722 5.93133 30.8499 10.3567
106.5 42.7035 5.91822 30.8106 10.3698
106.6 42.7347 5.90511 30.7714 10.3829
106.7 42.7659 5.89201 30.7321 10.396
106.8 42.797 5.87891 30.6927 10.4091
106.9 42.8281 5.86582 30.6534 10.4222
107 42.8592 5.85274 30.6141 10.4353
107.1 42.8902 5.83967 30.5747 10.4483
107.2 42.9212 5.8266 30.5354 10.4614
107.3 42.9522 5.81354 30.496 10.4745
107.4 42.983 5.80049 30.4566 10.4875
107.5 43.0139 5.78744 30.4172 10.5006
107.6 43.0447 5.7744 30.3778 10.5136
107.7 43.0755 5.76137 30.3383 10.5266
107.8 43.1062 5.74835 30.2989 10.5397
107.9 43.1369 5.73533 30.2594 10.5527
108 43.1675 5.72232 30.22 10.5657
108.1 43.1981 5.70932 30.1805 10.5787
108.2 43.2287 5.69632 30.141 10.5917
108.3 43.2592 5.68334 30.1015 10.6047
108.4 43.2896 5.67036 30.062 10.6176
108.5 43.32 5.65739 30.0224 10.6306
108.6 43.3504 5.64442 29.9829 10.6436
108.7 43.3807 5.63146 29.9433 10.6565
108.8 43.411 5.61851 29.9037 10.6695
108.9 43.4412 5.60557 29.8642 10.6824
109 43.4714 5.59264 29.8246 10.6954
109.1 43.5016 5.57971 29.785 10.7083
109.2 43.5316 5.56679 29.7453 10.7212
109.3 43.5617 5.55388 29.7057 10.7341
109.4 43.5917 5.54098 29.666 10.747
109.5 43.6216 5.52809 29.6264 10.7599
109.6 43.6516 5.5152 29.5867 10.7728
109.7 43.6814 5.50232 29.547 10.7857
109.8 43.7112 5.48945 29.5073 10.7986
109.9 43.741 5.47659 29.4676 10.8114
110 43.7707 5.46373 29.4279 10.8243
110.1 43.8004 5.45089 29.3882 10.8371
110.2 43.83 5.43805 29.3484 10.85
110.3 43.8596 5.42522 29.3087 10.8628
110.4 43.8891 5.4124 29.2689 10.8756
110.5 43.9186 5.39958 29.2291 10.8884
110.6 43.948 5.38678 29.1893 10.9012
110.7 43.9774 5.37398 29.1495 10.914
110.8 44.0067 5.36119 29.1097 10.9268
110.9 44.036 5.34841 29.0699 10.9396
111 44.0653 5.33564 29.03 10.9524
111.1 44.0944 5.32288 28.9902 10.9651
111.2 44.1236 5.31013 28.9503 10.9779
111.3 44.1527 5.29738 28.9104 10.9906
111.4 44.1817 5.28464 28.8706 11.0034
111.5 44.2107 5.27192 28.8307 11.0161
111.6 44.2396 5.2592 28.7907 11.0288
111.7 44.2685 5.24649 28.7508 11.0415
111.8 44.2973 5.23378 28.7109 11.0542
111.9 44.3261 5.22109 28.6709 11.0669
112 44.3548 5.20841 28.631 11.0796
112.1 44.3835 5.19573 28.591 11.0923
112.2 44.4121 5.18307 28.551 11.1049
112.3 44.4407 5.17041 28.511 11.1176
112.4 44.4692 5.15776 28.471 11.1302
112.5 44.4977 5.14512 28.431 11.1429
112.6 44.5261 5.13249 28.391 11.1555
112.7 44.5544 5.11987 28.351 11.1681
112.8 44.5827 5.10726 28.3109 11.1807
112.9 44.611 5.09466 28.2709 11.1933
113 44.6392 5.08207 28.2308 11.2059
113.1 44.6673 5.06948 28.1907 11.2185
113.2 44.6954 5.05691 28.1506 11.2311
113.3 44.7235 5.04435 28.1105 11.2437
113.4 44.7514 5.03179 28.0704 11.2562
113.5 44.7794 5.01924 28.0303 11.2688
113.6 44.8072 5.00671 27.9901 11.2813
113.7 44.8351 4.99418 27.95 11.2938
113.8 44.8628 4.98166 27.9098 11.3063
113.9 44.8905 4.96916 27.8697 11.3188
114 44.9182 4.95666 27.8295 11.3313
114.1 44.9458 4.94417 27.7893 11.3438
114.2 44.9733 4.93169 27.7491 11.3563
114.3 45.0008 4.91922 27.7089 11.3688
114.4 45.0282 4.90677 27.6686 11.3812
114.5 45.0555 4.89432 27.6284 11.3937
114.6 45.0829 4.88188 27.5882 11.4061
114.7 45.1101 4.86945 27.5479 11.4186
114.8 45.1373 4.85703 27.5077 11.431
114.9 45.1644 4.84462 27.4674 11.4434
115 45.1915 4.83222 27.4271 11.4558
115.1 45.2185 4.81983 27.3868 11.4682
115.2 45.2455 4.80745 27.3465 11.4805
115.3 45.2724 4.79509 27.3062 11.4929
115.4 45.2992 4.78273 27.2658 11.5053
115.5 45.326 4.77038 27.2255 11.5176
115.6 45.3527 4.75804 27.1852 11.53
115.7 45.3793 4.74571 27.1448 11.5423
115.8 45.4059 4.7334 27.1044 11.5546
115.9 45.4325 4.72109 27.064 11.5669
116 45.4589 4.70879 27.0237 11.5792
116.1 45.4853 4.69651 26.9833 11.5915
116.2 45.5117 4.68423 26.9428 11.6038
116.3 45.538 4.67197 26.9024 11.616
116.4 45.5642 4.65971 26.862 11.6283
116.5 45.5904 4.64747 26.8216 11.6405
116.6 45.6165 4.63524 26.7811 11.6528
116.7 45.6425 4.62301 26.7406 11.665
116.8 45.6685 4.6108 26.7002 11.6772
116.9 45.6944 4.5986 26.6597 11.6894
117 45.7202 4.58641 26.6192 11.7016
117.1 45.746 4.57423 26.5787 11.7138
117.2 45.7717 4.56206 26.5382 11.7259
117.3 45.7974 4.54991 26.4977 11.7381
117.4 45.823 4.53776 26.4571 11.7502
117.5 45.8485 4.52562 26.4166 11.7624
117.6 45.8739 4.5135 26.3761 11.7745
117.7 45.8993 4.50139 26.3355 11.7866
117.8 45.9246 4.48928 26.2949 11.7987
117.9 45.9499 4.47719 26.2544 11.8108
118 45.9751 4.46511 26.2138 11.8229
118.1 46.0002 4.45304 26.1732 11.835
118.2 46.0253 4.44099 26.1326 11.847
118.3 46.0503 4.42894 26.0919 11.8591
118.4 46.0752 4.41691 26.0513 11.8711
118.5 46.1 4.40488 26.0107 11.8831
118.6 46.1248 4.39287 25.97 11.8951
118.7 46.1495 4.38087 25.9294 11.9071
118.8 46.1742 4.36888 25.8887 11.9191
118.9 46.1987 4.3569 25.8481 11.9311
119 46.2232 4.34494 25.8074 11.9431
119.1 46.2477 4.33298 25.7667 11.955
119.2 46.272 4.32104 25.726 11.967
119.3 46.2963 4.30911 25.6853 11.9789
119.4 46.3205 4.29719 25.6446 11.9908
119.5 46.3447 4.28528 25.6038 12.0027
119.6 46.3688 4.27338 25.5631 12.0146
119.7 46.3928 4.2615 25.5223 12.0265
119.8 46.4167 4.24962 25.4816 12.0384
119.9 46.4406 4.23776 25.4408 12.0502
120 46.4643 4.22591 25.4 12.0621
120.1 46.4881 4.21408 25.3593 12.0739
120.2 46.5117 4.20225 25.3185 12.0857
120.3 46.5353 4.19044 25.2777 12.0976
120.4 46.5588 4.17864 25.2369 12.1094
120.5 46.5822 4.16685 25.196 12.1212
120.6 46.6055 4.15507 25.1552 12.1329
120.7 46.6288 4.14331 25.1144 12.1447
120.8 46.652 4.13155 25.0735 12.1564
120.9 46.6751 4.11981 25.0327 12.1682
121 46.6981 4.10809 24.9918 12.1799
121.1 46.7211 4.09637 24.951 12.1916
121.2 46.7439 4.08467 24.9101 12.2033
121.3 46.7667 4.07298 24.8692 12.215
121.4 46.7895 4.0613 24.8283 12.2267
121.5 46.8121 4.04963 24.7874 12.2384
121.6 46.8347 4.03798 24.7465 12.25
121.7 46.8572 4.02634 24.7055 12.2617
121.8 46.8796 4.01471 24.6646 12.2733
121.9 46.9019 4.00309 24.6237 12.2849
122 46.9242 3.99149 24.5827 12.2965
122.1 46.9463 3.9799 24.5418 12.3081
122.2 46.9684 3.96832 24.5008 12.3197
122.3 46.9904 3.95675 24.4598 12.3312
122.4 47.0123 3.9452 24.4188 12.3428
122.5 47.0342 3.93366 24.3779 12.3543
122.6 47.0559 3.92213 24.3369 12.3659
122.7 47.0776 3.91062 24.2958 12.3774
122.8 47.0992 3.89912 24.2548 12.3889
122.9 47.1207 3.88763 24.2138 12.4004
123 47.1421 3.87615 24.1728 12.4118
123.1 47.1635 3.86469 24.1317 12.4233
123.2 47.1847 3.85324 24.0907 12.4348
123.3 47.2059 3.84181 24.0496 12.4462
123.4 47.227 3.83038 24.0086 12.4576
123.5 47.248 3.81897 23.9675 12.469
123.6 47.2689 3.80758 23.9264 12.4804
123.7 47.2897 3.79619 23.8853 12.4918
123.8 47.3104 3.78482 23.8442 12.5032
123.9 47.3311 3.77346 23.8031 12.5145
124 47.3516 3.76212 23.762 12.5259
124.1 47.3721 3.75079 23.7209 12.5372
124.2 47.3925 3.73947 23.6797 12.5485
124.3 47.4128 3.72817 23.6386 12.5598
124.4 47.433 3.71688 23.5975 12.5711
124.5 47.4531 3.7056 23.5563 12.5824
124.6 47.4731 3.69434 23.5151 12.5937
124.7 47.493 3.68309 23.474 12.6049
124.8 47.5129 3.67185 23.4328 12.6161
124.9 47.5326 3.66063 23.3916 12.6274
125 47.5522 3.64942 23.3504 12.6386
125.1 47.5718 3.63823 23.3092 12.6498
125.2 47.5913 3.62704 23.268 12.661
125.3 47.6106 3.61588 23.2268 12.6721
125.4 47.6299 3.60472 23.1856 12.6833
125.5 47.6491 3.59358 23.1443 12.6944
125.6 47.6682 3.58246 23.1031 12.7055
125.7 47.6871 3.57134 23.0619 12.7167
125.8 47.706 3.56025 23.0206 12.7278
125.9 47.7248 3.54916 22.9793 12.7388
126 47.7435 3.53809 22.9381 12.7499
126.1 47.7621 3.52703 22.8968 12.761
126.2 47.7806 3.51599 22.8555 12.772
126.3 47.799 3.50496 22.8142 12.783
126.4 47.8173 3.49395 22.7729 12.794
126.5 47.8355 3.48295 22.7316 12.805
126.6 47.8536 3.47196 22.6903 12.816
126.7 47.8716 3.46099 22.649 12.827
126.8 47.8895 3.45004 22.6076 12.838
126.9 47.9073 3.43909 22.5663 12.8489
127 47.925 3.42816 22.525 12.8598
127.1 47.9426 3.41725 22.4836 12.8708
127.2 47.9601 3.40635 22.4423 12.8817
127.3 47.9774 3.39546 22.4009 12.8925
127.4 47.9947 3.38459 22.3595 12.9034
127.5 48.0119 3.37374 22.3181 12.9143
127.6 48.029 3.36289 22.2767 12.9251
127.7 48.0459 3.35207 22.2353 12.9359
127.8 48.0628 3.34125 22.1939 12.9467
127.9 48.0795 3.33046 22.1525 12.9575
128 48.0962 3.31967 22.1111 12.9683
128.1 48.1127 3.3089 22.0697 12.9791
128.2 48.1291 3.29815 22.0283 12.9898
128.3 48.1454 3.28741 21.9868 13.0006
128.4 48.1616 3.27669 21.9454 13.0113
128.5 48.1777 3.26598 21.9039 13.022
128.6 48.1937 3.25528 21.8625 13.0327
128.7 48.2095 3.2446 21.821 13.0434
128.8 48.2253 3.23394 21.7795 13.0541
128.9 48.2409 3.22329 21.7381 13.0647
129 48.2565 3.21265 21.6966 13.0753
129.1 48.2719 3.20203 21.6551 13.086
129.2 48.2872 3.19143 21.6136 13.0966
129.3 48.3024 3.18084 21.5721 13.1072
129.4 48.3174 3.17026 21.5306 13.1177
129.5 48.3324 3.1597 21.489 13.1283
129.6 48.3472 3.14916 21.4475 13.1388
129.7 48.3619 3.13863 21.406 13.1494
129.8 48.3765 3.12811 21.3644 13.1599
129.9 48.391 3.11762 21.3229 13.1704
130 48.4053 3.10713 21.2813 13.1809
130.1 48.4196 3.09666 21.2398 13.1913
130.2 48.4337 3.08621 21.1982 13.2018
130.3 48.4477 3.07577 21.1566 13.2122
130.4 48.4616 3.06535 21.1151 13.2226
130.5 48.4753 3.05495 21.0735 13.2331
130.6 48.4889 3.04455 21.0319 13.2434
130.7 48.5024 3.03418 20.9903 13.2538
130.8 48.5158 3.02382 20.9487 13.2642
130.9 48.5291 3.01348 20.9071 13.2745
131 48.5422 3.00315 20.8654 13.2849
131.1 48.5552 2.99283 20.8238 13.2952
131.2 48.568 2.98254 20.7822 13.3055
131.3 48.5808 2.97225 20.7405 13.3157
131.4 48.5934 2.96199 20.6989 13.326
131.5 48.6059 2.95174 20.6572 13.3363
131.6 48.6182 2.9415 20.6156 13.3465
131.7 48.6304 2.93129 20.5739 13.3567
131.8 48.6425 2.92108 20.5322 13.3669
131.9 48.6545 2.9109 20.4906 13.3771
132 48.6663 2.90073 20.4489 13.3873
132.1 48.678 2.89057 20.4072 13.3974
132.2 48.6896 2.88043 20.3655 13.4076
132.3 48.701 2.87031 20.3238 13.4177
132.4 48.7123 2.8602 20.2821 13.4278
132.5 48.7234 2.85011 20.2404 13.4379
132.6 48.7344 2.84004 20.1986 13.448
132.7 48.7453 2.82998 20.1569 13.458
132.8 48.756 2.81994 20.1152 13.4681
132.9 48.7666 2.80991 20.0734 13.4781
133 48.777 2.7999 20.0317 13.4881
133.1 48.7874 2.78991 19.9899 13.4981
133.2 48.7975 2.77993 19.9482 13.5081
133.3 48.8075 2.76997 19.9064 13.518
133.4 48.8174 2.76003 19.8647 13.528
133.5 48.8272 2.7501 19.8229 13.5379
133.6 48.8367 2.74019 19.7811 13.5478
133.7 48.8462 2.7303 19.7393 13.5577
133.8 48.8555 2.72042 19.6975 13.5676
133.9 48.8646 2.71055 19.6557 13.5774
134 48.8736 2.70071 19.6139 13.5873
134.1 48.8825 2.69088 19.5721 13.5971
134.2 48.8912 2.68107 19.5303 13.6069
134.3 48.8997 2.67127 19.4885 13.6167
134.4 48.9081 2.66149 19.4466 13.6265
134.5 48.9163 2.65173 19.4048 13.6363
134.6 48.9244 2.64199 19.363 13.646
134.7 48.9324 2.63226 19.3211 13.6557
134.8 48.9401 2.62255 19.2793 13.6655
134.9 48.9478 2.61285 19.2374 13.6751
135 48.9552 2.60317 19.1955 13.6848
135.1 48.9625 2.59351 19.1537 13.6945
135.2 48.9697 2.58387 19.1118 13.7041
135.3 48.9767 2.57424 19.0699 13.7138
135.4 48.9835 2.56463 19.028 13.7234
135.5 48.9901 2.55504 18.9861 13.733
135.6 48.9966 2.54546 18.9442 13.7425
135.7 49.003 2.5359 18.9023 13.7521
135.8 49.0091 2.52636 18.8604 13.7616
135.9 49.0151 2.51683 18.8185 13.7712
136 49.021 2.50732 18.7766 13.7807
136.1 49.0267 2.49783 18.7347 13.7902
136.2 49.0322 2.48836 18.6927 13.7996
136.3 49.0375 2.4789 18.6508 13.8091
136.4 49.0427 2.46946 18.6088 13.8185
136.5 49.0476 2.46004 18.5669 13.828
136.6 49.0525 2.45064 18.5249 13.8374
136.7 49.0571 2.44125 18.483 13.8468
136.8 49.0616 2.43188 18.441 13.8561
136.9 49.0659 2.42253 18.3991 13.8655
137 49.07 2.41319 18.3571 13.8748
137.1 49.0739 2.40387 18.3151 13.8841
137.2 49.0777 2.39457 18.2731 13.8934
137.3 49.0813 2.38529 18.2311 13.9027
137.4 49.0847 2.37603 18.1891 13.912
137.5 49.0879 2.36678 18.1471 13.9212
137.6 49.0909 2.35755 18.1051 13.9305
137.7 49.0938 2.34834 18.0631 13.9397
137.8 49.0964 2.33914 18.0211 13.9489
137.9 49.0989 2.32996 17.9791 13.958
138 49.1012 2.3208 17.937 13.9672
138.1 49.1033 2.31166 17.895 13.9763
138.2 49.1052 2.30254 17.853 13.9855
138.3 49.1069 2.29343 17.8109 13.9946
138.4 49.1085 2.28434 17.7689 14.0037
138.5 49.1098 2.27527 17.7268 14.0127
138.6 49.1109 2.26622 17.6848 14.0218
138.7 49.1119 2.25719 17.6427 14.0308
138.8 49.1126 2.24817 17.6006 14.0398
138.9 49.1132 2.23917 17.5586 14.0488
139 49.1136 2.23019 17.5165 14.0578
139.1 49.1137 2.22123 17.4744 14.0668
139.2 49.1137 2.21228 17.4323 14.0757
139.3 49.1134 2.20336 17.3902 14.0846
139.4 49.113 2.19445 17.3481 14.0936
139.5 49.1123 2.18556 17.306 14.1024
139.6 49.1114 2.17669 17.2639 14.1113
139.7 49.1104 2.16783 17.2218 14.1202
139.8 49.1091 2.159 17.1797 14.129
139.9 49.1076 2.15018 17.1375 14.1378
140 49.1059 2.14138 17.0954 14.1466
140.1 49.104 2.1326 17.0533 14.1554
140.2 49.1018 2.12384 17.0111 14.1642
140.3 49.0995 2.11509 16.969 14.1729
140.4 49.0969 2.10636 16.9269 14.1816
140.5 49.0942 2.09766 16.8847 14.1903
140.6 49.0912 2.08897 16.8425 14.199
140.7 49.0879 2.0803 16.8004 14.2077
140.8 49.0845 2.07164 16.7582 14.2164
140.9 49.0808 2.06301 16.716 14.225
141 49.0769 2.0544 16.6739 14.2336
141.1 49.0728 2.0458 16.6317 14.2422
141.2 49.0685 2.03722 16.5895 14.2508
141.3 49.0639 2.02866 16.5473 14.2593
141.4 49.0591 2.02012 16.5051 14.2679
141.5 49.0541 2.0116 16.4629 14.2764
141.6 49.0488 2.00309 16.4207 14.2849
141.7 49.0433 1.99461 16.3785 14.2934
141.8 49.0376 1.98614 16.3363 14.3019
141.9 49.0316 1.9777 16.2941 14.3103
142 49.0254 1.96927 16.2518 14.3187
142.1 49.0189 1.96086 16.2096 14.3271
142.2 49.0122 1.95247 16.1674 14.3355
142.3 49.0053 1.94409 16.1252 14.3439
142.4 48.9981 1.93574 16.0829 14.3523
142.5 48.9906 1.92741 16.0407 14.3606
142.6 48.983 1.91909 15.9984 14.3689
142.7 48.975 1.91079 15.9562 14.3772
142.8 48.9668 1.90252 15.9139 14.3855
142.9 48.9584 1.89426 15.8716 14.3937
143 48.9497 1.88602 15.8294 14.402
143.1 48.9407 1.8778 15.7871 14.4102
143.2 48.9315 1.8696 15.7448 14.4184
143.3 48.9221 1.86141 15.7025 14.4266
143.4 48.9123 1.85325 15.6603 14.4347
143.5 48.9023 1.84511 15.618 14.4429
143.6 48.8921 1.83698 15.5757 14.451
143.7 48.8815 1.82888 15.5334 14.4591
143.8 48.8707 1.82079 15.4911 14.4672
143.9 48.8597 1.81272 15.4488 14.4753
144 48.8483 1.80468 15.4065 14.4833
144.1 48.8367 1.79665 15.3641 14.4914
144.2 48.8248 1.78864 15.3218 14.4994
144.3 48.8127 1.78065 15.2795 14.5074
144.4 48.8002 1.77268 15.2372 14.5153
144.5 48.7875 1.76473 15.1948 14.5233
144.6 48.7745 1.7568 15.1525 14.5312
144.7 48.7612 1.74888 15.1102 14.5391
144.8 48.7476 1.74099 15.0678 14.547
144.9 48.7337 1.73312 15.0255 14.5549
145 48.7196 1.72527 14.9831 14.5627
145.1 48.7051 1.71743 14.9408 14.5706
145.2 48.6904 1.70962 14.8984 14.5784
145.3 48.6753 1.70182 14.856 14.5862
145.4 48.66 1.69405 14.8137 14.594
145.5 48.6443 1.68629 14.7713 14.6017
145.6 48.6284 1.67856 14.7289 14.6094
145.7 48.6121 1.67084 14.6865 14.6172
145.8 48.5956 1.66314 14.6442 14.6249
145.9 48.5787 1.65547 14.6018 14.6325
146 48.5616 1.64781 14.5594 14.6402
146.1 48.5441 1.64017 14.517 14.6478
146.2 48.5263 1.63256 14.4746 14.6554
146.3 48.5081 1.62496 14.4322 14.663
146.4 48.4897 1.61738 14.3898 14.6706
146.5 48.471 1.60982 14.3474 14.6782
146.6 48.4519 1.60228 14.3049 14.6857
146.7 48.4325 1.59477 14.2625 14.6932
146.8 48.4127 1.58727 14.2201 14.7007
146.9 48.3927 1.57979 14.1777 14.7082
147 48.3723 1.57233 14.1352 14.7157
147.1 48.3515 1.56489 14.0928 14.7231
147.2 48.3305 1.55748 14.0504 14.7305
147.3 48.3091 1.55008 14.0079 14.7379
147.4 48.2873 1.5427 13.9655 14.7453
147.5 48.2652 1.53534 13.923 14.7527
147.6 48.2428 1.52801 13.8806 14.76
147.7 48.22 1.52069 13.8381 14.7673
147.8 48.1969 1.51339 13.7956 14.7746
147.9 48.1734 1.50611 13.7532 14.7819
148 48.1496 1.49886 13.7107 14.7891
148.1 48.1253 1.49162 13.6682 14.7964
148.2 48.1008 1.4844 13.6258 14.8036
148.3 48.0759 1.47721 13.5833 14.8108
148.4 48.0506 1.47003 13.5408 14.818
148.5 48.0249 1.46288 13.4983 14.8251
148.6 47.9989 1.45574 13.4558 14.8323
148.7 47.9725 1.44863 13.4133 14.8394
148.8 47.9457 1.44153 13.3708 14.8465
148.9 47.9186 1.43446 13.3283 14.8535
149 47.891 1.4274 13.2858 14.8606
149.1 47.8631 1.42037 13.2433 14.8676
149.2 47.8348 1.41336 13.2008 14.8746
149.3 47.8061 1.40637 13.1583 14.8816
149.4 47.777 1.3994 13.1158 14.8886
149.5 47.7475 1.39244 13.0733 14.8956
149.6 47.7176 1.38551 13.0307 14.9025
149.7 47.6874 1.3786 12.9882 14.9094
149.8 47.6567 1.37172 12.9457 14.9163
149.9 47.6256 1.36485 12.9031 14.9232
150 47.5941 1.358 12.8606 14.93
150.1 47.5622 1.35117 12.818 14.9368
150.2 47.5299 1.34437 12.7755 14.9436
150.3 47.4971 1.33758 12.7329 14.9504
150.4 47.464 1.33081 12.6904 14.9572
150.5 47.4304 1.32407 12.6478 14.9639
150.6 47.3964 1.31735 12.6053 14.9707
150.7 47.3619 1.31064 12.5627 14.9774
150.8 47.3271 1.30396 12.5201 14.984
150.9 47.2918 1.2973 12.4776 14.9907
151 47.256 1.29066 12.435 14.9973
151.1 47.2198 1.28404 12.3924 15.004
151.2 47.1832 1.27744 12.3499 15.0106
151.3 47.1461 1.27086 12.3073 15.0171
151.4 47.1086 1.26431 12.2647 15.0237
151.5 47.0706 1.25777 12.2221 15.0302
151.6 47.0322 1.25126 12.1795 15.0367
151.7 46.9933 1.24476 12.1369 15.0432
151.8 46.9539 1.23829 12.0943 15.0497
151.9 46.9141 1.23184 12.0517 15.0562
152 46.8738 1.22541 12.0091 15.0626
152.1 46.833 1.219 11.9665 15.069
152.2 46.7917 1.21261 11.9239 15.0754
152.3 46.75 1.20624 11.8813 15.0818
152.4 46.7078 1.1999 11.8386 15.0881
152.5 46.6651 1.19357 11.796 15.0944
152.6 46.6218 1.18727 11.7534 15.1007
152.7 46.5781 1.18099 11.7108 15.107
152.8 46.5339 1.17472 11.6681 15.1133
152.9 46.4892 1.16848 11.6255 15.1195
153 46.444 1.16226 11.5829 15.1257
153.1 46.3983 1.15607 11.5402 15.1319
153.2 46.3521 1.14989 11.4976 15.1381
153.3 46.3053 1.14374 11.455 15.1443
153.4 46.2581 1.1376 11.4123 15.1504
153.5 46.2103 1.13149 11.3697 15.1565
153.6 46.1619 1.1254 11.327 15.1626
153.7 46.1131 1.11933 11.2843 15.1687
153.8 46.0637 1.11328 11.2417 15.1747
153.9 46.0138 1.10725 11.199 15.1807
154 45.9633 1.10125 11.1564 15.1868
154.1 45.9123 1.09526 11.1137 15.1927
154.2 45.8607 1.0893 11.071 15.1987
154.3 45.8085 1.08336 11.0283 15.2046
154.4 45.7558 1.07744 10.9857 15.2106
154.5 45.7026 1.07154 10.943 15.2165
154.6 45.6488 1.06567 10.9003 15.2223
154.7 45.5943 1.05981 10.8576 15.2282
154.8 45.5394 1.05398 10.8149 15.234
154.9 45.4838 1.04817 10.7722 15.2398
155 45.4277 1.04238 10.7296 15.2456
155.1 45.3709 1.03661 10.6869 15.2514
155.2 45.3136 1.03086 10.6442 15.2571
155.3 45.2556 1.02513 10.6015 15.2629
155.4 45.1971 1.01943 10.5588 15.2686
155.5 45.138 1.01375 10.516 15.2743
155.6 45.0782 1.00809 10.4733 15.2799
155.7 45.0178 1.00245 10.4306 15.2855
155.8 44.9568 0.996834 10.3879 15.2912
155.9 44.8952 0.991239 10.3452 15.2968
156 44.833 0.985666 10.3025 15.3023
156.1 44.7701 0.980114 10.2597 15.3079
156.2 44.7066 0.974585 10.217 15.3134
156.3 44.6424 0.969077 10.1743 15.3189
156.4 44.5776 0.963592 10.1316 15.3244
156.5 44.5121 0.958128 10.0888 15.3299
156.6 44.446 0.952686 10.0461 15.3353
156.7 44.3792 0.947266 10.0034 15.3407
156.8 44.3117 0.941867 9.96062 15.3461
156.9 44.2435 0.936491 9.91787 15.3515
157 44.1747 0.931137 9.87513 15.3569
157.1 44.1052 0.925805 9.83238 15.3622
157.2 44.035 0.920494 9.78963 15.3675
157.3 43.9641 0.915206 9.74687 15.3728
157.4 43.8926 0.90994 9.70412 15.3781
157.5 43.8203 0.904695 9.66136 15.3833
157.6 43.7473 0.899473 9.6186 15.3885
157.7 43.6735 0.894273 9.57584 15.3937
157.8 43.5991 0.889095 9.53307 15.3989
157.9 43.524 0.883939 9.4903 15.4041
158 43.4481 0.878805 9.44753 15.4092
158.1 43.3714 0.873693 9.40476 15.4143
158.2 43.2941 0.868604 9.36198 15.4194
158.3 43.216 0.863536 9.31921 15.4245
158.4 43.1371 0.858491 9.27643 15.4295
158.5 43.0575 0.853468 9.23364 15.4345
158.6 42.9771 0.848467 9.19086 15.4395
158.7 42.8959 0.843488 9.14807 15.4445
158.8 42.814 0.838532 9.10528 15.4495
158.9 42.7313 0.833598 9.06249 15.4544
159 42.6478 0.828686 9.0197 15.4593
159.1 42.5635 0.823796 8.9769 15.4642
159.2 42.4784 0.818929 8.9341 15.4691
159.3 42.3925 0.814084 8.8913 15.4739
159.4 42.3058 0.809261 8.8485 15.4787
159.5 42.2183 0.804461 8.80569 15.4835
159.6 42.1299 0.799683 8.76289 15.4883
159.7 42.0408 0.794928 8.72008 15.4931
159.8 41.9508 0.790194 8.67727 15.4978
159.9 41.8599 0.785484 8.63445 15.5025
160 41.7682 0.780795 8.59164 15.5072
160.1 41.6757 0.776129 8.54882 15.5119
160.2 41.5823 0.771486 8.506 15.5165
160.3 41.4881 0.766865 8.46318 15.5211
160.4 41.3929 0.762266 8.42035 15.5257
160.5 41.2969 0.75769 8.37752 15.5303
160.6 41.2 0.753136 8.3347 15.5349
160.7 41.1023 0.748605 8.29186 15.5394
160.8 41.0036 0.744097 8.24903 15.5439
160.9 40.904 0.739611 8.2062 15.5484
161 40.8035 0.735147 8.16336 15.5529
161.1 40.7022 0.730706 8.12052 15.5573
161.2 40.5998 0.726288 8.07768 15.5617
161.3 40.4966 0.721892 8.03484 15.5661
161.4 40.3924 0.717519 7.99199 15.5705
161.5 40.2873 0.713169 7.94915 15.5748
161.6 40.1813 0.708841 7.9063 15.5792
161.7 40.0742 0.704535 7.86345 15.5835
161.8 39.9663 0.700253 7.82059 15.5877
161.9 39.8573 0.695993 7.77774 15.592
162 39.7474 0.691756 7.73488 15.5962
162.1 39.6365 0.687541 7.69202 15.6005
162.2 39.5246 0.683349 7.64916 15.6047
162.3 39.4118 0.67918 7.6063 15.6088
162.4 39.2979 0.675034 7.56343 15.613
162.5 39.183 0.67091 7.52057 15.6171
162.6 39.0671 0.66681 7.4777 15.6212
162.7 38.9502 0.662732 7.43483 15.6253
162.8 38.8323 0.658676 7.39196 15.6293
162.9 38.7133 0.654644 7.34908 15.6334
163 38.5933 0.650634 7.30621 15.6374
163.1 38.4722 0.646647 7.26333 15.6414
163.2 38.3501 0.642683 7.22045 15.6453
163.3 38.2269 0.638742 7.17757 15.6493
163.4 38.1027 0.634824 7.13469 15.6532
163.5 37.9773 0.630929 7.0918 15.6571
163.6 37.8509 0.627056 7.04892 15.6609
163.7 37.7234 0.623207 7.00603 15.6648
163.8 37.5948 0.61938 6.96314 15.6686
163.9 37.4651 0.615576 6.92025 15.6724
164 37.3343 0.611795 6.87736 15.6762
164.1 37.2024 0.608037 6.83446 15.68
164.2 37.0693 0.604302 6.79156 15.6837
164.3 36.9351 0.60059 6.74867 15.6874
164.4 36.7998 0.596901 6.70577 15.6911
164.5 36.6633 0.593235 6.66287 15.6948
164.6 36.5257 0.589592 6.61996 15.6984
164.7 36.3869 0.585972 6.57706 15.702
164.8 36.247 0.582375 6.53415 15.7056
164.9 36.1059 0.578801 6.49124 15.7092
165 35.9636 0.57525 6.44833 15.7127
165.1 35.8201 0.571723 6.40542 15.7163
165.2 35.6754 0.568218 6.36251 15.7198
165.3 35.5295 0.564736 6.3196 15.7233
165.4 35.3825 0.561277 6.27668 15.7267
165.5 35.2341 0.557842 6.23376 15.7302
165.6 35.0846 0.554429 6.19084 15.7336
165.7 34.9339 0.55104 6.14792 15.737
165.8 34.7819 0.547674 6.105 15.7403
165.9 34.6287 0.544331 6.06208 15.7437
166 34.4742 0.541011 6.01915 15.747
166.1 34.3185 0.537714 5.97623 15.7503
166.2 34.1615 0.534441 5.9333 15.7536
166.3 34.0032 0.53119 5.89037 15.7568
166.4 33.8437 0.527963 5.84744 15.76
166.5 33.6829 0.524759 5.80451 15.7632
166.6 33.5208 0.521578 5.76157 15.7664
166.7 33.3574 0.518421 5.71864 15.7696
166.8 33.1927 0.515286 5.6757 15.7727
166.9 33.0267 0.512175 5.63276 15.7758
167 32.8594 0.509087 5.58982 15.7789
167.1 32.6908 0.506023 5.54688 15.782
167.2 32.5208 0.502981 5.50394 15.785
167.3 32.3496 0.499963 5.461 15.788
167.4 32.177 0.496969 5.41805 15.791
167.5 32.003 0.493997 5.37511 15.794
167.6 31.8277 0.491049 5.33216 15.797
167.7 31.6511 0.488124 5.28921 15.7999
167.8 31.4731 0.485222 5.24626 15.8028
167.9 31.2937 0.482344 5.20331 15.8057
168 31.113 0.479489 5.16036 15.8085
168.1 30.9309 0.476658 5.11741 15.8113
168.2 30.7474 0.47385 5.07445 15.8142
168.3 30.5625 0.471065 5.0315 15.8169
168.4 30.3763 0.468303 4.98854 15.8197
168.5 30.1886 0.465565 4.94558 15.8224
168.6 29.9996 0.46285 4.90262 15.8251
168.7 29.8091 0.460159 4.85966 15.8278
168.8 29.6173 0.457491 4.8167 15.8305
168.9 29.424 0.454847 4.77373 15.8332
169 29.2294 0.452226 4.73077 15.8358
169.1 29.0333 0.449628 4.6878 15.8384
169.2 28.8358 0.447054 4.64484 15.8409
169.3 28.6369 0.444503 4.60187 15.8435
169.4 28.4365 0.441976 4.5589 15.846
169.5 28.2348 0.439472 4.51593 15.8485
169.6 28.0316 0.436992 4.47296 15.851
169.7 27.8269 0.434535 4.42999 15.8535
169.8 27.6208 0.432101 4.38701 15.8559
169.9 27.4133 0.429691 4.34404 15.8583
170 27.2044 0.427305 4.30106 15.8607
170.1 26.9939 0.424942 4.25809 15.8631
170.2 26.7821 0.422603 4.21511 15.8654
170.3 26.5688 0.420287 4.17213 15.8677
170.4 26.3541 0.417995 4.12915 15.87
170.5 26.1379 0.415726 4.08617 15.8723
170.6 25.9202 0.41348 4.04319 15.8745
170.7 25.7011 0.411259 4.00021 15.8767
170.8 25.4806 0.40906 3.95722 15.8789
170.9 25.2586 0.406886 3.91424 15.8811
171 25.0352 0.404735 3.87125 15.8833
171.1 24.8103 0.402607 3.82827 15.8854
171.2 24.584 0.400503 3.78528 15.8875
171.3 24.3562 0.398423 3.74229 15.8896
171.4 24.1269 0.396366 3.6993 15.8916
171.5 23.8963 0.394333 3.65631 15.8937
171.6 23.6641 0.392324 3.61332 15.8957
171.7 23.4306 0.390338 3.57033 15.8977
171.8 23.1956 0.388376 3.52734 15.8996
171.9 22.9592 0.386437 3.48434 15.9016
172 22.7213 0.384522 3.44135 15.9035
172.1 22.482 0.38263 3.39835 15.9054
172.2 22.2413 0.380763 3.35536 15.9072
172.3 21.9992 0.378919 3.31236 15.9091
172.4 21.7556 0.377098 3.26936 15.9109
172.5 21.5106 0.375301 3.22637 15.9127
172.6 21.2643 0.373528 3.18337 15.9145
172.7 21.0165 0.371779 3.14037 15.9162
172.8 20.7673 0.370053 3.09737 15.9179
172.9 20.5168 0.368351 3.05436 15.9196
173 20.2649 0.366672 3.01136 15.9213
173.1 20.0115 0.365018 2.96836 15.923
173.2 19.7569 0.363387 2.92536 15.9246
173.3 19.5008 0.361779 2.88235 15.9262
173.4 19.2434 0.360196 2.83935 15.9278
173.5 18.9847 0.358636 2.79634 15.9294
173.6 18.7246 0.3571 2.75333 15.9309
173.7 18.4632 0.355587 2.71033 15.9324
173.8 18.2005 0.354098 2.66732 15.9339
173.9 17.9365 0.352633 2.62431 15.9354
174 17.6712 0.351192 2.5813 15.9368
174.1 17.4046 0.349774 2.53829 15.9382
174.2 17.1367 0.348381 2.49528 15.9396
174.3 16.8675 0.34701 2.45227 15.941
174.4 16.5971 0.345664 2.40926 15.9423
174.5 16.3255 0.344342 2.36625 15.9437
174.6 16.0526 0.343043 2.32324 15.945
174.7 15.7786 0.341768 2.28022 15.9462
174.8 15.5033 0.340516 2.23721 15.9475
174.9 15.2268 0.339289 2.19419 15.9487
175 14.9492 0.338085 2.15118 15.9499
175.1 14.6704 0.336905 2.10816 15.9511
175.2 14.3905 0.335749 2.06515 15.9523
175.3 14.1094 0.334616 2.02213 15.9534
175.4 13.8272 0.333508 1.97912 15.9545
175.5 13.544 0.332423 1.9361 15.9556
175.6 13.2596 0.331362 1.89308 15.9566
175.7 12.9742 0.330325 1.85006 15.9577
175.8 12.6878 0.329311 1.80704 15.9587
175.9 12.4003 0.328322 1.76403 15.9597
176 12.1118 0.327356 1.72101 15.9606
176.1 11.8224 0.326414 1.67799 15.9616
176.2 11.5319 0.325496 1.63497 15.9625
176.3 11.2405 0.324601 1.59195 15.9634
176.4 10.9482 0.323731 1.54892 15.9643
176.5 10.655 0.322884 1.5059 15.9651
176.6 10.3609 0.322061 1.46288 15.9659
176.7 10.0659 0.321262 1.41986 15.9667
176.8 9.77011 0.320486 1.37684 15.9675
176.9 9.47346 0.319735 1.33381 15.9683
177 9.17601 0.319007 1.29079 15.969
177.1 8.87778 0.318304 1.24777 15.9697
177.2 8.57879 0.317624 1.20474 15.9704
177.3 8.27906 0.316968 1.16172 15.971
177.4 7.97863 0.316335 1.1187 15.9717
177.5 7.67751 0.315727 1.07567 15.9723
177.6 7.37572 0.315142 1.03265 15.9729
177.7 7.07329 0.314582 0.989621 15.9734
177.8 6.77025 0.314045 0.946596 15.974
177.9 6.46662 0.313532 0.90357 15.9745
178 6.16242 0.313042 0.860544 15.975
178.1 5.85768 0.312577 0.817518 15.9754
178.2 5.55242 0.312136 0.774492 15.9759
178.3 5.24668 0.311718 0.731466 15.9763
178.4 4.94047 0.311324 0.688439 15.9767
178.5 4.63383 0.310954 0.645413 15.977
178.6 4.32678 0.310608 0.602386 15.9774
178.7 4.01934 0.310286 0.559359 15.9777
178.8 3.71154 0.309988 0.516332 15.978
178.9 3.40341 0.309713 0.473305 15.9783
179 3.09498 0.309463 0.430277 15.9785
179.1 2.78628 0.309236 0.38725 15.9788
179.2 2.47732 0.309033 0.344222 15.979
179.3 2.16814 0.308854 0.301195 15.9791
179.4 1.85877 0.308699 0.258167 15.9793
179.5 1.54923 0.308568 0.215139 15.9794
179.6 1.23955 0.30846 0.172112 15.9795
179.7 0.92976 0.308377 0.129084 15.9796
179.8 0.619886 0.308317 0.0860558 15.9797
179.9 0.309957 0.308281 0.0430279 15.9797
