#kinematics calculation of gsex
#vertex z = 400 mm, E_reaction = 46.046 MeV
#theta_cm, theta3_lab, Ek3_lab, theta4_lab, Ek4_lab
0 0 41.4865 0 0.11948
0.1 0.0472804 41.4865 0.881581 0.119512
0.2 0.0945609 41.4864 1.76267 0.119606
0.3 0.141841 41.4862 2.64278 0.119764
0.4 0.189122 41.486 3.52142 0.119984
0.5 0.236402 41.4857 4.39812 0.120268
0.6 0.283683 41.4854 5.27239 0.120614
0.7 0.330963 41.485 6.14377 0.121024
0.8 0.378243 41.4845 7.0118 0.121496
0.9 0.425524 41.484 7.87602 0.122032
1 0.472804 41.4834 8.73601 0.12263
1.1 0.520084 41.4827 9.59134 0.123292
1.2 0.567364 41.482 10.4416 0.124016
1.3 0.614644 41.4812 11.2864 0.124804
1.4 0.661924 41.4803 12.1253 0.125655
1.5 0.709204 41.4794 12.958 0.126568
1.6 0.756484 41.4785 13.7842 0.127544
1.7 0.803764 41.4774 14.6034 0.128584
1.8 0.851044 41.4763 15.4155 0.129686
1.9 0.898324 41.4751 16.22 0.130852
2 0.945604 41.4739 17.0168 0.13208
2.1 0.992883 41.4726 17.8055 0.133372
2.2 1.04016 41.4713 18.5859 0.134726
2.3 1.08744 41.4699 19.3579 0.136143
2.4 1.13472 41.4684 20.1211 0.137623
2.5 1.182 41.4668 20.8755 0.139167
2.6 1.22928 41.4652 21.6208 0.140773
2.7 1.27656 41.4636 22.3569 0.142442
2.8 1.32384 41.4618 23.0837 0.144174
2.9 1.37112 41.46 23.801 0.145969
3 1.4184 41.4582 24.5088 0.147827
3.1 1.46567 41.4563 25.207 0.149748
3.2 1.51295 41.4543 25.8955 0.151731
3.3 1.56023 41.4522 26.5742 0.153778
3.4 1.60751 41.4501 27.2432 0.155887
3.5 1.65479 41.4479 27.9024 0.15806
3.6 1.70207 41.4457 28.5517 0.160295
3.7 1.74934 41.4434 29.1912 0.162593
3.8 1.79662 41.441 29.8209 0.164954
3.9 1.8439 41.4386 30.4408 0.167378
4 1.89118 41.4361 31.051 0.169865
4.1 1.93845 41.4336 31.6515 0.172415
4.2 1.98573 41.431 32.2422 0.175027
4.3 2.03301 41.4283 32.8234 0.177703
4.4 2.08028 41.4256 33.3951 0.180441
4.5 2.12756 41.4228 33.9572 0.183242
4.6 2.17484 41.4199 34.51 0.186106
4.7 2.22211 41.417 35.0535 0.189032
4.8 2.26939 41.414 35.5877 0.192022
4.9 2.31666 41.4109 36.1129 0.195074
5 2.36394 41.4078 36.629 0.198189
5.1 2.41122 41.4046 37.1362 0.201367
5.2 2.45849 41.4014 37.6346 0.204607
5.3 2.50577 41.3981 38.1243 0.20791
5.4 2.55304 41.3947 38.6054 0.211276
5.5 2.60032 41.3913 39.078 0.214705
5.6 2.64759 41.3878 39.5423 0.218196
5.7 2.69486 41.3842 39.9984 0.221751
5.8 2.74214 41.3806 40.4463 0.225367
5.9 2.78941 41.377 40.8862 0.229047
6 2.83669 41.3732 41.3183 0.232789
6.1 2.88396 41.3694 41.7426 0.236594
6.2 2.93123 41.3655 42.1592 0.240461
6.3 2.9785 41.3616 42.5684 0.244391
6.4 3.02578 41.3576 42.9702 0.248384
6.5 3.07305 41.3536 43.3647 0.25244
6.6 3.12032 41.3494 43.7521 0.256558
6.7 3.16759 41.3453 44.1325 0.260738
6.8 3.21486 41.341 44.5059 0.264981
6.9 3.26214 41.3367 44.8726 0.269287
7 3.30941 41.3323 45.2327 0.273655
7.1 3.35668 41.3279 45.5862 0.278086
7.2 3.40395 41.3234 45.9332 0.282579
7.3 3.45122 41.3189 46.274 0.287135
7.4 3.49849 41.3142 46.6086 0.291753
7.5 3.54576 41.3096 46.9371 0.296434
7.6 3.59303 41.3048 47.2596 0.301178
7.7 3.6403 41.3 47.5762 0.305983
7.8 3.68756 41.2951 47.8871 0.310851
7.9 3.73483 41.2902 48.1924 0.315782
8 3.7821 41.2852 48.4921 0.320775
8.1 3.82937 41.2802 48.7864 0.32583
8.2 3.87664 41.2751 49.0754 0.330948
8.3 3.9239 41.2699 49.3591 0.336128
8.4 3.97117 41.2646 49.6377 0.341371
8.5 4.01844 41.2593 49.9112 0.346676
8.6 4.0657 41.254 50.1799 0.352043
8.7 4.11297 41.2485 50.4436 0.357472
8.8 4.16023 41.243 50.7026 0.362964
8.9 4.2075 41.2375 50.957 0.368518
9 4.25476 41.2319 51.2067 0.374134
9.1 4.30203 41.2262 51.452 0.379812
9.2 4.34929 41.2204 51.6928 0.385553
9.3 4.39655 41.2146 51.9294 0.391356
9.4 4.44382 41.2088 52.1617 0.397221
9.5 4.49108 41.2029 52.3898 0.403148
9.6 4.53834 41.1969 52.6139 0.409138
9.7 4.58561 41.1908 52.8339 0.415189
9.8 4.63287 41.1847 53.05 0.421303
9.9 4.68013 41.1785 53.2623 0.427478
10 4.72739 41.1723 53.4708 0.433716
10.1 4.77465 41.166 53.6756 0.440016
10.2 4.82191 41.1596 53.8767 0.446378
10.3 4.86917 41.1532 54.0743 0.452801
10.4 4.91643 41.1467 54.2683 0.459287
10.5 4.96369 41.1402 54.459 0.465835
10.6 5.01095 41.1336 54.6462 0.472445
10.7 5.0582 41.1269 54.8301 0.479116
10.8 5.10546 41.1202 55.0108 0.48585
10.9 5.15272 41.1134 55.1883 0.492645
11 5.19998 41.1065 55.3627 0.499503
11.1 5.24723 41.0996 55.534 0.506422
11.2 5.29449 41.0926 55.7023 0.513403
11.3 5.34174 41.0856 55.8676 0.520446
11.4 5.389 41.0784 56.03 0.52755
11.5 5.43625 41.0713 56.1895 0.534717
11.6 5.48351 41.0641 56.3463 0.541945
11.7 5.53076 41.0568 56.5003 0.549235
11.8 5.57801 41.0494 56.6516 0.556586
11.9 5.62527 41.042 56.8002 0.563999
12 5.67252 41.0345 56.9462 0.571474
12.1 5.71977 41.027 57.0897 0.579011
12.2 5.76702 41.0194 57.2307 0.586609
12.3 5.81427 41.0117 57.3692 0.594269
12.4 5.86152 41.004 57.5053 0.60199
12.5 5.90877 40.9962 57.6389 0.609773
12.6 5.95602 40.9884 57.7703 0.617617
12.7 6.00327 40.9805 57.8994 0.625523
12.8 6.05052 40.9725 58.0262 0.63349
12.9 6.09777 40.9645 58.1507 0.641519
13 6.14501 40.9564 58.2731 0.649609
13.1 6.19226 40.9482 58.3934 0.65776
13.2 6.23951 40.94 58.5115 0.665973
13.3 6.28675 40.9318 58.6276 0.674247
13.4 6.334 40.9234 58.7417 0.682583
13.5 6.38124 40.915 58.8537 0.69098
13.6 6.42849 40.9066 58.9638 0.699438
13.7 6.47573 40.898 59.072 0.707957
13.8 6.52297 40.8895 59.1782 0.716538
13.9 6.57022 40.8808 59.2826 0.725179
14 6.61746 40.8721 59.3851 0.733882
14.1 6.6647 40.8634 59.4859 0.742646
14.2 6.71194 40.8545 59.5849 0.751471
14.3 6.75918 40.8456 59.6821 0.760358
14.4 6.80642 40.8367 59.7776 0.769305
14.5 6.85366 40.8277 59.8714 0.778313
14.6 6.9009 40.8186 59.9636 0.787382
14.7 6.94814 40.8095 60.0541 0.796513
14.8 6.99537 40.8003 60.143 0.805704
14.9 7.04261 40.791 60.2303 0.814956
15 7.08985 40.7817 60.3161 0.824269
15.1 7.13708 40.7724 60.4004 0.833643
15.2 7.18432 40.7629 60.4831 0.843078
15.3 7.23155 40.7534 60.5644 0.852573
15.4 7.27878 40.7439 60.6442 0.862129
15.5 7.32602 40.7343 60.7225 0.871746
15.6 7.37325 40.7246 60.7995 0.881424
15.7 7.42048 40.7148 60.875 0.891163
15.8 7.46771 40.705 60.9492 0.900962
15.9 7.51494 40.6952 61.0221 0.910821
16 7.56217 40.6853 61.0936 0.920742
16.1 7.6094 40.6753 61.1638 0.930723
16.2 7.65663 40.6652 61.2327 0.940764
16.3 7.70386 40.6551 61.3004 0.950866
16.4 7.75109 40.645 61.3668 0.961028
16.5 7.79831 40.6347 61.432 0.971251
16.6 7.84554 40.6245 61.4959 0.981534
16.7 7.89276 40.6141 61.5587 0.991878
16.8 7.93999 40.6037 61.6203 1.00228
16.9 7.98721 40.5933 61.6808 1.01275
17 8.03444 40.5827 61.7401 1.02327
17.1 8.08166 40.5721 61.7983 1.03386
17.2 8.12888 40.5615 61.8553 1.0445
17.3 8.1761 40.5508 61.9113 1.05521
17.4 8.22332 40.54 61.9662 1.06597
17.5 8.27054 40.5292 62.0201 1.0768
17.6 8.31776 40.5183 62.0729 1.08768
17.7 8.36498 40.5074 62.1247 1.09863
17.8 8.4122 40.4964 62.1755 1.10963
17.9 8.45941 40.4853 62.2253 1.1207
18 8.50663 40.4742 62.2741 1.13183
18.1 8.55385 40.463 62.3219 1.14301
18.2 8.60106 40.4517 62.3688 1.15426
18.3 8.64827 40.4404 62.4147 1.16556
18.4 8.69549 40.4291 62.4597 1.17693
18.5 8.7427 40.4176 62.5038 1.18835
18.6 8.78991 40.4062 62.547 1.19984
18.7 8.83712 40.3946 62.5893 1.21138
18.8 8.88433 40.383 62.6307 1.22298
18.9 8.93154 40.3714 62.6712 1.23465
19 8.97875 40.3596 62.7109 1.24637
19.1 9.02596 40.3478 62.7498 1.25815
19.2 9.07317 40.336 62.7878 1.27
19.3 9.12037 40.3241 62.825 1.2819
19.4 9.16758 40.3121 62.8614 1.29386
19.5 9.21478 40.3001 62.897 1.30588
19.6 9.26199 40.288 62.9318 1.31796
19.7 9.30919 40.2759 62.9659 1.3301
19.8 9.35639 40.2637 62.9991 1.3423
19.9 9.40359 40.2514 63.0316 1.35456
20 9.4508 40.2391 63.0634 1.36688
20.1 9.498 40.2267 63.0944 1.37925
20.2 9.54519 40.2143 63.1247 1.39169
20.3 9.59239 40.2018 63.1543 1.40418
20.4 9.63959 40.1893 63.1832 1.41674
20.5 9.68679 40.1766 63.2114 1.42935
20.6 9.73398 40.164 63.2389 1.44202
20.7 9.78118 40.1512 63.2657 1.45475
20.8 9.82837 40.1385 63.2919 1.46754
20.9 9.87556 40.1256 63.3173 1.48039
21 9.92276 40.1127 63.3422 1.4933
21.1 9.96995 40.0997 63.3663 1.50627
21.2 10.0171 40.0867 63.3899 1.51929
21.3 10.0643 40.0736 63.4128 1.53238
21.4 10.1115 40.0605 63.4351 1.54552
21.5 10.1587 40.0473 63.4568 1.55872
21.6 10.2059 40.034 63.4778 1.57198
21.7 10.2531 40.0207 63.4983 1.5853
21.8 10.3003 40.0073 63.5182 1.59868
21.9 10.3474 39.9939 63.5375 1.61211
22 10.3946 39.9804 63.5562 1.62561
22.1 10.4418 39.9668 63.5744 1.63916
22.2 10.489 39.9532 63.592 1.65277
22.3 10.5362 39.9396 63.609 1.66644
22.4 10.5834 39.9258 63.6255 1.68017
22.5 10.6305 39.912 63.6414 1.69395
22.6 10.6777 39.8982 63.6568 1.7078
22.7 10.7249 39.8843 63.6717 1.7217
22.8 10.7721 39.8703 63.6861 1.73566
22.9 10.8192 39.8563 63.6999 1.74968
23 10.8664 39.8422 63.7132 1.76375
23.1 10.9136 39.8281 63.7261 1.77789
23.2 10.9608 39.8139 63.7384 1.79208
23.3 11.0079 39.7997 63.7502 1.80633
23.4 11.0551 39.7854 63.7616 1.82064
23.5 11.1023 39.771 63.7724 1.83501
23.6 11.1494 39.7566 63.7828 1.84943
23.7 11.1966 39.7421 63.7927 1.86391
23.8 11.2438 39.7275 63.8022 1.87845
23.9 11.2909 39.713 63.8112 1.89305
24 11.3381 39.6983 63.8197 1.9077
24.1 11.3853 39.6836 63.8278 1.92241
24.2 11.4324 39.6688 63.8354 1.93718
24.3 11.4796 39.654 63.8426 1.95201
24.4 11.5268 39.6391 63.8494 1.9669
24.5 11.5739 39.6242 63.8557 1.98184
24.6 11.6211 39.6092 63.8617 1.99684
24.7 11.6682 39.5941 63.8672 2.01189
24.8 11.7154 39.579 63.8722 2.02701
24.9 11.7625 39.5638 63.8769 2.04218
25 11.8097 39.5486 63.8812 2.05741
25.1 11.8568 39.5333 63.885 2.07269
25.2 11.904 39.518 63.8885 2.08803
25.3 11.9512 39.5026 63.8916 2.10343
25.4 11.9983 39.4871 63.8943 2.11889
25.5 12.0455 39.4716 63.8966 2.1344
25.6 12.0926 39.456 63.8985 2.14997
25.7 12.1397 39.4404 63.9001 2.1656
25.8 12.1869 39.4247 63.9012 2.18128
25.9 12.234 39.409 63.902 2.19702
26 12.2812 39.3932 63.9025 2.21282
26.1 12.3283 39.3773 63.9026 2.22867
26.2 12.3755 39.3614 63.9023 2.24458
26.3 12.4226 39.3454 63.9017 2.26055
26.4 12.4697 39.3294 63.9007 2.27657
26.5 12.5169 39.3133 63.8994 2.29265
26.6 12.564 39.2972 63.8977 2.30879
26.7 12.6112 39.281 63.8957 2.32498
26.8 12.6583 39.2648 63.8934 2.34123
26.9 12.7054 39.2485 63.8908 2.35754
27 12.7526 39.2321 63.8878 2.3739
27.1 12.7997 39.2157 63.8845 2.39031
27.2 12.8468 39.1992 63.8808 2.40679
27.3 12.8939 39.1827 63.8769 2.42332
27.4 12.9411 39.1661 63.8726 2.4399
27.5 12.9882 39.1495 63.8681 2.45654
27.6 13.0353 39.1328 63.8632 2.47324
27.7 13.0825 39.116 63.858 2.48999
27.8 13.1296 39.0992 63.8525 2.5068
27.9 13.1767 39.0823 63.8467 2.52367
28 13.2238 39.0654 63.8407 2.54059
28.1 13.2709 39.0484 63.8343 2.55756
28.2 13.3181 39.0314 63.8276 2.57459
28.3 13.3652 39.0143 63.8207 2.59168
28.4 13.4123 38.9972 63.8135 2.60882
28.5 13.4594 38.98 63.8059 2.62602
28.6 13.5065 38.9627 63.7982 2.64328
28.7 13.5536 38.9454 63.7901 2.66058
28.8 13.6007 38.9281 63.7818 2.67795
28.9 13.6478 38.9106 63.7732 2.69537
29 13.695 38.8932 63.7643 2.71284
29.1 13.7421 38.8756 63.7551 2.73037
29.2 13.7892 38.858 63.7457 2.74795
29.3 13.8363 38.8404 63.7361 2.76559
29.4 13.8834 38.8227 63.7262 2.78329
29.5 13.9305 38.805 63.716 2.80104
29.6 13.9776 38.7872 63.7056 2.81884
29.7 14.0247 38.7693 63.6949 2.8367
29.8 14.0718 38.7514 63.684 2.85461
29.9 14.1189 38.7334 63.6728 2.87258
30 14.166 38.7154 63.6614 2.89061
30.1 14.2131 38.6973 63.6498 2.90868
30.2 14.2602 38.6792 63.6379 2.92681
30.3 14.3073 38.661 63.6257 2.945
30.4 14.3543 38.6428 63.6134 2.96324
30.5 14.4014 38.6245 63.6008 2.98154
30.6 14.4485 38.6061 63.588 2.99989
30.7 14.4956 38.5877 63.5749 3.01829
30.8 14.5427 38.5693 63.5617 3.03675
30.9 14.5898 38.5507 63.5482 3.05526
31 14.6369 38.5322 63.5345 3.07383
31.1 14.6839 38.5136 63.5205 3.09245
31.2 14.731 38.4949 63.5064 3.11112
31.3 14.7781 38.4762 63.492 3.12985
31.4 14.8252 38.4574 63.4774 3.14863
31.5 14.8723 38.4385 63.4626 3.16747
31.6 14.9193 38.4196 63.4476 3.18635
31.7 14.9664 38.4007 63.4324 3.2053
31.8 15.0135 38.3817 63.417 3.22429
31.9 15.0605 38.3627 63.4014 3.24334
32 15.1076 38.3436 63.3856 3.26245
32.1 15.1547 38.3244 63.3696 3.2816
32.2 15.2017 38.3052 63.3534 3.30081
32.3 15.2488 38.2859 63.337 3.32008
32.4 15.2959 38.2666 63.3203 3.3394
32.5 15.3429 38.2472 63.3035 3.35877
32.6 15.39 38.2278 63.2866 3.37819
32.7 15.4371 38.2083 63.2694 3.39766
32.8 15.4841 38.1888 63.252 3.41719
32.9 15.5312 38.1692 63.2345 3.43678
33 15.5782 38.1496 63.2167 3.45641
33.1 15.6253 38.1299 63.1988 3.4761
33.2 15.6723 38.1102 63.1807 3.49584
33.3 15.7194 38.0904 63.1624 3.51563
33.4 15.7664 38.0705 63.1439 3.53548
33.5 15.8135 38.0506 63.1253 3.55538
33.6 15.8605 38.0307 63.1065 3.57533
33.7 15.9076 38.0107 63.0875 3.59533
33.8 15.9546 37.9906 63.0683 3.61539
33.9 16.0017 37.9705 63.049 3.6355
34 16.0487 37.9503 63.0295 3.65566
34.1 16.0957 37.9301 63.0098 3.67587
34.2 16.1428 37.9099 62.99 3.69614
34.3 16.1898 37.8895 62.97 3.71646
34.4 16.2368 37.8692 62.9498 3.73683
34.5 16.2839 37.8488 62.9295 3.75725
34.6 16.3309 37.8283 62.909 3.77772
34.7 16.3779 37.8078 62.8883 3.79825
34.8 16.425 37.7872 62.8675 3.81882
34.9 16.472 37.7665 62.8466 3.83945
35 16.519 37.7459 62.8255 3.86013
35.1 16.566 37.7251 62.8042 3.88086
35.2 16.6131 37.7044 62.7827 3.90165
35.3 16.6601 37.6835 62.7612 3.92248
35.4 16.7071 37.6626 62.7394 3.94337
35.5 16.7541 37.6417 62.7176 3.96431
35.6 16.8011 37.6207 62.6955 3.9853
35.7 16.8481 37.5997 62.6733 4.00634
35.8 16.8951 37.5786 62.651 4.02743
35.9 16.9422 37.5574 62.6285 4.04857
36 16.9892 37.5362 62.6059 4.06977
36.1 17.0362 37.515 62.5832 4.09101
36.2 17.0832 37.4937 62.5603 4.11231
36.3 17.1302 37.4723 62.5372 4.13365
36.4 17.1772 37.451 62.5141 4.15505
36.5 17.2242 37.4295 62.4908 4.1765
36.6 17.2712 37.408 62.4673 4.198
36.7 17.3182 37.3865 62.4437 4.21954
36.8 17.3652 37.3649 62.42 4.24114
36.9 17.4122 37.3432 62.3961 4.26279
37 17.4592 37.3215 62.3721 4.2845
37.1 17.5062 37.2998 62.348 4.30625
37.2 17.5531 37.278 62.3238 4.32805
37.3 17.6001 37.2561 62.2994 4.3499
37.4 17.6471 37.2342 62.2749 4.3718
37.5 17.6941 37.2122 62.2503 4.39375
37.6 17.7411 37.1902 62.2255 4.41575
37.7 17.7881 37.1682 62.2006 4.4378
37.8 17.835 37.1461 62.1756 4.45991
37.9 17.882 37.1239 62.1504 4.48206
38 17.929 37.1017 62.1252 4.50426
38.1 17.976 37.0795 62.0998 4.52651
38.2 18.0229 37.0572 62.0743 4.54881
38.3 18.0699 37.0348 62.0487 4.57116
38.4 18.1169 37.0124 62.0229 4.59356
38.5 18.1638 36.99 61.9971 4.616
38.6 18.2108 36.9675 61.9711 4.6385
38.7 18.2578 36.945 61.945 4.66105
38.8 18.3047 36.9224 61.9188 4.68365
38.9 18.3517 36.8997 61.8925 4.70629
39 18.3986 36.877 61.866 4.72898
39.1 18.4456 36.8543 61.8395 4.75173
39.2 18.4926 36.8315 61.8128 4.77452
39.3 18.5395 36.8086 61.786 4.79736
39.4 18.5865 36.7857 61.7591 4.82025
39.5 18.6334 36.7628 61.7321 4.84319
39.6 18.6804 36.7398 61.705 4.86618
39.7 18.7273 36.7168 61.6778 4.88921
39.8 18.7742 36.6937 61.6505 4.91229
39.9 18.8212 36.6706 61.6231 4.93543
40 18.8681 36.6474 61.5955 4.95861
40.1 18.9151 36.6242 61.5679 4.98184
40.2 18.962 36.6009 61.5402 5.00511
40.3 19.0089 36.5776 61.5123 5.02844
40.4 19.0559 36.5542 61.4844 5.05181
40.5 19.1028 36.5308 61.4563 5.07523
40.6 19.1497 36.5073 61.4282 5.0987
40.7 19.1966 36.4838 61.3999 5.12222
40.8 19.2436 36.4602 61.3716 5.14578
40.9 19.2905 36.4366 61.3431 5.1694
41 19.3374 36.4129 61.3146 5.19306
41.1 19.3843 36.3892 61.2859 5.21677
41.2 19.4312 36.3655 61.2572 5.24052
41.3 19.4782 36.3417 61.2283 5.26432
41.4 19.5251 36.3178 61.1994 5.28817
41.5 19.572 36.2939 61.1704 5.31207
41.6 19.6189 36.27 61.1412 5.33601
41.7 19.6658 36.246 61.112 5.36001
41.8 19.7127 36.222 61.0827 5.38404
41.9 19.7596 36.1979 61.0533 5.40813
42 19.8065 36.1737 61.0238 5.43226
42.1 19.8534 36.1496 60.9942 5.45644
42.2 19.9003 36.1253 60.9645 5.48067
42.3 19.9472 36.1011 60.9348 5.50494
42.4 19.9941 36.0767 60.9049 5.52926
42.5 20.041 36.0524 60.875 5.55363
42.6 20.0879 36.028 60.8449 5.57804
42.7 20.1348 36.0035 60.8148 5.6025
42.8 20.1816 35.979 60.7846 5.627
42.9 20.2285 35.9544 60.7543 5.65155
43 20.2754 35.9299 60.7239 5.67615
43.1 20.3223 35.9052 60.6935 5.70079
43.2 20.3692 35.8805 60.6629 5.72548
43.3 20.416 35.8558 60.6323 5.75022
43.4 20.4629 35.831 60.6016 5.775
43.5 20.5098 35.8062 60.5708 5.79983
43.6 20.5566 35.7813 60.5399 5.8247
43.7 20.6035 35.7564 60.5089 5.84962
43.8 20.6504 35.7314 60.4779 5.87458
43.9 20.6972 35.7064 60.4468 5.89959
44 20.7441 35.6814 60.4156 5.92464
44.1 20.7909 35.6563 60.3843 5.94974
44.2 20.8378 35.6311 60.3529 5.97489
44.3 20.8847 35.6059 60.3215 6.00008
44.4 20.9315 35.5807 60.29 6.02532
44.5 20.9784 35.5554 60.2584 6.0506
44.6 21.0252 35.5301 60.2267 6.07592
44.7 21.072 35.5047 60.1949 6.10129
44.8 21.1189 35.4793 60.1631 6.12671
44.9 21.1657 35.4538 60.1312 6.15217
45 21.2126 35.4283 60.0992 6.17767
45.1 21.2594 35.4028 60.0672 6.20322
45.2 21.3062 35.3772 60.0351 6.22881
45.3 21.3531 35.3515 60.0029 6.25445
45.4 21.3999 35.3259 59.9706 6.28013
45.5 21.4467 35.3001 59.9383 6.30586
45.6 21.4936 35.2744 59.9058 6.33163
45.7 21.5404 35.2486 59.8734 6.35745
45.8 21.5872 35.2227 59.8408 6.38331
45.9 21.634 35.1968 59.8082 6.40921
46 21.6808 35.1708 59.7755 6.43515
46.1 21.7276 35.1449 59.7427 6.46114
46.2 21.7745 35.1188 59.7099 6.48718
46.3 21.8213 35.0927 59.677 6.51326
46.4 21.8681 35.0666 59.644 6.53938
46.5 21.9149 35.0405 59.6109 6.56554
46.6 21.9617 35.0143 59.5778 6.59175
46.7 22.0085 34.988 59.5447 6.618
46.8 22.0553 34.9617 59.5114 6.6443
46.9 22.1021 34.9354 59.4781 6.67063
47 22.1489 34.909 59.4447 6.69701
47.1 22.1956 34.8826 59.4113 6.72344
47.2 22.2424 34.8561 59.3778 6.7499
47.3 22.2892 34.8296 59.3442 6.77641
47.4 22.336 34.803 59.3106 6.80296
47.5 22.3828 34.7764 59.2769 6.82956
47.6 22.4296 34.7498 59.2431 6.8562
47.7 22.4763 34.7231 59.2093 6.88288
47.8 22.5231 34.6964 59.1754 6.9096
47.9 22.5699 34.6696 59.1414 6.93636
48 22.6167 34.6428 59.1074 6.96317
48.1 22.6634 34.616 59.0734 6.99002
48.2 22.7102 34.5891 59.0392 7.01691
48.3 22.7569 34.5622 59.005 7.04384
48.4 22.8037 34.5352 58.9708 7.07082
48.5 22.8505 34.5082 58.9365 7.09783
48.6 22.8972 34.4811 58.9021 7.12489
48.7 22.944 34.454 58.8676 7.15199
48.8 22.9907 34.4269 58.8331 7.17913
48.9 23.0375 34.3997 58.7986 7.20632
49 23.0842 34.3725 58.764 7.23354
49.1 23.1309 34.3452 58.7293 7.26081
49.2 23.1777 34.3179 58.6946 7.28811
49.3 23.2244 34.2905 58.6598 7.31546
49.4 23.2712 34.2631 58.625 7.34285
49.5 23.3179 34.2357 58.5901 7.37028
49.6 23.3646 34.2082 58.5551 7.39775
49.7 23.4113 34.1807 58.5201 7.42527
49.8 23.4581 34.1532 58.485 7.45282
49.9 23.5048 34.1256 58.4499 7.48041
50 23.5515 34.098 58.4147 7.50805
50.1 23.5982 34.0703 58.3795 7.53572
50.2 23.6449 34.0426 58.3442 7.56344
50.3 23.6917 34.0148 58.3089 7.59119
50.4 23.7384 33.987 58.2735 7.61899
50.5 23.7851 33.9592 58.238 7.64682
50.6 23.8318 33.9313 58.2025 7.6747
50.7 23.8785 33.9034 58.167 7.70262
50.8 23.9252 33.8754 58.1314 7.73057
50.9 23.9719 33.8474 58.0957 7.75857
51 24.0186 33.8194 58.06 7.7866
51.1 24.0652 33.7913 58.0243 7.81468
51.2 24.1119 33.7632 57.9885 7.84279
51.3 24.1586 33.7351 57.9526 7.87095
51.4 24.2053 33.7069 57.9167 7.89914
51.5 24.252 33.6786 57.8807 7.92737
51.6 24.2987 33.6504 57.8447 7.95564
51.7 24.3453 33.622 57.8087 7.98396
51.8 24.392 33.5937 57.7725 8.01231
51.9 24.4387 33.5653 57.7364 8.0407
52 24.4853 33.5369 57.7002 8.06912
52.1 24.532 33.5084 57.6639 8.09759
52.2 24.5787 33.4799 57.6276 8.1261
52.3 24.6253 33.4514 57.5913 8.15464
52.4 24.672 33.4228 57.5549 8.18322
52.5 24.7186 33.3942 57.5184 8.21184
52.6 24.7653 33.3655 57.4819 8.2405
52.7 24.8119 33.3368 57.4454 8.2692
52.8 24.8586 33.3081 57.4088 8.29794
52.9 24.9052 33.2793 57.3722 8.32671
53 24.9518 33.2505 57.3355 8.35552
53.1 24.9985 33.2216 57.2987 8.38437
53.2 25.0451 33.1927 57.262 8.41326
53.3 25.0917 33.1638 57.2251 8.44219
53.4 25.1384 33.1349 57.1883 8.47115
53.5 25.185 33.1059 57.1514 8.50015
53.6 25.2316 33.0768 57.1144 8.52919
53.7 25.2782 33.0477 57.0774 8.55826
53.8 25.3248 33.0186 57.0404 8.58738
53.9 25.3715 32.9895 57.0033 8.61653
54 25.4181 32.9603 56.9662 8.64571
54.1 25.4647 32.9311 56.929 8.67494
54.2 25.5113 32.9018 56.8918 8.7042
54.3 25.5579 32.8725 56.8545 8.7335
54.4 25.6045 32.8432 56.8172 8.76283
54.5 25.6511 32.8138 56.7799 8.7922
54.6 25.6977 32.7844 56.7425 8.82161
54.7 25.7443 32.7549 56.7051 8.85106
54.8 25.7908 32.7255 56.6676 8.88054
54.9 25.8374 32.6959 56.6301 8.91005
55 25.884 32.6664 56.5925 8.93961
55.1 25.9306 32.6368 56.5549 8.9692
55.2 25.9771 32.6072 56.5173 8.99882
55.3 26.0237 32.5775 56.4796 9.02849
55.4 26.0703 32.5478 56.4419 9.05818
55.5 26.1169 32.5181 56.4041 9.08792
55.6 26.1634 32.4883 56.3663 9.11769
55.7 26.21 32.4585 56.3285 9.14749
55.8 26.2565 32.4287 56.2906 9.17733
55.9 26.3031 32.3988 56.2527 9.20721
56 26.3496 32.3689 56.2148 9.23712
56.1 26.3962 32.3389 56.1768 9.26706
56.2 26.4427 32.309 56.1387 9.29704
56.3 26.4893 32.2789 56.1007 9.32706
56.4 26.5358 32.2489 56.0626 9.35711
56.5 26.5823 32.2188 56.0244 9.3872
56.6 26.6289 32.1887 55.9862 9.41732
56.7 26.6754 32.1585 55.948 9.44747
56.8 26.7219 32.1283 55.9097 9.47766
56.9 26.7684 32.0981 55.8714 9.50789
57 26.815 32.0679 55.8331 9.53815
57.1 26.8615 32.0376 55.7947 9.56844
57.2 26.908 32.0072 55.7563 9.59877
57.3 26.9545 31.9769 55.7179 9.62913
57.4 27.001 31.9465 55.6794 9.65953
57.5 27.0475 31.916 55.6409 9.68996
57.6 27.094 31.8856 55.6023 9.72042
57.7 27.1405 31.8551 55.5637 9.75092
57.8 27.187 31.8246 55.5251 9.78145
57.9 27.2335 31.794 55.4864 9.81201
58 27.28 31.7634 55.4477 9.84261
58.1 27.3264 31.7328 55.409 9.87324
58.2 27.3729 31.7021 55.3702 9.90391
58.3 27.4194 31.6714 55.3314 9.93461
58.4 27.4659 31.6407 55.2926 9.96534
58.5 27.5123 31.6099 55.2537 9.9961
58.6 27.5588 31.5791 55.2148 10.0269
58.7 27.6053 31.5483 55.1759 10.0577
58.8 27.6517 31.5174 55.1369 10.0886
58.9 27.6982 31.4865 55.0979 10.1195
59 27.7446 31.4556 55.0589 10.1504
59.1 27.7911 31.4246 55.0198 10.1814
59.2 27.8375 31.3936 54.9807 10.2124
59.3 27.884 31.3626 54.9416 10.2434
59.4 27.9304 31.3316 54.9024 10.2744
59.5 27.9768 31.3005 54.8632 10.3055
59.6 28.0233 31.2693 54.8239 10.3367
59.7 28.0697 31.2382 54.7847 10.3678
59.8 28.1161 31.207 54.7454 10.399
59.9 28.1625 31.1758 54.706 10.4302
60 28.209 31.1445 54.6667 10.4615
60.1 28.2554 31.1133 54.6273 10.4927
60.2 28.3018 31.0819 54.5878 10.5241
60.3 28.3482 31.0506 54.5484 10.5554
60.4 28.3946 31.0192 54.5089 10.5868
60.5 28.441 30.9878 54.4694 10.6182
60.6 28.4874 30.9564 54.4298 10.6496
60.7 28.5338 30.9249 54.3902 10.6811
60.8 28.5802 30.8934 54.3506 10.7126
60.9 28.6266 30.8619 54.311 10.7441
61 28.6729 30.8303 54.2713 10.7757
61.1 28.7193 30.7988 54.2316 10.8072
61.2 28.7657 30.7671 54.1918 10.8389
61.3 28.8121 30.7355 54.1521 10.8705
61.4 28.8584 30.7038 54.1123 10.9022
61.5 28.9048 30.6721 54.0725 10.9339
61.6 28.9512 30.6404 54.0326 10.9656
61.7 28.9975 30.6086 53.9927 10.9974
61.8 29.0439 30.5768 53.9528 11.0292
61.9 29.0902 30.545 53.9129 11.061
62 29.1366 30.5131 53.8729 11.0929
62.1 29.1829 30.4812 53.8329 11.1248
62.2 29.2292 30.4493 53.7929 11.1567
62.3 29.2756 30.4173 53.7528 11.1887
62.4 29.3219 30.3854 53.7127 11.2206
62.5 29.3682 30.3533 53.6726 11.2527
62.6 29.4145 30.3213 53.6325 11.2847
62.7 29.4609 30.2892 53.5923 11.3168
62.8 29.5072 30.2572 53.5521 11.3488
62.9 29.5535 30.225 53.5119 11.381
63 29.5998 30.1929 53.4716 11.4131
63.1 29.6461 30.1607 53.4313 11.4453
63.2 29.6924 30.1285 53.391 11.4775
63.3 29.7387 30.0963 53.3507 11.5097
63.4 29.785 30.064 53.3103 11.542
63.5 29.8313 30.0317 53.2699 11.5743
63.6 29.8776 29.9994 53.2295 11.6066
63.7 29.9238 29.967 53.1891 11.639
63.8 29.9701 29.9346 53.1486 11.6714
63.9 30.0164 29.9022 53.1081 11.7038
64 30.0627 29.8698 53.0676 11.7362
64.1 30.1089 29.8374 53.027 11.7686
64.2 30.1552 29.8049 52.9865 11.8011
64.3 30.2014 29.7723 52.9459 11.8337
64.4 30.2477 29.7398 52.9052 11.8662
64.5 30.2939 29.7072 52.8646 11.8988
64.6 30.3402 29.6746 52.8239 11.9314
64.7 30.3864 29.642 52.7832 11.964
64.8 30.4327 29.6094 52.7425 11.9966
64.9 30.4789 29.5767 52.7017 12.0293
65 30.5251 29.544 52.6609 12.062
65.1 30.5714 29.5112 52.6201 12.0948
65.2 30.6176 29.4785 52.5793 12.1275
65.3 30.6638 29.4457 52.5385 12.1603
65.4 30.71 29.4129 52.4976 12.1931
65.5 30.7562 29.3801 52.4567 12.2259
65.6 30.8024 29.3472 52.4158 12.2588
65.7 30.8486 29.3143 52.3748 12.2917
65.8 30.8948 29.2814 52.3338 12.3246
65.9 30.941 29.2485 52.2928 12.3575
66 30.9872 29.2155 52.2518 12.3905
66.1 31.0334 29.1825 52.2108 12.4235
66.2 31.0796 29.1495 52.1697 12.4565
66.3 31.1257 29.1164 52.1286 12.4896
66.4 31.1719 29.0834 52.0875 12.5226
66.5 31.2181 29.0503 52.0463 12.5557
66.6 31.2642 29.0172 52.0052 12.5888
66.7 31.3104 28.984 51.964 12.622
66.8 31.3565 28.9508 51.9228 12.6552
66.9 31.4027 28.9176 51.8816 12.6884
67 31.4488 28.8844 51.8403 12.7216
67.1 31.495 28.8512 51.799 12.7548
67.2 31.5411 28.8179 51.7577 12.7881
67.3 31.5872 28.7846 51.7164 12.8214
67.4 31.6334 28.7513 51.675 12.8547
67.5 31.6795 28.718 51.6337 12.888
67.6 31.7256 28.6846 51.5923 12.9214
67.7 31.7717 28.6512 51.5509 12.9548
67.8 31.8178 28.6178 51.5094 12.9882
67.9 31.8639 28.5844 51.468 13.0216
68 31.91 28.5509 51.4265 13.0551
68.1 31.9561 28.5174 51.385 13.0886
68.2 32.0022 28.4839 51.3435 13.1221
68.3 32.0483 28.4504 51.3019 13.1556
68.4 32.0944 28.4168 51.2604 13.1892
68.5 32.1405 28.3833 51.2188 13.2227
68.6 32.1865 28.3497 51.1772 13.2563
68.7 32.2326 28.316 51.1355 13.29
68.8 32.2787 28.2824 51.0939 13.3236
68.9 32.3247 28.2487 51.0522 13.3573
69 32.3708 28.215 51.0105 13.391
69.1 32.4168 28.1813 50.9688 13.4247
69.2 32.4629 28.1476 50.9271 13.4584
69.3 32.5089 28.1138 50.8853 13.4922
69.4 32.555 28.08 50.8435 13.526
69.5 32.601 28.0462 50.8017 13.5598
69.6 32.647 28.0124 50.7599 13.5936
69.7 32.693 27.9786 50.7181 13.6274
69.8 32.7391 27.9447 50.6762 13.6613
69.9 32.7851 27.9108 50.6344 13.6952
70 32.8311 27.8769 50.5925 13.7291
70.1 32.8771 27.843 50.5505 13.763
70.2 32.9231 27.809 50.5086 13.797
70.3 32.9691 27.775 50.4666 13.831
70.4 33.0151 27.741 50.4247 13.865
70.5 33.061 27.707 50.3827 13.899
70.6 33.107 27.673 50.3407 13.933
70.7 33.153 27.6389 50.2986 13.9671
70.8 33.199 27.6048 50.2566 14.0012
70.9 33.2449 27.5707 50.2145 14.0353
71 33.2909 27.5366 50.1724 14.0694
71.1 33.3368 27.5025 50.1303 14.1035
71.2 33.3828 27.4683 50.0882 14.1377
71.3 33.4287 27.4341 50.046 14.1719
71.4 33.4747 27.3999 50.0038 14.2061
71.5 33.5206 27.3657 49.9617 14.2403
71.6 33.5665 27.3314 49.9194 14.2746
71.7 33.6125 27.2972 49.8772 14.3088
71.8 33.6584 27.2629 49.835 14.3431
71.9 33.7043 27.2286 49.7927 14.3774
72 33.7502 27.1943 49.7504 14.4117
72.1 33.7961 27.1599 49.7081 14.4461
72.2 33.842 27.1255 49.6658 14.4805
72.3 33.8879 27.0912 49.6235 14.5148
72.4 33.9338 27.0568 49.5811 14.5492
72.5 33.9797 27.0223 49.5388 14.5837
72.6 34.0256 26.9879 49.4964 14.6181
72.7 34.0714 26.9534 49.454 14.6526
72.8 34.1173 26.919 49.4115 14.687
72.9 34.1632 26.8845 49.3691 14.7215
73 34.209 26.85 49.3266 14.756
73.1 34.2549 26.8154 49.2841 14.7906
73.2 34.3007 26.7809 49.2417 14.8251
73.3 34.3466 26.7463 49.1991 14.8597
73.4 34.3924 26.7117 49.1566 14.8943
73.5 34.4382 26.6771 49.1141 14.9289
73.6 34.4841 26.6425 49.0715 14.9635
73.7 34.5299 26.6079 49.0289 14.9981
73.8 34.5757 26.5732 48.9863 15.0328
73.9 34.6215 26.5385 48.9437 15.0675
74 34.6673 26.5038 48.9011 15.1022
74.1 34.7131 26.4691 48.8584 15.1369
74.2 34.7589 26.4344 48.8158 15.1716
74.3 34.8047 26.3996 48.7731 15.2064
74.4 34.8505 26.3649 48.7304 15.2411
74.5 34.8963 26.3301 48.6877 15.2759
74.6 34.942 26.2953 48.6449 15.3107
74.7 34.9878 26.2605 48.6022 15.3455
74.8 35.0336 26.2257 48.5594 15.3803
74.9 35.0793 26.1908 48.5166 15.4152
75 35.1251 26.156 48.4738 15.45
75.1 35.1708 26.1211 48.431 15.4849
75.2 35.2166 26.0862 48.3882 15.5198
75.3 35.2623 26.0513 48.3453 15.5547
75.4 35.308 26.0164 48.3025 15.5896
75.5 35.3538 25.9814 48.2596 15.6246
75.6 35.3995 25.9465 48.2167 15.6595
75.7 35.4452 25.9115 48.1738 15.6945
75.8 35.4909 25.8765 48.1309 15.7295
75.9 35.5366 25.8415 48.0879 15.7645
76 35.5823 25.8065 48.045 15.7995
76.1 35.628 25.7714 48.002 15.8346
76.2 35.6736 25.7364 47.959 15.8696
76.3 35.7193 25.7013 47.916 15.9047
76.4 35.765 25.6662 47.873 15.9398
76.5 35.8107 25.6311 47.8299 15.9749
76.6 35.8563 25.596 47.7869 16.01
76.7 35.902 25.5609 47.7438 16.0451
76.8 35.9476 25.5258 47.7007 16.0802
76.9 35.9933 25.4906 47.6576 16.1154
77 36.0389 25.4554 47.6145 16.1506
77.1 36.0845 25.4203 47.5714 16.1857
77.2 36.1302 25.3851 47.5283 16.2209
77.3 36.1758 25.3498 47.4851 16.2562
77.4 36.2214 25.3146 47.4419 16.2914
77.5 36.267 25.2794 47.3988 16.3266
77.6 36.3126 25.2441 47.3556 16.3619
77.7 36.3582 25.2089 47.3123 16.3971
77.8 36.4038 25.1736 47.2691 16.4324
77.9 36.4493 25.1383 47.2259 16.4677
78 36.4949 25.103 47.1826 16.503
78.1 36.5405 25.0677 47.1393 16.5383
78.2 36.5861 25.0323 47.0961 16.5737
78.3 36.6316 24.997 47.0528 16.609
78.4 36.6772 24.9616 47.0094 16.6444
78.5 36.7227 24.9263 46.9661 16.6797
78.6 36.7682 24.8909 46.9228 16.7151
78.7 36.8138 24.8555 46.8794 16.7505
78.8 36.8593 24.8201 46.8361 16.7859
78.9 36.9048 24.7847 46.7927 16.8213
79 36.9503 24.7492 46.7493 16.8568
79.1 36.9958 24.7138 46.7059 16.8922
79.2 37.0413 24.6783 46.6624 16.9277
79.3 37.0868 24.6429 46.619 16.9631
79.4 37.1323 24.6074 46.5755 16.9986
79.5 37.1778 24.5719 46.5321 17.0341
79.6 37.2233 24.5364 46.4886 17.0696
79.7 37.2688 24.5009 46.4451 17.1051
79.8 37.3142 24.4654 46.4016 17.1406
79.9 37.3597 24.4298 46.3581 17.1762
80 37.4051 24.3943 46.3145 17.2117
80.1 37.4506 24.3587 46.271 17.2473
80.2 37.496 24.3232 46.2274 17.2828
80.3 37.5414 24.2876 46.1839 17.3184
80.4 37.5868 24.252 46.1403 17.354
80.5 37.6323 24.2164 46.0967 17.3896
80.6 37.6777 24.1808 46.0531 17.4252
80.7 37.7231 24.1452 46.0094 17.4608
80.8 37.7685 24.1095 45.9658 17.4965
80.9 37.8139 24.0739 45.9221 17.5321
81 37.8592 24.0382 45.8785 17.5678
81.1 37.9046 24.0026 45.8348 17.6034
81.2 37.95 23.9669 45.7911 17.6391
81.3 37.9953 23.9312 45.7474 17.6748
81.4 38.0407 23.8955 45.7037 17.7105
81.5 38.086 23.8598 45.66 17.7462
81.6 38.1314 23.8241 45.6162 17.7819
81.7 38.1767 23.7884 45.5725 17.8176
81.8 38.2221 23.7527 45.5287 17.8533
81.9 38.2674 23.717 45.4849 17.889
82 38.3127 23.6812 45.4411 17.9248
82.1 38.358 23.6455 45.3973 17.9605
82.2 38.4033 23.6097 45.3535 17.9963
82.3 38.4486 23.5739 45.3097 18.0321
82.4 38.4939 23.5381 45.2659 18.0679
82.5 38.5392 23.5024 45.222 18.1036
82.6 38.5844 23.4666 45.1781 18.1394
82.7 38.6297 23.4308 45.1343 18.1752
82.8 38.6749 23.3949 45.0904 18.2111
82.9 38.7202 23.3591 45.0465 18.2469
83 38.7654 23.3233 45.0026 18.2827
83.1 38.8107 23.2875 44.9587 18.3185
83.2 38.8559 23.2516 44.9147 18.3544
83.3 38.9011 23.2158 44.8708 18.3902
83.4 38.9463 23.1799 44.8268 18.4261
83.5 38.9915 23.144 44.7828 18.462
83.6 39.0367 23.1082 44.7389 18.4978
83.7 39.0819 23.0723 44.6949 18.5337
83.8 39.1271 23.0364 44.6509 18.5696
83.9 39.1723 23.0005 44.6069 18.6055
84 39.2175 22.9646 44.5628 18.6414
84.1 39.2626 22.9287 44.5188 18.6773
84.2 39.3078 22.8928 44.4747 18.7132
84.3 39.3529 22.8569 44.4307 18.7491
84.4 39.3981 22.821 44.3866 18.785
84.5 39.4432 22.785 44.3425 18.821
84.6 39.4883 22.7491 44.2984 18.8569
84.7 39.5334 22.7131 44.2543 18.8929
84.8 39.5785 22.6772 44.2102 18.9288
84.9 39.6236 22.6412 44.1661 18.9648
85 39.6687 22.6053 44.1219 19.0007
85.1 39.7138 22.5693 44.0778 19.0367
85.2 39.7589 22.5333 44.0336 19.0727
85.3 39.804 22.4974 43.9894 19.1086
85.4 39.849 22.4614 43.9453 19.1446
85.5 39.8941 22.4254 43.9011 19.1806
85.6 39.9391 22.3894 43.8569 19.2166
85.7 39.9842 22.3534 43.8126 19.2526
85.8 40.0292 22.3174 43.7684 19.2886
85.9 40.0742 22.2814 43.7242 19.3246
86 40.1192 22.2454 43.6799 19.3606
86.1 40.1643 22.2094 43.6357 19.3966
86.2 40.2093 22.1734 43.5914 19.4326
86.3 40.2542 22.1373 43.5471 19.4687
86.4 40.2992 22.1013 43.5028 19.5047
86.5 40.3442 22.0653 43.4585 19.5407
86.6 40.3892 22.0292 43.4142 19.5768
86.7 40.4341 21.9932 43.3699 19.6128
86.8 40.4791 21.9572 43.3256 19.6488
86.9 40.524 21.9211 43.2812 19.6849
87 40.569 21.8851 43.2369 19.7209
87.1 40.6139 21.849 43.1925 19.757
87.2 40.6588 21.813 43.1481 19.793
87.3 40.7037 21.7769 43.1038 19.8291
87.4 40.7486 21.7408 43.0594 19.8652
87.5 40.7935 21.7048 43.015 19.9012
87.6 40.8384 21.6687 42.9705 19.9373
87.7 40.8833 21.6326 42.9261 19.9734
87.8 40.9281 21.5966 42.8817 20.0094
87.9 40.973 21.5605 42.8372 20.0455
88 41.0178 21.5244 42.7928 20.0816
88.1 41.0627 21.4883 42.7483 20.1177
88.2 41.1075 21.4523 42.7039 20.1537
88.3 41.1523 21.4162 42.6594 20.1898
88.4 41.1971 21.3801 42.6149 20.2259
88.5 41.242 21.344 42.5704 20.262
88.6 41.2868 21.3079 42.5259 20.2981
88.7 41.3315 21.2718 42.4813 20.3342
88.8 41.3763 21.2357 42.4368 20.3703
88.9 41.4211 21.1996 42.3923 20.4064
89 41.4659 21.1635 42.3477 20.4425
89.1 41.5106 21.1274 42.3032 20.4786
89.2 41.5554 21.0914 42.2586 20.5146
89.3 41.6001 21.0553 42.214 20.5507
89.4 41.6448 21.0192 42.1694 20.5868
89.5 41.6895 20.9831 42.1248 20.6229
89.6 41.7342 20.947 42.0802 20.659
89.7 41.7789 20.9109 42.0356 20.6951
89.8 41.8236 20.8748 41.991 20.7312
89.9 41.8683 20.8387 41.9463 20.7673
90 41.913 20.8026 41.9017 20.8034
90.1 41.9577 20.7665 41.857 20.8395
90.2 42.0023 20.7304 41.8124 20.8756
90.3 42.047 20.6943 41.7677 20.9117
90.4 42.0916 20.6582 41.723 20.9478
90.5 42.1362 20.6221 41.6783 20.9839
90.6 42.1808 20.586 41.6336 21.02
90.7 42.2254 20.5499 41.5889 21.0561
90.8 42.27 20.5138 41.5442 21.0922
90.9 42.3146 20.4777 41.4995 21.1283
91 42.3592 20.4416 41.4548 21.1644
91.1 42.4038 20.4055 41.41 21.2005
91.2 42.4483 20.3694 41.3653 21.2366
91.3 42.4929 20.3333 41.3205 21.2727
91.4 42.5374 20.2972 41.2757 21.3088
91.5 42.582 20.2611 41.2309 21.3449
91.6 42.6265 20.225 41.1862 21.381
91.7 42.671 20.1889 41.1414 21.4171
91.8 42.7155 20.1529 41.0966 21.4531
91.9 42.76 20.1168 41.0517 21.4892
92 42.8045 20.0807 41.0069 21.5253
92.1 42.849 20.0446 40.9621 21.5614
92.2 42.8934 20.0085 40.9173 21.5975
92.3 42.9379 19.9725 40.8724 21.6335
92.4 42.9823 19.9364 40.8275 21.6696
92.5 43.0268 19.9003 40.7827 21.7057
92.6 43.0712 19.8643 40.7378 21.7417
92.7 43.1156 19.8282 40.6929 21.7778
92.8 43.16 19.7922 40.648 21.8138
92.9 43.2044 19.7561 40.6031 21.8499
93 43.2488 19.72 40.5582 21.886
93.1 43.2931 19.684 40.5133 21.922
93.2 43.3375 19.6479 40.4684 21.9581
93.3 43.3819 19.6119 40.4235 21.9941
93.4 43.4262 19.5759 40.3785 22.0301
93.5 43.4705 19.5398 40.3336 22.0662
93.6 43.5149 19.5038 40.2886 22.1022
93.7 43.5592 19.4678 40.2437 22.1382
93.8 43.6035 19.4318 40.1987 22.1742
93.9 43.6478 19.3957 40.1537 22.2103
94 43.692 19.3597 40.1087 22.2463
94.1 43.7363 19.3237 40.0637 22.2823
94.2 43.7806 19.2877 40.0187 22.3183
94.3 43.8248 19.2517 39.9737 22.3543
94.4 43.8691 19.2157 39.9287 22.3903
94.5 43.9133 19.1797 39.8836 22.4263
94.6 43.9575 19.1437 39.8386 22.4623
94.7 44.0017 19.1077 39.7936 22.4983
94.8 44.0459 19.0718 39.7485 22.5342
94.9 44.0901 19.0358 39.7035 22.5702
95 44.1343 18.9998 39.6584 22.6062
95.1 44.1784 18.9639 39.6133 22.6421
95.2 44.2226 18.9279 39.5682 22.6781
95.3 44.2667 18.892 39.5231 22.714
95.4 44.3108 18.856 39.478 22.75
95.5 44.3549 18.8201 39.4329 22.7859
95.6 44.3991 18.7842 39.3878 22.8218
95.7 44.4431 18.7482 39.3427 22.8578
95.8 44.4872 18.7123 39.2976 22.8937
95.9 44.5313 18.6764 39.2524 22.9296
96 44.5754 18.6405 39.2073 22.9655
96.1 44.6194 18.6046 39.1621 23.0014
96.2 44.6634 18.5687 39.117 23.0373
96.3 44.7075 18.5328 39.0718 23.0732
96.4 44.7515 18.4969 39.0266 23.1091
96.5 44.7955 18.4611 38.9815 23.1449
96.6 44.8395 18.4252 38.9363 23.1808
96.7 44.8835 18.3893 38.8911 23.2167
96.8 44.9274 18.3535 38.8459 23.2525
96.9 44.9714 18.3177 38.8007 23.2883
97 45.0153 18.2818 38.7554 23.3242
97.1 45.0593 18.246 38.7102 23.36
97.2 45.1032 18.2102 38.665 23.3958
97.3 45.1471 18.1744 38.6197 23.4316
97.4 45.191 18.1386 38.5745 23.4674
97.5 45.2349 18.1028 38.5292 23.5032
97.6 45.2788 18.067 38.484 23.539
97.7 45.3226 18.0312 38.4387 23.5748
97.8 45.3665 17.9954 38.3934 23.6106
97.9 45.4103 17.9597 38.3482 23.6463
98 45.4541 17.9239 38.3029 23.6821
98.1 45.4979 17.8882 38.2576 23.7178
98.2 45.5417 17.8524 38.2123 23.7536
98.3 45.5855 17.8167 38.167 23.7893
98.4 45.6293 17.781 38.1216 23.825
98.5 45.6731 17.7453 38.0763 23.8607
98.6 45.7168 17.7096 38.031 23.8964
98.7 45.7606 17.6739 37.9856 23.9321
98.8 45.8043 17.6382 37.9403 23.9678
98.9 45.848 17.6025 37.8949 24.0035
99 45.8917 17.5669 37.8496 24.0391
99.1 45.9354 17.5312 37.8042 24.0748
99.2 45.9791 17.4956 37.7588 24.1104
99.3 46.0227 17.46 37.7135 24.146
99.4 46.0664 17.4243 37.6681 24.1817
99.5 46.11 17.3887 37.6227 24.2173
99.6 46.1536 17.3531 37.5773 24.2529
99.7 46.1972 17.3175 37.5319 24.2885
99.8 46.2408 17.282 37.4865 24.324
99.9 46.2844 17.2464 37.4411 24.3596
100 46.328 17.2108 37.3956 24.3952
100.1 46.3715 17.1753 37.3502 24.4307
100.2 46.4151 17.1397 37.3048 24.4663
100.3 46.4586 17.1042 37.2593 24.5018
100.4 46.5021 17.0687 37.2139 24.5373
100.5 46.5456 17.0332 37.1684 24.5728
100.6 46.5891 16.9977 37.1229 24.6083
100.7 46.6326 16.9622 37.0775 24.6438
100.8 46.6761 16.9268 37.032 24.6792
100.9 46.7195 16.8913 36.9865 24.7147
101 46.763 16.8559 36.941 24.7501
101.1 46.8064 16.8204 36.8955 24.7856
101.2 46.8498 16.785 36.85 24.821
101.3 46.8932 16.7496 36.8045 24.8564
101.4 46.9366 16.7142 36.759 24.8918
101.5 46.9799 16.6788 36.7135 24.9272
101.6 47.0233 16.6435 36.6679 24.9625
101.7 47.0666 16.6081 36.6224 24.9979
101.8 47.1099 16.5728 36.5769 25.0332
101.9 47.1533 16.5374 36.5313 25.0686
102 47.1966 16.5021 36.4858 25.1039
102.1 47.2398 16.4668 36.4402 25.1392
102.2 47.2831 16.4315 36.3946 25.1745
102.3 47.3264 16.3962 36.3491 25.2098
102.4 47.3696 16.361 36.3035 25.245
102.5 47.4128 16.3257 36.2579 25.2803
102.6 47.456 16.2905 36.2123 25.3155
102.7 47.4992 16.2553 36.1667 25.3507
102.8 47.5424 16.2201 36.1211 25.3859
102.9 47.5856 16.1849 36.0755 25.4211
103 47.6287 16.1497 36.0299 25.4563
103.1 47.6718 16.1145 35.9843 25.4915
103.2 47.715 16.0794 35.9387 25.5266
103.3 47.7581 16.0442 35.893 25.5618
103.4 47.8012 16.0091 35.8474 25.5969
103.5 47.8442 15.974 35.8017 25.632
103.6 47.8873 15.9389 35.7561 25.6671
103.7 47.9303 15.9038 35.7104 25.7022
103.8 47.9734 15.8687 35.6648 25.7373
103.9 48.0164 15.8337 35.6191 25.7723
104 48.0594 15.7987 35.5734 25.8073
104.1 48.1024 15.7636 35.5278 25.8424
104.2 48.1453 15.7286 35.4821 25.8774
104.3 48.1883 15.6936 35.4364 25.9124
104.4 48.2312 15.6587 35.3907 25.9473
104.5 48.2741 15.6237 35.345 25.9823
104.6 48.3171 15.5888 35.2993 26.0172
104.7 48.3599 15.5538 35.2536 26.0522
104.8 48.4028 15.5189 35.2079 26.0871
104.9 48.4457 15.484 35.1621 26.122
105 48.4885 15.4492 35.1164 26.1568
105.1 48.5313 15.4143 35.0707 26.1917
105.2 48.5741 15.3794 35.0249 26.2266
105.3 48.6169 15.3446 34.9792 26.2614
105.4 48.6597 15.3098 34.9334 26.2962
105.5 48.7025 15.275 34.8877 26.331
105.6 48.7452 15.2402 34.8419 26.3658
105.7 48.7879 15.2055 34.7961 26.4005
105.8 48.8307 15.1707 34.7504 26.4353
105.9 48.8734 15.136 34.7046 26.47
106 48.916 15.1013 34.6588 26.5047
106.1 48.9587 15.0666 34.613 26.5394
106.2 49.0013 15.0319 34.5672 26.5741
106.3 49.044 14.9973 34.5214 26.6087
106.4 49.0866 14.9626 34.4756 26.6434
106.5 49.1292 14.928 34.4298 26.678
106.6 49.1717 14.8934 34.384 26.7126
106.7 49.2143 14.8588 34.3382 26.7472
106.8 49.2568 14.8242 34.2923 26.7818
106.9 49.2994 14.7897 34.2465 26.8163
107 49.3419 14.7552 34.2007 26.8508
107.1 49.3843 14.7206 34.1548 26.8854
107.2 49.4268 14.6861 34.109 26.9199
107.3 49.4693 14.6517 34.0631 26.9543
107.4 49.5117 14.6172 34.0173 26.9888
107.5 49.5541 14.5828 33.9714 27.0232
107.6 49.5965 14.5484 33.9255 27.0576
107.7 49.6389 14.514 33.8797 27.092
107.8 49.6813 14.4796 33.8338 27.1264
107.9 49.7236 14.4452 33.7879 27.1608
108 49.7659 14.4109 33.742 27.1951
108.1 49.8083 14.3765 33.6961 27.2295
108.2 49.8505 14.3422 33.6502 27.2638
108.3 49.8928 14.308 33.6043 27.298
108.4 49.9351 14.2737 33.5584 27.3323
108.5 49.9773 14.2394 33.5125 27.3666
108.6 50.0195 14.2052 33.4666 27.4008
108.7 50.0617 14.171 33.4206 27.435
108.8 50.1039 14.1368 33.3747 27.4692
108.9 50.1461 14.1027 33.3288 27.5033
109 50.1882 14.0685 33.2828 27.5375
109.1 50.2303 14.0344 33.2369 27.5716
109.2 50.2724 14.0003 33.1909 27.6057
109.3 50.3145 13.9662 33.145 27.6398
109.4 50.3566 13.9322 33.099 27.6738
109.5 50.3986 13.8981 33.0531 27.7079
109.6 50.4406 13.8641 33.0071 27.7419
109.7 50.4826 13.8301 32.9611 27.7759
109.8 50.5246 13.7961 32.9151 27.8099
109.9 50.5666 13.7622 32.8691 27.8438
110 50.6085 13.7282 32.8232 27.8778
110.1 50.6505 13.6943 32.7772 27.9117
110.2 50.6924 13.6604 32.7312 27.9456
110.3 50.7343 13.6266 32.6852 27.9794
110.4 50.7761 13.5927 32.6392 28.0133
110.5 50.818 13.5589 32.5931 28.0471
110.6 50.8598 13.5251 32.5471 28.0809
110.7 50.9016 13.4913 32.5011 28.1147
110.8 50.9434 13.4575 32.4551 28.1485
110.9 50.9852 13.4238 32.409 28.1822
111 51.0269 13.3901 32.363 28.2159
111.1 51.0686 13.3564 32.317 28.2496
111.2 51.1103 13.3227 32.2709 28.2833
111.3 51.152 13.2891 32.2249 28.3169
111.4 51.1937 13.2555 32.1788 28.3505
111.5 51.2353 13.2219 32.1328 28.3841
111.6 51.2769 13.1883 32.0867 28.4177
111.7 51.3185 13.1547 32.0406 28.4513
111.8 51.3601 13.1212 31.9946 28.4848
111.9 51.4017 13.0877 31.9485 28.5183
112 51.4432 13.0542 31.9024 28.5518
112.1 51.4847 13.0208 31.8563 28.5852
112.2 51.5262 12.9873 31.8102 28.6187
112.3 51.5677 12.9539 31.7641 28.6521
112.4 51.6091 12.9205 31.718 28.6855
112.5 51.6505 12.8871 31.6719 28.7189
112.6 51.6919 12.8538 31.6258 28.7522
112.7 51.7333 12.8205 31.5797 28.7855
112.8 51.7747 12.7872 31.5336 28.8188
112.9 51.816 12.7539 31.4875 28.8521
113 51.8573 12.7207 31.4413 28.8853
113.1 51.8986 12.6875 31.3952 28.9185
113.2 51.9399 12.6543 31.3491 28.9517
113.3 51.9811 12.6211 31.3029 28.9849
113.4 52.0223 12.588 31.2568 29.018
113.5 52.0635 12.5548 31.2106 29.0512
113.6 52.1047 12.5218 31.1645 29.0842
113.7 52.1458 12.4887 31.1183 29.1173
113.8 52.187 12.4556 31.0722 29.1504
113.9 52.2281 12.4226 31.026 29.1834
114 52.2691 12.3896 30.9798 29.2164
114.1 52.3102 12.3567 30.9337 29.2493
114.2 52.3512 12.3237 30.8875 29.2823
114.3 52.3922 12.2908 30.8413 29.3152
114.4 52.4332 12.2579 30.7951 29.3481
114.5 52.4742 12.2251 30.7489 29.3809
114.6 52.5151 12.1922 30.7027 29.4138
114.7 52.556 12.1594 30.6565 29.4466
114.8 52.5969 12.1266 30.6103 29.4794
114.9 52.6378 12.0939 30.5641 29.5121
115 52.6786 12.0611 30.5179 29.5449
115.1 52.7194 12.0284 30.4717 29.5776
115.2 52.7602 11.9958 30.4255 29.6102
115.3 52.801 11.9631 30.3793 29.6429
115.4 52.8417 11.9305 30.333 29.6755
115.5 52.8824 11.8979 30.2868 29.7081
115.6 52.9231 11.8653 30.2406 29.7407
115.7 52.9638 11.8328 30.1943 29.7732
115.8 53.0044 11.8003 30.1481 29.8057
115.9 53.045 11.7678 30.1018 29.8382
116 53.0856 11.7353 30.0556 29.8707
116.1 53.1261 11.7029 30.0093 29.9031
116.2 53.1667 11.6705 29.9631 29.9355
116.3 53.2072 11.6381 29.9168 29.9679
116.4 53.2477 11.6057 29.8706 30.0003
116.5 53.2881 11.5734 29.8243 30.0326
116.6 53.3285 11.5411 29.778 30.0649
116.7 53.3689 11.5089 29.7317 30.0971
116.8 53.4093 11.4766 29.6854 30.1294
116.9 53.4496 11.4444 29.6392 30.1616
117 53.49 11.4122 29.5929 30.1938
117.1 53.5302 11.3801 29.5466 30.2259
117.2 53.5705 11.348 29.5003 30.258
117.3 53.6107 11.3159 29.454 30.2901
117.4 53.6509 11.2838 29.4077 30.3222
117.5 53.6911 11.2518 29.3614 30.3542
117.6 53.7313 11.2198 29.3151 30.3862
117.7 53.7714 11.1878 29.2687 30.4182
117.8 53.8115 11.1558 29.2224 30.4502
117.9 53.8516 11.1239 29.1761 30.4821
118 53.8916 11.092 29.1298 30.514
118.1 53.9316 11.0602 29.0834 30.5458
118.2 53.9716 11.0283 29.0371 30.5777
118.3 54.0115 10.9965 28.9908 30.6095
118.4 54.0515 10.9648 28.9444 30.6412
118.5 54.0913 10.933 28.8981 30.673
118.6 54.1312 10.9013 28.8517 30.7047
118.7 54.171 10.8696 28.8054 30.7364
118.8 54.2109 10.838 28.759 30.768
118.9 54.2506 10.8064 28.7126 30.7996
119 54.2904 10.7748 28.6663 30.8312
119.1 54.3301 10.7432 28.6199 30.8628
119.2 54.3698 10.7117 28.5735 30.8943
119.3 54.4094 10.6802 28.5272 30.9258
119.4 54.449 10.6487 28.4808 30.9573
119.5 54.4886 10.6173 28.4344 30.9887
119.6 54.5282 10.5859 28.388 31.0201
119.7 54.5677 10.5545 28.3416 31.0515
119.8 54.6072 10.5232 28.2952 31.0828
119.9 54.6467 10.4919 28.2488 31.1141
120 54.6861 10.4606 28.2024 31.1454
120.1 54.7255 10.4293 28.156 31.1767
120.2 54.7649 10.3981 28.1096 31.2079
120.3 54.8042 10.3669 28.0632 31.2391
120.4 54.8436 10.3358 28.0168 31.2702
120.5 54.8828 10.3047 27.9704 31.3013
120.6 54.9221 10.2736 27.9239 31.3324
120.7 54.9613 10.2425 27.8775 31.3635
120.8 55.0005 10.2115 27.8311 31.3945
120.9 55.0396 10.1805 27.7847 31.4255
121 55.0787 10.1495 27.7382 31.4565
121.1 55.1178 10.1186 27.6918 31.4874
121.2 55.1569 10.0877 27.6453 31.5183
121.3 55.1959 10.0568 27.5989 31.5492
121.4 55.2348 10.026 27.5524 31.58
121.5 55.2738 9.99522 27.506 31.6108
121.6 55.3127 9.96445 27.4595 31.6415
121.7 55.3516 9.93372 27.4131 31.6723
121.8 55.3904 9.90303 27.3666 31.703
121.9 55.4292 9.87236 27.3202 31.7336
122 55.468 9.84173 27.2737 31.7643
122.1 55.5067 9.81113 27.2272 31.7949
122.2 55.5454 9.78057 27.1807 31.8254
122.3 55.5841 9.75004 27.1343 31.856
122.4 55.6227 9.71954 27.0878 31.8865
122.5 55.6613 9.68907 27.0413 31.9169
122.6 55.6999 9.65865 26.9948 31.9474
122.7 55.7384 9.62825 26.9483 31.9778
122.8 55.7769 9.59789 26.9018 32.0081
122.9 55.8154 9.56756 26.8553 32.0384
123 55.8538 9.53727 26.8088 32.0687
123.1 55.8922 9.50701 26.7623 32.099
123.2 55.9305 9.47678 26.7158 32.1292
123.3 55.9688 9.44659 26.6693 32.1594
123.4 56.0071 9.41644 26.6228 32.1896
123.5 56.0453 9.38632 26.5763 32.2197
123.6 56.0835 9.35623 26.5297 32.2498
123.7 56.1216 9.32618 26.4832 32.2798
123.8 56.1598 9.29616 26.4367 32.3098
123.9 56.1978 9.26618 26.3901 32.3398
124 56.2359 9.23623 26.3436 32.3698
124.1 56.2739 9.20632 26.2971 32.3997
124.2 56.3118 9.17645 26.2505 32.4296
124.3 56.3497 9.14661 26.204 32.4594
124.4 56.3876 9.1168 26.1574 32.4892
124.5 56.4255 9.08703 26.1109 32.519
124.6 56.4633 9.0573 26.0643 32.5487
124.7 56.501 9.0276 26.0178 32.5784
124.8 56.5387 8.99794 25.9712 32.6081
124.9 56.5764 8.96832 25.9247 32.6377
125 56.6141 8.93873 25.8781 32.6673
125.1 56.6517 8.90917 25.8315 32.6968
125.2 56.6892 8.87966 25.785 32.7263
125.3 56.7267 8.85017 25.7384 32.7558
125.4 56.7642 8.82073 25.6918 32.7853
125.5 56.8016 8.79132 25.6452 32.8147
125.6 56.839 8.76195 25.5987 32.844
125.7 56.8764 8.73262 25.5521 32.8734
125.8 56.9137 8.70332 25.5055 32.9027
125.9 56.9509 8.67406 25.4589 32.9319
126 56.9882 8.64483 25.4123 32.9612
126.1 57.0253 8.61564 25.3657 32.9904
126.2 57.0625 8.58649 25.3191 33.0195
126.3 57.0996 8.55738 25.2725 33.0486
126.4 57.1366 8.52831 25.2259 33.0777
126.5 57.1736 8.49927 25.1793 33.1067
126.6 57.2106 8.47027 25.1327 33.1357
126.7 57.2475 8.4413 25.0861 33.1647
126.8 57.2843 8.41238 25.0394 33.1936
126.9 57.3212 8.38349 24.9928 33.2225
127 57.3579 8.35464 24.9462 33.2514
127.1 57.3947 8.32583 24.8996 33.2802
127.2 57.4314 8.29705 24.8529 33.3089
127.3 57.468 8.26832 24.8063 33.3377
127.4 57.5046 8.23962 24.7597 33.3664
127.5 57.5411 8.21096 24.713 33.395
127.6 57.5776 8.18234 24.6664 33.4237
127.7 57.6141 8.15376 24.6198 33.4522
127.8 57.6505 8.12521 24.5731 33.4808
127.9 57.6868 8.09671 24.5265 33.5093
128 57.7231 8.06824 24.4798 33.5378
128.1 57.7594 8.03981 24.4332 33.5662
128.2 57.7956 8.01142 24.3865 33.5946
128.3 57.8318 7.98307 24.3398 33.6229
128.4 57.8679 7.95476 24.2932 33.6512
128.5 57.9039 7.92649 24.2465 33.6795
128.6 57.94 7.89826 24.1999 33.7077
128.7 57.9759 7.87006 24.1532 33.7359
128.8 58.0118 7.84191 24.1065 33.7641
128.9 58.0477 7.8138 24.0598 33.7922
129 58.0835 7.78572 24.0132 33.8203
129.1 58.1193 7.75769 23.9665 33.8483
129.2 58.155 7.72969 23.9198 33.8763
129.3 58.1906 7.70173 23.8731 33.9043
129.4 58.2262 7.67382 23.8264 33.9322
129.5 58.2618 7.64594 23.7797 33.9601
129.6 58.2973 7.61811 23.733 33.9879
129.7 58.3327 7.59031 23.6863 34.0157
129.8 58.3681 7.56255 23.6396 34.0434
129.9 58.4034 7.53484 23.5929 34.0712
130 58.4387 7.50717 23.5462 34.0988
130.1 58.4739 7.47953 23.4995 34.1265
130.2 58.5091 7.45194 23.4528 34.1541
130.3 58.5442 7.42438 23.4061 34.1816
130.4 58.5793 7.39687 23.3594 34.2091
130.5 58.6143 7.3694 23.3127 34.2366
130.6 58.6493 7.34197 23.266 34.264
130.7 58.6842 7.31458 23.2192 34.2914
130.8 58.719 7.28723 23.1725 34.3188
130.9 58.7538 7.25993 23.1258 34.3461
131 58.7885 7.23266 23.079 34.3733
131.1 58.8232 7.20544 23.0323 34.4006
131.2 58.8578 7.17825 22.9856 34.4277
131.3 58.8923 7.15111 22.9388 34.4549
131.4 58.9268 7.12401 22.8921 34.482
131.5 58.9613 7.09695 22.8454 34.509
131.6 58.9956 7.06994 22.7986 34.5361
131.7 59.0299 7.04296 22.7519 34.563
131.8 59.0642 7.01603 22.7051 34.59
131.9 59.0984 6.98914 22.6584 34.6169
132 59.1325 6.96229 22.6116 34.6437
132.1 59.1666 6.93548 22.5649 34.6705
132.2 59.2006 6.90872 22.5181 34.6973
132.3 59.2346 6.88199 22.4713 34.724
132.4 59.2684 6.85531 22.4246 34.7507
132.5 59.3023 6.82868 22.3778 34.7773
132.6 59.336 6.80208 22.331 34.8039
132.7 59.3697 6.77553 22.2843 34.8305
132.8 59.4033 6.74902 22.2375 34.857
132.9 59.4369 6.72256 22.1907 34.8834
133 59.4704 6.69613 22.1439 34.9099
133.1 59.5038 6.66975 22.0972 34.9362
133.2 59.5372 6.64341 22.0504 34.9626
133.3 59.5705 6.61712 22.0036 34.9889
133.4 59.6038 6.59087 21.9568 35.0151
133.5 59.6369 6.56466 21.91 35.0413
133.6 59.67 6.5385 21.8632 35.0675
133.7 59.7031 6.51237 21.8164 35.0936
133.8 59.736 6.4863 21.7696 35.1197
133.9 59.7689 6.46026 21.7228 35.1457
134 59.8018 6.43427 21.676 35.1717
134.1 59.8345 6.40833 21.6292 35.1977
134.2 59.8672 6.38242 21.5824 35.2236
134.3 59.8998 6.35656 21.5356 35.2494
134.4 59.9324 6.33075 21.4888 35.2753
134.5 59.9649 6.30498 21.442 35.301
134.6 59.9973 6.27925 21.3952 35.3267
134.7 60.0296 6.25357 21.3483 35.3524
134.8 60.0619 6.22793 21.3015 35.3781
134.9 60.094 6.20234 21.2547 35.4037
135 60.1262 6.17679 21.2079 35.4292
135.1 60.1582 6.15129 21.1611 35.4547
135.2 60.1902 6.12583 21.1142 35.4802
135.3 60.2221 6.10041 21.0674 35.5056
135.4 60.2539 6.07504 21.0206 35.531
135.5 60.2856 6.04971 20.9737 35.5563
135.6 60.3173 6.02443 20.9269 35.5816
135.7 60.3489 5.9992 20.8801 35.6068
135.8 60.3804 5.97401 20.8332 35.632
135.9 60.4118 5.94886 20.7864 35.6571
136 60.4431 5.92376 20.7395 35.6822
136.1 60.4744 5.89871 20.6927 35.7073
136.2 60.5056 5.8737 20.6458 35.7323
136.3 60.5367 5.84873 20.599 35.7573
136.4 60.5677 5.82382 20.5521 35.7822
136.5 60.5987 5.79894 20.5053 35.8071
136.6 60.6296 5.77412 20.4584 35.8319
136.7 60.6603 5.74934 20.4115 35.8567
136.8 60.691 5.7246 20.3647 35.8814
136.9 60.7217 5.69991 20.3178 35.9061
137 60.7522 5.67527 20.2709 35.9307
137.1 60.7826 5.65067 20.2241 35.9553
137.2 60.813 5.62612 20.1772 35.9799
137.3 60.8433 5.60161 20.1303 36.0044
137.4 60.8735 5.57716 20.0835 36.0288
137.5 60.9036 5.55274 20.0366 36.0533
137.6 60.9336 5.52838 19.9897 36.0776
137.7 60.9635 5.50406 19.9428 36.1019
137.8 60.9934 5.47979 19.8959 36.1262
137.9 61.0231 5.45556 19.8491 36.1504
138 61.0528 5.43138 19.8022 36.1746
138.1 61.0823 5.40725 19.7553 36.1988
138.2 61.1118 5.38316 19.7084 36.2228
138.3 61.1412 5.35912 19.6615 36.2469
138.4 61.1705 5.33513 19.6146 36.2709
138.5 61.1997 5.31119 19.5677 36.2948
138.6 61.2288 5.28729 19.5208 36.3187
138.7 61.2578 5.26344 19.4739 36.3426
138.8 61.2867 5.23964 19.427 36.3664
138.9 61.3156 5.21588 19.3801 36.3901
139 61.3443 5.19218 19.3332 36.4138
139.1 61.3729 5.16852 19.2863 36.4375
139.2 61.4014 5.1449 19.2394 36.4611
139.3 61.4299 5.12134 19.1924 36.4847
139.4 61.4582 5.09782 19.1455 36.5082
139.5 61.4864 5.07435 19.0986 36.5316
139.6 61.5145 5.05093 19.0517 36.5551
139.7 61.5426 5.02756 19.0048 36.5784
139.8 61.5705 5.00423 18.9579 36.6018
139.9 61.5983 4.98095 18.9109 36.625
140 61.626 4.95773 18.864 36.6483
140.1 61.6536 4.93454 18.8171 36.6715
140.2 61.6812 4.91141 18.7701 36.6946
140.3 61.7086 4.88833 18.7232 36.7177
140.4 61.7358 4.86529 18.6763 36.7407
140.5 61.763 4.84231 18.6293 36.7637
140.6 61.7901 4.81937 18.5824 36.7866
140.7 61.8171 4.79648 18.5355 36.8095
140.8 61.8439 4.77364 18.4885 36.8324
140.9 61.8707 4.75085 18.4416 36.8552
141 61.8973 4.7281 18.3946 36.8779
141.1 61.9238 4.70541 18.3477 36.9006
141.2 61.9502 4.68276 18.3007 36.9232
141.3 61.9765 4.66017 18.2538 36.9458
141.4 62.0027 4.63762 18.2068 36.9684
141.5 62.0288 4.61512 18.1599 36.9909
141.6 62.0547 4.59267 18.1129 37.0133
141.7 62.0806 4.57028 18.066 37.0357
141.8 62.1063 4.54793 18.019 37.0581
141.9 62.1319 4.52563 17.9721 37.0804
142 62.1573 4.50338 17.9251 37.1026
142.1 62.1827 4.48117 17.8781 37.1248
142.2 62.2079 4.45902 17.8312 37.147
142.3 62.233 4.43692 17.7842 37.1691
142.4 62.258 4.41487 17.7372 37.1911
142.5 62.2828 4.39287 17.6903 37.2131
142.6 62.3076 4.37092 17.6433 37.2351
142.7 62.3322 4.34902 17.5963 37.257
142.8 62.3566 4.32717 17.5493 37.2788
142.9 62.381 4.30536 17.5024 37.3006
143 62.4052 4.28361 17.4554 37.3224
143.1 62.4293 4.26191 17.4084 37.3441
143.2 62.4532 4.24026 17.3614 37.3657
143.3 62.477 4.21866 17.3144 37.3873
143.4 62.5007 4.19711 17.2674 37.4089
143.5 62.5242 4.17562 17.2205 37.4304
143.6 62.5477 4.15417 17.1735 37.4518
143.7 62.5709 4.13277 17.1265 37.4732
143.8 62.5941 4.11142 17.0795 37.4946
143.9 62.617 4.09013 17.0325 37.5159
144 62.6399 4.06888 16.9855 37.5371
144.1 62.6626 4.04769 16.9385 37.5583
144.2 62.6852 4.02655 16.8915 37.5795
144.3 62.7076 4.00546 16.8445 37.6005
144.4 62.7299 3.98441 16.7975 37.6216
144.5 62.752 3.96343 16.7505 37.6426
144.6 62.774 3.94249 16.7035 37.6635
144.7 62.7958 3.9216 16.6565 37.6844
144.8 62.8175 3.90077 16.6095 37.7052
144.9 62.839 3.87998 16.5625 37.726
145 62.8604 3.85925 16.5154 37.7467
145.1 62.8816 3.83857 16.4684 37.7674
145.2 62.9027 3.81794 16.4214 37.7881
145.3 62.9236 3.79736 16.3744 37.8086
145.4 62.9444 3.77684 16.3274 37.8292
145.5 62.9649 3.75637 16.2804 37.8496
145.6 62.9854 3.73594 16.2333 37.8701
145.7 63.0056 3.71557 16.1863 37.8904
145.8 63.0258 3.69526 16.1393 37.9107
145.9 63.0457 3.67499 16.0923 37.931
146 63.0655 3.65478 16.0452 37.9512
146.1 63.0851 3.63462 15.9982 37.9714
146.2 63.1045 3.61451 15.9512 37.9915
146.3 63.1238 3.59445 15.9041 38.0115
146.4 63.1429 3.57445 15.8571 38.0316
146.5 63.1618 3.5545 15.8101 38.0515
146.6 63.1806 3.5346 15.763 38.0714
146.7 63.1991 3.51475 15.716 38.0912
146.8 63.2175 3.49496 15.669 38.111
146.9 63.2357 3.47522 15.6219 38.1308
147 63.2538 3.45553 15.5749 38.1505
147.1 63.2716 3.43589 15.5278 38.1701
147.2 63.2893 3.41631 15.4808 38.1897
147.3 63.3068 3.39678 15.4337 38.2092
147.4 63.3241 3.37731 15.3867 38.2287
147.5 63.3412 3.35788 15.3396 38.2481
147.6 63.3581 3.33851 15.2926 38.2675
147.7 63.3748 3.3192 15.2455 38.2868
147.8 63.3913 3.29993 15.1985 38.3061
147.9 63.4077 3.28072 15.1514 38.3253
148 63.4238 3.26157 15.1044 38.3444
148.1 63.4397 3.24246 15.0573 38.3635
148.2 63.4555 3.22341 15.0103 38.3826
148.3 63.471 3.20442 14.9632 38.4016
148.4 63.4863 3.18547 14.9161 38.4205
148.5 63.5014 3.16658 14.8691 38.4394
148.6 63.5164 3.14775 14.822 38.4583
148.7 63.5311 3.12897 14.7749 38.477
148.8 63.5455 3.11024 14.7279 38.4958
148.9 63.5598 3.09156 14.6808 38.5144
149 63.5739 3.07294 14.6337 38.5331
149.1 63.5877 3.05438 14.5867 38.5516
149.2 63.6013 3.03587 14.5396 38.5701
149.3 63.6147 3.01741 14.4925 38.5886
149.4 63.6279 2.999 14.4454 38.607
149.5 63.6408 2.98066 14.3983 38.6253
149.6 63.6536 2.96236 14.3513 38.6436
149.7 63.666 2.94412 14.3042 38.6619
149.8 63.6783 2.92593 14.2571 38.6801
149.9 63.6903 2.9078 14.21 38.6982
150 63.7021 2.88972 14.1629 38.7163
150.1 63.7136 2.8717 14.1159 38.7343
150.2 63.7249 2.85373 14.0688 38.7523
150.3 63.736 2.83582 14.0217 38.7702
150.4 63.7468 2.81796 13.9746 38.788
150.5 63.7573 2.80016 13.9275 38.8058
150.6 63.7677 2.78241 13.8804 38.8236
150.7 63.7777 2.76471 13.8333 38.8413
150.8 63.7875 2.74707 13.7862 38.8589
150.9 63.797 2.72949 13.7391 38.8765
151 63.8063 2.71196 13.692 38.894
151.1 63.8153 2.69448 13.6449 38.9115
151.2 63.8241 2.67707 13.5978 38.9289
151.3 63.8325 2.6597 13.5507 38.9463
151.4 63.8408 2.64239 13.5036 38.9636
151.5 63.8487 2.62514 13.4565 38.9809
151.6 63.8563 2.60794 13.4094 38.9981
151.7 63.8637 2.5908 13.3623 39.0152
151.8 63.8708 2.57371 13.3152 39.0323
151.9 63.8776 2.55668 13.2681 39.0493
152 63.8841 2.53971 13.221 39.0663
152.1 63.8903 2.52279 13.1739 39.0832
152.2 63.8963 2.50592 13.1268 39.1001
152.3 63.9019 2.48911 13.0797 39.1169
152.4 63.9072 2.47236 13.0325 39.1336
152.5 63.9123 2.45566 12.9854 39.1503
152.6 63.917 2.43902 12.9383 39.167
152.7 63.9214 2.42243 12.8912 39.1836
152.8 63.9255 2.40591 12.8441 39.2001
152.9 63.9293 2.38943 12.797 39.2166
153 63.9328 2.37301 12.7498 39.233
153.1 63.9359 2.35665 12.7027 39.2493
153.2 63.9387 2.34035 12.6556 39.2657
153.3 63.9412 2.3241 12.6085 39.2819
153.4 63.9434 2.30791 12.5613 39.2981
153.5 63.9452 2.29177 12.5142 39.3142
153.6 63.9467 2.27569 12.4671 39.3303
153.7 63.9478 2.25967 12.42 39.3463
153.8 63.9486 2.2437 12.3728 39.3623
153.9 63.949 2.22779 12.3257 39.3782
154 63.9491 2.21194 12.2786 39.3941
154.1 63.9488 2.19614 12.2314 39.4099
154.2 63.9482 2.1804 12.1843 39.4256
154.3 63.9472 2.16472 12.1372 39.4413
154.4 63.9458 2.14909 12.09 39.4569
154.5 63.944 2.13352 12.0429 39.4725
154.6 63.9419 2.11801 11.9958 39.488
154.7 63.9394 2.10255 11.9486 39.5034
154.8 63.9365 2.08715 11.9015 39.5188
154.9 63.9332 2.07181 11.8543 39.5342
155 63.9295 2.05652 11.8072 39.5495
155.1 63.9254 2.0413 11.76 39.5647
155.2 63.9209 2.02613 11.7129 39.5799
155.3 63.916 2.01101 11.6658 39.595
155.4 63.9107 1.99595 11.6186 39.61
155.5 63.905 1.98096 11.5715 39.625
155.6 63.8988 1.96601 11.5243 39.64
155.7 63.8922 1.95113 11.4772 39.6549
155.8 63.8852 1.9363 11.43 39.6697
155.9 63.8777 1.92153 11.3829 39.6845
156 63.8698 1.90682 11.3357 39.6992
156.1 63.8615 1.89217 11.2885 39.7138
156.2 63.8527 1.87757 11.2414 39.7284
156.3 63.8434 1.86303 11.1942 39.743
156.4 63.8337 1.84855 11.1471 39.7575
156.5 63.8235 1.83412 11.0999 39.7719
156.6 63.8129 1.81976 11.0528 39.7862
156.7 63.8017 1.80545 11.0056 39.8006
156.8 63.7901 1.7912 10.9584 39.8148
156.9 63.778 1.77701 10.9113 39.829
157 63.7653 1.76287 10.8641 39.8431
157.1 63.7522 1.7488 10.817 39.8572
157.2 63.7386 1.73478 10.7698 39.8712
157.3 63.7244 1.72082 10.7226 39.8852
157.4 63.7098 1.70691 10.6755 39.8991
157.5 63.6946 1.69307 10.6283 39.9129
157.6 63.6788 1.67928 10.5811 39.9267
157.7 63.6626 1.66556 10.5339 39.9404
157.8 63.6457 1.65189 10.4868 39.9541
157.9 63.6284 1.63828 10.4396 39.9677
158 63.6104 1.62472 10.3924 39.9813
158.1 63.5919 1.61123 10.3453 39.9948
158.2 63.5729 1.59779 10.2981 40.0082
158.3 63.5532 1.58442 10.2509 40.0216
158.4 63.5329 1.5711 10.2037 40.0349
158.5 63.5121 1.55784 10.1566 40.0482
158.6 63.4906 1.54464 10.1094 40.0614
158.7 63.4686 1.53149 10.0622 40.0745
158.8 63.4459 1.51841 10.015 40.0876
158.9 63.4226 1.50538 9.96784 40.1006
159 63.3986 1.49242 9.92066 40.1136
159.1 63.374 1.47951 9.87348 40.1265
159.2 63.3488 1.46666 9.82629 40.1393
159.3 63.3229 1.45387 9.77911 40.1521
159.4 63.2963 1.44114 9.73193 40.1649
159.5 63.269 1.42847 9.68474 40.1775
159.6 63.2411 1.41585 9.63755 40.1901
159.7 63.2125 1.4033 9.59037 40.2027
159.8 63.1831 1.39081 9.54318 40.2152
159.9 63.153 1.37837 9.49599 40.2276
160 63.1223 1.36599 9.4488 40.24
160.1 63.0907 1.35368 9.40161 40.2523
160.2 63.0585 1.34142 9.35442 40.2646
160.3 63.0255 1.32922 9.30723 40.2768
160.4 62.9917 1.31708 9.26003 40.2889
160.5 62.9571 1.305 9.21284 40.301
160.6 62.9218 1.29298 9.16564 40.313
160.7 62.8857 1.28102 9.11845 40.325
160.8 62.8487 1.26912 9.07125 40.3369
160.9 62.811 1.25727 9.02406 40.3487
161 62.7724 1.24549 8.97686 40.3605
161.1 62.733 1.23377 8.92966 40.3722
161.2 62.6927 1.2221 8.88246 40.3839
161.3 62.6515 1.2105 8.83526 40.3955
161.4 62.6095 1.19895 8.78806 40.407
161.5 62.5666 1.18747 8.74086 40.4185
161.6 62.5228 1.17604 8.69365 40.43
161.7 62.4781 1.16468 8.64645 40.4413
161.8 62.4324 1.15337 8.59925 40.4526
161.9 62.3859 1.14213 8.55204 40.4639
162 62.3383 1.13094 8.50484 40.4751
162.1 62.2898 1.11982 8.45763 40.4862
162.2 62.2403 1.10875 8.41043 40.4972
162.3 62.1898 1.09775 8.36322 40.5083
162.4 62.1383 1.0868 8.31601 40.5192
162.5 62.0858 1.07591 8.2688 40.5301
162.6 62.0323 1.06509 8.22159 40.5409
162.7 61.9776 1.05432 8.17438 40.5517
162.8 61.9219 1.04362 8.12717 40.5624
162.9 61.8652 1.03297 8.07996 40.573
163 61.8073 1.02239 8.03274 40.5836
163.1 61.7483 1.01186 7.98553 40.5941
163.2 61.6882 1.0014 7.93832 40.6046
163.3 61.6269 0.990996 7.8911 40.615
163.4 61.5644 0.980652 7.84389 40.6253
163.5 61.5008 0.970369 7.79667 40.6356
163.6 61.4359 0.960146 7.74946 40.6459
163.7 61.3698 0.949984 7.70224 40.656
163.8 61.3025 0.939882 7.65502 40.6661
163.9 61.2339 0.929841 7.6078 40.6762
164 61.164 0.91986 7.56058 40.6861
164.1 61.0928 0.909939 7.51336 40.6961
164.2 61.0203 0.90008 7.46614 40.7059
164.3 60.9465 0.890281 7.41892 40.7157
164.4 60.8713 0.880542 7.3717 40.7255
164.5 60.7947 0.870864 7.32448 40.7351
164.6 60.7166 0.861247 7.27725 40.7448
164.7 60.6372 0.851691 7.23003 40.7543
164.8 60.5563 0.842196 7.18281 40.7638
164.9 60.4739 0.832761 7.13558 40.7732
165 60.39 0.823387 7.08836 40.7826
165.1 60.3046 0.814074 7.04113 40.7919
165.2 60.2176 0.804822 6.9939 40.8012
165.3 60.1291 0.795631 6.94668 40.8104
165.4 60.0389 0.7865 6.89945 40.8195
165.5 59.9471 0.777431 6.85222 40.8286
165.6 59.8537 0.768423 6.80499 40.8376
165.7 59.7585 0.759475 6.75776 40.8465
165.8 59.6617 0.750589 6.71053 40.8554
165.9 59.5631 0.741764 6.6633 40.8642
166 59.4627 0.733 6.61607 40.873
166.1 59.3605 0.724297 6.56884 40.8817
166.2 59.2565 0.715656 6.5216 40.8903
166.3 59.1507 0.707075 6.47437 40.8989
166.4 59.0429 0.698556 6.42714 40.9074
166.5 58.9332 0.690098 6.3799 40.9159
166.6 58.8216 0.681701 6.33267 40.9243
166.7 58.7079 0.673365 6.28543 40.9326
166.8 58.5922 0.665091 6.2382 40.9409
166.9 58.4745 0.656878 6.19096 40.9491
167 58.3546 0.648727 6.14373 40.9573
167.1 58.2326 0.640637 6.09649 40.9654
167.2 58.1085 0.632608 6.04925 40.9734
167.3 57.9821 0.624641 6.00201 40.9814
167.4 57.8534 0.616735 5.95477 40.9893
167.5 57.7225 0.608891 5.90753 40.9971
167.6 57.5892 0.601108 5.86029 41.0049
167.7 57.4536 0.593387 5.81305 41.0126
167.8 57.3155 0.585727 5.76581 41.0203
167.9 57.1749 0.578129 5.71857 41.0279
168 57.0319 0.570592 5.67133 41.0354
168.1 56.8863 0.563117 5.62409 41.0429
168.2 56.738 0.555704 5.57684 41.0503
168.3 56.5872 0.548353 5.5296 41.0576
168.4 56.4336 0.541063 5.48236 41.0649
168.5 56.2773 0.533835 5.43511 41.0722
168.6 56.1182 0.526668 5.38787 41.0793
168.7 55.9562 0.519564 5.34062 41.0864
168.8 55.7913 0.512521 5.29338 41.0935
168.9 55.6235 0.50554 5.24613 41.1005
169 55.4526 0.498621 5.19889 41.1074
169.1 55.2787 0.491763 5.15164 41.1142
169.2 55.1016 0.484968 5.10439 41.121
169.3 54.9214 0.478234 5.05714 41.1278
169.4 54.7379 0.471563 5.0099 41.1344
169.5 54.5511 0.464953 4.96265 41.141
169.6 54.3609 0.458405 4.9154 41.1476
169.7 54.1672 0.451919 4.86815 41.1541
169.8 53.9701 0.445496 4.8209 41.1605
169.9 53.7694 0.439134 4.77365 41.1669
170 53.565 0.432834 4.7264 41.1732
170.1 53.357 0.426596 4.67915 41.1794
170.2 53.1451 0.420421 4.6319 41.1856
170.3 52.9295 0.414307 4.58464 41.1917
170.4 52.7098 0.408255 4.53739 41.1977
170.5 52.4862 0.402266 4.49014 41.2037
170.6 52.2585 0.396339 4.44289 41.2097
170.7 52.0266 0.390474 4.39563 41.2155
170.8 51.7905 0.384671 4.34838 41.2213
170.9 51.55 0.37893 4.30113 41.2271
171 51.3052 0.373252 4.25387 41.2327
171.1 51.0558 0.367636 4.20662 41.2384
171.2 50.8019 0.362082 4.15936 41.2439
171.3 50.5433 0.35659 4.11211 41.2494
171.4 50.2799 0.351161 4.06485 41.2548
171.5 50.0117 0.345794 4.01759 41.2602
171.6 49.7385 0.340489 3.97034 41.2655
171.7 49.4602 0.335246 3.92308 41.2708
171.8 49.1769 0.330066 3.87582 41.2759
171.9 48.8883 0.324948 3.82857 41.2811
172 48.5943 0.319893 3.78131 41.2861
172.1 48.2949 0.3149 3.73405 41.2911
172.2 47.99 0.309969 3.68679 41.296
172.3 47.6794 0.305101 3.63953 41.3009
172.4 47.363 0.300295 3.59227 41.3057
172.5 47.0408 0.295552 3.54502 41.3104
172.6 46.7125 0.290871 3.49776 41.3151
172.7 46.3782 0.286253 3.4505 41.3197
172.8 46.0377 0.281697 3.40324 41.3243
172.9 45.6909 0.277204 3.35598 41.3288
173 45.3376 0.272773 3.30871 41.3332
173.1 44.9777 0.268405 3.26145 41.3376
173.2 44.6112 0.264099 3.21419 41.3419
173.3 44.2379 0.259856 3.16693 41.3461
173.4 43.8576 0.255676 3.11967 41.3503
173.5 43.4704 0.251558 3.07241 41.3544
173.6 43.0759 0.247502 3.02514 41.3585
173.7 42.6742 0.243509 2.97788 41.3625
173.8 42.2651 0.239579 2.93062 41.3664
173.9 41.8484 0.235712 2.88336 41.3703
174 41.4241 0.231907 2.83609 41.3741
174.1 40.992 0.228165 2.78883 41.3778
174.2 40.5519 0.224485 2.74156 41.3815
174.3 40.1039 0.220868 2.6943 41.3851
174.4 39.6477 0.217314 2.64704 41.3887
174.5 39.1832 0.213823 2.59977 41.3922
174.6 38.7104 0.210394 2.55251 41.3956
174.7 38.229 0.207028 2.50524 41.399
174.8 37.739 0.203725 2.45798 41.4023
174.9 37.2403 0.200485 2.41071 41.4055
175 36.7327 0.197307 2.36345 41.4087
175.1 36.2161 0.194192 2.31618 41.4118
175.2 35.6905 0.19114 2.26891 41.4149
175.3 35.1557 0.18815 2.22165 41.4178
175.4 34.6116 0.185224 2.17438 41.4208
175.5 34.0582 0.18236 2.12712 41.4236
175.6 33.4953 0.179559 2.07985 41.4264
175.7 32.9229 0.176821 2.03258 41.4292
175.8 32.3409 0.174145 1.98532 41.4319
175.9 31.7492 0.171533 1.93805 41.4345
176 31.1478 0.168983 1.89078 41.437
176.1 30.5367 0.166496 1.84351 41.4395
176.2 29.9157 0.164072 1.79625 41.4419
176.3 29.2848 0.161711 1.74898 41.4443
176.4 28.6441 0.159413 1.70171 41.4466
176.5 27.9934 0.157178 1.65444 41.4488
176.6 27.3329 0.155005 1.60717 41.451
176.7 26.6625 0.152896 1.55991 41.4531
176.8 25.9823 0.150849 1.51264 41.4552
176.9 25.2922 0.148866 1.46537 41.4571
177 24.5923 0.146945 1.4181 41.4591
177.1 23.8828 0.145087 1.37083 41.4609
177.2 23.1636 0.143292 1.32356 41.4627
177.3 22.4349 0.14156 1.27629 41.4644
177.4 21.6968 0.139891 1.22902 41.4661
177.5 20.9494 0.138285 1.18175 41.4677
177.6 20.1929 0.136741 1.13448 41.4693
177.7 19.4274 0.135261 1.08722 41.4707
177.8 18.6531 0.133844 1.03995 41.4722
177.9 17.8703 0.13249 0.992676 41.4735
178 17.0791 0.131198 0.945406 41.4748
178.1 16.2798 0.12997 0.898136 41.476
178.2 15.4726 0.128804 0.850866 41.4772
178.3 14.6579 0.127702 0.803596 41.4783
178.4 13.8358 0.126662 0.756326 41.4793
178.5 13.0068 0.125686 0.709056 41.4803
178.6 12.1712 0.124772 0.661786 41.4812
178.7 11.3293 0.123922 0.614516 41.4821
178.8 10.4814 0.123134 0.567246 41.4829
178.9 9.62809 0.12241 0.519975 41.4836
179 8.7696 0.121748 0.472705 41.4843
179.1 7.9064 0.12115 0.425435 41.4849
179.2 7.03892 0.120614 0.378164 41.4854
179.3 6.1676 0.120142 0.330894 41.4859
179.4 5.29288 0.119732 0.283623 41.4863
179.5 4.41525 0.119386 0.236353 41.4866
179.6 3.53516 0.119102 0.189082 41.4869
179.7 2.6531 0.118882 0.141812 41.4871
179.8 1.76956 0.118724 0.0945411 41.4873
179.9 0.885028 0.11863 0.0472706 41.4874
