#kinematics calculation of gsex
#vertex z = 300 mm, E_reaction = 52.594 MeV
#theta_cm, theta3_lab, Ek3_lab, theta4_lab, Ek4_lab
0 0 48.0508 0 0.103248
0.1 0.0476386 48.0507 1.02847 0.103285
0.2 0.0952773 48.0506 2.05618 0.103395
0.3 0.142916 48.0504 3.08238 0.103577
0.4 0.190555 48.0502 4.10629 0.103833
0.5 0.238193 48.0498 5.12719 0.104161
0.6 0.285832 48.0494 6.14435 0.104563
0.7 0.33347 48.049 7.15704 0.105038
0.8 0.381109 48.0484 8.16457 0.105585
0.9 0.428747 48.0478 9.16627 0.106206
1 0.476386 48.0471 10.1615 0.1069
1.1 0.524024 48.0463 11.1496 0.107667
1.2 0.571663 48.0455 12.13 0.108506
1.3 0.619301 48.0446 13.1021 0.109419
1.4 0.66694 48.0436 14.0653 0.110405
1.5 0.714578 48.0425 15.0193 0.111464
1.6 0.762216 48.0414 15.9634 0.112596
1.7 0.809854 48.0402 16.8972 0.1138
1.8 0.857492 48.0389 17.8204 0.115078
1.9 0.905131 48.0376 18.7325 0.116429
2 0.952769 48.0361 19.6333 0.117853
2.1 1.00041 48.0347 20.5223 0.11935
2.2 1.04804 48.0331 21.3994 0.120919
2.3 1.09568 48.0314 22.2642 0.122562
2.4 1.14332 48.0297 23.1165 0.124278
2.5 1.19096 48.0279 23.9563 0.126067
2.6 1.2386 48.0261 24.7832 0.127928
2.7 1.28623 48.0241 25.5972 0.129863
2.8 1.33387 48.0221 26.3983 0.13187
2.9 1.38151 48.02 27.1862 0.133951
3 1.42914 48.0179 27.961 0.136104
3.1 1.47678 48.0157 28.7226 0.138331
3.2 1.52442 48.0134 29.4711 0.14063
3.3 1.57206 48.011 30.2064 0.143002
3.4 1.61969 48.0086 30.9286 0.145447
3.5 1.66733 48.006 31.6377 0.147965
3.6 1.71497 48.0034 32.3338 0.150556
3.7 1.7626 48.0008 33.0171 0.15322
3.8 1.81024 47.998 33.6875 0.155956
3.9 1.85787 47.9952 34.3452 0.158766
4 1.90551 47.9924 34.9904 0.161648
4.1 1.95315 47.9894 35.6231 0.164604
4.2 2.00078 47.9864 36.2435 0.167632
4.3 2.04842 47.9833 36.8517 0.170733
4.4 2.09605 47.9801 37.448 0.173906
4.5 2.14369 47.9768 38.0325 0.177153
4.6 2.19132 47.9735 38.6053 0.180472
4.7 2.23896 47.9701 39.1666 0.183864
4.8 2.28659 47.9667 39.7167 0.187329
4.9 2.33423 47.9631 40.2556 0.190867
5 2.38186 47.9595 40.7836 0.194478
5.1 2.4295 47.9558 41.3009 0.198161
5.2 2.47713 47.9521 41.8076 0.201917
5.3 2.52477 47.9483 42.304 0.205745
5.4 2.5724 47.9444 42.7902 0.209647
5.5 2.62003 47.9404 43.2664 0.213621
5.6 2.66767 47.9363 43.7328 0.217668
5.7 2.7153 47.9322 44.1896 0.221787
5.8 2.76293 47.928 44.6371 0.225979
5.9 2.81057 47.9238 45.0753 0.230244
6 2.8582 47.9194 45.5044 0.234582
6.1 2.90583 47.915 45.9247 0.238992
6.2 2.95346 47.9105 46.3364 0.243474
6.3 3.0011 47.906 46.7395 0.24803
6.4 3.04873 47.9013 47.1343 0.252658
6.5 3.09636 47.8966 47.521 0.257358
6.6 3.14399 47.8919 47.8998 0.262131
6.7 3.19162 47.887 48.2707 0.266977
6.8 3.23925 47.8821 48.634 0.271895
6.9 3.28688 47.8771 48.9899 0.276885
7 3.33451 47.8721 49.3384 0.281948
7.1 3.38214 47.8669 49.6798 0.287084
7.2 3.42977 47.8617 50.0142 0.292292
7.3 3.4774 47.8564 50.3418 0.297573
7.4 3.52503 47.8511 50.6627 0.302926
7.5 3.57266 47.8456 50.977 0.308351
7.6 3.62029 47.8402 51.285 0.313849
7.7 3.66792 47.8346 51.5867 0.319419
7.8 3.71555 47.8289 51.8823 0.325062
7.9 3.76318 47.8232 52.1718 0.330776
8 3.81081 47.8174 52.4556 0.336564
8.1 3.85843 47.8116 52.7336 0.342423
8.2 3.90606 47.8056 53.006 0.348355
8.3 3.95369 47.7996 53.2729 0.354359
8.4 4.00132 47.7936 53.5345 0.360436
8.5 4.04894 47.7874 53.7908 0.366584
8.6 4.09657 47.7812 54.042 0.372805
8.7 4.14419 47.7749 54.2882 0.379098
8.8 4.19182 47.7685 54.5295 0.385464
8.9 4.23945 47.7621 54.766 0.391901
9 4.28707 47.7556 54.9978 0.398411
9.1 4.3347 47.749 55.225 0.404992
9.2 4.38232 47.7424 55.4477 0.411646
9.3 4.42994 47.7356 55.666 0.418372
9.4 4.47757 47.7288 55.88 0.42517
9.5 4.52519 47.722 56.0898 0.43204
9.6 4.57282 47.715 56.2955 0.438982
9.7 4.62044 47.708 56.4971 0.445996
9.8 4.66806 47.7009 56.6948 0.453082
9.9 4.71568 47.6938 56.8887 0.46024
10 4.76331 47.6865 57.0787 0.46747
10.1 4.81093 47.6792 57.2651 0.474772
10.2 4.85855 47.6719 57.4478 0.482146
10.3 4.90617 47.6644 57.627 0.489592
10.4 4.95379 47.6569 57.8027 0.497109
10.5 5.00141 47.6493 57.9749 0.504699
10.6 5.04903 47.6416 58.1439 0.51236
10.7 5.09665 47.6339 58.3096 0.520093
10.8 5.14427 47.6261 58.4721 0.527897
10.9 5.19189 47.6182 58.6314 0.535774
11 5.23951 47.6103 58.7877 0.543722
11.1 5.28712 47.6023 58.941 0.551742
11.2 5.33474 47.5942 59.0913 0.559833
11.3 5.38236 47.586 59.2388 0.567996
11.4 5.42998 47.5778 59.3834 0.576231
11.5 5.47759 47.5695 59.5253 0.584537
11.6 5.52521 47.5611 59.6644 0.592915
11.7 5.57283 47.5526 59.8008 0.601365
11.8 5.62044 47.5441 59.9347 0.609886
11.9 5.66806 47.5355 60.066 0.618478
12 5.71567 47.5269 60.1947 0.627142
12.1 5.76328 47.5181 60.321 0.635877
12.2 5.8109 47.5093 60.4449 0.644684
12.3 5.85851 47.5004 60.5664 0.653562
12.4 5.90612 47.4915 60.6856 0.662512
12.5 5.95374 47.4825 60.8026 0.671533
12.6 6.00135 47.4734 60.9172 0.680625
12.7 6.04896 47.4642 61.0297 0.689788
12.8 6.09657 47.455 61.1401 0.699023
12.9 6.14418 47.4457 61.2483 0.708328
13 6.19179 47.4363 61.3544 0.717705
13.1 6.2394 47.4268 61.4585 0.727154
13.2 6.28701 47.4173 61.5606 0.736673
13.3 6.33462 47.4077 61.6608 0.746263
13.4 6.38223 47.3981 61.759 0.755925
13.5 6.42984 47.3883 61.8554 0.765657
13.6 6.47745 47.3785 61.9498 0.775461
13.7 6.52505 47.3687 62.0425 0.785335
13.8 6.57266 47.3587 62.1334 0.795281
13.9 6.62027 47.3487 62.2225 0.805297
14 6.66787 47.3386 62.3099 0.815384
14.1 6.71548 47.3285 62.3956 0.825543
14.2 6.76308 47.3182 62.4796 0.835772
14.3 6.81069 47.3079 62.562 0.846071
14.4 6.85829 47.2976 62.6428 0.856442
14.5 6.90589 47.2871 62.722 0.866883
14.6 6.9535 47.2766 62.7996 0.877395
14.7 7.0011 47.266 62.8757 0.887978
14.8 7.0487 47.2554 62.9503 0.898631
14.9 7.0963 47.2446 63.0235 0.909355
15 7.1439 47.2339 63.0952 0.920149
15.1 7.1915 47.223 63.1655 0.931014
15.2 7.2391 47.2121 63.2343 0.94195
15.3 7.2867 47.201 63.3018 0.952956
15.4 7.3343 47.19 63.368 0.964032
15.5 7.3819 47.1788 63.4328 0.975179
15.6 7.4295 47.1676 63.4963 0.986396
15.7 7.47709 47.1563 63.5585 0.997684
15.8 7.52469 47.145 63.6195 1.00904
15.9 7.57229 47.1335 63.6792 1.02047
16 7.61988 47.122 63.7376 1.03197
16.1 7.66748 47.1105 63.7949 1.04354
16.2 7.71507 47.0988 63.851 1.05518
16.3 7.76266 47.0871 63.9059 1.06688
16.4 7.81026 47.0753 63.9597 1.07866
16.5 7.85785 47.0635 64.0123 1.09051
16.6 7.90544 47.0516 64.0638 1.10243
16.7 7.95303 47.0396 64.1142 1.11442
16.8 8.00063 47.0275 64.1636 1.12648
16.9 8.04822 47.0154 64.2119 1.13861
17 8.09581 47.0032 64.2591 1.15081
17.1 8.14339 46.9909 64.3053 1.16308
17.2 8.19098 46.9786 64.3505 1.17541
17.3 8.23857 46.9662 64.3947 1.18782
17.4 8.28616 46.9537 64.4379 1.2003
17.5 8.33375 46.9412 64.4802 1.21285
17.6 8.38133 46.9285 64.5215 1.22546
17.7 8.42892 46.9158 64.5619 1.23815
17.8 8.4765 46.9031 64.6013 1.25091
17.9 8.52409 46.8903 64.6398 1.26373
18 8.57167 46.8774 64.6774 1.27663
18.1 8.61925 46.8644 64.7142 1.28959
18.2 8.66684 46.8514 64.7501 1.30263
18.3 8.71442 46.8383 64.7851 1.31573
18.4 8.762 46.8251 64.8193 1.3289
18.5 8.80958 46.8119 64.8526 1.34215
18.6 8.85716 46.7985 64.8851 1.35546
18.7 8.90474 46.7852 64.9168 1.36884
18.8 8.95232 46.7717 64.9477 1.38229
18.9 8.9999 46.7582 64.9779 1.39581
19 9.04747 46.7446 65.0072 1.4094
19.1 9.09505 46.7309 65.0358 1.42305
19.2 9.14263 46.7172 65.0636 1.43678
19.3 9.1902 46.7034 65.0907 1.45058
19.4 9.23778 46.6896 65.1171 1.46444
19.5 9.28535 46.6756 65.1427 1.47837
19.6 9.33292 46.6616 65.1677 1.49237
19.7 9.3805 46.6476 65.1919 1.50644
19.8 9.42807 46.6334 65.2154 1.52058
19.9 9.47564 46.6192 65.2383 1.53479
20 9.52321 46.6049 65.2605 1.54907
20.1 9.57078 46.5906 65.282 1.56341
20.2 9.61835 46.5762 65.3028 1.57783
20.3 9.66592 46.5617 65.323 1.59231
20.4 9.71349 46.5471 65.3426 1.60686
20.5 9.76105 46.5325 65.3616 1.62148
20.6 9.80862 46.5178 65.3799 1.63617
20.7 9.85619 46.5031 65.3976 1.65093
20.8 9.90375 46.4882 65.4147 1.66575
20.9 9.95132 46.4734 65.4312 1.68064
21 9.99888 46.4584 65.4471 1.6956
21.1 10.0464 46.4434 65.4625 1.71063
21.2 10.094 46.4283 65.4773 1.72573
21.3 10.1416 46.4131 65.4915 1.7409
21.4 10.1891 46.3979 65.5051 1.75613
21.5 10.2367 46.3826 65.5182 1.77143
21.6 10.2842 46.3672 65.5307 1.7868
21.7 10.3318 46.3518 65.5428 1.80224
21.8 10.3794 46.3363 65.5542 1.81774
21.9 10.4269 46.3207 65.5652 1.83332
22 10.4745 46.305 65.5756 1.84896
22.1 10.522 46.2893 65.5856 1.86467
22.2 10.5696 46.2736 65.595 1.88044
22.3 10.6171 46.2577 65.6039 1.89629
22.4 10.6647 46.2418 65.6124 1.9122
22.5 10.7122 46.2258 65.6203 1.92818
22.6 10.7598 46.2098 65.6278 1.94422
22.7 10.8073 46.1937 65.6348 1.96034
22.8 10.8549 46.1775 65.6413 1.97652
22.9 10.9024 46.1612 65.6474 1.99276
23 10.95 46.1449 65.653 2.00908
23.1 10.9975 46.1285 65.6581 2.02546
23.2 11.0451 46.1121 65.6628 2.04191
23.3 11.0926 46.0956 65.6671 2.05843
23.4 11.1402 46.079 65.671 2.07501
23.5 11.1877 46.0623 65.6744 2.09167
23.6 11.2353 46.0456 65.6774 2.10838
23.7 11.2828 46.0288 65.6799 2.12517
23.8 11.3303 46.012 65.6821 2.14202
23.9 11.3779 45.9951 65.6838 2.15894
24 11.4254 45.9781 65.6851 2.17593
24.1 11.473 45.961 65.6861 2.19298
24.2 11.5205 45.9439 65.6866 2.2101
24.3 11.568 45.9267 65.6868 2.22728
24.4 11.6156 45.9095 65.6865 2.24454
24.5 11.6631 45.8921 65.6859 2.26185
24.6 11.7106 45.8748 65.6849 2.27924
24.7 11.7582 45.8573 65.6835 2.29669
24.8 11.8057 45.8398 65.6818 2.31421
24.9 11.8532 45.8222 65.6797 2.33179
25 11.9008 45.8046 65.6772 2.34944
25.1 11.9483 45.7868 65.6744 2.36716
25.2 11.9958 45.7691 65.6712 2.38494
25.3 12.0434 45.7512 65.6677 2.40279
25.4 12.0909 45.7333 65.6638 2.42071
25.5 12.1384 45.7153 65.6596 2.43869
25.6 12.1859 45.6973 65.6551 2.45673
25.7 12.2335 45.6792 65.6502 2.47485
25.8 12.281 45.661 65.645 2.49303
25.9 12.3285 45.6427 65.6394 2.51127
26 12.376 45.6244 65.6336 2.52958
26.1 12.4236 45.606 65.6274 2.54796
26.2 12.4711 45.5876 65.6209 2.5664
26.3 12.5186 45.5691 65.6141 2.5849
26.4 12.5661 45.5505 65.607 2.60347
26.5 12.6136 45.5319 65.5995 2.62211
26.6 12.6611 45.5132 65.5918 2.64082
26.7 12.7087 45.4944 65.5838 2.65958
26.8 12.7562 45.4756 65.5755 2.67842
26.9 12.8037 45.4567 65.5669 2.69732
27 12.8512 45.4377 65.558 2.71628
27.1 12.8987 45.4187 65.5488 2.73531
27.2 12.9462 45.3996 65.5393 2.7544
27.3 12.9937 45.3804 65.5295 2.77356
27.4 13.0412 45.3612 65.5195 2.79278
27.5 13.0887 45.3419 65.5092 2.81207
27.6 13.1362 45.3226 65.4986 2.83143
27.7 13.1838 45.3032 65.4878 2.85084
27.8 13.2313 45.2837 65.4767 2.87033
27.9 13.2788 45.2641 65.4653 2.88987
28 13.3263 45.2445 65.4536 2.90949
28.1 13.3738 45.2248 65.4417 2.92916
28.2 13.4213 45.2051 65.4296 2.9489
28.3 13.4688 45.1853 65.4172 2.96871
28.4 13.5163 45.1654 65.4045 2.98858
28.5 13.5638 45.1455 65.3916 3.00851
28.6 13.6113 45.1255 65.3785 3.02851
28.7 13.6588 45.1054 65.3651 3.04857
28.8 13.7062 45.0853 65.3514 3.0687
28.9 13.7537 45.0651 65.3376 3.08889
29 13.8012 45.0449 65.3234 3.10914
29.1 13.8487 45.0245 65.3091 3.12946
29.2 13.8962 45.0042 65.2945 3.14984
29.3 13.9437 44.9837 65.2797 3.17028
29.4 13.9912 44.9632 65.2647 3.19079
29.5 14.0387 44.9426 65.2494 3.21137
29.6 14.0862 44.922 65.234 3.232
29.7 14.1336 44.9013 65.2183 3.2527
29.8 14.1811 44.8805 65.2023 3.27346
29.9 14.2286 44.8597 65.1862 3.29429
30 14.2761 44.8388 65.1699 3.31518
30.1 14.3236 44.8179 65.1533 3.33613
30.2 14.371 44.7968 65.1365 3.35715
30.3 14.4185 44.7758 65.1196 3.37823
30.4 14.466 44.7546 65.1024 3.39937
30.5 14.5135 44.7334 65.085 3.42058
30.6 14.561 44.7122 65.0674 3.44185
30.7 14.6084 44.6908 65.0496 3.46318
30.8 14.6559 44.6694 65.0316 3.48457
30.9 14.7034 44.648 65.0135 3.50603
31 14.7508 44.6265 64.9951 3.52755
31.1 14.7983 44.6049 64.9765 3.54913
31.2 14.8458 44.5832 64.9577 3.57077
31.3 14.8932 44.5615 64.9388 3.59248
31.4 14.9407 44.5398 64.9197 3.61425
31.5 14.9882 44.5179 64.9003 3.63608
31.6 15.0356 44.496 64.8808 3.65798
31.7 15.0831 44.4741 64.8611 3.67993
31.8 15.1306 44.4521 64.8413 3.70195
31.9 15.178 44.43 64.8212 3.72403
32 15.2255 44.4078 64.801 3.74617
32.1 15.2729 44.3856 64.7806 3.76838
32.2 15.3204 44.3634 64.76 3.79064
32.3 15.3678 44.341 64.7392 3.81297
32.4 15.4153 44.3186 64.7183 3.83536
32.5 15.4627 44.2962 64.6972 3.85781
32.6 15.5102 44.2737 64.676 3.88033
32.7 15.5576 44.2511 64.6545 3.9029
32.8 15.6051 44.2285 64.6329 3.92554
32.9 15.6525 44.2058 64.6112 3.94823
33 15.7 44.183 64.5893 3.97099
33.1 15.7474 44.1602 64.5672 3.99381
33.2 15.7949 44.1373 64.545 4.01669
33.3 15.8423 44.1144 64.5226 4.03963
33.4 15.8898 44.0914 64.5 4.06264
33.5 15.9372 44.0683 64.4773 4.0857
33.6 15.9846 44.0452 64.4544 4.10883
33.7 16.0321 44.022 64.4314 4.13201
33.8 16.0795 43.9987 64.4082 4.15526
33.9 16.1269 43.9754 64.3849 4.17857
34 16.1744 43.9521 64.3615 4.20193
34.1 16.2218 43.9286 64.3379 4.22536
34.2 16.2692 43.9051 64.3141 4.24885
34.3 16.3167 43.8816 64.2902 4.2724
34.4 16.3641 43.858 64.2661 4.29601
34.5 16.4115 43.8343 64.2419 4.31968
34.6 16.4589 43.8106 64.2176 4.34341
34.7 16.5064 43.7868 64.1931 4.3672
34.8 16.5538 43.7629 64.1685 4.39105
34.9 16.6012 43.739 64.1438 4.41496
35 16.6486 43.7151 64.1189 4.43893
35.1 16.6961 43.691 64.0939 4.46296
35.2 16.7435 43.6669 64.0687 4.48705
35.3 16.7909 43.6428 64.0434 4.5112
35.4 16.8383 43.6186 64.018 4.53541
35.5 16.8857 43.5943 63.9924 4.55968
35.6 16.9331 43.57 63.9668 4.58401
35.7 16.9805 43.5456 63.941 4.60839
35.8 17.0279 43.5212 63.915 4.63284
35.9 17.0754 43.4967 63.8889 4.65735
36 17.1228 43.4721 63.8627 4.68191
36.1 17.1702 43.4475 63.8364 4.70654
36.2 17.2176 43.4228 63.81 4.73122
36.3 17.265 43.398 63.7834 4.75596
36.4 17.3124 43.3732 63.7567 4.78076
36.5 17.3598 43.3484 63.7299 4.80562
36.6 17.4072 43.3235 63.703 4.83054
36.7 17.4546 43.2985 63.676 4.85552
36.8 17.502 43.2734 63.6488 4.88055
36.9 17.5494 43.2484 63.6215 4.90565
37 17.5968 43.2232 63.5941 4.9308
37.1 17.6441 43.198 63.5666 4.95601
37.2 17.6915 43.1727 63.539 4.98128
37.3 17.7389 43.1474 63.5112 5.00661
37.4 17.7863 43.122 63.4834 5.03199
37.5 17.8337 43.0966 63.4554 5.05744
37.6 17.8811 43.0711 63.4273 5.08294
37.7 17.9285 43.0455 63.3991 5.1085
37.8 17.9758 43.0199 63.3708 5.13411
37.9 18.0232 42.9942 63.3424 5.15979
38 18.0706 42.9685 63.3139 5.18552
38.1 18.118 42.9427 63.2853 5.21131
38.2 18.1653 42.9168 63.2566 5.23716
38.3 18.2127 42.8909 63.2278 5.26306
38.4 18.2601 42.865 63.1988 5.28902
38.5 18.3075 42.839 63.1698 5.31504
38.6 18.3548 42.8129 63.1406 5.34112
38.7 18.4022 42.7867 63.1114 5.36725
38.8 18.4496 42.7606 63.0821 5.39344
38.9 18.4969 42.7343 63.0526 5.41969
39 18.5443 42.708 63.0231 5.44599
39.1 18.5917 42.6816 62.9934 5.47236
39.2 18.639 42.6552 62.9637 5.49877
39.3 18.6864 42.6288 62.9339 5.52525
39.4 18.7337 42.6022 62.9039 5.55178
39.5 18.7811 42.5756 62.8739 5.57836
39.6 18.8284 42.549 62.8438 5.60501
39.7 18.8758 42.5223 62.8136 5.63171
39.8 18.9231 42.4955 62.7832 5.65846
39.9 18.9705 42.4687 62.7528 5.68528
40 19.0178 42.4419 62.7223 5.71214
40.1 19.0652 42.4149 62.6917 5.73907
40.2 19.1125 42.388 62.6611 5.76605
40.3 19.1599 42.3609 62.6303 5.79308
40.4 19.2072 42.3338 62.5994 5.82018
40.5 19.2545 42.3067 62.5685 5.84732
40.6 19.3019 42.2795 62.5374 5.87452
40.7 19.3492 42.2522 62.5063 5.90178
40.8 19.3965 42.2249 62.4751 5.9291
40.9 19.4439 42.1975 62.4438 5.95646
41 19.4912 42.1701 62.4124 5.98389
41.1 19.5385 42.1426 62.3809 6.01137
41.2 19.5859 42.1151 62.3494 6.0389
41.3 19.6332 42.0875 62.3178 6.06649
41.4 19.6805 42.0599 62.286 6.09413
41.5 19.7278 42.0322 62.2542 6.12183
41.6 19.7752 42.0044 62.2223 6.14959
41.7 19.8225 41.9766 62.1904 6.17739
41.8 19.8698 41.9487 62.1583 6.20526
41.9 19.9171 41.9208 62.1262 6.23317
42 19.9644 41.8929 62.094 6.26114
42.1 20.0117 41.8648 62.0617 6.28917
42.2 20.0591 41.8368 62.0293 6.31725
42.3 20.1064 41.8086 61.9969 6.34538
42.4 20.1537 41.7804 61.9643 6.37357
42.5 20.201 41.7522 61.9317 6.40181
42.6 20.2483 41.7239 61.899 6.43011
42.7 20.2956 41.6955 61.8663 6.45846
42.8 20.3429 41.6671 61.8334 6.48686
42.9 20.3902 41.6387 61.8005 6.51532
43 20.4375 41.6102 61.7676 6.54383
43.1 20.4848 41.5816 61.7345 6.57239
43.2 20.5321 41.553 61.7014 6.60101
43.3 20.5794 41.5243 61.6682 6.62968
43.4 20.6266 41.4956 61.6349 6.6584
43.5 20.6739 41.4668 61.6015 6.68718
43.6 20.7212 41.438 61.5681 6.71601
43.7 20.7685 41.4091 61.5346 6.74489
43.8 20.8158 41.3802 61.5011 6.77382
43.9 20.8631 41.3512 61.4674 6.80281
44 20.9103 41.3221 61.4337 6.83185
44.1 20.9576 41.2931 61.4 6.86094
44.2 21.0049 41.2639 61.3661 6.89009
44.3 21.0522 41.2347 61.3322 6.91929
44.4 21.0994 41.2055 61.2982 6.94854
44.5 21.1467 41.1762 61.2642 6.97784
44.6 21.194 41.1468 61.2301 7.00719
44.7 21.2412 41.1174 61.1959 7.0366
44.8 21.2885 41.0879 61.1617 7.06606
44.9 21.3358 41.0584 61.1273 7.09557
45 21.383 41.0289 61.093 7.12513
45.1 21.4303 40.9993 61.0585 7.15474
45.2 21.4775 40.9696 61.024 7.1844
45.3 21.5248 40.9399 60.9895 7.21412
45.4 21.5721 40.9101 60.9548 7.24389
45.5 21.6193 40.8803 60.9201 7.27371
45.6 21.6666 40.8504 60.8854 7.30358
45.7 21.7138 40.8205 60.8506 7.3335
45.8 21.761 40.7905 60.8157 7.36347
45.9 21.8083 40.7605 60.7807 7.39349
46 21.8555 40.7304 60.7457 7.42357
46.1 21.9028 40.7003 60.7107 7.45369
46.2 21.95 40.6701 60.6755 7.48387
46.3 21.9972 40.6399 60.6403 7.51409
46.4 22.0445 40.6096 60.6051 7.54437
46.5 22.0917 40.5793 60.5698 7.5747
46.6 22.1389 40.5489 60.5344 7.60507
46.7 22.1862 40.5185 60.499 7.6355
46.8 22.2334 40.488 60.4635 7.66598
46.9 22.2806 40.4575 60.428 7.6965
47 22.3278 40.4269 60.3924 7.72708
47.1 22.375 40.3963 60.3567 7.75771
47.2 22.4223 40.3656 60.321 7.78838
47.3 22.4695 40.3349 60.2853 7.81911
47.4 22.5167 40.3041 60.2495 7.84989
47.5 22.5639 40.2733 60.2136 7.88071
47.6 22.6111 40.2424 60.1776 7.91159
47.7 22.6583 40.2115 60.1417 7.94251
47.8 22.7055 40.1805 60.1056 7.97348
47.9 22.7527 40.1495 60.0695 8.0045
48 22.7999 40.1184 60.0334 8.03558
48.1 22.8471 40.0873 59.9972 8.06669
48.2 22.8943 40.0561 59.9609 8.09786
48.3 22.9415 40.0249 59.9246 8.12908
48.4 22.9887 39.9937 59.8882 8.16035
48.5 23.0359 39.9623 59.8518 8.19166
48.6 23.0831 39.931 59.8154 8.22302
48.7 23.1303 39.8996 59.7788 8.25443
48.8 23.1775 39.8681 59.7423 8.28589
48.9 23.2246 39.8366 59.7057 8.3174
49 23.2718 39.805 59.669 8.34896
49.1 23.319 39.7734 59.6323 8.38056
49.2 23.3662 39.7418 59.5955 8.41221
49.3 23.4134 39.7101 59.5587 8.44391
49.4 23.4605 39.6783 59.5218 8.47565
49.5 23.5077 39.6466 59.4849 8.50745
49.6 23.5549 39.6147 59.4479 8.53929
49.7 23.602 39.5828 59.4109 8.57118
49.8 23.6492 39.5509 59.3738 8.60311
49.9 23.6964 39.5189 59.3367 8.6351
50 23.7435 39.4869 59.2996 8.66713
50.1 23.7907 39.4548 59.2623 8.6992
50.2 23.8378 39.4227 59.2251 8.73133
50.3 23.885 39.3905 59.1878 8.7635
50.4 23.9321 39.3583 59.1504 8.79572
50.5 23.9793 39.326 59.113 8.82798
50.6 24.0264 39.2937 59.0756 8.86029
50.7 24.0736 39.2614 59.0381 8.89265
50.8 24.1207 39.229 59.0006 8.92505
50.9 24.1678 39.1965 58.963 8.9575
51 24.215 39.164 58.9254 8.98999
51.1 24.2621 39.1315 58.8877 9.02253
51.2 24.3092 39.0989 58.85 9.05512
51.3 24.3564 39.0662 58.8122 9.08775
51.4 24.4035 39.0336 58.7744 9.12043
51.5 24.4506 39.0008 58.7366 9.15316
51.6 24.4977 38.9681 58.6987 9.18592
51.7 24.5449 38.9353 58.6608 9.21874
51.8 24.592 38.9024 58.6228 9.2516
51.9 24.6391 38.8695 58.5848 9.2845
52 24.6862 38.8365 58.5467 9.31745
52.1 24.7333 38.8036 58.5086 9.35045
52.2 24.7804 38.7705 58.4705 9.38349
52.3 24.8275 38.7374 58.4323 9.41657
52.4 24.8746 38.7043 58.3941 9.4497
52.5 24.9217 38.6711 58.3558 9.48288
52.6 24.9688 38.6379 58.3175 9.5161
52.7 25.0159 38.6046 58.2792 9.54936
52.8 25.063 38.5713 58.2408 9.58267
52.9 25.1101 38.538 58.2023 9.61602
53 25.1572 38.5046 58.1639 9.64941
53.1 25.2043 38.4711 58.1253 9.68285
53.2 25.2514 38.4377 58.0868 9.71633
53.3 25.2985 38.4041 58.0482 9.74986
53.4 25.3455 38.3706 58.0096 9.78343
53.5 25.3926 38.337 57.9709 9.81704
53.6 25.4397 38.3033 57.9322 9.8507
53.7 25.4868 38.2696 57.8935 9.8844
53.8 25.5338 38.2359 57.8547 9.91815
53.9 25.5809 38.2021 57.8159 9.95193
54 25.628 38.1682 57.777 9.98576
54.1 25.675 38.1344 57.7381 10.0196
54.2 25.7221 38.1004 57.6992 10.0536
54.3 25.7691 38.0665 57.6602 10.0875
54.4 25.8162 38.0325 57.6212 10.1215
54.5 25.8632 37.9984 57.5821 10.1556
54.6 25.9103 37.9644 57.5431 10.1896
54.7 25.9573 37.9302 57.5039 10.2238
54.8 26.0044 37.8961 57.4648 10.2579
54.9 26.0514 37.8618 57.4256 10.2922
55 26.0985 37.8276 57.3864 10.3264
55.1 26.1455 37.7933 57.3471 10.3607
55.2 26.1925 37.759 57.3078 10.395
55.3 26.2396 37.7246 57.2685 10.4294
55.4 26.2866 37.6902 57.2291 10.4638
55.5 26.3336 37.6557 57.1897 10.4983
55.6 26.3806 37.6212 57.1502 10.5328
55.7 26.4277 37.5866 57.1108 10.5674
55.8 26.4747 37.5521 57.0713 10.6019
55.9 26.5217 37.5174 57.0317 10.6366
56 26.5687 37.4828 56.9921 10.6712
56.1 26.6157 37.448 56.9525 10.706
56.2 26.6627 37.4133 56.9129 10.7407
56.3 26.7097 37.3785 56.8732 10.7755
56.4 26.7567 37.3437 56.8335 10.8103
56.5 26.8037 37.3088 56.7938 10.8452
56.6 26.8507 37.2739 56.754 10.8801
56.7 26.8977 37.2389 56.7142 10.9151
56.8 26.9447 37.2039 56.6743 10.9501
56.9 26.9917 37.1689 56.6345 10.9851
57 27.0387 37.1338 56.5945 11.0202
57.1 27.0857 37.0987 56.5546 11.0553
57.2 27.1327 37.0636 56.5146 11.0904
57.3 27.1796 37.0284 56.4746 11.1256
57.4 27.2266 36.9932 56.4346 11.1608
57.5 27.2736 36.9579 56.3945 11.1961
57.6 27.3205 36.9226 56.3544 11.2314
57.7 27.3675 36.8872 56.3143 11.2668
57.8 27.4145 36.8518 56.2741 11.3022
57.9 27.4614 36.8164 56.234 11.3376
58 27.5084 36.7809 56.1937 11.3731
58.1 27.5554 36.7454 56.1535 11.4086
58.2 27.6023 36.7099 56.1132 11.4441
58.3 27.6493 36.6743 56.0729 11.4797
58.4 27.6962 36.6387 56.0326 11.5153
58.5 27.7431 36.603 55.9922 11.551
58.6 27.7901 36.5673 55.9518 11.5867
58.7 27.837 36.5316 55.9113 11.6224
58.8 27.884 36.4958 55.8709 11.6582
58.9 27.9309 36.46 55.8304 11.694
59 27.9778 36.4242 55.7899 11.7298
59.1 28.0247 36.3883 55.7493 11.7657
59.2 28.0717 36.3524 55.7088 11.8016
59.3 28.1186 36.3164 55.6682 11.8376
59.4 28.1655 36.2804 55.6275 11.8736
59.5 28.2124 36.2444 55.5869 11.9096
59.6 28.2593 36.2083 55.5462 11.9457
59.7 28.3062 36.1722 55.5054 11.9818
59.8 28.3532 36.1361 55.4647 12.0179
59.9 28.4001 36.0999 55.4239 12.0541
60 28.447 36.0637 55.3831 12.0903
60.1 28.4939 36.0274 55.3423 12.1266
60.2 28.5407 35.9911 55.3014 12.1629
60.3 28.5876 35.9548 55.2606 12.1992
60.4 28.6345 35.9184 55.2196 12.2356
60.5 28.6814 35.882 55.1787 12.272
60.6 28.7283 35.8456 55.1377 12.3084
60.7 28.7752 35.8091 55.0968 12.3449
60.8 28.822 35.7726 55.0557 12.3814
60.9 28.8689 35.7361 55.0147 12.4179
61 28.9158 35.6995 54.9736 12.4545
61.1 28.9627 35.6629 54.9325 12.4911
61.2 29.0095 35.6262 54.8914 12.5278
61.3 29.0564 35.5895 54.8502 12.5645
61.4 29.1032 35.5528 54.8091 12.6012
61.5 29.1501 35.5161 54.7679 12.6379
61.6 29.1969 35.4793 54.7266 12.6747
61.7 29.2438 35.4424 54.6854 12.7116
61.8 29.2906 35.4056 54.6441 12.7484
61.9 29.3375 35.3687 54.6028 12.7853
62 29.3843 35.3318 54.5615 12.8222
62.1 29.4311 35.2948 54.5201 12.8592
62.2 29.478 35.2578 54.4788 12.8962
62.3 29.5248 35.2208 54.4374 12.9332
62.4 29.5716 35.1837 54.3959 12.9703
62.5 29.6184 35.1466 54.3545 13.0074
62.6 29.6653 35.1095 54.313 13.0445
62.7 29.7121 35.0723 54.2715 13.0817
62.8 29.7589 35.0351 54.23 13.1189
62.9 29.8057 34.9979 54.1884 13.1561
63 29.8525 34.9606 54.1469 13.1934
63.1 29.8993 34.9233 54.1053 13.2307
63.2 29.9461 34.886 54.0637 13.268
63.3 29.9929 34.8486 54.022 13.3054
63.4 30.0397 34.8112 53.9803 13.3428
63.5 30.0865 34.7738 53.9387 13.3802
63.6 30.1333 34.7363 53.8969 13.4177
63.7 30.1801 34.6988 53.8552 13.4552
63.8 30.2268 34.6613 53.8135 13.4927
63.9 30.2736 34.6237 53.7717 13.5303
64 30.3204 34.5862 53.7299 13.5678
64.1 30.3671 34.5485 53.688 13.6055
64.2 30.4139 34.5109 53.6462 13.6431
64.3 30.4607 34.4732 53.6043 13.6808
64.4 30.5074 34.4355 53.5624 13.7185
64.5 30.5542 34.3977 53.5205 13.7563
64.6 30.6009 34.3599 53.4786 13.7941
64.7 30.6477 34.3221 53.4366 13.8319
64.8 30.6944 34.2843 53.3946 13.8697
64.9 30.7412 34.2464 53.3526 13.9076
65 30.7879 34.2085 53.3106 13.9455
65.1 30.8346 34.1706 53.2686 13.9834
65.2 30.8814 34.1326 53.2265 14.0214
65.3 30.9281 34.0946 53.1844 14.0594
65.4 30.9748 34.0566 53.1423 14.0974
65.5 31.0215 34.0185 53.1002 14.1355
65.6 31.0683 33.9804 53.058 14.1736
65.7 31.115 33.9423 53.0158 14.2117
65.8 31.1617 33.9041 52.9736 14.2499
65.9 31.2084 33.866 52.9314 14.288
66 31.2551 33.8277 52.8892 14.3263
66.1 31.3018 33.7895 52.8469 14.3645
66.2 31.3485 33.7512 52.8046 14.4028
66.3 31.3952 33.7129 52.7623 14.4411
66.4 31.4419 33.6746 52.72 14.4794
66.5 31.4885 33.6362 52.6777 14.5178
66.6 31.5352 33.5979 52.6353 14.5561
66.7 31.5819 33.5594 52.5929 14.5946
66.8 31.6286 33.521 52.5505 14.633
66.9 31.6752 33.4825 52.5081 14.6715
67 31.7219 33.444 52.4657 14.71
67.1 31.7686 33.4055 52.4232 14.7485
67.2 31.8152 33.3669 52.3807 14.7871
67.3 31.8619 33.3283 52.3382 14.8257
67.4 31.9085 33.2897 52.2957 14.8643
67.5 31.9552 33.2511 52.2532 14.9029
67.6 32.0018 33.2124 52.2106 14.9416
67.7 32.0485 33.1737 52.168 14.9803
67.8 32.0951 33.135 52.1255 15.019
67.9 32.1417 33.0962 52.0828 15.0578
68 32.1884 33.0574 52.0402 15.0966
68.1 32.235 33.0186 51.9976 15.1354
68.2 32.2816 32.9798 51.9549 15.1742
68.3 32.3282 32.9409 51.9122 15.2131
68.4 32.3748 32.902 51.8695 15.252
68.5 32.4214 32.8631 51.8268 15.2909
68.6 32.468 32.8242 51.784 15.3298
68.7 32.5146 32.7852 51.7412 15.3688
68.8 32.5612 32.7462 51.6985 15.4078
68.9 32.6078 32.7072 51.6557 15.4468
69 32.6544 32.6681 51.6128 15.4859
69.1 32.701 32.6291 51.57 15.5249
69.2 32.7476 32.59 51.5272 15.564
69.3 32.7942 32.5508 51.4843 15.6032
69.4 32.8407 32.5117 51.4414 15.6423
69.5 32.8873 32.4725 51.3985 15.6815
69.6 32.9339 32.4333 51.3556 15.7207
69.7 32.9804 32.3941 51.3126 15.7599
69.8 33.027 32.3548 51.2697 15.7992
69.9 33.0735 32.3155 51.2267 15.8385
70 33.1201 32.2762 51.1837 15.8778
70.1 33.1666 32.2369 51.1407 15.9171
70.2 33.2132 32.1975 51.0976 15.9565
70.3 33.2597 32.1581 51.0546 15.9959
70.4 33.3062 32.1187 51.0115 16.0353
70.5 33.3528 32.0793 50.9684 16.0747
70.6 33.3993 32.0399 50.9253 16.1141
70.7 33.4458 32.0004 50.8822 16.1536
70.8 33.4923 31.9609 50.8391 16.1931
70.9 33.5388 31.9213 50.796 16.2327
71 33.5853 31.8818 50.7528 16.2722
71.1 33.6318 31.8422 50.7096 16.3118
71.2 33.6783 31.8026 50.6664 16.3514
71.3 33.7248 31.763 50.6232 16.391
71.4 33.7713 31.7234 50.58 16.4306
71.5 33.8178 31.6837 50.5367 16.4703
71.6 33.8643 31.644 50.4935 16.51
71.7 33.9108 31.6043 50.4502 16.5497
71.8 33.9572 31.5645 50.4069 16.5895
71.9 34.0037 31.5248 50.3636 16.6292
72 34.0502 31.485 50.3202 16.669
72.1 34.0966 31.4452 50.2769 16.7088
72.2 34.1431 31.4054 50.2335 16.7486
72.3 34.1895 31.3655 50.1902 16.7885
72.4 34.236 31.3256 50.1468 16.8284
72.5 34.2824 31.2857 50.1034 16.8683
72.6 34.3288 31.2458 50.0599 16.9082
72.7 34.3753 31.2059 50.0165 16.9481
72.8 34.4217 31.1659 49.9731 16.9881
72.9 34.4681 31.1259 49.9296 17.0281
73 34.5145 31.0859 49.8861 17.0681
73.1 34.561 31.0459 49.8426 17.1081
73.2 34.6074 31.0059 49.7991 17.1481
73.3 34.6538 30.9658 49.7556 17.1882
73.4 34.7002 30.9257 49.712 17.2283
73.5 34.7466 30.8856 49.6685 17.2684
73.6 34.793 30.8455 49.6249 17.3085
73.7 34.8394 30.8053 49.5813 17.3487
73.8 34.8857 30.7651 49.5377 17.3889
73.9 34.9321 30.725 49.4941 17.429
74 34.9785 30.6847 49.4504 17.4693
74.1 35.0249 30.6445 49.4068 17.5095
74.2 35.0712 30.6043 49.3631 17.5497
74.3 35.1176 30.564 49.3195 17.59
74.4 35.1639 30.5237 49.2758 17.6303
74.5 35.2103 30.4834 49.2321 17.6706
74.6 35.2566 30.4431 49.1883 17.7109
74.7 35.303 30.4027 49.1446 17.7513
74.8 35.3493 30.3623 49.1009 17.7917
74.9 35.3956 30.3219 49.0571 17.8321
75 35.442 30.2815 49.0133 17.8725
75.1 35.4883 30.2411 48.9695 17.9129
75.2 35.5346 30.2007 48.9257 17.9533
75.3 35.5809 30.1602 48.8819 17.9938
75.4 35.6272 30.1197 48.8381 18.0343
75.5 35.6735 30.0792 48.7942 18.0748
75.6 35.7198 30.0387 48.7504 18.1153
75.7 35.7661 29.9982 48.7065 18.1558
75.8 35.8124 29.9576 48.6626 18.1964
75.9 35.8587 29.917 48.6187 18.237
76 35.905 29.8764 48.5748 18.2776
76.1 35.9512 29.8358 48.5309 18.3182
76.2 35.9975 29.7952 48.487 18.3588
76.3 36.0438 29.7546 48.443 18.3994
76.4 36.09 29.7139 48.399 18.4401
76.5 36.1363 29.6732 48.3551 18.4808
76.6 36.1825 29.6325 48.3111 18.5215
76.7 36.2288 29.5918 48.2671 18.5622
76.8 36.275 29.5511 48.223 18.6029
76.9 36.3212 29.5103 48.179 18.6437
77 36.3675 29.4696 48.135 18.6844
77.1 36.4137 29.4288 48.0909 18.7252
77.2 36.4599 29.388 48.0468 18.766
77.3 36.5061 29.3472 48.0027 18.8068
77.4 36.5523 29.3064 47.9586 18.8476
77.5 36.5985 29.2655 47.9145 18.8885
77.6 36.6447 29.2247 47.8704 18.9293
77.7 36.6909 29.1838 47.8263 18.9702
77.8 36.7371 29.1429 47.7821 19.0111
77.9 36.7833 29.102 47.738 19.052
78 36.8295 29.0611 47.6938 19.0929
78.1 36.8756 29.0201 47.6496 19.1339
78.2 36.9218 28.9792 47.6054 19.1748
78.3 36.968 28.9382 47.5612 19.2158
78.4 37.0141 28.8972 47.517 19.2568
78.5 37.0603 28.8562 47.4728 19.2978
78.6 37.1064 28.8152 47.4285 19.3388
78.7 37.1525 28.7742 47.3843 19.3798
78.8 37.1987 28.7332 47.34 19.4208
78.9 37.2448 28.6921 47.2957 19.4619
79 37.2909 28.6511 47.2514 19.5029
79.1 37.337 28.61 47.2071 19.544
79.2 37.3832 28.5689 47.1628 19.5851
79.3 37.4293 28.5278 47.1185 19.6262
79.4 37.4754 28.4866 47.0741 19.6674
79.5 37.5215 28.4455 47.0298 19.7085
79.6 37.5675 28.4044 46.9854 19.7496
79.7 37.6136 28.3632 46.941 19.7908
79.8 37.6597 28.322 46.8966 19.832
79.9 37.7058 28.2808 46.8522 19.8732
80 37.7518 28.2396 46.8078 19.9144
80.1 37.7979 28.1984 46.7634 19.9556
80.2 37.844 28.1572 46.719 19.9968
80.3 37.89 28.116 46.6745 20.038
80.4 37.9361 28.0747 46.6301 20.0793
80.5 37.9821 28.0334 46.5856 20.1206
80.6 38.0281 27.9922 46.5411 20.1618
80.7 38.0742 27.9509 46.4966 20.2031
80.8 38.1202 27.9096 46.4521 20.2444
80.9 38.1662 27.8683 46.4076 20.2857
81 38.2122 27.8269 46.3631 20.3271
81.1 38.2582 27.7856 46.3186 20.3684
81.2 38.3042 27.7443 46.274 20.4097
81.3 38.3502 27.7029 46.2295 20.4511
81.4 38.3962 27.6615 46.1849 20.4925
81.5 38.4422 27.6202 46.1403 20.5338
81.6 38.4881 27.5788 46.0957 20.5752
81.7 38.5341 27.5374 46.0511 20.6166
81.8 38.5801 27.496 46.0065 20.658
81.9 38.626 27.4546 45.9619 20.6994
82 38.672 27.4131 45.9172 20.7409
82.1 38.7179 27.3717 45.8726 20.7823
82.2 38.7638 27.3302 45.828 20.8238
82.3 38.8098 27.2888 45.7833 20.8652
82.4 38.8557 27.2473 45.7386 20.9067
82.5 38.9016 27.2058 45.6939 20.9482
82.6 38.9475 27.1643 45.6492 20.9897
82.7 38.9934 27.1228 45.6045 21.0312
82.8 39.0394 27.0813 45.5598 21.0727
82.9 39.0852 27.0398 45.5151 21.1142
83 39.1311 26.9983 45.4703 21.1557
83.1 39.177 26.9567 45.4256 21.1973
83.2 39.2229 26.9152 45.3808 21.2388
83.3 39.2688 26.8736 45.3361 21.2804
83.4 39.3146 26.8321 45.2913 21.3219
83.5 39.3605 26.7905 45.2465 21.3635
83.6 39.4063 26.7489 45.2017 21.4051
83.7 39.4522 26.7074 45.1569 21.4466
83.8 39.498 26.6658 45.1121 21.4882
83.9 39.5439 26.6242 45.0673 21.5298
84 39.5897 26.5825 45.0224 21.5715
84.1 39.6355 26.5409 44.9776 21.6131
84.2 39.6813 26.4993 44.9327 21.6547
84.3 39.7271 26.4577 44.8878 21.6963
84.4 39.7729 26.416 44.843 21.738
84.5 39.8187 26.3744 44.7981 21.7796
84.6 39.8645 26.3327 44.7532 21.8213
84.7 39.9103 26.2911 44.7083 21.8629
84.8 39.9561 26.2494 44.6634 21.9046
84.9 40.0018 26.2077 44.6184 21.9463
85 40.0476 26.166 44.5735 21.988
85.1 40.0933 26.1244 44.5286 22.0296
85.2 40.1391 26.0827 44.4836 22.0713
85.3 40.1848 26.041 44.4386 22.113
85.4 40.2306 25.9993 44.3937 22.1547
85.5 40.2763 25.9576 44.3487 22.1964
85.6 40.322 25.9158 44.3037 22.2382
85.7 40.3677 25.8741 44.2587 22.2799
85.8 40.4134 25.8324 44.2137 22.3216
85.9 40.4591 25.7907 44.1687 22.3633
86 40.5048 25.7489 44.1236 22.4051
86.1 40.5505 25.7072 44.0786 22.4468
86.2 40.5962 25.6654 44.0336 22.4886
86.3 40.6419 25.6237 43.9885 22.5303
86.4 40.6875 25.5819 43.9434 22.5721
86.5 40.7332 25.5401 43.8984 22.6139
86.6 40.7788 25.4984 43.8533 22.6556
86.7 40.8245 25.4566 43.8082 22.6974
86.8 40.8701 25.4148 43.7631 22.7392
86.9 40.9157 25.3731 43.718 22.7809
87 40.9614 25.3313 43.6729 22.8227
87.1 41.007 25.2895 43.6277 22.8645
87.2 41.0526 25.2477 43.5826 22.9063
87.3 41.0982 25.2059 43.5374 22.9481
87.4 41.1438 25.1641 43.4923 22.9899
87.5 41.1894 25.1223 43.4471 23.0317
87.6 41.235 25.0805 43.402 23.0735
87.7 41.2805 25.0387 43.3568 23.1153
87.8 41.3261 24.9969 43.3116 23.1571
87.9 41.3717 24.9551 43.2664 23.1989
88 41.4172 24.9132 43.2212 23.2408
88.1 41.4627 24.8714 43.176 23.2826
88.2 41.5083 24.8296 43.1307 23.3244
88.3 41.5538 24.7878 43.0855 23.3662
88.4 41.5993 24.746 43.0403 23.408
88.5 41.6448 24.7041 42.995 23.4499
88.6 41.6904 24.6623 42.9498 23.4917
88.7 41.7358 24.6205 42.9045 23.5335
88.8 41.7813 24.5786 42.8592 23.5754
88.9 41.8268 24.5368 42.814 23.6172
89 41.8723 24.495 42.7687 23.659
89.1 41.9178 24.4531 42.7234 23.7009
89.2 41.9632 24.4113 42.6781 23.7427
89.3 42.0087 24.3695 42.6327 23.7845
89.4 42.0541 24.3276 42.5874 23.8264
89.5 42.0996 24.2858 42.5421 23.8682
89.6 42.145 24.2439 42.4968 23.9101
89.7 42.1904 24.2021 42.4514 23.9519
89.8 42.2358 24.1602 42.4061 23.9938
89.9 42.2812 24.1184 42.3607 24.0356
90 42.3266 24.0766 42.3153 24.0774
90.1 42.372 24.0347 42.2699 24.1193
90.2 42.4174 23.9929 42.2246 24.1611
90.3 42.4628 23.951 42.1792 24.203
90.4 42.5081 23.9092 42.1338 24.2448
90.5 42.5535 23.8673 42.0884 24.2867
90.6 42.5989 23.8255 42.0429 24.3285
90.7 42.6442 23.7837 41.9975 24.3703
90.8 42.6895 23.7418 41.9521 24.4122
90.9 42.7349 23.7 41.9066 24.454
91 42.7802 23.6582 41.8612 24.4958
91.1 42.8255 23.6163 41.8157 24.5377
91.2 42.8708 23.5745 41.7703 24.5795
91.3 42.9161 23.5326 41.7248 24.6214
91.4 42.9614 23.4908 41.6793 24.6632
91.5 43.0066 23.449 41.6338 24.705
91.6 43.0519 23.4072 41.5883 24.7468
91.7 43.0972 23.3653 41.5428 24.7887
91.8 43.1424 23.3235 41.4973 24.8305
91.9 43.1877 23.2817 41.4518 24.8723
92 43.2329 23.2399 41.4063 24.9141
92.1 43.2781 23.1981 41.3607 24.9559
92.2 43.3233 23.1562 41.3152 24.9978
92.3 43.3685 23.1144 41.2697 25.0396
92.4 43.4137 23.0726 41.2241 25.0814
92.5 43.4589 23.0308 41.1785 25.1232
92.6 43.5041 22.989 41.133 25.165
92.7 43.5493 22.9472 41.0874 25.2068
92.8 43.5945 22.9054 41.0418 25.2486
92.9 43.6396 22.8636 40.9962 25.2904
93 43.6848 22.8218 40.9506 25.3322
93.1 43.7299 22.7801 40.905 25.3739
93.2 43.775 22.7383 40.8594 25.4157
93.3 43.8202 22.6965 40.8138 25.4575
93.4 43.8653 22.6547 40.7682 25.4993
93.5 43.9104 22.613 40.7225 25.541
93.6 43.9555 22.5712 40.6769 25.5828
93.7 44.0006 22.5294 40.6313 25.6246
93.8 44.0456 22.4877 40.5856 25.6663
93.9 44.0907 22.4459 40.5399 25.7081
94 44.1358 22.4042 40.4943 25.7498
94.1 44.1808 22.3625 40.4486 25.7915
94.2 44.2258 22.3207 40.4029 25.8333
94.3 44.2709 22.279 40.3572 25.875
94.4 44.3159 22.2373 40.3115 25.9167
94.5 44.3609 22.1956 40.2658 25.9584
94.6 44.4059 22.1539 40.2201 26.0001
94.7 44.4509 22.1121 40.1744 26.0419
94.8 44.4959 22.0705 40.1287 26.0835
94.9 44.5409 22.0288 40.083 26.1252
95 44.5858 21.9871 40.0372 26.1669
95.1 44.6308 21.9454 39.9915 26.2086
95.2 44.6757 21.9037 39.9457 26.2503
95.3 44.7207 21.862 39.9 26.292
95.4 44.7656 21.8204 39.8542 26.3336
95.5 44.8105 21.7787 39.8084 26.3753
95.6 44.8554 21.7371 39.7627 26.4169
95.7 44.9003 21.6954 39.7169 26.4586
95.8 44.9452 21.6538 39.6711 26.5002
95.9 44.9901 21.6122 39.6253 26.5418
96 45.035 21.5706 39.5795 26.5834
96.1 45.0798 21.529 39.5337 26.625
96.2 45.1247 21.4874 39.4879 26.6666
96.3 45.1695 21.4458 39.4421 26.7082
96.4 45.2144 21.4042 39.3962 26.7498
96.5 45.2592 21.3626 39.3504 26.7914
96.6 45.304 21.321 39.3046 26.833
96.7 45.3488 21.2795 39.2587 26.8745
96.8 45.3936 21.2379 39.2129 26.9161
96.9 45.4384 21.1964 39.167 26.9576
97 45.4831 21.1548 39.1211 26.9992
97.1 45.5279 21.1133 39.0753 27.0407
97.2 45.5726 21.0718 39.0294 27.0822
97.3 45.6174 21.0303 38.9835 27.1237
97.4 45.6621 20.9888 38.9376 27.1652
97.5 45.7068 20.9473 38.8917 27.2067
97.6 45.7515 20.9058 38.8458 27.2482
97.7 45.7962 20.8643 38.7999 27.2897
97.8 45.8409 20.8229 38.754 27.3311
97.9 45.8856 20.7814 38.7081 27.3726
98 45.9303 20.74 38.6621 27.414
98.1 45.9749 20.6986 38.6162 27.4554
98.2 46.0196 20.6571 38.5703 27.4969
98.3 46.0642 20.6157 38.5243 27.5383
98.4 46.1088 20.5743 38.4784 27.5797
98.5 46.1534 20.5329 38.4324 27.6211
98.6 46.198 20.4916 38.3864 27.6624
98.7 46.2426 20.4502 38.3405 27.7038
98.8 46.2872 20.4088 38.2945 27.7452
98.9 46.3318 20.3675 38.2485 27.7865
99 46.3763 20.3262 38.2025 27.8278
99.1 46.4209 20.2848 38.1565 27.8692
99.2 46.4654 20.2435 38.1105 27.9105
99.3 46.5099 20.2022 38.0645 27.9518
99.4 46.5544 20.161 38.0185 27.993
99.5 46.5989 20.1197 37.9725 28.0343
99.6 46.6434 20.0784 37.9265 28.0756
99.7 46.6879 20.0372 37.8805 28.1168
99.8 46.7324 19.9959 37.8344 28.1581
99.9 46.7768 19.9547 37.7884 28.1993
100 46.8213 19.9135 37.7423 28.2405
100.1 46.8657 19.8723 37.6963 28.2817
100.2 46.9101 19.8311 37.6502 28.3229
100.3 46.9546 19.7899 37.6042 28.3641
100.4 46.999 19.7488 37.5581 28.4052
100.5 47.0434 19.7076 37.512 28.4464
100.6 47.0877 19.6665 37.466 28.4875
100.7 47.1321 19.6254 37.4199 28.5286
100.8 47.1764 19.5842 37.3738 28.5698
100.9 47.2208 19.5431 37.3277 28.6109
101 47.2651 19.5021 37.2816 28.6519
101.1 47.3094 19.461 37.2355 28.693
101.2 47.3537 19.4199 37.1894 28.7341
101.3 47.398 19.3789 37.1433 28.7751
101.4 47.4423 19.3379 37.0971 28.8161
101.5 47.4866 19.2969 37.051 28.8571
101.6 47.5308 19.2559 37.0049 28.8981
101.7 47.5751 19.2149 36.9587 28.9391
101.8 47.6193 19.1739 36.9126 28.9801
101.9 47.6635 19.133 36.8665 29.021
102 47.7078 19.092 36.8203 29.062
102.1 47.752 19.0511 36.7741 29.1029
102.2 47.7961 19.0102 36.728 29.1438
102.3 47.8403 18.9693 36.6818 29.1847
102.4 47.8845 18.9285 36.6356 29.2255
102.5 47.9286 18.8876 36.5895 29.2664
102.6 47.9727 18.8468 36.5433 29.3072
102.7 48.0169 18.8059 36.4971 29.3481
102.8 48.061 18.7651 36.4509 29.3889
102.9 48.1051 18.7243 36.4047 29.4297
103 48.1492 18.6835 36.3585 29.4705
103.1 48.1932 18.6428 36.3123 29.5112
103.2 48.2373 18.602 36.266 29.552
103.3 48.2813 18.5613 36.2198 29.5927
103.4 48.3254 18.5206 36.1736 29.6334
103.5 48.3694 18.4799 36.1274 29.6741
103.6 48.4134 18.4392 36.0811 29.7148
103.7 48.4574 18.3986 36.0349 29.7554
103.8 48.5014 18.3579 35.9886 29.7961
103.9 48.5453 18.3173 35.9424 29.8367
104 48.5893 18.2767 35.8961 29.8773
104.1 48.6332 18.2361 35.8499 29.9179
104.2 48.6771 18.1955 35.8036 29.9585
104.3 48.7211 18.155 35.7573 29.999
104.4 48.7649 18.1144 35.711 30.0396
104.5 48.8088 18.0739 35.6648 30.0801
104.6 48.8527 18.0334 35.6185 30.1206
104.7 48.8966 17.9929 35.5722 30.1611
104.8 48.9404 17.9525 35.5259 30.2015
104.9 48.9842 17.912 35.4796 30.242
105 49.0281 17.8716 35.4333 30.2824
105.1 49.0719 17.8312 35.387 30.3228
105.2 49.1156 17.7908 35.3407 30.3632
105.3 49.1594 17.7504 35.2943 30.4036
105.4 49.2032 17.7101 35.248 30.4439
105.5 49.2469 17.6697 35.2017 30.4843
105.6 49.2907 17.6294 35.1553 30.5246
105.7 49.3344 17.5891 35.109 30.5649
105.8 49.3781 17.5489 35.0627 30.6051
105.9 49.4218 17.5086 35.0163 30.6454
106 49.4654 17.4684 34.97 30.6856
106.1 49.5091 17.4282 34.9236 30.7258
106.2 49.5527 17.388 34.8772 30.766
106.3 49.5964 17.3478 34.8309 30.8062
106.4 49.64 17.3077 34.7845 30.8463
106.5 49.6836 17.2675 34.7381 30.8865
106.6 49.7272 17.2274 34.6917 30.9266
106.7 49.7707 17.1873 34.6454 30.9667
106.8 49.8143 17.1473 34.599 31.0067
106.9 49.8578 17.1072 34.5526 31.0468
107 49.9014 17.0672 34.5062 31.0868
107.1 49.9449 17.0272 34.4598 31.1268
107.2 49.9884 16.9872 34.4134 31.1668
107.3 50.0319 16.9472 34.3669 31.2068
107.4 50.0753 16.9073 34.3205 31.2467
107.5 50.1188 16.8674 34.2741 31.2866
107.6 50.1622 16.8275 34.2277 31.3265
107.7 50.2056 16.7876 34.1813 31.3664
107.8 50.249 16.7478 34.1348 31.4062
107.9 50.2924 16.7079 34.0884 31.4461
108 50.3358 16.6681 34.0419 31.4859
108.1 50.3791 16.6283 33.9955 31.5257
108.2 50.4225 16.5886 33.949 31.5654
108.3 50.4658 16.5488 33.9026 31.6052
108.4 50.5091 16.5091 33.8561 31.6449
108.5 50.5524 16.4694 33.8096 31.6846
108.6 50.5957 16.4298 33.7632 31.7242
108.7 50.6389 16.3901 33.7167 31.7639
108.8 50.6822 16.3505 33.6702 31.8035
108.9 50.7254 16.3109 33.6237 31.8431
109 50.7686 16.2713 33.5773 31.8827
109.1 50.8118 16.2318 33.5308 31.9222
109.2 50.855 16.1922 33.4843 31.9618
109.3 50.8981 16.1527 33.4378 32.0013
109.4 50.9413 16.1133 33.3913 32.0407
109.5 50.9844 16.0738 33.3448 32.0802
109.6 51.0275 16.0344 33.2982 32.1196
109.7 51.0706 15.995 33.2517 32.159
109.8 51.1137 15.9556 33.2052 32.1984
109.9 51.1568 15.9162 33.1587 32.2378
110 51.1998 15.8769 33.1121 32.2771
110.1 51.2428 15.8376 33.0656 32.3164
110.2 51.2858 15.7983 33.0191 32.3557
110.3 51.3288 15.7591 32.9725 32.3949
110.4 51.3718 15.7198 32.926 32.4342
110.5 51.4148 15.6806 32.8794 32.4734
110.6 51.4577 15.6414 32.8329 32.5126
110.7 51.5006 15.6023 32.7863 32.5517
110.8 51.5435 15.5632 32.7398 32.5908
110.9 51.5864 15.5241 32.6932 32.6299
111 51.6293 15.485 32.6466 32.669
111.1 51.6721 15.4459 32.6001 32.7081
111.2 51.7149 15.4069 32.5535 32.7471
111.3 51.7578 15.3679 32.5069 32.7861
111.4 51.8006 15.3289 32.4603 32.8251
111.5 51.8433 15.29 32.4137 32.864
111.6 51.8861 15.2511 32.3671 32.9029
111.7 51.9288 15.2122 32.3205 32.9418
111.8 51.9715 15.1733 32.2739 32.9807
111.9 52.0142 15.1345 32.2273 33.0195
112 52.0569 15.0957 32.1807 33.0583
112.1 52.0996 15.0569 32.1341 33.0971
112.2 52.1422 15.0181 32.0875 33.1359
112.3 52.1849 14.9794 32.0409 33.1746
112.4 52.2275 14.9407 31.9942 33.2133
112.5 52.2701 14.902 31.9476 33.252
112.6 52.3126 14.8634 31.901 33.2906
112.7 52.3552 14.8248 31.8543 33.3292
112.8 52.3977 14.7862 31.8077 33.3678
112.9 52.4402 14.7476 31.7611 33.4064
113 52.4827 14.7091 31.7144 33.4449
113.1 52.5252 14.6706 31.6678 33.4834
113.2 52.5676 14.6321 31.6211 33.5219
113.3 52.6101 14.5937 31.5745 33.5603
113.4 52.6525 14.5553 31.5278 33.5987
113.5 52.6949 14.5169 31.4811 33.6371
113.6 52.7373 14.4785 31.4345 33.6755
113.7 52.7796 14.4402 31.3878 33.7138
113.8 52.8219 14.4019 31.3411 33.7521
113.9 52.8643 14.3636 31.2944 33.7904
114 52.9065 14.3254 31.2477 33.8286
114.1 52.9488 14.2872 31.2011 33.8668
114.2 52.9911 14.249 31.1544 33.905
114.3 53.0333 14.2108 31.1077 33.9432
114.4 53.0755 14.1727 31.061 33.9813
114.5 53.1177 14.1346 31.0143 34.0194
114.6 53.1599 14.0966 30.9676 34.0574
114.7 53.202 14.0585 30.9208 34.0955
114.8 53.2441 14.0205 30.8741 34.1335
114.9 53.2862 13.9826 30.8274 34.1714
115 53.3283 13.9446 30.7807 34.2094
115.1 53.3704 13.9067 30.734 34.2473
115.2 53.4124 13.8688 30.6872 34.2852
115.3 53.4544 13.831 30.6405 34.323
115.4 53.4964 13.7932 30.5938 34.3608
115.5 53.5384 13.7554 30.547 34.3986
115.6 53.5803 13.7177 30.5003 34.4363
115.7 53.6223 13.6799 30.4536 34.4741
115.8 53.6642 13.6422 30.4068 34.5118
115.9 53.7061 13.6046 30.3601 34.5494
116 53.7479 13.567 30.3133 34.587
116.1 53.7898 13.5294 30.2665 34.6246
116.2 53.8316 13.4918 30.2198 34.6622
116.3 53.8734 13.4543 30.173 34.6997
116.4 53.9151 13.4168 30.1263 34.7372
116.5 53.9569 13.3793 30.0795 34.7747
116.6 53.9986 13.3419 30.0327 34.8121
116.7 54.0403 13.3045 29.9859 34.8495
116.8 54.082 13.2671 29.9391 34.8869
116.9 54.1236 13.2298 29.8924 34.9242
117 54.1653 13.1925 29.8456 34.9615
117.1 54.2069 13.1552 29.7988 34.9988
117.2 54.2485 13.118 29.752 35.036
117.3 54.29 13.0808 29.7052 35.0732
117.4 54.3316 13.0436 29.6584 35.1104
117.5 54.3731 13.0065 29.6116 35.1475
117.6 54.4145 12.9694 29.5648 35.1846
117.7 54.456 12.9323 29.518 35.2217
117.8 54.4974 12.8953 29.4711 35.2587
117.9 54.5389 12.8583 29.4243 35.2957
118 54.5803 12.8214 29.3775 35.3326
118.1 54.6216 12.7844 29.3307 35.3696
118.2 54.663 12.7475 29.2839 35.4065
118.3 54.7043 12.7107 29.237 35.4433
118.4 54.7456 12.6739 29.1902 35.4801
118.5 54.7868 12.6371 29.1434 35.5169
118.6 54.8281 12.6003 29.0965 35.5537
118.7 54.8693 12.5636 29.0497 35.5904
118.8 54.9105 12.5269 29.0028 35.6271
118.9 54.9516 12.4903 28.956 35.6637
119 54.9927 12.4536 28.9091 35.7004
119.1 55.0339 12.4171 28.8623 35.7369
119.2 55.0749 12.3805 28.8154 35.7735
119.3 55.116 12.344 28.7685 35.81
119.4 55.157 12.3075 28.7217 35.8465
119.5 55.198 12.2711 28.6748 35.8829
119.6 55.239 12.2347 28.6279 35.9193
119.7 55.28 12.1983 28.5811 35.9557
119.8 55.3209 12.162 28.5342 35.992
119.9 55.3618 12.1257 28.4873 36.0283
120 55.4026 12.0895 28.4404 36.0645
120.1 55.4435 12.0532 28.3935 36.1008
120.2 55.4843 12.0171 28.3466 36.1369
120.3 55.5251 11.9809 28.2998 36.1731
120.4 55.5658 11.9448 28.2529 36.2092
120.5 55.6066 11.9087 28.206 36.2453
120.6 55.6473 11.8727 28.1591 36.2813
120.7 55.6879 11.8367 28.1121 36.3173
120.8 55.7286 11.8007 28.0652 36.3533
120.9 55.7692 11.7648 28.0183 36.3892
121 55.8098 11.7289 27.9714 36.4251
121.1 55.8503 11.6931 27.9245 36.4609
121.2 55.8909 11.6573 27.8776 36.4967
121.3 55.9314 11.6215 27.8307 36.5325
121.4 55.9718 11.5858 27.7837 36.5682
121.5 56.0123 11.5501 27.7368 36.6039
121.6 56.0527 11.5144 27.6899 36.6396
121.7 56.0931 11.4788 27.6429 36.6752
121.8 56.1334 11.4432 27.596 36.7108
121.9 56.1738 11.4077 27.5491 36.7463
122 56.2141 11.3722 27.5021 36.7818
122.1 56.2543 11.3367 27.4552 36.8173
122.2 56.2945 11.3013 27.4082 36.8527
122.3 56.3347 11.2659 27.3613 36.8881
122.4 56.3749 11.2305 27.3143 36.9235
122.5 56.4151 11.1952 27.2674 36.9588
122.6 56.4552 11.16 27.2204 36.994
122.7 56.4952 11.1247 27.1734 37.0293
122.8 56.5353 11.0895 27.1265 37.0645
122.9 56.5753 11.0544 27.0795 37.0996
123 56.6153 11.0193 27.0325 37.1347
123.1 56.6552 10.9842 26.9856 37.1698
123.2 56.6951 10.9492 26.9386 37.2048
123.3 56.735 10.9142 26.8916 37.2398
123.4 56.7749 10.8792 26.8446 37.2748
123.5 56.8147 10.8443 26.7977 37.3097
123.6 56.8545 10.8094 26.7507 37.3446
123.7 56.8942 10.7746 26.7037 37.3794
123.8 56.934 10.7398 26.6567 37.4142
123.9 56.9737 10.7051 26.6097 37.4489
124 57.0133 10.6704 26.5627 37.4836
124.1 57.0529 10.6357 26.5157 37.5183
124.2 57.0925 10.6011 26.4687 37.5529
124.3 57.1321 10.5665 26.4217 37.5875
124.4 57.1716 10.5319 26.3747 37.6221
124.5 57.2111 10.4974 26.3277 37.6566
124.6 57.2505 10.463 26.2807 37.691
124.7 57.2899 10.4285 26.2336 37.7255
124.8 57.3293 10.3942 26.1866 37.7598
124.9 57.3687 10.3598 26.1396 37.7942
125 57.408 10.3255 26.0926 37.8285
125.1 57.4472 10.2913 26.0455 37.8627
125.2 57.4865 10.2571 25.9985 37.8969
125.3 57.5257 10.2229 25.9515 37.9311
125.4 57.5648 10.1888 25.9044 37.9652
125.5 57.604 10.1547 25.8574 37.9993
125.6 57.6431 10.1206 25.8104 38.0334
125.7 57.6821 10.0866 25.7633 38.0674
125.8 57.7211 10.0527 25.7163 38.1013
125.9 57.7601 10.0188 25.6692 38.1352
126 57.7991 9.98488 25.6222 38.1691
126.1 57.838 9.95105 25.5751 38.2029
126.2 57.8768 9.91726 25.5281 38.2367
126.3 57.9157 9.88352 25.481 38.2705
126.4 57.9545 9.84982 25.434 38.3042
126.5 57.9932 9.81616 25.3869 38.3378
126.6 58.0319 9.78255 25.3398 38.3715
126.7 58.0706 9.74898 25.2928 38.405
126.8 58.1093 9.71545 25.2457 38.4385
126.9 58.1479 9.68197 25.1986 38.472
127 58.1864 9.64853 25.1516 38.5055
127.1 58.2249 9.61513 25.1045 38.5389
127.2 58.2634 9.58178 25.0574 38.5722
127.3 58.3018 9.54848 25.0103 38.6055
127.4 58.3402 9.51521 24.9632 38.6388
127.5 58.3786 9.482 24.9162 38.672
127.6 58.4169 9.44882 24.8691 38.7052
127.7 58.4552 9.41569 24.822 38.7383
127.8 58.4934 9.38261 24.7749 38.7714
127.9 58.5316 9.34957 24.7278 38.8044
128 58.5698 9.31657 24.6807 38.8374
128.1 58.6079 9.28362 24.6336 38.8704
128.2 58.646 9.25072 24.5865 38.9033
128.3 58.684 9.21786 24.5394 38.9361
128.4 58.722 9.18504 24.4923 38.969
128.5 58.7599 9.15227 24.4452 39.0017
128.6 58.7978 9.11955 24.398 39.0345
128.7 58.8356 9.08687 24.3509 39.0671
128.8 58.8735 9.05424 24.3038 39.0998
128.9 58.9112 9.02165 24.2567 39.1323
129 58.9489 8.98911 24.2096 39.1649
129.1 58.9866 8.95662 24.1624 39.1974
129.2 59.0242 8.92417 24.1153 39.2298
129.3 59.0618 8.89176 24.0682 39.2622
129.4 59.0994 8.85941 24.0211 39.2946
129.5 59.1369 8.8271 23.9739 39.3269
129.6 59.1743 8.79483 23.9268 39.3592
129.7 59.2117 8.76262 23.8797 39.3914
129.8 59.2491 8.73045 23.8325 39.4236
129.9 59.2864 8.69832 23.7854 39.4557
130 59.3236 8.66625 23.7382 39.4878
130.1 59.3609 8.63422 23.6911 39.5198
130.2 59.398 8.60223 23.6439 39.5518
130.3 59.4351 8.5703 23.5968 39.5837
130.4 59.4722 8.53841 23.5496 39.6156
130.5 59.5092 8.50657 23.5025 39.6474
130.6 59.5462 8.47477 23.4553 39.6792
130.7 59.5831 8.44303 23.4082 39.711
130.8 59.62 8.41133 23.361 39.7427
130.9 59.6568 8.37968 23.3138 39.7743
131 59.6936 8.34807 23.2667 39.8059
131.1 59.7303 8.31652 23.2195 39.8375
131.2 59.767 8.28501 23.1723 39.869
131.3 59.8036 8.25355 23.1252 39.9004
131.4 59.8402 8.22214 23.078 39.9319
131.5 59.8767 8.19078 23.0308 39.9632
131.6 59.9132 8.15946 22.9836 39.9945
131.7 59.9496 8.1282 22.9364 40.0258
131.8 59.986 8.09698 22.8893 40.057
131.9 60.0223 8.06581 22.8421 40.0882
132 60.0586 8.03469 22.7949 40.1193
132.1 60.0948 8.00362 22.7477 40.1504
132.2 60.1309 7.9726 22.7005 40.1814
132.3 60.167 7.94163 22.6533 40.2124
132.4 60.2031 7.9107 22.6061 40.2433
132.5 60.2391 7.87983 22.5589 40.2742
132.6 60.275 7.849 22.5117 40.305
132.7 60.3109 7.81823 22.4645 40.3358
132.8 60.3467 7.7875 22.4173 40.3665
132.9 60.3825 7.75683 22.3701 40.3972
133 60.4182 7.7262 22.3229 40.4278
133.1 60.4538 7.69562 22.2757 40.4584
133.2 60.4894 7.66509 22.2285 40.4889
133.3 60.525 7.63462 22.1813 40.5194
133.4 60.5605 7.60419 22.1341 40.5498
133.5 60.5959 7.57381 22.0868 40.5802
133.6 60.6313 7.54349 22.0396 40.6105
133.7 60.6666 7.51321 21.9924 40.6408
133.8 60.7018 7.48299 21.9452 40.671
133.9 60.737 7.45281 21.8979 40.7012
134 60.7721 7.42269 21.8507 40.7313
134.1 60.8072 7.39261 21.8035 40.7614
134.2 60.8422 7.36259 21.7563 40.7914
134.3 60.8771 7.33262 21.709 40.8214
134.4 60.912 7.3027 21.6618 40.8513
134.5 60.9469 7.27283 21.6146 40.8812
134.6 60.9816 7.24301 21.5673 40.911
134.7 61.0163 7.21324 21.5201 40.9408
134.8 61.0509 7.18352 21.4728 40.9705
134.9 61.0855 7.15386 21.4256 41.0001
135 61.12 7.12424 21.3783 41.0298
135.1 61.1545 7.09468 21.3311 41.0593
135.2 61.1888 7.06517 21.2838 41.0888
135.3 61.2231 7.03572 21.2366 41.1183
135.4 61.2574 7.00631 21.1893 41.1477
135.5 61.2916 6.97696 21.1421 41.177
135.6 61.3257 6.94765 21.0948 41.2063
135.7 61.3597 6.9184 21.0476 41.2356
135.8 61.3937 6.88921 21.0003 41.2648
135.9 61.4276 6.86006 20.953 41.2939
136 61.4614 6.83097 20.9058 41.323
136.1 61.4952 6.80193 20.8585 41.3521
136.2 61.5289 6.77294 20.8112 41.3811
136.3 61.5625 6.74401 20.764 41.41
136.4 61.5961 6.71512 20.7167 41.4389
136.5 61.6296 6.68629 20.6694 41.4677
136.6 61.663 6.65752 20.6221 41.4965
136.7 61.6964 6.62879 20.5749 41.5252
136.8 61.7296 6.60012 20.5276 41.5539
136.9 61.7628 6.57151 20.4803 41.5825
137 61.796 6.54294 20.433 41.6111
137.1 61.829 6.51443 20.3857 41.6396
137.2 61.862 6.48598 20.3384 41.668
137.3 61.8949 6.45757 20.2912 41.6964
137.4 61.9277 6.42923 20.2439 41.7248
137.5 61.9605 6.40093 20.1966 41.7531
137.6 61.9932 6.37269 20.1493 41.7813
137.7 62.0258 6.3445 20.102 41.8095
137.8 62.0583 6.31637 20.0547 41.8376
137.9 62.0907 6.28829 20.0074 41.8657
138 62.1231 6.26026 19.9601 41.8937
138.1 62.1554 6.23229 19.9128 41.9217
138.2 62.1876 6.20437 19.8655 41.9496
138.3 62.2197 6.17651 19.8182 41.9775
138.4 62.2518 6.1487 19.7709 42.0053
138.5 62.2837 6.12095 19.7236 42.033
138.6 62.3156 6.09325 19.6762 42.0607
138.7 62.3474 6.06561 19.6289 42.0884
138.8 62.3791 6.03802 19.5816 42.116
138.9 62.4107 6.01049 19.5343 42.1435
139 62.4423 5.98301 19.487 42.171
139.1 62.4738 5.95558 19.4397 42.1984
139.2 62.5051 5.92821 19.3923 42.2258
139.3 62.5364 5.9009 19.345 42.2531
139.4 62.5676 5.87364 19.2977 42.2804
139.5 62.5988 5.84644 19.2504 42.3076
139.6 62.6298 5.81929 19.203 42.3347
139.7 62.6607 5.7922 19.1557 42.3618
139.8 62.6916 5.76517 19.1084 42.3888
139.9 62.7223 5.73819 19.061 42.4158
140 62.753 5.71126 19.0137 42.4427
140.1 62.7836 5.68439 18.9664 42.4696
140.2 62.8141 5.65758 18.919 42.4964
140.3 62.8445 5.63083 18.8717 42.5232
140.4 62.8748 5.60413 18.8244 42.5499
140.5 62.905 5.57748 18.777 42.5765
140.6 62.9351 5.5509 18.7297 42.6031
140.7 62.9651 5.52436 18.6823 42.6296
140.8 62.995 5.49789 18.635 42.6561
140.9 63.0248 5.47147 18.5876 42.6825
141 63.0546 5.44511 18.5403 42.7089
141.1 63.0842 5.41881 18.4929 42.7352
141.2 63.1137 5.39256 18.4456 42.7614
141.3 63.1432 5.36637 18.3982 42.7876
141.4 63.1725 5.34024 18.3509 42.8138
141.5 63.2017 5.31416 18.3035 42.8398
141.6 63.2308 5.28814 18.2561 42.8659
141.7 63.2598 5.26218 18.2088 42.8918
141.8 63.2888 5.23627 18.1614 42.9177
141.9 63.3176 5.21043 18.1141 42.9436
142 63.3463 5.18464 18.0667 42.9694
142.1 63.3749 5.15891 18.0193 42.9951
142.2 63.4034 5.13323 17.972 43.0208
142.3 63.4318 5.10761 17.9246 43.0464
142.4 63.46 5.08205 17.8772 43.0719
142.5 63.4882 5.05655 17.8298 43.0974
142.6 63.5163 5.03111 17.7825 43.1229
142.7 63.5442 5.00572 17.7351 43.1483
142.8 63.572 4.9804 17.6877 43.1736
142.9 63.5998 4.95513 17.6403 43.1989
143 63.6274 4.92992 17.593 43.2241
143.1 63.6549 4.90476 17.5456 43.2492
143.2 63.6822 4.87967 17.4982 43.2743
143.3 63.7095 4.85464 17.4508 43.2994
143.4 63.7366 4.82966 17.4034 43.3243
143.5 63.7637 4.80474 17.356 43.3493
143.6 63.7906 4.77988 17.3087 43.3741
143.7 63.8173 4.75508 17.2613 43.3989
143.8 63.844 4.73034 17.2139 43.4237
143.9 63.8705 4.70565 17.1665 43.4483
144 63.897 4.68103 17.1191 43.473
144.1 63.9233 4.65646 17.0717 43.4975
144.2 63.9494 4.63196 17.0243 43.522
144.3 63.9755 4.60751 16.9769 43.5465
144.4 64.0014 4.58312 16.9295 43.5709
144.5 64.0272 4.5588 16.8821 43.5952
144.6 64.0528 4.53453 16.8347 43.6195
144.7 64.0783 4.51032 16.7873 43.6437
144.8 64.1037 4.48617 16.7399 43.6678
144.9 64.129 4.46208 16.6925 43.6919
145 64.1541 4.43805 16.6451 43.7159
145.1 64.1791 4.41408 16.5977 43.7399
145.2 64.204 4.39017 16.5502 43.7638
145.3 64.2287 4.36632 16.5028 43.7877
145.4 64.2532 4.34253 16.4554 43.8115
145.5 64.2777 4.3188 16.408 43.8352
145.6 64.302 4.29513 16.3606 43.8589
145.7 64.3261 4.27152 16.3132 43.8825
145.8 64.3501 4.24797 16.2658 43.906
145.9 64.374 4.22448 16.2183 43.9295
146 64.3977 4.20105 16.1709 43.9529
146.1 64.4213 4.17768 16.1235 43.9763
146.2 64.4447 4.15438 16.0761 43.9996
146.3 64.468 4.13113 16.0286 44.0229
146.4 64.4911 4.10794 15.9812 44.0461
146.5 64.5141 4.08482 15.9338 44.0692
146.6 64.5369 4.06176 15.8864 44.0922
146.7 64.5596 4.03875 15.8389 44.1152
146.8 64.5821 4.01581 15.7915 44.1382
146.9 64.6045 3.99293 15.7441 44.1611
147 64.6267 3.97011 15.6966 44.1839
147.1 64.6487 3.94735 15.6492 44.2066
147.2 64.6706 3.92465 15.6018 44.2293
147.3 64.6923 3.90202 15.5543 44.252
147.4 64.7138 3.87944 15.5069 44.2746
147.5 64.7352 3.85693 15.4594 44.2971
147.6 64.7564 3.83448 15.412 44.3195
147.7 64.7774 3.81209 15.3646 44.3419
147.8 64.7983 3.78976 15.3171 44.3642
147.9 64.819 3.76749 15.2697 44.3865
148 64.8395 3.74529 15.2222 44.4087
148.1 64.8599 3.72315 15.1748 44.4309
148.2 64.8801 3.70107 15.1273 44.4529
148.3 64.9 3.67905 15.0799 44.475
148.4 64.9199 3.65709 15.0324 44.4969
148.5 64.9395 3.6352 14.985 44.5188
148.6 64.9589 3.61337 14.9375 44.5406
148.7 64.9782 3.5916 14.8901 44.5624
148.8 64.9973 3.56989 14.8426 44.5841
148.9 65.0162 3.54825 14.7952 44.6058
149 65.0349 3.52667 14.7477 44.6273
149.1 65.0534 3.50515 14.7002 44.6489
149.2 65.0717 3.48369 14.6528 44.6703
149.3 65.0898 3.4623 14.6053 44.6917
149.4 65.1077 3.44096 14.5579 44.713
149.5 65.1254 3.4197 14.5104 44.7343
149.6 65.143 3.39849 14.4629 44.7555
149.7 65.1603 3.37735 14.4155 44.7767
149.8 65.1774 3.35627 14.368 44.7977
149.9 65.1943 3.33525 14.3205 44.8187
150 65.211 3.3143 14.2731 44.8397
150.1 65.2275 3.29341 14.2256 44.8606
150.2 65.2437 3.27258 14.1781 44.8814
150.3 65.2598 3.25182 14.1306 44.9022
150.4 65.2756 3.23112 14.0832 44.9229
150.5 65.2912 3.21048 14.0357 44.9435
150.6 65.3066 3.18991 13.9882 44.9641
150.7 65.3218 3.1694 13.9407 44.9846
150.8 65.3367 3.14896 13.8933 45.005
150.9 65.3515 3.12858 13.8458 45.0254
151 65.3659 3.10826 13.7983 45.0457
151.1 65.3802 3.088 13.7508 45.066
151.2 65.3942 3.06781 13.7033 45.0862
151.3 65.408 3.04769 13.6559 45.1063
151.4 65.4215 3.02763 13.6084 45.1264
151.5 65.4348 3.00763 13.5609 45.1464
151.6 65.4479 2.98769 13.5134 45.1663
151.7 65.4607 2.96783 13.4659 45.1862
151.8 65.4733 2.94802 13.4184 45.206
151.9 65.4856 2.92828 13.3709 45.2257
152 65.4976 2.9086 13.3234 45.2454
152.1 65.5094 2.88899 13.276 45.265
152.2 65.5209 2.86944 13.2285 45.2846
152.3 65.5322 2.84996 13.181 45.304
152.4 65.5432 2.83054 13.1335 45.3235
152.5 65.554 2.81119 13.086 45.3428
152.6 65.5644 2.7919 13.0385 45.3621
152.7 65.5746 2.77268 12.991 45.3813
152.8 65.5845 2.75352 12.9435 45.4005
152.9 65.5942 2.73443 12.896 45.4196
153 65.6035 2.7154 12.8485 45.4386
153.1 65.6126 2.69643 12.801 45.4576
153.2 65.6214 2.67753 12.7535 45.4765
153.3 65.6298 2.6587 12.706 45.4953
153.4 65.638 2.63993 12.6585 45.5141
153.5 65.6459 2.62123 12.611 45.5328
153.6 65.6535 2.60259 12.5635 45.5514
153.7 65.6608 2.58402 12.5159 45.57
153.8 65.6678 2.56551 12.4684 45.5885
153.9 65.6744 2.54707 12.4209 45.6069
154 65.6808 2.5287 12.3734 45.6253
154.1 65.6868 2.51039 12.3259 45.6436
154.2 65.6925 2.49214 12.2784 45.6619
154.3 65.6979 2.47396 12.2309 45.68
154.4 65.703 2.45585 12.1834 45.6981
154.5 65.7077 2.43781 12.1359 45.7162
154.6 65.7121 2.41982 12.0883 45.7342
154.7 65.7162 2.40191 12.0408 45.7521
154.8 65.7199 2.38406 11.9933 45.7699
154.9 65.7232 2.36628 11.9458 45.7877
155 65.7262 2.34856 11.8983 45.8054
155.1 65.7289 2.33091 11.8507 45.8231
155.2 65.7312 2.31333 11.8032 45.8407
155.3 65.7331 2.29581 11.7557 45.8582
155.4 65.7347 2.27836 11.7082 45.8756
155.5 65.7359 2.26097 11.6607 45.893
155.6 65.7367 2.24365 11.6131 45.9103
155.7 65.7371 2.2264 11.5656 45.9276
155.8 65.7372 2.20922 11.5181 45.9448
155.9 65.7368 2.1921 11.4705 45.9619
156 65.7361 2.17504 11.423 45.979
156.1 65.735 2.15806 11.3755 45.9959
156.2 65.7334 2.14114 11.328 46.0129
156.3 65.7315 2.12429 11.2804 46.0297
156.4 65.7291 2.1075 11.2329 46.0465
156.5 65.7263 2.09078 11.1854 46.0632
156.6 65.7231 2.07413 11.1378 46.0799
156.7 65.7195 2.05755 11.0903 46.0965
156.8 65.7154 2.04103 11.0428 46.113
156.9 65.7109 2.02458 10.9952 46.1294
157 65.706 2.0082 10.9477 46.1458
157.1 65.7006 1.99188 10.9001 46.1621
157.2 65.6947 1.97563 10.8526 46.1784
157.3 65.6884 1.95945 10.8051 46.1945
157.4 65.6817 1.94334 10.7575 46.2107
157.5 65.6744 1.92729 10.71 46.2267
157.6 65.6667 1.91131 10.6624 46.2427
157.7 65.6585 1.8954 10.6149 46.2586
157.8 65.6498 1.87956 10.5674 46.2744
157.9 65.6406 1.86378 10.5198 46.2902
158 65.6309 1.84807 10.4723 46.3059
158.1 65.6207 1.83243 10.4247 46.3216
158.2 65.6099 1.81686 10.3772 46.3371
158.3 65.5987 1.80136 10.3296 46.3526
158.4 65.5869 1.78592 10.2821 46.3681
158.5 65.5746 1.77055 10.2345 46.3835
158.6 65.5617 1.75525 10.187 46.3988
158.7 65.5483 1.74001 10.1394 46.414
158.8 65.5344 1.72485 10.0919 46.4292
158.9 65.5199 1.70975 10.0443 46.4442
159 65.5048 1.69472 9.99678 46.4593
159.1 65.4891 1.67976 9.94923 46.4742
159.2 65.4728 1.66487 9.90167 46.4891
159.3 65.456 1.65004 9.85412 46.504
159.4 65.4385 1.63529 9.80656 46.5187
159.5 65.4204 1.6206 9.75901 46.5334
159.6 65.4018 1.60598 9.71145 46.548
159.7 65.3824 1.59143 9.66389 46.5626
159.8 65.3625 1.57695 9.61633 46.5771
159.9 65.3419 1.56253 9.56878 46.5915
160 65.3207 1.54819 9.52122 46.6058
160.1 65.2987 1.53391 9.47366 46.6201
160.2 65.2762 1.5197 9.42609 46.6343
160.3 65.2529 1.50556 9.37853 46.6484
160.4 65.229 1.49149 9.33097 46.6625
160.5 65.2043 1.47749 9.28341 46.6765
160.6 65.1789 1.46356 9.23584 46.6904
160.7 65.1529 1.44969 9.18828 46.7043
160.8 65.1261 1.4359 9.14071 46.7181
160.9 65.0985 1.42217 9.09315 46.7318
161 65.0702 1.40851 9.04558 46.7455
161.1 65.0411 1.39493 8.99801 46.7591
161.2 65.0113 1.38141 8.95044 46.7726
161.3 64.9807 1.36796 8.90288 46.786
161.4 64.9493 1.35458 8.85531 46.7994
161.5 64.9171 1.34127 8.80774 46.8127
161.6 64.884 1.32802 8.76017 46.826
161.7 64.8502 1.31485 8.7126 46.8392
161.8 64.8154 1.30175 8.66502 46.8523
161.9 64.7799 1.28871 8.61745 46.8653
162 64.7434 1.27575 8.56988 46.8783
162.1 64.7061 1.26285 8.5223 46.8911
162.2 64.6679 1.25003 8.47473 46.904
162.3 64.6288 1.23727 8.42716 46.9167
162.4 64.5888 1.22458 8.37958 46.9294
162.5 64.5478 1.21197 8.332 46.942
162.6 64.5059 1.19942 8.28443 46.9546
162.7 64.463 1.18694 8.23685 46.9671
162.8 64.4191 1.17453 8.18927 46.9795
162.9 64.3743 1.16219 8.14169 46.9918
163 64.3284 1.14992 8.09411 47.0041
163.1 64.2815 1.13773 8.04653 47.0163
163.2 64.2335 1.1256 7.99895 47.0284
163.3 64.1845 1.11354 7.95137 47.0405
163.4 64.1345 1.10155 7.90379 47.0525
163.5 64.0833 1.08963 7.85621 47.0644
163.6 64.031 1.07778 7.80863 47.0762
163.7 63.9776 1.066 7.76104 47.088
163.8 63.9231 1.05429 7.71346 47.0997
163.9 63.8674 1.04265 7.66588 47.1113
164 63.8105 1.03109 7.61829 47.1229
164.1 63.7524 1.01959 7.57071 47.1344
164.2 63.693 1.00816 7.52312 47.1458
164.3 63.6325 0.996802 7.47553 47.1572
164.4 63.5706 0.985514 7.42795 47.1685
164.5 63.5075 0.974297 7.38036 47.1797
164.6 63.4431 0.96315 7.33277 47.1908
164.7 63.3773 0.952074 7.28518 47.2019
164.8 63.3102 0.941068 7.23759 47.2129
164.9 63.2418 0.930132 7.19 47.2239
165 63.1719 0.919267 7.14241 47.2347
165.1 63.1006 0.908473 7.09482 47.2455
165.2 63.0279 0.897749 7.04723 47.2563
165.3 62.9537 0.887096 6.99964 47.2669
165.4 62.8779 0.876513 6.95205 47.2775
165.5 62.8007 0.866001 6.90445 47.288
165.6 62.7219 0.85556 6.85686 47.2984
165.7 62.6416 0.845189 6.80927 47.3088
165.8 62.5596 0.834889 6.76167 47.3191
165.9 62.476 0.824661 6.71408 47.3293
166 62.3908 0.814502 6.66648 47.3395
166.1 62.3038 0.804415 6.61889 47.3496
166.2 62.2152 0.794399 6.57129 47.3596
166.3 62.1247 0.784453 6.52369 47.3695
166.4 62.0325 0.774579 6.4761 47.3794
166.5 61.9385 0.764775 6.4285 47.3892
166.6 61.8426 0.755043 6.3809 47.399
166.7 61.7449 0.745381 6.3333 47.4086
166.8 61.6452 0.735791 6.2857 47.4182
166.9 61.5435 0.726272 6.2381 47.4277
167 61.4399 0.716823 6.1905 47.4372
167.1 61.3342 0.707446 6.1429 47.4466
167.2 61.2265 0.698141 6.0953 47.4559
167.3 61.1166 0.688906 6.0477 47.4651
167.4 61.0047 0.679743 6.0001 47.4743
167.5 60.8905 0.670651 5.9525 47.4833
167.6 60.774 0.66163 5.90489 47.4924
167.7 60.6553 0.65268 5.85729 47.5013
167.8 60.5343 0.643802 5.80969 47.5102
167.9 60.4109 0.634995 5.76208 47.519
168 60.2852 0.62626 5.71448 47.5277
168.1 60.1569 0.617596 5.66688 47.5364
168.2 60.0261 0.609004 5.61927 47.545
168.3 59.8928 0.600483 5.57167 47.5535
168.4 59.7569 0.592033 5.52406 47.562
168.5 59.6183 0.583655 5.47645 47.5703
168.6 59.477 0.575349 5.42885 47.5787
168.7 59.3329 0.567114 5.38124 47.5869
168.8 59.186 0.558951 5.33363 47.595
168.9 59.0362 0.55086 5.28602 47.6031
169 58.8835 0.54284 5.23842 47.6112
169.1 58.7277 0.534892 5.19081 47.6191
169.2 58.5689 0.527015 5.1432 47.627
169.3 58.407 0.519211 5.09559 47.6348
169.4 58.2418 0.511478 5.04798 47.6425
169.5 58.0734 0.503816 5.00037 47.6502
169.6 57.9017 0.496227 4.95276 47.6578
169.7 57.7266 0.48871 4.90515 47.6653
169.8 57.548 0.481264 4.85754 47.6727
169.9 57.3658 0.47389 4.80993 47.6801
170 57.1801 0.466588 4.76232 47.6874
170.1 56.9906 0.459358 4.7147 47.6946
170.2 56.7973 0.4522 4.66709 47.7018
170.3 56.6002 0.445114 4.61948 47.7089
170.4 56.3991 0.4381 4.57187 47.7159
170.5 56.194 0.431158 4.52425 47.7228
170.6 55.9848 0.424288 4.47664 47.7297
170.7 55.7714 0.41749 4.42902 47.7365
170.8 55.5537 0.410764 4.38141 47.7432
170.9 55.3315 0.40411 4.3338 47.7499
171 55.1049 0.397529 4.28618 47.7565
171.1 54.8737 0.391019 4.23856 47.763
171.2 54.6378 0.384581 4.19095 47.7694
171.3 54.3971 0.378216 4.14333 47.7758
171.4 54.1515 0.371923 4.09572 47.7821
171.5 53.9008 0.365702 4.0481 47.7883
171.6 53.6451 0.359554 4.00048 47.7944
171.7 53.3841 0.353477 3.95287 47.8005
171.8 53.1177 0.347473 3.90525 47.8065
171.9 52.8459 0.341541 3.85763 47.8125
172 52.5684 0.335682 3.81001 47.8183
172.1 52.2852 0.329894 3.7624 47.8241
172.2 51.9962 0.324179 3.71478 47.8298
172.3 51.7012 0.318537 3.66716 47.8355
172.4 51.4 0.312967 3.61954 47.841
172.5 51.0926 0.307469 3.57192 47.8465
172.6 50.7787 0.302044 3.5243 47.852
172.7 50.4584 0.296691 3.47668 47.8573
172.8 50.1313 0.29141 3.42906 47.8626
172.9 49.7974 0.286202 3.38144 47.8678
173 49.4564 0.281066 3.33382 47.8729
173.1 49.1083 0.276003 3.2862 47.878
173.2 48.7529 0.271013 3.23858 47.883
173.3 48.39 0.266095 3.19096 47.8879
173.4 48.0195 0.261249 3.14334 47.8928
173.5 47.6411 0.256476 3.09572 47.8975
173.6 47.2548 0.251776 3.04809 47.9022
173.7 46.8603 0.247148 3.00047 47.9069
173.8 46.4575 0.242592 2.95285 47.9114
173.9 46.0461 0.23811 2.90523 47.9159
174 45.6261 0.2337 2.85761 47.9203
174.1 45.1972 0.229362 2.80998 47.9246
174.2 44.7592 0.225097 2.76236 47.9289
174.3 44.3119 0.220905 2.71474 47.9331
174.4 43.8553 0.216786 2.66711 47.9372
174.5 43.3889 0.212739 2.61949 47.9413
174.6 42.9128 0.208765 2.57187 47.9452
174.7 42.4266 0.204863 2.52424 47.9491
174.8 41.9302 0.201035 2.47662 47.953
174.9 41.4234 0.197279 2.42899 47.9567
175 40.9061 0.193595 2.38137 47.9604
175.1 40.3779 0.189985 2.33374 47.964
175.2 39.8387 0.186447 2.28612 47.9676
175.3 39.2884 0.182982 2.23849 47.971
175.4 38.7267 0.17959 2.19087 47.9744
175.5 38.1535 0.176271 2.14324 47.9777
175.6 37.5686 0.173024 2.09562 47.981
175.7 36.9718 0.169851 2.04799 47.9841
175.8 36.3629 0.16675 2.00037 47.9873
175.9 35.7418 0.163722 1.95274 47.9903
176 35.1083 0.160766 1.90511 47.9932
176.1 34.4623 0.157884 1.85749 47.9961
176.2 33.8036 0.155074 1.80986 47.9989
176.3 33.1322 0.152338 1.76224 48.0017
176.4 32.4478 0.149674 1.71461 48.0043
176.5 31.7505 0.147083 1.66698 48.0069
176.6 31.04 0.144565 1.61936 48.0094
176.7 30.3164 0.14212 1.57173 48.0119
176.8 29.5796 0.139748 1.5241 48.0143
176.9 28.8295 0.137449 1.47648 48.0166
177 28.0661 0.135222 1.42885 48.0188
177.1 27.2895 0.133069 1.38122 48.0209
177.2 26.4996 0.130988 1.33359 48.023
177.3 25.6965 0.128981 1.28597 48.025
177.4 24.8802 0.127046 1.23834 48.027
177.5 24.0509 0.125185 1.19071 48.0288
177.6 23.2087 0.123396 1.14308 48.0306
177.7 22.3537 0.12168 1.09545 48.0323
177.8 21.4862 0.120037 1.04783 48.034
177.9 20.6063 0.118468 1.0002 48.0355
178 19.7143 0.116971 0.952571 48.037
178.1 18.8105 0.115547 0.904943 48.0385
178.2 17.8951 0.114196 0.857315 48.0398
178.3 16.9686 0.112918 0.809686 48.0411
178.4 16.0312 0.111714 0.762058 48.0423
178.5 15.0835 0.110582 0.71443 48.0434
178.6 14.1259 0.109523 0.666801 48.0445
178.7 13.1588 0.108537 0.619173 48.0455
178.8 12.1828 0.107624 0.571544 48.0464
178.9 11.1984 0.106785 0.523916 48.0472
179 10.2062 0.106018 0.476287 48.048
179.1 9.20675 0.105324 0.428659 48.0487
179.2 8.20077 0.104703 0.38103 48.0493
179.3 7.18887 0.104156 0.333401 48.0498
179.4 6.17176 0.103681 0.285773 48.0503
179.5 5.15012 0.103279 0.238144 48.0507
179.6 4.1247 0.102951 0.190515 48.051
179.7 3.09621 0.102695 0.142886 48.0513
179.8 2.06543 0.102512 0.0952575 48.0515
179.9 1.0331 0.102403 0.0476288 48.0516
