#kinematics calculation of exex
#vertex z = 150 mm, E_reaction = 61.468 MeV
#theta_cm, theta3_lab, Ek3_lab, theta4_lab, Ek4_lab
0 0 52.2094 0 0.378626
0.1 0.0456842 52.2093 0.537058 0.378665
0.2 0.0913684 52.2092 1.07399 0.378784
0.3 0.137053 52.209 1.61069 0.378981
0.4 0.182737 52.2087 2.14701 0.379257
0.5 0.228421 52.2084 2.68285 0.379613
0.6 0.274105 52.208 3.21807 0.380047
0.7 0.319789 52.2074 3.75257 0.38056
0.8 0.365473 52.2068 4.28622 0.381152
0.9 0.411157 52.2062 4.81891 0.381823
1 0.456841 52.2054 5.35051 0.382573
1.1 0.502525 52.2046 5.88091 0.383402
1.2 0.548209 52.2037 6.41 0.38431
1.3 0.593892 52.2027 6.93767 0.385296
1.4 0.639576 52.2016 7.46379 0.386362
1.5 0.685259 52.2005 7.98828 0.387506
1.6 0.730943 52.1993 8.511 0.38873
1.7 0.776626 52.198 9.03188 0.390032
1.8 0.822309 52.1966 9.55079 0.391414
1.9 0.867993 52.1951 10.0676 0.392874
2 0.913676 52.1936 10.5823 0.394413
2.1 0.959358 52.192 11.0948 0.396031
2.2 1.00504 52.1903 11.6048 0.397728
2.3 1.05072 52.1885 12.1125 0.399503
2.4 1.09641 52.1866 12.6176 0.401358
2.5 1.14209 52.1847 13.1201 0.403292
2.6 1.18777 52.1827 13.6199 0.405304
2.7 1.23345 52.1806 14.1169 0.407395
2.8 1.27913 52.1784 14.6111 0.409565
2.9 1.32482 52.1762 15.1024 0.411814
3 1.3705 52.1739 15.5906 0.414142
3.1 1.41618 52.1715 16.0758 0.416549
3.2 1.46186 52.169 16.5579 0.419034
3.3 1.50754 52.1664 17.0367 0.421598
3.4 1.55322 52.1638 17.5123 0.424241
3.5 1.5989 52.161 17.9846 0.426963
3.6 1.64458 52.1582 18.4535 0.429764
3.7 1.69026 52.1554 18.919 0.432643
3.8 1.73594 52.1524 19.381 0.435602
3.9 1.78162 52.1494 19.8395 0.438639
4 1.8273 52.1462 20.2945 0.441754
4.1 1.87298 52.1431 20.7459 0.444949
4.2 1.91866 52.1398 21.1936 0.448222
4.3 1.96434 52.1364 21.6377 0.451574
4.4 2.01002 52.133 22.0781 0.455005
4.5 2.05569 52.1295 22.5147 0.458514
4.6 2.10137 52.1259 22.9476 0.462102
4.7 2.14705 52.1222 23.3768 0.465769
4.8 2.19273 52.1185 23.8021 0.469515
4.9 2.2384 52.1147 24.2236 0.473339
5 2.28408 52.1108 24.6413 0.477242
5.1 2.32976 52.1068 25.0551 0.481223
5.2 2.37543 52.1027 25.4651 0.485283
5.3 2.42111 52.0986 25.8712 0.489422
5.4 2.46678 52.0944 26.2734 0.493639
5.5 2.51246 52.0901 26.6717 0.497935
5.6 2.55813 52.0857 27.0662 0.50231
5.7 2.60381 52.0812 27.4567 0.506763
5.8 2.64948 52.0767 27.8434 0.511294
5.9 2.69515 52.0721 28.2262 0.515904
6 2.74083 52.0674 28.6051 0.520593
6.1 2.7865 52.0626 28.9801 0.52536
6.2 2.83217 52.0578 29.3513 0.530206
6.3 2.87784 52.0529 29.7186 0.53513
6.4 2.92351 52.0479 30.082 0.540133
6.5 2.96919 52.0428 30.4416 0.545214
6.6 3.01486 52.0376 30.7974 0.550373
6.7 3.06053 52.0324 31.1493 0.555611
6.8 3.1062 52.0271 31.4975 0.560927
6.9 3.15187 52.0217 31.8419 0.566322
7 3.19754 52.0162 32.1825 0.571795
7.1 3.2432 52.0107 32.5193 0.577347
7.2 3.28887 52.005 32.8525 0.582976
7.3 3.33454 51.9993 33.1819 0.588684
7.4 3.38021 51.9935 33.5076 0.594471
7.5 3.42587 51.9877 33.8297 0.600335
7.6 3.47154 51.9817 34.1481 0.606278
7.7 3.51721 51.9757 34.4629 0.6123
7.8 3.56287 51.9696 34.7741 0.618399
7.9 3.60854 51.9634 35.0818 0.624577
8 3.6542 51.9572 35.3859 0.630832
8.1 3.69986 51.9508 35.6865 0.637166
8.2 3.74553 51.9444 35.9836 0.643579
8.3 3.79119 51.9379 36.2772 0.650069
8.4 3.83685 51.9314 36.5674 0.656637
8.5 3.88251 51.9247 36.8542 0.663284
8.6 3.92818 51.918 37.1376 0.670008
8.7 3.97384 51.9112 37.4177 0.676811
8.8 4.0195 51.9043 37.6944 0.683692
8.9 4.06516 51.8973 37.9679 0.69065
9 4.11081 51.8903 38.2381 0.697687
9.1 4.15647 51.8832 38.5051 0.704802
9.2 4.20213 51.876 38.7688 0.711994
9.3 4.24779 51.8687 39.0294 0.719265
9.4 4.29344 51.8614 39.2869 0.726613
9.5 4.3391 51.854 39.5412 0.73404
9.6 4.38476 51.8465 39.7925 0.741544
9.7 4.43041 51.8389 40.0407 0.749126
9.8 4.47607 51.8312 40.2859 0.756786
9.9 4.52172 51.8235 40.5281 0.764523
10 4.56737 51.8157 40.7673 0.772339
10.1 4.61302 51.8078 41.0036 0.780232
10.2 4.65868 51.7998 41.237 0.788203
10.3 4.70433 51.7917 41.4676 0.796251
10.4 4.74998 51.7836 41.6953 0.804377
10.5 4.79563 51.7754 41.9202 0.812581
10.6 4.84128 51.7671 42.1424 0.820863
10.7 4.88693 51.7588 42.3618 0.829222
10.8 4.93257 51.7503 42.5784 0.837658
10.9 4.97822 51.7418 42.7924 0.846173
11 5.02387 51.7332 43.0038 0.854764
11.1 5.06951 51.7246 43.2125 0.863433
11.2 5.11516 51.7158 43.4186 0.87218
11.3 5.1608 51.707 43.6222 0.881004
11.4 5.20645 51.6981 43.8232 0.889906
11.5 5.25209 51.6891 44.0217 0.898885
11.6 5.29773 51.6801 44.2177 0.907941
11.7 5.34337 51.6709 44.4113 0.917074
11.8 5.38901 51.6617 44.6024 0.926285
11.9 5.43465 51.6524 44.7911 0.935574
12 5.48029 51.6431 44.9775 0.944939
12.1 5.52593 51.6336 45.1616 0.954382
12.2 5.57157 51.6241 45.3433 0.963901
12.3 5.6172 51.6145 45.5227 0.973498
12.4 5.66284 51.6048 45.6999 0.983172
12.5 5.70848 51.5951 45.8748 0.992924
12.6 5.75411 51.5852 46.0476 1.00275
12.7 5.79974 51.5753 46.2181 1.01266
12.8 5.84538 51.5654 46.3865 1.02264
12.9 5.89101 51.5553 46.5528 1.0327
13 5.93664 51.5452 46.7169 1.04284
13.1 5.98227 51.535 46.879 1.05305
13.2 6.0279 51.5247 47.039 1.06334
13.3 6.07353 51.5143 47.197 1.07371
13.4 6.11916 51.5039 47.353 1.08415
13.5 6.16478 51.4933 47.507 1.09467
13.6 6.21041 51.4827 47.6591 1.10527
13.7 6.25603 51.4721 47.8092 1.11594
13.8 6.30166 51.4613 47.9574 1.12669
13.9 6.34728 51.4505 48.1037 1.13752
14 6.39291 51.4396 48.2482 1.14842
14.1 6.43853 51.4286 48.3908 1.1594
14.2 6.48415 51.4175 48.5315 1.17046
14.3 6.52977 51.4064 48.6705 1.18159
14.4 6.57539 51.3952 48.8077 1.1928
14.5 6.62101 51.3839 48.9431 1.20409
14.6 6.66662 51.3725 49.0768 1.21545
14.7 6.71224 51.3611 49.2088 1.22689
14.8 6.75785 51.3496 49.3391 1.23841
14.9 6.80347 51.338 49.4677 1.25
15 6.84908 51.3263 49.5947 1.26167
15.1 6.89469 51.3146 49.72 1.27342
15.2 6.94031 51.3028 49.8438 1.28524
15.3 6.98592 51.2909 49.9659 1.29713
15.4 7.03153 51.2789 50.0864 1.30911
15.5 7.07713 51.2668 50.2054 1.32116
15.6 7.12274 51.2547 50.3228 1.33328
15.7 7.16835 51.2425 50.4388 1.34548
15.8 7.21395 51.2302 50.5532 1.35776
15.9 7.25956 51.2179 50.6661 1.37011
16 7.30516 51.2055 50.7776 1.38254
16.1 7.35076 51.193 50.8876 1.39505
16.2 7.39637 51.1804 50.9962 1.40763
16.3 7.44197 51.1677 51.1033 1.42029
16.4 7.48756 51.155 51.2091 1.43302
16.5 7.53316 51.1422 51.3135 1.44583
16.6 7.57876 51.1293 51.4165 1.45871
16.7 7.62436 51.1163 51.5182 1.47167
16.8 7.66995 51.1033 51.6185 1.48471
16.9 7.71555 51.0902 51.7175 1.49782
17 7.76114 51.077 51.8153 1.511
17.1 7.80673 51.0637 51.9117 1.52427
17.2 7.85232 51.0504 52.0068 1.5376
17.3 7.89791 51.037 52.1007 1.55102
17.4 7.9435 51.0235 52.1934 1.5645
17.5 7.98909 51.0099 52.2848 1.57807
17.6 8.03467 50.9963 52.375 1.59171
17.7 8.08026 50.9826 52.464 1.60542
17.8 8.12584 50.9688 52.5519 1.61921
17.9 8.17142 50.9549 52.6385 1.63307
18 8.21701 50.941 52.724 1.64701
18.1 8.26259 50.927 52.8084 1.66103
18.2 8.30817 50.9129 52.8916 1.67512
18.3 8.35374 50.8987 52.9737 1.68928
18.4 8.39932 50.8845 53.0547 1.70352
18.5 8.4449 50.8702 53.1346 1.71784
18.6 8.49047 50.8558 53.2134 1.73223
18.7 8.53604 50.8413 53.2911 1.74669
18.8 8.58162 50.8268 53.3678 1.76123
18.9 8.62719 50.8122 53.4435 1.77584
19 8.67276 50.7975 53.5181 1.79053
19.1 8.71832 50.7827 53.5917 1.8053
19.2 8.76389 50.7679 53.6643 1.82013
19.3 8.80946 50.753 53.7358 1.83505
19.4 8.85502 50.738 53.8064 1.85003
19.5 8.90059 50.7229 53.8761 1.86509
19.6 8.94615 50.7078 53.9447 1.88023
19.7 8.99171 50.6926 54.0124 1.89544
19.8 9.03727 50.6773 54.0792 1.91072
19.9 9.08283 50.6619 54.145 1.92608
20 9.12838 50.6465 54.2099 1.94151
20.1 9.17394 50.631 54.2739 1.95702
20.2 9.21949 50.6154 54.337 1.9726
20.3 9.26505 50.5997 54.3992 1.98826
20.4 9.3106 50.584 54.4605 2.00399
20.5 9.35615 50.5682 54.521 2.01979
20.6 9.4017 50.5523 54.5805 2.03567
20.7 9.44724 50.5364 54.6393 2.05162
20.8 9.49279 50.5204 54.6971 2.06764
20.9 9.53834 50.5043 54.7542 2.08374
21 9.58388 50.4881 54.8104 2.09991
21.1 9.62942 50.4718 54.8658 2.11616
21.2 9.67496 50.4555 54.9204 2.13248
21.3 9.7205 50.4391 54.9742 2.14887
21.4 9.76604 50.4227 55.0272 2.16534
21.5 9.81158 50.4061 55.0794 2.18188
21.6 9.85711 50.3895 55.1309 2.19849
21.7 9.90265 50.3728 55.1816 2.21518
21.8 9.94818 50.3561 55.2315 2.23194
21.9 9.99371 50.3392 55.2807 2.24878
22 10.0392 50.3223 55.3291 2.26568
22.1 10.0848 50.3053 55.3768 2.28266
22.2 10.1303 50.2883 55.4238 2.29972
22.3 10.1758 50.2712 55.47 2.31684
22.4 10.2213 50.254 55.5156 2.33404
22.5 10.2669 50.2367 55.5604 2.35132
22.6 10.3124 50.2193 55.6045 2.36866
22.7 10.3579 50.2019 55.648 2.38608
22.8 10.4034 50.1844 55.6908 2.40357
22.9 10.4489 50.1669 55.7329 2.42114
23 10.4945 50.1492 55.7743 2.43877
23.1 10.54 50.1315 55.8151 2.45648
23.2 10.5855 50.1137 55.8552 2.47426
23.3 10.631 50.0959 55.8947 2.49212
23.4 10.6765 50.078 55.9335 2.51005
23.5 10.722 50.06 55.9717 2.52805
23.6 10.7675 50.0419 56.0093 2.54612
23.7 10.813 50.0237 56.0462 2.56426
23.8 10.8585 50.0055 56.0825 2.58248
23.9 10.904 49.9872 56.1183 2.60077
24 10.9495 49.9689 56.1534 2.61913
24.1 10.995 49.9504 56.1879 2.63756
24.2 11.0405 49.9319 56.2219 2.65607
24.3 11.086 49.9134 56.2552 2.67464
24.4 11.1315 49.8947 56.288 2.69329
24.5 11.177 49.876 56.3202 2.71201
24.6 11.2225 49.8572 56.3518 2.73081
24.7 11.268 49.8383 56.3829 2.74967
24.8 11.3134 49.8194 56.4134 2.76861
24.9 11.3589 49.8004 56.4434 2.78761
25 11.4044 49.7813 56.4728 2.80669
25.1 11.4499 49.7622 56.5017 2.82585
25.2 11.4954 49.7429 56.53 2.84507
25.3 11.5409 49.7236 56.5579 2.86436
25.4 11.5863 49.7043 56.5852 2.88373
25.5 11.6318 49.6848 56.6119 2.90316
25.6 11.6773 49.6653 56.6382 2.92267
25.7 11.7227 49.6457 56.664 2.94225
25.8 11.7682 49.6261 56.6892 2.9619
25.9 11.8137 49.6064 56.714 2.98162
26 11.8591 49.5866 56.7382 3.00142
26.1 11.9046 49.5667 56.762 3.02128
26.2 11.9501 49.5468 56.7853 3.04121
26.3 11.9955 49.5268 56.8081 3.06122
26.4 12.041 49.5067 56.8304 3.08129
26.5 12.0865 49.4866 56.8523 3.10144
26.6 12.1319 49.4663 56.8737 3.12166
26.7 12.1774 49.4461 56.8946 3.14195
26.8 12.2228 49.4257 56.9151 3.1623
26.9 12.2683 49.4053 56.9351 3.18273
27 12.3137 49.3848 56.9547 3.20323
27.1 12.3592 49.3642 56.9738 3.2238
27.2 12.4046 49.3436 56.9925 3.24444
27.3 12.45 49.3228 57.0107 3.26515
27.4 12.4955 49.3021 57.0286 3.28593
27.5 12.5409 49.2812 57.0459 3.30678
27.6 12.5864 49.2603 57.0629 3.3277
27.7 12.6318 49.2393 57.0795 3.34869
27.8 12.6772 49.2182 57.0956 3.36975
27.9 12.7227 49.1971 57.1113 3.39088
28 12.7681 49.1759 57.1266 3.41208
28.1 12.8135 49.1546 57.1415 3.43335
28.2 12.8589 49.1333 57.156 3.45469
28.3 12.9044 49.1119 57.1701 3.4761
28.4 12.9498 49.0904 57.1838 3.49758
28.5 12.9952 49.0689 57.1971 3.51913
28.6 13.0406 49.0473 57.21 3.54074
28.7 13.086 49.0256 57.2226 3.56243
28.8 13.1315 49.0038 57.2347 3.58418
28.9 13.1769 48.982 57.2465 3.60601
29 13.2223 48.9601 57.2579 3.6279
29.1 13.2677 48.9381 57.269 3.64987
29.2 13.3131 48.9161 57.2797 3.6719
29.3 13.3585 48.894 57.29 3.694
29.4 13.4039 48.8718 57.2999 3.71617
29.5 13.4493 48.8496 57.3095 3.73841
29.6 13.4947 48.8273 57.3187 3.76071
29.7 13.5401 48.8049 57.3276 3.78309
29.8 13.5855 48.7825 57.3362 3.80553
29.9 13.6309 48.76 57.3444 3.82805
30 13.6763 48.7374 57.3522 3.85063
30.1 13.7216 48.7147 57.3597 3.87328
30.2 13.767 48.692 57.3669 3.896
30.3 13.8124 48.6692 57.3738 3.91878
30.4 13.8578 48.6464 57.3803 3.94164
30.5 13.9032 48.6234 57.3865 3.96456
30.6 13.9486 48.6005 57.3923 3.98755
30.7 13.9939 48.5774 57.3979 4.01061
30.8 14.0393 48.5543 57.4031 4.03373
30.9 14.0847 48.5311 57.408 4.05693
31 14.13 48.5078 57.4126 4.08019
31.1 14.1754 48.4845 57.4168 4.10352
31.2 14.2208 48.4611 57.4208 4.12692
31.3 14.2661 48.4376 57.4245 4.15038
31.4 14.3115 48.4141 57.4278 4.17391
31.5 14.3569 48.3905 57.4309 4.19751
31.6 14.4022 48.3668 57.4337 4.22118
31.7 14.4476 48.3431 57.4361 4.24491
31.8 14.4929 48.3193 57.4383 4.26871
31.9 14.5383 48.2954 57.4402 4.29258
32 14.5836 48.2715 57.4418 4.31652
32.1 14.629 48.2475 57.4431 4.34052
32.2 14.6743 48.2234 57.4441 4.36459
32.3 14.7196 48.1993 57.4449 4.38872
32.4 14.765 48.1751 57.4453 4.41293
32.5 14.8103 48.1508 57.4455 4.4372
32.6 14.8556 48.1265 57.4454 4.46153
32.7 14.901 48.1021 57.4451 4.48593
32.8 14.9463 48.0776 57.4445 4.5104
32.9 14.9916 48.0531 57.4436 4.53494
33 15.037 48.0285 57.4424 4.55954
33.1 15.0823 48.0038 57.441 4.58421
33.2 15.1276 47.9791 57.4393 4.60894
33.3 15.1729 47.9543 57.4373 4.63374
33.4 15.2182 47.9294 57.4351 4.65861
33.5 15.2635 47.9045 57.4327 4.68354
33.6 15.3088 47.8795 57.43 4.70853
33.7 15.3542 47.8544 57.427 4.7336
33.8 15.3995 47.8293 57.4238 4.75873
33.9 15.4448 47.8041 57.4204 4.78392
34 15.4901 47.7788 57.4167 4.80918
34.1 15.5354 47.7535 57.4127 4.83451
34.2 15.5807 47.7281 57.4085 4.8599
34.3 15.6259 47.7026 57.4041 4.88535
34.4 15.6712 47.6771 57.3994 4.91087
34.5 15.7165 47.6515 57.3945 4.93646
34.6 15.7618 47.6259 57.3894 4.96211
34.7 15.8071 47.6002 57.384 4.98783
34.8 15.8524 47.5744 57.3785 5.01361
34.9 15.8977 47.5485 57.3726 5.03946
35 15.9429 47.5226 57.3666 5.06537
35.1 15.9882 47.4967 57.3603 5.09134
35.2 16.0335 47.4706 57.3538 5.11738
35.3 16.0787 47.4445 57.3471 5.14349
35.4 16.124 47.4183 57.3402 5.16966
35.5 16.1693 47.3921 57.333 5.19589
35.6 16.2145 47.3658 57.3256 5.22219
35.7 16.2598 47.3394 57.3181 5.24855
35.8 16.305 47.313 57.3103 5.27498
35.9 16.3503 47.2865 57.3022 5.30147
36 16.3956 47.26 57.294 5.32802
36.1 16.4408 47.2334 57.2856 5.35464
36.2 16.486 47.2067 57.277 5.38132
36.3 16.5313 47.1799 57.2681 5.40807
36.4 16.5765 47.1531 57.2591 5.43488
36.5 16.6218 47.1263 57.2498 5.46175
36.6 16.667 47.0993 57.2404 5.48868
36.7 16.7122 47.0723 57.2308 5.51568
36.8 16.7575 47.0453 57.2209 5.54275
36.9 16.8027 47.0181 57.2109 5.56987
37 16.8479 46.9909 57.2006 5.59706
37.1 16.8931 46.9637 57.1902 5.62431
37.2 16.9384 46.9364 57.1796 5.65163
37.3 16.9836 46.909 57.1688 5.67901
37.4 17.0288 46.8816 57.1578 5.70645
37.5 17.074 46.854 57.1466 5.73395
37.6 17.1192 46.8265 57.1353 5.76152
37.7 17.1644 46.7989 57.1237 5.78915
37.8 17.2096 46.7712 57.112 5.81684
37.9 17.2548 46.7434 57.1 5.84459
38 17.3 46.7156 57.0879 5.87241
38.1 17.3452 46.6877 57.0757 5.90028
38.2 17.3904 46.6598 57.0632 5.92822
38.3 17.4356 46.6318 57.0506 5.95623
38.4 17.4808 46.6037 57.0378 5.98429
38.5 17.526 46.5756 57.0248 6.01242
38.6 17.5711 46.5474 57.0116 6.0406
38.7 17.6163 46.5191 56.9983 6.06885
38.8 17.6615 46.4908 56.9848 6.09717
38.9 17.7067 46.4625 56.9711 6.12554
39 17.7518 46.434 56.9573 6.15397
39.1 17.797 46.4055 56.9433 6.18247
39.2 17.8422 46.377 56.9291 6.21102
39.3 17.8873 46.3484 56.9148 6.23964
39.4 17.9325 46.3197 56.9003 6.26832
39.5 17.9776 46.2909 56.8856 6.29706
39.6 18.0228 46.2621 56.8708 6.32586
39.7 18.0679 46.2333 56.8558 6.35472
39.8 18.1131 46.2044 56.8407 6.38365
39.9 18.1582 46.1754 56.8254 6.41263
40 18.2034 46.1463 56.8099 6.44167
40.1 18.2485 46.1172 56.7943 6.47078
40.2 18.2936 46.0881 56.7785 6.49994
40.3 18.3388 46.0588 56.7626 6.52916
40.4 18.3839 46.0296 56.7465 6.55845
40.5 18.429 46.0002 56.7303 6.58779
40.6 18.4741 45.9708 56.714 6.6172
40.7 18.5193 45.9413 56.6974 6.64667
40.8 18.5644 45.9118 56.6808 6.67619
40.9 18.6095 45.8822 56.6639 6.70577
41 18.6546 45.8526 56.647 6.73542
41.1 18.6997 45.8229 56.6299 6.76512
41.2 18.7448 45.7931 56.6126 6.79489
41.3 18.7899 45.7633 56.5952 6.82471
41.4 18.835 45.7334 56.5777 6.85459
41.5 18.8801 45.7035 56.56 6.88453
41.6 18.9252 45.6735 56.5422 6.91453
41.7 18.9703 45.6434 56.5242 6.94459
41.8 19.0154 45.6133 56.5061 6.97471
41.9 19.0604 45.5831 56.4879 7.00489
42 19.1055 45.5529 56.4695 7.03512
42.1 19.1506 45.5226 56.451 7.06542
42.2 19.1957 45.4922 56.4323 7.09577
42.3 19.2407 45.4618 56.4135 7.12618
42.4 19.2858 45.4313 56.3946 7.15665
42.5 19.3309 45.4008 56.3756 7.18718
42.6 19.3759 45.3702 56.3564 7.21777
42.7 19.421 45.3396 56.3371 7.24841
42.8 19.466 45.3089 56.3177 7.27912
42.9 19.5111 45.2781 56.2981 7.30988
43 19.5561 45.2473 56.2784 7.3407
43.1 19.6012 45.2164 56.2586 7.37157
43.2 19.6462 45.1855 56.2386 7.40251
43.3 19.6912 45.1545 56.2186 7.4335
43.4 19.7363 45.1235 56.1984 7.46455
43.5 19.7813 45.0923 56.178 7.49565
43.6 19.8263 45.0612 56.1576 7.52682
43.7 19.8714 45.03 56.137 7.55804
43.8 19.9164 44.9987 56.1163 7.58931
43.9 19.9614 44.9674 56.0955 7.62065
44 20.0064 44.936 56.0746 7.65204
44.1 20.0514 44.9045 56.0535 7.68349
44.2 20.0964 44.873 56.0324 7.71499
44.3 20.1414 44.8414 56.0111 7.74656
44.4 20.1864 44.8098 55.9897 7.77817
44.5 20.2314 44.7782 55.9682 7.80985
44.6 20.2764 44.7464 55.9465 7.84158
44.7 20.3214 44.7146 55.9248 7.87337
44.8 20.3664 44.6828 55.9029 7.90521
44.9 20.4114 44.6509 55.8809 7.93711
45 20.4563 44.6189 55.8589 7.96906
45.1 20.5013 44.5869 55.8367 8.00107
45.2 20.5463 44.5549 55.8143 8.03314
45.3 20.5913 44.5227 55.7919 8.06526
45.4 20.6362 44.4906 55.7694 8.09744
45.5 20.6812 44.4583 55.7467 8.12967
45.6 20.7261 44.426 55.724 8.16196
45.7 20.7711 44.3937 55.7011 8.19431
45.8 20.816 44.3613 55.6782 8.22671
45.9 20.861 44.3288 55.6551 8.25916
46 20.9059 44.2963 55.6319 8.29167
46.1 20.9509 44.2638 55.6086 8.32423
46.2 20.9958 44.2311 55.5853 8.35685
46.3 21.0407 44.1985 55.5618 8.38952
46.4 21.0857 44.1657 55.5382 8.42225
46.5 21.1306 44.133 55.5145 8.45503
46.6 21.1755 44.1001 55.4907 8.48787
46.7 21.2204 44.0672 55.4668 8.52076
46.8 21.2653 44.0343 55.4428 8.55371
46.9 21.3103 44.0013 55.4187 8.5867
47 21.3552 43.9682 55.3945 8.61976
47.1 21.4001 43.9351 55.3702 8.65286
47.2 21.445 43.902 55.3458 8.68602
47.3 21.4899 43.8688 55.3213 8.71924
47.4 21.5347 43.8355 55.2967 8.75251
47.5 21.5796 43.8022 55.272 8.78583
47.6 21.6245 43.7688 55.2472 8.8192
47.7 21.6694 43.7354 55.2223 8.85263
47.8 21.7143 43.7019 55.1974 8.88611
47.9 21.7591 43.6684 55.1723 8.91964
48 21.804 43.6348 55.1471 8.95323
48.1 21.8489 43.6011 55.1219 8.98687
48.2 21.8937 43.5674 55.0965 9.02056
48.3 21.9386 43.5337 55.0711 9.05431
48.4 21.9835 43.4999 55.0456 9.0881
48.5 22.0283 43.466 55.0199 9.12195
48.6 22.0731 43.4321 54.9942 9.15586
48.7 22.118 43.3982 54.9684 9.18981
48.8 22.1628 43.3642 54.9425 9.22382
48.9 22.2077 43.3301 54.9166 9.25787
49 22.2525 43.296 54.8905 9.29198
49.1 22.2973 43.2619 54.8643 9.32615
49.2 22.3421 43.2276 54.8381 9.36036
49.3 22.387 43.1934 54.8117 9.39463
49.4 22.4318 43.1591 54.7853 9.42894
49.5 22.4766 43.1247 54.7588 9.46331
49.6 22.5214 43.0903 54.7322 9.49773
49.7 22.5662 43.0558 54.7056 9.5322
49.8 22.611 43.0213 54.6788 9.56672
49.9 22.6558 42.9867 54.652 9.6013
50 22.7006 42.9521 54.625 9.63592
50.1 22.7453 42.9174 54.598 9.67059
50.2 22.7901 42.8827 54.5709 9.70532
50.3 22.8349 42.8479 54.5438 9.74009
50.4 22.8797 42.8131 54.5165 9.77492
50.5 22.9244 42.7782 54.4892 9.80979
50.6 22.9692 42.7433 54.4618 9.84472
50.7 23.014 42.7083 54.4343 9.8797
50.8 23.0587 42.6733 54.4067 9.91472
50.9 23.1035 42.6382 54.379 9.9498
51 23.1482 42.6031 54.3513 9.98493
51.1 23.193 42.5679 54.3235 10.0201
51.2 23.2377 42.5327 54.2956 10.0553
51.3 23.2824 42.4974 54.2676 10.0906
51.4 23.3272 42.4621 54.2396 10.1259
51.5 23.3719 42.4267 54.2115 10.1613
51.6 23.4166 42.3913 54.1833 10.1967
51.7 23.4613 42.3558 54.155 10.2322
51.8 23.5061 42.3203 54.1267 10.2677
51.9 23.5508 42.2847 54.0982 10.3033
52 23.5955 42.2491 54.0697 10.3389
52.1 23.6402 42.2134 54.0412 10.3746
52.2 23.6849 42.1777 54.0125 10.4103
52.3 23.7296 42.142 53.9838 10.446
52.4 23.7742 42.1061 53.955 10.4819
52.5 23.8189 42.0703 53.9262 10.5177
52.6 23.8636 42.0344 53.8972 10.5536
52.7 23.9083 41.9984 53.8682 10.5896
52.8 23.9529 41.9624 53.8391 10.6256
52.9 23.9976 41.9264 53.81 10.6616
53 24.0423 41.8903 53.7808 10.6977
53.1 24.0869 41.8541 53.7515 10.7339
53.2 24.1316 41.8179 53.7221 10.7701
53.3 24.1762 41.7817 53.6927 10.8063
53.4 24.2209 41.7454 53.6632 10.8426
53.5 24.2655 41.7091 53.6336 10.8789
53.6 24.3101 41.6727 53.604 10.9153
53.7 24.3548 41.6362 53.5743 10.9518
53.8 24.3994 41.5998 53.5445 10.9882
53.9 24.444 41.5632 53.5147 11.0248
54 24.4886 41.5267 53.4848 11.0613
54.1 24.5332 41.4901 53.4548 11.0979
54.2 24.5778 41.4534 53.4248 11.1346
54.3 24.6224 41.4167 53.3947 11.1713
54.4 24.667 41.3799 53.3645 11.2081
54.5 24.7116 41.3431 53.3343 11.2449
54.6 24.7562 41.3063 53.304 11.2817
54.7 24.8008 41.2694 53.2736 11.3186
54.8 24.8454 41.2325 53.2432 11.3555
54.9 24.89 41.1955 53.2127 11.3925
55 24.9345 41.1584 53.1822 11.4296
55.1 24.9791 41.1214 53.1515 11.4666
55.2 25.0236 41.0843 53.1209 11.5037
55.3 25.0682 41.0471 53.0901 11.5409
55.4 25.1127 41.0099 53.0593 11.5781
55.5 25.1573 40.9726 53.0285 11.6154
55.6 25.2018 40.9353 52.9975 11.6527
55.7 25.2464 40.898 52.9665 11.69
55.8 25.2909 40.8606 52.9355 11.7274
55.9 25.3354 40.8232 52.9044 11.7648
56 25.3799 40.7857 52.8732 11.8023
56.1 25.4245 40.7482 52.842 11.8398
56.2 25.469 40.7106 52.8107 11.8774
56.3 25.5135 40.673 52.7794 11.915
56.4 25.558 40.6353 52.748 11.9527
56.5 25.6025 40.5977 52.7165 11.9903
56.6 25.647 40.5599 52.685 12.0281
56.7 25.6914 40.5221 52.6534 12.0659
56.8 25.7359 40.4843 52.6218 12.1037
56.9 25.7804 40.4464 52.5901 12.1416
57 25.8249 40.4085 52.5583 12.1795
57.1 25.8693 40.3706 52.5265 12.2174
57.2 25.9138 40.3326 52.4947 12.2554
57.3 25.9582 40.2945 52.4627 12.2935
57.4 26.0027 40.2564 52.4308 12.3316
57.5 26.0471 40.2183 52.3987 12.3697
57.6 26.0916 40.1802 52.3666 12.4078
57.7 26.136 40.1419 52.3345 12.4461
57.8 26.1804 40.1037 52.3023 12.4843
57.9 26.2249 40.0654 52.27 12.5226
58 26.2693 40.0271 52.2377 12.5609
58.1 26.3137 39.9887 52.2054 12.5993
58.2 26.3581 39.9503 52.173 12.6377
58.3 26.4025 39.9118 52.1405 12.6762
58.4 26.4469 39.8733 52.108 12.7147
58.5 26.4913 39.8347 52.0754 12.7533
58.6 26.5357 39.7962 52.0428 12.7918
58.7 26.5801 39.7575 52.0101 12.8305
58.8 26.6244 39.7189 51.9774 12.8691
58.9 26.6688 39.6802 51.9446 12.9078
59 26.7132 39.6414 51.9118 12.9466
59.1 26.7575 39.6026 51.8789 12.9854
59.2 26.8019 39.5638 51.8459 13.0242
59.3 26.8462 39.5249 51.813 13.0631
59.4 26.8906 39.486 51.7799 13.102
59.5 26.9349 39.447 51.7468 13.141
59.6 26.9792 39.4081 51.7137 13.1799
59.7 27.0236 39.369 51.6805 13.219
59.8 27.0679 39.33 51.6473 13.258
59.9 27.1122 39.2908 51.614 13.2972
60 27.1565 39.2517 51.5807 13.3363
60.1 27.2008 39.2125 51.5473 13.3755
60.2 27.2451 39.1733 51.5138 13.4147
60.3 27.2894 39.134 51.4804 13.454
60.4 27.3337 39.0947 51.4468 13.4933
60.5 27.378 39.0553 51.4132 13.5327
60.6 27.4223 39.016 51.3796 13.572
60.7 27.4665 38.9765 51.3459 13.6115
60.8 27.5108 38.9371 51.3122 13.6509
60.9 27.5551 38.8976 51.2785 13.6904
61 27.5993 38.858 51.2446 13.73
61.1 27.6436 38.8184 51.2108 13.7696
61.2 27.6878 38.7788 51.1769 13.8092
61.3 27.732 38.7392 51.1429 13.8488
61.4 27.7763 38.6995 51.1089 13.8885
61.5 27.8205 38.6597 51.0749 13.9283
61.6 27.8647 38.62 51.0408 13.968
61.7 27.9089 38.5802 51.0067 14.0078
61.8 27.9531 38.5403 50.9725 14.0477
61.9 27.9973 38.5004 50.9383 14.0876
62 28.0415 38.4605 50.904 14.1275
62.1 28.0857 38.4206 50.8697 14.1674
62.2 28.1299 38.3806 50.8353 14.2074
62.3 28.1741 38.3406 50.8009 14.2474
62.4 28.2182 38.3005 50.7665 14.2875
62.5 28.2624 38.2604 50.732 14.3276
62.6 28.3066 38.2202 50.6974 14.3678
62.7 28.3507 38.1801 50.6629 14.4079
62.8 28.3949 38.1399 50.6283 14.4481
62.9 28.439 38.0996 50.5936 14.4884
63 28.4832 38.0593 50.5589 14.5287
63.1 28.5273 38.019 50.5241 14.569
63.2 28.5714 37.9787 50.4894 14.6093
63.3 28.6155 37.9383 50.4545 14.6497
63.4 28.6596 37.8978 50.4197 14.6902
63.5 28.7037 37.8574 50.3847 14.7306
63.6 28.7478 37.8169 50.3498 14.7711
63.7 28.7919 37.7764 50.3148 14.8116
63.8 28.836 37.7358 50.2798 14.8522
63.9 28.8801 37.6952 50.2447 14.8928
64 28.9242 37.6546 50.2096 14.9334
64.1 28.9682 37.6139 50.1744 14.9741
64.2 29.0123 37.5732 50.1392 15.0148
64.3 29.0564 37.5324 50.104 15.0556
64.4 29.1004 37.4917 50.0687 15.0963
64.5 29.1444 37.4509 50.0334 15.1371
64.6 29.1885 37.41 49.998 15.178
64.7 29.2325 37.3691 49.9626 15.2189
64.8 29.2765 37.3282 49.9272 15.2598
64.9 29.3206 37.2873 49.8917 15.3007
65 29.3646 37.2463 49.8562 15.3417
65.1 29.4086 37.2053 49.8206 15.3827
65.2 29.4526 37.1643 49.785 15.4237
65.3 29.4966 37.1232 49.7494 15.4648
65.4 29.5405 37.0821 49.7137 15.5059
65.5 29.5845 37.0409 49.678 15.5471
65.6 29.6285 36.9998 49.6423 15.5882
65.7 29.6725 36.9585 49.6065 15.6295
65.8 29.7164 36.9173 49.5707 15.6707
65.9 29.7604 36.876 49.5348 15.712
66 29.8043 36.8347 49.4989 15.7533
66.1 29.8482 36.7934 49.463 15.7946
66.2 29.8922 36.752 49.427 15.836
66.3 29.9361 36.7106 49.391 15.8774
66.4 29.98 36.6692 49.355 15.9188
66.5 30.0239 36.6277 49.3189 15.9603
66.6 30.0678 36.5862 49.2828 16.0018
66.7 30.1117 36.5447 49.2466 16.0433
66.8 30.1556 36.5032 49.2105 16.0848
66.9 30.1995 36.4616 49.1742 16.1264
67 30.2434 36.4199 49.138 16.1681
67.1 30.2873 36.3783 49.1017 16.2097
67.2 30.3311 36.3366 49.0654 16.2514
67.3 30.375 36.2949 49.029 16.2931
67.4 30.4188 36.2532 48.9926 16.3348
67.5 30.4627 36.2114 48.9562 16.3766
67.6 30.5065 36.1696 48.9197 16.4184
67.7 30.5503 36.1277 48.8832 16.4603
67.8 30.5941 36.0859 48.8467 16.5021
67.9 30.638 36.044 48.8101 16.544
68 30.6818 36.0021 48.7735 16.5859
68.1 30.7256 35.9601 48.7369 16.6279
68.2 30.7694 35.9181 48.7002 16.6699
68.3 30.8131 35.8761 48.6635 16.7119
68.4 30.8569 35.8341 48.6268 16.7539
68.5 30.9007 35.792 48.59 16.796
68.6 30.9445 35.7499 48.5532 16.8381
68.7 30.9882 35.7078 48.5164 16.8802
68.8 31.032 35.6656 48.4795 16.9224
68.9 31.0757 35.6235 48.4426 16.9645
69 31.1194 35.5812 48.4057 17.0068
69.1 31.1632 35.539 48.3687 17.049
69.2 31.2069 35.4967 48.3317 17.0913
69.3 31.2506 35.4544 48.2947 17.1336
69.4 31.2943 35.4121 48.2576 17.1759
69.5 31.338 35.3698 48.2205 17.2182
69.6 31.3817 35.3274 48.1834 17.2606
69.7 31.4254 35.285 48.1462 17.303
69.8 31.4691 35.2425 48.1091 17.3455
69.9 31.5127 35.2001 48.0718 17.3879
70 31.5564 35.1576 48.0346 17.4304
70.1 31.6 35.1151 47.9973 17.4729
70.2 31.6437 35.0725 47.96 17.5155
70.3 31.6873 35.0299 47.9226 17.5581
70.4 31.731 34.9874 47.8853 17.6006
70.5 31.7746 34.9447 47.8479 17.6433
70.6 31.8182 34.9021 47.8104 17.6859
70.7 31.8618 34.8594 47.773 17.7286
70.8 31.9054 34.8167 47.7355 17.7713
70.9 31.949 34.774 47.698 17.814
71 31.9926 34.7312 47.6604 17.8568
71.1 32.0362 34.6884 47.6228 17.8996
71.2 32.0797 34.6456 47.5852 17.9424
71.3 32.1233 34.6028 47.5476 17.9852
71.4 32.1668 34.5599 47.5099 18.0281
71.5 32.2104 34.5171 47.4722 18.0709
71.6 32.2539 34.4742 47.4344 18.1138
71.7 32.2974 34.4312 47.3967 18.1568
71.8 32.341 34.3883 47.3589 18.1997
71.9 32.3845 34.3453 47.3211 18.2427
72 32.428 34.3023 47.2832 18.2857
72.1 32.4715 34.2593 47.2454 18.3287
72.2 32.515 34.2162 47.2075 18.3718
72.3 32.5585 34.1731 47.1695 18.4149
72.4 32.6019 34.13 47.1316 18.458
72.5 32.6454 34.0869 47.0936 18.5011
72.6 32.6889 34.0438 47.0556 18.5442
72.7 32.7323 34.0006 47.0175 18.5874
72.8 32.7757 33.9574 46.9795 18.6306
72.9 32.8192 33.9142 46.9414 18.6738
73 32.8626 33.8709 46.9032 18.7171
73.1 32.906 33.8277 46.8651 18.7603
73.2 32.9494 33.7844 46.8269 18.8036
73.3 32.9928 33.7411 46.7887 18.8469
73.4 33.0362 33.6977 46.7504 18.8903
73.5 33.0796 33.6544 46.7122 18.9336
73.6 33.123 33.611 46.6739 18.977
73.7 33.1663 33.5676 46.6356 19.0204
73.8 33.2097 33.5242 46.5972 19.0638
73.9 33.253 33.4807 46.5589 19.1073
74 33.2964 33.4372 46.5205 19.1508
74.1 33.3397 33.3938 46.4821 19.1942
74.2 33.383 33.3502 46.4436 19.2378
74.3 33.4263 33.3067 46.4051 19.2813
74.4 33.4696 33.2632 46.3666 19.3248
74.5 33.5129 33.2196 46.3281 19.3684
74.6 33.5562 33.176 46.2896 19.412
74.7 33.5995 33.1324 46.251 19.4556
74.8 33.6428 33.0887 46.2124 19.4993
74.9 33.686 33.0451 46.1738 19.5429
75 33.7293 33.0014 46.1351 19.5866
75.1 33.7725 32.9577 46.0964 19.6303
75.2 33.8158 32.914 46.0577 19.674
75.3 33.859 32.8702 46.019 19.7178
75.4 33.9022 32.8265 45.9802 19.7615
75.5 33.9454 32.7827 45.9415 19.8053
75.6 33.9886 32.7389 45.9027 19.8491
75.7 34.0318 32.6951 45.8638 19.8929
75.8 34.075 32.6512 45.825 19.9368
75.9 34.1182 32.6074 45.7861 19.9806
76 34.1613 32.5635 45.7472 20.0245
76.1 34.2045 32.5196 45.7083 20.0684
76.2 34.2476 32.4757 45.6693 20.1123
76.3 34.2908 32.4317 45.6304 20.1563
76.4 34.3339 32.3878 45.5914 20.2002
76.5 34.377 32.3438 45.5523 20.2442
76.6 34.4201 32.2998 45.5133 20.2882
76.7 34.4632 32.2558 45.4742 20.3322
76.8 34.5063 32.2118 45.4351 20.3762
76.9 34.5494 32.1678 45.396 20.4202
77 34.5925 32.1237 45.3569 20.4643
77.1 34.6355 32.0796 45.3177 20.5084
77.2 34.6786 32.0355 45.2785 20.5525
77.3 34.7216 31.9914 45.2393 20.5966
77.4 34.7647 31.9473 45.2001 20.6407
77.5 34.8077 31.9031 45.1609 20.6849
77.6 34.8507 31.8589 45.1216 20.7291
77.7 34.8937 31.8148 45.0823 20.7732
77.8 34.9367 31.7706 45.043 20.8174
77.9 34.9797 31.7263 45.0036 20.8617
78 35.0227 31.6821 44.9642 20.9059
78.1 35.0656 31.6379 44.9249 20.9501
78.2 35.1086 31.5936 44.8854 20.9944
78.3 35.1515 31.5493 44.846 21.0387
78.4 35.1945 31.505 44.8066 21.083
78.5 35.2374 31.4607 44.7671 21.1273
78.6 35.2803 31.4164 44.7276 21.1716
78.7 35.3232 31.372 44.688 21.216
78.8 35.3661 31.3277 44.6485 21.2603
78.9 35.409 31.2833 44.6089 21.3047
79 35.4519 31.2389 44.5694 21.3491
79.1 35.4948 31.1945 44.5297 21.3935
79.2 35.5376 31.1501 44.4901 21.4379
79.3 35.5805 31.1056 44.4505 21.4824
79.4 35.6233 31.0612 44.4108 21.5268
79.5 35.6661 31.0167 44.3711 21.5713
79.6 35.7089 30.9722 44.3314 21.6158
79.7 35.7517 30.9277 44.2916 21.6603
79.8 35.7945 30.8832 44.2519 21.7048
79.9 35.8373 30.8387 44.2121 21.7493
80 35.8801 30.7942 44.1723 21.7938
80.1 35.9229 30.7496 44.1325 21.8384
80.2 35.9656 30.705 44.0926 21.883
80.3 36.0084 30.6605 44.0528 21.9275
80.4 36.0511 30.6159 44.0129 21.9721
80.5 36.0938 30.5713 43.973 22.0167
80.6 36.1365 30.5267 43.9331 22.0613
80.7 36.1792 30.482 43.8931 22.106
80.8 36.2219 30.4374 43.8532 22.1506
80.9 36.2646 30.3927 43.8132 22.1953
81 36.3073 30.3481 43.7732 22.2399
81.1 36.35 30.3034 43.7332 22.2846
81.2 36.3926 30.2587 43.6931 22.3293
81.3 36.4352 30.214 43.6531 22.374
81.4 36.4779 30.1693 43.613 22.4187
81.5 36.5205 30.1245 43.5729 22.4635
81.6 36.5631 30.0798 43.5327 22.5082
81.7 36.6057 30.035 43.4926 22.553
81.8 36.6483 29.9903 43.4524 22.5977
81.9 36.6908 29.9455 43.4123 22.6425
82 36.7334 29.9007 43.3721 22.6873
82.1 36.776 29.8559 43.3318 22.7321
82.2 36.8185 29.8111 43.2916 22.7769
82.3 36.861 29.7663 43.2514 22.8217
82.4 36.9036 29.7215 43.2111 22.8665
82.5 36.9461 29.6766 43.1708 22.9114
82.6 36.9886 29.6318 43.1305 22.9562
82.7 37.031 29.5869 43.0901 23.0011
82.8 37.0735 29.5421 43.0498 23.0459
82.9 37.116 29.4972 43.0094 23.0908
83 37.1584 29.4523 42.969 23.1357
83.1 37.2009 29.4074 42.9286 23.1806
83.2 37.2433 29.3625 42.8882 23.2255
83.3 37.2857 29.3176 42.8477 23.2704
83.4 37.3281 29.2726 42.8073 23.3154
83.5 37.3705 29.2277 42.7668 23.3603
83.6 37.4129 29.1828 42.7263 23.4052
83.7 37.4553 29.1378 42.6858 23.4502
83.8 37.4976 29.0928 42.6452 23.4952
83.9 37.54 29.0479 42.6047 23.5401
84 37.5823 29.0029 42.5641 23.5851
84.1 37.6246 28.9579 42.5235 23.6301
84.2 37.6669 28.9129 42.4829 23.6751
84.3 37.7092 28.8679 42.4423 23.7201
84.4 37.7515 28.8229 42.4017 23.7651
84.5 37.7938 28.7779 42.361 23.8101
84.6 37.8361 28.7329 42.3203 23.8551
84.7 37.8783 28.6878 42.2796 23.9002
84.8 37.9205 28.6428 42.2389 23.9452
84.9 37.9628 28.5977 42.1982 23.9903
85 38.005 28.5527 42.1574 24.0353
85.1 38.0472 28.5076 42.1167 24.0804
85.2 38.0894 28.4625 42.0759 24.1255
85.3 38.1316 28.4175 42.0351 24.1705
85.4 38.1737 28.3724 41.9943 24.2156
85.5 38.2159 28.3273 41.9534 24.2607
85.6 38.258 28.2822 41.9126 24.3058
85.7 38.3002 28.2371 41.8717 24.3509
85.8 38.3423 28.192 41.8308 24.396
85.9 38.3844 28.1469 41.7899 24.4411
86 38.4265 28.1018 41.749 24.4862
86.1 38.4685 28.0566 41.7081 24.5314
86.2 38.5106 28.0115 41.6671 24.5765
86.3 38.5527 27.9664 41.6262 24.6216
86.4 38.5947 27.9212 41.5852 24.6668
86.5 38.6367 27.8761 41.5442 24.7119
86.6 38.6787 27.8309 41.5032 24.7571
86.7 38.7208 27.7858 41.4621 24.8022
86.8 38.7627 27.7406 41.4211 24.8474
86.9 38.8047 27.6955 41.38 24.8925
87 38.8467 27.6503 41.339 24.9377
87.1 38.8886 27.6051 41.2979 24.9829
87.2 38.9306 27.56 41.2567 25.028
87.3 38.9725 27.5148 41.2156 25.0732
87.4 39.0144 27.4696 41.1745 25.1184
87.5 39.0563 27.4244 41.1333 25.1636
87.6 39.0982 27.3792 41.0921 25.2088
87.7 39.1401 27.334 41.0509 25.254
87.8 39.1819 27.2888 41.0097 25.2992
87.9 39.2238 27.2436 40.9685 25.3444
88 39.2656 27.1984 40.9273 25.3896
88.1 39.3074 27.1532 40.886 25.4348
88.2 39.3492 27.108 40.8448 25.48
88.3 39.391 27.0628 40.8035 25.5252
88.4 39.4328 27.0176 40.7622 25.5704
88.5 39.4745 26.9724 40.7208 25.6156
88.6 39.5163 26.9272 40.6795 25.6608
88.7 39.558 26.882 40.6382 25.706
88.8 39.5998 26.8367 40.5968 25.7513
88.9 39.6415 26.7915 40.5554 25.7965
89 39.6832 26.7463 40.514 25.8417
89.1 39.7248 26.7011 40.4726 25.8869
89.2 39.7665 26.6558 40.4312 25.9322
89.3 39.8082 26.6106 40.3898 25.9774
89.4 39.8498 26.5654 40.3483 26.0226
89.5 39.8914 26.5202 40.3069 26.0678
89.6 39.933 26.4749 40.2654 26.1131
89.7 39.9746 26.4297 40.2239 26.1583
89.8 40.0162 26.3845 40.1824 26.2035
89.9 40.0578 26.3392 40.1409 26.2488
90 40.0993 26.294 40.0993 26.294
90.1 40.1409 26.2488 40.0578 26.3392
90.2 40.1824 26.2035 40.0162 26.3845
90.3 40.2239 26.1583 39.9746 26.4297
90.4 40.2654 26.1131 39.933 26.4749
90.5 40.3069 26.0678 39.8914 26.5202
90.6 40.3483 26.0226 39.8498 26.5654
90.7 40.3898 25.9774 39.8082 26.6106
90.8 40.4312 25.9322 39.7665 26.6558
90.9 40.4726 25.8869 39.7248 26.7011
91 40.514 25.8417 39.6832 26.7463
91.1 40.5554 25.7965 39.6415 26.7915
91.2 40.5968 25.7513 39.5998 26.8367
91.3 40.6382 25.706 39.558 26.882
91.4 40.6795 25.6608 39.5163 26.9272
91.5 40.7208 25.6156 39.4745 26.9724
91.6 40.7622 25.5704 39.4328 27.0176
91.7 40.8035 25.5252 39.391 27.0628
91.8 40.8448 25.48 39.3492 27.108
91.9 40.886 25.4348 39.3074 27.1532
92 40.9273 25.3896 39.2656 27.1984
92.1 40.9685 25.3444 39.2238 27.2436
92.2 41.0097 25.2992 39.1819 27.2888
92.3 41.0509 25.254 39.1401 27.334
92.4 41.0921 25.2088 39.0982 27.3792
92.5 41.1333 25.1636 39.0563 27.4244
92.6 41.1745 25.1184 39.0144 27.4696
92.7 41.2156 25.0732 38.9725 27.5148
92.8 41.2567 25.028 38.9306 27.56
92.9 41.2979 24.9829 38.8886 27.6051
93 41.339 24.9377 38.8467 27.6503
93.1 41.38 24.8925 38.8047 27.6955
93.2 41.4211 24.8474 38.7627 27.7406
93.3 41.4621 24.8022 38.7208 27.7858
93.4 41.5032 24.7571 38.6787 27.8309
93.5 41.5442 24.7119 38.6367 27.8761
93.6 41.5852 24.6668 38.5947 27.9212
93.7 41.6262 24.6216 38.5527 27.9664
93.8 41.6671 24.5765 38.5106 28.0115
93.9 41.7081 24.5314 38.4685 28.0566
94 41.749 24.4862 38.4265 28.1018
94.1 41.7899 24.4411 38.3844 28.1469
94.2 41.8308 24.396 38.3423 28.192
94.3 41.8717 24.3509 38.3002 28.2371
94.4 41.9126 24.3058 38.258 28.2822
94.5 41.9534 24.2607 38.2159 28.3273
94.6 41.9943 24.2156 38.1737 28.3724
94.7 42.0351 24.1705 38.1316 28.4175
94.8 42.0759 24.1255 38.0894 28.4625
94.9 42.1167 24.0804 38.0472 28.5076
95 42.1574 24.0353 38.005 28.5527
95.1 42.1982 23.9903 37.9628 28.5977
95.2 42.2389 23.9452 37.9205 28.6428
95.3 42.2796 23.9002 37.8783 28.6878
95.4 42.3203 23.8551 37.8361 28.7329
95.5 42.361 23.8101 37.7938 28.7779
95.6 42.4017 23.7651 37.7515 28.8229
95.7 42.4423 23.7201 37.7092 28.8679
95.8 42.4829 23.6751 37.6669 28.9129
95.9 42.5235 23.6301 37.6246 28.9579
96 42.5641 23.5851 37.5823 29.0029
96.1 42.6047 23.5401 37.54 29.0479
96.2 42.6452 23.4952 37.4976 29.0928
96.3 42.6858 23.4502 37.4553 29.1378
96.4 42.7263 23.4052 37.4129 29.1828
96.5 42.7668 23.3603 37.3705 29.2277
96.6 42.8073 23.3154 37.3281 29.2726
96.7 42.8477 23.2704 37.2857 29.3176
96.8 42.8882 23.2255 37.2433 29.3625
96.9 42.9286 23.1806 37.2009 29.4074
97 42.969 23.1357 37.1584 29.4523
97.1 43.0094 23.0908 37.116 29.4972
97.2 43.0498 23.0459 37.0735 29.5421
97.3 43.0901 23.0011 37.031 29.5869
97.4 43.1305 22.9562 36.9886 29.6318
97.5 43.1708 22.9114 36.9461 29.6766
97.6 43.2111 22.8665 36.9036 29.7215
97.7 43.2514 22.8217 36.861 29.7663
97.8 43.2916 22.7769 36.8185 29.8111
97.9 43.3318 22.7321 36.776 29.8559
98 43.3721 22.6873 36.7334 29.9007
98.1 43.4123 22.6425 36.6908 29.9455
98.2 43.4524 22.5977 36.6483 29.9903
98.3 43.4926 22.553 36.6057 30.035
98.4 43.5327 22.5082 36.5631 30.0798
98.5 43.5729 22.4635 36.5205 30.1245
98.6 43.613 22.4187 36.4779 30.1693
98.7 43.6531 22.374 36.4352 30.214
98.8 43.6931 22.3293 36.3926 30.2587
98.9 43.7332 22.2846 36.35 30.3034
99 43.7732 22.2399 36.3073 30.3481
99.1 43.8132 22.1953 36.2646 30.3927
99.2 43.8532 22.1506 36.2219 30.4374
99.3 43.8931 22.106 36.1792 30.482
99.4 43.9331 22.0613 36.1365 30.5267
99.5 43.973 22.0167 36.0938 30.5713
99.6 44.0129 21.9721 36.0511 30.6159
99.7 44.0528 21.9275 36.0084 30.6605
99.8 44.0926 21.883 35.9656 30.705
99.9 44.1325 21.8384 35.9229 30.7496
100 44.1723 21.7938 35.8801 30.7942
100.1 44.2121 21.7493 35.8373 30.8387
100.2 44.2519 21.7048 35.7945 30.8832
100.3 44.2916 21.6603 35.7517 30.9277
100.4 44.3314 21.6158 35.7089 30.9722
100.5 44.3711 21.5713 35.6661 31.0167
100.6 44.4108 21.5268 35.6233 31.0612
100.7 44.4505 21.4824 35.5805 31.1056
100.8 44.4901 21.4379 35.5376 31.1501
100.9 44.5297 21.3935 35.4948 31.1945
101 44.5694 21.3491 35.4519 31.2389
101.1 44.6089 21.3047 35.409 31.2833
101.2 44.6485 21.2603 35.3661 31.3277
101.3 44.688 21.216 35.3232 31.372
101.4 44.7276 21.1716 35.2803 31.4164
101.5 44.7671 21.1273 35.2374 31.4607
101.6 44.8066 21.083 35.1945 31.505
101.7 44.846 21.0387 35.1515 31.5493
101.8 44.8854 20.9944 35.1086 31.5936
101.9 44.9249 20.9501 35.0656 31.6379
102 44.9642 20.9059 35.0227 31.6821
102.1 45.0036 20.8617 34.9797 31.7263
102.2 45.043 20.8174 34.9367 31.7706
102.3 45.0823 20.7732 34.8937 31.8148
102.4 45.1216 20.7291 34.8507 31.8589
102.5 45.1609 20.6849 34.8077 31.9031
102.6 45.2001 20.6407 34.7647 31.9473
102.7 45.2393 20.5966 34.7216 31.9914
102.8 45.2785 20.5525 34.6786 32.0355
102.9 45.3177 20.5084 34.6355 32.0796
103 45.3569 20.4643 34.5925 32.1237
103.1 45.396 20.4202 34.5494 32.1678
103.2 45.4351 20.3762 34.5063 32.2118
103.3 45.4742 20.3322 34.4632 32.2558
103.4 45.5133 20.2882 34.4201 32.2998
103.5 45.5523 20.2442 34.377 32.3438
103.6 45.5914 20.2002 34.3339 32.3878
103.7 45.6304 20.1563 34.2908 32.4317
103.8 45.6693 20.1123 34.2476 32.4757
103.9 45.7083 20.0684 34.2045 32.5196
104 45.7472 20.0245 34.1613 32.5635
104.1 45.7861 19.9806 34.1182 32.6074
104.2 45.825 19.9368 34.075 32.6512
104.3 45.8638 19.8929 34.0318 32.6951
104.4 45.9027 19.8491 33.9886 32.7389
104.5 45.9415 19.8053 33.9454 32.7827
104.6 45.9802 19.7615 33.9022 32.8265
104.7 46.019 19.7178 33.859 32.8702
104.8 46.0577 19.674 33.8158 32.914
104.9 46.0964 19.6303 33.7725 32.9577
105 46.1351 19.5866 33.7293 33.0014
105.1 46.1738 19.5429 33.686 33.0451
105.2 46.2124 19.4993 33.6428 33.0887
105.3 46.251 19.4556 33.5995 33.1324
105.4 46.2896 19.412 33.5562 33.176
105.5 46.3281 19.3684 33.5129 33.2196
105.6 46.3666 19.3248 33.4696 33.2632
105.7 46.4051 19.2813 33.4263 33.3067
105.8 46.4436 19.2378 33.383 33.3502
105.9 46.4821 19.1942 33.3397 33.3938
106 46.5205 19.1508 33.2964 33.4372
106.1 46.5589 19.1073 33.253 33.4807
106.2 46.5972 19.0638 33.2097 33.5242
106.3 46.6356 19.0204 33.1663 33.5676
106.4 46.6739 18.977 33.123 33.611
106.5 46.7122 18.9336 33.0796 33.6544
106.6 46.7504 18.8903 33.0362 33.6977
106.7 46.7887 18.8469 32.9928 33.7411
106.8 46.8269 18.8036 32.9494 33.7844
106.9 46.8651 18.7603 32.906 33.8277
107 46.9032 18.7171 32.8626 33.8709
107.1 46.9414 18.6738 32.8192 33.9142
107.2 46.9795 18.6306 32.7757 33.9574
107.3 47.0175 18.5874 32.7323 34.0006
107.4 47.0556 18.5442 32.6889 34.0438
107.5 47.0936 18.5011 32.6454 34.0869
107.6 47.1316 18.458 32.6019 34.13
107.7 47.1695 18.4149 32.5585 34.1731
107.8 47.2075 18.3718 32.515 34.2162
107.9 47.2454 18.3287 32.4715 34.2593
108 47.2832 18.2857 32.428 34.3023
108.1 47.3211 18.2427 32.3845 34.3453
108.2 47.3589 18.1997 32.341 34.3883
108.3 47.3967 18.1568 32.2974 34.4312
108.4 47.4344 18.1138 32.2539 34.4742
108.5 47.4722 18.0709 32.2104 34.5171
108.6 47.5099 18.0281 32.1668 34.5599
108.7 47.5476 17.9852 32.1233 34.6028
108.8 47.5852 17.9424 32.0797 34.6456
108.9 47.6228 17.8996 32.0362 34.6884
109 47.6604 17.8568 31.9926 34.7312
109.1 47.698 17.814 31.949 34.774
109.2 47.7355 17.7713 31.9054 34.8167
109.3 47.773 17.7286 31.8618 34.8594
109.4 47.8104 17.6859 31.8182 34.9021
109.5 47.8479 17.6433 31.7746 34.9447
109.6 47.8853 17.6006 31.731 34.9874
109.7 47.9226 17.5581 31.6873 35.0299
109.8 47.96 17.5155 31.6437 35.0725
109.9 47.9973 17.4729 31.6 35.1151
110 48.0346 17.4304 31.5564 35.1576
110.1 48.0718 17.3879 31.5127 35.2001
110.2 48.1091 17.3455 31.4691 35.2425
110.3 48.1462 17.303 31.4254 35.285
110.4 48.1834 17.2606 31.3817 35.3274
110.5 48.2205 17.2182 31.338 35.3698
110.6 48.2576 17.1759 31.2943 35.4121
110.7 48.2947 17.1336 31.2506 35.4544
110.8 48.3317 17.0913 31.2069 35.4967
110.9 48.3687 17.049 31.1632 35.539
111 48.4057 17.0068 31.1194 35.5812
111.1 48.4426 16.9645 31.0757 35.6235
111.2 48.4795 16.9224 31.032 35.6656
111.3 48.5164 16.8802 30.9882 35.7078
111.4 48.5532 16.8381 30.9445 35.7499
111.5 48.59 16.796 30.9007 35.792
111.6 48.6268 16.7539 30.8569 35.8341
111.7 48.6635 16.7119 30.8131 35.8761
111.8 48.7002 16.6699 30.7694 35.9181
111.9 48.7369 16.6279 30.7256 35.9601
112 48.7735 16.5859 30.6818 36.0021
112.1 48.8101 16.544 30.638 36.044
112.2 48.8467 16.5021 30.5941 36.0859
112.3 48.8832 16.4603 30.5503 36.1277
112.4 48.9197 16.4184 30.5065 36.1696
112.5 48.9562 16.3766 30.4627 36.2114
112.6 48.9926 16.3348 30.4188 36.2532
112.7 49.029 16.2931 30.375 36.2949
112.8 49.0654 16.2514 30.3311 36.3366
112.9 49.1017 16.2097 30.2873 36.3783
113 49.138 16.1681 30.2434 36.4199
113.1 49.1742 16.1264 30.1995 36.4616
113.2 49.2105 16.0848 30.1556 36.5032
113.3 49.2466 16.0433 30.1117 36.5447
113.4 49.2828 16.0018 30.0678 36.5862
113.5 49.3189 15.9603 30.0239 36.6277
113.6 49.355 15.9188 29.98 36.6692
113.7 49.391 15.8774 29.9361 36.7106
113.8 49.427 15.836 29.8922 36.752
113.9 49.463 15.7946 29.8482 36.7934
114 49.4989 15.7533 29.8043 36.8347
114.1 49.5348 15.712 29.7604 36.876
114.2 49.5707 15.6707 29.7164 36.9173
114.3 49.6065 15.6295 29.6725 36.9585
114.4 49.6423 15.5882 29.6285 36.9998
114.5 49.678 15.5471 29.5845 37.0409
114.6 49.7137 15.5059 29.5405 37.0821
114.7 49.7494 15.4648 29.4966 37.1232
114.8 49.785 15.4237 29.4526 37.1643
114.9 49.8206 15.3827 29.4086 37.2053
115 49.8562 15.3417 29.3646 37.2463
115.1 49.8917 15.3007 29.3206 37.2873
115.2 49.9272 15.2598 29.2765 37.3282
115.3 49.9626 15.2189 29.2325 37.3691
115.4 49.998 15.178 29.1885 37.41
115.5 50.0334 15.1371 29.1444 37.4509
115.6 50.0687 15.0963 29.1004 37.4917
115.7 50.104 15.0556 29.0564 37.5324
115.8 50.1392 15.0148 29.0123 37.5732
115.9 50.1744 14.9741 28.9682 37.6139
116 50.2096 14.9334 28.9242 37.6546
116.1 50.2447 14.8928 28.8801 37.6952
116.2 50.2798 14.8522 28.836 37.7358
116.3 50.3148 14.8116 28.7919 37.7764
116.4 50.3498 14.7711 28.7478 37.8169
116.5 50.3847 14.7306 28.7037 37.8574
116.6 50.4197 14.6902 28.6596 37.8978
116.7 50.4545 14.6497 28.6155 37.9383
116.8 50.4894 14.6093 28.5714 37.9787
116.9 50.5241 14.569 28.5273 38.019
117 50.5589 14.5287 28.4832 38.0593
117.1 50.5936 14.4884 28.439 38.0996
117.2 50.6283 14.4481 28.3949 38.1399
117.3 50.6629 14.4079 28.3507 38.1801
117.4 50.6974 14.3678 28.3066 38.2202
117.5 50.732 14.3276 28.2624 38.2604
117.6 50.7665 14.2875 28.2182 38.3005
117.7 50.8009 14.2474 28.1741 38.3406
117.8 50.8353 14.2074 28.1299 38.3806
117.9 50.8697 14.1674 28.0857 38.4206
118 50.904 14.1275 28.0415 38.4605
118.1 50.9383 14.0876 27.9973 38.5004
118.2 50.9725 14.0477 27.9531 38.5403
118.3 51.0067 14.0078 27.9089 38.5802
118.4 51.0408 13.968 27.8647 38.62
118.5 51.0749 13.9283 27.8205 38.6597
118.6 51.1089 13.8885 27.7763 38.6995
118.7 51.1429 13.8488 27.732 38.7392
118.8 51.1769 13.8092 27.6878 38.7788
118.9 51.2108 13.7696 27.6436 38.8184
119 51.2446 13.73 27.5993 38.858
119.1 51.2785 13.6904 27.5551 38.8976
119.2 51.3122 13.6509 27.5108 38.9371
119.3 51.3459 13.6115 27.4665 38.9765
119.4 51.3796 13.572 27.4223 39.016
119.5 51.4132 13.5327 27.378 39.0553
119.6 51.4468 13.4933 27.3337 39.0947
119.7 51.4804 13.454 27.2894 39.134
119.8 51.5138 13.4147 27.2451 39.1733
119.9 51.5473 13.3755 27.2008 39.2125
120 51.5807 13.3363 27.1565 39.2517
120.1 51.614 13.2972 27.1122 39.2908
120.2 51.6473 13.258 27.0679 39.33
120.3 51.6805 13.219 27.0236 39.369
120.4 51.7137 13.1799 26.9792 39.4081
120.5 51.7468 13.141 26.9349 39.447
120.6 51.7799 13.102 26.8906 39.486
120.7 51.813 13.0631 26.8462 39.5249
120.8 51.8459 13.0242 26.8019 39.5638
120.9 51.8789 12.9854 26.7575 39.6026
121 51.9118 12.9466 26.7132 39.6414
121.1 51.9446 12.9078 26.6688 39.6802
121.2 51.9774 12.8691 26.6244 39.7189
121.3 52.0101 12.8305 26.5801 39.7575
121.4 52.0428 12.7918 26.5357 39.7962
121.5 52.0754 12.7533 26.4913 39.8347
121.6 52.108 12.7147 26.4469 39.8733
121.7 52.1405 12.6762 26.4025 39.9118
121.8 52.173 12.6377 26.3581 39.9503
121.9 52.2054 12.5993 26.3137 39.9887
122 52.2377 12.5609 26.2693 40.0271
122.1 52.27 12.5226 26.2249 40.0654
122.2 52.3023 12.4843 26.1804 40.1037
122.3 52.3345 12.4461 26.136 40.1419
122.4 52.3666 12.4078 26.0916 40.1802
122.5 52.3987 12.3697 26.0471 40.2183
122.6 52.4308 12.3316 26.0027 40.2564
122.7 52.4627 12.2935 25.9582 40.2945
122.8 52.4947 12.2554 25.9138 40.3326
122.9 52.5265 12.2174 25.8693 40.3706
123 52.5583 12.1795 25.8249 40.4085
123.1 52.5901 12.1416 25.7804 40.4464
123.2 52.6218 12.1037 25.7359 40.4843
123.3 52.6534 12.0659 25.6914 40.5221
123.4 52.685 12.0281 25.647 40.5599
123.5 52.7165 11.9903 25.6025 40.5977
123.6 52.748 11.9527 25.558 40.6353
123.7 52.7794 11.915 25.5135 40.673
123.8 52.8107 11.8774 25.469 40.7106
123.9 52.842 11.8398 25.4245 40.7482
124 52.8732 11.8023 25.3799 40.7857
124.1 52.9044 11.7648 25.3354 40.8232
124.2 52.9355 11.7274 25.2909 40.8606
124.3 52.9665 11.69 25.2464 40.898
124.4 52.9975 11.6527 25.2018 40.9353
124.5 53.0285 11.6154 25.1573 40.9726
124.6 53.0593 11.5781 25.1127 41.0099
124.7 53.0901 11.5409 25.0682 41.0471
124.8 53.1209 11.5037 25.0236 41.0843
124.9 53.1515 11.4666 24.9791 41.1214
125 53.1822 11.4296 24.9345 41.1584
125.1 53.2127 11.3925 24.89 41.1955
125.2 53.2432 11.3555 24.8454 41.2325
125.3 53.2736 11.3186 24.8008 41.2694
125.4 53.304 11.2817 24.7562 41.3063
125.5 53.3343 11.2449 24.7116 41.3431
125.6 53.3645 11.2081 24.667 41.3799
125.7 53.3947 11.1713 24.6224 41.4167
125.8 53.4248 11.1346 24.5778 41.4534
125.9 53.4548 11.0979 24.5332 41.4901
126 53.4848 11.0613 24.4886 41.5267
126.1 53.5147 11.0248 24.444 41.5632
126.2 53.5445 10.9882 24.3994 41.5998
126.3 53.5743 10.9518 24.3548 41.6362
126.4 53.604 10.9153 24.3101 41.6727
126.5 53.6336 10.8789 24.2655 41.7091
126.6 53.6632 10.8426 24.2209 41.7454
126.7 53.6927 10.8063 24.1762 41.7817
126.8 53.7221 10.7701 24.1316 41.8179
126.9 53.7515 10.7339 24.0869 41.8541
127 53.7808 10.6977 24.0423 41.8903
127.1 53.81 10.6616 23.9976 41.9264
127.2 53.8391 10.6256 23.9529 41.9624
127.3 53.8682 10.5896 23.9083 41.9984
127.4 53.8972 10.5536 23.8636 42.0344
127.5 53.9262 10.5177 23.8189 42.0703
127.6 53.955 10.4819 23.7742 42.1061
127.7 53.9838 10.446 23.7296 42.142
127.8 54.0125 10.4103 23.6849 42.1777
127.9 54.0412 10.3746 23.6402 42.2134
128 54.0697 10.3389 23.5955 42.2491
128.1 54.0982 10.3033 23.5508 42.2847
128.2 54.1267 10.2677 23.5061 42.3203
128.3 54.155 10.2322 23.4613 42.3558
128.4 54.1833 10.1967 23.4166 42.3913
128.5 54.2115 10.1613 23.3719 42.4267
128.6 54.2396 10.1259 23.3272 42.4621
128.7 54.2676 10.0906 23.2824 42.4974
128.8 54.2956 10.0553 23.2377 42.5327
128.9 54.3235 10.0201 23.193 42.5679
129 54.3513 9.98493 23.1482 42.6031
129.1 54.379 9.9498 23.1035 42.6382
129.2 54.4067 9.91472 23.0587 42.6733
129.3 54.4343 9.8797 23.014 42.7083
129.4 54.4618 9.84472 22.9692 42.7433
129.5 54.4892 9.80979 22.9244 42.7782
129.6 54.5165 9.77492 22.8797 42.8131
129.7 54.5438 9.74009 22.8349 42.8479
129.8 54.5709 9.70532 22.7901 42.8827
129.9 54.598 9.67059 22.7453 42.9174
130 54.625 9.63592 22.7006 42.9521
130.1 54.652 9.6013 22.6558 42.9867
130.2 54.6788 9.56672 22.611 43.0213
130.3 54.7056 9.5322 22.5662 43.0558
130.4 54.7322 9.49773 22.5214 43.0903
130.5 54.7588 9.46331 22.4766 43.1247
130.6 54.7853 9.42894 22.4318 43.1591
130.7 54.8117 9.39463 22.387 43.1934
130.8 54.8381 9.36036 22.3421 43.2276
130.9 54.8643 9.32615 22.2973 43.2619
131 54.8905 9.29198 22.2525 43.296
131.1 54.9166 9.25787 22.2077 43.3301
131.2 54.9425 9.22382 22.1628 43.3642
131.3 54.9684 9.18981 22.118 43.3982
131.4 54.9942 9.15586 22.0731 43.4321
131.5 55.0199 9.12195 22.0283 43.466
131.6 55.0456 9.0881 21.9835 43.4999
131.7 55.0711 9.05431 21.9386 43.5337
131.8 55.0965 9.02056 21.8937 43.5674
131.9 55.1219 8.98687 21.8489 43.6011
132 55.1471 8.95323 21.804 43.6348
132.1 55.1723 8.91964 21.7591 43.6684
132.2 55.1974 8.88611 21.7143 43.7019
132.3 55.2223 8.85263 21.6694 43.7354
132.4 55.2472 8.8192 21.6245 43.7688
132.5 55.272 8.78583 21.5796 43.8022
132.6 55.2967 8.75251 21.5347 43.8355
132.7 55.3213 8.71924 21.4899 43.8688
132.8 55.3458 8.68602 21.445 43.902
132.9 55.3702 8.65286 21.4001 43.9351
133 55.3945 8.61976 21.3552 43.9682
133.1 55.4187 8.5867 21.3103 44.0013
133.2 55.4428 8.55371 21.2653 44.0343
133.3 55.4668 8.52076 21.2204 44.0672
133.4 55.4907 8.48787 21.1755 44.1001
133.5 55.5145 8.45503 21.1306 44.133
133.6 55.5382 8.42225 21.0857 44.1657
133.7 55.5618 8.38952 21.0407 44.1985
133.8 55.5853 8.35685 20.9958 44.2311
133.9 55.6086 8.32423 20.9509 44.2638
134 55.6319 8.29167 20.9059 44.2963
134.1 55.6551 8.25916 20.861 44.3288
134.2 55.6782 8.22671 20.816 44.3613
134.3 55.7011 8.19431 20.7711 44.3937
134.4 55.724 8.16196 20.7261 44.426
134.5 55.7467 8.12967 20.6812 44.4583
134.6 55.7694 8.09744 20.6362 44.4906
134.7 55.7919 8.06526 20.5913 44.5227
134.8 55.8143 8.03314 20.5463 44.5549
134.9 55.8367 8.00107 20.5013 44.5869
135 55.8589 7.96906 20.4563 44.6189
135.1 55.8809 7.93711 20.4114 44.6509
135.2 55.9029 7.90521 20.3664 44.6828
135.3 55.9248 7.87337 20.3214 44.7146
135.4 55.9465 7.84158 20.2764 44.7464
135.5 55.9682 7.80985 20.2314 44.7782
135.6 55.9897 7.77817 20.1864 44.8098
135.7 56.0111 7.74656 20.1414 44.8414
135.8 56.0324 7.71499 20.0964 44.873
135.9 56.0535 7.68349 20.0514 44.9045
136 56.0746 7.65204 20.0064 44.936
136.1 56.0955 7.62065 19.9614 44.9674
136.2 56.1163 7.58931 19.9164 44.9987
136.3 56.137 7.55804 19.8714 45.03
136.4 56.1576 7.52682 19.8263 45.0612
136.5 56.178 7.49565 19.7813 45.0923
136.6 56.1984 7.46455 19.7363 45.1235
136.7 56.2186 7.4335 19.6912 45.1545
136.8 56.2386 7.40251 19.6462 45.1855
136.9 56.2586 7.37157 19.6012 45.2164
137 56.2784 7.3407 19.5561 45.2473
137.1 56.2981 7.30988 19.5111 45.2781
137.2 56.3177 7.27912 19.466 45.3089
137.3 56.3371 7.24841 19.421 45.3396
137.4 56.3564 7.21777 19.3759 45.3702
137.5 56.3756 7.18718 19.3309 45.4008
137.6 56.3946 7.15665 19.2858 45.4313
137.7 56.4135 7.12618 19.2407 45.4618
137.8 56.4323 7.09577 19.1957 45.4922
137.9 56.451 7.06542 19.1506 45.5226
138 56.4695 7.03512 19.1055 45.5529
138.1 56.4879 7.00489 19.0604 45.5831
138.2 56.5061 6.97471 19.0154 45.6133
138.3 56.5242 6.94459 18.9703 45.6434
138.4 56.5422 6.91453 18.9252 45.6735
138.5 56.56 6.88453 18.8801 45.7035
138.6 56.5777 6.85459 18.835 45.7334
138.7 56.5952 6.82471 18.7899 45.7633
138.8 56.6126 6.79489 18.7448 45.7931
138.9 56.6299 6.76512 18.6997 45.8229
139 56.647 6.73542 18.6546 45.8526
139.1 56.6639 6.70577 18.6095 45.8822
139.2 56.6808 6.67619 18.5644 45.9118
139.3 56.6974 6.64667 18.5193 45.9413
139.4 56.714 6.6172 18.4741 45.9708
139.5 56.7303 6.58779 18.429 46.0002
139.6 56.7465 6.55845 18.3839 46.0296
139.7 56.7626 6.52916 18.3388 46.0588
139.8 56.7785 6.49994 18.2936 46.0881
139.9 56.7943 6.47078 18.2485 46.1172
140 56.8099 6.44167 18.2034 46.1463
140.1 56.8254 6.41263 18.1582 46.1754
140.2 56.8407 6.38365 18.1131 46.2044
140.3 56.8558 6.35472 18.0679 46.2333
140.4 56.8708 6.32586 18.0228 46.2621
140.5 56.8856 6.29706 17.9776 46.2909
140.6 56.9003 6.26832 17.9325 46.3197
140.7 56.9148 6.23964 17.8873 46.3484
140.8 56.9291 6.21102 17.8422 46.377
140.9 56.9433 6.18247 17.797 46.4055
141 56.9573 6.15397 17.7518 46.434
141.1 56.9711 6.12554 17.7067 46.4625
141.2 56.9848 6.09717 17.6615 46.4908
141.3 56.9983 6.06885 17.6163 46.5191
141.4 57.0116 6.0406 17.5711 46.5474
141.5 57.0248 6.01242 17.526 46.5756
141.6 57.0378 5.98429 17.4808 46.6037
141.7 57.0506 5.95623 17.4356 46.6318
141.8 57.0632 5.92822 17.3904 46.6598
141.9 57.0757 5.90028 17.3452 46.6877
142 57.0879 5.87241 17.3 46.7156
142.1 57.1 5.84459 17.2548 46.7434
142.2 57.112 5.81684 17.2096 46.7712
142.3 57.1237 5.78915 17.1644 46.7989
142.4 57.1353 5.76152 17.1192 46.8265
142.5 57.1466 5.73395 17.074 46.854
142.6 57.1578 5.70645 17.0288 46.8816
142.7 57.1688 5.67901 16.9836 46.909
142.8 57.1796 5.65163 16.9384 46.9364
142.9 57.1902 5.62431 16.8931 46.9637
143 57.2006 5.59706 16.8479 46.9909
143.1 57.2109 5.56987 16.8027 47.0181
143.2 57.2209 5.54275 16.7575 47.0453
143.3 57.2308 5.51568 16.7122 47.0723
143.4 57.2404 5.48868 16.667 47.0993
143.5 57.2498 5.46175 16.6218 47.1263
143.6 57.2591 5.43488 16.5765 47.1531
143.7 57.2681 5.40807 16.5313 47.1799
143.8 57.277 5.38132 16.486 47.2067
143.9 57.2856 5.35464 16.4408 47.2334
144 57.294 5.32802 16.3956 47.26
144.1 57.3022 5.30147 16.3503 47.2865
144.2 57.3103 5.27498 16.305 47.313
144.3 57.3181 5.24855 16.2598 47.3394
144.4 57.3256 5.22219 16.2145 47.3658
144.5 57.333 5.19589 16.1693 47.3921
144.6 57.3402 5.16966 16.124 47.4183
144.7 57.3471 5.14349 16.0787 47.4445
144.8 57.3538 5.11738 16.0335 47.4706
144.9 57.3603 5.09134 15.9882 47.4967
145 57.3666 5.06537 15.9429 47.5226
145.1 57.3726 5.03946 15.8977 47.5485
145.2 57.3785 5.01361 15.8524 47.5744
145.3 57.384 4.98783 15.8071 47.6002
145.4 57.3894 4.96211 15.7618 47.6259
145.5 57.3945 4.93646 15.7165 47.6515
145.6 57.3994 4.91087 15.6712 47.6771
145.7 57.4041 4.88535 15.6259 47.7026
145.8 57.4085 4.8599 15.5807 47.7281
145.9 57.4127 4.83451 15.5354 47.7535
146 57.4167 4.80918 15.4901 47.7788
146.1 57.4204 4.78392 15.4448 47.8041
146.2 57.4238 4.75873 15.3995 47.8293
146.3 57.427 4.7336 15.3542 47.8544
146.4 57.43 4.70853 15.3088 47.8795
146.5 57.4327 4.68354 15.2635 47.9045
146.6 57.4351 4.65861 15.2182 47.9294
146.7 57.4373 4.63374 15.1729 47.9543
146.8 57.4393 4.60894 15.1276 47.9791
146.9 57.441 4.58421 15.0823 48.0038
147 57.4424 4.55954 15.037 48.0285
147.1 57.4436 4.53494 14.9916 48.0531
147.2 57.4445 4.5104 14.9463 48.0776
147.3 57.4451 4.48593 14.901 48.1021
147.4 57.4454 4.46153 14.8556 48.1265
147.5 57.4455 4.4372 14.8103 48.1508
147.6 57.4453 4.41293 14.765 48.1751
147.7 57.4449 4.38872 14.7196 48.1993
147.8 57.4441 4.36459 14.6743 48.2234
147.9 57.4431 4.34052 14.629 48.2475
148 57.4418 4.31652 14.5836 48.2715
148.1 57.4402 4.29258 14.5383 48.2954
148.2 57.4383 4.26871 14.4929 48.3193
148.3 57.4361 4.24491 14.4476 48.3431
148.4 57.4337 4.22118 14.4022 48.3668
148.5 57.4309 4.19751 14.3569 48.3905
148.6 57.4278 4.17391 14.3115 48.4141
148.7 57.4245 4.15038 14.2661 48.4376
148.8 57.4208 4.12692 14.2208 48.4611
148.9 57.4168 4.10352 14.1754 48.4845
149 57.4126 4.08019 14.13 48.5078
149.1 57.408 4.05693 14.0847 48.5311
149.2 57.4031 4.03373 14.0393 48.5543
149.3 57.3979 4.01061 13.9939 48.5774
149.4 57.3923 3.98755 13.9486 48.6005
149.5 57.3865 3.96456 13.9032 48.6234
149.6 57.3803 3.94164 13.8578 48.6464
149.7 57.3738 3.91878 13.8124 48.6692
149.8 57.3669 3.896 13.767 48.692
149.9 57.3597 3.87328 13.7216 48.7147
150 57.3522 3.85063 13.6763 48.7374
150.1 57.3444 3.82805 13.6309 48.76
150.2 57.3362 3.80553 13.5855 48.7825
150.3 57.3276 3.78309 13.5401 48.8049
150.4 57.3187 3.76071 13.4947 48.8273
150.5 57.3095 3.73841 13.4493 48.8496
150.6 57.2999 3.71617 13.4039 48.8718
150.7 57.29 3.694 13.3585 48.894
150.8 57.2797 3.6719 13.3131 48.9161
150.9 57.269 3.64987 13.2677 48.9381
151 57.2579 3.6279 13.2223 48.9601
151.1 57.2465 3.60601 13.1769 48.982
151.2 57.2347 3.58418 13.1315 49.0038
151.3 57.2226 3.56243 13.086 49.0256
151.4 57.21 3.54074 13.0406 49.0473
151.5 57.1971 3.51913 12.9952 49.0689
151.6 57.1838 3.49758 12.9498 49.0904
151.7 57.1701 3.4761 12.9044 49.1119
151.8 57.156 3.45469 12.8589 49.1333
151.9 57.1415 3.43335 12.8135 49.1546
152 57.1266 3.41208 12.7681 49.1759
152.1 57.1113 3.39088 12.7227 49.1971
152.2 57.0956 3.36975 12.6772 49.2182
152.3 57.0795 3.34869 12.6318 49.2393
152.4 57.0629 3.3277 12.5864 49.2603
152.5 57.0459 3.30678 12.5409 49.2812
152.6 57.0286 3.28593 12.4955 49.3021
152.7 57.0107 3.26515 12.45 49.3228
152.8 56.9925 3.24444 12.4046 49.3436
152.9 56.9738 3.2238 12.3592 49.3642
153 56.9547 3.20323 12.3137 49.3848
153.1 56.9351 3.18273 12.2683 49.4053
153.2 56.9151 3.1623 12.2228 49.4257
153.3 56.8946 3.14195 12.1774 49.4461
153.4 56.8737 3.12166 12.1319 49.4663
153.5 56.8523 3.10144 12.0865 49.4866
153.6 56.8304 3.08129 12.041 49.5067
153.7 56.8081 3.06122 11.9955 49.5268
153.8 56.7853 3.04121 11.9501 49.5468
153.9 56.762 3.02128 11.9046 49.5667
154 56.7382 3.00142 11.8591 49.5866
154.1 56.714 2.98162 11.8137 49.6064
154.2 56.6892 2.9619 11.7682 49.6261
154.3 56.664 2.94225 11.7227 49.6457
154.4 56.6382 2.92267 11.6773 49.6653
154.5 56.6119 2.90316 11.6318 49.6848
154.6 56.5852 2.88373 11.5863 49.7043
154.7 56.5579 2.86436 11.5409 49.7236
154.8 56.53 2.84507 11.4954 49.7429
154.9 56.5017 2.82585 11.4499 49.7622
155 56.4728 2.80669 11.4044 49.7813
155.1 56.4434 2.78761 11.3589 49.8004
155.2 56.4134 2.76861 11.3134 49.8194
155.3 56.3829 2.74967 11.268 49.8383
155.4 56.3518 2.73081 11.2225 49.8572
155.5 56.3202 2.71201 11.177 49.876
155.6 56.288 2.69329 11.1315 49.8947
155.7 56.2552 2.67464 11.086 49.9134
155.8 56.2219 2.65607 11.0405 49.9319
155.9 56.1879 2.63756 10.995 49.9504
156 56.1534 2.61913 10.9495 49.9689
156.1 56.1183 2.60077 10.904 49.9872
156.2 56.0825 2.58248 10.8585 50.0055
156.3 56.0462 2.56426 10.813 50.0237
156.4 56.0093 2.54612 10.7675 50.0419
156.5 55.9717 2.52805 10.722 50.06
156.6 55.9335 2.51005 10.6765 50.078
156.7 55.8947 2.49212 10.631 50.0959
156.8 55.8552 2.47426 10.5855 50.1137
156.9 55.8151 2.45648 10.54 50.1315
157 55.7743 2.43877 10.4945 50.1492
157.1 55.7329 2.42114 10.4489 50.1669
157.2 55.6908 2.40357 10.4034 50.1844
157.3 55.648 2.38608 10.3579 50.2019
157.4 55.6045 2.36866 10.3124 50.2193
157.5 55.5604 2.35132 10.2669 50.2367
157.6 55.5156 2.33404 10.2213 50.254
157.7 55.47 2.31684 10.1758 50.2712
157.8 55.4238 2.29972 10.1303 50.2883
157.9 55.3768 2.28266 10.0848 50.3053
158 55.3291 2.26568 10.0392 50.3223
158.1 55.2807 2.24878 9.99371 50.3392
158.2 55.2315 2.23194 9.94818 50.3561
158.3 55.1816 2.21518 9.90265 50.3728
158.4 55.1309 2.19849 9.85711 50.3895
158.5 55.0794 2.18188 9.81158 50.4061
158.6 55.0272 2.16534 9.76604 50.4227
158.7 54.9742 2.14887 9.7205 50.4391
158.8 54.9204 2.13248 9.67496 50.4555
158.9 54.8658 2.11616 9.62942 50.4718
159 54.8104 2.09991 9.58388 50.4881
159.1 54.7542 2.08374 9.53834 50.5043
159.2 54.6971 2.06764 9.49279 50.5204
159.3 54.6393 2.05162 9.44724 50.5364
159.4 54.5805 2.03567 9.4017 50.5523
159.5 54.521 2.01979 9.35615 50.5682
159.6 54.4605 2.00399 9.3106 50.584
159.7 54.3992 1.98826 9.26505 50.5997
159.8 54.337 1.9726 9.21949 50.6154
159.9 54.2739 1.95702 9.17394 50.631
160 54.2099 1.94151 9.12838 50.6465
160.1 54.145 1.92608 9.08283 50.6619
160.2 54.0792 1.91072 9.03727 50.6773
160.3 54.0124 1.89544 8.99171 50.6926
160.4 53.9447 1.88023 8.94615 50.7078
160.5 53.8761 1.86509 8.90059 50.7229
160.6 53.8064 1.85003 8.85502 50.738
160.7 53.7358 1.83505 8.80946 50.753
160.8 53.6643 1.82013 8.76389 50.7679
160.9 53.5917 1.8053 8.71832 50.7827
161 53.5181 1.79053 8.67276 50.7975
161.1 53.4435 1.77584 8.62719 50.8122
161.2 53.3678 1.76123 8.58162 50.8268
161.3 53.2911 1.74669 8.53604 50.8413
161.4 53.2134 1.73223 8.49047 50.8558
161.5 53.1346 1.71784 8.4449 50.8702
161.6 53.0547 1.70352 8.39932 50.8845
161.7 52.9737 1.68928 8.35374 50.8987
161.8 52.8916 1.67512 8.30817 50.9129
161.9 52.8084 1.66103 8.26259 50.927
162 52.724 1.64701 8.21701 50.941
162.1 52.6385 1.63307 8.17142 50.9549
162.2 52.5519 1.61921 8.12584 50.9688
162.3 52.464 1.60542 8.08026 50.9826
162.4 52.375 1.59171 8.03467 50.9963
162.5 52.2848 1.57807 7.98909 51.0099
162.6 52.1934 1.5645 7.9435 51.0235
162.7 52.1007 1.55102 7.89791 51.037
162.8 52.0068 1.5376 7.85232 51.0504
162.9 51.9117 1.52427 7.80673 51.0637
163 51.8153 1.511 7.76114 51.077
163.1 51.7175 1.49782 7.71555 51.0902
163.2 51.6185 1.48471 7.66995 51.1033
163.3 51.5182 1.47167 7.62436 51.1163
163.4 51.4165 1.45871 7.57876 51.1293
163.5 51.3135 1.44583 7.53316 51.1422
163.6 51.2091 1.43302 7.48756 51.155
163.7 51.1033 1.42029 7.44197 51.1677
163.8 50.9962 1.40763 7.39637 51.1804
163.9 50.8876 1.39505 7.35076 51.193
164 50.7776 1.38254 7.30516 51.2055
164.1 50.6661 1.37011 7.25956 51.2179
164.2 50.5532 1.35776 7.21395 51.2302
164.3 50.4388 1.34548 7.16835 51.2425
164.4 50.3228 1.33328 7.12274 51.2547
164.5 50.2054 1.32116 7.07713 51.2668
164.6 50.0864 1.30911 7.03153 51.2789
164.7 49.9659 1.29713 6.98592 51.2909
164.8 49.8438 1.28524 6.94031 51.3028
164.9 49.72 1.27342 6.89469 51.3146
165 49.5947 1.26167 6.84908 51.3263
165.1 49.4677 1.25 6.80347 51.338
165.2 49.3391 1.23841 6.75785 51.3496
165.3 49.2088 1.22689 6.71224 51.3611
165.4 49.0768 1.21545 6.66662 51.3725
165.5 48.9431 1.20409 6.62101 51.3839
165.6 48.8077 1.1928 6.57539 51.3952
165.7 48.6705 1.18159 6.52977 51.4064
165.8 48.5315 1.17046 6.48415 51.4175
165.9 48.3908 1.1594 6.43853 51.4286
166 48.2482 1.14842 6.39291 51.4396
166.1 48.1037 1.13752 6.34728 51.4505
166.2 47.9574 1.12669 6.30166 51.4613
166.3 47.8092 1.11594 6.25603 51.4721
166.4 47.6591 1.10527 6.21041 51.4827
166.5 47.507 1.09467 6.16478 51.4933
166.6 47.353 1.08415 6.11916 51.5039
166.7 47.197 1.07371 6.07353 51.5143
166.8 47.039 1.06334 6.0279 51.5247
166.9 46.879 1.05305 5.98227 51.535
167 46.7169 1.04284 5.93664 51.5452
167.1 46.5528 1.0327 5.89101 51.5553
167.2 46.3865 1.02264 5.84538 51.5654
167.3 46.2181 1.01266 5.79974 51.5753
167.4 46.0476 1.00275 5.75411 51.5852
167.5 45.8748 0.992924 5.70848 51.5951
167.6 45.6999 0.983172 5.66284 51.6048
167.7 45.5227 0.973498 5.6172 51.6145
167.8 45.3433 0.963901 5.57157 51.6241
167.9 45.1616 0.954382 5.52593 51.6336
168 44.9775 0.944939 5.48029 51.6431
168.1 44.7911 0.935574 5.43465 51.6524
168.2 44.6024 0.926285 5.38901 51.6617
168.3 44.4113 0.917074 5.34337 51.6709
168.4 44.2177 0.907941 5.29773 51.6801
168.5 44.0217 0.898885 5.25209 51.6891
168.6 43.8232 0.889906 5.20645 51.6981
168.7 43.6222 0.881004 5.1608 51.707
168.8 43.4186 0.87218 5.11516 51.7158
168.9 43.2125 0.863433 5.06951 51.7246
169 43.0038 0.854764 5.02387 51.7332
169.1 42.7924 0.846173 4.97822 51.7418
169.2 42.5784 0.837658 4.93257 51.7503
169.3 42.3618 0.829222 4.88693 51.7588
169.4 42.1424 0.820863 4.84128 51.7671
169.5 41.9202 0.812581 4.79563 51.7754
169.6 41.6953 0.804377 4.74998 51.7836
169.7 41.4676 0.796251 4.70433 51.7917
169.8 41.237 0.788203 4.65868 51.7998
169.9 41.0036 0.780232 4.61302 51.8078
170 40.7673 0.772339 4.56737 51.8157
170.1 40.5281 0.764523 4.52172 51.8235
170.2 40.2859 0.756786 4.47607 51.8312
170.3 40.0407 0.749126 4.43041 51.8389
170.4 39.7925 0.741544 4.38476 51.8465
170.5 39.5412 0.73404 4.3391 51.854
170.6 39.2869 0.726613 4.29344 51.8614
170.7 39.0294 0.719265 4.24779 51.8687
170.8 38.7688 0.711994 4.20213 51.876
170.9 38.5051 0.704802 4.15647 51.8832
171 38.2381 0.697687 4.11081 51.8903
171.1 37.9679 0.69065 4.06516 51.8973
171.2 37.6944 0.683692 4.0195 51.9043
171.3 37.4177 0.676811 3.97384 51.9112
171.4 37.1376 0.670008 3.92818 51.918
171.5 36.8542 0.663284 3.88251 51.9247
171.6 36.5674 0.656637 3.83685 51.9314
171.7 36.2772 0.650069 3.79119 51.9379
171.8 35.9836 0.643579 3.74553 51.9444
171.9 35.6865 0.637166 3.69986 51.9508
172 35.3859 0.630832 3.6542 51.9572
172.1 35.0818 0.624577 3.60854 51.9634
172.2 34.7741 0.618399 3.56287 51.9696
172.3 34.4629 0.6123 3.51721 51.9757
172.4 34.1481 0.606278 3.47154 51.9817
172.5 33.8297 0.600335 3.42587 51.9877
172.6 33.5076 0.594471 3.38021 51.9935
172.7 33.1819 0.588684 3.33454 51.9993
172.8 32.8525 0.582976 3.28887 52.005
172.9 32.5193 0.577347 3.2432 52.0107
173 32.1825 0.571795 3.19754 52.0162
173.1 31.8419 0.566322 3.15187 52.0217
173.2 31.4975 0.560927 3.1062 52.0271
173.3 31.1493 0.555611 3.06053 52.0324
173.4 30.7974 0.550373 3.01486 52.0376
173.5 30.4416 0.545214 2.96919 52.0428
173.6 30.082 0.540133 2.92351 52.0479
173.7 29.7186 0.53513 2.87784 52.0529
173.8 29.3513 0.530206 2.83217 52.0578
173.9 28.9801 0.52536 2.7865 52.0626
174 28.6051 0.520593 2.74083 52.0674
174.1 28.2262 0.515904 2.69515 52.0721
174.2 27.8434 0.511294 2.64948 52.0767
174.3 27.4567 0.506763 2.60381 52.0812
174.4 27.0662 0.50231 2.55813 52.0857
174.5 26.6717 0.497935 2.51246 52.0901
174.6 26.2734 0.493639 2.46678 52.0944
174.7 25.8712 0.489422 2.42111 52.0986
174.8 25.4651 0.485283 2.37543 52.1027
174.9 25.0551 0.481223 2.32976 52.1068
175 24.6413 0.477242 2.28408 52.1108
175.1 24.2236 0.473339 2.2384 52.1147
175.2 23.8021 0.469515 2.19273 52.1185
175.3 23.3768 0.465769 2.14705 52.1222
175.4 22.9476 0.462102 2.10137 52.1259
175.5 22.5147 0.458514 2.05569 52.1295
175.6 22.0781 0.455005 2.01002 52.133
175.7 21.6377 0.451574 1.96434 52.1364
175.8 21.1936 0.448222 1.91866 52.1398
175.9 20.7459 0.444949 1.87298 52.1431
176 20.2945 0.441754 1.8273 52.1462
176.1 19.8395 0.438639 1.78162 52.1494
176.2 19.381 0.435602 1.73594 52.1524
176.3 18.919 0.432643 1.69026 52.1554
176.4 18.4535 0.429764 1.64458 52.1582
176.5 17.9846 0.426963 1.5989 52.161
176.6 17.5123 0.424241 1.55322 52.1638
176.7 17.0367 0.421598 1.50754 52.1664
176.8 16.5579 0.419034 1.46186 52.169
176.9 16.0758 0.416549 1.41618 52.1715
177 15.5906 0.414142 1.3705 52.1739
177.1 15.1024 0.411814 1.32482 52.1762
177.2 14.6111 0.409565 1.27913 52.1784
177.3 14.1169 0.407395 1.23345 52.1806
177.4 13.6199 0.405304 1.18777 52.1827
177.5 13.1201 0.403292 1.14209 52.1847
177.6 12.6176 0.401358 1.09641 52.1866
177.7 12.1125 0.399503 1.05072 52.1885
177.8 11.6048 0.397728 1.00504 52.1903
177.9 11.0948 0.396031 0.959358 52.192
178 10.5823 0.394413 0.913676 52.1936
178.1 10.0676 0.392874 0.867993 52.1951
178.2 9.55079 0.391414 0.822309 52.1966
178.3 9.03188 0.390032 0.776626 52.198
178.4 8.511 0.38873 0.730943 52.1993
178.5 7.98828 0.387506 0.685259 52.2005
178.6 7.46379 0.386362 0.639576 52.2016
178.7 6.93767 0.385296 0.593892 52.2027
178.8 6.41 0.38431 0.548209 52.2037
178.9 5.88091 0.383402 0.502525 52.2046
179 5.35051 0.382573 0.456841 52.2054
179.1 4.81891 0.381823 0.411157 52.2062
179.2 4.28622 0.381152 0.365473 52.2068
179.3 3.75257 0.38056 0.319789 52.2074
179.4 3.21807 0.380047 0.274105 52.208
179.5 2.68285 0.379613 0.228421 52.2084
179.6 2.14701 0.379257 0.182737 52.2087
179.7 1.61069 0.378981 0.137053 52.209
179.8 1.07399 0.378784 0.0913684 52.2092
179.9 0.537058 0.378665 0.0456842 52.2093
