#kinematics calculation of exex
#vertex z = 700 mm, E_reaction = 20.728 MeV
#theta_cm, theta3_lab, Ek3_lab, theta4_lab, Ek4_lab
0 0 9.84343 0 2.00457
0.1 0.0274277 9.84342 0.0607891 2.00458
0.2 0.0548553 9.8434 0.121578 2.0046
0.3 0.0822828 9.84337 0.182365 2.00463
0.4 0.10971 9.84333 0.24315 2.00467
0.5 0.137138 9.84328 0.303933 2.00472
0.6 0.164565 9.84321 0.364712 2.00479
0.7 0.191992 9.84313 0.425487 2.00487
0.8 0.219419 9.84304 0.486258 2.00496
0.9 0.246846 9.84294 0.547023 2.00506
1 0.274272 9.84283 0.607783 2.00517
1.1 0.301698 9.8427 0.668535 2.0053
1.2 0.329124 9.84257 0.729281 2.00543
1.3 0.35655 9.84242 0.790019 2.00558
1.4 0.383975 9.84226 0.850748 2.00574
1.5 0.411399 9.84208 0.911468 2.00592
1.6 0.438824 9.8419 0.972178 2.0061
1.7 0.466248 9.8417 1.03288 2.0063
1.8 0.493671 9.84149 1.09357 2.00651
1.9 0.521094 9.84127 1.15424 2.00673
2 0.548517 9.84104 1.21491 2.00696
2.1 0.575939 9.84079 1.27556 2.00721
2.2 0.60336 9.84054 1.33619 2.00746
2.3 0.630781 9.84027 1.39682 2.00773
2.4 0.658201 9.83999 1.45742 2.00801
2.5 0.68562 9.83969 1.51801 2.00831
2.6 0.713039 9.83939 1.57859 2.00861
2.7 0.740457 9.83907 1.63915 2.00893
2.8 0.767874 9.83875 1.69969 2.00925
2.9 0.795291 9.83841 1.76021 2.00959
3 0.822707 9.83805 1.82071 2.00995
3.1 0.850122 9.83769 1.8812 2.01031
3.2 0.877536 9.83731 1.94166 2.01069
3.3 0.904949 9.83693 2.0021 2.01107
3.4 0.932361 9.83653 2.06252 2.01147
3.5 0.959773 9.83611 2.12292 2.01189
3.6 0.987183 9.83569 2.18329 2.01231
3.7 1.01459 9.83526 2.24365 2.01274
3.8 1.042 9.83481 2.30397 2.01319
3.9 1.06941 9.83435 2.36428 2.01365
4 1.09681 9.83388 2.42455 2.01412
4.1 1.12422 9.83339 2.4848 2.01461
4.2 1.15162 9.8329 2.54503 2.0151
4.3 1.17903 9.83239 2.60522 2.01561
4.4 1.20643 9.83187 2.66539 2.01613
4.5 1.23383 9.83134 2.72553 2.01666
4.6 1.26123 9.8308 2.78564 2.0172
4.7 1.28863 9.83025 2.84572 2.01775
4.8 1.31602 9.82968 2.90578 2.01832
4.9 1.34342 9.8291 2.96579 2.0189
5 1.37081 9.82851 3.02578 2.01949
5.1 1.39821 9.82791 3.08574 2.02009
5.2 1.4256 9.82729 3.14566 2.02071
5.3 1.45299 9.82667 3.20555 2.02133
5.4 1.48038 9.82603 3.2654 2.02197
5.5 1.50776 9.82538 3.32522 2.02262
5.6 1.53515 9.82472 3.385 2.02328
5.7 1.56253 9.82405 3.44475 2.02395
5.8 1.58991 9.82336 3.50446 2.02464
5.9 1.6173 9.82266 3.56413 2.02534
6 1.64467 9.82195 3.62376 2.02605
6.1 1.67205 9.82123 3.68336 2.02677
6.2 1.69943 9.8205 3.74292 2.0275
6.3 1.7268 9.81976 3.80243 2.02824
6.4 1.75417 9.819 3.86191 2.029
6.5 1.78155 9.81823 3.92134 2.02977
6.6 1.80891 9.81745 3.98074 2.03055
6.7 1.83628 9.81666 4.04009 2.03134
6.8 1.86365 9.81585 4.09939 2.03215
6.9 1.89101 9.81504 4.15866 2.03296
7 1.91837 9.81421 4.21788 2.03379
7.1 1.94573 9.81337 4.27705 2.03463
7.2 1.97309 9.81252 4.33618 2.03548
7.3 2.00044 9.81166 4.39527 2.03634
7.4 2.0278 9.81078 4.4543 2.03722
7.5 2.05515 9.80989 4.5133 2.03811
7.6 2.0825 9.809 4.57224 2.039
7.7 2.10985 9.80808 4.63113 2.03992
7.8 2.13719 9.80716 4.68998 2.04084
7.9 2.16454 9.80623 4.74877 2.04177
8 2.19188 9.80528 4.80752 2.04272
8.1 2.21922 9.80432 4.86621 2.04368
8.2 2.24655 9.80335 4.92486 2.04465
8.3 2.27389 9.80237 4.98345 2.04563
8.4 2.30122 9.80138 5.04199 2.04662
8.5 2.32855 9.80037 5.10048 2.04763
8.6 2.35588 9.79936 5.15891 2.04864
8.7 2.3832 9.79833 5.21729 2.04967
8.8 2.41052 9.79729 5.27561 2.05071
8.9 2.43784 9.79623 5.33388 2.05177
9 2.46516 9.79517 5.39209 2.05283
9.1 2.49248 9.79409 5.45025 2.05391
9.2 2.51979 9.79301 5.50835 2.05499
9.3 2.5471 9.79191 5.56639 2.05609
9.4 2.57441 9.7908 5.62438 2.0572
9.5 2.60171 9.78967 5.6823 2.05833
9.6 2.62902 9.78854 5.74017 2.05946
9.7 2.65632 9.78739 5.79797 2.06061
9.8 2.68361 9.78623 5.85572 2.06177
9.9 2.71091 9.78506 5.9134 2.06294
10 2.7382 9.78388 5.97103 2.06412
10.1 2.76549 9.78269 6.02859 2.06531
10.2 2.79277 9.78148 6.08609 2.06652
10.3 2.82006 9.78026 6.14353 2.06774
10.4 2.84734 9.77903 6.2009 2.06897
10.5 2.87462 9.77779 6.25821 2.07021
10.6 2.90189 9.77654 6.31545 2.07146
10.7 2.92916 9.77528 6.37263 2.07272
10.8 2.95643 9.774 6.42975 2.074
10.9 2.9837 9.77271 6.48679 2.07529
11 3.01096 9.77141 6.54377 2.07659
11.1 3.03822 9.7701 6.60069 2.0779
11.2 3.06548 9.76878 6.65753 2.07922
11.3 3.09273 9.76745 6.71431 2.08055
11.4 3.11998 9.7661 6.77102 2.0819
11.5 3.14723 9.76474 6.82766 2.08326
11.6 3.17448 9.76337 6.88423 2.08463
11.7 3.20172 9.76199 6.94073 2.08601
11.8 3.22895 9.7606 6.99716 2.0874
11.9 3.25619 9.75919 7.05351 2.08881
12 3.28342 9.75778 7.1098 2.09022
12.1 3.31065 9.75635 7.16601 2.09165
12.2 3.33787 9.75491 7.22215 2.09309
12.3 3.36509 9.75346 7.27822 2.09454
12.4 3.39231 9.75199 7.33421 2.09601
12.5 3.41953 9.75052 7.39013 2.09748
12.6 3.44674 9.74903 7.44598 2.09897
12.7 3.47395 9.74753 7.50175 2.10047
12.8 3.50115 9.74602 7.55744 2.10198
12.9 3.52835 9.7445 7.61306 2.1035
13 3.55555 9.74297 7.6686 2.10503
13.1 3.58274 9.74143 7.72406 2.10657
13.2 3.60993 9.73987 7.77945 2.10813
13.3 3.63712 9.7383 7.83475 2.1097
13.4 3.6643 9.73672 7.88998 2.11128
13.5 3.69148 9.73513 7.94513 2.11287
13.6 3.71865 9.73353 8.0002 2.11447
13.7 3.74582 9.73191 8.0552 2.11609
13.8 3.77299 9.73029 8.11011 2.11771
13.9 3.80016 9.72865 8.16494 2.11935
14 3.82732 9.727 8.21968 2.121
14.1 3.85447 9.72534 8.27435 2.12266
14.2 3.88162 9.72367 8.32894 2.12433
14.3 3.90877 9.72198 8.38344 2.12602
14.4 3.93592 9.72029 8.43786 2.12771
14.5 3.96306 9.71858 8.49219 2.12942
14.6 3.99019 9.71686 8.54644 2.13114
14.7 4.01732 9.71513 8.60061 2.13287
14.8 4.04445 9.71339 8.65469 2.13461
14.9 4.07158 9.71164 8.70869 2.13636
15 4.0987 9.70987 8.7626 2.13813
15.1 4.12581 9.7081 8.81643 2.1399
15.2 4.15292 9.70631 8.87017 2.14169
15.3 4.18003 9.70451 8.92382 2.14349
15.4 4.20713 9.7027 8.97739 2.1453
15.5 4.23423 9.70088 9.03086 2.14712
15.6 4.26133 9.69904 9.08425 2.14896
15.7 4.28842 9.6972 9.13755 2.1508
15.8 4.3155 9.69534 9.19077 2.15266
15.9 4.34258 9.69347 9.24389 2.15453
16 4.36966 9.69159 9.29692 2.15641
16.1 4.39673 9.6897 9.34987 2.1583
16.2 4.4238 9.6878 9.40272 2.1602
16.3 4.45086 9.68588 9.45548 2.16212
16.4 4.47792 9.68396 9.50815 2.16404
16.5 4.50497 9.68202 9.56073 2.16598
16.6 4.53202 9.68007 9.61322 2.16793
16.7 4.55907 9.67811 9.66561 2.16989
16.8 4.58611 9.67614 9.71792 2.17186
16.9 4.61315 9.67416 9.77012 2.17384
17 4.64018 9.67216 9.82224 2.17584
17.1 4.6672 9.67016 9.87426 2.17784
17.2 4.69422 9.66814 9.92619 2.17986
17.3 4.72124 9.66611 9.97802 2.18189
17.4 4.74825 9.66407 10.0298 2.18393
17.5 4.77526 9.66202 10.0814 2.18598
17.6 4.80226 9.65996 10.133 2.18804
17.7 4.82926 9.65789 10.1844 2.19011
17.8 4.85625 9.6558 10.2358 2.1922
17.9 4.88324 9.6537 10.287 2.1943
18 4.91022 9.65159 10.3382 2.19641
18.1 4.9372 9.64948 10.3892 2.19852
18.2 4.96417 9.64734 10.4402 2.20066
18.3 4.99114 9.6452 10.4911 2.2028
18.4 5.0181 9.64305 10.5418 2.20495
18.5 5.04505 9.64088 10.5925 2.20712
18.6 5.07201 9.63871 10.6431 2.20929
18.7 5.09895 9.63652 10.6936 2.21148
18.8 5.12589 9.63432 10.7439 2.21368
18.9 5.15283 9.63211 10.7942 2.21589
19 5.17976 9.62989 10.8444 2.21811
19.1 5.20668 9.62766 10.8945 2.22034
19.2 5.2336 9.62541 10.9444 2.22259
19.3 5.26052 9.62316 10.9943 2.22484
19.4 5.28743 9.62089 11.0441 2.22711
19.5 5.31433 9.61861 11.0937 2.22939
19.6 5.34123 9.61632 11.1433 2.23168
19.7 5.36812 9.61402 11.1928 2.23398
19.8 5.39501 9.61171 11.2421 2.23629
19.9 5.42189 9.60939 11.2914 2.23861
20 5.44877 9.60705 11.3405 2.24095
20.1 5.47564 9.60471 11.3896 2.24329
20.2 5.5025 9.60235 11.4385 2.24565
20.3 5.52936 9.59999 11.4874 2.24801
20.4 5.55621 9.59761 11.5361 2.25039
20.5 5.58306 9.59522 11.5848 2.25278
20.6 5.6099 9.59282 11.6333 2.25518
20.7 5.63674 9.5904 11.6817 2.2576
20.8 5.66357 9.58798 11.73 2.26002
20.9 5.69039 9.58554 11.7782 2.26246
21 5.71721 9.5831 11.8264 2.2649
21.1 5.74402 9.58064 11.8744 2.26736
21.2 5.77083 9.57817 11.9222 2.26983
21.3 5.79763 9.57569 11.97 2.27231
21.4 5.82442 9.5732 12.0177 2.2748
21.5 5.85121 9.5707 12.0653 2.2773
21.6 5.87799 9.56819 12.1128 2.27981
21.7 5.90477 9.56567 12.1601 2.28233
21.8 5.93154 9.56313 12.2074 2.28487
21.9 5.9583 9.56058 12.2545 2.28742
22 5.98506 9.55803 12.3016 2.28997
22.1 6.01181 9.55546 12.3485 2.29254
22.2 6.03856 9.55288 12.3953 2.29512
22.3 6.0653 9.55029 12.442 2.29771
22.4 6.09203 9.54769 12.4886 2.30031
22.5 6.11876 9.54508 12.5351 2.30292
22.6 6.14548 9.54245 12.5815 2.30555
22.7 6.17219 9.53982 12.6277 2.30818
22.8 6.1989 9.53717 12.6739 2.31083
22.9 6.2256 9.53452 12.72 2.31348
23 6.25229 9.53185 12.7659 2.31615
23.1 6.27898 9.52917 12.8117 2.31883
23.2 6.30566 9.52648 12.8574 2.32152
23.3 6.33233 9.52378 12.9031 2.32422
23.4 6.359 9.52107 12.9486 2.32693
23.5 6.38566 9.51835 12.9939 2.32965
23.6 6.41232 9.51562 13.0392 2.33238
23.7 6.43896 9.51287 13.0844 2.33513
23.8 6.46561 9.51012 13.1294 2.33788
23.9 6.49224 9.50735 13.1744 2.34065
24 6.51887 9.50457 13.2192 2.34343
24.1 6.54549 9.50179 13.2639 2.34621
24.2 6.5721 9.49899 13.3085 2.34901
24.3 6.59871 9.49618 13.353 2.35182
24.4 6.62531 9.49336 13.3974 2.35464
24.5 6.6519 9.49053 13.4416 2.35747
24.6 6.67849 9.48768 13.4858 2.36032
24.7 6.70507 9.48483 13.5298 2.36317
24.8 6.73164 9.48197 13.5737 2.36603
24.9 6.7582 9.47909 13.6175 2.36891
25 6.78476 9.47621 13.6612 2.37179
25.1 6.81131 9.47331 13.7048 2.37469
25.2 6.83785 9.4704 13.7483 2.3776
25.3 6.86439 9.46748 13.7916 2.38052
25.4 6.89092 9.46455 13.8348 2.38345
25.5 6.91744 9.46162 13.878 2.38638
25.6 6.94396 9.45867 13.921 2.38933
25.7 6.97046 9.4557 13.9639 2.3923
25.8 6.99696 9.45273 14.0066 2.39527
25.9 7.02345 9.44975 14.0493 2.39825
26 7.04994 9.44676 14.0918 2.40124
26.1 7.07642 9.44375 14.1343 2.40425
26.2 7.10289 9.44074 14.1766 2.40726
26.3 7.12935 9.43771 14.2188 2.41029
26.4 7.1558 9.43468 14.2609 2.41332
26.5 7.18225 9.43163 14.3028 2.41637
26.6 7.20869 9.42857 14.3447 2.41943
26.7 7.23512 9.4255 14.3864 2.4225
26.8 7.26155 9.42242 14.428 2.42558
26.9 7.28796 9.41933 14.4695 2.42867
27 7.31437 9.41623 14.5109 2.43177
27.1 7.34077 9.41312 14.5522 2.43488
27.2 7.36717 9.41 14.5933 2.438
27.3 7.39355 9.40687 14.6344 2.44113
27.4 7.41993 9.40373 14.6753 2.44427
27.5 7.4463 9.40057 14.7161 2.44743
27.6 7.47266 9.39741 14.7568 2.45059
27.7 7.49901 9.39423 14.7973 2.45377
27.8 7.52536 9.39105 14.8378 2.45695
27.9 7.5517 9.38785 14.8781 2.46015
28 7.57803 9.38465 14.9183 2.46335
28.1 7.60435 9.38143 14.9584 2.46657
28.2 7.63066 9.3782 14.9984 2.4698
28.3 7.65697 9.37497 15.0383 2.47303
28.4 7.68326 9.37172 15.078 2.47628
28.5 7.70955 9.36846 15.1176 2.47954
28.6 7.73583 9.36519 15.1571 2.48281
28.7 7.76211 9.36191 15.1965 2.48609
28.8 7.78837 9.35862 15.2358 2.48938
28.9 7.81463 9.35532 15.275 2.49268
29 7.84087 9.35201 15.314 2.49599
29.1 7.86711 9.34868 15.3529 2.49932
29.2 7.89334 9.34535 15.3917 2.50265
29.3 7.91957 9.34201 15.4304 2.50599
29.4 7.94578 9.33866 15.469 2.50934
29.5 7.97198 9.33529 15.5074 2.51271
29.6 7.99818 9.33192 15.5457 2.51608
29.7 8.02437 9.32854 15.5839 2.51946
29.8 8.05055 9.32514 15.622 2.52286
29.9 8.07672 9.32174 15.66 2.52626
30 8.10288 9.31832 15.6978 2.52968
30.1 8.12903 9.3149 15.7356 2.5331
30.2 8.15518 9.31146 15.7732 2.53654
30.3 8.18131 9.30801 15.8107 2.53999
30.4 8.20744 9.30456 15.8481 2.54344
30.5 8.23356 9.30109 15.8853 2.54691
30.6 8.25966 9.29761 15.9224 2.55039
30.7 8.28576 9.29413 15.9595 2.55387
30.8 8.31185 9.29063 15.9964 2.55737
30.9 8.33794 9.28712 16.0331 2.56088
31 8.36401 9.2836 16.0698 2.5644
31.1 8.39007 9.28007 16.1064 2.56793
31.2 8.41613 9.27654 16.1428 2.57146
31.3 8.44217 9.27299 16.1791 2.57501
31.4 8.46821 9.26943 16.2153 2.57857
31.5 8.49424 9.26586 16.2513 2.58214
31.6 8.52025 9.26228 16.2873 2.58572
31.7 8.54626 9.25869 16.3231 2.58931
31.8 8.57226 9.25509 16.3588 2.59291
31.9 8.59825 9.25148 16.3944 2.59652
32 8.62423 9.24786 16.4299 2.60014
32.1 8.6502 9.24423 16.4652 2.60377
32.2 8.67617 9.24059 16.5005 2.60741
32.3 8.70212 9.23694 16.5356 2.61106
32.4 8.72806 9.23328 16.5706 2.61472
32.5 8.75399 9.22961 16.6055 2.61839
32.6 8.77992 9.22593 16.6402 2.62207
32.7 8.80583 9.22224 16.6749 2.62576
32.8 8.83174 9.21854 16.7094 2.62946
32.9 8.85763 9.21483 16.7438 2.63317
33 8.88352 9.21111 16.7781 2.63689
33.1 8.90939 9.20738 16.8122 2.64062
33.2 8.93526 9.20364 16.8463 2.64436
33.3 8.96111 9.19988 16.8802 2.64812
33.4 8.98696 9.19612 16.914 2.65188
33.5 9.01279 9.19235 16.9477 2.65565
33.6 9.03862 9.18857 16.9812 2.65943
33.7 9.06444 9.18478 17.0147 2.66322
33.8 9.09024 9.18098 17.048 2.66702
33.9 9.11604 9.17717 17.0812 2.67083
34 9.14182 9.17335 17.1143 2.67465
34.1 9.1676 9.16952 17.1473 2.67848
34.2 9.19337 9.16568 17.1802 2.68232
34.3 9.21912 9.16183 17.2129 2.68617
34.4 9.24487 9.15797 17.2455 2.69003
34.5 9.2706 9.1541 17.278 2.6939
34.6 9.29633 9.15022 17.3104 2.69778
34.7 9.32204 9.14633 17.3426 2.70167
34.8 9.34775 9.14243 17.3748 2.70557
34.9 9.37344 9.13852 17.4068 2.70948
35 9.39912 9.13461 17.4387 2.71339
35.1 9.4248 9.13068 17.4705 2.71732
35.2 9.45046 9.12674 17.5022 2.72126
35.3 9.47611 9.12279 17.5337 2.72521
35.4 9.50175 9.11883 17.5652 2.72917
35.5 9.52738 9.11486 17.5965 2.73314
35.6 9.55301 9.11089 17.6277 2.73711
35.7 9.57862 9.1069 17.6588 2.7411
35.8 9.60421 9.1029 17.6897 2.7451
35.9 9.6298 9.0989 17.7206 2.7491
36 9.65538 9.09488 17.7513 2.75312
36.1 9.68095 9.09086 17.7819 2.75714
36.2 9.7065 9.08682 17.8124 2.76118
36.3 9.73205 9.08278 17.8427 2.76522
36.4 9.75758 9.07872 17.873 2.76928
36.5 9.78311 9.07466 17.9031 2.77334
36.6 9.80862 9.07058 17.9332 2.77742
36.7 9.83412 9.0665 17.9631 2.7815
36.8 9.85961 9.06241 17.9928 2.78559
36.9 9.88509 9.0583 18.0225 2.7897
37 9.91056 9.05419 18.0521 2.79381
37.1 9.93601 9.05007 18.0815 2.79793
37.2 9.96146 9.04594 18.1108 2.80206
37.3 9.9869 9.0418 18.14 2.8062
37.4 10.0123 9.03765 18.1691 2.81035
37.5 10.0377 9.03349 18.1981 2.81451
37.6 10.0631 9.02932 18.2269 2.81868
37.7 10.0885 9.02514 18.2556 2.82286
37.8 10.1139 9.02095 18.2843 2.82705
37.9 10.1393 9.01676 18.3127 2.83124
38 10.1646 9.01255 18.3411 2.83545
38.1 10.19 9.00833 18.3694 2.83967
38.2 10.2153 9.00411 18.3975 2.84389
38.3 10.2406 8.99987 18.4256 2.84813
38.4 10.2659 8.99563 18.4535 2.85237
38.5 10.2912 8.99137 18.4813 2.85663
38.6 10.3165 8.98711 18.509 2.86089
38.7 10.3418 8.98284 18.5366 2.86516
38.8 10.367 8.97856 18.564 2.86944
38.9 10.3923 8.97427 18.5913 2.87373
39 10.4175 8.96997 18.6186 2.87803
39.1 10.4428 8.96566 18.6457 2.88234
39.2 10.468 8.96134 18.6727 2.88666
39.3 10.4932 8.95701 18.6995 2.89099
39.4 10.5184 8.95267 18.7263 2.89533
39.5 10.5435 8.94832 18.753 2.89968
39.6 10.5687 8.94397 18.7795 2.90403
39.7 10.5939 8.9396 18.8059 2.9084
39.8 10.619 8.93523 18.8322 2.91277
39.9 10.6441 8.93085 18.8584 2.91715
40 10.6693 8.92645 18.8845 2.92155
40.1 10.6944 8.92205 18.9104 2.92595
40.2 10.7195 8.91764 18.9363 2.93036
40.3 10.7445 8.91322 18.962 2.93478
40.4 10.7696 8.90879 18.9876 2.93921
40.5 10.7947 8.90435 19.0131 2.94365
40.6 10.8197 8.89991 19.0385 2.94809
40.7 10.8447 8.89545 19.0638 2.95255
40.8 10.8698 8.89099 19.0889 2.95701
40.9 10.8948 8.88651 19.114 2.96149
41 10.9198 8.88203 19.1389 2.96597
41.1 10.9447 8.87754 19.1637 2.97046
41.2 10.9697 8.87303 19.1884 2.97497
41.3 10.9947 8.86852 19.213 2.97948
41.4 11.0196 8.864 19.2375 2.984
41.5 11.0445 8.85948 19.2619 2.98852
41.6 11.0695 8.85494 19.2861 2.99306
41.7 11.0944 8.85039 19.3103 2.99761
41.8 11.1192 8.84584 19.3343 3.00216
41.9 11.1441 8.84127 19.3582 3.00673
42 11.169 8.8367 19.382 3.0113
42.1 11.1938 8.83212 19.4057 3.01588
42.2 11.2187 8.82753 19.4293 3.02047
42.3 11.2435 8.82293 19.4528 3.02507
42.4 11.2683 8.81832 19.4761 3.02968
42.5 11.2931 8.8137 19.4994 3.0343
42.6 11.3179 8.80908 19.5225 3.03892
42.7 11.3427 8.80444 19.5456 3.04356
42.8 11.3674 8.7998 19.5685 3.0482
42.9 11.3922 8.79515 19.5913 3.05285
43 11.4169 8.79049 19.614 3.05751
43.1 11.4417 8.78582 19.6365 3.06218
43.2 11.4664 8.78114 19.659 3.06686
43.3 11.4911 8.77645 19.6814 3.07155
43.4 11.5157 8.77175 19.7036 3.07625
43.5 11.5404 8.76705 19.7258 3.08095
43.6 11.5651 8.76234 19.7478 3.08566
43.7 11.5897 8.75762 19.7697 3.09038
43.8 11.6143 8.75289 19.7915 3.09511
43.9 11.6389 8.74815 19.8132 3.09985
44 11.6635 8.7434 19.8348 3.1046
44.1 11.6881 8.73864 19.8563 3.10936
44.2 11.7127 8.73388 19.8776 3.11412
44.3 11.7372 8.7291 19.8989 3.1189
44.4 11.7618 8.72432 19.9201 3.12368
44.5 11.7863 8.71953 19.9411 3.12847
44.6 11.8108 8.71473 19.962 3.13327
44.7 11.8353 8.70993 19.9829 3.13807
44.8 11.8598 8.70511 20.0036 3.14289
44.9 11.8843 8.70028 20.0242 3.14772
45 11.9087 8.69545 20.0447 3.15255
45.1 11.9332 8.69061 20.0651 3.15739
45.2 11.9576 8.68576 20.0854 3.16224
45.3 11.982 8.6809 20.1055 3.1671
45.4 12.0064 8.67604 20.1256 3.17196
45.5 12.0308 8.67116 20.1456 3.17684
45.6 12.0552 8.66628 20.1654 3.18172
45.7 12.0796 8.66139 20.1852 3.18661
45.8 12.1039 8.65649 20.2048 3.19151
45.9 12.1282 8.65158 20.2243 3.19642
46 12.1525 8.64666 20.2438 3.20134
46.1 12.1768 8.64174 20.2631 3.20626
46.2 12.2011 8.6368 20.2823 3.2112
46.3 12.2254 8.63186 20.3014 3.21614
46.4 12.2497 8.62691 20.3204 3.22109
46.5 12.2739 8.62195 20.3393 3.22605
46.6 12.2981 8.61699 20.3581 3.23101
46.7 12.3223 8.61201 20.3768 3.23599
46.8 12.3465 8.60703 20.3953 3.24097
46.9 12.3707 8.60204 20.4138 3.24596
47 12.3949 8.59704 20.4322 3.25096
47.1 12.419 8.59203 20.4504 3.25597
47.2 12.4432 8.58702 20.4686 3.26098
47.3 12.4673 8.582 20.4866 3.266
47.4 12.4914 8.57696 20.5046 3.27104
47.5 12.5155 8.57193 20.5224 3.27607
47.6 12.5396 8.56688 20.5402 3.28112
47.7 12.5636 8.56182 20.5578 3.28618
47.8 12.5877 8.55676 20.5753 3.29124
47.9 12.6117 8.55169 20.5927 3.29631
48 12.6357 8.54661 20.6101 3.30139
48.1 12.6597 8.54152 20.6273 3.30648
48.2 12.6837 8.53642 20.6444 3.31158
48.3 12.7077 8.53132 20.6614 3.31668
48.4 12.7316 8.52621 20.6783 3.32179
48.5 12.7556 8.52109 20.6951 3.32691
48.6 12.7795 8.51596 20.7118 3.33204
48.7 12.8034 8.51083 20.7284 3.33717
48.8 12.8273 8.50568 20.7449 3.34232
48.9 12.8511 8.50053 20.7613 3.34747
49 12.875 8.49537 20.7776 3.35263
49.1 12.8988 8.49021 20.7938 3.35779
49.2 12.9227 8.48503 20.8099 3.36297
49.3 12.9465 8.47985 20.8259 3.36815
49.4 12.9703 8.47466 20.8418 3.37334
49.5 12.9941 8.46946 20.8575 3.37854
49.6 13.0178 8.46426 20.8732 3.38374
49.7 13.0416 8.45904 20.8888 3.38896
49.8 13.0653 8.45382 20.9043 3.39418
49.9 13.089 8.44859 20.9197 3.39941
50 13.1127 8.44336 20.935 3.40464
50.1 13.1364 8.43811 20.9501 3.40989
50.2 13.16 8.43286 20.9652 3.41514
50.3 13.1837 8.4276 20.9802 3.4204
50.4 13.2073 8.42234 20.9951 3.42566
50.5 13.2309 8.41706 21.0099 3.43094
50.6 13.2545 8.41178 21.0245 3.43622
50.7 13.2781 8.40649 21.0391 3.44151
50.8 13.3017 8.40119 21.0536 3.44681
50.9 13.3252 8.39589 21.068 3.45211
51 13.3488 8.39057 21.0823 3.45743
51.1 13.3723 8.38525 21.0964 3.46275
51.2 13.3958 8.37993 21.1105 3.46807
51.3 13.4193 8.37459 21.1245 3.47341
51.4 13.4427 8.36925 21.1384 3.47875
51.5 13.4662 8.3639 21.1522 3.4841
51.6 13.4896 8.35854 21.1659 3.48946
51.7 13.513 8.35318 21.1795 3.49482
51.8 13.5364 8.34781 21.193 3.50019
51.9 13.5598 8.34243 21.2064 3.50557
52 13.5832 8.33704 21.2197 3.51096
52.1 13.6065 8.33164 21.2329 3.51636
52.2 13.6298 8.32624 21.246 3.52176
52.3 13.6532 8.32083 21.259 3.52717
52.4 13.6764 8.31542 21.2719 3.53258
52.5 13.6997 8.30999 21.2847 3.53801
52.6 13.723 8.30456 21.2975 3.54344
52.7 13.7462 8.29913 21.3101 3.54887
52.8 13.7694 8.29368 21.3226 3.55432
52.9 13.7927 8.28823 21.3351 3.55977
53 13.8158 8.28277 21.3474 3.56523
53.1 13.839 8.2773 21.3596 3.5707
53.2 13.8622 8.27183 21.3718 3.57617
53.3 13.8853 8.26635 21.3838 3.58165
53.4 13.9084 8.26086 21.3958 3.58714
53.5 13.9315 8.25536 21.4077 3.59264
53.6 13.9546 8.24986 21.4194 3.59814
53.7 13.9777 8.24435 21.4311 3.60365
53.8 14.0007 8.23883 21.4427 3.60917
53.9 14.0237 8.23331 21.4542 3.61469
54 14.0467 8.22778 21.4656 3.62022
54.1 14.0697 8.22224 21.4769 3.62576
54.2 14.0927 8.2167 21.4881 3.6313
54.3 14.1157 8.21115 21.4992 3.63685
54.4 14.1386 8.20559 21.5102 3.64241
54.5 14.1615 8.20002 21.5211 3.64798
54.6 14.1844 8.19445 21.532 3.65355
54.7 14.2073 8.18887 21.5427 3.65913
54.8 14.2302 8.18328 21.5534 3.66472
54.9 14.253 8.17769 21.5639 3.67031
55 14.2758 8.17209 21.5744 3.67591
55.1 14.2986 8.16648 21.5847 3.68152
55.2 14.3214 8.16087 21.595 3.68713
55.3 14.3442 8.15525 21.6052 3.69275
55.4 14.367 8.14962 21.6153 3.69838
55.5 14.3897 8.14399 21.6253 3.70401
55.6 14.4124 8.13835 21.6352 3.70965
55.7 14.4351 8.1327 21.645 3.7153
55.8 14.4578 8.12704 21.6548 3.72096
55.9 14.4804 8.12138 21.6644 3.72662
56 14.5031 8.11571 21.674 3.73229
56.1 14.5257 8.11004 21.6834 3.73796
56.2 14.5483 8.10436 21.6928 3.74364
56.3 14.5709 8.09867 21.7021 3.74933
56.4 14.5934 8.09298 21.7112 3.75502
56.5 14.616 8.08728 21.7203 3.76072
56.6 14.6385 8.08157 21.7294 3.76643
56.7 14.661 8.07585 21.7383 3.77215
56.8 14.6835 8.07013 21.7471 3.77787
56.9 14.7059 8.06441 21.7558 3.78359
57 14.7284 8.05867 21.7645 3.78933
57.1 14.7508 8.05293 21.7731 3.79507
57.2 14.7732 8.04718 21.7815 3.80082
57.3 14.7956 8.04143 21.7899 3.80657
57.4 14.818 8.03567 21.7982 3.81233
57.5 14.8403 8.02991 21.8064 3.81809
57.6 14.8626 8.02413 21.8146 3.82387
57.7 14.8849 8.01835 21.8226 3.82965
57.8 14.9072 8.01257 21.8305 3.83543
57.9 14.9295 8.00678 21.8384 3.84122
58 14.9517 8.00098 21.8462 3.84702
58.1 14.974 7.99517 21.8539 3.85283
58.2 14.9962 7.98936 21.8615 3.85864
58.3 15.0184 7.98355 21.869 3.86445
58.4 15.0405 7.97772 21.8764 3.87028
58.5 15.0627 7.97189 21.8837 3.87611
58.6 15.0848 7.96606 21.891 3.88194
58.7 15.1069 7.96022 21.8982 3.88778
58.8 15.129 7.95437 21.9052 3.89363
58.9 15.151 7.94851 21.9122 3.89949
59 15.1731 7.94265 21.9191 3.90535
59.1 15.1951 7.93679 21.926 3.91121
59.2 15.2171 7.93091 21.9327 3.91709
59.3 15.2391 7.92503 21.9394 3.92297
59.4 15.261 7.91915 21.9459 3.92885
59.5 15.283 7.91326 21.9524 3.93474
59.6 15.3049 7.90736 21.9588 3.94064
59.7 15.3268 7.90146 21.9651 3.94654
59.8 15.3487 7.89555 21.9714 3.95245
59.9 15.3705 7.88963 21.9775 3.95837
60 15.3924 7.88371 21.9836 3.96429
60.1 15.4142 7.87779 21.9895 3.97021
60.2 15.436 7.87185 21.9954 3.97615
60.3 15.4577 7.86591 22.0013 3.98209
60.4 15.4795 7.85997 22.007 3.98803
60.5 15.5012 7.85402 22.0126 3.99398
60.6 15.5229 7.84806 22.0182 3.99994
60.7 15.5446 7.8421 22.0237 4.0059
60.8 15.5663 7.83613 22.0291 4.01187
60.9 15.5879 7.83016 22.0344 4.01784
61 15.6095 7.82417 22.0396 4.02383
61.1 15.6311 7.81819 22.0448 4.02981
61.2 15.6527 7.8122 22.0498 4.0358
61.3 15.6743 7.8062 22.0548 4.0418
61.4 15.6958 7.8002 22.0597 4.0478
61.5 15.7173 7.79419 22.0646 4.05381
61.6 15.7388 7.78817 22.0693 4.05983
61.7 15.7603 7.78215 22.074 4.06585
61.8 15.7817 7.77613 22.0786 4.07187
61.9 15.8031 7.7701 22.0831 4.0779
62 15.8245 7.76406 22.0875 4.08394
62.1 15.8459 7.75802 22.0918 4.08998
62.2 15.8673 7.75197 22.0961 4.09603
62.3 15.8886 7.74591 22.1003 4.10209
62.4 15.9099 7.73985 22.1044 4.10815
62.5 15.9312 7.73379 22.1084 4.11421
62.6 15.9525 7.72772 22.1123 4.12028
62.7 15.9737 7.72164 22.1162 4.12636
62.8 15.9949 7.71556 22.12 4.13244
62.9 16.0161 7.70947 22.1237 4.13853
63 16.0373 7.70338 22.1273 4.14462
63.1 16.0584 7.69728 22.1308 4.15072
63.2 16.0796 7.69118 22.1343 4.15682
63.3 16.1007 7.68507 22.1377 4.16293
63.4 16.1218 7.67896 22.141 4.16904
63.5 16.1428 7.67284 22.1442 4.17516
63.6 16.1639 7.66671 22.1474 4.18129
63.7 16.1849 7.66058 22.1505 4.18742
63.8 16.2059 7.65445 22.1535 4.19355
63.9 16.2268 7.64831 22.1564 4.19969
64 16.2478 7.64216 22.1592 4.20584
64.1 16.2687 7.63601 22.162 4.21199
64.2 16.2896 7.62986 22.1647 4.21814
64.3 16.3105 7.62369 22.1673 4.22431
64.4 16.3313 7.61753 22.1698 4.23047
64.5 16.3522 7.61136 22.1723 4.23664
64.6 16.373 7.60518 22.1747 4.24282
64.7 16.3937 7.599 22.177 4.249
64.8 16.4145 7.59281 22.1792 4.25519
64.9 16.4352 7.58662 22.1813 4.26138
65 16.4559 7.58042 22.1834 4.26758
65.1 16.4766 7.57422 22.1854 4.27378
65.2 16.4973 7.56801 22.1874 4.27999
65.3 16.5179 7.5618 22.1892 4.2862
65.4 16.5385 7.55558 22.191 4.29242
65.5 16.5591 7.54936 22.1927 4.29864
65.6 16.5797 7.54313 22.1943 4.30487
65.7 16.6002 7.5369 22.1959 4.3111
65.8 16.6207 7.53066 22.1973 4.31734
65.9 16.6412 7.52442 22.1987 4.32358
66 16.6617 7.51817 22.2001 4.32983
66.1 16.6821 7.51192 22.2013 4.33608
66.2 16.7026 7.50567 22.2025 4.34233
66.3 16.723 7.4994 22.2036 4.3486
66.4 16.7433 7.49314 22.2047 4.35486
66.5 16.7637 7.48687 22.2056 4.36113
66.6 16.784 7.48059 22.2065 4.36741
66.7 16.8043 7.47431 22.2073 4.37369
66.8 16.8245 7.46803 22.2081 4.37997
66.9 16.8448 7.46174 22.2087 4.38626
67 16.865 7.45544 22.2093 4.39256
67.1 16.8852 7.44914 22.2099 4.39886
67.2 16.9054 7.44284 22.2103 4.40516
67.3 16.9255 7.43653 22.2107 4.41147
67.4 16.9456 7.43022 22.211 4.41778
67.5 16.9657 7.4239 22.2112 4.4241
67.6 16.9858 7.41758 22.2114 4.43042
67.7 17.0058 7.41125 22.2115 4.43675
67.8 17.0258 7.40492 22.2115 4.44308
67.9 17.0458 7.39858 22.2115 4.44942
68 17.0658 7.39224 22.2113 4.45576
68.1 17.0857 7.3859 22.2111 4.4621
68.2 17.1057 7.37955 22.2109 4.46845
68.3 17.1255 7.37319 22.2105 4.47481
68.4 17.1454 7.36684 22.2101 4.48116
68.5 17.1652 7.36047 22.2097 4.48753
68.6 17.185 7.35411 22.2091 4.49389
68.7 17.2048 7.34774 22.2085 4.50026
68.8 17.2246 7.34136 22.2078 4.50664
68.9 17.2443 7.33498 22.2071 4.51302
69 17.264 7.3286 22.2062 4.5194
69.1 17.2837 7.32221 22.2053 4.52579
69.2 17.3033 7.31582 22.2044 4.53218
69.3 17.323 7.30942 22.2033 4.53858
69.4 17.3426 7.30302 22.2022 4.54498
69.5 17.3621 7.29661 22.2011 4.55139
69.6 17.3817 7.2902 22.1998 4.5578
69.7 17.4012 7.28379 22.1985 4.56421
69.8 17.4207 7.27737 22.1972 4.57063
69.9 17.4402 7.27095 22.1957 4.57705
70 17.4596 7.26452 22.1942 4.58348
70.1 17.479 7.25809 22.1926 4.58991
70.2 17.4984 7.25166 22.191 4.59634
70.3 17.5177 7.24522 22.1893 4.60278
70.4 17.5371 7.23878 22.1875 4.60922
70.5 17.5564 7.23233 22.1856 4.61567
70.6 17.5756 7.22588 22.1837 4.62212
70.7 17.5949 7.21943 22.1817 4.62857
70.8 17.6141 7.21297 22.1797 4.63503
70.9 17.6333 7.20651 22.1776 4.64149
71 17.6525 7.20004 22.1754 4.64796
71.1 17.6716 7.19357 22.1731 4.65443
71.2 17.6907 7.1871 22.1708 4.6609
71.3 17.7098 7.18062 22.1684 4.66738
71.4 17.7288 7.17414 22.166 4.67386
71.5 17.7479 7.16765 22.1635 4.68035
71.6 17.7669 7.16116 22.1609 4.68684
71.7 17.7858 7.15467 22.1582 4.69333
71.8 17.8048 7.14817 22.1555 4.69983
71.9 17.8237 7.14167 22.1527 4.70633
72 17.8426 7.13517 22.1499 4.71283
72.1 17.8614 7.12866 22.147 4.71934
72.2 17.8802 7.12215 22.144 4.72585
72.3 17.899 7.11563 22.141 4.73237
72.4 17.9178 7.10912 22.1379 4.73888
72.5 17.9366 7.10259 22.1347 4.74541
72.6 17.9553 7.09607 22.1315 4.75193
72.7 17.9739 7.08954 22.1282 4.75846
72.8 17.9926 7.08301 22.1248 4.76499
72.9 18.0112 7.07647 22.1214 4.77153
73 18.0298 7.06993 22.1179 4.77807
73.1 18.0484 7.06339 22.1144 4.78461
73.2 18.0669 7.05684 22.1107 4.79116
73.3 18.0854 7.05029 22.1071 4.79771
73.4 18.1039 7.04373 22.1033 4.80427
73.5 18.1224 7.03718 22.0995 4.81082
73.6 18.1408 7.03062 22.0957 4.81738
73.7 18.1592 7.02405 22.0917 4.82395
73.8 18.1775 7.01748 22.0877 4.83052
73.9 18.1959 7.01091 22.0837 4.83709
74 18.2142 7.00434 22.0796 4.84366
74.1 18.2325 6.99776 22.0754 4.85024
74.2 18.2507 6.99118 22.0711 4.85682
74.3 18.2689 6.9846 22.0668 4.8634
74.4 18.2871 6.97801 22.0625 4.86999
74.5 18.3053 6.97142 22.0581 4.87658
74.6 18.3234 6.96483 22.0536 4.88317
74.7 18.3415 6.95823 22.049 4.88977
74.8 18.3595 6.95163 22.0444 4.89637
74.9 18.3776 6.94503 22.0397 4.90297
75 18.3956 6.93842 22.035 4.90958
75.1 18.4135 6.93181 22.0302 4.91619
75.2 18.4315 6.9252 22.0253 4.9228
75.3 18.4494 6.91859 22.0204 4.92941
75.4 18.4673 6.91197 22.0155 4.93603
75.5 18.4851 6.90535 22.0104 4.94265
75.6 18.5029 6.89872 22.0053 4.94928
75.7 18.5207 6.89209 22.0002 4.95591
75.8 18.5385 6.88546 21.995 4.96254
75.9 18.5562 6.87883 21.9897 4.96917
76 18.5739 6.87219 21.9843 4.97581
76.1 18.5916 6.86556 21.9789 4.98244
76.2 18.6092 6.85891 21.9735 4.98909
76.3 18.6268 6.85227 21.968 4.99573
76.4 18.6444 6.84562 21.9624 5.00238
76.5 18.6619 6.83897 21.9568 5.00903
76.6 18.6794 6.83232 21.9511 5.01568
76.7 18.6969 6.82566 21.9453 5.02234
76.8 18.7143 6.819 21.9395 5.029
76.9 18.7317 6.81234 21.9337 5.03566
77 18.7491 6.80568 21.9277 5.04232
77.1 18.7665 6.79901 21.9217 5.04899
77.2 18.7838 6.79234 21.9157 5.05566
77.3 18.8011 6.78567 21.9096 5.06233
77.4 18.8183 6.779 21.9034 5.069
77.5 18.8355 6.77232 21.8972 5.07568
77.6 18.8527 6.76564 21.891 5.08236
77.7 18.8699 6.75896 21.8846 5.08904
77.8 18.887 6.75227 21.8782 5.09573
77.9 18.9041 6.74558 21.8718 5.10242
78 18.9211 6.73889 21.8653 5.10911
78.1 18.9382 6.7322 21.8587 5.1158
78.2 18.9552 6.72551 21.8521 5.12249
78.3 18.9721 6.71881 21.8455 5.12919
78.4 18.989 6.71211 21.8387 5.13589
78.5 19.0059 6.70541 21.8319 5.14259
78.6 19.0228 6.6987 21.8251 5.1493
78.7 19.0396 6.692 21.8182 5.156
78.8 19.0564 6.68529 21.8113 5.16271
78.9 19.0732 6.67858 21.8042 5.16942
79 19.0899 6.67186 21.7972 5.17614
79.1 19.1066 6.66515 21.7901 5.18285
79.2 19.1232 6.65843 21.7829 5.18957
79.3 19.1399 6.65171 21.7756 5.19629
79.4 19.1565 6.64498 21.7684 5.20302
79.5 19.173 6.63826 21.761 5.20974
79.6 19.1895 6.63153 21.7536 5.21647
79.7 19.206 6.6248 21.7462 5.2232
79.8 19.2225 6.61807 21.7387 5.22993
79.9 19.2389 6.61134 21.7311 5.23666
80 19.2553 6.6046 21.7235 5.2434
80.1 19.2716 6.59786 21.7158 5.25014
80.2 19.288 6.59112 21.7081 5.25688
80.3 19.3042 6.58438 21.7003 5.26362
80.4 19.3205 6.57764 21.6925 5.27036
80.5 19.3367 6.57089 21.6846 5.27711
80.6 19.3529 6.56414 21.6767 5.28386
80.7 19.369 6.55739 21.6687 5.29061
80.8 19.3851 6.55064 21.6606 5.29736
80.9 19.4012 6.54389 21.6525 5.30411
81 19.4173 6.53713 21.6444 5.31087
81.1 19.4333 6.53038 21.6362 5.31762
81.2 19.4492 6.52362 21.6279 5.32438
81.3 19.4652 6.51686 21.6196 5.33114
81.4 19.4811 6.51009 21.6112 5.33791
81.5 19.4969 6.50333 21.6028 5.34467
81.6 19.5128 6.49656 21.5943 5.35144
81.7 19.5286 6.48979 21.5858 5.35821
81.8 19.5443 6.48302 21.5772 5.36498
81.9 19.56 6.47625 21.5686 5.37175
82 19.5757 6.46948 21.5599 5.37852
82.1 19.5914 6.4627 21.5512 5.3853
82.2 19.607 6.45593 21.5424 5.39207
82.3 19.6226 6.44915 21.5336 5.39885
82.4 19.6381 6.44237 21.5247 5.40563
82.5 19.6536 6.43559 21.5157 5.41241
82.6 19.6691 6.4288 21.5067 5.4192
82.7 19.6845 6.42202 21.4977 5.42598
82.8 19.6999 6.41523 21.4886 5.43277
82.9 19.7153 6.40845 21.4795 5.43955
83 19.7306 6.40166 21.4703 5.44634
83.1 19.7459 6.39487 21.461 5.45313
83.2 19.7611 6.38808 21.4517 5.45992
83.3 19.7763 6.38128 21.4424 5.46672
83.4 19.7915 6.37449 21.433 5.47351
83.5 19.8067 6.36769 21.4235 5.48031
83.6 19.8218 6.36089 21.414 5.48711
83.7 19.8368 6.3541 21.4045 5.4939
83.8 19.8518 6.3473 21.3949 5.5007
83.9 19.8668 6.34049 21.3852 5.50751
84 19.8818 6.33369 21.3755 5.51431
84.1 19.8967 6.32689 21.3658 5.52111
84.2 19.9116 6.32008 21.356 5.52792
84.3 19.9264 6.31328 21.3461 5.53472
84.4 19.9412 6.30647 21.3362 5.54153
84.5 19.956 6.29966 21.3263 5.54834
84.6 19.9707 6.29285 21.3163 5.55515
84.7 19.9854 6.28604 21.3063 5.56196
84.8 20 6.27923 21.2962 5.56877
84.9 20.0146 6.27241 21.286 5.57559
85 20.0292 6.2656 21.2758 5.5824
85.1 20.0437 6.25879 21.2656 5.58921
85.2 20.0582 6.25197 21.2553 5.59603
85.3 20.0727 6.24515 21.245 5.60285
85.4 20.0871 6.23833 21.2346 5.60967
85.5 20.1015 6.23151 21.2242 5.61649
85.6 20.1158 6.22469 21.2137 5.62331
85.7 20.1301 6.21787 21.2031 5.63013
85.8 20.1444 6.21105 21.1926 5.63695
85.9 20.1586 6.20423 21.1819 5.64377
86 20.1728 6.19741 21.1713 5.65059
86.1 20.1869 6.19058 21.1606 5.65742
86.2 20.201 6.18376 21.1498 5.66424
86.3 20.2151 6.17693 21.139 5.67107
86.4 20.2291 6.1701 21.1281 5.6779
86.5 20.2431 6.16328 21.1172 5.68472
86.6 20.257 6.15645 21.1063 5.69155
86.7 20.2709 6.14962 21.0953 5.69838
86.8 20.2848 6.14279 21.0842 5.70521
86.9 20.2986 6.13596 21.0731 5.71204
87 20.3124 6.12913 21.062 5.71887
87.1 20.3261 6.1223 21.0508 5.7257
87.2 20.3398 6.11546 21.0396 5.73254
87.3 20.3535 6.10863 21.0283 5.73937
87.4 20.3671 6.1018 21.017 5.7462
87.5 20.3807 6.09496 21.0056 5.75304
87.6 20.3942 6.08813 20.9942 5.75987
87.7 20.4077 6.08129 20.9827 5.76671
87.8 20.4212 6.07446 20.9712 5.77354
87.9 20.4346 6.06762 20.9596 5.78038
88 20.448 6.06079 20.948 5.78721
88.1 20.4613 6.05395 20.9364 5.79405
88.2 20.4746 6.04711 20.9247 5.80089
88.3 20.4879 6.04027 20.913 5.80773
88.4 20.5011 6.03344 20.9012 5.81456
88.5 20.5142 6.0266 20.8894 5.8214
88.6 20.5274 6.01976 20.8775 5.82824
88.7 20.5404 6.01292 20.8656 5.83508
88.8 20.5535 6.00608 20.8536 5.84192
88.9 20.5665 5.99924 20.8416 5.84876
89 20.5794 5.9924 20.8296 5.8556
89.1 20.5924 5.98556 20.8175 5.86244
89.2 20.6052 5.97872 20.8053 5.86928
89.3 20.6181 5.97188 20.7932 5.87612
89.4 20.6309 5.96504 20.7809 5.88296
89.5 20.6436 5.9582 20.7687 5.8898
89.6 20.6563 5.95136 20.7564 5.89664
89.7 20.669 5.94452 20.744 5.90348
89.8 20.6816 5.93768 20.7316 5.91032
89.9 20.6941 5.93084 20.7192 5.91716
90 20.7067 5.924 20.7067 5.924
90.1 20.7192 5.91716 20.6941 5.93084
90.2 20.7316 5.91032 20.6816 5.93768
90.3 20.744 5.90348 20.669 5.94452
90.4 20.7564 5.89664 20.6563 5.95136
90.5 20.7687 5.8898 20.6436 5.9582
90.6 20.7809 5.88296 20.6309 5.96504
90.7 20.7932 5.87612 20.6181 5.97188
90.8 20.8053 5.86928 20.6052 5.97872
90.9 20.8175 5.86244 20.5924 5.98556
91 20.8296 5.8556 20.5794 5.9924
91.1 20.8416 5.84876 20.5665 5.99924
91.2 20.8536 5.84192 20.5535 6.00608
91.3 20.8656 5.83508 20.5404 6.01292
91.4 20.8775 5.82824 20.5274 6.01976
91.5 20.8894 5.8214 20.5142 6.0266
91.6 20.9012 5.81456 20.5011 6.03344
91.7 20.913 5.80773 20.4879 6.04027
91.8 20.9247 5.80089 20.4746 6.04711
91.9 20.9364 5.79405 20.4613 6.05395
92 20.948 5.78721 20.448 6.06079
92.1 20.9596 5.78038 20.4346 6.06762
92.2 20.9712 5.77354 20.4212 6.07446
92.3 20.9827 5.76671 20.4077 6.08129
92.4 20.9942 5.75987 20.3942 6.08813
92.5 21.0056 5.75304 20.3807 6.09496
92.6 21.017 5.7462 20.3671 6.1018
92.7 21.0283 5.73937 20.3535 6.10863
92.8 21.0396 5.73254 20.3398 6.11546
92.9 21.0508 5.7257 20.3261 6.1223
93 21.062 5.71887 20.3124 6.12913
93.1 21.0731 5.71204 20.2986 6.13596
93.2 21.0842 5.70521 20.2848 6.14279
93.3 21.0953 5.69838 20.2709 6.14962
93.4 21.1063 5.69155 20.257 6.15645
93.5 21.1172 5.68472 20.2431 6.16328
93.6 21.1281 5.6779 20.2291 6.1701
93.7 21.139 5.67107 20.2151 6.17693
93.8 21.1498 5.66424 20.201 6.18376
93.9 21.1606 5.65742 20.1869 6.19058
94 21.1713 5.65059 20.1728 6.19741
94.1 21.1819 5.64377 20.1586 6.20423
94.2 21.1926 5.63695 20.1444 6.21105
94.3 21.2031 5.63013 20.1301 6.21787
94.4 21.2137 5.62331 20.1158 6.22469
94.5 21.2242 5.61649 20.1015 6.23151
94.6 21.2346 5.60967 20.0871 6.23833
94.7 21.245 5.60285 20.0727 6.24515
94.8 21.2553 5.59603 20.0582 6.25197
94.9 21.2656 5.58921 20.0437 6.25879
95 21.2758 5.5824 20.0292 6.2656
95.1 21.286 5.57559 20.0146 6.27241
95.2 21.2962 5.56877 20 6.27923
95.3 21.3063 5.56196 19.9854 6.28604
95.4 21.3163 5.55515 19.9707 6.29285
95.5 21.3263 5.54834 19.956 6.29966
95.6 21.3362 5.54153 19.9412 6.30647
95.7 21.3461 5.53472 19.9264 6.31328
95.8 21.356 5.52792 19.9116 6.32008
95.9 21.3658 5.52111 19.8967 6.32689
96 21.3755 5.51431 19.8818 6.33369
96.1 21.3852 5.50751 19.8668 6.34049
96.2 21.3949 5.5007 19.8518 6.3473
96.3 21.4045 5.4939 19.8368 6.3541
96.4 21.414 5.48711 19.8218 6.36089
96.5 21.4235 5.48031 19.8067 6.36769
96.6 21.433 5.47351 19.7915 6.37449
96.7 21.4424 5.46672 19.7763 6.38128
96.8 21.4517 5.45992 19.7611 6.38808
96.9 21.461 5.45313 19.7459 6.39487
97 21.4703 5.44634 19.7306 6.40166
97.1 21.4795 5.43955 19.7153 6.40845
97.2 21.4886 5.43277 19.6999 6.41523
97.3 21.4977 5.42598 19.6845 6.42202
97.4 21.5067 5.4192 19.6691 6.4288
97.5 21.5157 5.41241 19.6536 6.43559
97.6 21.5247 5.40563 19.6381 6.44237
97.7 21.5336 5.39885 19.6226 6.44915
97.8 21.5424 5.39207 19.607 6.45593
97.9 21.5512 5.3853 19.5914 6.4627
98 21.5599 5.37852 19.5757 6.46948
98.1 21.5686 5.37175 19.56 6.47625
98.2 21.5772 5.36498 19.5443 6.48302
98.3 21.5858 5.35821 19.5286 6.48979
98.4 21.5943 5.35144 19.5128 6.49656
98.5 21.6028 5.34467 19.4969 6.50333
98.6 21.6112 5.33791 19.4811 6.51009
98.7 21.6196 5.33114 19.4652 6.51686
98.8 21.6279 5.32438 19.4492 6.52362
98.9 21.6362 5.31762 19.4333 6.53038
99 21.6444 5.31087 19.4173 6.53713
99.1 21.6525 5.30411 19.4012 6.54389
99.2 21.6606 5.29736 19.3851 6.55064
99.3 21.6687 5.29061 19.369 6.55739
99.4 21.6767 5.28386 19.3529 6.56414
99.5 21.6846 5.27711 19.3367 6.57089
99.6 21.6925 5.27036 19.3205 6.57764
99.7 21.7003 5.26362 19.3042 6.58438
99.8 21.7081 5.25688 19.288 6.59112
99.9 21.7158 5.25014 19.2716 6.59786
100 21.7235 5.2434 19.2553 6.6046
100.1 21.7311 5.23666 19.2389 6.61134
100.2 21.7387 5.22993 19.2225 6.61807
100.3 21.7462 5.2232 19.206 6.6248
100.4 21.7536 5.21647 19.1895 6.63153
100.5 21.761 5.20974 19.173 6.63826
100.6 21.7684 5.20302 19.1565 6.64498
100.7 21.7756 5.19629 19.1399 6.65171
100.8 21.7829 5.18957 19.1232 6.65843
100.9 21.7901 5.18285 19.1066 6.66515
101 21.7972 5.17614 19.0899 6.67186
101.1 21.8042 5.16942 19.0732 6.67858
101.2 21.8113 5.16271 19.0564 6.68529
101.3 21.8182 5.156 19.0396 6.692
101.4 21.8251 5.1493 19.0228 6.6987
101.5 21.8319 5.14259 19.0059 6.70541
101.6 21.8387 5.13589 18.989 6.71211
101.7 21.8455 5.12919 18.9721 6.71881
101.8 21.8521 5.12249 18.9552 6.72551
101.9 21.8587 5.1158 18.9382 6.7322
102 21.8653 5.10911 18.9211 6.73889
102.1 21.8718 5.10242 18.9041 6.74558
102.2 21.8782 5.09573 18.887 6.75227
102.3 21.8846 5.08904 18.8699 6.75896
102.4 21.891 5.08236 18.8527 6.76564
102.5 21.8972 5.07568 18.8355 6.77232
102.6 21.9034 5.069 18.8183 6.779
102.7 21.9096 5.06233 18.8011 6.78567
102.8 21.9157 5.05566 18.7838 6.79234
102.9 21.9217 5.04899 18.7665 6.79901
103 21.9277 5.04232 18.7491 6.80568
103.1 21.9337 5.03566 18.7317 6.81234
103.2 21.9395 5.029 18.7143 6.819
103.3 21.9453 5.02234 18.6969 6.82566
103.4 21.9511 5.01568 18.6794 6.83232
103.5 21.9568 5.00903 18.6619 6.83897
103.6 21.9624 5.00238 18.6444 6.84562
103.7 21.968 4.99573 18.6268 6.85227
103.8 21.9735 4.98909 18.6092 6.85891
103.9 21.9789 4.98244 18.5916 6.86556
104 21.9843 4.97581 18.5739 6.87219
104.1 21.9897 4.96917 18.5562 6.87883
104.2 21.995 4.96254 18.5385 6.88546
104.3 22.0002 4.95591 18.5207 6.89209
104.4 22.0053 4.94928 18.5029 6.89872
104.5 22.0104 4.94265 18.4851 6.90535
104.6 22.0155 4.93603 18.4673 6.91197
104.7 22.0204 4.92941 18.4494 6.91859
104.8 22.0253 4.9228 18.4315 6.9252
104.9 22.0302 4.91619 18.4135 6.93181
105 22.035 4.90958 18.3956 6.93842
105.1 22.0397 4.90297 18.3776 6.94503
105.2 22.0444 4.89637 18.3595 6.95163
105.3 22.049 4.88977 18.3415 6.95823
105.4 22.0536 4.88317 18.3234 6.96483
105.5 22.0581 4.87658 18.3053 6.97142
105.6 22.0625 4.86999 18.2871 6.97801
105.7 22.0668 4.8634 18.2689 6.9846
105.8 22.0711 4.85682 18.2507 6.99118
105.9 22.0754 4.85024 18.2325 6.99776
106 22.0796 4.84366 18.2142 7.00434
106.1 22.0837 4.83709 18.1959 7.01091
106.2 22.0877 4.83052 18.1775 7.01748
106.3 22.0917 4.82395 18.1592 7.02405
106.4 22.0957 4.81738 18.1408 7.03062
106.5 22.0995 4.81082 18.1224 7.03718
106.6 22.1033 4.80427 18.1039 7.04373
106.7 22.1071 4.79771 18.0854 7.05029
106.8 22.1107 4.79116 18.0669 7.05684
106.9 22.1144 4.78461 18.0484 7.06339
107 22.1179 4.77807 18.0298 7.06993
107.1 22.1214 4.77153 18.0112 7.07647
107.2 22.1248 4.76499 17.9926 7.08301
107.3 22.1282 4.75846 17.9739 7.08954
107.4 22.1315 4.75193 17.9553 7.09607
107.5 22.1347 4.74541 17.9366 7.10259
107.6 22.1379 4.73888 17.9178 7.10912
107.7 22.141 4.73237 17.899 7.11563
107.8 22.144 4.72585 17.8802 7.12215
107.9 22.147 4.71934 17.8614 7.12866
108 22.1499 4.71283 17.8426 7.13517
108.1 22.1527 4.70633 17.8237 7.14167
108.2 22.1555 4.69983 17.8048 7.14817
108.3 22.1582 4.69333 17.7858 7.15467
108.4 22.1609 4.68684 17.7669 7.16116
108.5 22.1635 4.68035 17.7479 7.16765
108.6 22.166 4.67386 17.7288 7.17414
108.7 22.1684 4.66738 17.7098 7.18062
108.8 22.1708 4.6609 17.6907 7.1871
108.9 22.1731 4.65443 17.6716 7.19357
109 22.1754 4.64796 17.6525 7.20004
109.1 22.1776 4.64149 17.6333 7.20651
109.2 22.1797 4.63503 17.6141 7.21297
109.3 22.1817 4.62857 17.5949 7.21943
109.4 22.1837 4.62212 17.5756 7.22588
109.5 22.1856 4.61567 17.5564 7.23233
109.6 22.1875 4.60922 17.5371 7.23878
109.7 22.1893 4.60278 17.5177 7.24522
109.8 22.191 4.59634 17.4984 7.25166
109.9 22.1926 4.58991 17.479 7.25809
110 22.1942 4.58348 17.4596 7.26452
110.1 22.1957 4.57705 17.4402 7.27095
110.2 22.1972 4.57063 17.4207 7.27737
110.3 22.1985 4.56421 17.4012 7.28379
110.4 22.1998 4.5578 17.3817 7.2902
110.5 22.2011 4.55139 17.3621 7.29661
110.6 22.2022 4.54498 17.3426 7.30302
110.7 22.2033 4.53858 17.323 7.30942
110.8 22.2044 4.53218 17.3033 7.31582
110.9 22.2053 4.52579 17.2837 7.32221
111 22.2062 4.5194 17.264 7.3286
111.1 22.2071 4.51302 17.2443 7.33498
111.2 22.2078 4.50664 17.2246 7.34136
111.3 22.2085 4.50026 17.2048 7.34774
111.4 22.2091 4.49389 17.185 7.35411
111.5 22.2097 4.48753 17.1652 7.36047
111.6 22.2101 4.48116 17.1454 7.36684
111.7 22.2105 4.47481 17.1255 7.37319
111.8 22.2109 4.46845 17.1057 7.37955
111.9 22.2111 4.4621 17.0857 7.3859
112 22.2113 4.45576 17.0658 7.39224
112.1 22.2115 4.44942 17.0458 7.39858
112.2 22.2115 4.44308 17.0258 7.40492
112.3 22.2115 4.43675 17.0058 7.41125
112.4 22.2114 4.43042 16.9858 7.41758
112.5 22.2112 4.4241 16.9657 7.4239
112.6 22.211 4.41778 16.9456 7.43022
112.7 22.2107 4.41147 16.9255 7.43653
112.8 22.2103 4.40516 16.9054 7.44284
112.9 22.2099 4.39886 16.8852 7.44914
113 22.2093 4.39256 16.865 7.45544
113.1 22.2087 4.38626 16.8448 7.46174
113.2 22.2081 4.37997 16.8245 7.46803
113.3 22.2073 4.37369 16.8043 7.47431
113.4 22.2065 4.36741 16.784 7.48059
113.5 22.2056 4.36113 16.7637 7.48687
113.6 22.2047 4.35486 16.7433 7.49314
113.7 22.2036 4.3486 16.723 7.4994
113.8 22.2025 4.34233 16.7026 7.50567
113.9 22.2013 4.33608 16.6821 7.51192
114 22.2001 4.32983 16.6617 7.51817
114.1 22.1987 4.32358 16.6412 7.52442
114.2 22.1973 4.31734 16.6207 7.53066
114.3 22.1959 4.3111 16.6002 7.5369
114.4 22.1943 4.30487 16.5797 7.54313
114.5 22.1927 4.29864 16.5591 7.54936
114.6 22.191 4.29242 16.5385 7.55558
114.7 22.1892 4.2862 16.5179 7.5618
114.8 22.1874 4.27999 16.4973 7.56801
114.9 22.1854 4.27378 16.4766 7.57422
115 22.1834 4.26758 16.4559 7.58042
115.1 22.1813 4.26138 16.4352 7.58662
115.2 22.1792 4.25519 16.4145 7.59281
115.3 22.177 4.249 16.3937 7.599
115.4 22.1747 4.24282 16.373 7.60518
115.5 22.1723 4.23664 16.3522 7.61136
115.6 22.1698 4.23047 16.3313 7.61753
115.7 22.1673 4.22431 16.3105 7.62369
115.8 22.1647 4.21814 16.2896 7.62986
115.9 22.162 4.21199 16.2687 7.63601
116 22.1592 4.20584 16.2478 7.64216
116.1 22.1564 4.19969 16.2268 7.64831
116.2 22.1535 4.19355 16.2059 7.65445
116.3 22.1505 4.18742 16.1849 7.66058
116.4 22.1474 4.18129 16.1639 7.66671
116.5 22.1442 4.17516 16.1428 7.67284
116.6 22.141 4.16904 16.1218 7.67896
116.7 22.1377 4.16293 16.1007 7.68507
116.8 22.1343 4.15682 16.0796 7.69118
116.9 22.1308 4.15072 16.0584 7.69728
117 22.1273 4.14462 16.0373 7.70338
117.1 22.1237 4.13853 16.0161 7.70947
117.2 22.12 4.13244 15.9949 7.71556
117.3 22.1162 4.12636 15.9737 7.72164
117.4 22.1123 4.12028 15.9525 7.72772
117.5 22.1084 4.11421 15.9312 7.73379
117.6 22.1044 4.10815 15.9099 7.73985
117.7 22.1003 4.10209 15.8886 7.74591
117.8 22.0961 4.09603 15.8673 7.75197
117.9 22.0918 4.08998 15.8459 7.75802
118 22.0875 4.08394 15.8245 7.76406
118.1 22.0831 4.0779 15.8031 7.7701
118.2 22.0786 4.07187 15.7817 7.77613
118.3 22.074 4.06585 15.7603 7.78215
118.4 22.0693 4.05983 15.7388 7.78817
118.5 22.0646 4.05381 15.7173 7.79419
118.6 22.0597 4.0478 15.6958 7.8002
118.7 22.0548 4.0418 15.6743 7.8062
118.8 22.0498 4.0358 15.6527 7.8122
118.9 22.0448 4.02981 15.6311 7.81819
119 22.0396 4.02383 15.6095 7.82417
119.1 22.0344 4.01784 15.5879 7.83016
119.2 22.0291 4.01187 15.5663 7.83613
119.3 22.0237 4.0059 15.5446 7.8421
119.4 22.0182 3.99994 15.5229 7.84806
119.5 22.0126 3.99398 15.5012 7.85402
119.6 22.007 3.98803 15.4795 7.85997
119.7 22.0013 3.98209 15.4577 7.86591
119.8 21.9954 3.97615 15.436 7.87185
119.9 21.9895 3.97021 15.4142 7.87779
120 21.9836 3.96429 15.3924 7.88371
120.1 21.9775 3.95837 15.3705 7.88963
120.2 21.9714 3.95245 15.3487 7.89555
120.3 21.9651 3.94654 15.3268 7.90146
120.4 21.9588 3.94064 15.3049 7.90736
120.5 21.9524 3.93474 15.283 7.91326
120.6 21.9459 3.92885 15.261 7.91915
120.7 21.9394 3.92297 15.2391 7.92503
120.8 21.9327 3.91709 15.2171 7.93091
120.9 21.926 3.91121 15.1951 7.93679
121 21.9191 3.90535 15.1731 7.94265
121.1 21.9122 3.89949 15.151 7.94851
121.2 21.9052 3.89363 15.129 7.95437
121.3 21.8982 3.88778 15.1069 7.96022
121.4 21.891 3.88194 15.0848 7.96606
121.5 21.8837 3.87611 15.0627 7.97189
121.6 21.8764 3.87028 15.0405 7.97772
121.7 21.869 3.86445 15.0184 7.98355
121.8 21.8615 3.85864 14.9962 7.98936
121.9 21.8539 3.85283 14.974 7.99517
122 21.8462 3.84702 14.9517 8.00098
122.1 21.8384 3.84122 14.9295 8.00678
122.2 21.8305 3.83543 14.9072 8.01257
122.3 21.8226 3.82965 14.8849 8.01835
122.4 21.8146 3.82387 14.8626 8.02413
122.5 21.8064 3.81809 14.8403 8.02991
122.6 21.7982 3.81233 14.818 8.03567
122.7 21.7899 3.80657 14.7956 8.04143
122.8 21.7815 3.80082 14.7732 8.04718
122.9 21.7731 3.79507 14.7508 8.05293
123 21.7645 3.78933 14.7284 8.05867
123.1 21.7558 3.78359 14.7059 8.06441
123.2 21.7471 3.77787 14.6835 8.07013
123.3 21.7383 3.77215 14.661 8.07585
123.4 21.7294 3.76643 14.6385 8.08157
123.5 21.7203 3.76072 14.616 8.08728
123.6 21.7112 3.75502 14.5934 8.09298
123.7 21.7021 3.74933 14.5709 8.09867
123.8 21.6928 3.74364 14.5483 8.10436
123.9 21.6834 3.73796 14.5257 8.11004
124 21.674 3.73229 14.5031 8.11571
124.1 21.6644 3.72662 14.4804 8.12138
124.2 21.6548 3.72096 14.4578 8.12704
124.3 21.645 3.7153 14.4351 8.1327
124.4 21.6352 3.70965 14.4124 8.13835
124.5 21.6253 3.70401 14.3897 8.14399
124.6 21.6153 3.69838 14.367 8.14962
124.7 21.6052 3.69275 14.3442 8.15525
124.8 21.595 3.68713 14.3214 8.16087
124.9 21.5847 3.68152 14.2986 8.16648
125 21.5744 3.67591 14.2758 8.17209
125.1 21.5639 3.67031 14.253 8.17769
125.2 21.5534 3.66472 14.2302 8.18328
125.3 21.5427 3.65913 14.2073 8.18887
125.4 21.532 3.65355 14.1844 8.19445
125.5 21.5211 3.64798 14.1615 8.20002
125.6 21.5102 3.64241 14.1386 8.20559
125.7 21.4992 3.63685 14.1157 8.21115
125.8 21.4881 3.6313 14.0927 8.2167
125.9 21.4769 3.62576 14.0697 8.22224
126 21.4656 3.62022 14.0467 8.22778
126.1 21.4542 3.61469 14.0237 8.23331
126.2 21.4427 3.60917 14.0007 8.23883
126.3 21.4311 3.60365 13.9777 8.24435
126.4 21.4194 3.59814 13.9546 8.24986
126.5 21.4077 3.59264 13.9315 8.25536
126.6 21.3958 3.58714 13.9084 8.26086
126.7 21.3838 3.58165 13.8853 8.26635
126.8 21.3718 3.57617 13.8622 8.27183
126.9 21.3596 3.5707 13.839 8.2773
127 21.3474 3.56523 13.8158 8.28277
127.1 21.3351 3.55977 13.7927 8.28823
127.2 21.3226 3.55432 13.7694 8.29368
127.3 21.3101 3.54887 13.7462 8.29913
127.4 21.2975 3.54344 13.723 8.30456
127.5 21.2847 3.53801 13.6997 8.30999
127.6 21.2719 3.53258 13.6764 8.31542
127.7 21.259 3.52717 13.6532 8.32083
127.8 21.246 3.52176 13.6298 8.32624
127.9 21.2329 3.51636 13.6065 8.33164
128 21.2197 3.51096 13.5832 8.33704
128.1 21.2064 3.50557 13.5598 8.34243
128.2 21.193 3.50019 13.5364 8.34781
128.3 21.1795 3.49482 13.513 8.35318
128.4 21.1659 3.48946 13.4896 8.35854
128.5 21.1522 3.4841 13.4662 8.3639
128.6 21.1384 3.47875 13.4427 8.36925
128.7 21.1245 3.47341 13.4193 8.37459
128.8 21.1105 3.46807 13.3958 8.37993
128.9 21.0964 3.46275 13.3723 8.38525
129 21.0823 3.45743 13.3488 8.39057
129.1 21.068 3.45211 13.3252 8.39589
129.2 21.0536 3.44681 13.3017 8.40119
129.3 21.0391 3.44151 13.2781 8.40649
129.4 21.0245 3.43622 13.2545 8.41178
129.5 21.0099 3.43094 13.2309 8.41706
129.6 20.9951 3.42566 13.2073 8.42234
129.7 20.9802 3.4204 13.1837 8.4276
129.8 20.9652 3.41514 13.16 8.43286
129.9 20.9501 3.40989 13.1364 8.43811
130 20.935 3.40464 13.1127 8.44336
130.1 20.9197 3.39941 13.089 8.44859
130.2 20.9043 3.39418 13.0653 8.45382
130.3 20.8888 3.38896 13.0416 8.45904
130.4 20.8732 3.38374 13.0178 8.46426
130.5 20.8575 3.37854 12.9941 8.46946
130.6 20.8418 3.37334 12.9703 8.47466
130.7 20.8259 3.36815 12.9465 8.47985
130.8 20.8099 3.36297 12.9227 8.48503
130.9 20.7938 3.35779 12.8988 8.49021
131 20.7776 3.35263 12.875 8.49537
131.1 20.7613 3.34747 12.8511 8.50053
131.2 20.7449 3.34232 12.8273 8.50568
131.3 20.7284 3.33717 12.8034 8.51083
131.4 20.7118 3.33204 12.7795 8.51596
131.5 20.6951 3.32691 12.7556 8.52109
131.6 20.6783 3.32179 12.7316 8.52621
131.7 20.6614 3.31668 12.7077 8.53132
131.8 20.6444 3.31158 12.6837 8.53642
131.9 20.6273 3.30648 12.6597 8.54152
132 20.6101 3.30139 12.6357 8.54661
132.1 20.5927 3.29631 12.6117 8.55169
132.2 20.5753 3.29124 12.5877 8.55676
132.3 20.5578 3.28618 12.5636 8.56182
132.4 20.5402 3.28112 12.5396 8.56688
132.5 20.5224 3.27607 12.5155 8.57193
132.6 20.5046 3.27104 12.4914 8.57696
132.7 20.4866 3.266 12.4673 8.582
132.8 20.4686 3.26098 12.4432 8.58702
132.9 20.4504 3.25597 12.419 8.59203
133 20.4322 3.25096 12.3949 8.59704
133.1 20.4138 3.24596 12.3707 8.60204
133.2 20.3953 3.24097 12.3465 8.60703
133.3 20.3768 3.23599 12.3223 8.61201
133.4 20.3581 3.23101 12.2981 8.61699
133.5 20.3393 3.22605 12.2739 8.62195
133.6 20.3204 3.22109 12.2497 8.62691
133.7 20.3014 3.21614 12.2254 8.63186
133.8 20.2823 3.2112 12.2011 8.6368
133.9 20.2631 3.20626 12.1768 8.64174
134 20.2438 3.20134 12.1525 8.64666
134.1 20.2243 3.19642 12.1282 8.65158
134.2 20.2048 3.19151 12.1039 8.65649
134.3 20.1852 3.18661 12.0796 8.66139
134.4 20.1654 3.18172 12.0552 8.66628
134.5 20.1456 3.17684 12.0308 8.67116
134.6 20.1256 3.17196 12.0064 8.67604
134.7 20.1055 3.1671 11.982 8.6809
134.8 20.0854 3.16224 11.9576 8.68576
134.9 20.0651 3.15739 11.9332 8.69061
135 20.0447 3.15255 11.9087 8.69545
135.1 20.0242 3.14772 11.8843 8.70028
135.2 20.0036 3.14289 11.8598 8.70511
135.3 19.9829 3.13807 11.8353 8.70993
135.4 19.962 3.13327 11.8108 8.71473
135.5 19.9411 3.12847 11.7863 8.71953
135.6 19.9201 3.12368 11.7618 8.72432
135.7 19.8989 3.1189 11.7372 8.7291
135.8 19.8776 3.11412 11.7127 8.73388
135.9 19.8563 3.10936 11.6881 8.73864
136 19.8348 3.1046 11.6635 8.7434
136.1 19.8132 3.09985 11.6389 8.74815
136.2 19.7915 3.09511 11.6143 8.75289
136.3 19.7697 3.09038 11.5897 8.75762
136.4 19.7478 3.08566 11.5651 8.76234
136.5 19.7258 3.08095 11.5404 8.76705
136.6 19.7036 3.07625 11.5157 8.77175
136.7 19.6814 3.07155 11.4911 8.77645
136.8 19.659 3.06686 11.4664 8.78114
136.9 19.6365 3.06218 11.4417 8.78582
137 19.614 3.05751 11.4169 8.79049
137.1 19.5913 3.05285 11.3922 8.79515
137.2 19.5685 3.0482 11.3674 8.7998
137.3 19.5456 3.04356 11.3427 8.80444
137.4 19.5225 3.03892 11.3179 8.80908
137.5 19.4994 3.0343 11.2931 8.8137
137.6 19.4761 3.02968 11.2683 8.81832
137.7 19.4528 3.02507 11.2435 8.82293
137.8 19.4293 3.02047 11.2187 8.82753
137.9 19.4057 3.01588 11.1938 8.83212
138 19.382 3.0113 11.169 8.8367
138.1 19.3582 3.00673 11.1441 8.84127
138.2 19.3343 3.00216 11.1192 8.84584
138.3 19.3103 2.99761 11.0944 8.85039
138.4 19.2861 2.99306 11.0695 8.85494
138.5 19.2619 2.98852 11.0445 8.85948
138.6 19.2375 2.984 11.0196 8.864
138.7 19.213 2.97948 10.9947 8.86852
138.8 19.1884 2.97497 10.9697 8.87303
138.9 19.1637 2.97046 10.9447 8.87754
139 19.1389 2.96597 10.9198 8.88203
139.1 19.114 2.96149 10.8948 8.88651
139.2 19.0889 2.95701 10.8698 8.89099
139.3 19.0638 2.95255 10.8447 8.89545
139.4 19.0385 2.94809 10.8197 8.89991
139.5 19.0131 2.94365 10.7947 8.90435
139.6 18.9876 2.93921 10.7696 8.90879
139.7 18.962 2.93478 10.7445 8.91322
139.8 18.9363 2.93036 10.7195 8.91764
139.9 18.9104 2.92595 10.6944 8.92205
140 18.8845 2.92155 10.6693 8.92645
140.1 18.8584 2.91715 10.6441 8.93085
140.2 18.8322 2.91277 10.619 8.93523
140.3 18.8059 2.9084 10.5939 8.9396
140.4 18.7795 2.90403 10.5687 8.94397
140.5 18.753 2.89968 10.5435 8.94832
140.6 18.7263 2.89533 10.5184 8.95267
140.7 18.6995 2.89099 10.4932 8.95701
140.8 18.6727 2.88666 10.468 8.96134
140.9 18.6457 2.88234 10.4428 8.96566
141 18.6186 2.87803 10.4175 8.96997
141.1 18.5913 2.87373 10.3923 8.97427
141.2 18.564 2.86944 10.367 8.97856
141.3 18.5366 2.86516 10.3418 8.98284
141.4 18.509 2.86089 10.3165 8.98711
141.5 18.4813 2.85663 10.2912 8.99137
141.6 18.4535 2.85237 10.2659 8.99563
141.7 18.4256 2.84813 10.2406 8.99987
141.8 18.3975 2.84389 10.2153 9.00411
141.9 18.3694 2.83967 10.19 9.00833
142 18.3411 2.83545 10.1646 9.01255
142.1 18.3127 2.83124 10.1393 9.01676
142.2 18.2843 2.82705 10.1139 9.02095
142.3 18.2556 2.82286 10.0885 9.02514
142.4 18.2269 2.81868 10.0631 9.02932
142.5 18.1981 2.81451 10.0377 9.03349
142.6 18.1691 2.81035 10.0123 9.03765
142.7 18.14 2.8062 9.9869 9.0418
142.8 18.1108 2.80206 9.96146 9.04594
142.9 18.0815 2.79793 9.93601 9.05007
143 18.0521 2.79381 9.91056 9.05419
143.1 18.0225 2.7897 9.88509 9.0583
143.2 17.9928 2.78559 9.85961 9.06241
143.3 17.9631 2.7815 9.83412 9.0665
143.4 17.9332 2.77742 9.80862 9.07058
143.5 17.9031 2.77334 9.78311 9.07466
143.6 17.873 2.76928 9.75758 9.07872
143.7 17.8427 2.76522 9.73205 9.08278
143.8 17.8124 2.76118 9.7065 9.08682
143.9 17.7819 2.75714 9.68095 9.09086
144 17.7513 2.75312 9.65538 9.09488
144.1 17.7206 2.7491 9.6298 9.0989
144.2 17.6897 2.7451 9.60421 9.1029
144.3 17.6588 2.7411 9.57862 9.1069
144.4 17.6277 2.73711 9.55301 9.11089
144.5 17.5965 2.73314 9.52738 9.11486
144.6 17.5652 2.72917 9.50175 9.11883
144.7 17.5337 2.72521 9.47611 9.12279
144.8 17.5022 2.72126 9.45046 9.12674
144.9 17.4705 2.71732 9.4248 9.13068
145 17.4387 2.71339 9.39912 9.13461
145.1 17.4068 2.70948 9.37344 9.13852
145.2 17.3748 2.70557 9.34775 9.14243
145.3 17.3426 2.70167 9.32204 9.14633
145.4 17.3104 2.69778 9.29633 9.15022
145.5 17.278 2.6939 9.2706 9.1541
145.6 17.2455 2.69003 9.24487 9.15797
145.7 17.2129 2.68617 9.21912 9.16183
145.8 17.1802 2.68232 9.19337 9.16568
145.9 17.1473 2.67848 9.1676 9.16952
146 17.1143 2.67465 9.14182 9.17335
146.1 17.0812 2.67083 9.11604 9.17717
146.2 17.048 2.66702 9.09024 9.18098
146.3 17.0147 2.66322 9.06444 9.18478
146.4 16.9812 2.65943 9.03862 9.18857
146.5 16.9477 2.65565 9.01279 9.19235
146.6 16.914 2.65188 8.98696 9.19612
146.7 16.8802 2.64812 8.96111 9.19988
146.8 16.8463 2.64436 8.93526 9.20364
146.9 16.8122 2.64062 8.90939 9.20738
147 16.7781 2.63689 8.88352 9.21111
147.1 16.7438 2.63317 8.85763 9.21483
147.2 16.7094 2.62946 8.83174 9.21854
147.3 16.6749 2.62576 8.80583 9.22224
147.4 16.6402 2.62207 8.77992 9.22593
147.5 16.6055 2.61839 8.75399 9.22961
147.6 16.5706 2.61472 8.72806 9.23328
147.7 16.5356 2.61106 8.70212 9.23694
147.8 16.5005 2.60741 8.67617 9.24059
147.9 16.4652 2.60377 8.6502 9.24423
148 16.4299 2.60014 8.62423 9.24786
148.1 16.3944 2.59652 8.59825 9.25148
148.2 16.3588 2.59291 8.57226 9.25509
148.3 16.3231 2.58931 8.54626 9.25869
148.4 16.2873 2.58572 8.52025 9.26228
148.5 16.2513 2.58214 8.49424 9.26586
148.6 16.2153 2.57857 8.46821 9.26943
148.7 16.1791 2.57501 8.44217 9.27299
148.8 16.1428 2.57146 8.41613 9.27654
148.9 16.1064 2.56793 8.39007 9.28007
149 16.0698 2.5644 8.36401 9.2836
149.1 16.0331 2.56088 8.33794 9.28712
149.2 15.9964 2.55737 8.31185 9.29063
149.3 15.9595 2.55387 8.28576 9.29413
149.4 15.9224 2.55039 8.25966 9.29761
149.5 15.8853 2.54691 8.23356 9.30109
149.6 15.8481 2.54344 8.20744 9.30456
149.7 15.8107 2.53999 8.18131 9.30801
149.8 15.7732 2.53654 8.15518 9.31146
149.9 15.7356 2.5331 8.12903 9.3149
150 15.6978 2.52968 8.10288 9.31832
150.1 15.66 2.52626 8.07672 9.32174
150.2 15.622 2.52286 8.05055 9.32514
150.3 15.5839 2.51946 8.02437 9.32854
150.4 15.5457 2.51608 7.99818 9.33192
150.5 15.5074 2.51271 7.97198 9.33529
150.6 15.469 2.50934 7.94578 9.33866
150.7 15.4304 2.50599 7.91957 9.34201
150.8 15.3917 2.50265 7.89334 9.34535
150.9 15.3529 2.49932 7.86711 9.34868
151 15.314 2.49599 7.84087 9.35201
151.1 15.275 2.49268 7.81463 9.35532
151.2 15.2358 2.48938 7.78837 9.35862
151.3 15.1965 2.48609 7.76211 9.36191
151.4 15.1571 2.48281 7.73583 9.36519
151.5 15.1176 2.47954 7.70955 9.36846
151.6 15.078 2.47628 7.68326 9.37172
151.7 15.0383 2.47303 7.65697 9.37497
151.8 14.9984 2.4698 7.63066 9.3782
151.9 14.9584 2.46657 7.60435 9.38143
152 14.9183 2.46335 7.57803 9.38465
152.1 14.8781 2.46015 7.5517 9.38785
152.2 14.8378 2.45695 7.52536 9.39105
152.3 14.7973 2.45377 7.49901 9.39423
152.4 14.7568 2.45059 7.47266 9.39741
152.5 14.7161 2.44743 7.4463 9.40057
152.6 14.6753 2.44427 7.41993 9.40373
152.7 14.6344 2.44113 7.39355 9.40687
152.8 14.5933 2.438 7.36717 9.41
152.9 14.5522 2.43488 7.34077 9.41312
153 14.5109 2.43177 7.31437 9.41623
153.1 14.4695 2.42867 7.28796 9.41933
153.2 14.428 2.42558 7.26155 9.42242
153.3 14.3864 2.4225 7.23512 9.4255
153.4 14.3447 2.41943 7.20869 9.42857
153.5 14.3028 2.41637 7.18225 9.43163
153.6 14.2609 2.41332 7.1558 9.43468
153.7 14.2188 2.41029 7.12935 9.43771
153.8 14.1766 2.40726 7.10289 9.44074
153.9 14.1343 2.40425 7.07642 9.44375
154 14.0918 2.40124 7.04994 9.44676
154.1 14.0493 2.39825 7.02345 9.44975
154.2 14.0066 2.39527 6.99696 9.45273
154.3 13.9639 2.3923 6.97046 9.4557
154.4 13.921 2.38933 6.94396 9.45867
154.5 13.878 2.38638 6.91744 9.46162
154.6 13.8348 2.38345 6.89092 9.46455
154.7 13.7916 2.38052 6.86439 9.46748
154.8 13.7483 2.3776 6.83785 9.4704
154.9 13.7048 2.37469 6.81131 9.47331
155 13.6612 2.37179 6.78476 9.47621
155.1 13.6175 2.36891 6.7582 9.47909
155.2 13.5737 2.36603 6.73164 9.48197
155.3 13.5298 2.36317 6.70507 9.48483
155.4 13.4858 2.36032 6.67849 9.48768
155.5 13.4416 2.35747 6.6519 9.49053
155.6 13.3974 2.35464 6.62531 9.49336
155.7 13.353 2.35182 6.59871 9.49618
155.8 13.3085 2.34901 6.5721 9.49899
155.9 13.2639 2.34621 6.54549 9.50179
156 13.2192 2.34343 6.51887 9.50457
156.1 13.1744 2.34065 6.49224 9.50735
156.2 13.1294 2.33788 6.46561 9.51012
156.3 13.0844 2.33513 6.43896 9.51287
156.4 13.0392 2.33238 6.41232 9.51562
156.5 12.9939 2.32965 6.38566 9.51835
156.6 12.9486 2.32693 6.359 9.52107
156.7 12.9031 2.32422 6.33233 9.52378
156.8 12.8574 2.32152 6.30566 9.52648
156.9 12.8117 2.31883 6.27898 9.52917
157 12.7659 2.31615 6.25229 9.53185
157.1 12.72 2.31348 6.2256 9.53452
157.2 12.6739 2.31083 6.1989 9.53717
157.3 12.6277 2.30818 6.17219 9.53982
157.4 12.5815 2.30555 6.14548 9.54245
157.5 12.5351 2.30292 6.11876 9.54508
157.6 12.4886 2.30031 6.09203 9.54769
157.7 12.442 2.29771 6.0653 9.55029
157.8 12.3953 2.29512 6.03856 9.55288
157.9 12.3485 2.29254 6.01181 9.55546
158 12.3016 2.28997 5.98506 9.55803
158.1 12.2545 2.28742 5.9583 9.56058
158.2 12.2074 2.28487 5.93154 9.56313
158.3 12.1601 2.28233 5.90477 9.56567
158.4 12.1128 2.27981 5.87799 9.56819
158.5 12.0653 2.2773 5.85121 9.5707
158.6 12.0177 2.2748 5.82442 9.5732
158.7 11.97 2.27231 5.79763 9.57569
158.8 11.9222 2.26983 5.77083 9.57817
158.9 11.8744 2.26736 5.74402 9.58064
159 11.8264 2.2649 5.71721 9.5831
159.1 11.7782 2.26246 5.69039 9.58554
159.2 11.73 2.26002 5.66357 9.58798
159.3 11.6817 2.2576 5.63674 9.5904
159.4 11.6333 2.25518 5.6099 9.59282
159.5 11.5848 2.25278 5.58306 9.59522
159.6 11.5361 2.25039 5.55621 9.59761
159.7 11.4874 2.24801 5.52936 9.59999
159.8 11.4385 2.24565 5.5025 9.60235
159.9 11.3896 2.24329 5.47564 9.60471
160 11.3405 2.24095 5.44877 9.60705
160.1 11.2914 2.23861 5.42189 9.60939
160.2 11.2421 2.23629 5.39501 9.61171
160.3 11.1928 2.23398 5.36812 9.61402
160.4 11.1433 2.23168 5.34123 9.61632
160.5 11.0937 2.22939 5.31433 9.61861
160.6 11.0441 2.22711 5.28743 9.62089
160.7 10.9943 2.22484 5.26052 9.62316
160.8 10.9444 2.22259 5.2336 9.62541
160.9 10.8945 2.22034 5.20668 9.62766
161 10.8444 2.21811 5.17976 9.62989
161.1 10.7942 2.21589 5.15283 9.63211
161.2 10.7439 2.21368 5.12589 9.63432
161.3 10.6936 2.21148 5.09895 9.63652
161.4 10.6431 2.20929 5.07201 9.63871
161.5 10.5925 2.20712 5.04505 9.64088
161.6 10.5418 2.20495 5.0181 9.64305
161.7 10.4911 2.2028 4.99114 9.6452
161.8 10.4402 2.20066 4.96417 9.64734
161.9 10.3892 2.19852 4.9372 9.64948
162 10.3382 2.19641 4.91022 9.65159
162.1 10.287 2.1943 4.88324 9.6537
162.2 10.2358 2.1922 4.85625 9.6558
162.3 10.1844 2.19011 4.82926 9.65789
162.4 10.133 2.18804 4.80226 9.65996
162.5 10.0814 2.18598 4.77526 9.66202
162.6 10.0298 2.18393 4.74825 9.66407
162.7 9.97802 2.18189 4.72124 9.66611
162.8 9.92619 2.17986 4.69422 9.66814
162.9 9.87426 2.17784 4.6672 9.67016
163 9.82224 2.17584 4.64018 9.67216
163.1 9.77012 2.17384 4.61315 9.67416
163.2 9.71792 2.17186 4.58611 9.67614
163.3 9.66561 2.16989 4.55907 9.67811
163.4 9.61322 2.16793 4.53202 9.68007
163.5 9.56073 2.16598 4.50497 9.68202
163.6 9.50815 2.16404 4.47792 9.68396
163.7 9.45548 2.16212 4.45086 9.68588
163.8 9.40272 2.1602 4.4238 9.6878
163.9 9.34987 2.1583 4.39673 9.6897
164 9.29692 2.15641 4.36966 9.69159
164.1 9.24389 2.15453 4.34258 9.69347
164.2 9.19077 2.15266 4.3155 9.69534
164.3 9.13755 2.1508 4.28842 9.6972
164.4 9.08425 2.14896 4.26133 9.69904
164.5 9.03086 2.14712 4.23423 9.70088
164.6 8.97739 2.1453 4.20713 9.7027
164.7 8.92382 2.14349 4.18003 9.70451
164.8 8.87017 2.14169 4.15292 9.70631
164.9 8.81643 2.1399 4.12581 9.7081
165 8.7626 2.13813 4.0987 9.70987
165.1 8.70869 2.13636 4.07158 9.71164
165.2 8.65469 2.13461 4.04445 9.71339
165.3 8.60061 2.13287 4.01732 9.71513
165.4 8.54644 2.13114 3.99019 9.71686
165.5 8.49219 2.12942 3.96306 9.71858
165.6 8.43786 2.12771 3.93592 9.72029
165.7 8.38344 2.12602 3.90877 9.72198
165.8 8.32894 2.12433 3.88162 9.72367
165.9 8.27435 2.12266 3.85447 9.72534
166 8.21968 2.121 3.82732 9.727
166.1 8.16494 2.11935 3.80016 9.72865
166.2 8.11011 2.11771 3.77299 9.73029
166.3 8.0552 2.11609 3.74582 9.73191
166.4 8.0002 2.11447 3.71865 9.73353
166.5 7.94513 2.11287 3.69148 9.73513
166.6 7.88998 2.11128 3.6643 9.73672
166.7 7.83475 2.1097 3.63712 9.7383
166.8 7.77945 2.10813 3.60993 9.73987
166.9 7.72406 2.10657 3.58274 9.74143
167 7.6686 2.10503 3.55555 9.74297
167.1 7.61306 2.1035 3.52835 9.7445
167.2 7.55744 2.10198 3.50115 9.74602
167.3 7.50175 2.10047 3.47395 9.74753
167.4 7.44598 2.09897 3.44674 9.74903
167.5 7.39013 2.09748 3.41953 9.75052
167.6 7.33421 2.09601 3.39231 9.75199
167.7 7.27822 2.09454 3.36509 9.75346
167.8 7.22215 2.09309 3.33787 9.75491
167.9 7.16601 2.09165 3.31065 9.75635
168 7.1098 2.09022 3.28342 9.75778
168.1 7.05351 2.08881 3.25619 9.75919
168.2 6.99716 2.0874 3.22895 9.7606
168.3 6.94073 2.08601 3.20172 9.76199
168.4 6.88423 2.08463 3.17448 9.76337
168.5 6.82766 2.08326 3.14723 9.76474
168.6 6.77102 2.0819 3.11998 9.7661
168.7 6.71431 2.08055 3.09273 9.76745
168.8 6.65753 2.07922 3.06548 9.76878
168.9 6.60069 2.0779 3.03822 9.7701
169 6.54377 2.07659 3.01096 9.77141
169.1 6.48679 2.07529 2.9837 9.77271
169.2 6.42975 2.074 2.95643 9.774
169.3 6.37263 2.07272 2.92916 9.77528
169.4 6.31545 2.07146 2.90189 9.77654
169.5 6.25821 2.07021 2.87462 9.77779
169.6 6.2009 2.06897 2.84734 9.77903
169.7 6.14353 2.06774 2.82006 9.78026
169.8 6.08609 2.06652 2.79277 9.78148
169.9 6.02859 2.06531 2.76549 9.78269
170 5.97103 2.06412 2.7382 9.78388
170.1 5.9134 2.06294 2.71091 9.78506
170.2 5.85572 2.06177 2.68361 9.78623
170.3 5.79797 2.06061 2.65632 9.78739
170.4 5.74017 2.05946 2.62902 9.78854
170.5 5.6823 2.05833 2.60171 9.78967
170.6 5.62438 2.0572 2.57441 9.7908
170.7 5.56639 2.05609 2.5471 9.79191
170.8 5.50835 2.05499 2.51979 9.79301
170.9 5.45025 2.05391 2.49248 9.79409
171 5.39209 2.05283 2.46516 9.79517
171.1 5.33388 2.05177 2.43784 9.79623
171.2 5.27561 2.05071 2.41052 9.79729
171.3 5.21729 2.04967 2.3832 9.79833
171.4 5.15891 2.04864 2.35588 9.79936
171.5 5.10048 2.04763 2.32855 9.80037
171.6 5.04199 2.04662 2.30122 9.80138
171.7 4.98345 2.04563 2.27389 9.80237
171.8 4.92486 2.04465 2.24655 9.80335
171.9 4.86621 2.04368 2.21922 9.80432
172 4.80752 2.04272 2.19188 9.80528
172.1 4.74877 2.04177 2.16454 9.80623
172.2 4.68998 2.04084 2.13719 9.80716
172.3 4.63113 2.03992 2.10985 9.80808
172.4 4.57224 2.039 2.0825 9.809
172.5 4.5133 2.03811 2.05515 9.80989
172.6 4.4543 2.03722 2.0278 9.81078
172.7 4.39527 2.03634 2.00044 9.81166
172.8 4.33618 2.03548 1.97309 9.81252
172.9 4.27705 2.03463 1.94573 9.81337
173 4.21788 2.03379 1.91837 9.81421
173.1 4.15866 2.03296 1.89101 9.81504
173.2 4.09939 2.03215 1.86365 9.81585
173.3 4.04009 2.03134 1.83628 9.81666
173.4 3.98074 2.03055 1.80891 9.81745
173.5 3.92134 2.02977 1.78155 9.81823
173.6 3.86191 2.029 1.75417 9.819
173.7 3.80243 2.02824 1.7268 9.81976
173.8 3.74292 2.0275 1.69943 9.8205
173.9 3.68336 2.02677 1.67205 9.82123
174 3.62376 2.02605 1.64467 9.82195
174.1 3.56413 2.02534 1.6173 9.82266
174.2 3.50446 2.02464 1.58991 9.82336
174.3 3.44475 2.02395 1.56253 9.82405
174.4 3.385 2.02328 1.53515 9.82472
174.5 3.32522 2.02262 1.50776 9.82538
174.6 3.2654 2.02197 1.48038 9.82603
174.7 3.20555 2.02133 1.45299 9.82667
174.8 3.14566 2.02071 1.4256 9.82729
174.9 3.08574 2.02009 1.39821 9.82791
175 3.02578 2.01949 1.37081 9.82851
175.1 2.96579 2.0189 1.34342 9.8291
175.2 2.90578 2.01832 1.31602 9.82968
175.3 2.84572 2.01775 1.28863 9.83025
175.4 2.78564 2.0172 1.26123 9.8308
175.5 2.72553 2.01666 1.23383 9.83134
175.6 2.66539 2.01613 1.20643 9.83187
175.7 2.60522 2.01561 1.17903 9.83239
175.8 2.54503 2.0151 1.15162 9.8329
175.9 2.4848 2.01461 1.12422 9.83339
176 2.42455 2.01412 1.09681 9.83388
176.1 2.36428 2.01365 1.06941 9.83435
176.2 2.30397 2.01319 1.042 9.83481
176.3 2.24365 2.01274 1.01459 9.83526
176.4 2.18329 2.01231 0.987183 9.83569
176.5 2.12292 2.01189 0.959773 9.83611
176.6 2.06252 2.01147 0.932361 9.83653
176.7 2.0021 2.01107 0.904949 9.83693
176.8 1.94166 2.01069 0.877536 9.83731
176.9 1.8812 2.01031 0.850122 9.83769
177 1.82071 2.00995 0.822707 9.83805
177.1 1.76021 2.00959 0.795291 9.83841
177.2 1.69969 2.00925 0.767874 9.83875
177.3 1.63915 2.00893 0.740457 9.83907
177.4 1.57859 2.00861 0.713039 9.83939
177.5 1.51801 2.00831 0.68562 9.83969
177.6 1.45742 2.00801 0.658201 9.83999
177.7 1.39682 2.00773 0.630781 9.84027
177.8 1.33619 2.00746 0.60336 9.84054
177.9 1.27556 2.00721 0.575939 9.84079
178 1.21491 2.00696 0.548517 9.84104
178.1 1.15424 2.00673 0.521094 9.84127
178.2 1.09357 2.00651 0.493671 9.84149
178.3 1.03288 2.0063 0.466248 9.8417
178.4 0.972178 2.0061 0.438824 9.8419
178.5 0.911468 2.00592 0.411399 9.84208
178.6 0.850748 2.00574 0.383975 9.84226
178.7 0.790019 2.00558 0.35655 9.84242
178.8 0.729281 2.00543 0.329124 9.84257
178.9 0.668535 2.0053 0.301698 9.8427
179 0.607783 2.00517 0.274272 9.84283
179.1 0.547023 2.00506 0.246846 9.84294
179.2 0.486258 2.00496 0.219419 9.84304
179.3 0.425487 2.00487 0.191992 9.84313
179.4 0.364712 2.00479 0.164565 9.84321
179.5 0.303933 2.00472 0.137138 9.84328
179.6 0.24315 2.00467 0.10971 9.84333
179.7 0.182365 2.00463 0.0822828 9.84337
179.8 0.121578 2.0046 0.0548553 9.8434
179.9 0.0607891 2.00458 0.0274277 9.84342
180 4.26541e-15 2.00457 1.92452e-15 9.84343
