#kinematics calculation of gsgs
#vertex z = 350 mm, E_reaction = 49.391 MeV
#theta_cm, theta3_lab, Ek3_lab, theta4_lab, Ek4_lab
0 0 49.391 0 1.81899e-12
0.1 0.0499448 49.391 89.9499 3.76134e-05
0.2 0.0998897 49.3908 89.8999 0.000150453
0.3 0.149835 49.3907 89.8498 0.00033852
0.4 0.199779 49.3904 89.7998 0.000601812
0.5 0.249724 49.3901 89.7497 0.000940329
0.6 0.299669 49.3896 89.6997 0.00135407
0.7 0.349614 49.3892 89.6496 0.00184303
0.8 0.399559 49.3886 89.5996 0.00240722
0.9 0.449504 49.388 89.5495 0.00304662
1 0.499448 49.3872 89.4994 0.00376124
1.1 0.549393 49.3864 89.4494 0.00455108
1.2 0.599338 49.3856 89.3993 0.00541613
1.3 0.649283 49.3846 89.3493 0.00635639
1.4 0.699228 49.3836 89.2992 0.00737186
1.5 0.749173 49.3825 89.2492 0.00846253
1.6 0.799118 49.3814 89.1991 0.0096284
1.7 0.849062 49.3801 89.1491 0.0108695
1.8 0.899007 49.3788 89.099 0.0121857
1.9 0.948952 49.3774 89.049 0.0135772
2 0.998897 49.376 88.9989 0.0150438
2.1 1.04884 49.3744 88.9488 0.0165857
2.2 1.09879 49.3728 88.8988 0.0182026
2.3 1.14873 49.3711 88.8487 0.0198948
2.4 1.19868 49.3693 88.7987 0.0216621
2.5 1.24862 49.3675 88.7486 0.0235046
2.6 1.29857 49.3656 88.6986 0.0254223
2.7 1.34851 49.3636 88.6485 0.0274151
2.8 1.39846 49.3615 88.5985 0.029483
2.9 1.4484 49.3594 88.5484 0.0316261
3 1.49835 49.3572 88.4983 0.0338443
3.1 1.54829 49.3549 88.4483 0.0361377
3.2 1.59824 49.3525 88.3982 0.0385061
3.3 1.64818 49.3501 88.3482 0.0409497
3.4 1.69813 49.3475 88.2981 0.0434683
3.5 1.74807 49.3449 88.2481 0.0460621
3.6 1.79802 49.3423 88.198 0.0487309
3.7 1.84796 49.3395 88.148 0.0514748
3.8 1.89791 49.3367 88.0979 0.0542938
3.9 1.94785 49.3338 88.0478 0.0571879
4 1.9978 49.3308 87.9978 0.060157
4.1 2.04774 49.3278 87.9477 0.0632011
4.2 2.09769 49.3247 87.8977 0.0663203
4.3 2.14763 49.3215 87.8476 0.0695145
4.4 2.19758 49.3182 87.7976 0.0727838
4.5 2.24752 49.3149 87.7475 0.076128
4.6 2.29747 49.3115 87.6975 0.0795472
4.7 2.34741 49.308 87.6474 0.0830414
4.8 2.39736 49.3044 87.5974 0.0866106
4.9 2.4473 49.3007 87.5473 0.0902547
5 2.49725 49.297 87.4972 0.0939738
5.1 2.54719 49.2932 87.4472 0.0977679
5.2 2.59714 49.2894 87.3971 0.101637
5.3 2.64708 49.2854 87.3471 0.105581
5.4 2.69703 49.2814 87.297 0.1096
5.5 2.74697 49.2773 87.247 0.113693
5.6 2.79692 49.2731 87.1969 0.117862
5.7 2.84686 49.2689 87.1469 0.122105
5.8 2.89681 49.2646 87.0968 0.126423
5.9 2.94675 49.2602 87.0467 0.130817
6 2.9967 49.2557 86.9967 0.135285
6.1 3.04664 49.2512 86.9466 0.139827
6.2 3.09659 49.2466 86.8966 0.144445
6.3 3.14653 49.2419 86.8465 0.149137
6.4 3.19648 49.2371 86.7965 0.153904
6.5 3.24642 49.2323 86.7464 0.158746
6.6 3.29637 49.2273 86.6964 0.163663
6.7 3.34631 49.2223 86.6463 0.168654
6.8 3.39626 49.2173 86.5963 0.17372
6.9 3.4462 49.2121 86.5462 0.178861
7 3.49615 49.2069 86.4961 0.184077
7.1 3.54609 49.2016 86.4461 0.189367
7.2 3.59604 49.1963 86.396 0.194731
7.3 3.64598 49.1908 86.346 0.200171
7.4 3.69593 49.1853 86.2959 0.205685
7.5 3.74588 49.1797 86.2459 0.211273
7.6 3.79582 49.1741 86.1958 0.216937
7.7 3.84577 49.1683 86.1458 0.222674
7.8 3.89571 49.1625 86.0957 0.228487
7.9 3.94566 49.1566 86.0457 0.234374
8 3.9956 49.1507 85.9956 0.240335
8.1 4.04555 49.1446 85.9455 0.246371
8.2 4.09549 49.1385 85.8955 0.252481
8.3 4.14544 49.1323 85.8454 0.258666
8.4 4.19538 49.1261 85.7954 0.264925
8.5 4.24533 49.1197 85.7453 0.271259
8.6 4.29527 49.1133 85.6953 0.277667
8.7 4.34522 49.1069 85.6452 0.284149
8.8 4.39517 49.1003 85.5952 0.290706
8.9 4.44511 49.0937 85.5451 0.297337
9 4.49506 49.087 85.4951 0.304043
9.1 4.545 49.0802 85.445 0.310822
9.2 4.59495 49.0733 85.3949 0.317676
9.3 4.64489 49.0664 85.3449 0.324605
9.4 4.69484 49.0594 85.2948 0.331607
9.5 4.74478 49.0523 85.2448 0.338684
9.6 4.79473 49.0452 85.1947 0.345835
9.7 4.84468 49.0379 85.1447 0.35306
9.8 4.89462 49.0306 85.0946 0.360359
9.9 4.94457 49.0233 85.0446 0.367733
10 4.99451 49.0158 84.9945 0.37518
10.1 5.04446 49.0083 84.9445 0.382702
10.2 5.0944 49.0007 84.8944 0.390297
10.3 5.14435 48.993 84.8443 0.397967
10.4 5.1943 48.9853 84.7943 0.405711
10.5 5.24424 48.9775 84.7442 0.413528
10.6 5.29419 48.9696 84.6942 0.42142
10.7 5.34413 48.9616 84.6441 0.429386
10.8 5.39408 48.9536 84.5941 0.437425
10.9 5.44402 48.9455 84.544 0.445539
11 5.49397 48.9373 84.494 0.453726
11.1 5.54392 48.929 84.4439 0.461987
11.2 5.59386 48.9207 84.3939 0.470322
11.3 5.64381 48.9123 84.3438 0.478731
11.4 5.69375 48.9038 84.2937 0.487213
11.5 5.7437 48.8952 84.2437 0.495769
11.6 5.79365 48.8866 84.1936 0.504399
11.7 5.84359 48.8779 84.1436 0.513103
11.8 5.89354 48.8691 84.0935 0.52188
11.9 5.94348 48.8603 84.0435 0.530731
12 5.99343 48.8513 83.9934 0.539656
12.1 6.04338 48.8423 83.9434 0.548654
12.2 6.09332 48.8333 83.8933 0.557726
12.3 6.14327 48.8241 83.8433 0.566871
12.4 6.19321 48.8149 83.7932 0.57609
12.5 6.24316 48.8056 83.7432 0.585382
12.6 6.29311 48.7963 83.6931 0.594748
12.7 6.34305 48.7868 83.643 0.604187
12.8 6.393 48.7773 83.593 0.613699
12.9 6.44294 48.7677 83.5429 0.623285
13 6.49289 48.7581 83.4929 0.632944
13.1 6.54284 48.7483 83.4428 0.642677
13.2 6.59278 48.7385 83.3928 0.652482
13.3 6.64273 48.7286 83.3427 0.662361
13.4 6.69268 48.7187 83.2927 0.672313
13.5 6.74262 48.7087 83.2426 0.682339
13.6 6.79257 48.6986 83.1926 0.692437
13.7 6.84252 48.6884 83.1425 0.702609
13.8 6.89246 48.6781 83.0925 0.712853
13.9 6.94241 48.6678 83.0424 0.723171
14 6.99235 48.6574 82.9923 0.733562
14.1 7.0423 48.647 82.9423 0.744026
14.2 7.09225 48.6364 82.8922 0.754562
14.3 7.14219 48.6258 82.8422 0.765172
14.4 7.19214 48.6151 82.7921 0.775855
14.5 7.24209 48.6044 82.7421 0.78661
14.6 7.29203 48.5936 82.692 0.797438
14.7 7.34198 48.5827 82.642 0.808339
14.8 7.39193 48.5717 82.5919 0.819313
14.9 7.44187 48.5606 82.5419 0.83036
15 7.49182 48.5495 82.4918 0.841479
15.1 7.54177 48.5383 82.4418 0.852671
15.2 7.59171 48.5271 82.3917 0.863935
15.3 7.64166 48.5157 82.3417 0.875272
15.4 7.69161 48.5043 82.2916 0.886682
15.5 7.74155 48.4928 82.2415 0.898164
15.6 7.7915 48.4813 82.1915 0.909719
15.7 7.84145 48.4697 82.1414 0.921346
15.8 7.8914 48.458 82.0914 0.933046
15.9 7.94134 48.4462 82.0413 0.944817
16 7.99129 48.4343 81.9913 0.956662
16.1 8.04124 48.4224 81.9412 0.968578
16.2 8.09118 48.4104 81.8912 0.980567
16.3 8.14113 48.3984 81.8411 0.992628
16.4 8.19108 48.3862 81.7911 1.00476
16.5 8.24102 48.374 81.741 1.01697
16.6 8.29097 48.3618 81.691 1.02924
16.7 8.34092 48.3494 81.6409 1.04159
16.8 8.39087 48.337 81.5909 1.05402
16.9 8.44081 48.3245 81.5408 1.06651
17 8.49076 48.3119 81.4908 1.07908
17.1 8.54071 48.2993 81.4407 1.09171
17.2 8.59065 48.2866 81.3906 1.10442
17.3 8.6406 48.2738 81.3406 1.1172
17.4 8.69055 48.2609 81.2905 1.13006
17.5 8.7405 48.248 81.2405 1.14298
17.6 8.79044 48.235 81.1904 1.15598
17.7 8.84039 48.222 81.1404 1.16905
17.8 8.89034 48.2088 81.0903 1.18219
17.9 8.94029 48.1956 81.0403 1.1954
18 8.99023 48.1823 80.9902 1.20868
18.1 9.04018 48.169 80.9402 1.22204
18.2 9.09013 48.1555 80.8901 1.23547
18.3 9.14008 48.142 80.8401 1.24896
18.4 9.19002 48.1285 80.79 1.26253
18.5 9.23997 48.1148 80.74 1.27617
18.6 9.28992 48.1011 80.6899 1.28989
18.7 9.33987 48.0873 80.6399 1.30367
18.8 9.38982 48.0735 80.5898 1.31752
18.9 9.43976 48.0596 80.5398 1.33145
19 9.48971 48.0456 80.4897 1.34545
19.1 9.53966 48.0315 80.4396 1.35951
19.2 9.58961 48.0173 80.3896 1.37365
19.3 9.63955 48.0031 80.3395 1.38786
19.4 9.6895 47.9889 80.2895 1.40214
19.5 9.73945 47.9745 80.2394 1.4165
19.6 9.7894 47.9601 80.1894 1.43092
19.7 9.83935 47.9456 80.1393 1.44541
19.8 9.88929 47.931 80.0893 1.45998
19.9 9.93924 47.9164 80.0392 1.47461
20 9.98919 47.9017 79.9892 1.48932
20.1 10.0391 47.8869 79.9391 1.5041
20.2 10.0891 47.8721 79.8891 1.51895
20.3 10.139 47.8571 79.839 1.53386
20.4 10.189 47.8421 79.789 1.54885
20.5 10.2389 47.8271 79.7389 1.56391
20.6 10.2889 47.812 79.6889 1.57904
20.7 10.3388 47.7968 79.6388 1.59424
20.8 10.3888 47.7815 79.5888 1.60951
20.9 10.4387 47.7661 79.5387 1.62485
21 10.4887 47.7507 79.4887 1.64026
21.1 10.5386 47.7353 79.4386 1.65575
21.2 10.5886 47.7197 79.3886 1.6713
21.3 10.6385 47.7041 79.3385 1.68692
21.4 10.6885 47.6884 79.2885 1.70261
21.5 10.7384 47.6726 79.2384 1.71837
21.6 10.7884 47.6568 79.1884 1.7342
21.7 10.8383 47.6409 79.1383 1.75011
21.8 10.8883 47.6249 79.0883 1.76608
21.9 10.9382 47.6089 79.0382 1.78212
22 10.9882 47.5928 78.9881 1.79823
22.1 11.0381 47.5766 78.9381 1.81441
22.2 11.0881 47.5603 78.888 1.83066
22.3 11.138 47.544 78.838 1.84698
22.4 11.188 47.5276 78.7879 1.86337
22.5 11.2379 47.5112 78.7379 1.87983
22.6 11.2879 47.4946 78.6878 1.89636
22.7 11.3378 47.478 78.6378 1.91296
22.8 11.3878 47.4614 78.5877 1.92963
22.9 11.4377 47.4446 78.5377 1.94637
23 11.4877 47.4278 78.4876 1.96317
23.1 11.5376 47.411 78.4376 1.98005
23.2 11.5875 47.394 78.3875 1.99699
23.3 11.6375 47.377 78.3375 2.01401
23.4 11.6874 47.3599 78.2874 2.03109
23.5 11.7374 47.3428 78.2374 2.04824
23.6 11.7873 47.3255 78.1873 2.06546
23.7 11.8373 47.3082 78.1373 2.08275
23.8 11.8872 47.2909 78.0872 2.10011
23.9 11.9372 47.2735 78.0372 2.11754
24 11.9871 47.256 77.9871 2.13504
24.1 12.0371 47.2384 77.9371 2.1526
24.2 12.087 47.2208 77.887 2.17024
24.3 12.137 47.2031 77.837 2.18794
24.4 12.1869 47.1853 77.7869 2.20571
24.5 12.2369 47.1674 77.7369 2.22355
24.6 12.2868 47.1495 77.6868 2.24146
24.7 12.3368 47.1316 77.6368 2.25944
24.8 12.3867 47.1135 77.5867 2.27748
24.9 12.4367 47.0954 77.5367 2.29559
25 12.4866 47.0772 77.4866 2.31378
25.1 12.5366 47.059 77.4366 2.33203
25.2 12.5865 47.0407 77.3865 2.35034
25.3 12.6365 47.0223 77.3365 2.36873
25.4 12.6864 47.0038 77.2864 2.38718
25.5 12.7364 46.9853 77.2364 2.40571
25.6 12.7863 46.9667 77.1863 2.42429
25.7 12.8363 46.948 77.1363 2.44295
25.8 12.8862 46.9293 77.0862 2.46168
25.9 12.9362 46.9105 77.0362 2.48047
26 12.9861 46.8917 76.9861 2.49933
26.1 13.0361 46.8727 76.9361 2.51826
26.2 13.086 46.8537 76.886 2.53726
26.3 13.136 46.8347 76.836 2.55632
26.4 13.1859 46.8155 76.7859 2.57545
26.5 13.2359 46.7964 76.7359 2.59465
26.6 13.2858 46.7771 76.6858 2.61391
26.7 13.3358 46.7578 76.6358 2.63325
26.8 13.3858 46.7384 76.5857 2.65265
26.9 13.4357 46.7189 76.5357 2.67211
27 13.4857 46.6994 76.4856 2.69165
27.1 13.5356 46.6798 76.4356 2.71125
27.2 13.5856 46.6601 76.3855 2.73092
27.3 13.6355 46.6403 76.3355 2.75065
27.4 13.6855 46.6205 76.2854 2.77046
27.5 13.7354 46.6007 76.2354 2.79032
27.6 13.7854 46.5807 76.1853 2.81026
27.7 13.8353 46.5607 76.1353 2.83026
27.8 13.8853 46.5407 76.0852 2.85033
27.9 13.9352 46.5205 76.0352 2.87047
28 13.9852 46.5003 75.9851 2.89067
28.1 14.0351 46.4801 75.9351 2.91094
28.2 14.0851 46.4597 75.8851 2.93127
28.3 14.135 46.4393 75.835 2.95167
28.4 14.185 46.4189 75.785 2.97214
28.5 14.2349 46.3983 75.7349 2.99267
28.6 14.2849 46.3777 75.6849 3.01327
28.7 14.3348 46.3571 75.6348 3.03394
28.8 14.3848 46.3363 75.5848 3.05467
28.9 14.4347 46.3155 75.5347 3.07547
29 14.4847 46.2947 75.4847 3.09633
29.1 14.5346 46.2737 75.4346 3.11726
29.2 14.5846 46.2527 75.3846 3.13825
29.3 14.6345 46.2317 75.3345 3.15931
29.4 14.6845 46.2106 75.2845 3.18044
29.5 14.7344 46.1894 75.2344 3.20163
29.6 14.7844 46.1681 75.1844 3.22289
29.7 14.8343 46.1468 75.1343 3.24421
29.8 14.8843 46.1254 75.0843 3.2656
29.9 14.9342 46.1039 75.0342 3.28705
30 14.9842 46.0824 74.9842 3.30857
30.1 15.0341 46.0608 74.9341 3.33015
30.2 15.0841 46.0392 74.8841 3.3518
30.3 15.1341 46.0175 74.834 3.37352
30.4 15.184 45.9957 74.784 3.39529
30.5 15.234 45.9739 74.7339 3.41714
30.6 15.2839 45.952 74.6839 3.43905
30.7 15.3339 45.93 74.6338 3.46102
30.8 15.3838 45.9079 74.5838 3.48306
30.9 15.4338 45.8858 74.5338 3.50516
31 15.4837 45.8637 74.4837 3.52732
31.1 15.5337 45.8414 74.4337 3.54956
31.2 15.5836 45.8191 74.3836 3.57185
31.3 15.6336 45.7968 74.3336 3.59421
31.4 15.6835 45.7744 74.2835 3.61664
31.5 15.7335 45.7519 74.2335 3.63912
31.6 15.7834 45.7293 74.1834 3.66168
31.7 15.8334 45.7067 74.1334 3.68429
31.8 15.8833 45.684 74.0833 3.70698
31.9 15.9333 45.6613 74.0333 3.72972
32 15.9833 45.6385 73.9832 3.75253
32.1 16.0332 45.6156 73.9332 3.7754
32.2 16.0832 45.5927 73.8831 3.79834
32.3 16.1331 45.5697 73.8331 3.82134
32.4 16.1831 45.5466 73.783 3.8444
32.5 16.233 45.5235 73.733 3.86753
32.6 16.283 45.5003 73.683 3.89072
32.7 16.3329 45.477 73.6329 3.91397
32.8 16.3829 45.4537 73.5829 3.93729
32.9 16.4328 45.4303 73.5328 3.96067
33 16.4828 45.4069 73.4828 3.98411
33.1 16.5327 45.3834 73.4327 4.00762
33.2 16.5827 45.3598 73.3827 4.03119
33.3 16.6326 45.3362 73.3326 4.05482
33.4 16.6826 45.3125 73.2826 4.07851
33.5 16.7326 45.2887 73.2325 4.10227
33.6 16.7825 45.2649 73.1825 4.12609
33.7 16.8325 45.241 73.1324 4.14998
33.8 16.8824 45.2171 73.0824 4.17392
33.9 16.9324 45.1931 73.0324 4.19793
34 16.9823 45.169 72.9823 4.222
34.1 17.0323 45.1449 72.9323 4.24614
34.2 17.0822 45.1207 72.8822 4.27033
34.3 17.1322 45.0964 72.8322 4.29459
34.4 17.1821 45.0721 72.7821 4.31891
34.5 17.2321 45.0477 72.7321 4.34329
34.6 17.2821 45.0233 72.682 4.36774
34.7 17.332 44.9988 72.632 4.39224
34.8 17.382 44.9742 72.5819 4.41681
34.9 17.4319 44.9496 72.5319 4.44144
35 17.4819 44.9249 72.4819 4.46613
35.1 17.5318 44.9001 72.4318 4.49088
35.2 17.5818 44.8753 72.3818 4.5157
35.3 17.6317 44.8504 72.3317 4.54057
35.4 17.6817 44.8255 72.2817 4.56551
35.5 17.7316 44.8005 72.2316 4.59051
35.6 17.7816 44.7754 72.1816 4.61557
35.7 17.8316 44.7503 72.1315 4.64069
35.8 17.8815 44.7251 72.0815 4.66587
35.9 17.9315 44.6999 72.0315 4.69112
36 17.9814 44.6746 71.9814 4.71642
36.1 18.0314 44.6492 71.9314 4.74179
36.2 18.0813 44.6238 71.8813 4.76721
36.3 18.1313 44.5983 71.8313 4.7927
36.4 18.1812 44.5728 71.7812 4.81825
36.5 18.2312 44.5471 71.7312 4.84385
36.6 18.2812 44.5215 71.6811 4.86952
36.7 18.3311 44.4958 71.6311 4.89525
36.8 18.3811 44.47 71.5811 4.92104
36.9 18.431 44.4441 71.531 4.94689
37 18.481 44.4182 71.481 4.9728
37.1 18.5309 44.3922 71.4309 4.99877
37.2 18.5809 44.3662 71.3809 5.0248
37.3 18.6308 44.3401 71.3308 5.05088
37.4 18.6808 44.314 71.2808 5.07703
37.5 18.7308 44.2878 71.2307 5.10324
37.6 18.7807 44.2615 71.1807 5.12951
37.7 18.8307 44.2352 71.1307 5.15584
37.8 18.8806 44.2088 71.0806 5.18223
37.9 18.9306 44.1823 71.0306 5.20867
38 18.9805 44.1558 70.9805 5.23518
38.1 19.0305 44.1293 70.9305 5.26175
38.2 19.0805 44.1026 70.8804 5.28837
38.3 19.1304 44.0759 70.8304 5.31506
38.4 19.1804 44.0492 70.7804 5.3418
38.5 19.2303 44.0224 70.7303 5.3686
38.6 19.2803 43.9955 70.6803 5.39546
38.7 19.3302 43.9686 70.6302 5.42238
38.8 19.3802 43.9416 70.5802 5.44936
38.9 19.4302 43.9146 70.5301 5.4764
39 19.4801 43.8875 70.4801 5.50349
39.1 19.5301 43.8604 70.43 5.53065
39.2 19.58 43.8331 70.38 5.55786
39.3 19.63 43.8059 70.33 5.58513
39.4 19.6799 43.7785 70.2799 5.61246
39.5 19.7299 43.7512 70.2299 5.63985
39.6 19.7799 43.7237 70.1798 5.66729
39.7 19.8298 43.6962 70.1298 5.69479
39.8 19.8798 43.6686 70.0798 5.72235
39.9 19.9297 43.641 70.0297 5.74997
40 19.9797 43.6134 69.9797 5.77765
40.1 20.0296 43.5856 69.9296 5.80538
40.2 20.0796 43.5578 69.8796 5.83318
40.3 20.1296 43.53 69.8295 5.86102
40.4 20.1795 43.5021 69.7795 5.88893
40.5 20.2295 43.4741 69.7295 5.91689
40.6 20.2794 43.4461 69.6794 5.94492
40.7 20.3294 43.418 69.6294 5.97299
40.8 20.3793 43.3899 69.5793 6.00113
40.9 20.4293 43.3617 69.5293 6.02932
41 20.4793 43.3334 69.4792 6.05757
41.1 20.5292 43.3051 69.4292 6.08588
41.2 20.5792 43.2768 69.3792 6.11424
41.3 20.6291 43.2483 69.3291 6.14266
41.4 20.6791 43.2199 69.2791 6.17113
41.5 20.7291 43.1913 69.229 6.19966
41.6 20.779 43.1627 69.179 6.22825
41.7 20.829 43.1341 69.129 6.2569
41.8 20.8789 43.1054 69.0789 6.2856
41.9 20.9289 43.0766 69.0289 6.31435
42 20.9789 43.0478 68.9788 6.34317
42.1 21.0288 43.019 68.9288 6.37204
42.2 21.0788 42.99 68.8788 6.40096
42.3 21.1287 42.9611 68.8287 6.42994
42.4 21.1787 42.932 68.7787 6.45898
42.5 21.2286 42.9029 68.7286 6.48807
42.6 21.2786 42.8738 68.6786 6.51721
42.7 21.3286 42.8446 68.6285 6.54642
42.8 21.3785 42.8153 68.5785 6.57567
42.9 21.4285 42.786 68.5285 6.60499
43 21.4784 42.7566 68.4784 6.63435
43.1 21.5284 42.7272 68.4284 6.66378
43.2 21.5784 42.6977 68.3783 6.69326
43.3 21.6283 42.6682 68.3283 6.72279
43.4 21.6783 42.6386 68.2783 6.75238
43.5 21.7282 42.609 68.2282 6.78202
43.6 21.7782 42.5793 68.1782 6.81171
43.7 21.8282 42.5495 68.1281 6.84146
43.8 21.8781 42.5197 68.0781 6.87127
43.9 21.9281 42.4899 68.0281 6.90113
44 21.978 42.46 67.978 6.93104
44.1 22.028 42.43 67.928 6.96101
44.2 22.078 42.4 67.8779 6.99103
44.3 22.1279 42.3699 67.8279 7.02111
44.4 22.1779 42.3398 67.7779 7.05124
44.5 22.2278 42.3096 67.7278 7.08142
44.6 22.2778 42.2793 67.6778 7.11166
44.7 22.3278 42.249 67.6278 7.14195
44.8 22.3777 42.2187 67.5777 7.1723
44.9 22.4277 42.1883 67.5277 7.20269
45 22.4777 42.1579 67.4776 7.23314
45.1 22.5276 42.1274 67.4276 7.26365
45.2 22.5776 42.0968 67.3776 7.29421
45.3 22.6275 42.0662 67.3275 7.32482
45.4 22.6775 42.0355 67.2775 7.35548
45.5 22.7275 42.0048 67.2274 7.3862
45.6 22.7774 41.974 67.1774 7.41696
45.7 22.8274 41.9432 67.1274 7.44779
45.8 22.8773 41.9123 67.0773 7.47866
45.9 22.9273 41.8814 67.0273 7.50959
46 22.9773 41.8504 66.9772 7.54056
46.1 23.0272 41.8194 66.9272 7.5716
46.2 23.0772 41.7883 66.8772 7.60268
46.3 23.1271 41.7572 66.8271 7.63381
46.4 23.1771 41.726 66.7771 7.665
46.5 23.2271 41.6948 66.7271 7.69624
46.6 23.277 41.6635 66.677 7.72753
46.7 23.327 41.6321 66.627 7.75887
46.8 23.377 41.6007 66.5769 7.79027
46.9 23.4269 41.5693 66.5269 7.82171
47 23.4769 41.5378 66.4769 7.85321
47.1 23.5268 41.5062 66.4268 7.88476
47.2 23.5768 41.4746 66.3768 7.91636
47.3 23.6268 41.443 66.3268 7.94801
47.4 23.6767 41.4113 66.2767 7.97971
47.5 23.7267 41.3795 66.2267 8.01146
47.6 23.7767 41.3477 66.1766 8.04327
47.7 23.8266 41.3159 66.1266 8.07512
47.8 23.8766 41.284 66.0766 8.10702
47.9 23.9265 41.252 66.0265 8.13898
48 23.9765 41.22 65.9765 8.17099
48.1 24.0265 41.188 65.9265 8.20304
48.2 24.0764 41.1559 65.8764 8.23515
48.3 24.1264 41.1237 65.8264 8.2673
48.4 24.1764 41.0915 65.7763 8.29951
48.5 24.2263 41.0592 65.7263 8.33177
48.6 24.2763 41.0269 65.6763 8.36407
48.7 24.3263 40.9946 65.6262 8.39643
48.8 24.3762 40.9622 65.5762 8.42883
48.9 24.4262 40.9297 65.5262 8.46129
49 24.4761 40.8972 65.4761 8.49379
49.1 24.5261 40.8647 65.4261 8.52635
49.2 24.5761 40.832 65.3761 8.55895
49.3 24.626 40.7994 65.326 8.5916
49.4 24.676 40.7667 65.276 8.62431
49.5 24.726 40.7339 65.2259 8.65706
49.6 24.7759 40.7011 65.1759 8.68985
49.7 24.8259 40.6683 65.1259 8.7227
49.8 24.8759 40.6354 65.0758 8.7556
49.9 24.9258 40.6025 65.0258 8.78854
50 24.9758 40.5695 64.9758 8.82154
50.1 25.0258 40.5364 64.9257 8.85458
50.2 25.0757 40.5033 64.8757 8.88767
50.3 25.1257 40.4702 64.8257 8.92081
50.4 25.1756 40.437 64.7756 8.954
50.5 25.2256 40.4038 64.7256 8.98723
50.6 25.2756 40.3705 64.6756 9.02051
50.7 25.3255 40.3372 64.6255 9.05384
50.8 25.3755 40.3038 64.5755 9.08722
50.9 25.4255 40.2704 64.5255 9.12065
51 25.4754 40.2369 64.4754 9.15412
51.1 25.5254 40.2034 64.4254 9.18764
51.2 25.5754 40.1698 64.3753 9.22121
51.3 25.6253 40.1362 64.3253 9.25482
51.4 25.6753 40.1025 64.2753 9.28848
51.5 25.7253 40.0688 64.2252 9.32219
51.6 25.7752 40.0351 64.1752 9.35594
51.7 25.8252 40.0013 64.1252 9.38975
51.8 25.8752 39.9674 64.0751 9.4236
51.9 25.9251 39.9335 64.0251 9.45749
52 25.9751 39.8996 63.9751 9.49143
52.1 26.0251 39.8656 63.925 9.52542
52.2 26.075 39.8315 63.875 9.55945
52.3 26.125 39.7975 63.825 9.59353
52.4 26.175 39.7633 63.7749 9.62766
52.5 26.2249 39.7292 63.7249 9.66183
52.6 26.2749 39.695 63.6749 9.69605
52.7 26.3249 39.6607 63.6248 9.73031
52.8 26.3748 39.6264 63.5748 9.76462
52.9 26.4248 39.592 63.5248 9.79898
53 26.4748 39.5576 63.4747 9.83338
53.1 26.5247 39.5232 63.4247 9.86782
53.2 26.5747 39.4887 63.3747 9.90231
53.3 26.6247 39.4542 63.3246 9.93685
53.4 26.6746 39.4196 63.2746 9.97143
53.5 26.7246 39.3849 63.2246 10.0061
53.6 26.7746 39.3503 63.1745 10.0407
53.7 26.8245 39.3156 63.1245 10.0754
53.8 26.8745 39.2808 63.0745 10.1102
53.9 26.9245 39.246 63.0244 10.145
54 26.9744 39.2112 62.9744 10.1798
54.1 27.0244 39.1763 62.9244 10.2147
54.2 27.0744 39.1413 62.8743 10.2497
54.3 27.1243 39.1063 62.8243 10.2847
54.4 27.1743 39.0713 62.7743 10.3197
54.5 27.2243 39.0362 62.7242 10.3548
54.6 27.2742 39.0011 62.6742 10.3899
54.7 27.3242 38.966 62.6242 10.425
54.8 27.3742 38.9308 62.5742 10.4602
54.9 27.4241 38.8955 62.5241 10.4955
55 27.4741 38.8603 62.4741 10.5307
55.1 27.5241 38.8249 62.4241 10.5661
55.2 27.574 38.7896 62.374 10.6014
55.3 27.624 38.7541 62.324 10.6369
55.4 27.674 38.7187 62.274 10.6723
55.5 27.7239 38.6832 62.2239 10.7078
55.6 27.7739 38.6476 62.1739 10.7434
55.7 27.8239 38.6121 62.1239 10.7789
55.8 27.8739 38.5764 62.0738 10.8146
55.9 27.9238 38.5408 62.0238 10.8502
56 27.9738 38.505 61.9738 10.886
56.1 28.0238 38.4693 61.9237 10.9217
56.2 28.0737 38.4335 61.8737 10.9575
56.3 28.1237 38.3977 61.8237 10.9933
56.4 28.1737 38.3618 61.7737 11.0292
56.5 28.2236 38.3259 61.7236 11.0651
56.6 28.2736 38.2899 61.6736 11.1011
56.7 28.3236 38.2539 61.6236 11.1371
56.8 28.3735 38.2178 61.5735 11.1732
56.9 28.4235 38.1818 61.5235 11.2092
57 28.4735 38.1456 61.4735 11.2454
57.1 28.5235 38.1095 61.4234 11.2815
57.2 28.5734 38.0733 61.3734 11.3177
57.3 28.6234 38.037 61.3234 11.354
57.4 28.6734 38.0007 61.2734 11.3903
57.5 28.7233 37.9644 61.2233 11.4266
57.6 28.7733 37.928 61.1733 11.463
57.7 28.8233 37.8916 61.1233 11.4994
57.8 28.8733 37.8551 61.0732 11.5359
57.9 28.9232 37.8187 61.0232 11.5723
58 28.9732 37.7821 60.9732 11.6089
58.1 29.0232 37.7455 60.9231 11.6455
58.2 29.0731 37.7089 60.8731 11.6821
58.3 29.1231 37.6723 60.8231 11.7187
58.4 29.1731 37.6356 60.7731 11.7554
58.5 29.223 37.5989 60.723 11.7921
58.6 29.273 37.5621 60.673 11.8289
58.7 29.323 37.5253 60.623 11.8657
58.8 29.373 37.4884 60.5729 11.9026
58.9 29.4229 37.4515 60.5229 11.9395
59 29.4729 37.4146 60.4729 11.9764
59.1 29.5229 37.3777 60.4229 12.0133
59.2 29.5728 37.3407 60.3728 12.0503
59.3 29.6228 37.3036 60.3228 12.0874
59.4 29.6728 37.2665 60.2728 12.1245
59.5 29.7228 37.2294 60.2227 12.1616
59.6 29.7727 37.1923 60.1727 12.1987
59.7 29.8227 37.1551 60.1227 12.2359
59.8 29.8727 37.1178 60.0727 12.2732
59.9 29.9227 37.0806 60.0226 12.3104
60 29.9726 37.0433 59.9726 12.3478
60.1 30.0226 37.0059 59.9226 12.3851
60.2 30.0726 36.9685 59.8726 12.4225
60.3 30.1225 36.9311 59.8225 12.4599
60.4 30.1725 36.8936 59.7725 12.4974
60.5 30.2225 36.8561 59.7225 12.5349
60.6 30.2725 36.8186 59.6724 12.5724
60.7 30.3224 36.781 59.6224 12.61
60.8 30.3724 36.7434 59.5724 12.6476
60.9 30.4224 36.7058 59.5224 12.6852
61 30.4724 36.6681 59.4723 12.7229
61.1 30.5223 36.6304 59.4223 12.7606
61.2 30.5723 36.5926 59.3723 12.7984
61.3 30.6223 36.5549 59.3223 12.8361
61.4 30.6722 36.517 59.2722 12.874
61.5 30.7222 36.4792 59.2222 12.9118
61.6 30.7722 36.4413 59.1722 12.9497
61.7 30.8222 36.4033 59.1222 12.9877
61.8 30.8721 36.3654 59.0721 13.0256
61.9 30.9221 36.3274 59.0221 13.0636
62 30.9721 36.2893 58.9721 13.1017
62.1 31.0221 36.2513 58.922 13.1397
62.2 31.072 36.2132 58.872 13.1778
62.3 31.122 36.175 58.822 13.216
62.4 31.172 36.1368 58.772 13.2542
62.5 31.222 36.0986 58.7219 13.2924
62.6 31.2719 36.0604 58.6719 13.3306
62.7 31.3219 36.0221 58.6219 13.3689
62.8 31.3719 35.9838 58.5719 13.4072
62.9 31.4219 35.9454 58.5218 13.4456
63 31.4718 35.907 58.4718 13.484
63.1 31.5218 35.8686 58.4218 13.5224
63.2 31.5718 35.8301 58.3718 13.5609
63.3 31.6218 35.7917 58.3217 13.5993
63.4 31.6717 35.7531 58.2717 13.6379
63.5 31.7217 35.7146 58.2217 13.6764
63.6 31.7717 35.676 58.1717 13.715
63.7 31.8217 35.6374 58.1216 13.7536
63.8 31.8716 35.5987 58.0716 13.7923
63.9 31.9216 35.56 58.0216 13.831
64 31.9716 35.5213 57.9716 13.8697
64.1 32.0216 35.4825 57.9215 13.9085
64.2 32.0715 35.4437 57.8715 13.9473
64.3 32.1215 35.4049 57.8215 13.9861
64.4 32.1715 35.3661 57.7715 14.0249
64.5 32.2215 35.3272 57.7215 14.0638
64.6 32.2714 35.2883 57.6714 14.1027
64.7 32.3214 35.2493 57.6214 14.1417
64.8 32.3714 35.2103 57.5714 14.1807
64.9 32.4214 35.1713 57.5214 14.2197
65 32.4713 35.1323 57.4713 14.2587
65.1 32.5213 35.0932 57.4213 14.2978
65.2 32.5713 35.0541 57.3713 14.3369
65.3 32.6213 35.0149 57.3213 14.3761
65.4 32.6713 34.9758 57.2712 14.4152
65.5 32.7212 34.9366 57.2212 14.4544
65.6 32.7712 34.8973 57.1712 14.4937
65.7 32.8212 34.8581 57.1212 14.5329
65.8 32.8712 34.8188 57.0712 14.5722
65.9 32.9211 34.7794 57.0211 14.6116
66 32.9711 34.7401 56.9711 14.6509
66.1 33.0211 34.7007 56.9211 14.6903
66.2 33.0711 34.6613 56.8711 14.7297
66.3 33.1211 34.6218 56.821 14.7692
66.4 33.171 34.5823 56.771 14.8087
66.5 33.221 34.5428 56.721 14.8482
66.6 33.271 34.5033 56.671 14.8877
66.7 33.321 34.4637 56.621 14.9273
66.8 33.3709 34.4241 56.5709 14.9669
66.9 33.4209 34.3845 56.5209 15.0065
67 33.4709 34.3448 56.4709 15.0462
67.1 33.5209 34.3051 56.4209 15.0859
67.2 33.5709 34.2654 56.3708 15.1256
67.3 33.6208 34.2256 56.3208 15.1654
67.4 33.6708 34.1859 56.2708 15.2051
67.5 33.7208 34.1461 56.2208 15.2449
67.6 33.7708 34.1062 56.1708 15.2848
67.7 33.8208 34.0664 56.1207 15.3246
67.8 33.8707 34.0265 56.0707 15.3645
67.9 33.9207 33.9865 56.0207 15.4045
68 33.9707 33.9466 55.9707 15.4444
68.1 34.0207 33.9066 55.9207 15.4844
68.2 34.0706 33.8666 55.8706 15.5244
68.3 34.1206 33.8266 55.8206 15.5644
68.4 34.1706 33.7865 55.7706 15.6045
68.5 34.2206 33.7464 55.7206 15.6446
68.6 34.2706 33.7063 55.6706 15.6847
68.7 34.3205 33.6662 55.6205 15.7248
68.8 34.3705 33.626 55.5705 15.765
68.9 34.4205 33.5858 55.5205 15.8052
69 34.4705 33.5456 55.4705 15.8454
69.1 34.5205 33.5053 55.4205 15.8857
69.2 34.5704 33.465 55.3704 15.926
69.3 34.6204 33.4247 55.3204 15.9663
69.4 34.6704 33.3844 55.2704 16.0066
69.5 34.7204 33.344 55.2204 16.047
69.6 34.7704 33.3037 55.1704 16.0873
69.7 34.8203 33.2632 55.1203 16.1278
69.8 34.8703 33.2228 55.0703 16.1682
69.9 34.9203 33.1823 55.0203 16.2087
70 34.9703 33.1419 54.9703 16.2491
70.1 35.0203 33.1013 54.9203 16.2897
70.2 35.0703 33.0608 54.8702 16.3302
70.3 35.1202 33.0202 54.8202 16.3708
70.4 35.1702 32.9796 54.7702 16.4114
70.5 35.2202 32.939 54.7202 16.452
70.6 35.2702 32.8984 54.6702 16.4926
70.7 35.3202 32.8577 54.6202 16.5333
70.8 35.3701 32.817 54.5701 16.574
70.9 35.4201 32.7763 54.5201 16.6147
71 35.4701 32.7356 54.4701 16.6554
71.1 35.5201 32.6948 54.4201 16.6962
71.2 35.5701 32.654 54.3701 16.737
71.3 35.6201 32.6132 54.32 16.7778
71.4 35.67 32.5724 54.27 16.8186
71.5 35.72 32.5315 54.22 16.8595
71.6 35.77 32.4906 54.17 16.9004
71.7 35.82 32.4497 54.12 16.9413
71.8 35.87 32.4088 54.07 16.9822
71.9 35.92 32.3678 54.0199 17.0232
72 35.9699 32.3268 53.9699 17.0642
72.1 36.0199 32.2858 53.9199 17.1052
72.2 36.0699 32.2448 53.8699 17.1462
72.3 36.1199 32.2037 53.8199 17.1873
72.4 36.1699 32.1627 53.7699 17.2283
72.5 36.2198 32.1216 53.7198 17.2694
72.6 36.2698 32.0805 53.6698 17.3105
72.7 36.3198 32.0393 53.6198 17.3517
72.8 36.3698 31.9982 53.5698 17.3928
72.9 36.4198 31.957 53.5198 17.434
73 36.4698 31.9158 53.4698 17.4752
73.1 36.5198 31.8745 53.4197 17.5165
73.2 36.5697 31.8333 53.3697 17.5577
73.3 36.6197 31.792 53.3197 17.599
73.4 36.6697 31.7507 53.2697 17.6403
73.5 36.7197 31.7094 53.2197 17.6816
73.6 36.7697 31.6681 53.1697 17.7229
73.7 36.8197 31.6267 53.1196 17.7643
73.8 36.8696 31.5853 53.0696 17.8057
73.9 36.9196 31.5439 53.0196 17.8471
74 36.9696 31.5025 52.9696 17.8885
74.1 37.0196 31.4611 52.9196 17.9299
74.2 37.0696 31.4196 52.8696 17.9714
74.3 37.1196 31.3781 52.8196 18.0129
74.4 37.1695 31.3366 52.7695 18.0544
74.5 37.2195 31.2951 52.7195 18.0959
74.6 37.2695 31.2535 52.6695 18.1375
74.7 37.3195 31.212 52.6195 18.179
74.8 37.3695 31.1704 52.5695 18.2206
74.9 37.4195 31.1288 52.5195 18.2622
75 37.4695 31.0872 52.4695 18.3038
75.1 37.5194 31.0455 52.4194 18.3455
75.2 37.5694 31.0039 52.3694 18.3871
75.3 37.6194 30.9622 52.3194 18.4288
75.4 37.6694 30.9205 52.2694 18.4705
75.5 37.7194 30.8788 52.2194 18.5122
75.6 37.7694 30.837 52.1694 18.554
75.7 37.8194 30.7953 52.1194 18.5957
75.8 37.8694 30.7535 52.0693 18.6375
75.9 37.9193 30.7117 52.0193 18.6793
76 37.9693 30.6699 51.9693 18.7211
76.1 38.0193 30.6281 51.9193 18.7629
76.2 38.0693 30.5862 51.8693 18.8048
76.3 38.1193 30.5443 51.8193 18.8467
76.4 38.1693 30.5025 51.7693 18.8885
76.5 38.2193 30.4605 51.7192 18.9305
76.6 38.2692 30.4186 51.6692 18.9724
76.7 38.3192 30.3767 51.6192 19.0143
76.8 38.3692 30.3347 51.5692 19.0563
76.9 38.4192 30.2928 51.5192 19.0982
77 38.4692 30.2508 51.4692 19.1402
77.1 38.5192 30.2088 51.4192 19.1822
77.2 38.5692 30.1668 51.3692 19.2242
77.3 38.6192 30.1247 51.3192 19.2663
77.4 38.6691 30.0827 51.2691 19.3083
77.5 38.7191 30.0406 51.2191 19.3504
77.6 38.7691 29.9985 51.1691 19.3925
77.7 38.8191 29.9564 51.1191 19.4346
77.8 38.8691 29.9143 51.0691 19.4767
77.9 38.9191 29.8721 51.0191 19.5189
78 38.9691 29.83 50.9691 19.561
78.1 39.0191 29.7878 50.9191 19.6032
78.2 39.0691 29.7456 50.869 19.6454
78.3 39.119 29.7034 50.819 19.6876
78.4 39.169 29.6612 50.769 19.7298
78.5 39.219 29.619 50.719 19.772
78.6 39.269 29.5767 50.669 19.8143
78.7 39.319 29.5345 50.619 19.8565
78.8 39.369 29.4922 50.569 19.8988
78.9 39.419 29.4499 50.519 19.9411
79 39.469 29.4076 50.469 19.9834
79.1 39.519 29.3653 50.4189 20.0257
79.2 39.5689 29.323 50.3689 20.068
79.3 39.6189 29.2806 50.3189 20.1104
79.4 39.6689 29.2383 50.2689 20.1527
79.5 39.7189 29.1959 50.2189 20.1951
79.6 39.7689 29.1535 50.1689 20.2375
79.7 39.8189 29.1111 50.1189 20.2799
79.8 39.8689 29.0687 50.0689 20.3223
79.9 39.9189 29.0263 50.0189 20.3647
80 39.9689 28.9838 49.9689 20.4072
80.1 40.0189 28.9414 49.9188 20.4496
80.2 40.0688 28.8989 49.8688 20.4921
80.3 40.1188 28.8564 49.8188 20.5346
80.4 40.1688 28.8139 49.7688 20.5771
80.5 40.2188 28.7714 49.7188 20.6196
80.6 40.2688 28.7289 49.6688 20.6621
80.7 40.3188 28.6864 49.6188 20.7046
80.8 40.3688 28.6438 49.5688 20.7472
80.9 40.4188 28.6013 49.5188 20.7897
81 40.4688 28.5587 49.4688 20.8323
81.1 40.5188 28.5162 49.4188 20.8748
81.2 40.5688 28.4736 49.3687 20.9174
81.3 40.6187 28.431 49.3187 20.96
81.4 40.6687 28.3884 49.2687 21.0026
81.5 40.7187 28.3457 49.2187 21.0453
81.6 40.7687 28.3031 49.1687 21.0879
81.7 40.8187 28.2604 49.1187 21.1306
81.8 40.8687 28.2178 49.0687 21.1732
81.9 40.9187 28.1751 49.0187 21.2159
82 40.9687 28.1324 48.9687 21.2586
82.1 41.0187 28.0898 48.9187 21.3012
82.2 41.0687 28.0471 48.8687 21.3439
82.3 41.1187 28.0044 48.8187 21.3866
82.4 41.1687 27.9616 48.7687 21.4294
82.5 41.2187 27.9189 48.7186 21.4721
82.6 41.2686 27.8762 48.6686 21.5148
82.7 41.3186 27.8334 48.6186 21.5576
82.8 41.3686 27.7907 48.5686 21.6003
82.9 41.4186 27.7479 48.5186 21.6431
83 41.4686 27.7051 48.4686 21.6859
83.1 41.5186 27.6623 48.4186 21.7287
83.2 41.5686 27.6195 48.3686 21.7715
83.3 41.6186 27.5767 48.3186 21.8143
83.4 41.6686 27.5339 48.2686 21.8571
83.5 41.7186 27.4911 48.2186 21.8999
83.6 41.7686 27.4483 48.1686 21.9427
83.7 41.8186 27.4054 48.1186 21.9856
83.8 41.8686 27.3626 48.0686 22.0284
83.9 41.9186 27.3197 48.0186 22.0713
84 41.9686 27.2769 47.9686 22.1141
84.1 42.0185 27.234 47.9185 22.157
84.2 42.0685 27.1911 47.8685 22.1999
84.3 42.1185 27.1483 47.8185 22.2427
84.4 42.1685 27.1054 47.7685 22.2856
84.5 42.2185 27.0625 47.7185 22.3285
84.6 42.2685 27.0196 47.6685 22.3714
84.7 42.3185 26.9766 47.6185 22.4144
84.8 42.3685 26.9337 47.5685 22.4573
84.9 42.4185 26.8908 47.5185 22.5002
85 42.4685 26.8479 47.4685 22.5431
85.1 42.5185 26.8049 47.4185 22.5861
85.2 42.5685 26.762 47.3685 22.629
85.3 42.6185 26.719 47.3185 22.672
85.4 42.6685 26.6761 47.2685 22.7149
85.5 42.7185 26.6331 47.2185 22.7579
85.6 42.7685 26.5901 47.1685 22.8009
85.7 42.8185 26.5471 47.1185 22.8439
85.8 42.8685 26.5042 47.0685 22.8868
85.9 42.9185 26.4612 47.0185 22.9298
86 42.9685 26.4182 46.9685 22.9728
86.1 43.0185 26.3752 46.9185 23.0158
86.2 43.0685 26.3322 46.8684 23.0588
86.3 43.1184 26.2892 46.8184 23.1018
86.4 43.1684 26.2461 46.7684 23.1449
86.5 43.2184 26.2031 46.7184 23.1879
86.6 43.2684 26.1601 46.6684 23.2309
86.7 43.3184 26.1171 46.6184 23.2739
86.8 43.3684 26.074 46.5684 23.317
86.9 43.4184 26.031 46.5184 23.36
87 43.4684 25.988 46.4684 23.403
87.1 43.5184 25.9449 46.4184 23.4461
87.2 43.5684 25.9019 46.3684 23.4891
87.3 43.6184 25.8588 46.3184 23.5322
87.4 43.6684 25.8158 46.2684 23.5752
87.5 43.7184 25.7727 46.2184 23.6183
87.6 43.7684 25.7296 46.1684 23.6614
87.7 43.8184 25.6866 46.1184 23.7044
87.8 43.8684 25.6435 46.0684 23.7475
87.9 43.9184 25.6004 46.0184 23.7906
88 43.9684 25.5574 45.9684 23.8336
88.1 44.0184 25.5143 45.9184 23.8767
88.2 44.0684 25.4712 45.8684 23.9198
88.3 44.1184 25.4281 45.8184 23.9629
88.4 44.1684 25.385 45.7684 24.006
88.5 44.2184 25.342 45.7184 24.049
88.6 44.2684 25.2989 45.6684 24.0921
88.7 44.3184 25.2558 45.6184 24.1352
88.8 44.3684 25.2127 45.5684 24.1783
88.9 44.4184 25.1696 45.5184 24.2214
89 44.4684 25.1265 45.4684 24.2645
89.1 44.5184 25.0834 45.4184 24.3076
89.2 44.5684 25.0403 45.3684 24.3507
89.3 44.6184 24.9972 45.3184 24.3938
89.4 44.6684 24.9541 45.2684 24.4369
89.5 44.7184 24.911 45.2184 24.48
89.6 44.7684 24.8679 45.1684 24.5231
89.7 44.8184 24.8248 45.1184 24.5662
89.8 44.8684 24.7817 45.0684 24.6093
89.9 44.9184 24.7386 45.0184 24.6524
90 44.9684 24.6955 44.9684 24.6955
90.1 45.0184 24.6524 44.9184 24.7386
90.2 45.0684 24.6093 44.8684 24.7817
90.3 45.1184 24.5662 44.8184 24.8248
90.4 45.1684 24.5231 44.7684 24.8679
90.5 45.2184 24.48 44.7184 24.911
90.6 45.2684 24.4369 44.6684 24.9541
90.7 45.3184 24.3938 44.6184 24.9972
90.8 45.3684 24.3507 44.5684 25.0403
90.9 45.4184 24.3076 44.5184 25.0834
91 45.4684 24.2645 44.4684 25.1265
91.1 45.5184 24.2214 44.4184 25.1696
91.2 45.5684 24.1783 44.3684 25.2127
91.3 45.6184 24.1352 44.3184 25.2558
91.4 45.6684 24.0921 44.2684 25.2989
91.5 45.7184 24.049 44.2184 25.342
91.6 45.7684 24.006 44.1684 25.385
91.7 45.8184 23.9629 44.1184 25.4281
91.8 45.8684 23.9198 44.0684 25.4712
91.9 45.9184 23.8767 44.0184 25.5143
92 45.9684 23.8336 43.9684 25.5574
92.1 46.0184 23.7906 43.9184 25.6004
92.2 46.0684 23.7475 43.8684 25.6435
92.3 46.1184 23.7044 43.8184 25.6866
92.4 46.1684 23.6614 43.7684 25.7296
92.5 46.2184 23.6183 43.7184 25.7727
92.6 46.2684 23.5752 43.6684 25.8158
92.7 46.3184 23.5322 43.6184 25.8588
92.8 46.3684 23.4891 43.5684 25.9019
92.9 46.4184 23.4461 43.5184 25.9449
93 46.4684 23.403 43.4684 25.988
93.1 46.5184 23.36 43.4184 26.031
93.2 46.5684 23.317 43.3684 26.074
93.3 46.6184 23.2739 43.3184 26.1171
93.4 46.6684 23.2309 43.2684 26.1601
93.5 46.7184 23.1879 43.2184 26.2031
93.6 46.7684 23.1449 43.1684 26.2461
93.7 46.8184 23.1018 43.1184 26.2892
93.8 46.8684 23.0588 43.0685 26.3322
93.9 46.9185 23.0158 43.0185 26.3752
94 46.9685 22.9728 42.9685 26.4182
94.1 47.0185 22.9298 42.9185 26.4612
94.2 47.0685 22.8868 42.8685 26.5042
94.3 47.1185 22.8439 42.8185 26.5471
94.4 47.1685 22.8009 42.7685 26.5901
94.5 47.2185 22.7579 42.7185 26.6331
94.6 47.2685 22.7149 42.6685 26.6761
94.7 47.3185 22.672 42.6185 26.719
94.8 47.3685 22.629 42.5685 26.762
94.9 47.4185 22.5861 42.5185 26.8049
95 47.4685 22.5431 42.4685 26.8479
95.1 47.5185 22.5002 42.4185 26.8908
95.2 47.5685 22.4573 42.3685 26.9337
95.3 47.6185 22.4144 42.3185 26.9766
95.4 47.6685 22.3714 42.2685 27.0196
95.5 47.7185 22.3285 42.2185 27.0625
95.6 47.7685 22.2856 42.1685 27.1054
95.7 47.8185 22.2427 42.1185 27.1483
95.8 47.8685 22.1999 42.0685 27.1911
95.9 47.9185 22.157 42.0185 27.234
96 47.9686 22.1141 41.9686 27.2769
96.1 48.0186 22.0713 41.9186 27.3197
96.2 48.0686 22.0284 41.8686 27.3626
96.3 48.1186 21.9856 41.8186 27.4054
96.4 48.1686 21.9427 41.7686 27.4483
96.5 48.2186 21.8999 41.7186 27.4911
96.6 48.2686 21.8571 41.6686 27.5339
96.7 48.3186 21.8143 41.6186 27.5767
96.8 48.3686 21.7715 41.5686 27.6195
96.9 48.4186 21.7287 41.5186 27.6623
97 48.4686 21.6859 41.4686 27.7051
97.1 48.5186 21.6431 41.4186 27.7479
97.2 48.5686 21.6003 41.3686 27.7907
97.3 48.6186 21.5576 41.3186 27.8334
97.4 48.6686 21.5148 41.2686 27.8762
97.5 48.7186 21.4721 41.2187 27.9189
97.6 48.7687 21.4294 41.1687 27.9616
97.7 48.8187 21.3866 41.1187 28.0044
97.8 48.8687 21.3439 41.0687 28.0471
97.9 48.9187 21.3012 41.0187 28.0898
98 48.9687 21.2586 40.9687 28.1324
98.1 49.0187 21.2159 40.9187 28.1751
98.2 49.0687 21.1732 40.8687 28.2178
98.3 49.1187 21.1306 40.8187 28.2604
98.4 49.1687 21.0879 40.7687 28.3031
98.5 49.2187 21.0453 40.7187 28.3457
98.6 49.2687 21.0026 40.6687 28.3884
98.7 49.3187 20.96 40.6187 28.431
98.8 49.3687 20.9174 40.5688 28.4736
98.9 49.4188 20.8748 40.5188 28.5162
99 49.4688 20.8323 40.4688 28.5587
99.1 49.5188 20.7897 40.4188 28.6013
99.2 49.5688 20.7472 40.3688 28.6438
99.3 49.6188 20.7046 40.3188 28.6864
99.4 49.6688 20.6621 40.2688 28.7289
99.5 49.7188 20.6196 40.2188 28.7714
99.6 49.7688 20.5771 40.1688 28.8139
99.7 49.8188 20.5346 40.1188 28.8564
99.8 49.8688 20.4921 40.0688 28.8989
99.9 49.9188 20.4496 40.0189 28.9414
100 49.9689 20.4072 39.9689 28.9838
100.1 50.0189 20.3647 39.9189 29.0263
100.2 50.0689 20.3223 39.8689 29.0687
100.3 50.1189 20.2799 39.8189 29.1111
100.4 50.1689 20.2375 39.7689 29.1535
100.5 50.2189 20.1951 39.7189 29.1959
100.6 50.2689 20.1527 39.6689 29.2383
100.7 50.3189 20.1104 39.6189 29.2806
100.8 50.3689 20.068 39.5689 29.323
100.9 50.4189 20.0257 39.519 29.3653
101 50.469 19.9834 39.469 29.4076
101.1 50.519 19.9411 39.419 29.4499
101.2 50.569 19.8988 39.369 29.4922
101.3 50.619 19.8565 39.319 29.5345
101.4 50.669 19.8143 39.269 29.5767
101.5 50.719 19.772 39.219 29.619
101.6 50.769 19.7298 39.169 29.6612
101.7 50.819 19.6876 39.119 29.7034
101.8 50.869 19.6454 39.0691 29.7456
101.9 50.9191 19.6032 39.0191 29.7878
102 50.9691 19.561 38.9691 29.83
102.1 51.0191 19.5189 38.9191 29.8721
102.2 51.0691 19.4767 38.8691 29.9143
102.3 51.1191 19.4346 38.8191 29.9564
102.4 51.1691 19.3925 38.7691 29.9985
102.5 51.2191 19.3504 38.7191 30.0406
102.6 51.2691 19.3083 38.6691 30.0827
102.7 51.3192 19.2663 38.6192 30.1247
102.8 51.3692 19.2242 38.5692 30.1668
102.9 51.4192 19.1822 38.5192 30.2088
103 51.4692 19.1402 38.4692 30.2508
103.1 51.5192 19.0982 38.4192 30.2928
103.2 51.5692 19.0563 38.3692 30.3347
103.3 51.6192 19.0143 38.3192 30.3767
103.4 51.6692 18.9724 38.2692 30.4186
103.5 51.7192 18.9305 38.2193 30.4605
103.6 51.7693 18.8885 38.1693 30.5025
103.7 51.8193 18.8467 38.1193 30.5443
103.8 51.8693 18.8048 38.0693 30.5862
103.9 51.9193 18.7629 38.0193 30.6281
104 51.9693 18.7211 37.9693 30.6699
104.1 52.0193 18.6793 37.9193 30.7117
104.2 52.0693 18.6375 37.8694 30.7535
104.3 52.1194 18.5957 37.8194 30.7953
104.4 52.1694 18.554 37.7694 30.837
104.5 52.2194 18.5122 37.7194 30.8788
104.6 52.2694 18.4705 37.6694 30.9205
104.7 52.3194 18.4288 37.6194 30.9622
104.8 52.3694 18.3871 37.5694 31.0039
104.9 52.4194 18.3455 37.5194 31.0455
105 52.4695 18.3038 37.4695 31.0872
105.1 52.5195 18.2622 37.4195 31.1288
105.2 52.5695 18.2206 37.3695 31.1704
105.3 52.6195 18.179 37.3195 31.212
105.4 52.6695 18.1375 37.2695 31.2535
105.5 52.7195 18.0959 37.2195 31.2951
105.6 52.7695 18.0544 37.1695 31.3366
105.7 52.8196 18.0129 37.1196 31.3781
105.8 52.8696 17.9714 37.0696 31.4196
105.9 52.9196 17.9299 37.0196 31.4611
106 52.9696 17.8885 36.9696 31.5025
106.1 53.0196 17.8471 36.9196 31.5439
106.2 53.0696 17.8057 36.8696 31.5853
106.3 53.1196 17.7643 36.8197 31.6267
106.4 53.1697 17.7229 36.7697 31.6681
106.5 53.2197 17.6816 36.7197 31.7094
106.6 53.2697 17.6403 36.6697 31.7507
106.7 53.3197 17.599 36.6197 31.792
106.8 53.3697 17.5577 36.5697 31.8333
106.9 53.4197 17.5165 36.5198 31.8745
107 53.4698 17.4752 36.4698 31.9158
107.1 53.5198 17.434 36.4198 31.957
107.2 53.5698 17.3928 36.3698 31.9982
107.3 53.6198 17.3517 36.3198 32.0393
107.4 53.6698 17.3105 36.2698 32.0805
107.5 53.7198 17.2694 36.2198 32.1216
107.6 53.7699 17.2283 36.1699 32.1627
107.7 53.8199 17.1873 36.1199 32.2037
107.8 53.8699 17.1462 36.0699 32.2448
107.9 53.9199 17.1052 36.0199 32.2858
108 53.9699 17.0642 35.9699 32.3268
108.1 54.0199 17.0232 35.92 32.3678
108.2 54.07 16.9822 35.87 32.4088
108.3 54.12 16.9413 35.82 32.4497
108.4 54.17 16.9004 35.77 32.4906
108.5 54.22 16.8595 35.72 32.5315
108.6 54.27 16.8186 35.67 32.5724
108.7 54.32 16.7778 35.6201 32.6132
108.8 54.3701 16.737 35.5701 32.654
108.9 54.4201 16.6962 35.5201 32.6948
109 54.4701 16.6554 35.4701 32.7356
109.1 54.5201 16.6147 35.4201 32.7763
109.2 54.5701 16.574 35.3701 32.817
109.3 54.6202 16.5333 35.3202 32.8577
109.4 54.6702 16.4926 35.2702 32.8984
109.5 54.7202 16.452 35.2202 32.939
109.6 54.7702 16.4114 35.1702 32.9796
109.7 54.8202 16.3708 35.1202 33.0202
109.8 54.8702 16.3302 35.0703 33.0608
109.9 54.9203 16.2897 35.0203 33.1013
110 54.9703 16.2491 34.9703 33.1419
110.1 55.0203 16.2087 34.9203 33.1823
110.2 55.0703 16.1682 34.8703 33.2228
110.3 55.1203 16.1278 34.8203 33.2632
110.4 55.1704 16.0873 34.7704 33.3037
110.5 55.2204 16.047 34.7204 33.344
110.6 55.2704 16.0066 34.6704 33.3844
110.7 55.3204 15.9663 34.6204 33.4247
110.8 55.3704 15.926 34.5704 33.465
110.9 55.4205 15.8857 34.5205 33.5053
111 55.4705 15.8454 34.4705 33.5456
111.1 55.5205 15.8052 34.4205 33.5858
111.2 55.5705 15.765 34.3705 33.626
111.3 55.6205 15.7248 34.3205 33.6662
111.4 55.6706 15.6847 34.2706 33.7063
111.5 55.7206 15.6446 34.2206 33.7464
111.6 55.7706 15.6045 34.1706 33.7865
111.7 55.8206 15.5644 34.1206 33.8266
111.8 55.8706 15.5244 34.0706 33.8666
111.9 55.9207 15.4844 34.0207 33.9066
112 55.9707 15.4444 33.9707 33.9466
112.1 56.0207 15.4045 33.9207 33.9865
112.2 56.0707 15.3645 33.8707 34.0265
112.3 56.1207 15.3246 33.8208 34.0664
112.4 56.1708 15.2848 33.7708 34.1062
112.5 56.2208 15.2449 33.7208 34.1461
112.6 56.2708 15.2051 33.6708 34.1859
112.7 56.3208 15.1654 33.6208 34.2256
112.8 56.3708 15.1256 33.5709 34.2654
112.9 56.4209 15.0859 33.5209 34.3051
113 56.4709 15.0462 33.4709 34.3448
113.1 56.5209 15.0065 33.4209 34.3845
113.2 56.5709 14.9669 33.3709 34.4241
113.3 56.621 14.9273 33.321 34.4637
113.4 56.671 14.8877 33.271 34.5033
113.5 56.721 14.8482 33.221 34.5428
113.6 56.771 14.8087 33.171 34.5823
113.7 56.821 14.7692 33.1211 34.6218
113.8 56.8711 14.7297 33.0711 34.6613
113.9 56.9211 14.6903 33.0211 34.7007
114 56.9711 14.6509 32.9711 34.7401
114.1 57.0211 14.6116 32.9211 34.7794
114.2 57.0712 14.5722 32.8712 34.8188
114.3 57.1212 14.5329 32.8212 34.8581
114.4 57.1712 14.4937 32.7712 34.8973
114.5 57.2212 14.4544 32.7212 34.9366
114.6 57.2712 14.4152 32.6713 34.9758
114.7 57.3213 14.3761 32.6213 35.0149
114.8 57.3713 14.3369 32.5713 35.0541
114.9 57.4213 14.2978 32.5213 35.0932
115 57.4713 14.2587 32.4713 35.1323
115.1 57.5214 14.2197 32.4214 35.1713
115.2 57.5714 14.1807 32.3714 35.2103
115.3 57.6214 14.1417 32.3214 35.2493
115.4 57.6714 14.1027 32.2714 35.2883
115.5 57.7215 14.0638 32.2215 35.3272
115.6 57.7715 14.0249 32.1715 35.3661
115.7 57.8215 13.9861 32.1215 35.4049
115.8 57.8715 13.9473 32.0715 35.4437
115.9 57.9215 13.9085 32.0216 35.4825
116 57.9716 13.8697 31.9716 35.5213
116.1 58.0216 13.831 31.9216 35.56
116.2 58.0716 13.7923 31.8716 35.5987
116.3 58.1216 13.7536 31.8217 35.6374
116.4 58.1717 13.715 31.7717 35.676
116.5 58.2217 13.6764 31.7217 35.7146
116.6 58.2717 13.6379 31.6717 35.7531
116.7 58.3217 13.5993 31.6218 35.7917
116.8 58.3718 13.5609 31.5718 35.8301
116.9 58.4218 13.5224 31.5218 35.8686
117 58.4718 13.484 31.4718 35.907
117.1 58.5218 13.4456 31.4219 35.9454
117.2 58.5719 13.4072 31.3719 35.9838
117.3 58.6219 13.3689 31.3219 36.0221
117.4 58.6719 13.3306 31.2719 36.0604
117.5 58.7219 13.2924 31.222 36.0986
117.6 58.772 13.2542 31.172 36.1368
117.7 58.822 13.216 31.122 36.175
117.8 58.872 13.1778 31.072 36.2132
117.9 58.922 13.1397 31.0221 36.2513
118 58.9721 13.1017 30.9721 36.2893
118.1 59.0221 13.0636 30.9221 36.3274
118.2 59.0721 13.0256 30.8721 36.3654
118.3 59.1222 12.9877 30.8222 36.4033
118.4 59.1722 12.9497 30.7722 36.4413
118.5 59.2222 12.9118 30.7222 36.4792
118.6 59.2722 12.874 30.6722 36.517
118.7 59.3223 12.8361 30.6223 36.5549
118.8 59.3723 12.7984 30.5723 36.5926
118.9 59.4223 12.7606 30.5223 36.6304
119 59.4723 12.7229 30.4724 36.6681
119.1 59.5224 12.6852 30.4224 36.7058
119.2 59.5724 12.6476 30.3724 36.7434
119.3 59.6224 12.61 30.3224 36.781
119.4 59.6724 12.5724 30.2725 36.8186
119.5 59.7225 12.5349 30.2225 36.8561
119.6 59.7725 12.4974 30.1725 36.8936
119.7 59.8225 12.4599 30.1225 36.9311
119.8 59.8726 12.4225 30.0726 36.9685
119.9 59.9226 12.3851 30.0226 37.0059
120 59.9726 12.3478 29.9726 37.0433
120.1 60.0226 12.3104 29.9227 37.0806
120.2 60.0727 12.2732 29.8727 37.1178
120.3 60.1227 12.2359 29.8227 37.1551
120.4 60.1727 12.1987 29.7727 37.1923
120.5 60.2227 12.1616 29.7228 37.2294
120.6 60.2728 12.1245 29.6728 37.2665
120.7 60.3228 12.0874 29.6228 37.3036
120.8 60.3728 12.0503 29.5728 37.3407
120.9 60.4229 12.0133 29.5229 37.3777
121 60.4729 11.9764 29.4729 37.4146
121.1 60.5229 11.9395 29.4229 37.4515
121.2 60.5729 11.9026 29.373 37.4884
121.3 60.623 11.8657 29.323 37.5253
121.4 60.673 11.8289 29.273 37.5621
121.5 60.723 11.7921 29.223 37.5989
121.6 60.7731 11.7554 29.1731 37.6356
121.7 60.8231 11.7187 29.1231 37.6723
121.8 60.8731 11.6821 29.0731 37.7089
121.9 60.9231 11.6455 29.0232 37.7455
122 60.9732 11.6089 28.9732 37.7821
122.1 61.0232 11.5723 28.9232 37.8187
122.2 61.0732 11.5359 28.8733 37.8551
122.3 61.1233 11.4994 28.8233 37.8916
122.4 61.1733 11.463 28.7733 37.928
122.5 61.2233 11.4266 28.7233 37.9644
122.6 61.2734 11.3903 28.6734 38.0007
122.7 61.3234 11.354 28.6234 38.037
122.8 61.3734 11.3177 28.5734 38.0733
122.9 61.4234 11.2815 28.5235 38.1095
123 61.4735 11.2454 28.4735 38.1456
123.1 61.5235 11.2092 28.4235 38.1818
123.2 61.5735 11.1732 28.3735 38.2178
123.3 61.6236 11.1371 28.3236 38.2539
123.4 61.6736 11.1011 28.2736 38.2899
123.5 61.7236 11.0651 28.2236 38.3259
123.6 61.7737 11.0292 28.1737 38.3618
123.7 61.8237 10.9933 28.1237 38.3977
123.8 61.8737 10.9575 28.0737 38.4335
123.9 61.9237 10.9217 28.0238 38.4693
124 61.9738 10.886 27.9738 38.505
124.1 62.0238 10.8502 27.9238 38.5408
124.2 62.0738 10.8146 27.8739 38.5764
124.3 62.1239 10.7789 27.8239 38.6121
124.4 62.1739 10.7434 27.7739 38.6476
124.5 62.2239 10.7078 27.7239 38.6832
124.6 62.274 10.6723 27.674 38.7187
124.7 62.324 10.6369 27.624 38.7541
124.8 62.374 10.6014 27.574 38.7896
124.9 62.4241 10.5661 27.5241 38.8249
125 62.4741 10.5307 27.4741 38.8603
125.1 62.5241 10.4955 27.4241 38.8955
125.2 62.5742 10.4602 27.3742 38.9308
125.3 62.6242 10.425 27.3242 38.966
125.4 62.6742 10.3899 27.2742 39.0011
125.5 62.7242 10.3548 27.2243 39.0362
125.6 62.7743 10.3197 27.1743 39.0713
125.7 62.8243 10.2847 27.1243 39.1063
125.8 62.8743 10.2497 27.0744 39.1413
125.9 62.9244 10.2147 27.0244 39.1763
126 62.9744 10.1798 26.9744 39.2112
126.1 63.0244 10.145 26.9245 39.246
126.2 63.0745 10.1102 26.8745 39.2808
126.3 63.1245 10.0754 26.8245 39.3156
126.4 63.1745 10.0407 26.7746 39.3503
126.5 63.2246 10.0061 26.7246 39.3849
126.6 63.2746 9.97143 26.6746 39.4196
126.7 63.3246 9.93685 26.6247 39.4542
126.8 63.3747 9.90231 26.5747 39.4887
126.9 63.4247 9.86782 26.5247 39.5232
127 63.4747 9.83338 26.4748 39.5576
127.1 63.5248 9.79898 26.4248 39.592
127.2 63.5748 9.76462 26.3748 39.6264
127.3 63.6248 9.73031 26.3249 39.6607
127.4 63.6749 9.69605 26.2749 39.695
127.5 63.7249 9.66183 26.2249 39.7292
127.6 63.7749 9.62766 26.175 39.7633
127.7 63.825 9.59353 26.125 39.7975
127.8 63.875 9.55945 26.075 39.8315
127.9 63.925 9.52542 26.0251 39.8656
128 63.9751 9.49143 25.9751 39.8996
128.1 64.0251 9.45749 25.9251 39.9335
128.2 64.0751 9.4236 25.8752 39.9674
128.3 64.1252 9.38975 25.8252 40.0013
128.4 64.1752 9.35594 25.7752 40.0351
128.5 64.2252 9.32219 25.7253 40.0688
128.6 64.2753 9.28848 25.6753 40.1025
128.7 64.3253 9.25482 25.6253 40.1362
128.8 64.3753 9.22121 25.5754 40.1698
128.9 64.4254 9.18764 25.5254 40.2034
129 64.4754 9.15412 25.4754 40.2369
129.1 64.5255 9.12065 25.4255 40.2704
129.2 64.5755 9.08722 25.3755 40.3038
129.3 64.6255 9.05384 25.3255 40.3372
129.4 64.6756 9.02051 25.2756 40.3705
129.5 64.7256 8.98723 25.2256 40.4038
129.6 64.7756 8.954 25.1756 40.437
129.7 64.8257 8.92081 25.1257 40.4702
129.8 64.8757 8.88767 25.0757 40.5033
129.9 64.9257 8.85458 25.0258 40.5364
130 64.9758 8.82154 24.9758 40.5695
130.1 65.0258 8.78854 24.9258 40.6025
130.2 65.0758 8.7556 24.8759 40.6354
130.3 65.1259 8.7227 24.8259 40.6683
130.4 65.1759 8.68985 24.7759 40.7011
130.5 65.2259 8.65706 24.726 40.7339
130.6 65.276 8.62431 24.676 40.7667
130.7 65.326 8.5916 24.626 40.7994
130.8 65.3761 8.55895 24.5761 40.832
130.9 65.4261 8.52635 24.5261 40.8647
131 65.4761 8.49379 24.4761 40.8972
131.1 65.5262 8.46129 24.4262 40.9297
131.2 65.5762 8.42883 24.3762 40.9622
131.3 65.6262 8.39643 24.3263 40.9946
131.4 65.6763 8.36407 24.2763 41.0269
131.5 65.7263 8.33177 24.2263 41.0592
131.6 65.7763 8.29951 24.1764 41.0915
131.7 65.8264 8.2673 24.1264 41.1237
131.8 65.8764 8.23515 24.0764 41.1559
131.9 65.9265 8.20304 24.0265 41.188
132 65.9765 8.17099 23.9765 41.22
132.1 66.0265 8.13898 23.9265 41.252
132.2 66.0766 8.10702 23.8766 41.284
132.3 66.1266 8.07512 23.8266 41.3159
132.4 66.1766 8.04327 23.7767 41.3477
132.5 66.2267 8.01146 23.7267 41.3795
132.6 66.2767 7.97971 23.6767 41.4113
132.7 66.3268 7.94801 23.6268 41.443
132.8 66.3768 7.91636 23.5768 41.4746
132.9 66.4268 7.88476 23.5268 41.5062
133 66.4769 7.85321 23.4769 41.5378
133.1 66.5269 7.82171 23.4269 41.5693
133.2 66.5769 7.79027 23.377 41.6007
133.3 66.627 7.75887 23.327 41.6321
133.4 66.677 7.72753 23.277 41.6635
133.5 66.7271 7.69624 23.2271 41.6948
133.6 66.7771 7.665 23.1771 41.726
133.7 66.8271 7.63381 23.1271 41.7572
133.8 66.8772 7.60268 23.0772 41.7883
133.9 66.9272 7.5716 23.0272 41.8194
134 66.9772 7.54056 22.9773 41.8504
134.1 67.0273 7.50959 22.9273 41.8814
134.2 67.0773 7.47866 22.8773 41.9123
134.3 67.1274 7.44779 22.8274 41.9432
134.4 67.1774 7.41696 22.7774 41.974
134.5 67.2274 7.3862 22.7275 42.0048
134.6 67.2775 7.35548 22.6775 42.0355
134.7 67.3275 7.32482 22.6275 42.0662
134.8 67.3776 7.29421 22.5776 42.0968
134.9 67.4276 7.26365 22.5276 42.1274
135 67.4776 7.23314 22.4777 42.1579
135.1 67.5277 7.20269 22.4277 42.1883
135.2 67.5777 7.1723 22.3777 42.2187
135.3 67.6278 7.14195 22.3278 42.249
135.4 67.6778 7.11166 22.2778 42.2793
135.5 67.7278 7.08142 22.2278 42.3096
135.6 67.7779 7.05124 22.1779 42.3398
135.7 67.8279 7.02111 22.1279 42.3699
135.8 67.8779 6.99103 22.078 42.4
135.9 67.928 6.96101 22.028 42.43
136 67.978 6.93104 21.978 42.46
136.1 68.0281 6.90113 21.9281 42.4899
136.2 68.0781 6.87127 21.8781 42.5197
136.3 68.1281 6.84146 21.8282 42.5495
136.4 68.1782 6.81171 21.7782 42.5793
136.5 68.2282 6.78202 21.7282 42.609
136.6 68.2783 6.75238 21.6783 42.6386
136.7 68.3283 6.72279 21.6283 42.6682
136.8 68.3783 6.69326 21.5784 42.6977
136.9 68.4284 6.66378 21.5284 42.7272
137 68.4784 6.63435 21.4784 42.7566
137.1 68.5285 6.60499 21.4285 42.786
137.2 68.5785 6.57567 21.3785 42.8153
137.3 68.6285 6.54642 21.3286 42.8446
137.4 68.6786 6.51721 21.2786 42.8738
137.5 68.7286 6.48807 21.2286 42.9029
137.6 68.7787 6.45898 21.1787 42.932
137.7 68.8287 6.42994 21.1287 42.9611
137.8 68.8788 6.40096 21.0788 42.99
137.9 68.9288 6.37204 21.0288 43.019
138 68.9788 6.34317 20.9789 43.0478
138.1 69.0289 6.31435 20.9289 43.0766
138.2 69.0789 6.2856 20.8789 43.1054
138.3 69.129 6.2569 20.829 43.1341
138.4 69.179 6.22825 20.779 43.1627
138.5 69.229 6.19966 20.7291 43.1913
138.6 69.2791 6.17113 20.6791 43.2199
138.7 69.3291 6.14266 20.6291 43.2483
138.8 69.3792 6.11424 20.5792 43.2768
138.9 69.4292 6.08588 20.5292 43.3051
139 69.4792 6.05757 20.4793 43.3334
139.1 69.5293 6.02932 20.4293 43.3617
139.2 69.5793 6.00113 20.3793 43.3899
139.3 69.6294 5.97299 20.3294 43.418
139.4 69.6794 5.94492 20.2794 43.4461
139.5 69.7295 5.91689 20.2295 43.4741
139.6 69.7795 5.88893 20.1795 43.5021
139.7 69.8295 5.86102 20.1296 43.53
139.8 69.8796 5.83318 20.0796 43.5578
139.9 69.9296 5.80538 20.0296 43.5856
140 69.9797 5.77765 19.9797 43.6134
140.1 70.0297 5.74997 19.9297 43.641
140.2 70.0798 5.72235 19.8798 43.6686
140.3 70.1298 5.69479 19.8298 43.6962
140.4 70.1798 5.66729 19.7799 43.7237
140.5 70.2299 5.63985 19.7299 43.7512
140.6 70.2799 5.61246 19.6799 43.7785
140.7 70.33 5.58513 19.63 43.8059
140.8 70.38 5.55786 19.58 43.8331
140.9 70.43 5.53065 19.5301 43.8604
141 70.4801 5.50349 19.4801 43.8875
141.1 70.5301 5.4764 19.4302 43.9146
141.2 70.5802 5.44936 19.3802 43.9416
141.3 70.6302 5.42238 19.3302 43.9686
141.4 70.6803 5.39546 19.2803 43.9955
141.5 70.7303 5.3686 19.2303 44.0224
141.6 70.7804 5.3418 19.1804 44.0492
141.7 70.8304 5.31506 19.1304 44.0759
141.8 70.8804 5.28837 19.0805 44.1026
141.9 70.9305 5.26175 19.0305 44.1293
142 70.9805 5.23518 18.9805 44.1558
142.1 71.0306 5.20867 18.9306 44.1823
142.2 71.0806 5.18223 18.8806 44.2088
142.3 71.1307 5.15584 18.8307 44.2352
142.4 71.1807 5.12951 18.7807 44.2615
142.5 71.2307 5.10324 18.7308 44.2878
142.6 71.2808 5.07703 18.6808 44.314
142.7 71.3308 5.05088 18.6308 44.3401
142.8 71.3809 5.0248 18.5809 44.3662
142.9 71.4309 4.99877 18.5309 44.3922
143 71.481 4.9728 18.481 44.4182
143.1 71.531 4.94689 18.431 44.4441
143.2 71.5811 4.92104 18.3811 44.47
143.3 71.6311 4.89525 18.3311 44.4958
143.4 71.6811 4.86952 18.2812 44.5215
143.5 71.7312 4.84385 18.2312 44.5471
143.6 71.7812 4.81825 18.1812 44.5728
143.7 71.8313 4.7927 18.1313 44.5983
143.8 71.8813 4.76721 18.0813 44.6238
143.9 71.9314 4.74179 18.0314 44.6492
144 71.9814 4.71642 17.9814 44.6746
144.1 72.0315 4.69112 17.9315 44.6999
144.2 72.0815 4.66587 17.8815 44.7251
144.3 72.1315 4.64069 17.8316 44.7503
144.4 72.1816 4.61557 17.7816 44.7754
144.5 72.2316 4.59051 17.7316 44.8005
144.6 72.2817 4.56551 17.6817 44.8255
144.7 72.3317 4.54057 17.6317 44.8504
144.8 72.3818 4.5157 17.5818 44.8753
144.9 72.4318 4.49088 17.5318 44.9001
145 72.4819 4.46613 17.4819 44.9249
145.1 72.5319 4.44144 17.4319 44.9496
145.2 72.5819 4.41681 17.382 44.9742
145.3 72.632 4.39224 17.332 44.9988
145.4 72.682 4.36774 17.2821 45.0233
145.5 72.7321 4.34329 17.2321 45.0477
145.6 72.7821 4.31891 17.1821 45.0721
145.7 72.8322 4.29459 17.1322 45.0964
145.8 72.8822 4.27033 17.0822 45.1207
145.9 72.9323 4.24614 17.0323 45.1449
146 72.9823 4.222 16.9823 45.169
146.1 73.0324 4.19793 16.9324 45.1931
146.2 73.0824 4.17392 16.8824 45.2171
146.3 73.1324 4.14998 16.8325 45.241
146.4 73.1825 4.12609 16.7825 45.2649
146.5 73.2325 4.10227 16.7326 45.2887
146.6 73.2826 4.07851 16.6826 45.3125
146.7 73.3326 4.05482 16.6326 45.3362
146.8 73.3827 4.03119 16.5827 45.3598
146.9 73.4327 4.00762 16.5327 45.3834
147 73.4828 3.98411 16.4828 45.4069
147.1 73.5328 3.96067 16.4328 45.4303
147.2 73.5829 3.93729 16.3829 45.4537
147.3 73.6329 3.91397 16.3329 45.477
147.4 73.683 3.89072 16.283 45.5003
147.5 73.733 3.86753 16.233 45.5235
147.6 73.783 3.8444 16.1831 45.5466
147.7 73.8331 3.82134 16.1331 45.5697
147.8 73.8831 3.79834 16.0832 45.5927
147.9 73.9332 3.7754 16.0332 45.6156
148 73.9832 3.75253 15.9833 45.6385
148.1 74.0333 3.72972 15.9333 45.6613
148.2 74.0833 3.70698 15.8833 45.684
148.3 74.1334 3.68429 15.8334 45.7067
148.4 74.1834 3.66168 15.7834 45.7293
148.5 74.2335 3.63912 15.7335 45.7519
148.6 74.2835 3.61664 15.6835 45.7744
148.7 74.3336 3.59421 15.6336 45.7968
148.8 74.3836 3.57185 15.5836 45.8191
148.9 74.4337 3.54956 15.5337 45.8414
149 74.4837 3.52732 15.4837 45.8637
149.1 74.5338 3.50516 15.4338 45.8858
149.2 74.5838 3.48306 15.3838 45.9079
149.3 74.6338 3.46102 15.3339 45.93
149.4 74.6839 3.43905 15.2839 45.952
149.5 74.7339 3.41714 15.234 45.9739
149.6 74.784 3.39529 15.184 45.9957
149.7 74.834 3.37352 15.1341 46.0175
149.8 74.8841 3.3518 15.0841 46.0392
149.9 74.9341 3.33015 15.0341 46.0608
150 74.9842 3.30857 14.9842 46.0824
150.1 75.0342 3.28705 14.9342 46.1039
150.2 75.0843 3.2656 14.8843 46.1254
150.3 75.1343 3.24421 14.8343 46.1468
150.4 75.1844 3.22289 14.7844 46.1681
150.5 75.2344 3.20163 14.7344 46.1894
150.6 75.2845 3.18044 14.6845 46.2106
150.7 75.3345 3.15931 14.6345 46.2317
150.8 75.3846 3.13825 14.5846 46.2527
150.9 75.4346 3.11726 14.5346 46.2737
151 75.4847 3.09633 14.4847 46.2947
151.1 75.5347 3.07547 14.4347 46.3155
151.2 75.5848 3.05467 14.3848 46.3363
151.3 75.6348 3.03394 14.3348 46.3571
151.4 75.6849 3.01327 14.2849 46.3777
151.5 75.7349 2.99267 14.2349 46.3983
151.6 75.785 2.97214 14.185 46.4189
151.7 75.835 2.95167 14.135 46.4393
151.8 75.8851 2.93127 14.0851 46.4597
151.9 75.9351 2.91094 14.0351 46.4801
152 75.9851 2.89067 13.9852 46.5003
152.1 76.0352 2.87047 13.9352 46.5205
152.2 76.0852 2.85033 13.8853 46.5407
152.3 76.1353 2.83026 13.8353 46.5607
152.4 76.1853 2.81026 13.7854 46.5807
152.5 76.2354 2.79032 13.7354 46.6007
152.6 76.2854 2.77046 13.6855 46.6205
152.7 76.3355 2.75065 13.6355 46.6403
152.8 76.3855 2.73092 13.5856 46.6601
152.9 76.4356 2.71125 13.5356 46.6798
153 76.4856 2.69165 13.4857 46.6994
153.1 76.5357 2.67211 13.4357 46.7189
153.2 76.5857 2.65265 13.3858 46.7384
153.3 76.6358 2.63325 13.3358 46.7578
153.4 76.6858 2.61391 13.2858 46.7771
153.5 76.7359 2.59465 13.2359 46.7964
153.6 76.7859 2.57545 13.1859 46.8155
153.7 76.836 2.55632 13.136 46.8347
153.8 76.886 2.53726 13.086 46.8537
153.9 76.9361 2.51826 13.0361 46.8727
154 76.9861 2.49933 12.9861 46.8917
154.1 77.0362 2.48047 12.9362 46.9105
154.2 77.0862 2.46168 12.8862 46.9293
154.3 77.1363 2.44295 12.8363 46.948
154.4 77.1863 2.42429 12.7863 46.9667
154.5 77.2364 2.40571 12.7364 46.9853
154.6 77.2864 2.38718 12.6864 47.0038
154.7 77.3365 2.36873 12.6365 47.0223
154.8 77.3865 2.35034 12.5865 47.0407
154.9 77.4366 2.33203 12.5366 47.059
155 77.4866 2.31378 12.4866 47.0772
155.1 77.5367 2.29559 12.4367 47.0954
155.2 77.5867 2.27748 12.3867 47.1135
155.3 77.6368 2.25944 12.3368 47.1316
155.4 77.6868 2.24146 12.2868 47.1495
155.5 77.7369 2.22355 12.2369 47.1674
155.6 77.7869 2.20571 12.1869 47.1853
155.7 77.837 2.18794 12.137 47.2031
155.8 77.887 2.17024 12.087 47.2208
155.9 77.9371 2.1526 12.0371 47.2384
156 77.9871 2.13504 11.9871 47.256
156.1 78.0372 2.11754 11.9372 47.2735
156.2 78.0872 2.10011 11.8872 47.2909
156.3 78.1373 2.08275 11.8373 47.3082
156.4 78.1873 2.06546 11.7873 47.3255
156.5 78.2374 2.04824 11.7374 47.3428
156.6 78.2874 2.03109 11.6874 47.3599
156.7 78.3375 2.01401 11.6375 47.377
156.8 78.3875 1.99699 11.5875 47.394
156.9 78.4376 1.98005 11.5376 47.411
157 78.4876 1.96317 11.4877 47.4278
157.1 78.5377 1.94637 11.4377 47.4446
157.2 78.5877 1.92963 11.3878 47.4614
157.3 78.6378 1.91296 11.3378 47.478
157.4 78.6878 1.89636 11.2879 47.4946
157.5 78.7379 1.87983 11.2379 47.5112
157.6 78.7879 1.86337 11.188 47.5276
157.7 78.838 1.84698 11.138 47.544
157.8 78.888 1.83066 11.0881 47.5603
157.9 78.9381 1.81441 11.0381 47.5766
158 78.9881 1.79823 10.9882 47.5928
158.1 79.0382 1.78212 10.9382 47.6089
158.2 79.0883 1.76608 10.8883 47.6249
158.3 79.1383 1.75011 10.8383 47.6409
158.4 79.1884 1.7342 10.7884 47.6568
158.5 79.2384 1.71837 10.7384 47.6726
158.6 79.2885 1.70261 10.6885 47.6884
158.7 79.3385 1.68692 10.6385 47.7041
158.8 79.3886 1.6713 10.5886 47.7197
158.9 79.4386 1.65575 10.5386 47.7353
159 79.4887 1.64026 10.4887 47.7507
159.1 79.5387 1.62485 10.4387 47.7661
159.2 79.5888 1.60951 10.3888 47.7815
159.3 79.6388 1.59424 10.3388 47.7968
159.4 79.6889 1.57904 10.2889 47.812
159.5 79.7389 1.56391 10.2389 47.8271
159.6 79.789 1.54885 10.189 47.8421
159.7 79.839 1.53386 10.139 47.8571
159.8 79.8891 1.51895 10.0891 47.8721
159.9 79.9391 1.5041 10.0391 47.8869
160 79.9892 1.48932 9.98919 47.9017
160.1 80.0392 1.47461 9.93924 47.9164
160.2 80.0893 1.45998 9.88929 47.931
160.3 80.1393 1.44541 9.83935 47.9456
160.4 80.1894 1.43092 9.7894 47.9601
160.5 80.2394 1.4165 9.73945 47.9745
160.6 80.2895 1.40214 9.6895 47.9889
160.7 80.3395 1.38786 9.63955 48.0031
160.8 80.3896 1.37365 9.58961 48.0173
160.9 80.4396 1.35951 9.53966 48.0315
161 80.4897 1.34545 9.48971 48.0456
161.1 80.5398 1.33145 9.43976 48.0596
161.2 80.5898 1.31752 9.38982 48.0735
161.3 80.6399 1.30367 9.33987 48.0873
161.4 80.6899 1.28989 9.28992 48.1011
161.5 80.74 1.27617 9.23997 48.1148
161.6 80.79 1.26253 9.19002 48.1285
161.7 80.8401 1.24896 9.14008 48.142
161.8 80.8901 1.23547 9.09013 48.1555
161.9 80.9402 1.22204 9.04018 48.169
162 80.9902 1.20868 8.99023 48.1823
162.1 81.0403 1.1954 8.94029 48.1956
162.2 81.0903 1.18219 8.89034 48.2088
162.3 81.1404 1.16905 8.84039 48.222
162.4 81.1904 1.15598 8.79044 48.235
162.5 81.2405 1.14298 8.7405 48.248
162.6 81.2905 1.13006 8.69055 48.2609
162.7 81.3406 1.1172 8.6406 48.2738
162.8 81.3906 1.10442 8.59065 48.2866
162.9 81.4407 1.09171 8.54071 48.2993
163 81.4908 1.07908 8.49076 48.3119
163.1 81.5408 1.06651 8.44081 48.3245
163.2 81.5909 1.05402 8.39087 48.337
163.3 81.6409 1.04159 8.34092 48.3494
163.4 81.691 1.02924 8.29097 48.3618
163.5 81.741 1.01697 8.24102 48.374
163.6 81.7911 1.00476 8.19108 48.3862
163.7 81.8411 0.992628 8.14113 48.3984
163.8 81.8912 0.980567 8.09118 48.4104
163.9 81.9412 0.968578 8.04124 48.4224
164 81.9913 0.956662 7.99129 48.4343
164.1 82.0413 0.944817 7.94134 48.4462
164.2 82.0914 0.933046 7.8914 48.458
164.3 82.1414 0.921346 7.84145 48.4697
164.4 82.1915 0.909719 7.7915 48.4813
164.5 82.2415 0.898164 7.74155 48.4928
164.6 82.2916 0.886682 7.69161 48.5043
164.7 82.3417 0.875272 7.64166 48.5157
164.8 82.3917 0.863935 7.59171 48.5271
164.9 82.4418 0.852671 7.54177 48.5383
165 82.4918 0.841479 7.49182 48.5495
165.1 82.5419 0.83036 7.44187 48.5606
165.2 82.5919 0.819313 7.39193 48.5717
165.3 82.642 0.808339 7.34198 48.5827
165.4 82.692 0.797438 7.29203 48.5936
165.5 82.7421 0.78661 7.24209 48.6044
165.6 82.7921 0.775855 7.19214 48.6151
165.7 82.8422 0.765172 7.14219 48.6258
165.8 82.8922 0.754562 7.09225 48.6364
165.9 82.9423 0.744026 7.0423 48.647
166 82.9923 0.733562 6.99235 48.6574
166.1 83.0424 0.723171 6.94241 48.6678
166.2 83.0925 0.712853 6.89246 48.6781
166.3 83.1425 0.702609 6.84252 48.6884
166.4 83.1926 0.692437 6.79257 48.6986
166.5 83.2426 0.682339 6.74262 48.7087
166.6 83.2927 0.672313 6.69268 48.7187
166.7 83.3427 0.662361 6.64273 48.7286
166.8 83.3928 0.652482 6.59278 48.7385
166.9 83.4428 0.642677 6.54284 48.7483
167 83.4929 0.632944 6.49289 48.7581
167.1 83.5429 0.623285 6.44294 48.7677
167.2 83.593 0.613699 6.393 48.7773
167.3 83.643 0.604187 6.34305 48.7868
167.4 83.6931 0.594748 6.29311 48.7963
167.5 83.7432 0.585382 6.24316 48.8056
167.6 83.7932 0.57609 6.19321 48.8149
167.7 83.8433 0.566871 6.14327 48.8241
167.8 83.8933 0.557726 6.09332 48.8333
167.9 83.9434 0.548654 6.04338 48.8423
168 83.9934 0.539656 5.99343 48.8513
168.1 84.0435 0.530731 5.94348 48.8603
168.2 84.0935 0.52188 5.89354 48.8691
168.3 84.1436 0.513103 5.84359 48.8779
168.4 84.1936 0.504399 5.79365 48.8866
168.5 84.2437 0.495769 5.7437 48.8952
168.6 84.2937 0.487213 5.69375 48.9038
168.7 84.3438 0.478731 5.64381 48.9123
168.8 84.3939 0.470322 5.59386 48.9207
168.9 84.4439 0.461987 5.54392 48.929
169 84.494 0.453726 5.49397 48.9373
169.1 84.544 0.445539 5.44402 48.9455
169.2 84.5941 0.437425 5.39408 48.9536
169.3 84.6441 0.429386 5.34413 48.9616
169.4 84.6942 0.42142 5.29419 48.9696
169.5 84.7442 0.413528 5.24424 48.9775
169.6 84.7943 0.405711 5.1943 48.9853
169.7 84.8443 0.397967 5.14435 48.993
169.8 84.8944 0.390297 5.0944 49.0007
169.9 84.9445 0.382702 5.04446 49.0083
170 84.9945 0.37518 4.99451 49.0158
170.1 85.0446 0.367733 4.94457 49.0233
170.2 85.0946 0.360359 4.89462 49.0306
170.3 85.1447 0.35306 4.84468 49.0379
170.4 85.1947 0.345835 4.79473 49.0452
170.5 85.2448 0.338684 4.74478 49.0523
170.6 85.2948 0.331607 4.69484 49.0594
170.7 85.3449 0.324605 4.64489 49.0664
170.8 85.3949 0.317676 4.59495 49.0733
170.9 85.445 0.310822 4.545 49.0802
171 85.4951 0.304043 4.49506 49.087
171.1 85.5451 0.297337 4.44511 49.0937
171.2 85.5952 0.290706 4.39517 49.1003
171.3 85.6452 0.284149 4.34522 49.1069
171.4 85.6953 0.277667 4.29527 49.1133
171.5 85.7453 0.271259 4.24533 49.1197
171.6 85.7954 0.264925 4.19538 49.1261
171.7 85.8454 0.258666 4.14544 49.1323
171.8 85.8955 0.252481 4.09549 49.1385
171.9 85.9455 0.246371 4.04555 49.1446
172 85.9956 0.240335 3.9956 49.1507
172.1 86.0457 0.234374 3.94566 49.1566
172.2 86.0957 0.228487 3.89571 49.1625
172.3 86.1458 0.222674 3.84577 49.1683
172.4 86.1958 0.216937 3.79582 49.1741
172.5 86.2459 0.211273 3.74588 49.1797
172.6 86.2959 0.205685 3.69593 49.1853
172.7 86.346 0.200171 3.64598 49.1908
172.8 86.396 0.194731 3.59604 49.1963
172.9 86.4461 0.189367 3.54609 49.2016
173 86.4961 0.184077 3.49615 49.2069
173.1 86.5462 0.178861 3.4462 49.2121
173.2 86.5963 0.17372 3.39626 49.2173
173.3 86.6463 0.168654 3.34631 49.2223
173.4 86.6964 0.163663 3.29637 49.2273
173.5 86.7464 0.158746 3.24642 49.2323
173.6 86.7965 0.153904 3.19648 49.2371
173.7 86.8465 0.149137 3.14653 49.2419
173.8 86.8966 0.144445 3.09659 49.2466
173.9 86.9466 0.139827 3.04664 49.2512
174 86.9967 0.135285 2.9967 49.2557
174.1 87.0467 0.130817 2.94675 49.2602
174.2 87.0968 0.126423 2.89681 49.2646
174.3 87.1469 0.122105 2.84686 49.2689
174.4 87.1969 0.117862 2.79692 49.2731
174.5 87.247 0.113693 2.74697 49.2773
174.6 87.297 0.1096 2.69703 49.2814
174.7 87.3471 0.105581 2.64708 49.2854
174.8 87.3971 0.101637 2.59714 49.2894
174.9 87.4472 0.0977679 2.54719 49.2932
175 87.4972 0.0939738 2.49725 49.297
175.1 87.5473 0.0902547 2.4473 49.3007
175.2 87.5974 0.0866106 2.39736 49.3044
175.3 87.6474 0.0830414 2.34741 49.308
175.4 87.6975 0.0795472 2.29747 49.3115
175.5 87.7475 0.076128 2.24752 49.3149
175.6 87.7976 0.0727838 2.19758 49.3182
175.7 87.8476 0.0695145 2.14763 49.3215
175.8 87.8977 0.0663203 2.09769 49.3247
175.9 87.9477 0.0632011 2.04774 49.3278
176 87.9978 0.060157 1.9978 49.3308
176.1 88.0478 0.0571879 1.94785 49.3338
176.2 88.0979 0.0542938 1.89791 49.3367
176.3 88.148 0.0514748 1.84796 49.3395
176.4 88.198 0.0487309 1.79802 49.3423
176.5 88.2481 0.0460621 1.74807 49.3449
176.6 88.2981 0.0434683 1.69813 49.3475
176.7 88.3482 0.0409497 1.64818 49.3501
176.8 88.3982 0.0385061 1.59824 49.3525
176.9 88.4483 0.0361377 1.54829 49.3549
177 88.4983 0.0338443 1.49835 49.3572
177.1 88.5484 0.0316261 1.4484 49.3594
177.2 88.5985 0.029483 1.39846 49.3615
177.3 88.6485 0.0274151 1.34851 49.3636
177.4 88.6986 0.0254223 1.29857 49.3656
177.5 88.7486 0.0235046 1.24862 49.3675
177.6 88.7987 0.0216621 1.19868 49.3693
177.7 88.8487 0.0198948 1.14873 49.3711
177.8 88.8988 0.0182026 1.09879 49.3728
177.9 88.9488 0.0165857 1.04884 49.3744
178 88.9989 0.0150438 0.998897 49.376
178.1 89.049 0.0135772 0.948952 49.3774
178.2 89.099 0.0121857 0.899007 49.3788
178.3 89.1491 0.0108695 0.849062 49.3801
178.4 89.1991 0.0096284 0.799118 49.3814
178.5 89.2492 0.00846253 0.749173 49.3825
178.6 89.2992 0.00737186 0.699228 49.3836
178.7 89.3493 0.00635639 0.649283 49.3846
178.8 89.3993 0.00541613 0.599338 49.3856
178.9 89.4494 0.00455108 0.549393 49.3864
179 89.4994 0.00376124 0.499448 49.3872
179.1 89.5495 0.00304662 0.449504 49.388
179.2 89.5996 0.00240722 0.399559 49.3886
179.3 89.6496 0.00184303 0.349614 49.3892
179.4 89.6997 0.00135407 0.299669 49.3896
179.5 89.7497 0.000940329 0.249724 49.3901
179.6 89.7998 0.000601812 0.199779 49.3904
179.7 89.8498 0.00033852 0.149835 49.3907
179.8 89.8999 0.000150453 0.0998897 49.3908
179.9 89.9499 3.76134e-05 0.0499448 49.391
