#kinematics calculation of gsgs
#vertex z = 200 mm, E_reaction = 58.618 MeV
#theta_cm, theta3_lab, Ek3_lab, theta4_lab, Ek4_lab
0 0 58.618 180 1.81899e-12
0.1 0.0499346 58.618 89.9499 4.46402e-05
0.2 0.0998691 58.6178 89.8999 0.00017856
0.3 0.149804 58.6176 89.8498 0.000401761
0.4 0.199738 58.6173 89.7997 0.00071424
0.5 0.249673 58.6169 89.7497 0.001116
0.6 0.299607 58.6164 89.6996 0.00160703
0.7 0.349542 58.6158 89.6495 0.00218734
0.8 0.399476 58.6151 89.5995 0.00285692
0.9 0.449411 58.6144 89.5494 0.00361578
1 0.499346 58.6135 89.4993 0.0044639
1.1 0.54928 58.6126 89.4493 0.00540129
1.2 0.599215 58.6116 89.3992 0.00642795
1.3 0.649149 58.6105 89.3491 0.00754386
1.4 0.699084 58.6093 89.2991 0.00874904
1.5 0.749019 58.608 89.249 0.0100435
1.6 0.798953 58.6066 89.199 0.0114271
1.7 0.848888 58.6051 89.1489 0.0129001
1.8 0.898822 58.6035 89.0988 0.0144622
1.9 0.948757 58.6019 89.0488 0.0161136
2 0.998691 58.6001 88.9987 0.0178543
2.1 1.04863 58.5983 88.9486 0.0196841
2.2 1.09856 58.5964 88.8986 0.0216032
2.3 1.1485 58.5944 88.8485 0.0236115
2.4 1.19843 58.5923 88.7984 0.025709
2.5 1.24836 58.5901 88.7484 0.0278957
2.6 1.2983 58.5878 88.6983 0.0301716
2.7 1.34823 58.5855 88.6482 0.0325367
2.8 1.39817 58.583 88.5982 0.0349909
2.9 1.4481 58.5805 88.5481 0.0375344
3 1.49804 58.5778 88.498 0.040167
3.1 1.54797 58.5751 88.448 0.0428887
3.2 1.59791 58.5723 88.3979 0.0456996
3.3 1.64784 58.5694 88.3478 0.0485997
3.4 1.69778 58.5664 88.2978 0.0515889
3.5 1.74771 58.5633 88.2477 0.0546672
3.6 1.79765 58.5602 88.1976 0.0578346
3.7 1.84758 58.5569 88.1476 0.0610911
3.8 1.89752 58.5536 88.0975 0.0644368
3.9 1.94745 58.5501 88.0474 0.0678715
4 1.99738 58.5466 87.9974 0.0713953
4.1 2.04732 58.543 87.9473 0.0750081
4.2 2.09725 58.5393 87.8973 0.07871
4.3 2.14719 58.5355 87.8472 0.0825009
4.4 2.19712 58.5316 87.7971 0.0863809
4.5 2.24706 58.5277 87.7471 0.0903499
4.6 2.29699 58.5236 87.697 0.0944079
4.7 2.34693 58.5194 87.6469 0.0985548
4.8 2.39686 58.5152 87.5969 0.102791
4.9 2.4468 58.5109 87.5468 0.107116
5 2.49673 58.5065 87.4967 0.11153
5.1 2.54667 58.502 87.4467 0.116032
5.2 2.5966 58.4974 87.3966 0.120624
5.3 2.64654 58.4927 87.3465 0.125305
5.4 2.69647 58.4879 87.2965 0.130074
5.5 2.74641 58.4831 87.2464 0.134933
5.6 2.79634 58.4781 87.1963 0.13988
5.7 2.84628 58.4731 87.1463 0.144916
5.8 2.89621 58.468 87.0962 0.150041
5.9 2.94615 58.4627 87.0461 0.155255
6 2.99608 58.4574 86.9961 0.160558
6.1 3.04602 58.4521 86.946 0.165949
6.2 3.09595 58.4466 86.8959 0.171429
6.3 3.14589 58.441 86.8459 0.176998
6.4 3.19582 58.4353 86.7958 0.182656
6.5 3.24576 58.4296 86.7457 0.188402
6.6 3.29569 58.4238 86.6957 0.194238
6.7 3.34563 58.4178 86.6456 0.200161
6.8 3.39556 58.4118 86.5956 0.206174
6.9 3.4455 58.4057 86.5455 0.212275
7 3.49543 58.3995 86.4954 0.218465
7.1 3.54537 58.3933 86.4454 0.224743
7.2 3.5953 58.3869 86.3953 0.23111
7.3 3.64524 58.3804 86.3452 0.237566
7.4 3.69517 58.3739 86.2952 0.24411
7.5 3.74511 58.3673 86.2451 0.250743
7.6 3.79504 58.3605 86.195 0.257464
7.7 3.84498 58.3537 86.145 0.264273
7.8 3.89491 58.3468 86.0949 0.271172
7.9 3.94485 58.3398 86.0448 0.278158
8 3.99478 58.3328 85.9948 0.285233
8.1 4.04472 58.3256 85.9447 0.292397
8.2 4.09465 58.3184 85.8946 0.299648
8.3 4.14459 58.311 85.8446 0.306989
8.4 4.19452 58.3036 85.7945 0.314417
8.5 4.24446 58.2961 85.7445 0.321934
8.6 4.29439 58.2885 85.6944 0.329539
8.7 4.34433 58.2808 85.6443 0.337233
8.8 4.39426 58.273 85.5943 0.345014
8.9 4.4442 58.2651 85.5442 0.352884
9 4.49413 58.2572 85.4941 0.360842
9.1 4.54407 58.2491 85.4441 0.368889
9.2 4.59401 58.241 85.394 0.377023
9.3 4.64394 58.2328 85.3439 0.385246
9.4 4.69388 58.2244 85.2939 0.393557
9.5 4.74381 58.216 85.2438 0.401955
9.6 4.79375 58.2076 85.1937 0.410442
9.7 4.84368 58.199 85.1437 0.419017
9.8 4.89362 58.1903 85.0936 0.42768
9.9 4.94355 58.1816 85.0435 0.436431
10 4.99349 58.1727 84.9935 0.44527
10.1 5.04342 58.1638 84.9434 0.454196
10.2 5.09336 58.1548 84.8934 0.463211
10.3 5.1433 58.1457 84.8433 0.472313
10.4 5.19323 58.1365 84.7932 0.481504
10.5 5.24317 58.1272 84.7432 0.490782
10.6 5.2931 58.1179 84.6931 0.500148
10.7 5.34304 58.1084 84.643 0.509602
10.8 5.39297 58.0989 84.593 0.519143
10.9 5.44291 58.0892 84.5429 0.528772
11 5.49285 58.0795 84.4928 0.538489
11.1 5.54278 58.0697 84.4428 0.548293
11.2 5.59272 58.0598 84.3927 0.558185
11.3 5.64265 58.0498 84.3426 0.568165
11.4 5.69259 58.0398 84.2926 0.578232
11.5 5.74252 58.0296 84.2425 0.588387
11.6 5.79246 58.0194 84.1925 0.598629
11.7 5.8424 58.009 84.1424 0.608959
11.8 5.89233 57.9986 84.0923 0.619376
11.9 5.94227 57.9881 84.0423 0.62988
12 5.9922 57.9775 83.9922 0.640472
12.1 6.04214 57.9668 83.9421 0.651151
12.2 6.09208 57.9561 83.8921 0.661918
12.3 6.14201 57.9452 83.842 0.672771
12.4 6.19195 57.9343 83.7919 0.683712
12.5 6.24188 57.9233 83.7419 0.69474
12.6 6.29182 57.9121 83.6918 0.705856
12.7 6.34176 57.9009 83.6417 0.717058
12.8 6.39169 57.8897 83.5917 0.728348
12.9 6.44163 57.8783 83.5416 0.739724
13 6.49157 57.8668 83.4916 0.751188
13.1 6.5415 57.8553 83.4415 0.762738
13.2 6.59144 57.8436 83.3914 0.774376
13.3 6.64137 57.8319 83.3414 0.7861
13.4 6.69131 57.8201 83.2913 0.797912
13.5 6.74125 57.8082 83.2412 0.80981
13.6 6.79118 57.7962 83.1912 0.821795
13.7 6.84112 57.7841 83.1411 0.833867
13.8 6.89106 57.772 83.091 0.846025
13.9 6.94099 57.7597 83.041 0.858271
14 6.99093 57.7474 82.9909 0.870603
14.1 7.04087 57.735 82.9409 0.883021
14.2 7.0908 57.7225 82.8908 0.895526
14.3 7.14074 57.7099 82.8407 0.908118
14.4 7.19068 57.6972 82.7907 0.920796
14.5 7.24061 57.6844 82.7406 0.933561
14.6 7.29055 57.6716 82.6905 0.946412
14.7 7.34049 57.6587 82.6405 0.959349
14.8 7.39042 57.6456 82.5904 0.972373
14.9 7.44036 57.6325 82.5403 0.985483
15 7.4903 57.6193 82.4903 0.99868
15.1 7.54023 57.606 82.4402 1.01196
15.2 7.59017 57.5927 82.3902 1.02533
15.3 7.64011 57.5792 82.3401 1.03879
15.4 7.69004 57.5657 82.29 1.05233
15.5 7.73998 57.552 82.24 1.06596
15.6 7.78992 57.5383 82.1899 1.07967
15.7 7.83985 57.5245 82.1398 1.09347
15.8 7.88979 57.5106 82.0898 1.10735
15.9 7.93973 57.4967 82.0397 1.12132
16 7.98966 57.4826 81.9897 1.13538
16.1 8.0396 57.4685 81.9396 1.14952
16.2 8.08954 57.4542 81.8895 1.16375
16.3 8.13948 57.4399 81.8395 1.17807
16.4 8.18941 57.4255 81.7894 1.19247
16.5 8.23935 57.411 81.7393 1.20695
16.6 8.28929 57.3965 81.6893 1.22152
16.7 8.33923 57.3818 81.6392 1.23618
16.8 8.38916 57.3671 81.5891 1.25092
16.9 8.4391 57.3522 81.5391 1.26575
17 8.48904 57.3373 81.489 1.28066
17.1 8.53897 57.3223 81.439 1.29566
17.2 8.58891 57.3073 81.3889 1.31075
17.3 8.63885 57.2921 81.3388 1.32592
17.4 8.68879 57.2768 81.2888 1.34117
17.5 8.73872 57.2615 81.2387 1.35651
17.6 8.78866 57.2461 81.1886 1.37193
17.7 8.8386 57.2306 81.1386 1.38744
17.8 8.88854 57.215 81.0885 1.40304
17.9 8.93848 57.1993 81.0385 1.41872
18 8.98841 57.1835 80.9884 1.43448
18.1 9.03835 57.1677 80.9383 1.45033
18.2 9.08829 57.1517 80.8883 1.46627
18.3 9.13823 57.1357 80.8382 1.48229
18.4 9.18816 57.1196 80.7881 1.49839
18.5 9.2381 57.1034 80.7381 1.51458
18.6 9.28804 57.0871 80.688 1.53086
18.7 9.33798 57.0708 80.638 1.54721
18.8 9.38792 57.0543 80.5879 1.56366
18.9 9.43785 57.0378 80.5378 1.58018
19 9.48779 57.0212 80.4878 1.5968
19.1 9.53773 57.0045 80.4377 1.61349
19.2 9.58767 56.9877 80.3877 1.63027
19.3 9.63761 56.9709 80.3376 1.64714
19.4 9.68755 56.9539 80.2875 1.66409
19.5 9.73748 56.9369 80.2375 1.68112
19.6 9.78742 56.9198 80.1874 1.69824
19.7 9.83736 56.9026 80.1373 1.71544
19.8 9.8873 56.8853 80.0873 1.73273
19.9 9.93724 56.8679 80.0372 1.7501
20 9.98718 56.8505 79.9872 1.76755
20.1 10.0371 56.8329 79.9371 1.78509
20.2 10.0871 56.8153 79.887 1.80271
20.3 10.137 56.7976 79.837 1.82041
20.4 10.1869 56.7798 79.7869 1.8382
20.5 10.2369 56.7619 79.7369 1.85607
20.6 10.2868 56.744 79.6868 1.87403
20.7 10.3367 56.7259 79.6367 1.89207
20.8 10.3867 56.7078 79.5867 1.91019
20.9 10.4366 56.6896 79.5366 1.9284
21 10.4866 56.6713 79.4865 1.94669
21.1 10.5365 56.6529 79.4365 1.96506
21.2 10.5864 56.6345 79.3864 1.98352
21.3 10.6364 56.6159 79.3364 2.00206
21.4 10.6863 56.5973 79.2863 2.02069
21.5 10.7363 56.5786 79.2362 2.03939
21.6 10.7862 56.5598 79.1862 2.05818
21.7 10.8361 56.5409 79.1361 2.07705
21.8 10.8861 56.522 79.0861 2.09601
21.9 10.936 56.503 79.036 2.11505
22 10.986 56.4838 78.9859 2.13417
22.1 11.0359 56.4646 78.9359 2.15337
22.2 11.0858 56.4453 78.8858 2.17266
22.3 11.1358 56.426 78.8358 2.19203
22.4 11.1857 56.4065 78.7857 2.21148
22.5 11.2357 56.387 78.7356 2.23101
22.6 11.2856 56.3674 78.6856 2.25063
22.7 11.3355 56.3477 78.6355 2.27033
22.8 11.3855 56.3279 78.5855 2.29011
22.9 11.4354 56.308 78.5354 2.30998
23 11.4853 56.2881 78.4853 2.32992
23.1 11.5353 56.268 78.4353 2.34995
23.2 11.5852 56.2479 78.3852 2.37006
23.3 11.6352 56.2277 78.3352 2.39026
23.4 11.6851 56.2075 78.2851 2.41053
23.5 11.735 56.1871 78.235 2.43089
23.6 11.785 56.1667 78.185 2.45132
23.7 11.8349 56.1462 78.1349 2.47185
23.8 11.8849 56.1256 78.0849 2.49245
23.9 11.9348 56.1049 78.0348 2.51313
24 11.9847 56.0841 77.9847 2.5339
24.1 12.0347 56.0633 77.9347 2.55474
24.2 12.0846 56.0423 77.8846 2.57567
24.3 12.1346 56.0213 77.8346 2.59668
24.4 12.1845 56.0002 77.7845 2.61777
24.5 12.2345 55.9791 77.7344 2.63895
24.6 12.2844 55.9578 77.6844 2.6602
24.7 12.3343 55.9365 77.6343 2.68153
24.8 12.3843 55.9151 77.5843 2.70295
24.9 12.4342 55.8936 77.5342 2.72445
25 12.4842 55.872 77.4841 2.74603
25.1 12.5341 55.8503 77.4341 2.76768
25.2 12.584 55.8286 77.384 2.78942
25.3 12.634 55.8068 77.334 2.81124
25.4 12.6839 55.7849 77.2839 2.83315
25.5 12.7339 55.7629 77.2338 2.85513
25.6 12.7838 55.7408 77.1838 2.87719
25.7 12.8337 55.7187 77.1337 2.89933
25.8 12.8837 55.6964 77.0837 2.92156
25.9 12.9336 55.6741 77.0336 2.94386
26 12.9836 55.6518 76.9835 2.96625
26.1 13.0335 55.6293 76.9335 2.98871
26.2 13.0834 55.6067 76.8834 3.01125
26.3 13.1334 55.5841 76.8334 3.03388
26.4 13.1833 55.5614 76.7833 3.05658
26.5 13.2333 55.5386 76.7332 3.07937
26.6 13.2832 55.5158 76.6832 3.10223
26.7 13.3332 55.4928 76.6331 3.12518
26.8 13.3831 55.4698 76.5831 3.1482
26.9 13.433 55.4467 76.533 3.17131
27 13.483 55.4235 76.483 3.19449
27.1 13.5329 55.4002 76.4329 3.21775
27.2 13.5829 55.3769 76.3828 3.2411
27.3 13.6328 55.3535 76.3328 3.26452
27.4 13.6827 55.33 76.2827 3.28802
27.5 13.7327 55.3064 76.2327 3.3116
27.6 13.7826 55.2827 76.1826 3.33526
27.7 13.8326 55.259 76.1325 3.359
27.8 13.8825 55.2352 76.0825 3.38282
27.9 13.9325 55.2113 76.0324 3.40671
28 13.9824 55.1873 75.9824 3.43069
28.1 14.0323 55.1633 75.9323 3.45474
28.2 14.0823 55.1391 75.8823 3.47888
28.3 14.1322 55.1149 75.8322 3.50309
28.4 14.1822 55.0906 75.7821 3.52738
28.5 14.2321 55.0663 75.7321 3.55175
28.6 14.2821 55.0418 75.682 3.5762
28.7 14.332 55.0173 75.632 3.60072
28.8 14.3819 54.9927 75.5819 3.62533
28.9 14.4319 54.968 75.5319 3.65001
29 14.4818 54.9432 75.4818 3.67477
29.1 14.5318 54.9184 75.4317 3.69961
29.2 14.5817 54.8935 75.3817 3.72453
29.3 14.6316 54.8685 75.3316 3.74952
29.4 14.6816 54.8434 75.2816 3.77459
29.5 14.7315 54.8183 75.2315 3.79974
29.6 14.7815 54.793 75.1815 3.82497
29.7 14.8314 54.7677 75.1314 3.85028
29.8 14.8814 54.7423 75.0813 3.87566
29.9 14.9313 54.7169 75.0313 3.90112
30 14.9813 54.6913 74.9812 3.92666
30.1 15.0312 54.6657 74.9312 3.95228
30.2 15.0811 54.64 74.8811 3.97797
30.3 15.1311 54.6143 74.8311 4.00374
30.4 15.181 54.5884 74.781 4.02959
30.5 15.231 54.5625 74.7309 4.05551
30.6 15.2809 54.5365 74.6809 4.08151
30.7 15.3309 54.5104 74.6308 4.10759
30.8 15.3808 54.4843 74.5808 4.13374
30.9 15.4307 54.458 74.5307 4.15998
31 15.4807 54.4317 74.4807 4.18628
31.1 15.5306 54.4053 74.4306 4.21267
31.2 15.5806 54.3789 74.3806 4.23913
31.3 15.6305 54.3523 74.3305 4.26567
31.4 15.6805 54.3257 74.2804 4.29228
31.5 15.7304 54.299 74.2304 4.31897
31.6 15.7804 54.2723 74.1803 4.34574
31.7 15.8303 54.2454 74.1303 4.37258
31.8 15.8802 54.2185 74.0802 4.3995
31.9 15.9302 54.1915 74.0302 4.42649
32 15.9801 54.1644 73.9801 4.45356
32.1 16.0301 54.1373 73.9301 4.4807
32.2 16.08 54.1101 73.88 4.50792
32.3 16.13 54.0828 73.8299 4.53522
32.4 16.1799 54.0554 73.7799 4.56259
32.5 16.2299 54.028 73.7298 4.59004
32.6 16.2798 54.0004 73.6798 4.61756
32.7 16.3297 53.9728 73.6297 4.64516
32.8 16.3797 53.9452 73.5797 4.67283
32.9 16.4296 53.9174 73.5296 4.70058
33 16.4796 53.8896 73.4796 4.7284
33.1 16.5295 53.8617 73.4295 4.7563
33.2 16.5795 53.8337 73.3794 4.78427
33.3 16.6294 53.8057 73.3294 4.81232
33.4 16.6794 53.7776 73.2793 4.84044
33.5 16.7293 53.7494 73.2293 4.86864
33.6 16.7792 53.7211 73.1792 4.89691
33.7 16.8292 53.6927 73.1292 4.92526
33.8 16.8791 53.6643 73.0791 4.95368
33.9 16.9291 53.6358 73.0291 4.98217
34 16.979 53.6073 72.979 5.01074
34.1 17.029 53.5786 72.929 5.03938
34.2 17.0789 53.5499 72.8789 5.0681
34.3 17.1289 53.5211 72.8288 5.09689
34.4 17.1788 53.4923 72.7788 5.12575
34.5 17.2288 53.4633 72.7287 5.15469
34.6 17.2787 53.4343 72.6787 5.1837
34.7 17.3287 53.4052 72.6286 5.21278
34.8 17.3786 53.3761 72.5786 5.24194
34.9 17.4285 53.3468 72.5285 5.27117
35 17.4785 53.3175 72.4785 5.30047
35.1 17.5284 53.2882 72.4284 5.32985
35.2 17.5784 53.2587 72.3784 5.3593
35.3 17.6283 53.2292 72.3283 5.38882
35.4 17.6783 53.1996 72.2783 5.41842
35.5 17.7282 53.1699 72.2282 5.44809
35.6 17.7782 53.1402 72.1781 5.47783
35.7 17.8281 53.1104 72.1281 5.50764
35.8 17.8781 53.0805 72.078 5.53753
35.9 17.928 53.0505 72.028 5.56749
36 17.978 53.0205 71.9779 5.59752
36.1 18.0279 52.9904 71.9279 5.62762
36.2 18.0779 52.9602 71.8778 5.6578
36.3 18.1278 52.93 71.8278 5.68805
36.4 18.1777 52.8996 71.7777 5.71837
36.5 18.2277 52.8692 71.7277 5.74876
36.6 18.2776 52.8388 71.6776 5.77922
36.7 18.3276 52.8082 71.6276 5.80976
36.8 18.3775 52.7776 71.5775 5.84036
36.9 18.4275 52.747 71.5275 5.87104
37 18.4774 52.7162 71.4774 5.90179
37.1 18.5274 52.6854 71.4274 5.93261
37.2 18.5773 52.6545 71.3773 5.9635
37.3 18.6273 52.6235 71.3273 5.99447
37.4 18.6772 52.5925 71.2772 6.0255
37.5 18.7272 52.5614 71.2271 6.05661
37.6 18.7771 52.5302 71.1771 6.08778
37.7 18.8271 52.499 71.127 6.11903
37.8 18.877 52.4677 71.077 6.15035
37.9 18.927 52.4363 71.0269 6.18173
38 18.9769 52.4048 70.9769 6.21319
38.1 19.0269 52.3733 70.9268 6.24472
38.2 19.0768 52.3417 70.8768 6.27632
38.3 19.1268 52.31 70.8267 6.30799
38.4 19.1767 52.2783 70.7767 6.33973
38.5 19.2267 52.2465 70.7266 6.37154
38.6 19.2766 52.2146 70.6766 6.40342
38.7 19.3266 52.1826 70.6265 6.43537
38.8 19.3765 52.1506 70.5765 6.46738
38.9 19.4265 52.1185 70.5264 6.49947
39 19.4764 52.0864 70.4764 6.53163
39.1 19.5263 52.0541 70.4263 6.56386
39.2 19.5763 52.0218 70.3763 6.59615
39.3 19.6262 51.9895 70.3262 6.62852
39.4 19.6762 51.957 70.2762 6.66095
39.5 19.7261 51.9245 70.2261 6.69346
39.6 19.7761 51.892 70.1761 6.72603
39.7 19.826 51.8593 70.126 6.75867
39.8 19.876 51.8266 70.076 6.79138
39.9 19.9259 51.7938 70.0259 6.82416
40 19.9759 51.761 69.9759 6.857
40.1 20.0258 51.7281 69.9258 6.88992
40.2 20.0758 51.6951 69.8758 6.9229
40.3 20.1257 51.662 69.8257 6.95595
40.4 20.1757 51.6289 69.7757 6.98907
40.5 20.2256 51.5957 69.7256 7.02226
40.6 20.2756 51.5625 69.6756 7.05552
40.7 20.3255 51.5292 69.6255 7.08884
40.8 20.3755 51.4958 69.5755 7.12223
40.9 20.4254 51.4623 69.5254 7.15569
41 20.4754 51.4288 69.4754 7.18922
41.1 20.5253 51.3952 69.4253 7.22281
41.2 20.5753 51.3615 69.3753 7.25647
41.3 20.6252 51.3278 69.3252 7.2902
41.4 20.6752 51.294 69.2752 7.32399
41.5 20.7252 51.2601 69.2251 7.35786
41.6 20.7751 51.2262 69.1751 7.39179
41.7 20.8251 51.1922 69.125 7.42578
41.8 20.875 51.1582 69.075 7.45984
41.9 20.925 51.124 69.0249 7.49397
42 20.9749 51.0898 68.9749 7.52817
42.1 21.0249 51.0556 68.9248 7.56243
42.2 21.0748 51.0212 68.8748 7.59676
42.3 21.1248 50.9868 68.8247 7.63115
42.4 21.1747 50.9524 68.7747 7.66561
42.5 21.2247 50.9179 68.7246 7.70014
42.6 21.2746 50.8833 68.6746 7.73473
42.7 21.3246 50.8486 68.6245 7.76939
42.8 21.3745 50.8139 68.5745 7.80411
42.9 21.4245 50.7791 68.5244 7.8389
43 21.4744 50.7442 68.4744 7.87375
43.1 21.5244 50.7093 68.4244 7.90867
43.2 21.5743 50.6743 68.3743 7.94366
43.3 21.6243 50.6393 68.3243 7.97871
43.4 21.6742 50.6042 68.2742 8.01382
43.5 21.7242 50.569 68.2242 8.049
43.6 21.7741 50.5338 68.1741 8.08425
43.7 21.8241 50.4984 68.1241 8.11956
43.8 21.874 50.4631 68.074 8.15493
43.9 21.924 50.4276 68.024 8.19037
44 21.9739 50.3921 67.9739 8.22587
44.1 22.0239 50.3566 67.9239 8.26144
44.2 22.0739 50.3209 67.8738 8.29707
44.3 22.1238 50.2852 67.8238 8.33276
44.4 22.1738 50.2495 67.7737 8.36852
44.5 22.2237 50.2137 67.7237 8.40434
44.6 22.2737 50.1778 67.6736 8.44023
44.7 22.3236 50.1418 67.6236 8.47618
44.8 22.3736 50.1058 67.5736 8.51219
44.9 22.4235 50.0697 67.5235 8.54827
45 22.4735 50.0336 67.4735 8.58441
45.1 22.5234 49.9974 67.4234 8.62061
45.2 22.5734 49.9611 67.3734 8.65688
45.3 22.6233 49.9248 67.3233 8.6932
45.4 22.6733 49.8884 67.2733 8.7296
45.5 22.7233 49.8519 67.2232 8.76605
45.6 22.7732 49.8154 67.1732 8.80257
45.7 22.8232 49.7789 67.1231 8.83915
45.8 22.8731 49.7422 67.0731 8.87579
45.9 22.9231 49.7055 67.023 8.91249
46 22.973 49.6687 66.973 8.94926
46.1 23.023 49.6319 66.923 8.98609
46.2 23.0729 49.595 66.8729 9.02298
46.3 23.1229 49.5581 66.8229 9.05993
46.4 23.1728 49.5211 66.7728 9.09694
46.5 23.2228 49.484 66.7228 9.13402
46.6 23.2728 49.4468 66.6727 9.17115
46.7 23.3227 49.4097 66.6227 9.20835
46.8 23.3727 49.3724 66.5726 9.24561
46.9 23.4226 49.3351 66.5226 9.28293
47 23.4726 49.2977 66.4725 9.32031
47.1 23.5225 49.2602 66.4225 9.35775
47.2 23.5725 49.2227 66.3725 9.39525
47.3 23.6224 49.1852 66.3224 9.43282
47.4 23.6724 49.1476 66.2724 9.47044
47.5 23.7224 49.1099 66.2223 9.50813
47.6 23.7723 49.0721 66.1723 9.54587
47.7 23.8223 49.0343 66.1222 9.58368
47.8 23.8722 48.9965 66.0722 9.62154
47.9 23.9222 48.9585 66.0221 9.65947
48 23.9721 48.9205 65.9721 9.69745
48.1 24.0221 48.8825 65.9221 9.7355
48.2 24.072 48.8444 65.872 9.7736
48.3 24.122 48.8062 65.822 9.81176
48.4 24.172 48.768 65.7719 9.84999
48.5 24.2219 48.7297 65.7219 9.88827
48.6 24.2719 48.6914 65.6718 9.92661
48.7 24.3218 48.653 65.6218 9.96501
48.8 24.3718 48.6145 65.5718 10.0035
48.9 24.4217 48.576 65.5217 10.042
49 24.4717 48.5374 65.4717 10.0806
49.1 24.5217 48.4988 65.4216 10.1192
49.2 24.5716 48.4601 65.3716 10.1579
49.3 24.6216 48.4214 65.3215 10.1966
49.4 24.6715 48.3825 65.2715 10.2355
49.5 24.7215 48.3437 65.2215 10.2743
49.6 24.7714 48.3047 65.1714 10.3133
49.7 24.8214 48.2658 65.1214 10.3522
49.8 24.8714 48.2267 65.0713 10.3913
49.9 24.9213 48.1876 65.0213 10.4304
50 24.9713 48.1485 64.9712 10.4695
50.1 25.0212 48.1092 64.9212 10.5088
50.2 25.0712 48.07 64.8712 10.548
50.3 25.1211 48.0306 64.8211 10.5874
50.4 25.1711 47.9913 64.7711 10.6267
50.5 25.2211 47.9518 64.721 10.6662
50.6 25.271 47.9123 64.671 10.7057
50.7 25.321 47.8728 64.621 10.7452
50.8 25.3709 47.8331 64.5709 10.7849
50.9 25.4209 47.7935 64.5209 10.8245
51 25.4709 47.7538 64.4708 10.8642
51.1 25.5208 47.714 64.4208 10.904
51.2 25.5708 47.6741 64.3707 10.9439
51.3 25.6207 47.6342 64.3207 10.9838
51.4 25.6707 47.5943 64.2707 11.0237
51.5 25.7206 47.5543 64.2206 11.0637
51.6 25.7706 47.5142 64.1706 11.1038
51.7 25.8206 47.4741 64.1205 11.1439
51.8 25.8705 47.4339 64.0705 11.1841
51.9 25.9205 47.3937 64.0205 11.2243
52 25.9704 47.3534 63.9704 11.2646
52.1 26.0204 47.3131 63.9204 11.3049
52.2 26.0704 47.2727 63.8703 11.3453
52.3 26.1203 47.2322 63.8203 11.3858
52.4 26.1703 47.1917 63.7703 11.4263
52.5 26.2202 47.1512 63.7202 11.4668
52.6 26.2702 47.1106 63.6702 11.5074
52.7 26.3202 47.0699 63.6201 11.5481
52.8 26.3701 47.0292 63.5701 11.5888
52.9 26.4201 46.9884 63.5201 11.6296
53 26.47 46.9476 63.47 11.6704
53.1 26.52 46.9067 63.42 11.7113
53.2 26.57 46.8658 63.3699 11.7522
53.3 26.6199 46.8248 63.3199 11.7932
53.4 26.6699 46.7838 63.2699 11.8342
53.5 26.7199 46.7427 63.2198 11.8753
53.6 26.7698 46.7015 63.1698 11.9165
53.7 26.8198 46.6603 63.1198 11.9577
53.8 26.8697 46.6191 63.0697 11.9989
53.9 26.9197 46.5778 63.0197 12.0402
54 26.9697 46.5364 62.9696 12.0816
54.1 27.0196 46.495 62.9196 12.123
54.2 27.0696 46.4535 62.8696 12.1645
54.3 27.1195 46.412 62.8195 12.206
54.4 27.1695 46.3704 62.7695 12.2476
54.5 27.2195 46.3288 62.7194 12.2892
54.6 27.2694 46.2872 62.6694 12.3308
54.7 27.3194 46.2454 62.6194 12.3726
54.8 27.3694 46.2037 62.5693 12.4143
54.9 27.4193 46.1618 62.5193 12.4562
55 27.4693 46.12 62.4693 12.498
55.1 27.5192 46.078 62.4192 12.54
55.2 27.5692 46.036 62.3692 12.582
55.3 27.6192 45.994 62.3191 12.624
55.4 27.6691 45.9519 62.2691 12.6661
55.5 27.7191 45.9098 62.2191 12.7082
55.6 27.7691 45.8676 62.169 12.7504
55.7 27.819 45.8254 62.119 12.7926
55.8 27.869 45.7831 62.069 12.8349
55.9 27.9189 45.7408 62.0189 12.8772
56 27.9689 45.6984 61.9689 12.9196
56.1 28.0189 45.656 61.9188 12.962
56.2 28.0688 45.6135 61.8688 13.0045
56.3 28.1188 45.5709 61.8188 13.0471
56.4 28.1688 45.5284 61.7687 13.0896
56.5 28.2187 45.4857 61.7187 13.1323
56.6 28.2687 45.443 61.6687 13.175
56.7 28.3187 45.4003 61.6186 13.2177
56.8 28.3686 45.3575 61.5686 13.2605
56.9 28.4186 45.3147 61.5186 13.3033
57 28.4685 45.2718 61.4685 13.3462
57.1 28.5185 45.2289 61.4185 13.3891
57.2 28.5685 45.1859 61.3685 13.4321
57.3 28.6184 45.1429 61.3184 13.4751
57.4 28.6684 45.0998 61.2684 13.5182
57.5 28.7184 45.0567 61.2183 13.5613
57.6 28.7683 45.0135 61.1683 13.6045
57.7 28.8183 44.9703 61.1183 13.6477
57.8 28.8683 44.9271 61.0682 13.6909
57.9 28.9182 44.8838 61.0182 13.7342
58 28.9682 44.8404 60.9682 13.7776
58.1 29.0182 44.797 60.9181 13.821
58.2 29.0681 44.7535 60.8681 13.8645
58.3 29.1181 44.71 60.8181 13.908
58.4 29.1681 44.6665 60.768 13.9515
58.5 29.218 44.6229 60.718 13.9951
58.6 29.268 44.5793 60.668 14.0387
58.7 29.318 44.5356 60.6179 14.0824
58.8 29.3679 44.4919 60.5679 14.1261
58.9 29.4179 44.4481 60.5179 14.1699
59 29.4679 44.4043 60.4678 14.2137
59.1 29.5178 44.3604 60.4178 14.2576
59.2 29.5678 44.3165 60.3678 14.3015
59.3 29.6177 44.2725 60.3177 14.3455
59.4 29.6677 44.2285 60.2677 14.3895
59.5 29.7177 44.1844 60.2177 14.4336
59.6 29.7676 44.1403 60.1676 14.4777
59.7 29.8176 44.0962 60.1176 14.5218
59.8 29.8676 44.052 60.0676 14.566
59.9 29.9176 44.0078 60.0175 14.6102
60 29.9675 43.9635 59.9675 14.6545
60.1 30.0175 43.9192 59.9175 14.6988
60.2 30.0675 43.8748 59.8674 14.7432
60.3 30.1174 43.8304 59.8174 14.7876
60.4 30.1674 43.7859 59.7674 14.8321
60.5 30.2174 43.7414 59.7173 14.8766
60.6 30.2673 43.6969 59.6673 14.9211
60.7 30.3173 43.6523 59.6173 14.9657
60.8 30.3673 43.6077 59.5672 15.0103
60.9 30.4172 43.563 59.5172 15.055
61 30.4672 43.5183 59.4672 15.0997
61.1 30.5172 43.4735 59.4171 15.1445
61.2 30.5671 43.4287 59.3671 15.1893
61.3 30.6171 43.3839 59.3171 15.2341
61.4 30.6671 43.339 59.267 15.279
61.5 30.717 43.294 59.217 15.324
61.6 30.767 43.2491 59.167 15.3689
61.7 30.817 43.2041 59.117 15.4139
61.8 30.8669 43.159 59.0669 15.459
61.9 30.9169 43.1139 59.0169 15.5041
62 30.9669 43.0687 58.9669 15.5493
62.1 31.0169 43.0236 58.9168 15.5944
62.2 31.0668 42.9783 58.8668 15.6397
62.3 31.1168 42.9331 58.8168 15.6849
62.4 31.1668 42.8877 58.7667 15.7303
62.5 31.2167 42.8424 58.7167 15.7756
62.6 31.2667 42.797 58.6667 15.821
62.7 31.3167 42.7516 58.6166 15.8664
62.8 31.3666 42.7061 58.5666 15.9119
62.9 31.4166 42.6606 58.5166 15.9574
63 31.4666 42.615 58.4666 16.003
63.1 31.5166 42.5694 58.4165 16.0486
63.2 31.5665 42.5238 58.3665 16.0942
63.3 31.6165 42.4781 58.3165 16.1399
63.4 31.6665 42.4324 58.2664 16.1856
63.5 31.7164 42.3866 58.2164 16.2314
63.6 31.7664 42.3408 58.1664 16.2772
63.7 31.8164 42.295 58.1164 16.323
63.8 31.8663 42.2491 58.0663 16.3689
63.9 31.9163 42.2032 58.0163 16.4148
64 31.9663 42.1572 57.9663 16.4608
64.1 32.0163 42.1112 57.9162 16.5068
64.2 32.0662 42.0652 57.8662 16.5528
64.3 32.1162 42.0191 57.8162 16.5989
64.4 32.1662 41.973 57.7662 16.645
64.5 32.2161 41.9268 57.7161 16.6912
64.6 32.2661 41.8807 57.6661 16.7373
64.7 32.3161 41.8344 57.6161 16.7836
64.8 32.3661 41.7882 57.566 16.8298
64.9 32.416 41.7419 57.516 16.8761
65 32.466 41.6955 57.466 16.9225
65.1 32.516 41.6491 57.416 16.9689
65.2 32.566 41.6027 57.3659 17.0153
65.3 32.6159 41.5563 57.3159 17.0617
65.4 32.6659 41.5098 57.2659 17.1082
65.5 32.7159 41.4632 57.2158 17.1548
65.6 32.7658 41.4167 57.1658 17.2013
65.7 32.8158 41.3701 57.1158 17.2479
65.8 32.8658 41.3234 57.0658 17.2946
65.9 32.9158 41.2768 57.0157 17.3412
66 32.9657 41.23 56.9657 17.388
66.1 33.0157 41.1833 56.9157 17.4347
66.2 33.0657 41.1365 56.8657 17.4815
66.3 33.1157 41.0897 56.8156 17.5283
66.4 33.1656 41.0428 56.7656 17.5752
66.5 33.2156 40.9959 56.7156 17.6221
66.6 33.2656 40.949 56.6656 17.669
66.7 33.3155 40.902 56.6155 17.716
66.8 33.3655 40.855 56.5655 17.763
66.9 33.4155 40.808 56.5155 17.81
67 33.4655 40.7609 56.4655 17.8571
67.1 33.5154 40.7138 56.4154 17.9042
67.2 33.5654 40.6667 56.3654 17.9513
67.3 33.6154 40.6195 56.3154 17.9985
67.4 33.6654 40.5723 56.2654 18.0457
67.5 33.7153 40.5251 56.2153 18.0929
67.6 33.7653 40.4778 56.1653 18.1402
67.7 33.8153 40.4305 56.1153 18.1875
67.8 33.8653 40.3831 56.0653 18.2349
67.9 33.9152 40.3358 56.0152 18.2822
68 33.9652 40.2883 55.9652 18.3297
68.1 34.0152 40.2409 55.9152 18.3771
68.2 34.0652 40.1934 55.8652 18.4246
68.3 34.1151 40.1459 55.8151 18.4721
68.4 34.1651 40.0984 55.7651 18.5196
68.5 34.2151 40.0508 55.7151 18.5672
68.6 34.2651 40.0032 55.6651 18.6148
68.7 34.3151 39.9555 55.615 18.6625
68.8 34.365 39.9079 55.565 18.7101
68.9 34.415 39.8601 55.515 18.7579
69 34.465 39.8124 55.465 18.8056
69.1 34.515 39.7646 55.4149 18.8534
69.2 34.5649 39.7168 55.3649 18.9012
69.3 34.6149 39.669 55.3149 18.949
69.4 34.6649 39.6211 55.2649 18.9969
69.5 34.7149 39.5732 55.2148 19.0448
69.6 34.7648 39.5253 55.1648 19.0927
69.7 34.8148 39.4773 55.1148 19.1407
69.8 34.8648 39.4293 55.0648 19.1887
69.9 34.9148 39.3813 55.0148 19.2367
70 34.9648 39.3333 54.9647 19.2847
70.1 35.0147 39.2852 54.9147 19.3328
70.2 35.0647 39.2371 54.8647 19.3809
70.3 35.1147 39.1889 54.8147 19.4291
70.4 35.1647 39.1408 54.7646 19.4772
70.5 35.2146 39.0925 54.7146 19.5255
70.6 35.2646 39.0443 54.6646 19.5737
70.7 35.3146 38.996 54.6146 19.622
70.8 35.3646 38.9478 54.5646 19.6702
70.9 35.4146 38.8994 54.5145 19.7186
71 35.4645 38.8511 54.4645 19.7669
71.1 35.5145 38.8027 54.4145 19.8153
71.2 35.5645 38.7543 54.3645 19.8637
71.3 35.6145 38.7058 54.3145 19.9122
71.4 35.6644 38.6574 54.2644 19.9606
71.5 35.7144 38.6089 54.2144 20.0091
71.6 35.7644 38.5604 54.1644 20.0576
71.7 35.8144 38.5118 54.1144 20.1062
71.8 35.8644 38.4632 54.0644 20.1548
71.9 35.9143 38.4146 54.0143 20.2034
72 35.9643 38.366 53.9643 20.252
72.1 36.0143 38.3173 53.9143 20.3007
72.2 36.0643 38.2686 53.8643 20.3494
72.3 36.1143 38.2199 53.8142 20.3981
72.4 36.1642 38.1712 53.7642 20.4468
72.5 36.2142 38.1224 53.7142 20.4956
72.6 36.2642 38.0736 53.6642 20.5444
72.7 36.3142 38.0248 53.6142 20.5932
72.8 36.3642 37.9759 53.5642 20.6421
72.9 36.4141 37.927 53.5141 20.691
73 36.4641 37.8781 53.4641 20.7399
73.1 36.5141 37.8292 53.4141 20.7888
73.2 36.5641 37.7802 53.3641 20.8378
73.3 36.6141 37.7312 53.3141 20.8868
73.4 36.6641 37.6822 53.264 20.9358
73.5 36.714 37.6332 53.214 20.9848
73.6 36.764 37.5841 53.164 21.0339
73.7 36.814 37.5351 53.114 21.0829
73.8 36.864 37.486 53.064 21.132
73.9 36.914 37.4368 53.0139 21.1812
74 36.9639 37.3877 52.9639 21.2303
74.1 37.0139 37.3385 52.9139 21.2795
74.2 37.0639 37.2893 52.8639 21.3287
74.3 37.1139 37.24 52.8139 21.378
74.4 37.1639 37.1908 52.7639 21.4272
74.5 37.2139 37.1415 52.7138 21.4765
74.6 37.2638 37.0922 52.6638 21.5258
74.7 37.3138 37.0429 52.6138 21.5751
74.8 37.3638 36.9935 52.5638 21.6245
74.9 37.4138 36.9441 52.5138 21.6739
75 37.4638 36.8947 52.4638 21.7233
75.1 37.5137 36.8453 52.4137 21.7727
75.2 37.5637 36.7959 52.3637 21.8221
75.3 37.6137 36.7464 52.3137 21.8716
75.4 37.6637 36.6969 52.2637 21.9211
75.5 37.7137 36.6474 52.2137 21.9706
75.6 37.7637 36.5979 52.1637 22.0201
75.7 37.8136 36.5483 52.1136 22.0697
75.8 37.8636 36.4987 52.0636 22.1193
75.9 37.9136 36.4491 52.0136 22.1689
76 37.9636 36.3995 51.9636 22.2185
76.1 38.0136 36.3498 51.9136 22.2682
76.2 38.0636 36.3002 51.8636 22.3178
76.3 38.1136 36.2505 51.8135 22.3675
76.4 38.1635 36.2008 51.7635 22.4172
76.5 38.2135 36.1511 51.7135 22.4669
76.6 38.2635 36.1013 51.6635 22.5167
76.7 38.3135 36.0515 51.6135 22.5665
76.8 38.3635 36.0017 51.5635 22.6163
76.9 38.4135 35.9519 51.5135 22.6661
77 38.4634 35.9021 51.4634 22.7159
77.1 38.5134 35.8522 51.4134 22.7658
77.2 38.5634 35.8024 51.3634 22.8156
77.3 38.6134 35.7525 51.3134 22.8655
77.4 38.6634 35.7026 51.2634 22.9154
77.5 38.7134 35.6526 51.2134 22.9654
77.6 38.7634 35.6027 51.1634 23.0153
77.7 38.8133 35.5527 51.1133 23.0653
77.8 38.8633 35.5027 51.0633 23.1153
77.9 38.9133 35.4527 51.0133 23.1653
78 38.9633 35.4027 50.9633 23.2153
78.1 39.0133 35.3526 50.9133 23.2654
78.2 39.0633 35.3026 50.8633 23.3154
78.3 39.1133 35.2525 50.8133 23.3655
78.4 39.1633 35.2024 50.7632 23.4156
78.5 39.2132 35.1523 50.7132 23.4657
78.6 39.2632 35.1021 50.6632 23.5159
78.7 39.3132 35.052 50.6132 23.566
78.8 39.3632 35.0018 50.5632 23.6162
78.9 39.4132 34.9516 50.5132 23.6664
79 39.4632 34.9014 50.4632 23.7166
79.1 39.5132 34.8512 50.4132 23.7668
79.2 39.5631 34.801 50.3631 23.817
79.3 39.6131 34.7507 50.3131 23.8673
79.4 39.6631 34.7004 50.2631 23.9176
79.5 39.7131 34.6501 50.2131 23.9679
79.6 39.7631 34.5998 50.1631 24.0182
79.7 39.8131 34.5495 50.1131 24.0685
79.8 39.8631 34.4992 50.0631 24.1188
79.9 39.9131 34.4488 50.0131 24.1692
80 39.9631 34.3985 49.963 24.2195
80.1 40.013 34.3481 49.913 24.2699
80.2 40.063 34.2977 49.863 24.3203
80.3 40.113 34.2473 49.813 24.3707
80.4 40.163 34.1968 49.763 24.4212
80.5 40.213 34.1464 49.713 24.4716
80.6 40.263 34.0959 49.663 24.5221
80.7 40.313 34.0454 49.613 24.5726
80.8 40.363 33.995 49.563 24.623
80.9 40.413 33.9445 49.5129 24.6735
81 40.4629 33.8939 49.4629 24.7241
81.1 40.5129 33.8434 49.4129 24.7746
81.2 40.5629 33.7929 49.3629 24.8251
81.3 40.6129 33.7423 49.3129 24.8757
81.4 40.6629 33.6917 49.2629 24.9263
81.5 40.7129 33.6411 49.2129 24.9769
81.6 40.7629 33.5905 49.1629 25.0275
81.7 40.8129 33.5399 49.1129 25.0781
81.8 40.8629 33.4893 49.0629 25.1287
81.9 40.9129 33.4387 49.0129 25.1793
82 40.9628 33.388 48.9628 25.23
82.1 41.0128 33.3374 48.9128 25.2806
82.2 41.0628 33.2867 48.8628 25.3313
82.3 41.1128 33.236 48.8128 25.382
82.4 41.1628 33.1853 48.7628 25.4327
82.5 41.2128 33.1346 48.7128 25.4834
82.6 41.2628 33.0839 48.6628 25.5341
82.7 41.3128 33.0331 48.6128 25.5849
82.8 41.3628 32.9824 48.5628 25.6356
82.9 41.4128 32.9316 48.5128 25.6864
83 41.4628 32.8809 48.4628 25.7371
83.1 41.5128 32.8301 48.4127 25.7879
83.2 41.5627 32.7793 48.3627 25.8387
83.3 41.6127 32.7285 48.3127 25.8895
83.4 41.6627 32.6777 48.2627 25.9403
83.5 41.7127 32.6269 48.2127 25.9911
83.6 41.7627 32.576 48.1627 26.042
83.7 41.8127 32.5252 48.1127 26.0928
83.8 41.8627 32.4744 48.0627 26.1436
83.9 41.9127 32.4235 48.0127 26.1945
84 41.9627 32.3726 47.9627 26.2454
84.1 42.0127 32.3217 47.9127 26.2963
84.2 42.0627 32.2709 47.8627 26.3471
84.3 42.1127 32.22 47.8127 26.398
84.4 42.1627 32.1691 47.7627 26.4489
84.5 42.2127 32.1181 47.7127 26.4999
84.6 42.2626 32.0672 47.6626 26.5508
84.7 42.3126 32.0163 47.6126 26.6017
84.8 42.3626 31.9654 47.5626 26.6526
84.9 42.4126 31.9144 47.5126 26.7036
85 42.4626 31.8634 47.4626 26.7546
85.1 42.5126 31.8125 47.4126 26.8055
85.2 42.5626 31.7615 47.3626 26.8565
85.3 42.6126 31.7105 47.3126 26.9075
85.4 42.6626 31.6596 47.2626 26.9584
85.5 42.7126 31.6086 47.2126 27.0094
85.6 42.7626 31.5576 47.1626 27.0604
85.7 42.8126 31.5066 47.1126 27.1114
85.8 42.8626 31.4555 47.0626 27.1625
85.9 42.9126 31.4045 47.0126 27.2135
86 42.9626 31.3535 46.9626 27.2645
86.1 43.0126 31.3025 46.9126 27.3155
86.2 43.0626 31.2514 46.8626 27.3666
86.3 43.1126 31.2004 46.8126 27.4176
86.4 43.1626 31.1493 46.7626 27.4687
86.5 43.2126 31.0983 46.7125 27.5197
86.6 43.2625 31.0472 46.6625 27.5708
86.7 43.3125 30.9961 46.6125 27.6219
86.8 43.3625 30.9451 46.5625 27.6729
86.9 43.4125 30.894 46.5125 27.724
87 43.4625 30.8429 46.4625 27.7751
87.1 43.5125 30.7918 46.4125 27.8262
87.2 43.5625 30.7407 46.3625 27.8773
87.3 43.6125 30.6896 46.3125 27.9284
87.4 43.6625 30.6385 46.2625 27.9795
87.5 43.7125 30.5874 46.2125 28.0306
87.6 43.7625 30.5363 46.1625 28.0817
87.7 43.8125 30.4852 46.1125 28.1328
87.8 43.8625 30.4341 46.0625 28.1839
87.9 43.9125 30.383 46.0125 28.235
88 43.9625 30.3319 45.9625 28.2861
88.1 44.0125 30.2807 45.9125 28.3373
88.2 44.0625 30.2296 45.8625 28.3884
88.3 44.1125 30.1785 45.8125 28.4395
88.4 44.1625 30.1274 45.7625 28.4906
88.5 44.2125 30.0762 45.7125 28.5418
88.6 44.2625 30.0251 45.6625 28.5929
88.7 44.3125 29.9739 45.6125 28.6441
88.8 44.3625 29.9228 45.5625 28.6952
88.9 44.4125 29.8717 45.5125 28.7463
89 44.4625 29.8205 45.4625 28.7975
89.1 44.5125 29.7694 45.4125 28.8486
89.2 44.5625 29.7182 45.3625 28.8998
89.3 44.6125 29.6671 45.3125 28.9509
89.4 44.6625 29.6159 45.2625 29.0021
89.5 44.7125 29.5648 45.2125 29.0532
89.6 44.7625 29.5136 45.1625 29.1044
89.7 44.8125 29.4625 45.1125 29.1555
89.8 44.8625 29.4113 45.0625 29.2067
89.9 44.9125 29.3602 45.0125 29.2578
90 44.9625 29.309 44.9625 29.309
90.1 45.0125 29.2578 44.9125 29.3602
90.2 45.0625 29.2067 44.8625 29.4113
90.3 45.1125 29.1555 44.8125 29.4625
90.4 45.1625 29.1044 44.7625 29.5136
90.5 45.2125 29.0532 44.7125 29.5648
90.6 45.2625 29.0021 44.6625 29.6159
90.7 45.3125 28.9509 44.6125 29.6671
90.8 45.3625 28.8998 44.5625 29.7182
90.9 45.4125 28.8486 44.5125 29.7694
91 45.4625 28.7975 44.4625 29.8205
91.1 45.5125 28.7463 44.4125 29.8717
91.2 45.5625 28.6952 44.3625 29.9228
91.3 45.6125 28.6441 44.3125 29.9739
91.4 45.6625 28.5929 44.2625 30.0251
91.5 45.7125 28.5418 44.2125 30.0762
91.6 45.7625 28.4906 44.1625 30.1274
91.7 45.8125 28.4395 44.1125 30.1785
91.8 45.8625 28.3884 44.0625 30.2296
91.9 45.9125 28.3373 44.0125 30.2807
92 45.9625 28.2861 43.9625 30.3319
92.1 46.0125 28.235 43.9125 30.383
92.2 46.0625 28.1839 43.8625 30.4341
92.3 46.1125 28.1328 43.8125 30.4852
92.4 46.1625 28.0817 43.7625 30.5363
92.5 46.2125 28.0306 43.7125 30.5874
92.6 46.2625 27.9795 43.6625 30.6385
92.7 46.3125 27.9284 43.6125 30.6896
92.8 46.3625 27.8773 43.5625 30.7407
92.9 46.4125 27.8262 43.5125 30.7918
93 46.4625 27.7751 43.4625 30.8429
93.1 46.5125 27.724 43.4125 30.894
93.2 46.5625 27.6729 43.3625 30.9451
93.3 46.6125 27.6219 43.3125 30.9961
93.4 46.6625 27.5708 43.2625 31.0472
93.5 46.7125 27.5197 43.2126 31.0983
93.6 46.7626 27.4687 43.1626 31.1493
93.7 46.8126 27.4176 43.1126 31.2004
93.8 46.8626 27.3666 43.0626 31.2514
93.9 46.9126 27.3155 43.0126 31.3025
94 46.9626 27.2645 42.9626 31.3535
94.1 47.0126 27.2135 42.9126 31.4045
94.2 47.0626 27.1625 42.8626 31.4555
94.3 47.1126 27.1114 42.8126 31.5066
94.4 47.1626 27.0604 42.7626 31.5576
94.5 47.2126 27.0094 42.7126 31.6086
94.6 47.2626 26.9584 42.6626 31.6596
94.7 47.3126 26.9075 42.6126 31.7105
94.8 47.3626 26.8565 42.5626 31.7615
94.9 47.4126 26.8055 42.5126 31.8125
95 47.4626 26.7546 42.4626 31.8634
95.1 47.5126 26.7036 42.4126 31.9144
95.2 47.5626 26.6526 42.3626 31.9654
95.3 47.6126 26.6017 42.3126 32.0163
95.4 47.6626 26.5508 42.2626 32.0672
95.5 47.7127 26.4999 42.2127 32.1181
95.6 47.7627 26.4489 42.1627 32.1691
95.7 47.8127 26.398 42.1127 32.22
95.8 47.8627 26.3471 42.0627 32.2709
95.9 47.9127 26.2963 42.0127 32.3217
96 47.9627 26.2454 41.9627 32.3726
96.1 48.0127 26.1945 41.9127 32.4235
96.2 48.0627 26.1436 41.8627 32.4744
96.3 48.1127 26.0928 41.8127 32.5252
96.4 48.1627 26.042 41.7627 32.576
96.5 48.2127 25.9911 41.7127 32.6269
96.6 48.2627 25.9403 41.6627 32.6777
96.7 48.3127 25.8895 41.6127 32.7285
96.8 48.3627 25.8387 41.5627 32.7793
96.9 48.4127 25.7879 41.5128 32.8301
97 48.4628 25.7371 41.4628 32.8809
97.1 48.5128 25.6864 41.4128 32.9316
97.2 48.5628 25.6356 41.3628 32.9824
97.3 48.6128 25.5849 41.3128 33.0331
97.4 48.6628 25.5341 41.2628 33.0839
97.5 48.7128 25.4834 41.2128 33.1346
97.6 48.7628 25.4327 41.1628 33.1853
97.7 48.8128 25.382 41.1128 33.236
97.8 48.8628 25.3313 41.0628 33.2867
97.9 48.9128 25.2806 41.0128 33.3374
98 48.9628 25.23 40.9628 33.388
98.1 49.0129 25.1793 40.9129 33.4387
98.2 49.0629 25.1287 40.8629 33.4893
98.3 49.1129 25.0781 40.8129 33.5399
98.4 49.1629 25.0275 40.7629 33.5905
98.5 49.2129 24.9769 40.7129 33.6411
98.6 49.2629 24.9263 40.6629 33.6917
98.7 49.3129 24.8757 40.6129 33.7423
98.8 49.3629 24.8251 40.5629 33.7929
98.9 49.4129 24.7746 40.5129 33.8434
99 49.4629 24.7241 40.4629 33.8939
99.1 49.5129 24.6735 40.413 33.9445
99.2 49.563 24.623 40.363 33.995
99.3 49.613 24.5726 40.313 34.0454
99.4 49.663 24.5221 40.263 34.0959
99.5 49.713 24.4716 40.213 34.1464
99.6 49.763 24.4212 40.163 34.1968
99.7 49.813 24.3707 40.113 34.2473
99.8 49.863 24.3203 40.063 34.2977
99.9 49.913 24.2699 40.013 34.3481
100 49.963 24.2195 39.9631 34.3985
100.1 50.0131 24.1692 39.9131 34.4488
100.2 50.0631 24.1188 39.8631 34.4992
100.3 50.1131 24.0685 39.8131 34.5495
100.4 50.1631 24.0182 39.7631 34.5998
100.5 50.2131 23.9679 39.7131 34.6501
100.6 50.2631 23.9176 39.6631 34.7004
100.7 50.3131 23.8673 39.6131 34.7507
100.8 50.3631 23.817 39.5631 34.801
100.9 50.4132 23.7668 39.5132 34.8512
101 50.4632 23.7166 39.4632 34.9014
101.1 50.5132 23.6664 39.4132 34.9516
101.2 50.5632 23.6162 39.3632 35.0018
101.3 50.6132 23.566 39.3132 35.052
101.4 50.6632 23.5159 39.2632 35.1021
101.5 50.7132 23.4657 39.2132 35.1523
101.6 50.7632 23.4156 39.1633 35.2024
101.7 50.8133 23.3655 39.1133 35.2525
101.8 50.8633 23.3154 39.0633 35.3026
101.9 50.9133 23.2654 39.0133 35.3526
102 50.9633 23.2153 38.9633 35.4027
102.1 51.0133 23.1653 38.9133 35.4527
102.2 51.0633 23.1153 38.8633 35.5027
102.3 51.1133 23.0653 38.8133 35.5527
102.4 51.1634 23.0153 38.7634 35.6027
102.5 51.2134 22.9654 38.7134 35.6526
102.6 51.2634 22.9154 38.6634 35.7026
102.7 51.3134 22.8655 38.6134 35.7525
102.8 51.3634 22.8156 38.5634 35.8024
102.9 51.4134 22.7658 38.5134 35.8522
103 51.4634 22.7159 38.4634 35.9021
103.1 51.5135 22.6661 38.4135 35.9519
103.2 51.5635 22.6163 38.3635 36.0017
103.3 51.6135 22.5665 38.3135 36.0515
103.4 51.6635 22.5167 38.2635 36.1013
103.5 51.7135 22.4669 38.2135 36.1511
103.6 51.7635 22.4172 38.1635 36.2008
103.7 51.8135 22.3675 38.1136 36.2505
103.8 51.8636 22.3178 38.0636 36.3002
103.9 51.9136 22.2682 38.0136 36.3498
104 51.9636 22.2185 37.9636 36.3995
104.1 52.0136 22.1689 37.9136 36.4491
104.2 52.0636 22.1193 37.8636 36.4987
104.3 52.1136 22.0697 37.8136 36.5483
104.4 52.1637 22.0201 37.7637 36.5979
104.5 52.2137 21.9706 37.7137 36.6474
104.6 52.2637 21.9211 37.6637 36.6969
104.7 52.3137 21.8716 37.6137 36.7464
104.8 52.3637 21.8221 37.5637 36.7959
104.9 52.4137 21.7727 37.5137 36.8453
105 52.4638 21.7233 37.4638 36.8947
105.1 52.5138 21.6739 37.4138 36.9441
105.2 52.5638 21.6245 37.3638 36.9935
105.3 52.6138 21.5751 37.3138 37.0429
105.4 52.6638 21.5258 37.2638 37.0922
105.5 52.7138 21.4765 37.2139 37.1415
105.6 52.7639 21.4272 37.1639 37.1908
105.7 52.8139 21.378 37.1139 37.24
105.8 52.8639 21.3287 37.0639 37.2893
105.9 52.9139 21.2795 37.0139 37.3385
106 52.9639 21.2303 36.9639 37.3877
106.1 53.0139 21.1812 36.914 37.4368
106.2 53.064 21.132 36.864 37.486
106.3 53.114 21.0829 36.814 37.5351
106.4 53.164 21.0339 36.764 37.5841
106.5 53.214 20.9848 36.714 37.6332
106.6 53.264 20.9358 36.6641 37.6822
106.7 53.3141 20.8868 36.6141 37.7312
106.8 53.3641 20.8378 36.5641 37.7802
106.9 53.4141 20.7888 36.5141 37.8292
107 53.4641 20.7399 36.4641 37.8781
107.1 53.5141 20.691 36.4141 37.927
107.2 53.5642 20.6421 36.3642 37.9759
107.3 53.6142 20.5932 36.3142 38.0248
107.4 53.6642 20.5444 36.2642 38.0736
107.5 53.7142 20.4956 36.2142 38.1224
107.6 53.7642 20.4468 36.1642 38.1712
107.7 53.8142 20.3981 36.1143 38.2199
107.8 53.8643 20.3494 36.0643 38.2686
107.9 53.9143 20.3007 36.0143 38.3173
108 53.9643 20.252 35.9643 38.366
108.1 54.0143 20.2034 35.9143 38.4146
108.2 54.0644 20.1548 35.8644 38.4632
108.3 54.1144 20.1062 35.8144 38.5118
108.4 54.1644 20.0576 35.7644 38.5604
108.5 54.2144 20.0091 35.7144 38.6089
108.6 54.2644 19.9606 35.6644 38.6574
108.7 54.3145 19.9122 35.6145 38.7058
108.8 54.3645 19.8637 35.5645 38.7543
108.9 54.4145 19.8153 35.5145 38.8027
109 54.4645 19.7669 35.4645 38.8511
109.1 54.5145 19.7186 35.4146 38.8994
109.2 54.5646 19.6702 35.3646 38.9478
109.3 54.6146 19.622 35.3146 38.996
109.4 54.6646 19.5737 35.2646 39.0443
109.5 54.7146 19.5255 35.2146 39.0925
109.6 54.7646 19.4772 35.1647 39.1408
109.7 54.8147 19.4291 35.1147 39.1889
109.8 54.8647 19.3809 35.0647 39.2371
109.9 54.9147 19.3328 35.0147 39.2852
110 54.9647 19.2847 34.9648 39.3333
110.1 55.0148 19.2367 34.9148 39.3813
110.2 55.0648 19.1887 34.8648 39.4293
110.3 55.1148 19.1407 34.8148 39.4773
110.4 55.1648 19.0927 34.7648 39.5253
110.5 55.2148 19.0448 34.7149 39.5732
110.6 55.2649 18.9969 34.6649 39.6211
110.7 55.3149 18.949 34.6149 39.669
110.8 55.3649 18.9012 34.5649 39.7168
110.9 55.4149 18.8534 34.515 39.7646
111 55.465 18.8056 34.465 39.8124
111.1 55.515 18.7579 34.415 39.8601
111.2 55.565 18.7101 34.365 39.9079
111.3 55.615 18.6625 34.3151 39.9555
111.4 55.6651 18.6148 34.2651 40.0032
111.5 55.7151 18.5672 34.2151 40.0508
111.6 55.7651 18.5196 34.1651 40.0984
111.7 55.8151 18.4721 34.1151 40.1459
111.8 55.8652 18.4246 34.0652 40.1934
111.9 55.9152 18.3771 34.0152 40.2409
112 55.9652 18.3297 33.9652 40.2883
112.1 56.0152 18.2822 33.9152 40.3358
112.2 56.0653 18.2349 33.8653 40.3831
112.3 56.1153 18.1875 33.8153 40.4305
112.4 56.1653 18.1402 33.7653 40.4778
112.5 56.2153 18.0929 33.7153 40.5251
112.6 56.2654 18.0457 33.6654 40.5723
112.7 56.3154 17.9985 33.6154 40.6195
112.8 56.3654 17.9513 33.5654 40.6667
112.9 56.4154 17.9042 33.5154 40.7138
113 56.4655 17.8571 33.4655 40.7609
113.1 56.5155 17.81 33.4155 40.808
113.2 56.5655 17.763 33.3655 40.855
113.3 56.6155 17.716 33.3155 40.902
113.4 56.6656 17.669 33.2656 40.949
113.5 56.7156 17.6221 33.2156 40.9959
113.6 56.7656 17.5752 33.1656 41.0428
113.7 56.8156 17.5283 33.1157 41.0897
113.8 56.8657 17.4815 33.0657 41.1365
113.9 56.9157 17.4347 33.0157 41.1833
114 56.9657 17.388 32.9657 41.23
114.1 57.0157 17.3412 32.9158 41.2768
114.2 57.0658 17.2946 32.8658 41.3234
114.3 57.1158 17.2479 32.8158 41.3701
114.4 57.1658 17.2013 32.7658 41.4167
114.5 57.2158 17.1548 32.7159 41.4632
114.6 57.2659 17.1082 32.6659 41.5098
114.7 57.3159 17.0617 32.6159 41.5563
114.8 57.3659 17.0153 32.566 41.6027
114.9 57.416 16.9689 32.516 41.6491
115 57.466 16.9225 32.466 41.6955
115.1 57.516 16.8761 32.416 41.7419
115.2 57.566 16.8298 32.3661 41.7882
115.3 57.6161 16.7836 32.3161 41.8344
115.4 57.6661 16.7373 32.2661 41.8807
115.5 57.7161 16.6912 32.2161 41.9268
115.6 57.7662 16.645 32.1662 41.973
115.7 57.8162 16.5989 32.1162 42.0191
115.8 57.8662 16.5528 32.0662 42.0652
115.9 57.9162 16.5068 32.0163 42.1112
116 57.9663 16.4608 31.9663 42.1572
116.1 58.0163 16.4148 31.9163 42.2032
116.2 58.0663 16.3689 31.8663 42.2491
116.3 58.1164 16.323 31.8164 42.295
116.4 58.1664 16.2772 31.7664 42.3408
116.5 58.2164 16.2314 31.7164 42.3866
116.6 58.2664 16.1856 31.6665 42.4324
116.7 58.3165 16.1399 31.6165 42.4781
116.8 58.3665 16.0942 31.5665 42.5238
116.9 58.4165 16.0486 31.5166 42.5694
117 58.4666 16.003 31.4666 42.615
117.1 58.5166 15.9574 31.4166 42.6606
117.2 58.5666 15.9119 31.3666 42.7061
117.3 58.6166 15.8664 31.3167 42.7516
117.4 58.6667 15.821 31.2667 42.797
117.5 58.7167 15.7756 31.2167 42.8424
117.6 58.7667 15.7303 31.1668 42.8877
117.7 58.8168 15.6849 31.1168 42.9331
117.8 58.8668 15.6397 31.0668 42.9783
117.9 58.9168 15.5944 31.0169 43.0236
118 58.9669 15.5493 30.9669 43.0687
118.1 59.0169 15.5041 30.9169 43.1139
118.2 59.0669 15.459 30.8669 43.159
118.3 59.117 15.4139 30.817 43.2041
118.4 59.167 15.3689 30.767 43.2491
118.5 59.217 15.324 30.717 43.294
118.6 59.267 15.279 30.6671 43.339
118.7 59.3171 15.2341 30.6171 43.3839
118.8 59.3671 15.1893 30.5671 43.4287
118.9 59.4171 15.1445 30.5172 43.4735
119 59.4672 15.0997 30.4672 43.5183
119.1 59.5172 15.055 30.4172 43.563
119.2 59.5672 15.0103 30.3673 43.6077
119.3 59.6173 14.9657 30.3173 43.6523
119.4 59.6673 14.9211 30.2673 43.6969
119.5 59.7173 14.8766 30.2174 43.7414
119.6 59.7674 14.8321 30.1674 43.7859
119.7 59.8174 14.7876 30.1174 43.8304
119.8 59.8674 14.7432 30.0675 43.8748
119.9 59.9175 14.6988 30.0175 43.9192
120 59.9675 14.6545 29.9675 43.9635
120.1 60.0175 14.6102 29.9176 44.0078
120.2 60.0676 14.566 29.8676 44.052
120.3 60.1176 14.5218 29.8176 44.0962
120.4 60.1676 14.4777 29.7676 44.1403
120.5 60.2177 14.4336 29.7177 44.1844
120.6 60.2677 14.3895 29.6677 44.2285
120.7 60.3177 14.3455 29.6177 44.2725
120.8 60.3678 14.3015 29.5678 44.3165
120.9 60.4178 14.2576 29.5178 44.3604
121 60.4678 14.2137 29.4679 44.4043
121.1 60.5179 14.1699 29.4179 44.4481
121.2 60.5679 14.1261 29.3679 44.4919
121.3 60.6179 14.0824 29.318 44.5356
121.4 60.668 14.0387 29.268 44.5793
121.5 60.718 13.9951 29.218 44.6229
121.6 60.768 13.9515 29.1681 44.6665
121.7 60.8181 13.908 29.1181 44.71
121.8 60.8681 13.8645 29.0681 44.7535
121.9 60.9181 13.821 29.0182 44.797
122 60.9682 13.7776 28.9682 44.8404
122.1 61.0182 13.7342 28.9182 44.8838
122.2 61.0682 13.6909 28.8683 44.9271
122.3 61.1183 13.6477 28.8183 44.9703
122.4 61.1683 13.6045 28.7683 45.0135
122.5 61.2183 13.5613 28.7184 45.0567
122.6 61.2684 13.5182 28.6684 45.0998
122.7 61.3184 13.4751 28.6184 45.1429
122.8 61.3685 13.4321 28.5685 45.1859
122.9 61.4185 13.3891 28.5185 45.2289
123 61.4685 13.3462 28.4685 45.2718
123.1 61.5186 13.3033 28.4186 45.3147
123.2 61.5686 13.2605 28.3686 45.3575
123.3 61.6186 13.2177 28.3187 45.4003
123.4 61.6687 13.175 28.2687 45.443
123.5 61.7187 13.1323 28.2187 45.4857
123.6 61.7687 13.0896 28.1688 45.5284
123.7 61.8188 13.0471 28.1188 45.5709
123.8 61.8688 13.0045 28.0688 45.6135
123.9 61.9188 12.962 28.0189 45.656
124 61.9689 12.9196 27.9689 45.6984
124.1 62.0189 12.8772 27.9189 45.7408
124.2 62.069 12.8349 27.869 45.7831
124.3 62.119 12.7926 27.819 45.8254
124.4 62.169 12.7504 27.7691 45.8676
124.5 62.2191 12.7082 27.7191 45.9098
124.6 62.2691 12.6661 27.6691 45.9519
124.7 62.3191 12.624 27.6192 45.994
124.8 62.3692 12.582 27.5692 46.036
124.9 62.4192 12.54 27.5192 46.078
125 62.4693 12.498 27.4693 46.12
125.1 62.5193 12.4562 27.4193 46.1618
125.2 62.5693 12.4143 27.3694 46.2037
125.3 62.6194 12.3726 27.3194 46.2454
125.4 62.6694 12.3308 27.2694 46.2872
125.5 62.7194 12.2892 27.2195 46.3288
125.6 62.7695 12.2476 27.1695 46.3704
125.7 62.8195 12.206 27.1195 46.412
125.8 62.8696 12.1645 27.0696 46.4535
125.9 62.9196 12.123 27.0196 46.495
126 62.9696 12.0816 26.9697 46.5364
126.1 63.0197 12.0402 26.9197 46.5778
126.2 63.0697 11.9989 26.8697 46.6191
126.3 63.1198 11.9577 26.8198 46.6603
126.4 63.1698 11.9165 26.7698 46.7015
126.5 63.2198 11.8753 26.7199 46.7427
126.6 63.2699 11.8342 26.6699 46.7838
126.7 63.3199 11.7932 26.6199 46.8248
126.8 63.3699 11.7522 26.57 46.8658
126.9 63.42 11.7113 26.52 46.9067
127 63.47 11.6704 26.47 46.9476
127.1 63.5201 11.6296 26.4201 46.9884
127.2 63.5701 11.5888 26.3701 47.0292
127.3 63.6201 11.5481 26.3202 47.0699
127.4 63.6702 11.5074 26.2702 47.1106
127.5 63.7202 11.4668 26.2202 47.1512
127.6 63.7703 11.4263 26.1703 47.1917
127.7 63.8203 11.3858 26.1203 47.2322
127.8 63.8703 11.3453 26.0704 47.2727
127.9 63.9204 11.3049 26.0204 47.3131
128 63.9704 11.2646 25.9704 47.3534
128.1 64.0205 11.2243 25.9205 47.3937
128.2 64.0705 11.1841 25.8705 47.4339
128.3 64.1205 11.1439 25.8206 47.4741
128.4 64.1706 11.1038 25.7706 47.5142
128.5 64.2206 11.0637 25.7206 47.5543
128.6 64.2707 11.0237 25.6707 47.5943
128.7 64.3207 10.9838 25.6207 47.6342
128.8 64.3707 10.9439 25.5708 47.6741
128.9 64.4208 10.904 25.5208 47.714
129 64.4708 10.8642 25.4709 47.7538
129.1 64.5209 10.8245 25.4209 47.7935
129.2 64.5709 10.7849 25.3709 47.8331
129.3 64.621 10.7452 25.321 47.8728
129.4 64.671 10.7057 25.271 47.9123
129.5 64.721 10.6662 25.2211 47.9518
129.6 64.7711 10.6267 25.1711 47.9913
129.7 64.8211 10.5874 25.1211 48.0306
129.8 64.8712 10.548 25.0712 48.07
129.9 64.9212 10.5088 25.0212 48.1092
130 64.9712 10.4695 24.9713 48.1485
130.1 65.0213 10.4304 24.9213 48.1876
130.2 65.0713 10.3913 24.8714 48.2267
130.3 65.1214 10.3522 24.8214 48.2658
130.4 65.1714 10.3133 24.7714 48.3047
130.5 65.2215 10.2743 24.7215 48.3437
130.6 65.2715 10.2355 24.6715 48.3825
130.7 65.3215 10.1966 24.6216 48.4214
130.8 65.3716 10.1579 24.5716 48.4601
130.9 65.4216 10.1192 24.5217 48.4988
131 65.4717 10.0806 24.4717 48.5374
131.1 65.5217 10.042 24.4217 48.576
131.2 65.5718 10.0035 24.3718 48.6145
131.3 65.6218 9.96501 24.3218 48.653
131.4 65.6718 9.92661 24.2719 48.6914
131.5 65.7219 9.88827 24.2219 48.7297
131.6 65.7719 9.84999 24.172 48.768
131.7 65.822 9.81176 24.122 48.8062
131.8 65.872 9.7736 24.072 48.8444
131.9 65.9221 9.7355 24.0221 48.8825
132 65.9721 9.69745 23.9721 48.9205
132.1 66.0221 9.65947 23.9222 48.9585
132.2 66.0722 9.62154 23.8722 48.9965
132.3 66.1222 9.58368 23.8223 49.0343
132.4 66.1723 9.54587 23.7723 49.0721
132.5 66.2223 9.50813 23.7224 49.1099
132.6 66.2724 9.47044 23.6724 49.1476
132.7 66.3224 9.43282 23.6224 49.1852
132.8 66.3725 9.39525 23.5725 49.2227
132.9 66.4225 9.35775 23.5225 49.2602
133 66.4725 9.32031 23.4726 49.2977
133.1 66.5226 9.28293 23.4226 49.3351
133.2 66.5726 9.24561 23.3727 49.3724
133.3 66.6227 9.20835 23.3227 49.4097
133.4 66.6727 9.17115 23.2728 49.4468
133.5 66.7228 9.13402 23.2228 49.484
133.6 66.7728 9.09694 23.1728 49.5211
133.7 66.8229 9.05993 23.1229 49.5581
133.8 66.8729 9.02298 23.0729 49.595
133.9 66.923 8.98609 23.023 49.6319
134 66.973 8.94926 22.973 49.6687
134.1 67.023 8.91249 22.9231 49.7055
134.2 67.0731 8.87579 22.8731 49.7422
134.3 67.1231 8.83915 22.8232 49.7789
134.4 67.1732 8.80257 22.7732 49.8154
134.5 67.2232 8.76605 22.7233 49.8519
134.6 67.2733 8.7296 22.6733 49.8884
134.7 67.3233 8.6932 22.6233 49.9248
134.8 67.3734 8.65688 22.5734 49.9611
134.9 67.4234 8.62061 22.5234 49.9974
135 67.4735 8.58441 22.4735 50.0336
135.1 67.5235 8.54827 22.4235 50.0697
135.2 67.5736 8.51219 22.3736 50.1058
135.3 67.6236 8.47618 22.3236 50.1418
135.4 67.6736 8.44023 22.2737 50.1778
135.5 67.7237 8.40434 22.2237 50.2137
135.6 67.7737 8.36852 22.1738 50.2495
135.7 67.8238 8.33276 22.1238 50.2852
135.8 67.8738 8.29707 22.0739 50.3209
135.9 67.9239 8.26144 22.0239 50.3566
136 67.9739 8.22587 21.9739 50.3921
136.1 68.024 8.19037 21.924 50.4276
136.2 68.074 8.15493 21.874 50.4631
136.3 68.1241 8.11956 21.8241 50.4984
136.4 68.1741 8.08425 21.7741 50.5338
136.5 68.2242 8.049 21.7242 50.569
136.6 68.2742 8.01382 21.6742 50.6042
136.7 68.3243 7.97871 21.6243 50.6393
136.8 68.3743 7.94366 21.5743 50.6743
136.9 68.4244 7.90867 21.5244 50.7093
137 68.4744 7.87375 21.4744 50.7442
137.1 68.5244 7.8389 21.4245 50.7791
137.2 68.5745 7.80411 21.3745 50.8139
137.3 68.6245 7.76939 21.3246 50.8486
137.4 68.6746 7.73473 21.2746 50.8833
137.5 68.7246 7.70014 21.2247 50.9179
137.6 68.7747 7.66561 21.1747 50.9524
137.7 68.8247 7.63115 21.1248 50.9868
137.8 68.8748 7.59676 21.0748 51.0212
137.9 68.9248 7.56243 21.0249 51.0556
138 68.9749 7.52817 20.9749 51.0898
138.1 69.0249 7.49397 20.925 51.124
138.2 69.075 7.45984 20.875 51.1582
138.3 69.125 7.42578 20.8251 51.1922
138.4 69.1751 7.39179 20.7751 51.2262
138.5 69.2251 7.35786 20.7252 51.2601
138.6 69.2752 7.32399 20.6752 51.294
138.7 69.3252 7.2902 20.6252 51.3278
138.8 69.3753 7.25647 20.5753 51.3615
138.9 69.4253 7.22281 20.5253 51.3952
139 69.4754 7.18922 20.4754 51.4288
139.1 69.5254 7.15569 20.4254 51.4623
139.2 69.5755 7.12223 20.3755 51.4958
139.3 69.6255 7.08884 20.3255 51.5292
139.4 69.6756 7.05552 20.2756 51.5625
139.5 69.7256 7.02226 20.2256 51.5957
139.6 69.7757 6.98907 20.1757 51.6289
139.7 69.8257 6.95595 20.1257 51.662
139.8 69.8758 6.9229 20.0758 51.6951
139.9 69.9258 6.88992 20.0258 51.7281
140 69.9759 6.857 19.9759 51.761
140.1 70.0259 6.82416 19.9259 51.7938
140.2 70.076 6.79138 19.876 51.8266
140.3 70.126 6.75867 19.826 51.8593
140.4 70.1761 6.72603 19.7761 51.892
140.5 70.2261 6.69346 19.7261 51.9245
140.6 70.2762 6.66095 19.6762 51.957
140.7 70.3262 6.62852 19.6262 51.9895
140.8 70.3763 6.59615 19.5763 52.0218
140.9 70.4263 6.56386 19.5263 52.0541
141 70.4764 6.53163 19.4764 52.0864
141.1 70.5264 6.49947 19.4265 52.1185
141.2 70.5765 6.46738 19.3765 52.1506
141.3 70.6265 6.43537 19.3266 52.1826
141.4 70.6766 6.40342 19.2766 52.2146
141.5 70.7266 6.37154 19.2267 52.2465
141.6 70.7767 6.33973 19.1767 52.2783
141.7 70.8267 6.30799 19.1268 52.31
141.8 70.8768 6.27632 19.0768 52.3417
141.9 70.9268 6.24472 19.0269 52.3733
142 70.9769 6.21319 18.9769 52.4048
142.1 71.0269 6.18173 18.927 52.4363
142.2 71.077 6.15035 18.877 52.4677
142.3 71.127 6.11903 18.8271 52.499
142.4 71.1771 6.08778 18.7771 52.5302
142.5 71.2271 6.05661 18.7272 52.5614
142.6 71.2772 6.0255 18.6772 52.5925
142.7 71.3273 5.99447 18.6273 52.6235
142.8 71.3773 5.9635 18.5773 52.6545
142.9 71.4274 5.93261 18.5274 52.6854
143 71.4774 5.90179 18.4774 52.7162
143.1 71.5275 5.87104 18.4275 52.747
143.2 71.5775 5.84036 18.3775 52.7776
143.3 71.6276 5.80976 18.3276 52.8082
143.4 71.6776 5.77922 18.2776 52.8388
143.5 71.7277 5.74876 18.2277 52.8692
143.6 71.7777 5.71837 18.1777 52.8996
143.7 71.8278 5.68805 18.1278 52.93
143.8 71.8778 5.6578 18.0779 52.9602
143.9 71.9279 5.62762 18.0279 52.9904
144 71.9779 5.59752 17.978 53.0205
144.1 72.028 5.56749 17.928 53.0505
144.2 72.078 5.53753 17.8781 53.0805
144.3 72.1281 5.50764 17.8281 53.1104
144.4 72.1781 5.47783 17.7782 53.1402
144.5 72.2282 5.44809 17.7282 53.1699
144.6 72.2783 5.41842 17.6783 53.1996
144.7 72.3283 5.38882 17.6283 53.2292
144.8 72.3784 5.3593 17.5784 53.2587
144.9 72.4284 5.32985 17.5284 53.2882
145 72.4785 5.30047 17.4785 53.3175
145.1 72.5285 5.27117 17.4285 53.3468
145.2 72.5786 5.24194 17.3786 53.3761
145.3 72.6286 5.21278 17.3287 53.4052
145.4 72.6787 5.1837 17.2787 53.4343
145.5 72.7287 5.15469 17.2288 53.4633
145.6 72.7788 5.12575 17.1788 53.4923
145.7 72.8288 5.09689 17.1289 53.5211
145.8 72.8789 5.0681 17.0789 53.5499
145.9 72.929 5.03938 17.029 53.5786
146 72.979 5.01074 16.979 53.6073
146.1 73.0291 4.98217 16.9291 53.6358
146.2 73.0791 4.95368 16.8791 53.6643
146.3 73.1292 4.92526 16.8292 53.6927
146.4 73.1792 4.89691 16.7792 53.7211
146.5 73.2293 4.86864 16.7293 53.7494
146.6 73.2793 4.84044 16.6794 53.7776
146.7 73.3294 4.81232 16.6294 53.8057
146.8 73.3794 4.78427 16.5795 53.8337
146.9 73.4295 4.7563 16.5295 53.8617
147 73.4796 4.7284 16.4796 53.8896
147.1 73.5296 4.70058 16.4296 53.9174
147.2 73.5797 4.67283 16.3797 53.9452
147.3 73.6297 4.64516 16.3297 53.9728
147.4 73.6798 4.61756 16.2798 54.0004
147.5 73.7298 4.59004 16.2299 54.028
147.6 73.7799 4.56259 16.1799 54.0554
147.7 73.8299 4.53522 16.13 54.0828
147.8 73.88 4.50792 16.08 54.1101
147.9 73.9301 4.4807 16.0301 54.1373
148 73.9801 4.45356 15.9801 54.1644
148.1 74.0302 4.42649 15.9302 54.1915
148.2 74.0802 4.3995 15.8802 54.2185
148.3 74.1303 4.37258 15.8303 54.2454
148.4 74.1803 4.34574 15.7804 54.2723
148.5 74.2304 4.31897 15.7304 54.299
148.6 74.2804 4.29228 15.6805 54.3257
148.7 74.3305 4.26567 15.6305 54.3523
148.8 74.3806 4.23913 15.5806 54.3789
148.9 74.4306 4.21267 15.5306 54.4053
149 74.4807 4.18628 15.4807 54.4317
149.1 74.5307 4.15998 15.4307 54.458
149.2 74.5808 4.13374 15.3808 54.4843
149.3 74.6308 4.10759 15.3309 54.5104
149.4 74.6809 4.08151 15.2809 54.5365
149.5 74.7309 4.05551 15.231 54.5625
149.6 74.781 4.02959 15.181 54.5884
149.7 74.8311 4.00374 15.1311 54.6143
149.8 74.8811 3.97797 15.0811 54.64
149.9 74.9312 3.95228 15.0312 54.6657
150 74.9812 3.92666 14.9813 54.6913
150.1 75.0313 3.90112 14.9313 54.7169
150.2 75.0813 3.87566 14.8814 54.7423
150.3 75.1314 3.85028 14.8314 54.7677
150.4 75.1815 3.82497 14.7815 54.793
150.5 75.2315 3.79974 14.7315 54.8183
150.6 75.2816 3.77459 14.6816 54.8434
150.7 75.3316 3.74952 14.6316 54.8685
150.8 75.3817 3.72453 14.5817 54.8935
150.9 75.4317 3.69961 14.5318 54.9184
151 75.4818 3.67477 14.4818 54.9432
151.1 75.5319 3.65001 14.4319 54.968
151.2 75.5819 3.62533 14.3819 54.9927
151.3 75.632 3.60072 14.332 55.0173
151.4 75.682 3.5762 14.2821 55.0418
151.5 75.7321 3.55175 14.2321 55.0663
151.6 75.7821 3.52738 14.1822 55.0906
151.7 75.8322 3.50309 14.1322 55.1149
151.8 75.8823 3.47888 14.0823 55.1391
151.9 75.9323 3.45474 14.0323 55.1633
152 75.9824 3.43069 13.9824 55.1873
152.1 76.0324 3.40671 13.9325 55.2113
152.2 76.0825 3.38282 13.8825 55.2352
152.3 76.1325 3.359 13.8326 55.259
152.4 76.1826 3.33526 13.7826 55.2827
152.5 76.2327 3.3116 13.7327 55.3064
152.6 76.2827 3.28802 13.6827 55.33
152.7 76.3328 3.26452 13.6328 55.3535
152.8 76.3828 3.2411 13.5829 55.3769
152.9 76.4329 3.21775 13.5329 55.4002
153 76.483 3.19449 13.483 55.4235
153.1 76.533 3.17131 13.433 55.4467
153.2 76.5831 3.1482 13.3831 55.4698
153.3 76.6331 3.12518 13.3332 55.4928
153.4 76.6832 3.10223 13.2832 55.5158
153.5 76.7332 3.07937 13.2333 55.5386
153.6 76.7833 3.05658 13.1833 55.5614
153.7 76.8334 3.03388 13.1334 55.5841
153.8 76.8834 3.01125 13.0834 55.6067
153.9 76.9335 2.98871 13.0335 55.6293
154 76.9835 2.96625 12.9836 55.6518
154.1 77.0336 2.94386 12.9336 55.6741
154.2 77.0837 2.92156 12.8837 55.6964
154.3 77.1337 2.89933 12.8337 55.7187
154.4 77.1838 2.87719 12.7838 55.7408
154.5 77.2338 2.85513 12.7339 55.7629
154.6 77.2839 2.83315 12.6839 55.7849
154.7 77.334 2.81124 12.634 55.8068
154.8 77.384 2.78942 12.584 55.8286
154.9 77.4341 2.76768 12.5341 55.8503
155 77.4841 2.74603 12.4842 55.872
155.1 77.5342 2.72445 12.4342 55.8936
155.2 77.5843 2.70295 12.3843 55.9151
155.3 77.6343 2.68153 12.3343 55.9365
155.4 77.6844 2.6602 12.2844 55.9578
155.5 77.7344 2.63895 12.2345 55.9791
155.6 77.7845 2.61777 12.1845 56.0002
155.7 77.8346 2.59668 12.1346 56.0213
155.8 77.8846 2.57567 12.0846 56.0423
155.9 77.9347 2.55474 12.0347 56.0633
156 77.9847 2.5339 11.9847 56.0841
156.1 78.0348 2.51313 11.9348 56.1049
156.2 78.0849 2.49245 11.8849 56.1256
156.3 78.1349 2.47185 11.8349 56.1462
156.4 78.185 2.45132 11.785 56.1667
156.5 78.235 2.43089 11.735 56.1871
156.6 78.2851 2.41053 11.6851 56.2075
156.7 78.3352 2.39026 11.6352 56.2277
156.8 78.3852 2.37006 11.5852 56.2479
156.9 78.4353 2.34995 11.5353 56.268
157 78.4853 2.32992 11.4853 56.2881
157.1 78.5354 2.30998 11.4354 56.308
157.2 78.5855 2.29011 11.3855 56.3279
157.3 78.6355 2.27033 11.3355 56.3477
157.4 78.6856 2.25063 11.2856 56.3674
157.5 78.7356 2.23101 11.2357 56.387
157.6 78.7857 2.21148 11.1857 56.4065
157.7 78.8358 2.19203 11.1358 56.426
157.8 78.8858 2.17266 11.0858 56.4453
157.9 78.9359 2.15337 11.0359 56.4646
158 78.9859 2.13417 10.986 56.4838
158.1 79.036 2.11505 10.936 56.503
158.2 79.0861 2.09601 10.8861 56.522
158.3 79.1361 2.07705 10.8361 56.5409
158.4 79.1862 2.05818 10.7862 56.5598
158.5 79.2362 2.03939 10.7363 56.5786
158.6 79.2863 2.02069 10.6863 56.5973
158.7 79.3364 2.00206 10.6364 56.6159
158.8 79.3864 1.98352 10.5864 56.6345
158.9 79.4365 1.96506 10.5365 56.6529
159 79.4865 1.94669 10.4866 56.6713
159.1 79.5366 1.9284 10.4366 56.6896
159.2 79.5867 1.91019 10.3867 56.7078
159.3 79.6367 1.89207 10.3367 56.7259
159.4 79.6868 1.87403 10.2868 56.744
159.5 79.7369 1.85607 10.2369 56.7619
159.6 79.7869 1.8382 10.1869 56.7798
159.7 79.837 1.82041 10.137 56.7976
159.8 79.887 1.80271 10.0871 56.8153
159.9 79.9371 1.78509 10.0371 56.8329
160 79.9872 1.76755 9.98718 56.8505
160.1 80.0372 1.7501 9.93724 56.8679
160.2 80.0873 1.73273 9.8873 56.8853
160.3 80.1373 1.71544 9.83736 56.9026
160.4 80.1874 1.69824 9.78742 56.9198
160.5 80.2375 1.68112 9.73748 56.9369
160.6 80.2875 1.66409 9.68755 56.9539
160.7 80.3376 1.64714 9.63761 56.9709
160.8 80.3877 1.63027 9.58767 56.9877
160.9 80.4377 1.61349 9.53773 57.0045
161 80.4878 1.5968 9.48779 57.0212
161.1 80.5378 1.58018 9.43785 57.0378
161.2 80.5879 1.56366 9.38792 57.0543
161.3 80.638 1.54721 9.33798 57.0708
161.4 80.688 1.53086 9.28804 57.0871
161.5 80.7381 1.51458 9.2381 57.1034
161.6 80.7881 1.49839 9.18816 57.1196
161.7 80.8382 1.48229 9.13823 57.1357
161.8 80.8883 1.46627 9.08829 57.1517
161.9 80.9383 1.45033 9.03835 57.1677
162 80.9884 1.43448 8.98841 57.1835
162.1 81.0385 1.41872 8.93848 57.1993
162.2 81.0885 1.40304 8.88854 57.215
162.3 81.1386 1.38744 8.8386 57.2306
162.4 81.1886 1.37193 8.78866 57.2461
162.5 81.2387 1.35651 8.73872 57.2615
162.6 81.2888 1.34117 8.68879 57.2768
162.7 81.3388 1.32592 8.63885 57.2921
162.8 81.3889 1.31075 8.58891 57.3073
162.9 81.439 1.29566 8.53897 57.3223
163 81.489 1.28066 8.48904 57.3373
163.1 81.5391 1.26575 8.4391 57.3522
163.2 81.5891 1.25092 8.38916 57.3671
163.3 81.6392 1.23618 8.33923 57.3818
163.4 81.6893 1.22152 8.28929 57.3965
163.5 81.7393 1.20695 8.23935 57.411
163.6 81.7894 1.19247 8.18941 57.4255
163.7 81.8395 1.17807 8.13948 57.4399
163.8 81.8895 1.16375 8.08954 57.4542
163.9 81.9396 1.14952 8.0396 57.4685
164 81.9897 1.13538 7.98966 57.4826
164.1 82.0397 1.12132 7.93973 57.4967
164.2 82.0898 1.10735 7.88979 57.5106
164.3 82.1398 1.09347 7.83985 57.5245
164.4 82.1899 1.07967 7.78992 57.5383
164.5 82.24 1.06596 7.73998 57.552
164.6 82.29 1.05233 7.69004 57.5657
164.7 82.3401 1.03879 7.64011 57.5792
164.8 82.3902 1.02533 7.59017 57.5927
164.9 82.4402 1.01196 7.54023 57.606
165 82.4903 0.99868 7.4903 57.6193
165.1 82.5403 0.985483 7.44036 57.6325
165.2 82.5904 0.972373 7.39042 57.6456
165.3 82.6405 0.959349 7.34049 57.6587
165.4 82.6905 0.946412 7.29055 57.6716
165.5 82.7406 0.933561 7.24061 57.6844
165.6 82.7907 0.920796 7.19068 57.6972
165.7 82.8407 0.908118 7.14074 57.7099
165.8 82.8908 0.895526 7.0908 57.7225
165.9 82.9409 0.883021 7.04087 57.735
166 82.9909 0.870603 6.99093 57.7474
166.1 83.041 0.858271 6.94099 57.7597
166.2 83.091 0.846025 6.89106 57.772
166.3 83.1411 0.833867 6.84112 57.7841
166.4 83.1912 0.821795 6.79118 57.7962
166.5 83.2412 0.80981 6.74125 57.8082
166.6 83.2913 0.797912 6.69131 57.8201
166.7 83.3414 0.7861 6.64137 57.8319
166.8 83.3914 0.774376 6.59144 57.8436
166.9 83.4415 0.762738 6.5415 57.8553
167 83.4916 0.751188 6.49157 57.8668
167.1 83.5416 0.739724 6.44163 57.8783
167.2 83.5917 0.728348 6.39169 57.8897
167.3 83.6417 0.717058 6.34176 57.9009
167.4 83.6918 0.705856 6.29182 57.9121
167.5 83.7419 0.69474 6.24188 57.9233
167.6 83.7919 0.683712 6.19195 57.9343
167.7 83.842 0.672771 6.14201 57.9452
167.8 83.8921 0.661918 6.09208 57.9561
167.9 83.9421 0.651151 6.04214 57.9668
168 83.9922 0.640472 5.9922 57.9775
168.1 84.0423 0.62988 5.94227 57.9881
168.2 84.0923 0.619376 5.89233 57.9986
168.3 84.1424 0.608959 5.8424 58.009
168.4 84.1925 0.598629 5.79246 58.0194
168.5 84.2425 0.588387 5.74252 58.0296
168.6 84.2926 0.578232 5.69259 58.0398
168.7 84.3426 0.568165 5.64265 58.0498
168.8 84.3927 0.558185 5.59272 58.0598
168.9 84.4428 0.548293 5.54278 58.0697
169 84.4928 0.538489 5.49285 58.0795
169.1 84.5429 0.528772 5.44291 58.0892
169.2 84.593 0.519143 5.39297 58.0989
169.3 84.643 0.509602 5.34304 58.1084
169.4 84.6931 0.500148 5.2931 58.1179
169.5 84.7432 0.490782 5.24317 58.1272
169.6 84.7932 0.481504 5.19323 58.1365
169.7 84.8433 0.472313 5.1433 58.1457
169.8 84.8934 0.463211 5.09336 58.1548
169.9 84.9434 0.454196 5.04342 58.1638
170 84.9935 0.44527 4.99349 58.1727
170.1 85.0435 0.436431 4.94355 58.1816
170.2 85.0936 0.42768 4.89362 58.1903
170.3 85.1437 0.419017 4.84368 58.199
170.4 85.1937 0.410442 4.79375 58.2076
170.5 85.2438 0.401955 4.74381 58.216
170.6 85.2939 0.393557 4.69388 58.2244
170.7 85.3439 0.385246 4.64394 58.2328
170.8 85.394 0.377023 4.59401 58.241
170.9 85.4441 0.368889 4.54407 58.2491
171 85.4941 0.360842 4.49413 58.2572
171.1 85.5442 0.352884 4.4442 58.2651
171.2 85.5943 0.345014 4.39426 58.273
171.3 85.6443 0.337233 4.34433 58.2808
171.4 85.6944 0.329539 4.29439 58.2885
171.5 85.7445 0.321934 4.24446 58.2961
171.6 85.7945 0.314417 4.19452 58.3036
171.7 85.8446 0.306989 4.14459 58.311
171.8 85.8946 0.299648 4.09465 58.3184
171.9 85.9447 0.292397 4.04472 58.3256
172 85.9948 0.285233 3.99478 58.3328
172.1 86.0448 0.278158 3.94485 58.3398
172.2 86.0949 0.271172 3.89491 58.3468
172.3 86.145 0.264273 3.84498 58.3537
172.4 86.195 0.257464 3.79504 58.3605
172.5 86.2451 0.250743 3.74511 58.3673
172.6 86.2952 0.24411 3.69517 58.3739
172.7 86.3452 0.237566 3.64524 58.3804
172.8 86.3953 0.23111 3.5953 58.3869
172.9 86.4454 0.224743 3.54537 58.3933
173 86.4954 0.218465 3.49543 58.3995
173.1 86.5455 0.212275 3.4455 58.4057
173.2 86.5956 0.206174 3.39556 58.4118
173.3 86.6456 0.200161 3.34563 58.4178
173.4 86.6957 0.194238 3.29569 58.4238
173.5 86.7457 0.188402 3.24576 58.4296
173.6 86.7958 0.182656 3.19582 58.4353
173.7 86.8459 0.176998 3.14589 58.441
173.8 86.8959 0.171429 3.09595 58.4466
173.9 86.946 0.165949 3.04602 58.4521
174 86.9961 0.160558 2.99608 58.4574
174.1 87.0461 0.155255 2.94615 58.4627
174.2 87.0962 0.150041 2.89621 58.468
174.3 87.1463 0.144916 2.84628 58.4731
174.4 87.1963 0.13988 2.79634 58.4781
174.5 87.2464 0.134933 2.74641 58.4831
174.6 87.2965 0.130074 2.69647 58.4879
174.7 87.3465 0.125305 2.64654 58.4927
174.8 87.3966 0.120624 2.5966 58.4974
174.9 87.4467 0.116032 2.54667 58.502
175 87.4967 0.11153 2.49673 58.5065
175.1 87.5468 0.107116 2.4468 58.5109
175.2 87.5969 0.102791 2.39686 58.5152
175.3 87.6469 0.0985548 2.34693 58.5194
175.4 87.697 0.0944079 2.29699 58.5236
175.5 87.7471 0.0903499 2.24706 58.5277
175.6 87.7971 0.0863809 2.19712 58.5316
175.7 87.8472 0.0825009 2.14719 58.5355
175.8 87.8973 0.07871 2.09725 58.5393
175.9 87.9473 0.0750081 2.04732 58.543
176 87.9974 0.0713953 1.99738 58.5466
176.1 88.0474 0.0678715 1.94745 58.5501
176.2 88.0975 0.0644368 1.89752 58.5536
176.3 88.1476 0.0610911 1.84758 58.5569
176.4 88.1976 0.0578346 1.79765 58.5602
176.5 88.2477 0.0546672 1.74771 58.5633
176.6 88.2978 0.0515889 1.69778 58.5664
176.7 88.3478 0.0485997 1.64784 58.5694
176.8 88.3979 0.0456996 1.59791 58.5723
176.9 88.448 0.0428887 1.54797 58.5751
177 88.498 0.040167 1.49804 58.5778
177.1 88.5481 0.0375344 1.4481 58.5805
177.2 88.5982 0.0349909 1.39817 58.583
177.3 88.6482 0.0325367 1.34823 58.5855
177.4 88.6983 0.0301716 1.2983 58.5878
177.5 88.7484 0.0278957 1.24836 58.5901
177.6 88.7984 0.025709 1.19843 58.5923
177.7 88.8485 0.0236115 1.1485 58.5944
177.8 88.8986 0.0216032 1.09856 58.5964
177.9 88.9486 0.0196841 1.04863 58.5983
178 88.9987 0.0178543 0.998691 58.6001
178.1 89.0488 0.0161136 0.948757 58.6019
178.2 89.0988 0.0144622 0.898822 58.6035
178.3 89.1489 0.0129001 0.848888 58.6051
178.4 89.199 0.0114271 0.798953 58.6066
178.5 89.249 0.0100435 0.749019 58.608
178.6 89.2991 0.00874904 0.699084 58.6093
178.7 89.3491 0.00754386 0.649149 58.6105
178.8 89.3992 0.00642795 0.599215 58.6116
178.9 89.4493 0.00540129 0.54928 58.6126
179 89.4993 0.0044639 0.499346 58.6135
179.1 89.5494 0.00361578 0.449411 58.6144
179.2 89.5995 0.00285692 0.399476 58.6151
179.3 89.6495 0.00218734 0.349542 58.6158
179.4 89.6996 0.00160703 0.299607 58.6164
179.5 89.7497 0.001116 0.249673 58.6169
179.6 89.7997 0.00071424 0.199738 58.6173
179.7 89.8498 0.000401761 0.149804 58.6176
179.8 89.8999 0.00017856 0.0998691 58.6178
179.9 89.9499 4.46402e-05 0.0499346 58.618
