#kinematics calculation of gsex
#vertex z = 200 mm, E_reaction = 58.618 MeV
#theta_cm, theta3_lab, Ek3_lab, theta4_lab, Ek4_lab
0 0 54.0862 0 0.091801
0.1 0.0478897 54.0862 1.16341 0.0918421
0.2 0.0957794 54.086 2.32573 0.0919655
0.3 0.143669 54.0858 3.48588 0.0921711
0.4 0.191559 54.0855 4.64281 0.0924589
0.5 0.239448 54.0852 5.79544 0.092829
0.6 0.287338 54.0847 6.94276 0.0932813
0.7 0.335228 54.0842 8.08377 0.0938159
0.8 0.383117 54.0836 9.21749 0.0944326
0.9 0.431007 54.0829 10.343 0.0951316
1 0.478897 54.0821 11.4594 0.0959129
1.1 0.526786 54.0812 12.5658 0.0967763
1.2 0.574676 54.0803 13.6615 0.097722
1.3 0.622565 54.0793 14.7457 0.09875
1.4 0.670455 54.0781 15.8177 0.0998601
1.5 0.718344 54.0769 16.8768 0.101052
1.6 0.766233 54.0757 17.9224 0.102327
1.7 0.814123 54.0743 18.9541 0.103684
1.8 0.862012 54.0729 19.9713 0.105123
1.9 0.909901 54.0714 20.9735 0.106644
2 0.95779 54.0698 21.9605 0.108247
2.1 1.00568 54.0681 22.9318 0.109933
2.2 1.05357 54.0663 23.8872 0.111701
2.3 1.10146 54.0644 24.8265 0.11355
2.4 1.14935 54.0625 25.7494 0.115483
2.5 1.19724 54.0605 26.6559 0.117497
2.6 1.24512 54.0584 27.5458 0.119593
2.7 1.29301 54.0562 28.419 0.121772
2.8 1.3409 54.054 29.2755 0.124032
2.9 1.38879 54.0516 30.1154 0.126375
3 1.43668 54.0492 30.9386 0.1288
3.1 1.48457 54.0467 31.7453 0.131307
3.2 1.53245 54.0441 32.5356 0.133897
3.3 1.58034 54.0414 33.3094 0.136568
3.4 1.62823 54.0387 34.0671 0.139322
3.5 1.67612 54.0358 34.8088 0.142157
3.6 1.72401 54.0329 35.5345 0.145075
3.7 1.77189 54.0299 36.2447 0.148074
3.8 1.81978 54.0268 36.9393 0.151156
3.9 1.86767 54.0237 37.6188 0.15432
4 1.91556 54.0204 38.2832 0.157566
4.1 1.96344 54.0171 38.9329 0.160894
4.2 2.01133 54.0137 39.5681 0.164304
4.3 2.05922 54.0102 40.1891 0.167796
4.4 2.10711 54.0066 40.7961 0.17137
4.5 2.15499 54.003 41.3893 0.175026
4.6 2.20288 53.9992 41.9692 0.178764
4.7 2.25077 53.9954 42.5358 0.182584
4.8 2.29865 53.9915 43.0896 0.186486
4.9 2.34654 53.9875 43.6307 0.190469
5 2.39442 53.9835 44.1594 0.194535
5.1 2.44231 53.9793 44.6761 0.198683
5.2 2.4902 53.9751 45.1809 0.202913
5.3 2.53808 53.9708 45.6742 0.207224
5.4 2.58597 53.9664 46.1562 0.211617
5.5 2.63385 53.9619 46.6271 0.216093
5.6 2.68174 53.9574 47.0873 0.22065
5.7 2.72962 53.9527 47.537 0.225289
5.8 2.77751 53.948 47.9764 0.23001
5.9 2.82539 53.9432 48.4057 0.234812
6 2.87328 53.9383 48.8253 0.239697
6.1 2.92116 53.9333 49.2353 0.244663
6.2 2.96905 53.9283 49.636 0.249711
6.3 3.01693 53.9232 50.0276 0.254841
6.4 3.06481 53.9179 50.4103 0.260052
6.5 3.1127 53.9127 50.7844 0.265346
6.6 3.16058 53.9073 51.15 0.270721
6.7 3.20846 53.9018 51.5074 0.276177
6.8 3.25635 53.8963 51.8568 0.281716
6.9 3.30423 53.8907 52.1984 0.287336
7 3.35211 53.885 52.5323 0.293037
7.1 3.39999 53.8792 52.8587 0.298821
7.2 3.44788 53.8733 53.1779 0.304685
7.3 3.49576 53.8674 53.49 0.310632
7.4 3.54364 53.8613 53.7952 0.31666
7.5 3.59152 53.8552 54.0936 0.32277
7.6 3.6394 53.849 54.3855 0.328961
7.7 3.68728 53.8428 54.6709 0.335233
7.8 3.73516 53.8364 54.9501 0.341587
7.9 3.78305 53.83 55.2232 0.348023
8 3.83093 53.8235 55.4903 0.35454
8.1 3.87881 53.8169 55.7516 0.361139
8.2 3.92669 53.8102 56.0072 0.367819
8.3 3.97457 53.8034 56.2573 0.37458
8.4 4.02245 53.7966 56.502 0.381423
8.5 4.07032 53.7897 56.7415 0.388347
8.6 4.1182 53.7826 56.9758 0.395352
8.7 4.16608 53.7756 57.205 0.402439
8.8 4.21396 53.7684 57.4294 0.409607
8.9 4.26184 53.7611 57.6489 0.416856
9 4.30972 53.7538 57.8638 0.424187
9.1 4.35759 53.7464 58.0742 0.431599
9.2 4.40547 53.7389 58.28 0.439091
9.3 4.45335 53.7313 58.4815 0.446666
9.4 4.50123 53.7237 58.6788 0.454321
9.5 4.5491 53.7159 58.8719 0.462057
9.6 4.59698 53.7081 59.061 0.469875
9.7 4.64485 53.7002 59.2461 0.477774
9.8 4.69273 53.6922 59.4273 0.485753
9.9 4.74061 53.6842 59.6047 0.493814
10 4.78848 53.676 59.7784 0.501956
10.1 4.83636 53.6678 59.9485 0.510179
10.2 4.88423 53.6595 60.1151 0.518482
10.3 4.9321 53.6511 60.2782 0.526867
10.4 4.97998 53.6427 60.4379 0.535333
10.5 5.02785 53.6341 60.5944 0.543879
10.6 5.07572 53.6255 60.7475 0.552506
10.7 5.1236 53.6168 60.8976 0.561214
10.8 5.17147 53.608 61.0445 0.570003
10.9 5.21934 53.5991 61.1884 0.578873
11 5.26721 53.5902 61.3293 0.587824
11.1 5.31509 53.5811 61.4674 0.596855
11.2 5.36296 53.572 61.6026 0.605967
11.3 5.41083 53.5628 61.735 0.615159
11.4 5.4587 53.5536 61.8647 0.624433
11.5 5.50657 53.5442 61.9917 0.633787
11.6 5.55444 53.5348 62.1162 0.643221
11.7 5.60231 53.5253 62.2381 0.652736
11.8 5.65018 53.5157 62.3575 0.662332
11.9 5.69805 53.506 62.4744 0.672008
12 5.74592 53.4962 62.5889 0.681764
12.1 5.79378 53.4864 62.7011 0.691601
12.2 5.84165 53.4765 62.811 0.701519
12.3 5.88952 53.4665 62.9187 0.711516
12.4 5.93739 53.4564 63.0241 0.721594
12.5 5.98525 53.4462 63.1274 0.731753
12.6 6.03312 53.436 63.2285 0.741992
12.7 6.08099 53.4257 63.3276 0.752311
12.8 6.12885 53.4153 63.4246 0.76271
12.9 6.17672 53.4048 63.5196 0.773189
13 6.22458 53.3943 63.6127 0.783749
13.1 6.27245 53.3836 63.7038 0.794388
13.2 6.32031 53.3729 63.7931 0.805108
13.3 6.36817 53.3621 63.8805 0.815908
13.4 6.41604 53.3512 63.9661 0.826788
13.5 6.4639 53.3403 64.0499 0.837748
13.6 6.51176 53.3292 64.132 0.848788
13.7 6.55963 53.3181 64.2123 0.859908
13.8 6.60749 53.3069 64.291 0.871107
13.9 6.65535 53.2956 64.368 0.882387
14 6.70321 53.2843 64.4434 0.893746
14.1 6.75107 53.2728 64.5172 0.905185
14.2 6.79893 53.2613 64.5895 0.916704
14.3 6.84679 53.2497 64.6602 0.928303
14.4 6.89465 53.238 64.7294 0.939982
14.5 6.94251 53.2263 64.7971 0.95174
14.6 6.99037 53.2144 64.8634 0.963577
14.7 7.03822 53.2025 64.9283 0.975494
14.8 7.08608 53.1905 64.9917 0.987491
14.9 7.13394 53.1784 65.0538 0.999568
15 7.18179 53.1663 65.1146 1.01172
15.1 7.22965 53.154 65.174 1.02396
15.2 7.27751 53.1417 65.2321 1.03627
15.3 7.32536 53.1293 65.2889 1.04867
15.4 7.37322 53.1169 65.3444 1.06114
15.5 7.42107 53.1043 65.3988 1.07369
15.6 7.46892 53.0917 65.4519 1.08632
15.7 7.51678 53.079 65.5038 1.09904
15.8 7.56463 53.0662 65.5545 1.11183
15.9 7.61248 53.0533 65.6041 1.1247
16 7.66033 53.0404 65.6525 1.13764
16.1 7.70819 53.0273 65.6998 1.15067
16.2 7.75604 53.0142 65.7461 1.16378
16.3 7.80389 53.001 65.7912 1.17696
16.4 7.85174 52.9878 65.8353 1.19023
16.5 7.89959 52.9744 65.8783 1.20357
16.6 7.94743 52.961 65.9203 1.21699
16.7 7.99528 52.9475 65.9613 1.23049
16.8 8.04313 52.9339 66.0013 1.24407
16.9 8.09098 52.9203 66.0403 1.25773
17 8.13883 52.9065 66.0783 1.27147
17.1 8.18667 52.8927 66.1154 1.28529
17.2 8.23452 52.8788 66.1516 1.29918
17.3 8.28236 52.8648 66.1868 1.31315
17.4 8.33021 52.8508 66.2212 1.3272
17.5 8.37805 52.8367 66.2546 1.34133
17.6 8.4259 52.8225 66.2872 1.35554
17.7 8.47374 52.8082 66.3189 1.36983
17.8 8.52158 52.7938 66.3498 1.38419
17.9 8.56942 52.7794 66.3798 1.39864
18 8.61727 52.7648 66.409 1.41316
18.1 8.66511 52.7502 66.4373 1.42776
18.2 8.71295 52.7356 66.4649 1.44244
18.3 8.76079 52.7208 66.4917 1.45719
18.4 8.80863 52.706 66.5177 1.47203
18.5 8.85646 52.6911 66.543 1.48694
18.6 8.9043 52.6761 66.5675 1.50193
18.7 8.95214 52.661 66.5912 1.517
18.8 8.99998 52.6459 66.6142 1.53215
18.9 9.04781 52.6306 66.6365 1.54737
19 9.09565 52.6153 66.6581 1.56267
19.1 9.14349 52.5999 66.679 1.57805
19.2 9.19132 52.5845 66.6992 1.59351
19.3 9.23915 52.569 66.7188 1.60904
19.4 9.28699 52.5533 66.7376 1.62466
19.5 9.33482 52.5377 66.7558 1.64035
19.6 9.38265 52.5219 66.7733 1.65611
19.7 9.43049 52.506 66.7902 1.67196
19.8 9.47832 52.4901 66.8065 1.68788
19.9 9.52615 52.4741 66.8221 1.70388
20 9.57398 52.458 66.8372 1.71996
20.1 9.62181 52.4419 66.8516 1.73611
20.2 9.66964 52.4257 66.8654 1.75234
20.3 9.71746 52.4093 66.8786 1.76865
20.4 9.76529 52.393 66.8913 1.78504
20.5 9.81312 52.3765 66.9034 1.8015
20.6 9.86094 52.36 66.9149 1.81804
20.7 9.90877 52.3433 66.9258 1.83466
20.8 9.9566 52.3266 66.9362 1.85135
20.9 10.0044 52.3099 66.9461 1.86812
21 10.0522 52.293 66.9554 1.88497
21.1 10.1001 52.2761 66.9642 1.9019
21.2 10.1479 52.2591 66.9724 1.9189
21.3 10.1957 52.242 66.9802 1.93598
21.4 10.2435 52.2249 66.9874 1.95313
21.5 10.2914 52.2076 66.9942 1.97036
21.6 10.3392 52.1903 67.0004 1.98767
21.7 10.387 52.1729 67.0062 2.00505
21.8 10.4348 52.1555 67.0114 2.02251
21.9 10.4826 52.1379 67.0162 2.04005
22 10.5304 52.1203 67.0205 2.05767
22.1 10.5783 52.1026 67.0244 2.07535
22.2 10.6261 52.0849 67.0278 2.09312
22.3 10.6739 52.067 67.0307 2.11096
22.4 10.7217 52.0491 67.0332 2.12888
22.5 10.7695 52.0311 67.0353 2.14687
22.6 10.8173 52.0131 67.0369 2.16494
22.7 10.8651 51.9949 67.0381 2.18309
22.8 10.913 51.9767 67.0389 2.20131
22.9 10.9608 51.9584 67.0392 2.21961
23 11.0086 51.94 67.0392 2.23798
23.1 11.0564 51.9216 67.0387 2.25643
23.2 11.1042 51.903 67.0378 2.27496
23.3 11.152 51.8844 67.0365 2.29356
23.4 11.1998 51.8658 67.0349 2.31223
23.5 11.2476 51.847 67.0328 2.33098
23.6 11.2954 51.8282 67.0303 2.34981
23.7 11.3432 51.8093 67.0275 2.36871
23.8 11.391 51.7903 67.0243 2.38769
23.9 11.4388 51.7713 67.0207 2.40674
24 11.4866 51.7521 67.0168 2.42587
24.1 11.5344 51.7329 67.0125 2.44507
24.2 11.5822 51.7136 67.0078 2.46435
24.3 11.63 51.6943 67.0028 2.4837
24.4 11.6778 51.6749 66.9974 2.50313
24.5 11.7256 51.6554 66.9917 2.52263
24.6 11.7734 51.6358 66.9856 2.54221
24.7 11.8212 51.6161 66.9792 2.56186
24.8 11.869 51.5964 66.9725 2.58159
24.9 11.9168 51.5766 66.9654 2.60139
25 11.9646 51.5567 66.9581 2.62127
25.1 12.0124 51.5368 66.9503 2.64122
25.2 12.0602 51.5168 66.9423 2.66125
25.3 12.108 51.4967 66.934 2.68135
25.4 12.1558 51.4765 66.9253 2.70152
25.5 12.2036 51.4562 66.9163 2.72177
25.6 12.2514 51.4359 66.9071 2.74209
25.7 12.2992 51.4155 66.8975 2.76249
25.8 12.347 51.395 66.8876 2.78296
25.9 12.3947 51.3745 66.8775 2.8035
26 12.4425 51.3539 66.867 2.82412
26.1 12.4903 51.3332 66.8563 2.84482
26.2 12.5381 51.3124 66.8452 2.86558
26.3 12.5859 51.2916 66.8339 2.88642
26.4 12.6337 51.2707 66.8223 2.90734
26.5 12.6815 51.2497 66.8104 2.92833
26.6 12.7292 51.2286 66.7983 2.94939
26.7 12.777 51.2075 66.7859 2.97052
26.8 12.8248 51.1863 66.7732 2.99173
26.9 12.8726 51.165 66.7603 3.01301
27 12.9204 51.1436 66.7471 3.03437
27.1 12.9681 51.1222 66.7336 3.0558
27.2 13.0159 51.1007 66.7199 3.0773
27.3 13.0637 51.0791 66.7059 3.09887
27.4 13.1115 51.0575 66.6917 3.12052
27.5 13.1592 51.0358 66.6772 3.14224
27.6 13.207 51.014 66.6625 3.16404
27.7 13.2548 50.9921 66.6475 3.1859
27.8 13.3026 50.9702 66.6323 3.20784
27.9 13.3503 50.9481 66.6169 3.22985
28 13.3981 50.9261 66.6012 3.25194
28.1 13.4459 50.9039 66.5853 3.2741
28.2 13.4936 50.8817 66.5691 3.29633
28.3 13.5414 50.8594 66.5528 3.31863
28.4 13.5892 50.837 66.5362 3.34101
28.5 13.6369 50.8145 66.5194 3.36345
28.6 13.6847 50.792 66.5023 3.38597
28.7 13.7325 50.7694 66.4851 3.40856
28.8 13.7802 50.7468 66.4676 3.43123
28.9 13.828 50.724 66.4499 3.45396
29 13.8757 50.7012 66.432 3.47677
29.1 13.9235 50.6783 66.4139 3.49965
29.2 13.9713 50.6554 66.3956 3.52261
29.3 14.019 50.6324 66.377 3.54563
29.4 14.0668 50.6093 66.3583 3.56872
29.5 14.1145 50.5861 66.3394 3.59189
29.6 14.1623 50.5629 66.3203 3.61513
29.7 14.21 50.5396 66.3009 3.63844
29.8 14.2578 50.5162 66.2814 3.66182
29.9 14.3056 50.4927 66.2617 3.68527
30 14.3533 50.4692 66.2417 3.7088
30.1 14.4011 50.4456 66.2216 3.73239
30.2 14.4488 50.4219 66.2013 3.75606
30.3 14.4966 50.3982 66.1809 3.7798
30.4 14.5443 50.3744 66.1602 3.80361
30.5 14.592 50.3505 66.1393 3.82749
30.6 14.6398 50.3266 66.1183 3.85144
30.7 14.6875 50.3025 66.0971 3.87546
30.8 14.7353 50.2784 66.0757 3.89955
30.9 14.783 50.2543 66.0541 3.92371
31 14.8308 50.2301 66.0324 3.94795
31.1 14.8785 50.2057 66.0105 3.97225
31.2 14.9262 50.1814 65.9884 3.99662
31.3 14.974 50.1569 65.9661 4.02107
31.4 15.0217 50.1324 65.9437 4.04558
31.5 15.0695 50.1078 65.9211 4.07017
31.6 15.1172 50.0832 65.8983 4.09482
31.7 15.1649 50.0585 65.8754 4.11955
31.8 15.2127 50.0337 65.8523 4.14434
31.9 15.2604 50.0088 65.8291 4.16921
32 15.3081 49.9839 65.8057 4.19414
32.1 15.3559 49.9589 65.7821 4.21915
32.2 15.4036 49.9338 65.7584 4.24422
32.3 15.4513 49.9086 65.7345 4.26937
32.4 15.499 49.8834 65.7105 4.29458
32.5 15.5468 49.8581 65.6863 4.31986
32.6 15.5945 49.8328 65.662 4.34521
32.7 15.6422 49.8074 65.6375 4.37064
32.8 15.6899 49.7819 65.6128 4.39613
32.9 15.7377 49.7563 65.5881 4.42169
33 15.7854 49.7307 65.5631 4.44731
33.1 15.8331 49.705 65.5381 4.47301
33.2 15.8808 49.6792 65.5128 4.49878
33.3 15.9285 49.6534 65.4875 4.52461
33.4 15.9762 49.6275 65.462 4.55052
33.5 16.024 49.6015 65.4364 4.57649
33.6 16.0717 49.5755 65.4106 4.60253
33.7 16.1194 49.5494 65.3847 4.62864
33.8 16.1671 49.5232 65.3586 4.65482
33.9 16.2148 49.4969 65.3324 4.68107
34 16.2625 49.4706 65.3061 4.70738
34.1 16.3102 49.4442 65.2797 4.73377
34.2 16.3579 49.4178 65.2531 4.76022
34.3 16.4056 49.3913 65.2264 4.78674
34.4 16.4533 49.3647 65.1996 4.81332
34.5 16.501 49.338 65.1726 4.83998
34.6 16.5488 49.3113 65.1455 4.8667
34.7 16.5965 49.2845 65.1183 4.89349
34.8 16.6442 49.2576 65.0909 4.92035
34.9 16.6919 49.2307 65.0635 4.94728
35 16.7395 49.2037 65.0359 4.97427
35.1 16.7872 49.1767 65.0082 5.00133
35.2 16.8349 49.1495 64.9803 5.02846
35.3 16.8826 49.1223 64.9524 5.05565
35.4 16.9303 49.0951 64.9243 5.08291
35.5 16.978 49.0678 64.8961 5.11024
35.6 17.0257 49.0404 64.8678 5.13764
35.7 17.0734 49.0129 64.8394 5.1651
35.8 17.1211 48.9854 64.8109 5.19263
35.9 17.1688 48.9578 64.7822 5.22023
36 17.2165 48.9301 64.7534 5.24789
36.1 17.2641 48.9024 64.7246 5.27562
36.2 17.3118 48.8746 64.6956 5.30342
36.3 17.3595 48.8467 64.6665 5.33128
36.4 17.4072 48.8188 64.6373 5.35921
36.5 17.4549 48.7908 64.608 5.3872
36.6 17.5026 48.7627 64.5785 5.41526
36.7 17.5502 48.7346 64.549 5.44339
36.8 17.5979 48.7064 64.5194 5.47158
36.9 17.6456 48.6782 64.4897 5.49984
37 17.6933 48.6498 64.4598 5.52817
37.1 17.7409 48.6214 64.4299 5.55656
37.2 17.7886 48.593 64.3998 5.58501
37.3 17.8363 48.5645 64.3697 5.61353
37.4 17.8839 48.5359 64.3394 5.64212
37.5 17.9316 48.5072 64.3091 5.67077
37.6 17.9793 48.4785 64.2786 5.69949
37.7 18.0269 48.4497 64.2481 5.72827
37.8 18.0746 48.4209 64.2174 5.75712
37.9 18.1223 48.392 64.1867 5.78603
38 18.1699 48.363 64.1558 5.81501
38.1 18.2176 48.3339 64.1249 5.84405
38.2 18.2652 48.3048 64.0939 5.87316
38.3 18.3129 48.2757 64.0627 5.90233
38.4 18.3605 48.2464 64.0315 5.93157
38.5 18.4082 48.2171 64.0002 5.96087
38.6 18.4559 48.1878 63.9688 5.99023
38.7 18.5035 48.1583 63.9373 6.01966
38.8 18.5512 48.1288 63.9057 6.04916
38.9 18.5988 48.0993 63.8741 6.07871
39 18.6464 48.0697 63.8423 6.10833
39.1 18.6941 48.04 63.8104 6.13802
39.2 18.7417 48.0102 63.7785 6.16777
39.3 18.7894 47.9804 63.7465 6.19758
39.4 18.837 47.9505 63.7144 6.22746
39.5 18.8847 47.9206 63.6822 6.2574
39.6 18.9323 47.8906 63.6499 6.2874
39.7 18.9799 47.8605 63.6175 6.31747
39.8 19.0276 47.8304 63.5851 6.3476
39.9 19.0752 47.8002 63.5525 6.37779
40 19.1228 47.77 63.5199 6.40805
40.1 19.1705 47.7396 63.4872 6.43837
40.2 19.2181 47.7092 63.4544 6.46875
40.3 19.2657 47.6788 63.4216 6.4992
40.4 19.3134 47.6483 63.3886 6.5297
40.5 19.361 47.6177 63.3556 6.56027
40.6 19.4086 47.5871 63.3225 6.59091
40.7 19.4562 47.5564 63.2893 6.6216
40.8 19.5039 47.5256 63.2561 6.65236
40.9 19.5515 47.4948 63.2227 6.68318
41 19.5991 47.4639 63.1893 6.71406
41.1 19.6467 47.433 63.1558 6.74501
41.2 19.6943 47.402 63.1223 6.77601
41.3 19.7419 47.3709 63.0886 6.80708
41.4 19.7896 47.3398 63.0549 6.83821
41.5 19.8372 47.3086 63.0211 6.8694
41.6 19.8848 47.2773 62.9872 6.90066
41.7 19.9324 47.246 62.9533 6.93197
41.8 19.98 47.2147 62.9193 6.96335
41.9 20.0276 47.1832 62.8852 6.99479
42 20.0752 47.1517 62.8511 7.02628
42.1 20.1228 47.1202 62.8168 7.05784
42.2 20.1704 47.0885 62.7826 7.08947
42.3 20.218 47.0569 62.7482 7.12115
42.4 20.2656 47.0251 62.7138 7.15289
42.5 20.3132 46.9933 62.6793 7.18469
42.6 20.3608 46.9614 62.6447 7.21656
42.7 20.4084 46.9295 62.61 7.24848
42.8 20.456 46.8975 62.5753 7.28047
42.9 20.5036 46.8655 62.5406 7.31251
43 20.5512 46.8334 62.5057 7.34462
43.1 20.5988 46.8012 62.4708 7.37678
43.2 20.6463 46.769 62.4358 7.40901
43.3 20.6939 46.7367 62.4008 7.44129
43.4 20.7415 46.7044 62.3657 7.47364
43.5 20.7891 46.672 62.3305 7.50604
43.6 20.8367 46.6395 62.2953 7.53851
43.7 20.8843 46.607 62.26 7.57103
43.8 20.9318 46.5744 62.2246 7.60362
43.9 20.9794 46.5417 62.1892 7.63626
44 21.027 46.509 62.1537 7.66896
44.1 21.0745 46.4763 62.1182 7.70173
44.2 21.1221 46.4435 62.0826 7.73455
44.3 21.1697 46.4106 62.0469 7.76743
44.4 21.2173 46.3776 62.0112 7.80036
44.5 21.2648 46.3446 61.9754 7.83336
44.6 21.3124 46.3116 61.9395 7.86642
44.7 21.3599 46.2785 61.9036 7.89953
44.8 21.4075 46.2453 61.8677 7.93271
44.9 21.4551 46.2121 61.8316 7.96594
45 21.5026 46.1788 61.7955 7.99923
45.1 21.5502 46.1454 61.7594 8.03257
45.2 21.5977 46.112 61.7232 8.06598
45.3 21.6453 46.0786 61.6869 8.09944
45.4 21.6928 46.045 61.6506 8.13297
45.5 21.7404 46.0115 61.6143 8.16655
45.6 21.7879 45.9778 61.5778 8.20018
45.7 21.8355 45.9441 61.5413 8.23388
45.8 21.883 45.9104 61.5048 8.26763
45.9 21.9306 45.8766 61.4682 8.30144
46 21.9781 45.8427 61.4316 8.3353
46.1 22.0256 45.8088 61.3949 8.36923
46.2 22.0732 45.7748 61.3581 8.40321
46.3 22.1207 45.7408 61.3213 8.43725
46.4 22.1682 45.7067 61.2844 8.47134
46.5 22.2158 45.6725 61.2475 8.50549
46.6 22.2633 45.6383 61.2105 8.5397
46.7 22.3108 45.604 61.1735 8.57396
46.8 22.3584 45.5697 61.1365 8.60828
46.9 22.4059 45.5353 61.0993 8.64266
47 22.4534 45.5009 61.0622 8.67709
47.1 22.5009 45.4664 61.0249 8.71158
47.2 22.5485 45.4319 60.9877 8.74613
47.3 22.596 45.3973 60.9503 8.78073
47.4 22.6435 45.3626 60.9129 8.81539
47.5 22.691 45.3279 60.8755 8.8501
47.6 22.7385 45.2931 60.838 8.88487
47.7 22.786 45.2583 60.8005 8.91969
47.8 22.8335 45.2234 60.7629 8.95457
47.9 22.881 45.1885 60.7253 8.9895
48 22.9285 45.1535 60.6877 9.02449
48.1 22.976 45.1185 60.6499 9.05954
48.2 23.0235 45.0834 60.6122 9.09464
48.3 23.071 45.0482 60.5744 9.12979
48.4 23.1185 45.013 60.5365 9.165
48.5 23.166 44.9777 60.4986 9.20026
48.6 23.2135 44.9424 60.4606 9.23558
48.7 23.261 44.907 60.4226 9.27095
48.8 23.3085 44.8716 60.3846 9.30638
48.9 23.356 44.8361 60.3465 9.34186
49 23.4035 44.8006 60.3084 9.3774
49.1 23.451 44.765 60.2702 9.41298
49.2 23.4985 44.7294 60.232 9.44863
49.3 23.5459 44.6937 60.1937 9.48432
49.4 23.5934 44.6579 60.1554 9.52007
49.5 23.6409 44.6221 60.117 9.55588
49.6 23.6884 44.5863 60.0786 9.59173
49.7 23.7358 44.5504 60.0402 9.62764
49.8 23.7833 44.5144 60.0017 9.66361
49.9 23.8308 44.4784 59.9631 9.69962
50 23.8783 44.4423 59.9246 9.73569
50.1 23.9257 44.4062 59.886 9.77181
50.2 23.9732 44.37 59.8473 9.80799
50.3 24.0206 44.3338 59.8086 9.84422
50.4 24.0681 44.2975 59.7699 9.8805
50.5 24.1156 44.2612 59.7311 9.91683
50.6 24.163 44.2248 59.6923 9.95322
50.7 24.2105 44.1883 59.6534 9.98965
50.8 24.2579 44.1519 59.6145 10.0261
50.9 24.3054 44.1153 59.5755 10.0627
51 24.3528 44.0787 59.5366 10.0993
51.1 24.4003 44.0421 59.4975 10.1359
51.2 24.4477 44.0054 59.4585 10.1726
51.3 24.4951 43.9686 59.4194 10.2094
51.4 24.5426 43.9318 59.3802 10.2462
51.5 24.59 43.895 59.341 10.283
51.6 24.6375 43.8581 59.3018 10.3199
51.7 24.6849 43.8211 59.2625 10.3569
51.8 24.7323 43.7841 59.2232 10.3939
51.9 24.7798 43.7471 59.1839 10.4309
52 24.8272 43.71 59.1445 10.468
52.1 24.8746 43.6728 59.1051 10.5052
52.2 24.922 43.6356 59.0657 10.5424
52.3 24.9694 43.5983 59.0262 10.5797
52.4 25.0169 43.561 58.9867 10.617
52.5 25.0643 43.5237 58.9471 10.6543
52.6 25.1117 43.4863 58.9075 10.6917
52.7 25.1591 43.4488 58.8679 10.7292
52.8 25.2065 43.4113 58.8282 10.7667
52.9 25.2539 43.3738 58.7885 10.8042
53 25.3013 43.3361 58.7487 10.8419
53.1 25.3487 43.2985 58.709 10.8795
53.2 25.3961 43.2608 58.6692 10.9172
53.3 25.4435 43.223 58.6293 10.955
53.4 25.4909 43.1852 58.5894 10.9928
53.5 25.5383 43.1474 58.5495 11.0306
53.6 25.5857 43.1095 58.5096 11.0685
53.7 25.6331 43.0715 58.4696 11.1065
53.8 25.6805 43.0335 58.4295 11.1445
53.9 25.7279 42.9955 58.3895 11.1825
54 25.7753 42.9574 58.3494 11.2206
54.1 25.8227 42.9192 58.3093 11.2588
54.2 25.87 42.881 58.2691 11.297
54.3 25.9174 42.8428 58.2289 11.3352
54.4 25.9648 42.8045 58.1887 11.3735
54.5 26.0122 42.7662 58.1485 11.4118
54.6 26.0595 42.7278 58.1082 11.4502
54.7 26.1069 42.6894 58.0678 11.4886
54.8 26.1543 42.6509 58.0275 11.5271
54.9 26.2016 42.6123 57.9871 11.5657
55 26.249 42.5738 57.9467 11.6042
55.1 26.2964 42.5351 57.9062 11.6429
55.2 26.3437 42.4965 57.8658 11.6815
55.3 26.3911 42.4578 57.8252 11.7202
55.4 26.4384 42.419 57.7847 11.759
55.5 26.4858 42.3802 57.7441 11.7978
55.6 26.5331 42.3413 57.7035 11.8367
55.7 26.5805 42.3024 57.6629 11.8756
55.8 26.6278 42.2635 57.6222 11.9145
55.9 26.6752 42.2245 57.5815 11.9535
56 26.7225 42.1854 57.5408 11.9926
56.1 26.7698 42.1464 57.5 12.0316
56.2 26.8172 42.1072 57.4592 12.0708
56.3 26.8645 42.068 57.4184 12.11
56.4 26.9118 42.0288 57.3776 12.1492
56.5 26.9592 41.9896 57.3367 12.1884
56.6 27.0065 41.9502 57.2958 12.2278
56.7 27.0538 41.9109 57.2549 12.2671
56.8 27.1011 41.8715 57.2139 12.3065
56.9 27.1484 41.832 57.1729 12.346
57 27.1958 41.7925 57.1319 12.3855
57.1 27.2431 41.753 57.0908 12.425
57.2 27.2904 41.7134 57.0497 12.4646
57.3 27.3377 41.6738 57.0086 12.5042
57.4 27.385 41.6341 56.9675 12.5439
57.5 27.4323 41.5944 56.9263 12.5836
57.6 27.4796 41.5546 56.8851 12.6234
57.7 27.5269 41.5148 56.8439 12.6632
57.8 27.5742 41.475 56.8027 12.703
57.9 27.6215 41.4351 56.7614 12.7429
58 27.6688 41.3951 56.7201 12.7829
58.1 27.7161 41.3551 56.6788 12.8229
58.2 27.7634 41.3151 56.6374 12.8629
58.3 27.8106 41.2751 56.596 12.9029
58.4 27.8579 41.2349 56.5546 12.9431
58.5 27.9052 41.1948 56.5132 12.9832
58.6 27.9525 41.1546 56.4717 13.0234
58.7 27.9997 41.1143 56.4302 13.0637
58.8 28.047 41.0741 56.3887 13.1039
58.9 28.0943 41.0337 56.3472 13.1443
59 28.1415 40.9934 56.3056 13.1846
59.1 28.1888 40.953 56.264 13.225
59.2 28.2361 40.9125 56.2224 13.2655
59.3 28.2833 40.872 56.1807 13.306
59.4 28.3306 40.8315 56.1391 13.3465
59.5 28.3778 40.7909 56.0974 13.3871
59.6 28.4251 40.7503 56.0557 13.4277
59.7 28.4723 40.7096 56.0139 13.4684
59.8 28.5196 40.6689 55.9721 13.5091
59.9 28.5668 40.6282 55.9303 13.5498
60 28.6141 40.5874 55.8885 13.5906
60.1 28.6613 40.5466 55.8467 13.6314
60.2 28.7085 40.5057 55.8048 13.6723
60.3 28.7558 40.4648 55.7629 13.7132
60.4 28.803 40.4238 55.721 13.7542
60.5 28.8502 40.3828 55.6791 13.7952
60.6 28.8974 40.3418 55.6371 13.8362
60.7 28.9447 40.3007 55.5951 13.8773
60.8 28.9919 40.2596 55.5531 13.9184
60.9 29.0391 40.2185 55.5111 13.9595
61 29.0863 40.1773 55.469 14.0007
61.1 29.1335 40.136 55.4269 14.042
61.2 29.1807 40.0948 55.3848 14.0832
61.3 29.2279 40.0535 55.3427 14.1245
61.4 29.2751 40.0121 55.3005 14.1659
61.5 29.3223 39.9707 55.2583 14.2073
61.6 29.3695 39.9293 55.2162 14.2487
61.7 29.4167 39.8878 55.1739 14.2902
61.8 29.4639 39.8463 55.1317 14.3317
61.9 29.5111 39.8048 55.0894 14.3732
62 29.5583 39.7632 55.0471 14.4148
62.1 29.6055 39.7216 55.0048 14.4564
62.2 29.6526 39.6799 54.9625 14.4981
62.3 29.6998 39.6382 54.9201 14.5398
62.4 29.747 39.5965 54.8778 14.5815
62.5 29.7942 39.5547 54.8354 14.6233
62.6 29.8413 39.5129 54.7929 14.6651
62.7 29.8885 39.471 54.7505 14.707
62.8 29.9357 39.4291 54.708 14.7489
62.9 29.9828 39.3872 54.6656 14.7908
63 30.03 39.3452 54.623 14.8328
63.1 30.0771 39.3032 54.5805 14.8748
63.2 30.1243 39.2612 54.538 14.9168
63.3 30.1714 39.2191 54.4954 14.9589
63.4 30.2186 39.177 54.4528 15.001
63.5 30.2657 39.1348 54.4102 15.0432
63.6 30.3128 39.0927 54.3676 15.0853
63.7 30.36 39.0504 54.3249 15.1276
63.8 30.4071 39.0082 54.2823 15.1698
63.9 30.4542 38.9659 54.2396 15.2121
64 30.5014 38.9235 54.1968 15.2545
64.1 30.5485 38.8812 54.1541 15.2968
64.2 30.5956 38.8388 54.1114 15.3392
64.3 30.6427 38.7963 54.0686 15.3817
64.4 30.6898 38.7539 54.0258 15.4241
64.5 30.737 38.7113 53.983 15.4667
64.6 30.7841 38.6688 53.9402 15.5092
64.7 30.8312 38.6262 53.8973 15.5518
64.8 30.8783 38.5836 53.8544 15.5944
64.9 30.9254 38.5409 53.8115 15.6371
65 30.9725 38.4983 53.7686 15.6797
65.1 31.0196 38.4555 53.7257 15.7225
65.2 31.0666 38.4128 53.6827 15.7652
65.3 31.1137 38.37 53.6398 15.808
65.4 31.1608 38.3272 53.5968 15.8508
65.5 31.2079 38.2843 53.5538 15.8937
65.6 31.255 38.2414 53.5108 15.9366
65.7 31.302 38.1985 53.4677 15.9795
65.8 31.3491 38.1555 53.4247 16.0225
65.9 31.3962 38.1125 53.3816 16.0655
66 31.4433 38.0695 53.3385 16.1085
66.1 31.4903 38.0264 53.2954 16.1516
66.2 31.5374 37.9833 53.2522 16.1947
66.3 31.5844 37.9402 53.2091 16.2378
66.4 31.6315 37.897 53.1659 16.281
66.5 31.6785 37.8538 53.1227 16.3242
66.6 31.7256 37.8106 53.0795 16.3674
66.7 31.7726 37.7674 53.0363 16.4106
66.8 31.8197 37.7241 52.993 16.4539
66.9 31.8667 37.6807 52.9498 16.4973
67 31.9137 37.6374 52.9065 16.5406
67.1 31.9607 37.594 52.8632 16.584
67.2 32.0078 37.5506 52.8199 16.6274
67.3 32.0548 37.5071 52.7766 16.6709
67.4 32.1018 37.4636 52.7332 16.7144
67.5 32.1488 37.4201 52.6898 16.7579
67.6 32.1958 37.3766 52.6465 16.8014
67.7 32.2429 37.333 52.6031 16.845
67.8 32.2899 37.2894 52.5596 16.8886
67.9 32.3369 37.2457 52.5162 16.9323
68 32.3839 37.2021 52.4728 16.9759
68.1 32.4309 37.1583 52.4293 17.0197
68.2 32.4778 37.1146 52.3858 17.0634
68.3 32.5248 37.0708 52.3423 17.1072
68.4 32.5718 37.0271 52.2988 17.1509
68.5 32.6188 36.9832 52.2552 17.1948
68.6 32.6658 36.9394 52.2117 17.2386
68.7 32.7128 36.8955 52.1681 17.2825
68.8 32.7597 36.8516 52.1245 17.3264
68.9 32.8067 36.8076 52.0809 17.3704
69 32.8537 36.7636 52.0373 17.4144
69.1 32.9006 36.7196 51.9937 17.4584
69.2 32.9476 36.6756 51.95 17.5024
69.3 32.9945 36.6315 51.9064 17.5465
69.4 33.0415 36.5875 51.8627 17.5905
69.5 33.0884 36.5433 51.819 17.6347
69.6 33.1354 36.4992 51.7753 17.6788
69.7 33.1823 36.455 51.7316 17.723
69.8 33.2292 36.4108 51.6878 17.7672
69.9 33.2762 36.3666 51.6441 17.8114
70 33.3231 36.3223 51.6003 17.8557
70.1 33.37 36.278 51.5565 17.9
70.2 33.4169 36.2337 51.5127 17.9443
70.3 33.4639 36.1893 51.4689 17.9887
70.4 33.5108 36.145 51.4251 18.033
70.5 33.5577 36.1006 51.3812 18.0774
70.6 33.6046 36.0561 51.3373 18.1219
70.7 33.6515 36.0117 51.2935 18.1663
70.8 33.6984 35.9672 51.2496 18.2108
70.9 33.7453 35.9227 51.2057 18.2553
71 33.7922 35.8781 51.1617 18.2999
71.1 33.8391 35.8336 51.1178 18.3444
71.2 33.886 35.789 51.0738 18.389
71.3 33.9328 35.7444 51.0299 18.4336
71.4 33.9797 35.6997 50.9859 18.4783
71.5 34.0266 35.655 50.9419 18.523
71.6 34.0735 35.6103 50.8979 18.5677
71.7 34.1203 35.5656 50.8539 18.6124
71.8 34.1672 35.5209 50.8098 18.6571
71.9 34.214 35.4761 50.7658 18.7019
72 34.2609 35.4313 50.7217 18.7467
72.1 34.3077 35.3865 50.6776 18.7915
72.2 34.3546 35.3416 50.6335 18.8364
72.3 34.4014 35.2967 50.5894 18.8813
72.4 34.4483 35.2518 50.5453 18.9262
72.5 34.4951 35.2069 50.5011 18.9711
72.6 34.5419 35.162 50.457 19.016
72.7 34.5888 35.117 50.4128 19.061
72.8 34.6356 35.072 50.3686 19.106
72.9 34.6824 35.027 50.3245 19.151
73 34.7292 34.9819 50.2802 19.1961
73.1 34.776 34.9368 50.236 19.2412
73.2 34.8228 34.8917 50.1918 19.2863
73.3 34.8696 34.8466 50.1475 19.3314
73.4 34.9164 34.8015 50.1033 19.3765
73.5 34.9632 34.7563 50.059 19.4217
73.6 35.01 34.7111 50.0147 19.4669
73.7 35.0568 34.6659 49.9704 19.5121
73.8 35.1036 34.6207 49.9261 19.5573
73.9 35.1504 34.5754 49.8818 19.6026
74 35.1971 34.5301 49.8374 19.6479
74.1 35.2439 34.4848 49.7931 19.6932
74.2 35.2907 34.4395 49.7487 19.7385
74.3 35.3374 34.3941 49.7043 19.7839
74.4 35.3842 34.3488 49.66 19.8292
74.5 35.431 34.3034 49.6155 19.8746
74.6 35.4777 34.2579 49.5711 19.9201
74.7 35.5245 34.2125 49.5267 19.9655
74.8 35.5712 34.167 49.4823 20.011
74.9 35.6179 34.1216 49.4378 20.0564
75 35.6647 34.0761 49.3933 20.1019
75.1 35.7114 34.0305 49.3489 20.1475
75.2 35.7581 33.985 49.3044 20.193
75.3 35.8048 33.9394 49.2599 20.2386
75.4 35.8516 33.8938 49.2153 20.2842
75.5 35.8983 33.8482 49.1708 20.3298
75.6 35.945 33.8026 49.1263 20.3754
75.7 35.9917 33.7569 49.0817 20.4211
75.8 36.0384 33.7113 49.0372 20.4667
75.9 36.0851 33.6656 48.9926 20.5124
76 36.1318 33.6199 48.948 20.5581
76.1 36.1784 33.5741 48.9034 20.6039
76.2 36.2251 33.5284 48.8588 20.6496
76.3 36.2718 33.4826 48.8142 20.6954
76.4 36.3185 33.4368 48.7695 20.7412
76.5 36.3651 33.391 48.7249 20.787
76.6 36.4118 33.3452 48.6802 20.8328
76.7 36.4585 33.2994 48.6355 20.8786
76.8 36.5051 33.2535 48.5909 20.9245
76.9 36.5518 33.2076 48.5462 20.9704
77 36.5984 33.1617 48.5015 21.0163
77.1 36.645 33.1158 48.4567 21.0622
77.2 36.6917 33.0698 48.412 21.1082
77.3 36.7383 33.0239 48.3673 21.1541
77.4 36.7849 32.9779 48.3225 21.2001
77.5 36.8316 32.9319 48.2778 21.2461
77.6 36.8782 32.8859 48.233 21.2921
77.7 36.9248 32.8399 48.1882 21.3381
77.8 36.9714 32.7938 48.1434 21.3842
77.9 37.018 32.7478 48.0986 21.4302
78 37.0646 32.7017 48.0538 21.4763
78.1 37.1112 32.6556 48.0089 21.5224
78.2 37.1578 32.6095 47.9641 21.5685
78.3 37.2044 32.5633 47.9192 21.6147
78.4 37.251 32.5172 47.8744 21.6608
78.5 37.2975 32.471 47.8295 21.707
78.6 37.3441 32.4248 47.7846 21.7532
78.7 37.3907 32.3786 47.7397 21.7994
78.8 37.4372 32.3324 47.6948 21.8456
78.9 37.4838 32.2862 47.6499 21.8918
79 37.5303 32.24 47.605 21.938
79.1 37.5769 32.1937 47.56 21.9843
79.2 37.6234 32.1474 47.5151 22.0306
79.3 37.67 32.1011 47.4701 22.0769
79.4 37.7165 32.0548 47.4252 22.1232
79.5 37.763 32.0085 47.3802 22.1695
79.6 37.8095 31.9621 47.3352 22.2159
79.7 37.8561 31.9158 47.2902 22.2622
79.8 37.9026 31.8694 47.2452 22.3086
79.9 37.9491 31.823 47.2002 22.355
80 37.9956 31.7766 47.1551 22.4014
80.1 38.0421 31.7302 47.1101 22.4478
80.2 38.0886 31.6838 47.065 22.4942
80.3 38.1351 31.6374 47.02 22.5406
80.4 38.1816 31.5909 46.9749 22.5871
80.5 38.228 31.5445 46.9298 22.6335
80.6 38.2745 31.498 46.8847 22.68
80.7 38.321 31.4515 46.8396 22.7265
80.8 38.3674 31.405 46.7945 22.773
80.9 38.4139 31.3585 46.7494 22.8195
81 38.4603 31.3119 46.7043 22.8661
81.1 38.5068 31.2654 46.6591 22.9126
81.2 38.5532 31.2188 46.614 22.9592
81.3 38.5997 31.1722 46.5688 23.0058
81.4 38.6461 31.1257 46.5236 23.0523
81.5 38.6925 31.0791 46.4784 23.0989
81.6 38.7389 31.0325 46.4333 23.1455
81.7 38.7854 30.9858 46.3881 23.1922
81.8 38.8318 30.9392 46.3428 23.2388
81.9 38.8782 30.8926 46.2976 23.2854
82 38.9246 30.8459 46.2524 23.3321
82.1 38.971 30.7992 46.2072 23.3788
82.2 39.0174 30.7526 46.1619 23.4254
82.3 39.0637 30.7059 46.1167 23.4721
82.4 39.1101 30.6592 46.0714 23.5188
82.5 39.1565 30.6125 46.0261 23.5655
82.6 39.2029 30.5657 45.9808 23.6123
82.7 39.2492 30.519 45.9355 23.659
82.8 39.2956 30.4723 45.8902 23.7057
82.9 39.3419 30.4255 45.8449 23.7525
83 39.3883 30.3787 45.7996 23.7993
83.1 39.4346 30.332 45.7543 23.846
83.2 39.4809 30.2852 45.7089 23.8928
83.3 39.5273 30.2384 45.6636 23.9396
83.4 39.5736 30.1916 45.6182 23.9864
83.5 39.6199 30.1448 45.5729 24.0332
83.6 39.6662 30.098 45.5275 24.08
83.7 39.7125 30.0511 45.4821 24.1269
83.8 39.7588 30.0043 45.4367 24.1737
83.9 39.8051 29.9574 45.3913 24.2206
84 39.8514 29.9106 45.3459 24.2674
84.1 39.8977 29.8637 45.3005 24.3143
84.2 39.944 29.8168 45.255 24.3612
84.3 39.9903 29.77 45.2096 24.408
84.4 40.0365 29.7231 45.1642 24.4549
84.5 40.0828 29.6762 45.1187 24.5018
84.6 40.129 29.6293 45.0732 24.5487
84.7 40.1753 29.5823 45.0278 24.5957
84.8 40.2215 29.5354 44.9823 24.6426
84.9 40.2678 29.4885 44.9368 24.6895
85 40.314 29.4416 44.8913 24.7364
85.1 40.3602 29.3946 44.8458 24.7834
85.2 40.4064 29.3477 44.8003 24.8303
85.3 40.4527 29.3007 44.7548 24.8773
85.4 40.4989 29.2537 44.7092 24.9243
85.5 40.5451 29.2068 44.6637 24.9712
85.6 40.5913 29.1598 44.6181 25.0182
85.7 40.6375 29.1128 44.5726 25.0652
85.8 40.6836 29.0658 44.527 25.1122
85.9 40.7298 29.0188 44.4815 25.1592
86 40.776 28.9718 44.4359 25.2062
86.1 40.8222 28.9248 44.3903 25.2532
86.2 40.8683 28.8778 44.3447 25.3002
86.3 40.9145 28.8308 44.2991 25.3472
86.4 40.9606 28.7838 44.2535 25.3942
86.5 41.0068 28.7367 44.2079 25.4413
86.6 41.0529 28.6897 44.1622 25.4883
86.7 41.099 28.6427 44.1166 25.5353
86.8 41.1451 28.5956 44.0709 25.5824
86.9 41.1913 28.5486 44.0253 25.6294
87 41.2374 28.5015 43.9796 25.6765
87.1 41.2835 28.4544 43.934 25.7236
87.2 41.3296 28.4074 43.8883 25.7706
87.3 41.3757 28.3603 43.8426 25.8177
87.4 41.4217 28.3133 43.7969 25.8647
87.5 41.4678 28.2662 43.7512 25.9118
87.6 41.5139 28.2191 43.7055 25.9589
87.7 41.56 28.172 43.6598 26.006
87.8 41.606 28.1249 43.6141 26.0531
87.9 41.6521 28.0779 43.5683 26.1001
88 41.6981 28.0308 43.5226 26.1472
88.1 41.7442 27.9837 43.4769 26.1943
88.2 41.7902 27.9366 43.4311 26.2414
88.3 41.8362 27.8895 43.3854 26.2885
88.4 41.8822 27.8424 43.3396 26.3356
88.5 41.9282 27.7953 43.2938 26.3827
88.6 41.9743 27.7482 43.248 26.4298
88.7 42.0203 27.7011 43.2022 26.4769
88.8 42.0662 27.654 43.1564 26.524
88.9 42.1122 27.6068 43.1106 26.5712
89 42.1582 27.5597 43.0648 26.6183
89.1 42.2042 27.5126 43.019 26.6654
89.2 42.2501 27.4655 42.9732 26.7125
89.3 42.2961 27.4184 42.9273 26.7596
89.4 42.3421 27.3713 42.8815 26.8067
89.5 42.388 27.3242 42.8357 26.8538
89.6 42.4339 27.277 42.7898 26.901
89.7 42.4799 27.2299 42.7439 26.9481
89.8 42.5258 27.1828 42.6981 26.9952
89.9 42.5717 27.1357 42.6522 27.0423
90 42.6176 27.0886 42.6063 27.0894
90.1 42.6635 27.0414 42.5604 27.1366
90.2 42.7094 26.9943 42.5145 27.1837
90.3 42.7553 26.9472 42.4686 27.2308
90.4 42.8012 26.9001 42.4227 27.2779
90.5 42.8471 26.853 42.3768 27.325
90.6 42.8929 26.8058 42.3309 27.3722
90.7 42.9388 26.7587 42.2849 27.4193
90.8 42.9847 26.7116 42.239 27.4664
90.9 43.0305 26.6645 42.193 27.5135
91 43.0763 26.6174 42.1471 27.5606
91.1 43.1222 26.5703 42.1011 27.6077
91.2 43.168 26.5232 42.0552 27.6548
91.3 43.2138 26.4761 42.0092 27.7019
91.4 43.2596 26.4289 41.9632 27.7491
91.5 43.3054 26.3818 41.9172 27.7962
91.6 43.3512 26.3347 41.8712 27.8433
91.7 43.397 26.2876 41.8252 27.8904
91.8 43.4428 26.2405 41.7792 27.9375
91.9 43.4886 26.1934 41.7332 27.9846
92 43.5343 26.1464 41.6872 28.0316
92.1 43.5801 26.0993 41.6412 28.0787
92.2 43.6258 26.0522 41.5951 28.1258
92.3 43.6716 26.0051 41.5491 28.1729
92.4 43.7173 25.958 41.503 28.22
92.5 43.763 25.9109 41.457 28.2671
92.6 43.8088 25.8639 41.4109 28.3141
92.7 43.8545 25.8168 41.3649 28.3612
92.8 43.9002 25.7697 41.3188 28.4083
92.9 43.9459 25.7227 41.2727 28.4553
93 43.9916 25.6756 41.2266 28.5024
93.1 44.0372 25.6286 41.1805 28.5494
93.2 44.0829 25.5815 41.1344 28.5965
93.3 44.1286 25.5345 41.0883 28.6435
93.4 44.1742 25.4874 41.0422 28.6906
93.5 44.2199 25.4404 40.9961 28.7376
93.6 44.2655 25.3934 40.95 28.7846
93.7 44.3112 25.3463 40.9039 28.8317
93.8 44.3568 25.2993 40.8577 28.8787
93.9 44.4024 25.2523 40.8116 28.9257
94 44.448 25.2053 40.7654 28.9727
94.1 44.4936 25.1583 40.7193 29.0197
94.2 44.5392 25.1113 40.6731 29.0667
94.3 44.5848 25.0643 40.627 29.1137
94.4 44.6304 25.0173 40.5808 29.1607
94.5 44.6759 24.9703 40.5346 29.2077
94.6 44.7215 24.9234 40.4884 29.2546
94.7 44.767 24.8764 40.4422 29.3016
94.8 44.8126 24.8295 40.396 29.3485
94.9 44.8581 24.7825 40.3498 29.3955
95 44.9037 24.7356 40.3036 29.4424
95.1 44.9492 24.6886 40.2574 29.4894
95.2 44.9947 24.6417 40.2112 29.5363
95.3 45.0402 24.5948 40.165 29.5832
95.4 45.0857 24.5479 40.1187 29.6301
95.5 45.1312 24.5009 40.0725 29.6771
95.6 45.1766 24.4541 40.0263 29.7239
95.7 45.2221 24.4072 39.98 29.7708
95.8 45.2676 24.3603 39.9338 29.8177
95.9 45.313 24.3134 39.8875 29.8646
96 45.3585 24.2665 39.8412 29.9115
96.1 45.4039 24.2197 39.795 29.9583
96.2 45.4493 24.1728 39.7487 30.0052
96.3 45.4947 24.126 39.7024 30.052
96.4 45.5401 24.0792 39.6561 30.0988
96.5 45.5855 24.0323 39.6098 30.1457
96.6 45.6309 23.9855 39.5635 30.1925
96.7 45.6763 23.9387 39.5172 30.2393
96.8 45.7217 23.8919 39.4709 30.2861
96.9 45.767 23.8451 39.4246 30.3329
97 45.8124 23.7984 39.3783 30.3796
97.1 45.8577 23.7516 39.3319 30.4264
97.2 45.9031 23.7049 39.2856 30.4731
97.3 45.9484 23.6581 39.2393 30.5199
97.4 45.9937 23.6114 39.1929 30.5666
97.5 46.039 23.5647 39.1466 30.6133
97.6 46.0843 23.5179 39.1002 30.6601
97.7 46.1296 23.4712 39.0539 30.7068
97.8 46.1749 23.4246 39.0075 30.7534
97.9 46.2201 23.3779 38.9611 30.8001
98 46.2654 23.3312 38.9147 30.8468
98.1 46.3107 23.2846 38.8684 30.8934
98.2 46.3559 23.2379 38.822 30.9401
98.3 46.4011 23.1913 38.7756 30.9867
98.4 46.4464 23.1447 38.7292 31.0333
98.5 46.4916 23.0981 38.6828 31.0799
98.6 46.5368 23.0515 38.6364 31.1265
98.7 46.582 23.0049 38.5899 31.1731
98.8 46.6272 22.9583 38.5435 31.2197
98.9 46.6723 22.9117 38.4971 31.2663
99 46.7175 22.8652 38.4507 31.3128
99.1 46.7626 22.8187 38.4042 31.3593
99.2 46.8078 22.7721 38.3578 31.4059
99.3 46.8529 22.7256 38.3114 31.4524
99.4 46.8981 22.6791 38.2649 31.4989
99.5 46.9432 22.6327 38.2184 31.5453
99.6 46.9883 22.5862 38.172 31.5918
99.7 47.0334 22.5397 38.1255 31.6383
99.8 47.0785 22.4933 38.079 31.6847
99.9 47.1235 22.4469 38.0326 31.7311
100 47.1686 22.4005 37.9861 31.7775
100.1 47.2137 22.3541 37.9396 31.8239
100.2 47.2587 22.3077 37.8931 31.8703
100.3 47.3037 22.2613 37.8466 31.9167
100.4 47.3488 22.215 37.8001 31.963
100.5 47.3938 22.1686 37.7536 32.0094
100.6 47.4388 22.1223 37.7071 32.0557
100.7 47.4838 22.076 37.6606 32.102
100.8 47.5288 22.0297 37.6141 32.1483
100.9 47.5737 21.9834 37.5675 32.1946
101 47.6187 21.9372 37.521 32.2408
101.1 47.6636 21.8909 37.4745 32.2871
101.2 47.7086 21.8447 37.4279 32.3333
101.3 47.7535 21.7985 37.3814 32.3795
101.4 47.7984 21.7523 37.3348 32.4257
101.5 47.8433 21.7061 37.2883 32.4719
101.6 47.8882 21.6599 37.2417 32.5181
101.7 47.9331 21.6138 37.1952 32.5642
101.8 47.978 21.5676 37.1486 32.6104
101.9 48.0229 21.5215 37.102 32.6565
102 48.0677 21.4754 37.0554 32.7026
102.1 48.1126 21.4294 37.0089 32.7486
102.2 48.1574 21.3833 36.9623 32.7947
102.3 48.2022 21.3372 36.9157 32.8408
102.4 48.247 21.2912 36.8691 32.8868
102.5 48.2918 21.2452 36.8225 32.9328
102.6 48.3366 21.1992 36.7759 32.9788
102.7 48.3814 21.1532 36.7293 33.0248
102.8 48.4262 21.1073 36.6826 33.0707
102.9 48.4709 21.0613 36.636 33.1167
103 48.5157 21.0154 36.5894 33.1626
103.1 48.5604 20.9695 36.5428 33.2085
103.2 48.6051 20.9236 36.4961 33.2544
103.3 48.6498 20.8778 36.4495 33.3002
103.4 48.6945 20.8319 36.4029 33.3461
103.5 48.7392 20.7861 36.3562 33.3919
103.6 48.7839 20.7403 36.3096 33.4377
103.7 48.8286 20.6945 36.2629 33.4835
103.8 48.8732 20.6487 36.2162 33.5293
103.9 48.9178 20.603 36.1696 33.575
104 48.9625 20.5572 36.1229 33.6208
104.1 49.0071 20.5115 36.0762 33.6665
104.2 49.0517 20.4658 36.0296 33.7122
104.3 49.0963 20.4202 35.9829 33.7578
104.4 49.1409 20.3745 35.9362 33.8035
104.5 49.1854 20.3289 35.8895 33.8491
104.6 49.23 20.2833 35.8428 33.8947
104.7 49.2745 20.2377 35.7961 33.9403
104.8 49.3191 20.1921 35.7494 33.9859
104.9 49.3636 20.1466 35.7027 34.0314
105 49.4081 20.1011 35.656 34.0769
105.1 49.4526 20.0556 35.6093 34.1224
105.2 49.497 20.0101 35.5625 34.1679
105.3 49.5415 19.9646 35.5158 34.2134
105.4 49.586 19.9192 35.4691 34.2588
105.5 49.6304 19.8738 35.4224 34.3042
105.6 49.6748 19.8284 35.3756 34.3496
105.7 49.7193 19.783 35.3289 34.395
105.8 49.7637 19.7376 35.2821 34.4404
105.9 49.8081 19.6923 35.2354 34.4857
106 49.8524 19.647 35.1886 34.531
106.1 49.8968 19.6017 35.1419 34.5763
106.2 49.9412 19.5565 35.0951 34.6215
106.3 49.9855 19.5112 35.0483 34.6668
106.4 50.0298 19.466 35.0016 34.712
106.5 50.0741 19.4208 34.9548 34.7572
106.6 50.1184 19.3756 34.908 34.8024
106.7 50.1627 19.3305 34.8612 34.8475
106.8 50.207 19.2854 34.8144 34.8926
106.9 50.2513 19.2403 34.7676 34.9377
107 50.2955 19.1952 34.7208 34.9828
107.1 50.3398 19.1502 34.674 35.0278
107.2 50.384 19.1051 34.6272 35.0729
107.3 50.4282 19.0601 34.5804 35.1179
107.4 50.4724 19.0152 34.5336 35.1628
107.5 50.5166 18.9702 34.4868 35.2078
107.6 50.5607 18.9253 34.44 35.2527
107.7 50.6049 18.8804 34.3932 35.2976
107.8 50.649 18.8355 34.3463 35.3425
107.9 50.6931 18.7907 34.2995 35.3873
108 50.7373 18.7458 34.2527 35.4322
108.1 50.7813 18.701 34.2058 35.477
108.2 50.8254 18.6563 34.159 35.5217
108.3 50.8695 18.6115 34.1121 35.5665
108.4 50.9136 18.5668 34.0653 35.6112
108.5 50.9576 18.5221 34.0184 35.6559
108.6 51.0016 18.4774 33.9716 35.7006
108.7 51.0456 18.4328 33.9247 35.7452
108.8 51.0896 18.3881 33.8779 35.7899
108.9 51.1336 18.3436 33.831 35.8344
109 51.1776 18.299 33.7841 35.879
109.1 51.2215 18.2544 33.7372 35.9236
109.2 51.2655 18.2099 33.6904 35.9681
109.3 51.3094 18.1655 33.6435 36.0125
109.4 51.3533 18.121 33.5966 36.057
109.5 51.3972 18.0766 33.5497 36.1014
109.6 51.4411 18.0322 33.5028 36.1458
109.7 51.4849 17.9878 33.4559 36.1902
109.8 51.5288 17.9434 33.409 36.2346
109.9 51.5726 17.8991 33.3621 36.2789
110 51.6164 17.8548 33.3152 36.3232
110.1 51.6602 17.8106 33.2683 36.3674
110.2 51.704 17.7663 33.2213 36.4117
110.3 51.7478 17.7221 33.1744 36.4559
110.4 51.7916 17.6779 33.1275 36.5001
110.5 51.8353 17.6338 33.0806 36.5442
110.6 51.879 17.5897 33.0336 36.5883
110.7 51.9227 17.5456 32.9867 36.6324
110.8 51.9664 17.5015 32.9398 36.6765
110.9 52.0101 17.4575 32.8928 36.7205
111 52.0538 17.4135 32.8459 36.7645
111.1 52.0974 17.3695 32.7989 36.8085
111.2 52.141 17.3255 32.752 36.8525
111.3 52.1847 17.2816 32.705 36.8964
111.4 52.2283 17.2377 32.6581 36.9403
111.5 52.2718 17.1939 32.6111 36.9841
111.6 52.3154 17.1501 32.5641 37.0279
111.7 52.359 17.1063 32.5172 37.0717
111.8 52.4025 17.0625 32.4702 37.1155
111.9 52.446 17.0188 32.4232 37.1592
112 52.4895 16.9751 32.3762 37.2029
112.1 52.533 16.9314 32.3292 37.2466
112.2 52.5764 16.8877 32.2822 37.2903
112.3 52.6199 16.8441 32.2353 37.3339
112.4 52.6633 16.8006 32.1883 37.3774
112.5 52.7067 16.757 32.1413 37.421
112.6 52.7501 16.7135 32.0943 37.4645
112.7 52.7935 16.67 32.0473 37.508
112.8 52.8369 16.6266 32.0003 37.5514
112.9 52.8802 16.5831 31.9532 37.5949
113 52.9236 16.5397 31.9062 37.6383
113.1 52.9669 16.4964 31.8592 37.6816
113.2 53.0102 16.4531 31.8122 37.7249
113.3 53.0534 16.4098 31.7652 37.7682
113.4 53.0967 16.3665 31.7181 37.8115
113.5 53.1399 16.3233 31.6711 37.8547
113.6 53.1832 16.2801 31.6241 37.8979
113.7 53.2264 16.2369 31.577 37.9411
113.8 53.2696 16.1938 31.53 37.9842
113.9 53.3127 16.1507 31.4829 38.0273
114 53.3559 16.1076 31.4359 38.0704
114.1 53.399 16.0646 31.3888 38.1134
114.2 53.4421 16.0216 31.3418 38.1564
114.3 53.4852 15.9786 31.2947 38.1994
114.4 53.5283 15.9357 31.2477 38.2423
114.5 53.5713 15.8928 31.2006 38.2852
114.6 53.6144 15.85 31.1535 38.328
114.7 53.6574 15.8071 31.1065 38.3709
114.8 53.7004 15.7643 31.0594 38.4137
114.9 53.7434 15.7216 31.0123 38.4564
115 53.7864 15.6789 30.9653 38.4991
115.1 53.8293 15.6362 30.9182 38.5418
115.2 53.8722 15.5935 30.8711 38.5845
115.3 53.9151 15.5509 30.824 38.6271
115.4 53.958 15.5083 30.7769 38.6697
115.5 54.0009 15.4658 30.7298 38.7122
115.6 54.0437 15.4233 30.6827 38.7547
115.7 54.0866 15.3808 30.6356 38.7972
115.8 54.1294 15.3383 30.5885 38.8397
115.9 54.1721 15.2959 30.5414 38.8821
116 54.2149 15.2536 30.4943 38.9244
116.1 54.2577 15.2112 30.4472 38.9668
116.2 54.3004 15.1689 30.4001 39.0091
116.3 54.3431 15.1267 30.3529 39.0513
116.4 54.3858 15.0845 30.3058 39.0935
116.5 54.4285 15.0423 30.2587 39.1357
116.6 54.4711 15.0001 30.2116 39.1779
116.7 54.5137 14.958 30.1644 39.22
116.8 54.5563 14.9159 30.1173 39.2621
116.9 54.5989 14.8739 30.0702 39.3041
117 54.6415 14.8319 30.023 39.3461
117.1 54.684 14.7899 29.9759 39.3881
117.2 54.7265 14.748 29.9287 39.43
117.3 54.769 14.7061 29.8816 39.4719
117.4 54.8115 14.6643 29.8344 39.5137
117.5 54.854 14.6224 29.7873 39.5556
117.6 54.8964 14.5807 29.7401 39.5973
117.7 54.9388 14.5389 29.693 39.6391
117.8 54.9812 14.4972 29.6458 39.6808
117.9 55.0236 14.4556 29.5986 39.7224
118 55.0659 14.4139 29.5515 39.7641
118.1 55.1082 14.3723 29.5043 39.8057
118.2 55.1505 14.3308 29.4571 39.8472
118.3 55.1928 14.2893 29.41 39.8887
118.4 55.2351 14.2478 29.3628 39.9302
118.5 55.2773 14.2064 29.3156 39.9716
118.6 55.3195 14.165 29.2684 40.013
118.7 55.3617 14.1237 29.2212 40.0543
118.8 55.4039 14.0823 29.174 40.0957
118.9 55.446 14.0411 29.1268 40.1369
119 55.4882 13.9998 29.0796 40.1782
119.1 55.5303 13.9587 29.0324 40.2193
119.2 55.5723 13.9175 28.9852 40.2605
119.3 55.6144 13.8764 28.938 40.3016
119.4 55.6564 13.8353 28.8908 40.3427
119.5 55.6984 13.7943 28.8436 40.3837
119.6 55.7404 13.7533 28.7964 40.4247
119.7 55.7823 13.7123 28.7492 40.4657
119.8 55.8243 13.6714 28.702 40.5066
119.9 55.8662 13.6306 28.6547 40.5474
120 55.9081 13.5897 28.6075 40.5883
120.1 55.9499 13.549 28.5603 40.629
120.2 55.9918 13.5082 28.5131 40.6698
120.3 56.0336 13.4675 28.4658 40.7105
120.4 56.0754 13.4268 28.4186 40.7512
120.5 56.1171 13.3862 28.3714 40.7918
120.6 56.1589 13.3456 28.3241 40.8324
120.7 56.2006 13.3051 28.2769 40.8729
120.8 56.2422 13.2646 28.2296 40.9134
120.9 56.2839 13.2242 28.1824 40.9538
121 56.3255 13.1837 28.1351 40.9943
121.1 56.3671 13.1434 28.0879 41.0346
121.2 56.4087 13.1031 28.0406 41.0749
121.3 56.4503 13.0628 27.9934 41.1152
121.4 56.4918 13.0225 27.9461 41.1555
121.5 56.5333 12.9823 27.8989 41.1957
121.6 56.5748 12.9422 27.8516 41.2358
121.7 56.6163 12.9021 27.8043 41.2759
121.8 56.6577 12.862 27.7571 41.316
121.9 56.6991 12.822 27.7098 41.356
122 56.7404 12.782 27.6625 41.396
122.1 56.7818 12.7421 27.6152 41.4359
122.2 56.8231 12.7022 27.5679 41.4758
122.3 56.8644 12.6623 27.5207 41.5157
122.4 56.9057 12.6225 27.4734 41.5555
122.5 56.9469 12.5827 27.4261 41.5953
122.6 56.9881 12.543 27.3788 41.635
122.7 57.0293 12.5033 27.3315 41.6747
122.8 57.0704 12.4637 27.2842 41.7143
122.9 57.1115 12.4241 27.2369 41.7539
123 57.1526 12.3846 27.1896 41.7934
123.1 57.1937 12.3451 27.1423 41.8329
123.2 57.2347 12.3056 27.095 41.8724
123.3 57.2758 12.2662 27.0477 41.9118
123.4 57.3167 12.2269 27.0004 41.9511
123.5 57.3577 12.1876 26.9531 41.9904
123.6 57.3986 12.1483 26.9058 42.0297
123.7 57.4395 12.1091 26.8584 42.0689
123.8 57.4804 12.0699 26.8111 42.1081
123.9 57.5212 12.0308 26.7638 42.1472
124 57.562 11.9917 26.7165 42.1863
124.1 57.6028 11.9526 26.6692 42.2254
124.2 57.6435 11.9136 26.6218 42.2644
124.3 57.6842 11.8747 26.5745 42.3033
124.4 57.7249 11.8358 26.5272 42.3422
124.5 57.7656 11.7969 26.4798 42.3811
124.6 57.8062 11.7581 26.4325 42.4199
124.7 57.8468 11.7194 26.3851 42.4586
124.8 57.8873 11.6806 26.3378 42.4974
124.9 57.9278 11.642 26.2905 42.536
125 57.9683 11.6033 26.2431 42.5747
125.1 58.0088 11.5648 26.1958 42.6132
125.2 58.0492 11.5262 26.1484 42.6518
125.3 58.0896 11.4878 26.1011 42.6902
125.4 58.13 11.4493 26.0537 42.7287
125.5 58.1703 11.4109 26.0063 42.7671
125.6 58.2106 11.3726 25.959 42.8054
125.7 58.2509 11.3343 25.9116 42.8437
125.8 58.2911 11.2961 25.8642 42.8819
125.9 58.3313 11.2579 25.8169 42.9201
126 58.3715 11.2197 25.7695 42.9583
126.1 58.4117 11.1816 25.7221 42.9964
126.2 58.4518 11.1436 25.6748 43.0344
126.3 58.4918 11.1056 25.6274 43.0724
126.4 58.5319 11.0676 25.58 43.1104
126.5 58.5719 11.0297 25.5326 43.1483
126.6 58.6118 10.9919 25.4852 43.1861
126.7 58.6518 10.9541 25.4379 43.2239
126.8 58.6917 10.9163 25.3905 43.2617
126.9 58.7315 10.8786 25.3431 43.2994
127 58.7713 10.841 25.2957 43.337
127.1 58.8111 10.8034 25.2483 43.3746
127.2 58.8509 10.7658 25.2009 43.4122
127.3 58.8906 10.7283 25.1535 43.4497
127.4 58.9303 10.6908 25.1061 43.4872
127.5 58.9699 10.6534 25.0587 43.5246
127.6 59.0096 10.6161 25.0113 43.5619
127.7 59.0491 10.5788 24.9639 43.5992
127.8 59.0887 10.5415 24.9165 43.6365
127.9 59.1282 10.5043 24.8691 43.6737
128 59.1676 10.4672 24.8217 43.7108
128.1 59.2071 10.43 24.7742 43.748
128.2 59.2464 10.393 24.7268 43.785
128.3 59.2858 10.356 24.6794 43.822
128.4 59.3251 10.319 24.632 43.859
128.5 59.3644 10.2821 24.5846 43.8959
128.6 59.4036 10.2453 24.5371 43.9327
128.7 59.4428 10.2085 24.4897 43.9695
128.8 59.482 10.1717 24.4423 44.0063
128.9 59.5211 10.135 24.3948 44.043
129 59.5602 10.0984 24.3474 44.0796
129.1 59.5992 10.0618 24.3 44.1162
129.2 59.6382 10.0253 24.2525 44.1527
129.3 59.6772 9.98877 24.2051 44.1892
129.4 59.7161 9.95233 24.1577 44.2257
129.5 59.7549 9.91595 24.1102 44.2621
129.6 59.7938 9.87962 24.0628 44.2984
129.7 59.8326 9.84334 24.0153 44.3347
129.8 59.8713 9.80711 23.9679 44.3709
129.9 59.91 9.77093 23.9204 44.4071
130 59.9487 9.73481 23.873 44.4432
130.1 59.9873 9.69874 23.8255 44.4793
130.2 60.0259 9.66272 23.7781 44.5153
130.3 60.0645 9.62676 23.7306 44.5512
130.4 60.103 9.59085 23.6831 44.5871
130.5 60.1414 9.55499 23.6357 44.623
130.6 60.1798 9.51919 23.5882 44.6588
130.7 60.2182 9.48344 23.5407 44.6946
130.8 60.2565 9.44774 23.4933 44.7303
130.9 60.2948 9.4121 23.4458 44.7659
131 60.3331 9.37651 23.3983 44.8015
131.1 60.3712 9.34098 23.3509 44.837
131.2 60.4094 9.3055 23.3034 44.8725
131.3 60.4475 9.27007 23.2559 44.9079
131.4 60.4856 9.2347 23.2084 44.9433
131.5 60.5236 9.19938 23.1609 44.9786
131.6 60.5615 9.16412 23.1135 45.0139
131.7 60.5994 9.12891 23.066 45.0491
131.8 60.6373 9.09376 23.0185 45.0842
131.9 60.6751 9.05866 22.971 45.1193
132 60.7129 9.02361 22.9235 45.1544
132.1 60.7506 8.98862 22.876 45.1894
132.2 60.7883 8.95369 22.8285 45.2243
132.3 60.826 8.91881 22.781 45.2592
132.4 60.8635 8.88399 22.7335 45.294
132.5 60.9011 8.84922 22.686 45.3288
132.6 60.9386 8.81451 22.6385 45.3635
132.7 60.976 8.77985 22.591 45.3982
132.8 61.0134 8.74525 22.5435 45.4328
132.9 61.0507 8.7107 22.496 45.4673
133 61.088 8.67621 22.4485 45.5018
133.1 61.1253 8.64178 22.401 45.5362
133.2 61.1624 8.6074 22.3535 45.5706
133.3 61.1996 8.57308 22.3059 45.6049
133.4 61.2367 8.53882 22.2584 45.6392
133.5 61.2737 8.50461 22.2109 45.6734
133.6 61.3107 8.47046 22.1634 45.7075
133.7 61.3476 8.43636 22.1159 45.7416
133.8 61.3845 8.40233 22.0683 45.7757
133.9 61.4213 8.36835 22.0208 45.8097
134 61.458 8.33442 21.9733 45.8436
134.1 61.4948 8.30056 21.9258 45.8774
134.2 61.5314 8.26675 21.8782 45.9113
134.3 61.568 8.23299 21.8307 45.945
134.4 61.6046 8.1993 21.7832 45.9787
134.5 61.6411 8.16566 21.7356 46.0123
134.6 61.6775 8.13208 21.6881 46.0459
134.7 61.7139 8.09856 21.6406 46.0794
134.8 61.7502 8.0651 21.593 46.1129
134.9 61.7865 8.03169 21.5455 46.1463
135 61.8227 7.99834 21.4979 46.1797
135.1 61.8588 7.96506 21.4504 46.2129
135.2 61.8949 7.93182 21.4028 46.2462
135.3 61.9309 7.89865 21.3553 46.2793
135.4 61.9669 7.86554 21.3077 46.3125
135.5 62.0028 7.83248 21.2602 46.3455
135.6 62.0387 7.79948 21.2126 46.3785
135.7 62.0745 7.76654 21.1651 46.4115
135.8 62.1102 7.73366 21.1175 46.4443
135.9 62.1459 7.70084 21.07 46.4772
136 62.1815 7.66808 21.0224 46.5099
136.1 62.2171 7.63538 20.9748 46.5426
136.2 62.2526 7.60274 20.9273 46.5753
136.3 62.288 7.57015 20.8797 46.6078
136.4 62.3234 7.53763 20.8321 46.6404
136.5 62.3587 7.50516 20.7846 46.6728
136.6 62.3939 7.47276 20.737 46.7052
136.7 62.4291 7.44041 20.6894 46.7376
136.8 62.4642 7.40813 20.6419 46.7699
136.9 62.4992 7.3759 20.5943 46.8021
137 62.5342 7.34374 20.5467 46.8343
137.1 62.5691 7.31163 20.4991 46.8664
137.2 62.604 7.27958 20.4516 46.8984
137.3 62.6387 7.2476 20.404 46.9304
137.4 62.6735 7.21567 20.3564 46.9623
137.5 62.7081 7.18381 20.3088 46.9942
137.6 62.7427 7.15201 20.2612 47.026
137.7 62.7772 7.12026 20.2136 47.0577
137.8 62.8116 7.08858 20.166 47.0894
137.9 62.846 7.05696 20.1185 47.121
138 62.8803 7.0254 20.0709 47.1526
138.1 62.9145 6.9939 20.0233 47.1841
138.2 62.9487 6.96247 19.9757 47.2155
138.3 62.9828 6.93109 19.9281 47.2469
138.4 63.0168 6.89978 19.8805 47.2782
138.5 63.0507 6.86852 19.8329 47.3095
138.6 63.0846 6.83733 19.7853 47.3407
138.7 63.1184 6.8062 19.7377 47.3718
138.8 63.1521 6.77513 19.6901 47.4029
138.9 63.1857 6.74413 19.6425 47.4339
139 63.2193 6.71318 19.5949 47.4648
139.1 63.2528 6.6823 19.5473 47.4957
139.2 63.2862 6.65148 19.4997 47.5265
139.3 63.3195 6.62072 19.452 47.5573
139.4 63.3528 6.59003 19.4044 47.588
139.5 63.386 6.55939 19.3568 47.6186
139.6 63.4191 6.52882 19.3092 47.6492
139.7 63.4521 6.49831 19.2616 47.6797
139.8 63.485 6.46787 19.214 47.7101
139.9 63.5179 6.43749 19.1663 47.7405
140 63.5507 6.40717 19.1187 47.7708
140.1 63.5834 6.37691 19.0711 47.8011
140.2 63.616 6.34672 19.0235 47.8313
140.3 63.6485 6.31659 18.9759 47.8614
140.4 63.681 6.28652 18.9282 47.8915
140.5 63.7134 6.25652 18.8806 47.9215
140.6 63.7456 6.22658 18.833 47.9514
140.7 63.7778 6.1967 18.7853 47.9813
140.8 63.81 6.16689 18.7377 48.0111
140.9 63.842 6.13714 18.6901 48.0409
141 63.8739 6.10745 18.6424 48.0705
141.1 63.9058 6.07783 18.5948 48.1002
141.2 63.9375 6.04827 18.5472 48.1297
141.3 63.9692 6.01878 18.4995 48.1592
141.4 64.0008 5.98935 18.4519 48.1886
141.5 64.0323 5.95999 18.4042 48.218
141.6 64.0637 5.93069 18.3566 48.2473
141.7 64.095 5.90145 18.309 48.2766
141.8 64.1262 5.87228 18.2613 48.3057
141.9 64.1573 5.84317 18.2137 48.3348
142 64.1883 5.81413 18.166 48.3639
142.1 64.2192 5.78515 18.1184 48.3928
142.2 64.2501 5.75624 18.0707 48.4218
142.3 64.2808 5.72739 18.0231 48.4506
142.4 64.3115 5.69861 17.9754 48.4794
142.5 64.342 5.66989 17.9278 48.5081
142.6 64.3724 5.64124 17.8801 48.5368
142.7 64.4028 5.61265 17.8324 48.5653
142.8 64.433 5.58413 17.7848 48.5939
142.9 64.4632 5.55568 17.7371 48.6223
143 64.4932 5.52728 17.6895 48.6507
143.1 64.5231 5.49896 17.6418 48.679
143.2 64.553 5.4707 17.5941 48.7073
143.3 64.5827 5.44251 17.5465 48.7355
143.4 64.6123 5.41438 17.4988 48.7636
143.5 64.6419 5.38632 17.4511 48.7917
143.6 64.6713 5.35833 17.4035 48.8197
143.7 64.7006 5.3304 17.3558 48.8476
143.8 64.7298 5.30253 17.3081 48.8755
143.9 64.7588 5.27474 17.2605 48.9033
144 64.7878 5.24701 17.2128 48.931
144.1 64.8167 5.21935 17.1651 48.9587
144.2 64.8454 5.19175 17.1174 48.9863
144.3 64.8741 5.16422 17.0698 49.0138
144.4 64.9026 5.13676 17.0221 49.0412
144.5 64.931 5.10936 16.9744 49.0686
144.6 64.9593 5.08203 16.9267 49.096
144.7 64.9875 5.05477 16.879 49.1232
144.8 65.0155 5.02758 16.8313 49.1504
144.9 65.0434 5.00045 16.7837 49.1776
145 65.0713 4.97339 16.736 49.2046
145.1 65.099 4.94639 16.6883 49.2316
145.2 65.1265 4.91947 16.6406 49.2585
145.3 65.154 4.89261 16.5929 49.2854
145.4 65.1813 4.86582 16.5452 49.3122
145.5 65.2085 4.8391 16.4975 49.3389
145.6 65.2356 4.81244 16.4498 49.3656
145.7 65.2625 4.78585 16.4021 49.3921
145.8 65.2893 4.75934 16.3545 49.4187
145.9 65.316 4.73288 16.3068 49.4451
146 65.3426 4.7065 16.2591 49.4715
146.1 65.369 4.68019 16.2114 49.4978
146.2 65.3953 4.65394 16.1637 49.5241
146.3 65.4215 4.62776 16.116 49.5502
146.4 65.4475 4.60165 16.0683 49.5763
146.5 65.4734 4.57561 16.0206 49.6024
146.6 65.4991 4.54964 15.9728 49.6284
146.7 65.5247 4.52373 15.9251 49.6543
146.8 65.5502 4.4979 15.8774 49.6801
146.9 65.5755 4.47213 15.8297 49.7059
147 65.6007 4.44643 15.782 49.7316
147.1 65.6258 4.4208 15.7343 49.7572
147.2 65.6507 4.39524 15.6866 49.7828
147.3 65.6754 4.36975 15.6389 49.8082
147.4 65.7 4.34433 15.5912 49.8337
147.5 65.7245 4.31898 15.5435 49.859
147.6 65.7488 4.2937 15.4957 49.8843
147.7 65.7729 4.26848 15.448 49.9095
147.8 65.7969 4.24334 15.4003 49.9347
147.9 65.8208 4.21827 15.3526 49.9597
148 65.8444 4.19326 15.3049 49.9847
148.1 65.868 4.16833 15.2572 50.0097
148.2 65.8913 4.14346 15.2094 50.0345
148.3 65.9146 4.11867 15.1617 50.0593
148.4 65.9376 4.09394 15.114 50.0841
148.5 65.9605 4.06929 15.0663 50.1087
148.6 65.9832 4.0447 15.0185 50.1333
148.7 66.0058 4.02019 14.9708 50.1578
148.8 66.0282 3.99574 14.9231 50.1823
148.9 66.0504 3.97137 14.8754 50.2066
149 66.0724 3.94706 14.8276 50.2309
149.1 66.0943 3.92283 14.7799 50.2552
149.2 66.116 3.89867 14.7322 50.2793
149.3 66.1375 3.87458 14.6844 50.3034
149.4 66.1589 3.85056 14.6367 50.3274
149.5 66.18 3.82661 14.589 50.3514
149.6 66.201 3.80273 14.5412 50.3753
149.7 66.2218 3.77892 14.4935 50.3991
149.8 66.2424 3.75518 14.4458 50.4228
149.9 66.2629 3.73151 14.398 50.4465
150 66.2831 3.70792 14.3503 50.4701
150.1 66.3032 3.68439 14.3025 50.4936
150.2 66.323 3.66094 14.2548 50.5171
150.3 66.3427 3.63756 14.207 50.5404
150.4 66.3622 3.61425 14.1593 50.5638
150.5 66.3815 3.59101 14.1116 50.587
150.6 66.4005 3.56784 14.0638 50.6102
150.7 66.4194 3.54475 14.0161 50.6333
150.8 66.4381 3.52172 13.9683 50.6563
150.9 66.4565 3.49877 13.9206 50.6792
151 66.4748 3.47589 13.8728 50.7021
151.1 66.4929 3.45308 13.8251 50.7249
151.2 66.5107 3.43035 13.7773 50.7477
151.3 66.5283 3.40768 13.7296 50.7703
151.4 66.5457 3.38509 13.6818 50.7929
151.5 66.5629 3.36257 13.6341 50.8154
151.6 66.5799 3.34012 13.5863 50.8379
151.7 66.5966 3.31775 13.5385 50.8603
151.8 66.6131 3.29545 13.4908 50.8826
151.9 66.6294 3.27322 13.443 50.9048
152 66.6455 3.25106 13.3953 50.9269
152.1 66.6613 3.22897 13.3475 50.949
152.2 66.6769 3.20696 13.2998 50.971
152.3 66.6923 3.18502 13.252 50.993
152.4 66.7074 3.16315 13.2042 51.0148
152.5 66.7223 3.14136 13.1565 51.0366
152.6 66.7369 3.11964 13.1087 51.0584
152.7 66.7513 3.09799 13.0609 51.08
152.8 66.7655 3.07642 13.0132 51.1016
152.9 66.7793 3.05491 12.9654 51.1231
153 66.793 3.03349 12.9176 51.1445
153.1 66.8063 3.01213 12.8699 51.1659
153.2 66.8195 2.99085 12.8221 51.1872
153.3 66.8323 2.96964 12.7743 51.2084
153.4 66.8449 2.9485 12.7266 51.2295
153.5 66.8572 2.92744 12.6788 51.2506
153.6 66.8692 2.90646 12.631 51.2715
153.7 66.881 2.88554 12.5832 51.2925
153.8 66.8925 2.8647 12.5355 51.3133
153.9 66.9037 2.84393 12.4877 51.3341
154 66.9146 2.82324 12.4399 51.3548
154.1 66.9253 2.80262 12.3921 51.3754
154.2 66.9356 2.78208 12.3444 51.3959
154.3 66.9457 2.76161 12.2966 51.4164
154.4 66.9554 2.74121 12.2488 51.4368
154.5 66.9649 2.72089 12.201 51.4571
154.6 66.974 2.70064 12.1532 51.4774
154.7 66.9829 2.68046 12.1055 51.4975
154.8 66.9914 2.66036 12.0577 51.5176
154.9 66.9996 2.64034 12.0099 51.5377
155 67.0075 2.62039 11.9621 51.5576
155.1 67.0151 2.60051 11.9143 51.5775
155.2 67.0224 2.58071 11.8665 51.5973
155.3 67.0293 2.56098 11.8188 51.617
155.4 67.0359 2.54133 11.771 51.6367
155.5 67.0422 2.52175 11.7232 51.6562
155.6 67.0481 2.50225 11.6754 51.6758
155.7 67.0536 2.48282 11.6276 51.6952
155.8 67.0589 2.46347 11.5798 51.7145
155.9 67.0637 2.44419 11.532 51.7338
156 67.0682 2.42499 11.4842 51.753
156.1 67.0724 2.40586 11.4364 51.7721
156.2 67.0762 2.38681 11.3886 51.7912
156.3 67.0796 2.36783 11.3409 51.8102
156.4 67.0826 2.34893 11.2931 51.8291
156.5 67.0853 2.3301 11.2453 51.8479
156.6 67.0876 2.31135 11.1975 51.8667
156.7 67.0895 2.29267 11.1497 51.8853
156.8 67.091 2.27407 11.1019 51.9039
156.9 67.0921 2.25555 11.0541 51.9225
157 67.0928 2.2371 11.0063 51.9409
157.1 67.093 2.21873 10.9585 51.9593
157.2 67.0929 2.20043 10.9107 51.9776
157.3 67.0924 2.18221 10.8629 51.9958
157.4 67.0914 2.16406 10.8151 52.0139
157.5 67.09 2.14599 10.7673 52.032
157.6 67.0882 2.128 10.7195 52.05
157.7 67.0859 2.11008 10.6717 52.0679
157.8 67.0832 2.09224 10.6239 52.0858
157.9 67.08 2.07447 10.5761 52.1035
158 67.0764 2.05678 10.5282 52.1212
158.1 67.0723 2.03917 10.4804 52.1388
158.2 67.0678 2.02163 10.4326 52.1564
158.3 67.0628 2.00417 10.3848 52.1738
158.4 67.0572 1.98679 10.337 52.1912
158.5 67.0512 1.96948 10.2892 52.2085
158.6 67.0448 1.95225 10.2414 52.2258
158.7 67.0378 1.93509 10.1936 52.2429
158.8 67.0303 1.91802 10.1458 52.26
158.9 67.0223 1.90102 10.098 52.277
159 67.0137 1.88409 10.0501 52.2939
159.1 67.0047 1.86724 10.0023 52.3108
159.2 66.9951 1.85047 9.95452 52.3275
159.3 66.985 1.83378 9.9067 52.3442
159.4 66.9743 1.81716 9.85889 52.3608
159.5 66.963 1.80062 9.81107 52.3774
159.6 66.9512 1.78416 9.76325 52.3938
159.7 66.9388 1.76777 9.71544 52.4102
159.8 66.9259 1.75146 9.66762 52.4265
159.9 66.9123 1.73523 9.6198 52.4428
160 66.8982 1.71908 9.57198 52.4589
160.1 66.8835 1.703 9.52416 52.475
160.2 66.8681 1.687 9.47634 52.491
160.3 66.8521 1.67108 9.42852 52.5069
160.4 66.8355 1.65523 9.3807 52.5228
160.5 66.8183 1.63946 9.33288 52.5385
160.6 66.8004 1.62377 9.28505 52.5542
160.7 66.7818 1.60816 9.23723 52.5698
160.8 66.7626 1.59263 9.18941 52.5854
160.9 66.7427 1.57717 9.14158 52.6008
161 66.7221 1.56179 9.09376 52.6162
161.1 66.7008 1.54649 9.04593 52.6315
161.2 66.6788 1.53126 8.9981 52.6467
161.3 66.6561 1.51612 8.95028 52.6619
161.4 66.6327 1.50105 8.90245 52.677
161.5 66.6085 1.48606 8.85462 52.6919
161.6 66.5835 1.47115 8.80679 52.7069
161.7 66.5579 1.45631 8.75896 52.7217
161.8 66.5314 1.44156 8.71113 52.7364
161.9 66.5041 1.42688 8.6633 52.7511
162 66.4761 1.41228 8.61547 52.7657
162.1 66.4472 1.39776 8.56764 52.7802
162.2 66.4175 1.38331 8.51981 52.7947
162.3 66.387 1.36895 8.47198 52.8091
162.4 66.3557 1.35466 8.42414 52.8233
162.5 66.3234 1.34045 8.37631 52.8375
162.6 66.2903 1.32632 8.32848 52.8517
162.7 66.2564 1.31227 8.28064 52.8657
162.8 66.2215 1.2983 8.23281 52.8797
162.9 66.1857 1.2844 8.18497 52.8936
163 66.1489 1.27059 8.13713 52.9074
163.1 66.1113 1.25685 8.0893 52.9211
163.2 66.0726 1.24319 8.04146 52.9348
163.3 66.033 1.22961 7.99362 52.9484
163.4 65.9924 1.21611 7.94578 52.9619
163.5 65.9508 1.20269 7.89794 52.9753
163.6 65.9081 1.18935 7.8501 52.9887
163.7 65.8644 1.17608 7.80227 53.0019
163.8 65.8197 1.1629 7.75442 53.0151
163.9 65.7738 1.14979 7.70658 53.0282
164 65.7269 1.13676 7.65874 53.0412
164.1 65.6789 1.12381 7.6109 53.0542
164.2 65.6297 1.11094 7.56306 53.0671
164.3 65.5794 1.09815 7.51522 53.0798
164.4 65.5279 1.08544 7.46737 53.0926
164.5 65.4752 1.07281 7.41953 53.1052
164.6 65.4213 1.06026 7.37168 53.1177
164.7 65.3661 1.04779 7.32384 53.1302
164.8 65.3097 1.03539 7.276 53.1426
164.9 65.2521 1.02308 7.22815 53.1549
165 65.1931 1.01084 7.1803 53.1672
165.1 65.1328 0.998685 7.13246 53.1793
165.2 65.0712 0.986609 7.08461 53.1914
165.3 65.0082 0.974612 7.03676 53.2034
165.4 64.9437 0.962695 6.98891 53.2153
165.5 64.8779 0.950857 6.94107 53.2271
165.6 64.8106 0.939099 6.89322 53.2389
165.7 64.7419 0.927421 6.84537 53.2506
165.8 64.6716 0.915822 6.79752 53.2622
165.9 64.5999 0.904303 6.74967 53.2737
166 64.5265 0.892864 6.70182 53.2851
166.1 64.4516 0.881505 6.65397 53.2965
166.2 64.3751 0.870225 6.60612 53.3078
166.3 64.2969 0.859026 6.55827 53.319
166.4 64.217 0.847906 6.51041 53.3301
166.5 64.1355 0.836866 6.46256 53.3411
166.6 64.0522 0.825906 6.41471 53.3521
166.7 63.9671 0.815026 6.36685 53.363
166.8 63.8802 0.804226 6.319 53.3738
166.9 63.7914 0.793506 6.27115 53.3845
167 63.7008 0.782867 6.22329 53.3951
167.1 63.6083 0.772307 6.17544 53.4057
167.2 63.5138 0.761828 6.12758 53.4162
167.3 63.4173 0.751429 6.07973 53.4266
167.4 63.3188 0.74111 6.03187 53.4369
167.5 63.2182 0.730871 5.98401 53.4471
167.6 63.1155 0.720712 5.93616 53.4573
167.7 63.0106 0.710634 5.8883 53.4674
167.8 62.9035 0.700637 5.84044 53.4774
167.9 62.7942 0.690719 5.79258 53.4873
168 62.6826 0.680882 5.74473 53.4971
168.1 62.5686 0.671126 5.69687 53.5069
168.2 62.4523 0.66145 5.64901 53.5166
168.3 62.3335 0.651854 5.60115 53.5261
168.4 62.2122 0.642339 5.55329 53.5357
168.5 62.0884 0.632905 5.50543 53.5451
168.6 61.9619 0.623551 5.45757 53.5544
168.7 61.8328 0.614277 5.40971 53.5637
168.8 61.701 0.605085 5.36185 53.5729
168.9 61.5664 0.595973 5.31399 53.582
169 61.429 0.586942 5.26612 53.5911
169.1 61.2887 0.577991 5.21826 53.6
169.2 61.1455 0.569121 5.1704 53.6089
169.3 60.9992 0.560332 5.12254 53.6177
169.4 60.8498 0.551624 5.07467 53.6264
169.5 60.6973 0.542997 5.02681 53.635
169.6 60.5415 0.53445 4.97895 53.6435
169.7 60.3824 0.525985 4.93108 53.652
169.8 60.22 0.5176 4.88322 53.6604
169.9 60.0541 0.509297 4.83535 53.6687
170 59.8847 0.501074 4.78749 53.6769
170.1 59.7116 0.492932 4.73962 53.6851
170.2 59.5349 0.484871 4.69176 53.6931
170.3 59.3544 0.476892 4.64389 53.7011
170.4 59.17 0.468993 4.59603 53.709
170.5 58.9817 0.461175 4.54816 53.7168
170.6 58.7892 0.453439 4.50029 53.7246
170.7 58.5927 0.445784 4.45243 53.7322
170.8 58.3919 0.438209 4.40456 53.7398
170.9 58.1867 0.430716 4.35669 53.7473
171 57.9771 0.423305 4.30883 53.7547
171.1 57.763 0.415974 4.26096 53.762
171.2 57.5441 0.408725 4.21309 53.7693
171.3 57.3205 0.401557 4.16522 53.7764
171.4 57.092 0.39447 4.11735 53.7835
171.5 56.8584 0.387465 4.06948 53.7905
171.6 56.6197 0.380541 4.02161 53.7975
171.7 56.3758 0.373698 3.97374 53.8043
171.8 56.1264 0.366937 3.92587 53.8111
171.9 55.8715 0.360257 3.878 53.8177
172 55.6109 0.353658 3.83013 53.8243
172.1 55.3445 0.347141 3.78226 53.8309
172.2 55.0722 0.340705 3.73439 53.8373
172.3 54.7937 0.334351 3.68652 53.8436
172.4 54.509 0.328079 3.63865 53.8499
172.5 54.2179 0.321888 3.59078 53.8561
172.6 53.9202 0.315778 3.54291 53.8622
172.7 53.6157 0.30975 3.49504 53.8683
172.8 53.3043 0.303803 3.44716 53.8742
172.9 52.9858 0.297939 3.39929 53.8801
173 52.6601 0.292155 3.35142 53.8858
173.1 52.3269 0.286454 3.30355 53.8915
173.2 51.986 0.280834 3.25567 53.8972
173.3 51.6373 0.275295 3.2078 53.9027
173.4 51.2806 0.269839 3.15993 53.9082
173.5 50.9156 0.264464 3.11205 53.9135
173.6 50.5421 0.25917 3.06418 53.9188
173.7 50.16 0.253959 3.01631 53.924
173.8 49.769 0.248829 2.96843 53.9292
173.9 49.3688 0.243781 2.92056 53.9342
174 48.9594 0.238815 2.87268 53.9392
174.1 48.5403 0.23393 2.82481 53.9441
174.2 48.1115 0.229128 2.77693 53.9489
174.3 47.6725 0.224407 2.72906 53.9536
174.4 47.2233 0.219768 2.68118 53.9582
174.5 46.7635 0.215211 2.63331 53.9628
174.6 46.2929 0.210735 2.58543 53.9673
174.7 45.8113 0.206342 2.53756 53.9717
174.8 45.3183 0.20203 2.48968 53.976
174.9 44.8137 0.197801 2.44181 53.9802
175 44.2972 0.193653 2.39393 53.9843
175.1 43.7686 0.189587 2.34605 53.9884
175.2 43.2276 0.185603 2.29818 53.9924
175.3 42.6739 0.181702 2.2503 53.9963
175.4 42.1072 0.177882 2.20242 54.0001
175.5 41.5273 0.174144 2.15455 54.0039
175.6 40.9338 0.170488 2.10667 54.0075
175.7 40.3266 0.166914 2.05879 54.0111
175.8 39.7053 0.163422 2.01092 54.0146
175.9 39.0697 0.160012 1.96304 54.018
176 38.4195 0.156684 1.91516 54.0213
176.1 37.7544 0.153438 1.86728 54.0246
176.2 37.0743 0.150274 1.81941 54.0277
176.3 36.3788 0.147192 1.77153 54.0308
176.4 35.6678 0.144193 1.72365 54.0338
176.5 34.941 0.141275 1.67577 54.0367
176.6 34.1982 0.138439 1.62789 54.0396
176.7 33.4392 0.135686 1.58002 54.0423
176.8 32.6639 0.133015 1.53214 54.045
176.9 31.8722 0.130425 1.48426 54.0476
177 31.0638 0.127918 1.43638 54.0501
177.1 30.2387 0.125493 1.3885 54.0525
177.2 29.3968 0.12315 1.34062 54.0548
177.3 28.5381 0.12089 1.29275 54.0571
177.4 27.6626 0.118711 1.24487 54.0593
177.5 26.7703 0.116615 1.19699 54.0614
177.6 25.8612 0.1146 1.14911 54.0634
177.7 24.9354 0.112668 1.10123 54.0653
177.8 23.9931 0.110818 1.05335 54.0672
177.9 23.0345 0.109051 1.00547 54.0689
178 22.0599 0.107365 0.957593 54.0706
178.1 21.0694 0.105762 0.909713 54.0722
178.2 20.0634 0.104241 0.861834 54.0738
178.3 19.0423 0.102802 0.813955 54.0752
178.4 18.0065 0.101445 0.766075 54.0766
178.5 16.9566 0.10017 0.718196 54.0778
178.6 15.8931 0.098978 0.670316 54.079
178.7 14.8165 0.0978679 0.622437 54.0801
178.8 13.7276 0.09684 0.574557 54.0812
178.9 12.627 0.0958943 0.526677 54.0821
179 11.5155 0.0950308 0.478798 54.083
179.1 10.3939 0.0942496 0.430918 54.0838
179.2 9.26308 0.0935506 0.383038 54.0844
179.3 8.12393 0.0929338 0.335159 54.0851
179.4 6.97738 0.0923993 0.287279 54.0856
179.5 5.82443 0.0919469 0.239399 54.0861
179.6 4.66609 0.0915769 0.191519 54.0864
179.7 3.5034 0.091289 0.143639 54.0867
179.8 2.33743 0.0910834 0.0957597 54.0869
179.9 1.16927 0.0909601 0.0478798 54.087
