#kinematics calculation of gsgs
#vertex z = 250 mm, E_reaction = 55.662 MeV
#theta_cm, theta3_lab, Ek3_lab, theta4_lab, Ek4_lab
0 0 55.662 0 0
0.1 0.0499379 55.662 89.9499 4.2389e-05
0.2 0.0998757 55.6618 89.8999 0.000169556
0.3 0.149814 55.6616 89.8498 0.0003815
0.4 0.199751 55.6613 89.7998 0.000678222
0.5 0.249689 55.6609 89.7497 0.00105972
0.6 0.299627 55.6605 89.6996 0.00152599
0.7 0.349565 55.6599 89.6496 0.00207704
0.8 0.399503 55.6593 89.5995 0.00271285
0.9 0.449441 55.6586 89.5494 0.00343344
1 0.499379 55.6578 89.4994 0.0042388
1.1 0.549316 55.6569 89.4493 0.00512892
1.2 0.599254 55.6559 89.3993 0.0061038
1.3 0.649192 55.6548 89.3492 0.00716344
1.4 0.69913 55.6537 89.2991 0.00830784
1.5 0.749068 55.6525 89.2491 0.00953699
1.6 0.799006 55.6511 89.199 0.0108509
1.7 0.848944 55.6498 89.1489 0.0122495
1.8 0.898882 55.6483 89.0989 0.0137329
1.9 0.948819 55.6467 89.0488 0.015301
2 0.998757 55.645 88.9988 0.0169539
2.1 1.0487 55.6433 88.9487 0.0186915
2.2 1.09863 55.6415 88.8986 0.0205138
2.3 1.14857 55.6396 88.8486 0.0224208
2.4 1.19851 55.6376 88.7985 0.0244125
2.5 1.24845 55.6355 88.7484 0.0264889
2.6 1.29838 55.6333 88.6984 0.0286501
2.7 1.34832 55.6311 88.6483 0.0308959
2.8 1.39826 55.6288 88.5983 0.0332264
2.9 1.4482 55.6264 88.5482 0.0356416
3 1.49814 55.6239 88.4981 0.0381414
3.1 1.54807 55.6213 88.4481 0.0407259
3.2 1.59801 55.6186 88.398 0.0433951
3.3 1.64795 55.6159 88.3479 0.0461489
3.4 1.69789 55.613 88.2979 0.0489873
3.5 1.74783 55.6101 88.2478 0.0519104
3.6 1.79776 55.6071 88.1978 0.0549181
3.7 1.8477 55.604 88.1477 0.0580104
3.8 1.89764 55.6008 88.0976 0.0611873
3.9 1.94758 55.5976 88.0476 0.0644488
4 1.99752 55.5942 87.9975 0.0677949
4.1 2.04745 55.5908 87.9475 0.0712256
4.2 2.09739 55.5873 87.8974 0.0747408
4.3 2.14733 55.5837 87.8473 0.0783405
4.4 2.19727 55.58 87.7973 0.0820249
4.5 2.24721 55.5762 87.7472 0.0857937
4.6 2.29714 55.5724 87.6971 0.089647
4.7 2.34708 55.5684 87.6471 0.0935849
4.8 2.39702 55.5644 87.597 0.0976072
4.9 2.44696 55.5603 87.547 0.101714
5 2.4969 55.5561 87.4969 0.105905
5.1 2.54683 55.5518 87.4468 0.110181
5.2 2.59677 55.5475 87.3968 0.114541
5.3 2.64671 55.543 87.3467 0.118986
5.4 2.69665 55.5385 87.2966 0.123515
5.5 2.74659 55.5339 87.2466 0.128128
5.6 2.79653 55.5292 87.1965 0.132826
5.7 2.84646 55.5244 87.1465 0.137608
5.8 2.8964 55.5195 87.0964 0.142475
5.9 2.94634 55.5146 87.0463 0.147426
6 2.99628 55.5095 86.9963 0.152461
6.1 3.04622 55.5044 86.9462 0.157581
6.2 3.09615 55.4992 86.8961 0.162785
6.3 3.14609 55.4939 86.8461 0.168073
6.4 3.19603 55.4886 86.796 0.173445
6.5 3.24597 55.4831 86.746 0.178902
6.6 3.29591 55.4776 86.6959 0.184443
6.7 3.34585 55.4719 86.6458 0.190068
6.8 3.39578 55.4662 86.5958 0.195777
6.9 3.44572 55.4604 86.5457 0.20157
7 3.49566 55.4546 86.4957 0.207448
7.1 3.5456 55.4486 86.4456 0.21341
7.2 3.59554 55.4425 86.3955 0.219456
7.3 3.64548 55.4364 86.3455 0.225586
7.4 3.69541 55.4302 86.2954 0.2318
7.5 3.74535 55.4239 86.2453 0.238098
7.6 3.79529 55.4175 86.1953 0.24448
7.7 3.84523 55.4111 86.1452 0.250947
7.8 3.89517 55.4045 86.0952 0.257497
7.9 3.94511 55.3979 86.0451 0.264131
8 3.99504 55.3912 85.995 0.270849
8.1 4.04498 55.3843 85.945 0.277652
8.2 4.09492 55.3775 85.8949 0.284538
8.3 4.14486 55.3705 85.8449 0.291508
8.4 4.1948 55.3634 85.7948 0.298562
8.5 4.24474 55.3563 85.7447 0.3057
8.6 4.29468 55.3491 85.6947 0.312921
8.7 4.34461 55.3418 85.6446 0.320227
8.8 4.39455 55.3344 85.5945 0.327616
8.9 4.44449 55.3269 85.5445 0.335089
9 4.49443 55.3194 85.4944 0.342646
9.1 4.54437 55.3117 85.4444 0.350286
9.2 4.59431 55.304 85.3943 0.358011
9.3 4.64425 55.2962 85.3442 0.365819
9.4 4.69418 55.2883 85.2942 0.37371
9.5 4.74412 55.2803 85.2441 0.381685
9.6 4.79406 55.2723 85.1941 0.389744
9.7 4.844 55.2641 85.144 0.397887
9.8 4.89394 55.2559 85.0939 0.406113
9.9 4.94388 55.2476 85.0439 0.414422
10 4.99382 55.2392 84.9938 0.422815
10.1 5.04376 55.2307 84.9437 0.431292
10.2 5.09369 55.2221 84.8937 0.439852
10.3 5.14363 55.2135 84.8436 0.448496
10.4 5.19357 55.2048 84.7936 0.457222
10.5 5.24351 55.196 84.7435 0.466033
10.6 5.29345 55.1871 84.6934 0.474926
10.7 5.34339 55.1781 84.6434 0.483903
10.8 5.39333 55.169 84.5933 0.492964
10.9 5.44327 55.1599 84.5433 0.502107
11 5.49321 55.1507 84.4932 0.511334
11.1 5.54314 55.1414 84.4431 0.520644
11.2 5.59308 55.132 84.3931 0.530037
11.3 5.64302 55.1225 84.343 0.539513
11.4 5.69296 55.1129 84.293 0.549073
11.5 5.7429 55.1033 84.2429 0.558716
11.6 5.79284 55.0936 84.1928 0.568441
11.7 5.84278 55.0838 84.1428 0.57825
11.8 5.89272 55.0739 84.0927 0.588142
11.9 5.94266 55.0639 84.0426 0.598116
12 5.9926 55.0538 83.9926 0.608174
12.1 6.04254 55.0437 83.9425 0.618315
12.2 6.09248 55.0335 83.8925 0.628538
12.3 6.14241 55.0232 83.8424 0.638845
12.4 6.19235 55.0128 83.7923 0.649234
12.5 6.24229 55.0023 83.7423 0.659706
12.6 6.29223 54.9917 83.6922 0.670261
12.7 6.34217 54.9811 83.6422 0.680898
12.8 6.39211 54.9704 83.5921 0.691618
12.9 6.44205 54.9596 83.542 0.702421
13 6.49199 54.9487 83.492 0.713307
13.1 6.54193 54.9377 83.4419 0.724275
13.2 6.59187 54.9267 83.3919 0.735326
13.3 6.64181 54.9155 83.3418 0.746459
13.4 6.69175 54.9043 83.2917 0.757675
13.5 6.74169 54.893 83.2417 0.768973
13.6 6.79163 54.8816 83.1916 0.780353
13.7 6.84157 54.8702 83.1416 0.791816
13.8 6.89151 54.8586 83.0915 0.803362
13.9 6.94145 54.847 83.0414 0.81499
14 6.99139 54.8353 82.9914 0.8267
14.1 7.04133 54.8235 82.9413 0.838492
14.2 7.09127 54.8116 82.8913 0.850366
14.3 7.1412 54.7997 82.8412 0.862323
14.4 7.19114 54.7876 82.7911 0.874362
14.5 7.24108 54.7755 82.7411 0.886483
14.6 7.29102 54.7633 82.691 0.898686
14.7 7.34096 54.751 82.641 0.910971
14.8 7.3909 54.7387 82.5909 0.923338
14.9 7.44084 54.7262 82.5408 0.935787
15 7.49078 54.7137 82.4908 0.948318
15.1 7.54072 54.7011 82.4407 0.960931
15.2 7.59066 54.6884 82.3907 0.973626
15.3 7.6406 54.6756 82.3406 0.986402
15.4 7.69054 54.6627 82.2905 0.999261
15.5 7.74048 54.6498 82.2405 1.0122
15.6 7.79042 54.6368 82.1904 1.02522
15.7 7.84036 54.6237 82.1404 1.03833
15.8 7.8903 54.6105 82.0903 1.05151
15.9 7.94024 54.5972 82.0402 1.06478
16 7.99019 54.5839 81.9902 1.07813
16.1 8.04013 54.5704 81.9401 1.09156
16.2 8.09007 54.5569 81.8901 1.10507
16.3 8.14001 54.5433 81.84 1.11866
16.4 8.18995 54.5297 81.7899 1.13233
16.5 8.23989 54.5159 81.7399 1.14609
16.6 8.28983 54.5021 81.6898 1.15992
16.7 8.33977 54.4882 81.6398 1.17384
16.8 8.38971 54.4742 81.5897 1.18784
16.9 8.43965 54.4601 81.5396 1.20192
17 8.48959 54.4459 81.4896 1.21608
17.1 8.53953 54.4317 81.4395 1.23032
17.2 8.58947 54.4174 81.3895 1.24465
17.3 8.63941 54.4029 81.3394 1.25905
17.4 8.68935 54.3885 81.2893 1.27354
17.5 8.73929 54.3739 81.2393 1.2881
17.6 8.78923 54.3592 81.1892 1.30275
17.7 8.83917 54.3445 81.1392 1.31748
17.8 8.88911 54.3297 81.0891 1.33229
17.9 8.93906 54.3148 81.039 1.34718
18 8.989 54.2999 80.989 1.36215
18.1 9.03894 54.2848 80.9389 1.3772
18.2 9.08888 54.2697 80.8889 1.39233
18.3 9.13882 54.2545 80.8388 1.40754
18.4 9.18876 54.2392 80.7887 1.42283
18.5 9.2387 54.2238 80.7387 1.4382
18.6 9.28864 54.2083 80.6886 1.45366
18.7 9.33858 54.1928 80.6386 1.46919
18.8 9.38852 54.1772 80.5885 1.4848
18.9 9.43847 54.1615 80.5385 1.5005
19 9.48841 54.1457 80.4884 1.51627
19.1 9.53835 54.1299 80.4383 1.53213
19.2 9.58829 54.1139 80.3883 1.54806
19.3 9.63823 54.0979 80.3382 1.56408
19.4 9.68817 54.0818 80.2882 1.58017
19.5 9.73811 54.0657 80.2381 1.59634
19.6 9.78806 54.0494 80.188 1.6126
19.7 9.838 54.0331 80.138 1.62893
19.8 9.88794 54.0167 80.0879 1.64535
19.9 9.93788 54.0002 80.0379 1.66184
20 9.98782 53.9836 79.9878 1.67841
20.1 10.0378 53.9669 79.9377 1.69507
20.2 10.0877 53.9502 79.8877 1.7118
20.3 10.1376 53.9334 79.8376 1.72861
20.4 10.1876 53.9165 79.7876 1.7455
20.5 10.2375 53.8995 79.7375 1.76248
20.6 10.2875 53.8825 79.6875 1.77953
20.7 10.3374 53.8653 79.6374 1.79666
20.8 10.3874 53.8481 79.5873 1.81387
20.9 10.4373 53.8308 79.5373 1.83116
21 10.4872 53.8135 79.4872 1.84852
21.1 10.5372 53.796 79.4372 1.86597
21.2 10.5871 53.7785 79.3871 1.8835
21.3 10.6371 53.7609 79.3371 1.9011
21.4 10.687 53.7432 79.287 1.91879
21.5 10.7369 53.7255 79.2369 1.93655
21.6 10.7869 53.7076 79.1869 1.95439
21.7 10.8368 53.6897 79.1368 1.97231
21.8 10.8868 53.6717 79.0868 1.99031
21.9 10.9367 53.6536 79.0367 2.00839
22 10.9867 53.6355 78.9866 2.02655
22.1 11.0366 53.6172 78.9366 2.04478
22.2 11.0865 53.5989 78.8865 2.0631
22.3 11.1365 53.5805 78.8365 2.08149
22.4 11.1864 53.562 78.7864 2.09996
22.5 11.2364 53.5435 78.7364 2.11851
22.6 11.2863 53.5249 78.6863 2.13714
22.7 11.3363 53.5062 78.6362 2.15584
22.8 11.3862 53.4874 78.5862 2.17463
22.9 11.4361 53.4685 78.5361 2.19349
23 11.4861 53.4496 78.4861 2.21243
23.1 11.536 53.4306 78.436 2.23145
23.2 11.586 53.4115 78.386 2.25054
23.3 11.6359 53.3923 78.3359 2.26972
23.4 11.6859 53.373 78.2858 2.28897
23.5 11.7358 53.3537 78.2358 2.3083
23.6 11.7857 53.3343 78.1857 2.32771
23.7 11.8357 53.3148 78.1357 2.34719
23.8 11.8856 53.2952 78.0856 2.36676
23.9 11.9356 53.2756 78.0356 2.3864
24 11.9855 53.2559 77.9855 2.40612
24.1 12.0355 53.2361 77.9354 2.42591
24.2 12.0854 53.2162 77.8854 2.44579
24.3 12.1353 53.1963 77.8353 2.46574
24.4 12.1853 53.1762 77.7853 2.48576
24.5 12.2352 53.1561 77.7352 2.50587
24.6 12.2852 53.136 77.6852 2.52605
24.7 12.3351 53.1157 77.6351 2.54631
24.8 12.3851 53.0954 77.585 2.56664
24.9 12.435 53.0749 77.535 2.58706
25 12.485 53.0545 77.4849 2.60755
25.1 12.5349 53.0339 77.4349 2.62811
25.2 12.5848 53.0132 77.3848 2.64876
25.3 12.6348 52.9925 77.3348 2.66948
25.4 12.6847 52.9717 77.2847 2.69028
25.5 12.7347 52.9509 77.2347 2.71115
25.6 12.7846 52.9299 77.1846 2.7321
25.7 12.8346 52.9089 77.1345 2.75313
25.8 12.8845 52.8878 77.0845 2.77423
25.9 12.9344 52.8666 77.0344 2.79541
26 12.9844 52.8453 76.9844 2.81666
26.1 13.0343 52.824 76.9343 2.83799
26.2 13.0843 52.8026 76.8843 2.8594
26.3 13.1342 52.7811 76.8342 2.88089
26.4 13.1842 52.7596 76.7841 2.90245
26.5 13.2341 52.7379 76.7341 2.92408
26.6 13.2841 52.7162 76.684 2.94579
26.7 13.334 52.6944 76.634 2.96758
26.8 13.3839 52.6726 76.5839 2.98944
26.9 13.4339 52.6506 76.5339 3.01138
27 13.4838 52.6286 76.4838 3.0334
27.1 13.5338 52.6065 76.4338 3.05549
27.2 13.5837 52.5843 76.3837 3.07765
27.3 13.6337 52.5621 76.3336 3.09989
27.4 13.6836 52.5398 76.2836 3.12221
27.5 13.7336 52.5174 76.2335 3.1446
27.6 13.7835 52.4949 76.1835 3.16707
27.7 13.8334 52.4724 76.1334 3.18961
27.8 13.8834 52.4498 76.0834 3.21223
27.9 13.9333 52.4271 76.0333 3.23492
28 13.9833 52.4043 75.9833 3.25769
28.1 14.0332 52.3815 75.9332 3.28053
28.2 14.0832 52.3586 75.8832 3.30344
28.3 14.1331 52.3356 75.8331 3.32643
28.4 14.1831 52.3125 75.783 3.3495
28.5 14.233 52.2894 75.733 3.37264
28.6 14.283 52.2661 75.6829 3.39586
28.7 14.3329 52.2429 75.6329 3.41915
28.8 14.3828 52.2195 75.5828 3.44251
28.9 14.4328 52.1961 75.5328 3.46595
29 14.4827 52.1725 75.4827 3.48946
29.1 14.5327 52.149 75.4327 3.51305
29.2 14.5826 52.1253 75.3826 3.53671
29.3 14.6326 52.1016 75.3326 3.56044
29.4 14.6825 52.0778 75.2825 3.58425
29.5 14.7325 52.0539 75.2324 3.60813
29.6 14.7824 52.0299 75.1824 3.63209
29.7 14.8324 52.0059 75.1323 3.65612
29.8 14.8823 51.9818 75.0823 3.68022
29.9 14.9322 51.9576 75.0322 3.7044
30 14.9822 51.9334 74.9822 3.72865
30.1 15.0321 51.909 74.9321 3.75297
30.2 15.0821 51.8846 74.8821 3.77737
30.3 15.132 51.8602 74.832 3.80184
30.4 15.182 51.8356 74.782 3.82638
30.5 15.2319 51.811 74.7319 3.851
30.6 15.2819 51.7863 74.6819 3.87569
30.7 15.3318 51.7615 74.6318 3.90045
30.8 15.3818 51.7367 74.5817 3.92529
30.9 15.4317 51.7118 74.5317 3.9502
31 15.4817 51.6868 74.4816 3.97518
31.1 15.5316 51.6618 74.4316 4.00023
31.2 15.5816 51.6366 74.3815 4.02536
31.3 15.6315 51.6114 74.3315 4.05056
31.4 15.6814 51.5862 74.2814 4.07583
31.5 15.7314 51.5608 74.2314 4.10117
31.6 15.7813 51.5354 74.1813 4.12659
31.7 15.8313 51.5099 74.1313 4.15208
31.8 15.8812 51.4844 74.0812 4.17764
31.9 15.9312 51.4587 74.0312 4.20327
32 15.9811 51.433 73.9811 4.22897
32.1 16.0311 51.4073 73.9311 4.25475
32.2 16.081 51.3814 73.881 4.2806
32.3 16.131 51.3555 73.831 4.30652
32.4 16.1809 51.3295 73.7809 4.33251
32.5 16.2309 51.3034 73.7308 4.35857
32.6 16.2808 51.2773 73.6808 4.38471
32.7 16.3308 51.2511 73.6307 4.41091
32.8 16.3807 51.2248 73.5807 4.43719
32.9 16.4307 51.1985 73.5306 4.46354
33 16.4806 51.172 73.4806 4.48996
33.1 16.5306 51.1455 73.4305 4.51645
33.2 16.5805 51.119 73.3805 4.54301
33.3 16.6304 51.0924 73.3304 4.56965
33.4 16.6804 51.0657 73.2804 4.59635
33.5 16.7303 51.0389 73.2303 4.62312
33.6 16.7803 51.012 73.1803 4.64997
33.7 16.8302 50.9851 73.1302 4.67688
33.8 16.8802 50.9581 73.0802 4.70387
33.9 16.9301 50.9311 73.0301 4.73093
34 16.9801 50.9039 72.9801 4.75806
34.1 17.03 50.8767 72.93 4.78525
34.2 17.08 50.8495 72.88 4.81252
34.3 17.1299 50.8221 72.8299 4.83986
34.4 17.1799 50.7947 72.7799 4.86727
34.5 17.2298 50.7673 72.7298 4.89474
34.6 17.2798 50.7397 72.6798 4.92229
34.7 17.3297 50.7121 72.6297 4.94991
34.8 17.3797 50.6844 72.5797 4.9776
34.9 17.4296 50.6566 72.5296 5.00535
35 17.4796 50.6288 72.4796 5.03318
35.1 17.5295 50.6009 72.4295 5.06108
35.2 17.5795 50.573 72.3795 5.08904
35.3 17.6294 50.5449 72.3294 5.11707
35.4 17.6794 50.5168 72.2794 5.14518
35.5 17.7293 50.4886 72.2293 5.17335
35.6 17.7793 50.4604 72.1792 5.20159
35.7 17.8292 50.4321 72.1292 5.2299
35.8 17.8792 50.4037 72.0791 5.25828
35.9 17.9291 50.3753 72.0291 5.28673
36 17.9791 50.3468 71.979 5.31525
36.1 18.029 50.3182 71.929 5.34383
36.2 18.079 50.2895 71.8789 5.37249
36.3 18.1289 50.2608 71.8289 5.40121
36.4 18.1789 50.232 71.7788 5.43
36.5 18.2288 50.2031 71.7288 5.45886
36.6 18.2788 50.1742 71.6787 5.48779
36.7 18.3287 50.1452 71.6287 5.51678
36.8 18.3787 50.1162 71.5786 5.54585
36.9 18.4286 50.087 71.5286 5.57498
37 18.4786 50.0578 71.4785 5.60418
37.1 18.5285 50.0286 71.4285 5.63344
37.2 18.5785 49.9992 71.3784 5.66278
37.3 18.6284 49.9698 71.3284 5.69218
37.4 18.6784 49.9404 71.2783 5.72165
37.5 18.7283 49.9108 71.2283 5.75118
37.6 18.7783 49.8812 71.1783 5.78079
37.7 18.8282 49.8515 71.1282 5.81046
37.8 18.8782 49.8218 71.0782 5.8402
37.9 18.9281 49.792 71.0281 5.87
38 18.9781 49.7621 70.9781 5.89987
38.1 19.028 49.7322 70.928 5.92981
38.2 19.078 49.7022 70.878 5.95982
38.3 19.1279 49.6721 70.8279 5.98989
38.4 19.1779 49.642 70.7779 6.02003
38.5 19.2278 49.6118 70.7278 6.05023
38.6 19.2778 49.5815 70.6778 6.0805
38.7 19.3277 49.5512 70.6277 6.11084
38.8 19.3777 49.5208 70.5777 6.14125
38.9 19.4276 49.4903 70.5276 6.17171
39 19.4776 49.4597 70.4776 6.20225
39.1 19.5275 49.4291 70.4275 6.23285
39.2 19.5775 49.3985 70.3775 6.26352
39.3 19.6274 49.3677 70.3274 6.29425
39.4 19.6774 49.3369 70.2774 6.32505
39.5 19.7273 49.3061 70.2273 6.35592
39.6 19.7773 49.2752 70.1773 6.38685
39.7 19.8273 49.2442 70.1272 6.41784
39.8 19.8772 49.2131 70.0772 6.4489
39.9 19.9272 49.182 70.0271 6.48003
40 19.9771 49.1508 69.9771 6.51122
40.1 20.0271 49.1195 69.927 6.54247
40.2 20.077 49.0882 69.877 6.57379
40.3 20.127 49.0568 69.8269 6.60518
40.4 20.1769 49.0254 69.7769 6.63663
40.5 20.2269 48.9939 69.7268 6.66814
40.6 20.2768 48.9623 69.6768 6.69972
40.7 20.3268 48.9306 69.6268 6.73136
40.8 20.3767 48.8989 69.5767 6.76307
40.9 20.4267 48.8672 69.5267 6.79484
41 20.4766 48.8353 69.4766 6.82668
41.1 20.5266 48.8034 69.4266 6.85858
41.2 20.5765 48.7715 69.3765 6.89054
41.3 20.6265 48.7394 69.3265 6.92257
41.4 20.6764 48.7073 69.2764 6.95466
41.5 20.7264 48.6752 69.2264 6.98681
41.6 20.7764 48.643 69.1763 7.01903
41.7 20.8263 48.6107 69.1263 7.05131
41.8 20.8763 48.5783 69.0762 7.08366
41.9 20.9262 48.5459 69.0262 7.11607
42 20.9762 48.5135 68.9761 7.14854
42.1 21.0261 48.4809 68.9261 7.18107
42.2 21.0761 48.4483 68.8761 7.21367
42.3 21.126 48.4157 68.826 7.24633
42.4 21.176 48.383 68.776 7.27905
42.5 21.2259 48.3502 68.7259 7.31183
42.6 21.2759 48.3173 68.6759 7.34468
42.7 21.3258 48.2844 68.6258 7.37759
42.8 21.3758 48.2514 68.5758 7.41056
42.9 21.4258 48.2184 68.5257 7.4436
43 21.4757 48.1853 68.4757 7.4767
43.1 21.5257 48.1521 68.4256 7.50985
43.2 21.5756 48.1189 68.3756 7.54307
43.3 21.6256 48.0856 68.3256 7.57636
43.4 21.6755 48.0523 68.2755 7.6097
43.5 21.7255 48.0189 68.2255 7.64311
43.6 21.7754 47.9854 68.1754 7.67657
43.7 21.8254 47.9519 68.1254 7.7101
43.8 21.8754 47.9183 68.0753 7.74369
43.9 21.9253 47.8847 68.0253 7.77734
44 21.9753 47.8509 67.9752 7.81105
44.1 22.0252 47.8172 67.9252 7.84483
44.2 22.0752 47.7833 67.8751 7.87866
44.3 22.1251 47.7494 67.8251 7.91256
44.4 22.1751 47.7155 67.7751 7.94651
44.5 22.225 47.6815 67.725 7.98053
44.6 22.275 47.6474 67.675 8.0146
44.7 22.3249 47.6133 67.6249 8.04874
44.8 22.3749 47.5791 67.5749 8.08294
44.9 22.4249 47.5448 67.5248 8.11719
45 22.4748 47.5105 67.4748 8.15151
45.1 22.5248 47.4761 67.4248 8.18589
45.2 22.5747 47.4417 67.3747 8.22033
45.3 22.6247 47.4072 67.3247 8.25482
45.4 22.6746 47.3726 67.2746 8.28938
45.5 22.7246 47.338 67.2246 8.32399
45.6 22.7746 47.3033 67.1745 8.35867
45.7 22.8245 47.2686 67.1245 8.3934
45.8 22.8745 47.2338 67.0744 8.4282
45.9 22.9244 47.1989 67.0244 8.46305
46 22.9744 47.164 66.9744 8.49796
46.1 23.0243 47.1291 66.9243 8.53293
46.2 23.0743 47.094 66.8743 8.56796
46.3 23.1243 47.0589 66.8242 8.60305
46.4 23.1742 47.0238 66.7742 8.6382
46.5 23.2242 46.9886 66.7241 8.6734
46.6 23.2741 46.9533 66.6741 8.70867
46.7 23.3241 46.918 66.6241 8.74399
46.8 23.374 46.8826 66.574 8.77937
46.9 23.424 46.8472 66.524 8.81481
47 23.474 46.8117 66.4739 8.8503
47.1 23.5239 46.7761 66.4239 8.88586
47.2 23.5739 46.7405 66.3738 8.92147
47.3 23.6238 46.7049 66.3238 8.95714
47.4 23.6738 46.6691 66.2738 8.99286
47.5 23.7237 46.6334 66.2237 9.02865
47.6 23.7737 46.5975 66.1737 9.06449
47.7 23.8237 46.5616 66.1236 9.10039
47.8 23.8736 46.5257 66.0736 9.13634
47.9 23.9236 46.4896 66.0236 9.17236
48 23.9735 46.4536 65.9735 9.20843
48.1 24.0235 46.4174 65.9235 9.24455
48.2 24.0735 46.3813 65.8734 9.28073
48.3 24.1234 46.345 65.8234 9.31697
48.4 24.1734 46.3087 65.7733 9.35327
48.5 24.2233 46.2724 65.7233 9.38962
48.6 24.2733 46.236 65.6733 9.42603
48.7 24.3232 46.1995 65.6232 9.46249
48.8 24.3732 46.163 65.5732 9.49901
48.9 24.4232 46.1264 65.5231 9.53559
49 24.4731 46.0898 65.4731 9.57222
49.1 24.5231 46.0531 65.4231 9.60891
49.2 24.573 46.0163 65.373 9.64565
49.3 24.623 45.9796 65.323 9.68245
49.4 24.673 45.9427 65.2729 9.7193
49.5 24.7229 45.9058 65.2229 9.75621
49.6 24.7729 45.8688 65.1729 9.79318
49.7 24.8228 45.8318 65.1228 9.83019
49.8 24.8728 45.7947 65.0728 9.86727
49.9 24.9228 45.7576 65.0227 9.9044
50 24.9727 45.7204 64.9727 9.94158
50.1 25.0227 45.6832 64.9227 9.97882
50.2 25.0726 45.6459 64.8726 10.0161
50.3 25.1226 45.6085 64.8226 10.0535
50.4 25.1726 45.5711 64.7725 10.0909
50.5 25.2225 45.5337 64.7225 10.1283
50.6 25.2725 45.4962 64.6725 10.1658
50.7 25.3224 45.4586 64.6224 10.2034
50.8 25.3724 45.421 64.5724 10.241
50.9 25.4224 45.3833 64.5223 10.2787
51 25.4723 45.3456 64.4723 10.3164
51.1 25.5223 45.3078 64.4223 10.3542
51.2 25.5722 45.27 64.3722 10.392
51.3 25.6222 45.2321 64.3222 10.4299
51.4 25.6722 45.1942 64.2721 10.4678
51.5 25.7221 45.1562 64.2221 10.5058
51.6 25.7721 45.1182 64.1721 10.5438
51.7 25.822 45.0801 64.122 10.5819
51.8 25.872 45.0419 64.072 10.6201
51.9 25.922 45.0037 64.022 10.6583
52 25.9719 44.9655 63.9719 10.6965
52.1 26.0219 44.9272 63.9219 10.7348
52.2 26.0719 44.8888 63.8718 10.7732
52.3 26.1218 44.8504 63.8218 10.8116
52.4 26.1718 44.812 63.7718 10.85
52.5 26.2217 44.7734 63.7217 10.8886
52.6 26.2717 44.7349 63.6717 10.9271
52.7 26.3217 44.6963 63.6216 10.9657
52.8 26.3716 44.6576 63.5716 11.0044
52.9 26.4216 44.6189 63.5216 11.0431
53 26.4716 44.5801 63.4715 11.0819
53.1 26.5215 44.5413 63.4215 11.1207
53.2 26.5715 44.5024 63.3715 11.1596
53.3 26.6214 44.4635 63.3214 11.1985
53.4 26.6714 44.4245 63.2714 11.2375
53.5 26.7214 44.3855 63.2213 11.2765
53.6 26.7713 44.3464 63.1713 11.3156
53.7 26.8213 44.3073 63.1213 11.3547
53.8 26.8713 44.2681 63.0712 11.3939
53.9 26.9212 44.2289 63.0212 11.4331
54 26.9712 44.1897 62.9712 11.4723
54.1 27.0211 44.1503 62.9211 11.5117
54.2 27.0711 44.111 62.8711 11.551
54.3 27.1211 44.0715 62.8211 11.5905
54.4 27.171 44.0321 62.771 11.6299
54.5 27.221 43.9925 62.721 11.6695
54.6 27.271 43.953 62.6709 11.709
54.7 27.3209 43.9134 62.6209 11.7486
54.8 27.3709 43.8737 62.5709 11.7883
54.9 27.4209 43.834 62.5208 11.828
55 27.4708 43.7942 62.4708 11.8678
55.1 27.5208 43.7544 62.4208 11.9076
55.2 27.5708 43.7145 62.3707 11.9475
55.3 27.6207 43.6746 62.3207 11.9874
55.4 27.6707 43.6347 62.2707 12.0273
55.5 27.7206 43.5947 62.2206 12.0673
55.6 27.7706 43.5546 62.1706 12.1074
55.7 27.8206 43.5145 62.1206 12.1475
55.8 27.8705 43.4743 62.0705 12.1877
55.9 27.9205 43.4341 62.0205 12.2279
56 27.9705 43.3939 61.9705 12.2681
56.1 28.0204 43.3536 61.9204 12.3084
56.2 28.0704 43.3133 61.8704 12.3487
56.3 28.1204 43.2729 61.8203 12.3891
56.4 28.1703 43.2324 61.7703 12.4296
56.5 28.2203 43.192 61.7203 12.47
56.6 28.2703 43.1514 61.6702 12.5106
56.7 28.3202 43.1109 61.6202 12.5511
56.8 28.3702 43.0702 61.5702 12.5918
56.9 28.4202 43.0296 61.5201 12.6324
57 28.4701 42.9888 61.4701 12.6732
57.1 28.5201 42.9481 61.4201 12.7139
57.2 28.5701 42.9073 61.37 12.7547
57.3 28.62 42.8664 61.32 12.7956
57.4 28.67 42.8255 61.27 12.8365
57.5 28.72 42.7846 61.2199 12.8774
57.6 28.7699 42.7436 61.1699 12.9184
57.7 28.8199 42.7026 61.1199 12.9594
57.8 28.8699 42.6615 61.0698 13.0005
57.9 28.9198 42.6204 61.0198 13.0416
58 28.9698 42.5792 60.9698 13.0828
58.1 29.0198 42.538 60.9197 13.124
58.2 29.0697 42.4967 60.8697 13.1653
58.3 29.1197 42.4554 60.8197 13.2066
58.4 29.1697 42.4141 60.7696 13.2479
58.5 29.2196 42.3727 60.7196 13.2893
58.6 29.2696 42.3312 60.6696 13.3308
58.7 29.3196 42.2897 60.6195 13.3723
58.8 29.3695 42.2482 60.5695 13.4138
58.9 29.4195 42.2066 60.5195 13.4554
59 29.4695 42.165 60.4694 13.497
59.1 29.5194 42.1234 60.4194 13.5386
59.2 29.5694 42.0817 60.3694 13.5803
59.3 29.6194 42.0399 60.3194 13.6221
59.4 29.6693 41.9981 60.2693 13.6639
59.5 29.7193 41.9563 60.2193 13.7057
59.6 29.7693 41.9144 60.1693 13.7476
59.7 29.8192 41.8725 60.1192 13.7895
59.8 29.8692 41.8305 60.0692 13.8315
59.9 29.9192 41.7885 60.0192 13.8735
60 29.9692 41.7465 59.9691 13.9155
60.1 30.0191 41.7044 59.9191 13.9576
60.2 30.0691 41.6623 59.8691 13.9997
60.3 30.1191 41.6201 59.819 14.0419
60.4 30.169 41.5779 59.769 14.0841
60.5 30.219 41.5356 59.719 14.1264
60.6 30.269 41.4933 59.6689 14.1687
60.7 30.3189 41.451 59.6189 14.211
60.8 30.3689 41.4086 59.5689 14.2534
60.9 30.4189 41.3662 59.5189 14.2958
61 30.4688 41.3237 59.4688 14.3383
61.1 30.5188 41.2812 59.4188 14.3808
61.2 30.5688 41.2387 59.3688 14.4233
61.3 30.6188 41.1961 59.3187 14.4659
61.4 30.6687 41.1535 59.2687 14.5085
61.5 30.7187 41.1108 59.2187 14.5512
61.6 30.7687 41.0681 59.1686 14.5939
61.7 30.8186 41.0253 59.1186 14.6367
61.8 30.8686 40.9826 59.0686 14.6794
61.9 30.9186 40.9397 59.0186 14.7223
62 30.9686 40.8969 58.9685 14.7651
62.1 31.0185 40.854 58.9185 14.808
62.2 31.0685 40.811 58.8685 14.851
62.3 31.1185 40.768 58.8184 14.894
62.4 31.1684 40.725 58.7684 14.937
62.5 31.2184 40.6819 58.7184 14.9801
62.6 31.2684 40.6388 58.6684 15.0232
62.7 31.3183 40.5957 58.6183 15.0663
62.8 31.3683 40.5525 58.5683 15.1095
62.9 31.4183 40.5093 58.5183 15.1527
63 31.4683 40.466 58.4682 15.196
63.1 31.5182 40.4227 58.4182 15.2393
63.2 31.5682 40.3794 58.3682 15.2826
63.3 31.6182 40.336 58.3182 15.326
63.4 31.6682 40.2926 58.2681 15.3694
63.5 31.7181 40.2491 58.2181 15.4129
63.6 31.7681 40.2056 58.1681 15.4564
63.7 31.8181 40.1621 58.118 15.4999
63.8 31.868 40.1185 58.068 15.5435
63.9 31.918 40.0749 58.018 15.5871
64 31.968 40.0313 57.968 15.6307
64.1 32.018 39.9876 57.9179 15.6744
64.2 32.0679 39.9439 57.8679 15.7181
64.3 32.1179 39.9002 57.8179 15.7618
64.4 32.1679 39.8564 57.7679 15.8056
64.5 32.2179 39.8126 57.7178 15.8494
64.6 32.2678 39.7687 57.6678 15.8933
64.7 32.3178 39.7248 57.6178 15.9372
64.8 32.3678 39.6809 57.5678 15.9811
64.9 32.4177 39.6369 57.5177 16.0251
65 32.4677 39.5929 57.4677 16.0691
65.1 32.5177 39.5488 57.4177 16.1132
65.2 32.5677 39.5048 57.3676 16.1572
65.3 32.6176 39.4607 57.3176 16.2013
65.4 32.6676 39.4165 57.2676 16.2455
65.5 32.7176 39.3723 57.2176 16.2897
65.6 32.7676 39.3281 57.1675 16.3339
65.7 32.8175 39.2839 57.1175 16.3781
65.8 32.8675 39.2396 57.0675 16.4224
65.9 32.9175 39.1952 57.0175 16.4668
66 32.9675 39.1509 56.9674 16.5111
66.1 33.0174 39.1065 56.9174 16.5555
66.2 33.0674 39.0621 56.8674 16.5999
66.3 33.1174 39.0176 56.8174 16.6444
66.4 33.1674 38.9731 56.7673 16.6889
66.5 33.2173 38.9286 56.7173 16.7334
66.6 33.2673 38.884 56.6673 16.778
66.7 33.3173 38.8394 56.6173 16.8226
66.8 33.3673 38.7948 56.5672 16.8672
66.9 33.4172 38.7501 56.5172 16.9119
67 33.4672 38.7054 56.4672 16.9566
67.1 33.5172 38.6607 56.4172 17.0013
67.2 33.5672 38.6159 56.3671 17.0461
67.3 33.6171 38.5712 56.3171 17.0908
67.4 33.6671 38.5263 56.2671 17.1357
67.5 33.7171 38.4815 56.2171 17.1805
67.6 33.7671 38.4366 56.1671 17.2254
67.7 33.817 38.3916 56.117 17.2704
67.8 33.867 38.3467 56.067 17.3153
67.9 33.917 38.3017 56.017 17.3603
68 33.967 38.2567 55.967 17.4053
68.1 34.0169 38.2116 55.9169 17.4504
68.2 34.0669 38.1665 55.8669 17.4955
68.3 34.1169 38.1214 55.8169 17.5406
68.4 34.1669 38.0763 55.7669 17.5857
68.5 34.2169 38.0311 55.7168 17.6309
68.6 34.2668 37.9859 55.6668 17.6761
68.7 34.3168 37.9406 55.6168 17.7214
68.8 34.3668 37.8954 55.5668 17.7666
68.9 34.4168 37.8501 55.5168 17.8119
69 34.4667 37.8047 55.4667 17.8573
69.1 34.5167 37.7594 55.4167 17.9026
69.2 34.5667 37.714 55.3667 17.948
69.3 34.6167 37.6686 55.3167 17.9934
69.4 34.6667 37.6231 55.2666 18.0389
69.5 34.7166 37.5776 55.2166 18.0844
69.6 34.7666 37.5321 55.1666 18.1299
69.7 34.8166 37.4866 55.1166 18.1754
69.8 34.8666 37.441 55.0666 18.221
69.9 34.9165 37.3954 55.0165 18.2666
70 34.9665 37.3498 54.9665 18.3122
70.1 35.0165 37.3041 54.9165 18.3579
70.2 35.0665 37.2584 54.8665 18.4036
70.3 35.1165 37.2127 54.8164 18.4493
70.4 35.1664 37.167 54.7664 18.495
70.5 35.2164 37.1212 54.7164 18.5408
70.6 35.2664 37.0754 54.6664 18.5866
70.7 35.3164 37.0295 54.6164 18.6325
70.8 35.3664 36.9837 54.5663 18.6783
70.9 35.4163 36.9378 54.5163 18.7242
71 35.4663 36.8919 54.4663 18.7701
71.1 35.5163 36.8459 54.4163 18.8161
71.2 35.5663 36.8 54.3663 18.862
71.3 35.6163 36.754 54.3162 18.908
71.4 35.6662 36.708 54.2662 18.954
71.5 35.7162 36.6619 54.2162 19.0001
71.6 35.7662 36.6158 54.1662 19.0462
71.7 35.8162 36.5697 54.1162 19.0923
71.8 35.8662 36.5236 54.0661 19.1384
71.9 35.9161 36.4774 54.0161 19.1846
72 35.9661 36.4313 53.9661 19.2307
72.1 36.0161 36.385 53.9161 19.277
72.2 36.0661 36.3388 53.8661 19.3232
72.3 36.1161 36.2925 53.8161 19.3695
72.4 36.166 36.2463 53.766 19.4157
72.5 36.216 36.1999 53.716 19.4621
72.6 36.266 36.1536 53.666 19.5084
72.7 36.316 36.1072 53.616 19.5548
72.8 36.366 36.0609 53.566 19.6011
72.9 36.416 36.0144 53.5159 19.6476
73 36.4659 35.968 53.4659 19.694
73.1 36.5159 35.9215 53.4159 19.7405
73.2 36.5659 35.875 53.3659 19.787
73.3 36.6159 35.8285 53.3159 19.8335
73.4 36.6659 35.782 53.2658 19.88
73.5 36.7158 35.7354 53.2158 19.9266
73.6 36.7658 35.6888 53.1658 19.9732
73.7 36.8158 35.6422 53.1158 20.0198
73.8 36.8658 35.5956 53.0658 20.0664
73.9 36.9158 35.5489 53.0158 20.1131
74 36.9658 35.5023 52.9657 20.1597
74.1 37.0157 35.4556 52.9157 20.2064
74.2 37.0657 35.4088 52.8657 20.2532
74.3 37.1157 35.3621 52.8157 20.2999
74.4 37.1657 35.3153 52.7657 20.3467
74.5 37.2157 35.2685 52.7157 20.3935
74.6 37.2657 35.2217 52.6656 20.4403
74.7 37.3156 35.1749 52.6156 20.4871
74.8 37.3656 35.128 52.5656 20.534
74.9 37.4156 35.0811 52.5156 20.5809
75 37.4656 35.0342 52.4656 20.6278
75.1 37.5156 34.9873 52.4156 20.6747
75.2 37.5656 34.9403 52.3655 20.7217
75.3 37.6155 34.8933 52.3155 20.7687
75.4 37.6655 34.8463 52.2655 20.8157
75.5 37.7155 34.7993 52.2155 20.8627
75.6 37.7655 34.7523 52.1655 20.9097
75.7 37.8155 34.7052 52.1155 20.9568
75.8 37.8655 34.6581 52.0655 21.0039
75.9 37.9154 34.611 52.0154 21.051
76 37.9654 34.5639 51.9654 21.0981
76.1 38.0154 34.5168 51.9154 21.1452
76.2 38.0654 34.4696 51.8654 21.1924
76.3 38.1154 34.4224 51.8154 21.2396
76.4 38.1654 34.3752 51.7654 21.2868
76.5 38.2154 34.328 51.7153 21.334
76.6 38.2653 34.2808 51.6653 21.3812
76.7 38.3153 34.2335 51.6153 21.4285
76.8 38.3653 34.1862 51.5653 21.4758
76.9 38.4153 34.1389 51.5153 21.5231
77 38.4653 34.0916 51.4653 21.5704
77.1 38.5153 34.0443 51.4153 21.6177
77.2 38.5653 33.9969 51.3653 21.6651
77.3 38.6152 33.9495 51.3152 21.7125
77.4 38.6652 33.9021 51.2652 21.7599
77.5 38.7152 33.8547 51.2152 21.8073
77.6 38.7652 33.8073 51.1652 21.8547
77.7 38.8152 33.7598 51.1152 21.9022
77.8 38.8652 33.7124 51.0652 21.9496
77.9 38.9152 33.6649 51.0152 21.9971
78 38.9652 33.6174 50.9651 22.0446
78.1 39.0151 33.5699 50.9151 22.0921
78.2 39.0651 33.5223 50.8651 22.1397
78.3 39.1151 33.4748 50.8151 22.1872
78.4 39.1651 33.4272 50.7651 22.2348
78.5 39.2151 33.3796 50.7151 22.2824
78.6 39.2651 33.332 50.6651 22.33
78.7 39.3151 33.2844 50.6151 22.3776
78.8 39.3651 33.2367 50.565 22.4253
78.9 39.415 33.1891 50.515 22.4729
79 39.465 33.1414 50.465 22.5206
79.1 39.515 33.0937 50.415 22.5683
79.2 39.565 33.046 50.365 22.616
79.3 39.615 32.9983 50.315 22.6637
79.4 39.665 32.9506 50.265 22.7114
79.5 39.715 32.9028 50.215 22.7592
79.6 39.765 32.855 50.165 22.807
79.7 39.8149 32.8072 50.1149 22.8548
79.8 39.8649 32.7594 50.0649 22.9026
79.9 39.9149 32.7116 50.0149 22.9504
80 39.9649 32.6638 49.9649 22.9982
80.1 40.0149 32.616 49.9149 23.046
80.2 40.0649 32.5681 49.8649 23.0939
80.3 40.1149 32.5202 49.8149 23.1418
80.4 40.1649 32.4723 49.7649 23.1897
80.5 40.2149 32.4244 49.7149 23.2376
80.6 40.2649 32.3765 49.6648 23.2855
80.7 40.3148 32.3286 49.6148 23.3334
80.8 40.3648 32.2807 49.5648 23.3813
80.9 40.4148 32.2327 49.5148 23.4293
81 40.4648 32.1847 49.4648 23.4773
81.1 40.5148 32.1367 49.4148 23.5253
81.2 40.5648 32.0887 49.3648 23.5733
81.3 40.6148 32.0407 49.3148 23.6213
81.4 40.6648 31.9927 49.2648 23.6693
81.5 40.7148 31.9447 49.2148 23.7173
81.6 40.7648 31.8966 49.1647 23.7654
81.7 40.8147 31.8486 49.1147 23.8134
81.8 40.8647 31.8005 49.0647 23.8615
81.9 40.9147 31.7524 49.0147 23.9096
82 40.9647 31.7043 48.9647 23.9577
82.1 41.0147 31.6562 48.9147 24.0058
82.2 41.0647 31.6081 48.8647 24.0539
82.3 41.1147 31.56 48.8147 24.102
82.4 41.1647 31.5118 48.7647 24.1502
82.5 41.2147 31.4637 48.7147 24.1983
82.6 41.2647 31.4155 48.6647 24.2465
82.7 41.3147 31.3673 48.6147 24.2947
82.8 41.3647 31.3191 48.5646 24.3429
82.9 41.4146 31.271 48.5146 24.391
83 41.4646 31.2227 48.4646 24.4393
83.1 41.5146 31.1745 48.4146 24.4875
83.2 41.5646 31.1263 48.3646 24.5357
83.3 41.6146 31.0781 48.3146 24.5839
83.4 41.6646 31.0298 48.2646 24.6322
83.5 41.7146 30.9816 48.2146 24.6804
83.6 41.7646 30.9333 48.1646 24.7287
83.7 41.8146 30.885 48.1146 24.777
83.8 41.8646 30.8367 48.0646 24.8253
83.9 41.9146 30.7884 48.0146 24.8736
84 41.9646 30.7401 47.9646 24.9219
84.1 42.0146 30.6918 47.9146 24.9702
84.2 42.0646 30.6435 47.8646 25.0185
84.3 42.1145 30.5952 47.8145 25.0668
84.4 42.1645 30.5468 47.7645 25.1152
84.5 42.2145 30.4985 47.7145 25.1635
84.6 42.2645 30.4501 47.6645 25.2119
84.7 42.3145 30.4018 47.6145 25.2602
84.8 42.3645 30.3534 47.5645 25.3086
84.9 42.4145 30.305 47.5145 25.357
85 42.4645 30.2566 47.4645 25.4054
85.1 42.5145 30.2082 47.4145 25.4538
85.2 42.5645 30.1598 47.3645 25.5022
85.3 42.6145 30.1114 47.3145 25.5506
85.4 42.6645 30.063 47.2645 25.599
85.5 42.7145 30.0146 47.2145 25.6474
85.6 42.7645 29.9662 47.1645 25.6958
85.7 42.8145 29.9177 47.1145 25.7443
85.8 42.8645 29.8693 47.0645 25.7927
85.9 42.9145 29.8208 47.0145 25.8412
86 42.9645 29.7724 46.9645 25.8896
86.1 43.0145 29.7239 46.9145 25.9381
86.2 43.0645 29.6755 46.8644 25.9865
86.3 43.1144 29.627 46.8144 26.035
86.4 43.1644 29.5785 46.7644 26.0835
86.5 43.2144 29.53 46.7144 26.132
86.6 43.2644 29.4816 46.6644 26.1804
86.7 43.3144 29.4331 46.6144 26.2289
86.8 43.3644 29.3846 46.5644 26.2774
86.9 43.4144 29.3361 46.5144 26.3259
87 43.4644 29.2876 46.4644 26.3744
87.1 43.5144 29.2391 46.4144 26.4229
87.2 43.5644 29.1905 46.3644 26.4715
87.3 43.6144 29.142 46.3144 26.52
87.4 43.6644 29.0935 46.2644 26.5685
87.5 43.7144 29.045 46.2144 26.617
87.6 43.7644 28.9964 46.1644 26.6656
87.7 43.8144 28.9479 46.1144 26.7141
87.8 43.8644 28.8994 46.0644 26.7626
87.9 43.9144 28.8508 46.0144 26.8112
88 43.9644 28.8023 45.9644 26.8597
88.1 44.0144 28.7537 45.9144 26.9083
88.2 44.0644 28.7052 45.8644 26.9568
88.3 44.1144 28.6566 45.8144 27.0054
88.4 44.1644 28.6081 45.7644 27.0539
88.5 44.2144 28.5595 45.7144 27.1025
88.6 44.2644 28.511 45.6644 27.151
88.7 44.3144 28.4624 45.6144 27.1996
88.8 44.3644 28.4138 45.5644 27.2482
88.9 44.4144 28.3653 45.5144 27.2967
89 44.4644 28.3167 45.4644 27.3453
89.1 44.5144 28.2682 45.4144 27.3938
89.2 44.5644 28.2196 45.3644 27.4424
89.3 44.6144 28.171 45.3144 27.491
89.4 44.6644 28.1224 45.2644 27.5396
89.5 44.7144 28.0739 45.2144 27.5881
89.6 44.7644 28.0253 45.1644 27.6367
89.7 44.8144 27.9767 45.1144 27.6853
89.8 44.8644 27.9281 45.0644 27.7339
89.9 44.9144 27.8796 45.0144 27.7824
90 44.9644 27.831 44.9644 27.831
90.1 45.0144 27.7824 44.9144 27.8796
90.2 45.0644 27.7339 44.8644 27.9281
90.3 45.1144 27.6853 44.8144 27.9767
90.4 45.1644 27.6367 44.7644 28.0253
90.5 45.2144 27.5881 44.7144 28.0739
90.6 45.2644 27.5396 44.6644 28.1224
90.7 45.3144 27.491 44.6144 28.171
90.8 45.3644 27.4424 44.5644 28.2196
90.9 45.4144 27.3938 44.5144 28.2682
91 45.4644 27.3453 44.4644 28.3167
91.1 45.5144 27.2967 44.4144 28.3653
91.2 45.5644 27.2482 44.3644 28.4138
91.3 45.6144 27.1996 44.3144 28.4624
91.4 45.6644 27.151 44.2644 28.511
91.5 45.7144 27.1025 44.2144 28.5595
91.6 45.7644 27.0539 44.1644 28.6081
91.7 45.8144 27.0054 44.1144 28.6566
91.8 45.8644 26.9568 44.0644 28.7052
91.9 45.9144 26.9083 44.0144 28.7537
92 45.9644 26.8597 43.9644 28.8023
92.1 46.0144 26.8112 43.9144 28.8508
92.2 46.0644 26.7626 43.8644 28.8994
92.3 46.1144 26.7141 43.8144 28.9479
92.4 46.1644 26.6656 43.7644 28.9964
92.5 46.2144 26.617 43.7144 29.045
92.6 46.2644 26.5685 43.6644 29.0935
92.7 46.3144 26.52 43.6144 29.142
92.8 46.3644 26.4715 43.5644 29.1905
92.9 46.4144 26.4229 43.5144 29.2391
93 46.4644 26.3744 43.4644 29.2876
93.1 46.5144 26.3259 43.4144 29.3361
93.2 46.5644 26.2774 43.3644 29.3846
93.3 46.6144 26.2289 43.3144 29.4331
93.4 46.6644 26.1804 43.2644 29.4816
93.5 46.7144 26.132 43.2144 29.53
93.6 46.7644 26.0835 43.1644 29.5785
93.7 46.8144 26.035 43.1144 29.627
93.8 46.8644 25.9865 43.0645 29.6755
93.9 46.9145 25.9381 43.0145 29.7239
94 46.9645 25.8896 42.9645 29.7724
94.1 47.0145 25.8412 42.9145 29.8208
94.2 47.0645 25.7927 42.8645 29.8693
94.3 47.1145 25.7443 42.8145 29.9177
94.4 47.1645 25.6958 42.7645 29.9662
94.5 47.2145 25.6474 42.7145 30.0146
94.6 47.2645 25.599 42.6645 30.063
94.7 47.3145 25.5506 42.6145 30.1114
94.8 47.3645 25.5022 42.5645 30.1598
94.9 47.4145 25.4538 42.5145 30.2082
95 47.4645 25.4054 42.4645 30.2566
95.1 47.5145 25.357 42.4145 30.305
95.2 47.5645 25.3086 42.3645 30.3534
95.3 47.6145 25.2602 42.3145 30.4018
95.4 47.6645 25.2119 42.2645 30.4501
95.5 47.7145 25.1635 42.2145 30.4985
95.6 47.7645 25.1152 42.1645 30.5468
95.7 47.8145 25.0668 42.1145 30.5952
95.8 47.8646 25.0185 42.0646 30.6435
95.9 47.9146 24.9702 42.0146 30.6918
96 47.9646 24.9219 41.9646 30.7401
96.1 48.0146 24.8736 41.9146 30.7884
96.2 48.0646 24.8253 41.8646 30.8367
96.3 48.1146 24.777 41.8146 30.885
96.4 48.1646 24.7287 41.7646 30.9333
96.5 48.2146 24.6804 41.7146 30.9816
96.6 48.2646 24.6322 41.6646 31.0298
96.7 48.3146 24.5839 41.6146 31.0781
96.8 48.3646 24.5357 41.5646 31.1263
96.9 48.4146 24.4875 41.5146 31.1745
97 48.4646 24.4393 41.4646 31.2227
97.1 48.5146 24.391 41.4146 31.271
97.2 48.5646 24.3429 41.3647 31.3191
97.3 48.6147 24.2947 41.3147 31.3673
97.4 48.6647 24.2465 41.2647 31.4155
97.5 48.7147 24.1983 41.2147 31.4637
97.6 48.7647 24.1502 41.1647 31.5118
97.7 48.8147 24.102 41.1147 31.56
97.8 48.8647 24.0539 41.0647 31.6081
97.9 48.9147 24.0058 41.0147 31.6562
98 48.9647 23.9577 40.9647 31.7043
98.1 49.0147 23.9096 40.9147 31.7524
98.2 49.0647 23.8615 40.8647 31.8005
98.3 49.1147 23.8134 40.8147 31.8486
98.4 49.1647 23.7654 40.7648 31.8966
98.5 49.2148 23.7173 40.7148 31.9447
98.6 49.2648 23.6693 40.6648 31.9927
98.7 49.3148 23.6213 40.6148 32.0407
98.8 49.3648 23.5733 40.5648 32.0887
98.9 49.4148 23.5253 40.5148 32.1367
99 49.4648 23.4773 40.4648 32.1847
99.1 49.5148 23.4293 40.4148 32.2327
99.2 49.5648 23.3813 40.3648 32.2807
99.3 49.6148 23.3334 40.3148 32.3286
99.4 49.6648 23.2855 40.2649 32.3765
99.5 49.7149 23.2376 40.2149 32.4244
99.6 49.7649 23.1897 40.1649 32.4723
99.7 49.8149 23.1418 40.1149 32.5202
99.8 49.8649 23.0939 40.0649 32.5681
99.9 49.9149 23.046 40.0149 32.616
100 49.9649 22.9982 39.9649 32.6638
100.1 50.0149 22.9504 39.9149 32.7116
100.2 50.0649 22.9026 39.8649 32.7594
100.3 50.1149 22.8548 39.8149 32.8072
100.4 50.165 22.807 39.765 32.855
100.5 50.215 22.7592 39.715 32.9028
100.6 50.265 22.7114 39.665 32.9506
100.7 50.315 22.6637 39.615 32.9983
100.8 50.365 22.616 39.565 33.046
100.9 50.415 22.5683 39.515 33.0937
101 50.465 22.5206 39.465 33.1414
101.1 50.515 22.4729 39.415 33.1891
101.2 50.565 22.4253 39.3651 33.2367
101.3 50.6151 22.3776 39.3151 33.2844
101.4 50.6651 22.33 39.2651 33.332
101.5 50.7151 22.2824 39.2151 33.3796
101.6 50.7651 22.2348 39.1651 33.4272
101.7 50.8151 22.1872 39.1151 33.4748
101.8 50.8651 22.1397 39.0651 33.5223
101.9 50.9151 22.0921 39.0151 33.5699
102 50.9651 22.0446 38.9652 33.6174
102.1 51.0152 21.9971 38.9152 33.6649
102.2 51.0652 21.9496 38.8652 33.7124
102.3 51.1152 21.9022 38.8152 33.7598
102.4 51.1652 21.8547 38.7652 33.8073
102.5 51.2152 21.8073 38.7152 33.8547
102.6 51.2652 21.7599 38.6652 33.9021
102.7 51.3152 21.7125 38.6152 33.9495
102.8 51.3653 21.6651 38.5653 33.9969
102.9 51.4153 21.6177 38.5153 34.0443
103 51.4653 21.5704 38.4653 34.0916
103.1 51.5153 21.5231 38.4153 34.1389
103.2 51.5653 21.4758 38.3653 34.1862
103.3 51.6153 21.4285 38.3153 34.2335
103.4 51.6653 21.3812 38.2653 34.2808
103.5 51.7153 21.334 38.2154 34.328
103.6 51.7654 21.2868 38.1654 34.3752
103.7 51.8154 21.2396 38.1154 34.4224
103.8 51.8654 21.1924 38.0654 34.4696
103.9 51.9154 21.1452 38.0154 34.5168
104 51.9654 21.0981 37.9654 34.5639
104.1 52.0154 21.051 37.9154 34.611
104.2 52.0655 21.0039 37.8655 34.6581
104.3 52.1155 20.9568 37.8155 34.7052
104.4 52.1655 20.9097 37.7655 34.7523
104.5 52.2155 20.8627 37.7155 34.7993
104.6 52.2655 20.8157 37.6655 34.8463
104.7 52.3155 20.7687 37.6155 34.8933
104.8 52.3655 20.7217 37.5656 34.9403
104.9 52.4156 20.6747 37.5156 34.9873
105 52.4656 20.6278 37.4656 35.0342
105.1 52.5156 20.5809 37.4156 35.0811
105.2 52.5656 20.534 37.3656 35.128
105.3 52.6156 20.4871 37.3156 35.1749
105.4 52.6656 20.4403 37.2657 35.2217
105.5 52.7157 20.3935 37.2157 35.2685
105.6 52.7657 20.3467 37.1657 35.3153
105.7 52.8157 20.2999 37.1157 35.3621
105.8 52.8657 20.2532 37.0657 35.4088
105.9 52.9157 20.2064 37.0157 35.4556
106 52.9657 20.1597 36.9658 35.5023
106.1 53.0158 20.1131 36.9158 35.5489
106.2 53.0658 20.0664 36.8658 35.5956
106.3 53.1158 20.0198 36.8158 35.6422
106.4 53.1658 19.9732 36.7658 35.6888
106.5 53.2158 19.9266 36.7158 35.7354
106.6 53.2658 19.88 36.6659 35.782
106.7 53.3159 19.8335 36.6159 35.8285
106.8 53.3659 19.787 36.5659 35.875
106.9 53.4159 19.7405 36.5159 35.9215
107 53.4659 19.694 36.4659 35.968
107.1 53.5159 19.6476 36.416 36.0144
107.2 53.566 19.6011 36.366 36.0609
107.3 53.616 19.5548 36.316 36.1072
107.4 53.666 19.5084 36.266 36.1536
107.5 53.716 19.4621 36.216 36.1999
107.6 53.766 19.4157 36.166 36.2463
107.7 53.8161 19.3695 36.1161 36.2925
107.8 53.8661 19.3232 36.0661 36.3388
107.9 53.9161 19.277 36.0161 36.385
108 53.9661 19.2307 35.9661 36.4313
108.1 54.0161 19.1846 35.9161 36.4774
108.2 54.0661 19.1384 35.8662 36.5236
108.3 54.1162 19.0923 35.8162 36.5697
108.4 54.1662 19.0462 35.7662 36.6158
108.5 54.2162 19.0001 35.7162 36.6619
108.6 54.2662 18.954 35.6662 36.708
108.7 54.3162 18.908 35.6163 36.754
108.8 54.3663 18.862 35.5663 36.8
108.9 54.4163 18.8161 35.5163 36.8459
109 54.4663 18.7701 35.4663 36.8919
109.1 54.5163 18.7242 35.4163 36.9378
109.2 54.5663 18.6783 35.3664 36.9837
109.3 54.6164 18.6325 35.3164 37.0295
109.4 54.6664 18.5866 35.2664 37.0754
109.5 54.7164 18.5408 35.2164 37.1212
109.6 54.7664 18.495 35.1664 37.167
109.7 54.8164 18.4493 35.1165 37.2127
109.8 54.8665 18.4036 35.0665 37.2584
109.9 54.9165 18.3579 35.0165 37.3041
110 54.9665 18.3122 34.9665 37.3498
110.1 55.0165 18.2666 34.9165 37.3954
110.2 55.0666 18.221 34.8666 37.441
110.3 55.1166 18.1754 34.8166 37.4866
110.4 55.1666 18.1299 34.7666 37.5321
110.5 55.2166 18.0844 34.7166 37.5776
110.6 55.2666 18.0389 34.6667 37.6231
110.7 55.3167 17.9934 34.6167 37.6686
110.8 55.3667 17.948 34.5667 37.714
110.9 55.4167 17.9026 34.5167 37.7594
111 55.4667 17.8573 34.4667 37.8047
111.1 55.5168 17.8119 34.4168 37.8501
111.2 55.5668 17.7666 34.3668 37.8954
111.3 55.6168 17.7214 34.3168 37.9406
111.4 55.6668 17.6761 34.2668 37.9859
111.5 55.7168 17.6309 34.2169 38.0311
111.6 55.7669 17.5857 34.1669 38.0763
111.7 55.8169 17.5406 34.1169 38.1214
111.8 55.8669 17.4955 34.0669 38.1665
111.9 55.9169 17.4504 34.0169 38.2116
112 55.967 17.4053 33.967 38.2567
112.1 56.017 17.3603 33.917 38.3017
112.2 56.067 17.3153 33.867 38.3467
112.3 56.117 17.2704 33.817 38.3916
112.4 56.1671 17.2254 33.7671 38.4366
112.5 56.2171 17.1805 33.7171 38.4815
112.6 56.2671 17.1357 33.6671 38.5263
112.7 56.3171 17.0908 33.6171 38.5712
112.8 56.3671 17.0461 33.5672 38.6159
112.9 56.4172 17.0013 33.5172 38.6607
113 56.4672 16.9566 33.4672 38.7054
113.1 56.5172 16.9119 33.4172 38.7501
113.2 56.5672 16.8672 33.3673 38.7948
113.3 56.6173 16.8226 33.3173 38.8394
113.4 56.6673 16.778 33.2673 38.884
113.5 56.7173 16.7334 33.2173 38.9286
113.6 56.7673 16.6889 33.1674 38.9731
113.7 56.8174 16.6444 33.1174 39.0176
113.8 56.8674 16.5999 33.0674 39.0621
113.9 56.9174 16.5555 33.0174 39.1065
114 56.9674 16.5111 32.9675 39.1509
114.1 57.0175 16.4668 32.9175 39.1952
114.2 57.0675 16.4224 32.8675 39.2396
114.3 57.1175 16.3781 32.8175 39.2839
114.4 57.1675 16.3339 32.7676 39.3281
114.5 57.2176 16.2897 32.7176 39.3723
114.6 57.2676 16.2455 32.6676 39.4165
114.7 57.3176 16.2013 32.6176 39.4607
114.8 57.3676 16.1572 32.5677 39.5048
114.9 57.4177 16.1132 32.5177 39.5488
115 57.4677 16.0691 32.4677 39.5929
115.1 57.5177 16.0251 32.4177 39.6369
115.2 57.5678 15.9811 32.3678 39.6809
115.3 57.6178 15.9372 32.3178 39.7248
115.4 57.6678 15.8933 32.2678 39.7687
115.5 57.7178 15.8494 32.2179 39.8126
115.6 57.7679 15.8056 32.1679 39.8564
115.7 57.8179 15.7618 32.1179 39.9002
115.8 57.8679 15.7181 32.0679 39.9439
115.9 57.9179 15.6744 32.018 39.9876
116 57.968 15.6307 31.968 40.0313
116.1 58.018 15.5871 31.918 40.0749
116.2 58.068 15.5435 31.868 40.1185
116.3 58.118 15.4999 31.8181 40.1621
116.4 58.1681 15.4564 31.7681 40.2056
116.5 58.2181 15.4129 31.7181 40.2491
116.6 58.2681 15.3694 31.6682 40.2926
116.7 58.3182 15.326 31.6182 40.336
116.8 58.3682 15.2826 31.5682 40.3794
116.9 58.4182 15.2393 31.5182 40.4227
117 58.4682 15.196 31.4683 40.466
117.1 58.5183 15.1527 31.4183 40.5093
117.2 58.5683 15.1095 31.3683 40.5525
117.3 58.6183 15.0663 31.3183 40.5957
117.4 58.6684 15.0232 31.2684 40.6388
117.5 58.7184 14.9801 31.2184 40.6819
117.6 58.7684 14.937 31.1684 40.725
117.7 58.8184 14.894 31.1185 40.768
117.8 58.8685 14.851 31.0685 40.811
117.9 58.9185 14.808 31.0185 40.854
118 58.9685 14.7651 30.9686 40.8969
118.1 59.0186 14.7223 30.9186 40.9397
118.2 59.0686 14.6794 30.8686 40.9826
118.3 59.1186 14.6367 30.8186 41.0253
118.4 59.1686 14.5939 30.7687 41.0681
118.5 59.2187 14.5512 30.7187 41.1108
118.6 59.2687 14.5085 30.6687 41.1535
118.7 59.3187 14.4659 30.6188 41.1961
118.8 59.3688 14.4233 30.5688 41.2387
118.9 59.4188 14.3808 30.5188 41.2812
119 59.4688 14.3383 30.4688 41.3237
119.1 59.5189 14.2958 30.4189 41.3662
119.2 59.5689 14.2534 30.3689 41.4086
119.3 59.6189 14.211 30.3189 41.451
119.4 59.6689 14.1687 30.269 41.4933
119.5 59.719 14.1264 30.219 41.5356
119.6 59.769 14.0841 30.169 41.5779
119.7 59.819 14.0419 30.1191 41.6201
119.8 59.8691 13.9997 30.0691 41.6623
119.9 59.9191 13.9576 30.0191 41.7044
120 59.9691 13.9155 29.9692 41.7465
120.1 60.0192 13.8735 29.9192 41.7885
120.2 60.0692 13.8315 29.8692 41.8305
120.3 60.1192 13.7895 29.8192 41.8725
120.4 60.1693 13.7476 29.7693 41.9144
120.5 60.2193 13.7057 29.7193 41.9563
120.6 60.2693 13.6639 29.6693 41.9981
120.7 60.3194 13.6221 29.6194 42.0399
120.8 60.3694 13.5803 29.5694 42.0817
120.9 60.4194 13.5386 29.5194 42.1234
121 60.4694 13.497 29.4695 42.165
121.1 60.5195 13.4554 29.4195 42.2066
121.2 60.5695 13.4138 29.3695 42.2482
121.3 60.6195 13.3723 29.3196 42.2897
121.4 60.6696 13.3308 29.2696 42.3312
121.5 60.7196 13.2893 29.2196 42.3727
121.6 60.7696 13.2479 29.1697 42.4141
121.7 60.8197 13.2066 29.1197 42.4554
121.8 60.8697 13.1653 29.0697 42.4967
121.9 60.9197 13.124 29.0198 42.538
122 60.9698 13.0828 28.9698 42.5792
122.1 61.0198 13.0416 28.9198 42.6204
122.2 61.0698 13.0005 28.8699 42.6615
122.3 61.1199 12.9594 28.8199 42.7026
122.4 61.1699 12.9184 28.7699 42.7436
122.5 61.2199 12.8774 28.72 42.7846
122.6 61.27 12.8365 28.67 42.8255
122.7 61.32 12.7956 28.62 42.8664
122.8 61.37 12.7547 28.5701 42.9073
122.9 61.4201 12.7139 28.5201 42.9481
123 61.4701 12.6732 28.4701 42.9888
123.1 61.5201 12.6324 28.4202 43.0296
123.2 61.5702 12.5918 28.3702 43.0702
123.3 61.6202 12.5511 28.3202 43.1109
123.4 61.6702 12.5106 28.2703 43.1514
123.5 61.7203 12.47 28.2203 43.192
123.6 61.7703 12.4296 28.1703 43.2324
123.7 61.8203 12.3891 28.1204 43.2729
123.8 61.8704 12.3487 28.0704 43.3133
123.9 61.9204 12.3084 28.0204 43.3536
124 61.9705 12.2681 27.9705 43.3939
124.1 62.0205 12.2279 27.9205 43.4341
124.2 62.0705 12.1877 27.8705 43.4743
124.3 62.1206 12.1475 27.8206 43.5145
124.4 62.1706 12.1074 27.7706 43.5546
124.5 62.2206 12.0673 27.7206 43.5947
124.6 62.2707 12.0273 27.6707 43.6347
124.7 62.3207 11.9874 27.6207 43.6746
124.8 62.3707 11.9475 27.5708 43.7145
124.9 62.4208 11.9076 27.5208 43.7544
125 62.4708 11.8678 27.4708 43.7942
125.1 62.5208 11.828 27.4209 43.834
125.2 62.5709 11.7883 27.3709 43.8737
125.3 62.6209 11.7486 27.3209 43.9134
125.4 62.6709 11.709 27.271 43.953
125.5 62.721 11.6695 27.221 43.9925
125.6 62.771 11.6299 27.171 44.0321
125.7 62.8211 11.5905 27.1211 44.0715
125.8 62.8711 11.551 27.0711 44.111
125.9 62.9211 11.5117 27.0211 44.1503
126 62.9712 11.4723 26.9712 44.1897
126.1 63.0212 11.4331 26.9212 44.2289
126.2 63.0712 11.3939 26.8713 44.2681
126.3 63.1213 11.3547 26.8213 44.3073
126.4 63.1713 11.3156 26.7713 44.3464
126.5 63.2213 11.2765 26.7214 44.3855
126.6 63.2714 11.2375 26.6714 44.4245
126.7 63.3214 11.1985 26.6214 44.4635
126.8 63.3715 11.1596 26.5715 44.5024
126.9 63.4215 11.1207 26.5215 44.5413
127 63.4715 11.0819 26.4716 44.5801
127.1 63.5216 11.0431 26.4216 44.6189
127.2 63.5716 11.0044 26.3716 44.6576
127.3 63.6216 10.9657 26.3217 44.6963
127.4 63.6717 10.9271 26.2717 44.7349
127.5 63.7217 10.8886 26.2217 44.7734
127.6 63.7718 10.85 26.1718 44.812
127.7 63.8218 10.8116 26.1218 44.8504
127.8 63.8718 10.7732 26.0719 44.8888
127.9 63.9219 10.7348 26.0219 44.9272
128 63.9719 10.6965 25.9719 44.9655
128.1 64.022 10.6583 25.922 45.0037
128.2 64.072 10.6201 25.872 45.0419
128.3 64.122 10.5819 25.822 45.0801
128.4 64.1721 10.5438 25.7721 45.1182
128.5 64.2221 10.5058 25.7221 45.1562
128.6 64.2721 10.4678 25.6722 45.1942
128.7 64.3222 10.4299 25.6222 45.2321
128.8 64.3722 10.392 25.5722 45.27
128.9 64.4223 10.3542 25.5223 45.3078
129 64.4723 10.3164 25.4723 45.3456
129.1 64.5223 10.2787 25.4224 45.3833
129.2 64.5724 10.241 25.3724 45.421
129.3 64.6224 10.2034 25.3224 45.4586
129.4 64.6725 10.1658 25.2725 45.4962
129.5 64.7225 10.1283 25.2225 45.5337
129.6 64.7725 10.0909 25.1726 45.5711
129.7 64.8226 10.0535 25.1226 45.6085
129.8 64.8726 10.0161 25.0726 45.6459
129.9 64.9227 9.97882 25.0227 45.6832
130 64.9727 9.94158 24.9727 45.7204
130.1 65.0227 9.9044 24.9228 45.7576
130.2 65.0728 9.86727 24.8728 45.7947
130.3 65.1228 9.83019 24.8228 45.8318
130.4 65.1729 9.79318 24.7729 45.8688
130.5 65.2229 9.75621 24.7229 45.9058
130.6 65.2729 9.7193 24.673 45.9427
130.7 65.323 9.68245 24.623 45.9796
130.8 65.373 9.64565 24.573 46.0163
130.9 65.4231 9.60891 24.5231 46.0531
131 65.4731 9.57222 24.4731 46.0898
131.1 65.5231 9.53559 24.4232 46.1264
131.2 65.5732 9.49901 24.3732 46.163
131.3 65.6232 9.46249 24.3232 46.1995
131.4 65.6733 9.42603 24.2733 46.236
131.5 65.7233 9.38962 24.2233 46.2724
131.6 65.7733 9.35327 24.1734 46.3087
131.7 65.8234 9.31697 24.1234 46.345
131.8 65.8734 9.28073 24.0735 46.3813
131.9 65.9235 9.24455 24.0235 46.4174
132 65.9735 9.20843 23.9735 46.4536
132.1 66.0236 9.17236 23.9236 46.4896
132.2 66.0736 9.13634 23.8736 46.5257
132.3 66.1236 9.10039 23.8237 46.5616
132.4 66.1737 9.06449 23.7737 46.5975
132.5 66.2237 9.02865 23.7237 46.6334
132.6 66.2738 8.99286 23.6738 46.6691
132.7 66.3238 8.95714 23.6238 46.7049
132.8 66.3738 8.92147 23.5739 46.7405
132.9 66.4239 8.88586 23.5239 46.7761
133 66.4739 8.8503 23.474 46.8117
133.1 66.524 8.81481 23.424 46.8472
133.2 66.574 8.77937 23.374 46.8826
133.3 66.6241 8.74399 23.3241 46.918
133.4 66.6741 8.70867 23.2741 46.9533
133.5 66.7241 8.6734 23.2242 46.9886
133.6 66.7742 8.6382 23.1742 47.0238
133.7 66.8242 8.60305 23.1243 47.0589
133.8 66.8743 8.56796 23.0743 47.094
133.9 66.9243 8.53293 23.0243 47.1291
134 66.9744 8.49796 22.9744 47.164
134.1 67.0244 8.46305 22.9244 47.1989
134.2 67.0744 8.4282 22.8745 47.2338
134.3 67.1245 8.3934 22.8245 47.2686
134.4 67.1745 8.35867 22.7746 47.3033
134.5 67.2246 8.32399 22.7246 47.338
134.6 67.2746 8.28938 22.6746 47.3726
134.7 67.3247 8.25482 22.6247 47.4072
134.8 67.3747 8.22033 22.5747 47.4417
134.9 67.4248 8.18589 22.5248 47.4761
135 67.4748 8.15151 22.4748 47.5105
135.1 67.5248 8.11719 22.4249 47.5448
135.2 67.5749 8.08294 22.3749 47.5791
135.3 67.6249 8.04874 22.3249 47.6133
135.4 67.675 8.0146 22.275 47.6474
135.5 67.725 7.98053 22.225 47.6815
135.6 67.7751 7.94651 22.1751 47.7155
135.7 67.8251 7.91256 22.1251 47.7494
135.8 67.8751 7.87866 22.0752 47.7833
135.9 67.9252 7.84483 22.0252 47.8172
136 67.9752 7.81105 21.9753 47.8509
136.1 68.0253 7.77734 21.9253 47.8847
136.2 68.0753 7.74369 21.8754 47.9183
136.3 68.1254 7.7101 21.8254 47.9519
136.4 68.1754 7.67657 21.7754 47.9854
136.5 68.2255 7.64311 21.7255 48.0189
136.6 68.2755 7.6097 21.6755 48.0523
136.7 68.3256 7.57636 21.6256 48.0856
136.8 68.3756 7.54307 21.5756 48.1189
136.9 68.4256 7.50985 21.5257 48.1521
137 68.4757 7.4767 21.4757 48.1853
137.1 68.5257 7.4436 21.4258 48.2184
137.2 68.5758 7.41056 21.3758 48.2514
137.3 68.6258 7.37759 21.3258 48.2844
137.4 68.6759 7.34468 21.2759 48.3173
137.5 68.7259 7.31183 21.2259 48.3502
137.6 68.776 7.27905 21.176 48.383
137.7 68.826 7.24633 21.126 48.4157
137.8 68.8761 7.21367 21.0761 48.4483
137.9 68.9261 7.18107 21.0261 48.4809
138 68.9761 7.14854 20.9762 48.5135
138.1 69.0262 7.11607 20.9262 48.5459
138.2 69.0762 7.08366 20.8763 48.5783
138.3 69.1263 7.05131 20.8263 48.6107
138.4 69.1763 7.01903 20.7764 48.643
138.5 69.2264 6.98681 20.7264 48.6752
138.6 69.2764 6.95466 20.6764 48.7073
138.7 69.3265 6.92257 20.6265 48.7394
138.8 69.3765 6.89054 20.5765 48.7715
138.9 69.4266 6.85858 20.5266 48.8034
139 69.4766 6.82668 20.4766 48.8353
139.1 69.5267 6.79484 20.4267 48.8672
139.2 69.5767 6.76307 20.3767 48.8989
139.3 69.6268 6.73136 20.3268 48.9306
139.4 69.6768 6.69972 20.2768 48.9623
139.5 69.7268 6.66814 20.2269 48.9939
139.6 69.7769 6.63663 20.1769 49.0254
139.7 69.8269 6.60518 20.127 49.0568
139.8 69.877 6.57379 20.077 49.0882
139.9 69.927 6.54247 20.0271 49.1195
140 69.9771 6.51122 19.9771 49.1508
140.1 70.0271 6.48003 19.9272 49.182
140.2 70.0772 6.4489 19.8772 49.2131
140.3 70.1272 6.41784 19.8273 49.2442
140.4 70.1773 6.38685 19.7773 49.2752
140.5 70.2273 6.35592 19.7273 49.3061
140.6 70.2774 6.32505 19.6774 49.3369
140.7 70.3274 6.29425 19.6274 49.3677
140.8 70.3775 6.26352 19.5775 49.3985
140.9 70.4275 6.23285 19.5275 49.4291
141 70.4776 6.20225 19.4776 49.4597
141.1 70.5276 6.17171 19.4276 49.4903
141.2 70.5777 6.14125 19.3777 49.5208
141.3 70.6277 6.11084 19.3277 49.5512
141.4 70.6778 6.0805 19.2778 49.5815
141.5 70.7278 6.05023 19.2278 49.6118
141.6 70.7779 6.02003 19.1779 49.642
141.7 70.8279 5.98989 19.1279 49.6721
141.8 70.878 5.95982 19.078 49.7022
141.9 70.928 5.92981 19.028 49.7322
142 70.9781 5.89987 18.9781 49.7621
142.1 71.0281 5.87 18.9281 49.792
142.2 71.0782 5.8402 18.8782 49.8218
142.3 71.1282 5.81046 18.8282 49.8515
142.4 71.1783 5.78079 18.7783 49.8812
142.5 71.2283 5.75118 18.7283 49.9108
142.6 71.2783 5.72165 18.6784 49.9404
142.7 71.3284 5.69218 18.6284 49.9698
142.8 71.3784 5.66278 18.5785 49.9992
142.9 71.4285 5.63344 18.5285 50.0286
143 71.4785 5.60418 18.4786 50.0578
143.1 71.5286 5.57498 18.4286 50.087
143.2 71.5786 5.54585 18.3787 50.1162
143.3 71.6287 5.51678 18.3287 50.1452
143.4 71.6787 5.48779 18.2788 50.1742
143.5 71.7288 5.45886 18.2288 50.2031
143.6 71.7788 5.43 18.1789 50.232
143.7 71.8289 5.40121 18.1289 50.2608
143.8 71.8789 5.37249 18.079 50.2895
143.9 71.929 5.34383 18.029 50.3182
144 71.979 5.31525 17.9791 50.3468
144.1 72.0291 5.28673 17.9291 50.3753
144.2 72.0791 5.25828 17.8792 50.4037
144.3 72.1292 5.2299 17.8292 50.4321
144.4 72.1792 5.20159 17.7793 50.4604
144.5 72.2293 5.17335 17.7293 50.4886
144.6 72.2794 5.14518 17.6794 50.5168
144.7 72.3294 5.11707 17.6294 50.5449
144.8 72.3795 5.08904 17.5795 50.573
144.9 72.4295 5.06108 17.5295 50.6009
145 72.4796 5.03318 17.4796 50.6288
145.1 72.5296 5.00535 17.4296 50.6566
145.2 72.5797 4.9776 17.3797 50.6844
145.3 72.6297 4.94991 17.3297 50.7121
145.4 72.6798 4.92229 17.2798 50.7397
145.5 72.7298 4.89474 17.2298 50.7673
145.6 72.7799 4.86727 17.1799 50.7947
145.7 72.8299 4.83986 17.1299 50.8221
145.8 72.88 4.81252 17.08 50.8495
145.9 72.93 4.78525 17.03 50.8767
146 72.9801 4.75806 16.9801 50.9039
146.1 73.0301 4.73093 16.9301 50.9311
146.2 73.0802 4.70387 16.8802 50.9581
146.3 73.1302 4.67688 16.8302 50.9851
146.4 73.1803 4.64997 16.7803 51.012
146.5 73.2303 4.62312 16.7303 51.0389
146.6 73.2804 4.59635 16.6804 51.0657
146.7 73.3304 4.56965 16.6304 51.0924
146.8 73.3805 4.54301 16.5805 51.119
146.9 73.4305 4.51645 16.5306 51.1455
147 73.4806 4.48996 16.4806 51.172
147.1 73.5306 4.46354 16.4307 51.1985
147.2 73.5807 4.43719 16.3807 51.2248
147.3 73.6307 4.41091 16.3308 51.2511
147.4 73.6808 4.38471 16.2808 51.2773
147.5 73.7308 4.35857 16.2309 51.3034
147.6 73.7809 4.33251 16.1809 51.3295
147.7 73.831 4.30652 16.131 51.3555
147.8 73.881 4.2806 16.081 51.3814
147.9 73.9311 4.25475 16.0311 51.4073
148 73.9811 4.22897 15.9811 51.433
148.1 74.0312 4.20327 15.9312 51.4587
148.2 74.0812 4.17764 15.8812 51.4844
148.3 74.1313 4.15208 15.8313 51.5099
148.4 74.1813 4.12659 15.7813 51.5354
148.5 74.2314 4.10117 15.7314 51.5608
148.6 74.2814 4.07583 15.6814 51.5862
148.7 74.3315 4.05056 15.6315 51.6114
148.8 74.3815 4.02536 15.5816 51.6366
148.9 74.4316 4.00023 15.5316 51.6618
149 74.4816 3.97518 15.4817 51.6868
149.1 74.5317 3.9502 15.4317 51.7118
149.2 74.5817 3.92529 15.3818 51.7367
149.3 74.6318 3.90045 15.3318 51.7615
149.4 74.6819 3.87569 15.2819 51.7863
149.5 74.7319 3.851 15.2319 51.811
149.6 74.782 3.82638 15.182 51.8356
149.7 74.832 3.80184 15.132 51.8602
149.8 74.8821 3.77737 15.0821 51.8846
149.9 74.9321 3.75297 15.0321 51.909
150 74.9822 3.72865 14.9822 51.9334
150.1 75.0322 3.7044 14.9322 51.9576
150.2 75.0823 3.68022 14.8823 51.9818
150.3 75.1323 3.65612 14.8324 52.0059
150.4 75.1824 3.63209 14.7824 52.0299
150.5 75.2324 3.60813 14.7325 52.0539
150.6 75.2825 3.58425 14.6825 52.0778
150.7 75.3326 3.56044 14.6326 52.1016
150.8 75.3826 3.53671 14.5826 52.1253
150.9 75.4327 3.51305 14.5327 52.149
151 75.4827 3.48946 14.4827 52.1725
151.1 75.5328 3.46595 14.4328 52.1961
151.2 75.5828 3.44251 14.3828 52.2195
151.3 75.6329 3.41915 14.3329 52.2429
151.4 75.6829 3.39586 14.283 52.2661
151.5 75.733 3.37264 14.233 52.2894
151.6 75.783 3.3495 14.1831 52.3125
151.7 75.8331 3.32643 14.1331 52.3356
151.8 75.8832 3.30344 14.0832 52.3586
151.9 75.9332 3.28053 14.0332 52.3815
152 75.9833 3.25769 13.9833 52.4043
152.1 76.0333 3.23492 13.9333 52.4271
152.2 76.0834 3.21223 13.8834 52.4498
152.3 76.1334 3.18961 13.8334 52.4724
152.4 76.1835 3.16707 13.7835 52.4949
152.5 76.2335 3.1446 13.7336 52.5174
152.6 76.2836 3.12221 13.6836 52.5398
152.7 76.3336 3.09989 13.6337 52.5621
152.8 76.3837 3.07765 13.5837 52.5843
152.9 76.4338 3.05549 13.5338 52.6065
153 76.4838 3.0334 13.4838 52.6286
153.1 76.5339 3.01138 13.4339 52.6506
153.2 76.5839 2.98944 13.3839 52.6726
153.3 76.634 2.96758 13.334 52.6944
153.4 76.684 2.94579 13.2841 52.7162
153.5 76.7341 2.92408 13.2341 52.7379
153.6 76.7841 2.90245 13.1842 52.7596
153.7 76.8342 2.88089 13.1342 52.7811
153.8 76.8843 2.8594 13.0843 52.8026
153.9 76.9343 2.83799 13.0343 52.824
154 76.9844 2.81666 12.9844 52.8453
154.1 77.0344 2.79541 12.9344 52.8666
154.2 77.0845 2.77423 12.8845 52.8878
154.3 77.1345 2.75313 12.8346 52.9089
154.4 77.1846 2.7321 12.7846 52.9299
154.5 77.2347 2.71115 12.7347 52.9509
154.6 77.2847 2.69028 12.6847 52.9717
154.7 77.3348 2.66948 12.6348 52.9925
154.8 77.3848 2.64876 12.5848 53.0132
154.9 77.4349 2.62811 12.5349 53.0339
155 77.4849 2.60755 12.485 53.0545
155.1 77.535 2.58706 12.435 53.0749
155.2 77.585 2.56664 12.3851 53.0954
155.3 77.6351 2.54631 12.3351 53.1157
155.4 77.6852 2.52605 12.2852 53.136
155.5 77.7352 2.50587 12.2352 53.1561
155.6 77.7853 2.48576 12.1853 53.1762
155.7 77.8353 2.46574 12.1353 53.1963
155.8 77.8854 2.44579 12.0854 53.2162
155.9 77.9354 2.42591 12.0355 53.2361
156 77.9855 2.40612 11.9855 53.2559
156.1 78.0356 2.3864 11.9356 53.2756
156.2 78.0856 2.36676 11.8856 53.2952
156.3 78.1357 2.34719 11.8357 53.3148
156.4 78.1857 2.32771 11.7857 53.3343
156.5 78.2358 2.3083 11.7358 53.3537
156.6 78.2858 2.28897 11.6859 53.373
156.7 78.3359 2.26972 11.6359 53.3923
156.8 78.386 2.25054 11.586 53.4115
156.9 78.436 2.23145 11.536 53.4306
157 78.4861 2.21243 11.4861 53.4496
157.1 78.5361 2.19349 11.4361 53.4685
157.2 78.5862 2.17463 11.3862 53.4874
157.3 78.6362 2.15584 11.3363 53.5062
157.4 78.6863 2.13714 11.2863 53.5249
157.5 78.7364 2.11851 11.2364 53.5435
157.6 78.7864 2.09996 11.1864 53.562
157.7 78.8365 2.08149 11.1365 53.5805
157.8 78.8865 2.0631 11.0865 53.5989
157.9 78.9366 2.04478 11.0366 53.6172
158 78.9866 2.02655 10.9867 53.6355
158.1 79.0367 2.00839 10.9367 53.6536
158.2 79.0868 1.99031 10.8868 53.6717
158.3 79.1368 1.97231 10.8368 53.6897
158.4 79.1869 1.95439 10.7869 53.7076
158.5 79.2369 1.93655 10.7369 53.7255
158.6 79.287 1.91879 10.687 53.7432
158.7 79.3371 1.9011 10.6371 53.7609
158.8 79.3871 1.8835 10.5871 53.7785
158.9 79.4372 1.86597 10.5372 53.796
159 79.4872 1.84852 10.4872 53.8135
159.1 79.5373 1.83116 10.4373 53.8308
159.2 79.5873 1.81387 10.3874 53.8481
159.3 79.6374 1.79666 10.3374 53.8653
159.4 79.6875 1.77953 10.2875 53.8825
159.5 79.7375 1.76248 10.2375 53.8995
159.6 79.7876 1.7455 10.1876 53.9165
159.7 79.8376 1.72861 10.1376 53.9334
159.8 79.8877 1.7118 10.0877 53.9502
159.9 79.9377 1.69507 10.0378 53.9669
160 79.9878 1.67841 9.98782 53.9836
160.1 80.0379 1.66184 9.93788 54.0002
160.2 80.0879 1.64535 9.88794 54.0167
160.3 80.138 1.62893 9.838 54.0331
160.4 80.188 1.6126 9.78806 54.0494
160.5 80.2381 1.59634 9.73811 54.0657
160.6 80.2882 1.58017 9.68817 54.0818
160.7 80.3382 1.56408 9.63823 54.0979
160.8 80.3883 1.54806 9.58829 54.1139
160.9 80.4383 1.53213 9.53835 54.1299
161 80.4884 1.51627 9.48841 54.1457
161.1 80.5385 1.5005 9.43847 54.1615
161.2 80.5885 1.4848 9.38852 54.1772
161.3 80.6386 1.46919 9.33858 54.1928
161.4 80.6886 1.45366 9.28864 54.2083
161.5 80.7387 1.4382 9.2387 54.2238
161.6 80.7887 1.42283 9.18876 54.2392
161.7 80.8388 1.40754 9.13882 54.2545
161.8 80.8889 1.39233 9.08888 54.2697
161.9 80.9389 1.3772 9.03894 54.2848
162 80.989 1.36215 8.989 54.2999
162.1 81.039 1.34718 8.93906 54.3148
162.2 81.0891 1.33229 8.88911 54.3297
162.3 81.1392 1.31748 8.83917 54.3445
162.4 81.1892 1.30275 8.78923 54.3592
162.5 81.2393 1.2881 8.73929 54.3739
162.6 81.2893 1.27354 8.68935 54.3885
162.7 81.3394 1.25905 8.63941 54.4029
162.8 81.3895 1.24465 8.58947 54.4174
162.9 81.4395 1.23032 8.53953 54.4317
163 81.4896 1.21608 8.48959 54.4459
163.1 81.5396 1.20192 8.43965 54.4601
163.2 81.5897 1.18784 8.38971 54.4742
163.3 81.6398 1.17384 8.33977 54.4882
163.4 81.6898 1.15992 8.28983 54.5021
163.5 81.7399 1.14609 8.23989 54.5159
163.6 81.7899 1.13233 8.18995 54.5297
163.7 81.84 1.11866 8.14001 54.5433
163.8 81.8901 1.10507 8.09007 54.5569
163.9 81.9401 1.09156 8.04013 54.5704
164 81.9902 1.07813 7.99019 54.5839
164.1 82.0402 1.06478 7.94024 54.5972
164.2 82.0903 1.05151 7.8903 54.6105
164.3 82.1404 1.03833 7.84036 54.6237
164.4 82.1904 1.02522 7.79042 54.6368
164.5 82.2405 1.0122 7.74048 54.6498
164.6 82.2905 0.999261 7.69054 54.6627
164.7 82.3406 0.986402 7.6406 54.6756
164.8 82.3907 0.973626 7.59066 54.6884
164.9 82.4407 0.960931 7.54072 54.7011
165 82.4908 0.948318 7.49078 54.7137
165.1 82.5408 0.935787 7.44084 54.7262
165.2 82.5909 0.923338 7.3909 54.7387
165.3 82.641 0.910971 7.34096 54.751
165.4 82.691 0.898686 7.29102 54.7633
165.5 82.7411 0.886483 7.24108 54.7755
165.6 82.7911 0.874362 7.19114 54.7876
165.7 82.8412 0.862323 7.1412 54.7997
165.8 82.8913 0.850366 7.09127 54.8116
165.9 82.9413 0.838492 7.04133 54.8235
166 82.9914 0.8267 6.99139 54.8353
166.1 83.0414 0.81499 6.94145 54.847
166.2 83.0915 0.803362 6.89151 54.8586
166.3 83.1416 0.791816 6.84157 54.8702
166.4 83.1916 0.780353 6.79163 54.8816
166.5 83.2417 0.768973 6.74169 54.893
166.6 83.2917 0.757675 6.69175 54.9043
166.7 83.3418 0.746459 6.64181 54.9155
166.8 83.3919 0.735326 6.59187 54.9267
166.9 83.4419 0.724275 6.54193 54.9377
167 83.492 0.713307 6.49199 54.9487
167.1 83.542 0.702421 6.44205 54.9596
167.2 83.5921 0.691618 6.39211 54.9704
167.3 83.6422 0.680898 6.34217 54.9811
167.4 83.6922 0.670261 6.29223 54.9917
167.5 83.7423 0.659706 6.24229 55.0023
167.6 83.7923 0.649234 6.19235 55.0128
167.7 83.8424 0.638845 6.14241 55.0232
167.8 83.8925 0.628538 6.09248 55.0335
167.9 83.9425 0.618315 6.04254 55.0437
168 83.9926 0.608174 5.9926 55.0538
168.1 84.0426 0.598116 5.94266 55.0639
168.2 84.0927 0.588142 5.89272 55.0739
168.3 84.1428 0.57825 5.84278 55.0838
168.4 84.1928 0.568441 5.79284 55.0936
168.5 84.2429 0.558716 5.7429 55.1033
168.6 84.293 0.549073 5.69296 55.1129
168.7 84.343 0.539513 5.64302 55.1225
168.8 84.3931 0.530037 5.59308 55.132
168.9 84.4431 0.520644 5.54314 55.1414
169 84.4932 0.511334 5.49321 55.1507
169.1 84.5433 0.502107 5.44327 55.1599
169.2 84.5933 0.492964 5.39333 55.169
169.3 84.6434 0.483903 5.34339 55.1781
169.4 84.6934 0.474926 5.29345 55.1871
169.5 84.7435 0.466033 5.24351 55.196
169.6 84.7936 0.457222 5.19357 55.2048
169.7 84.8436 0.448496 5.14363 55.2135
169.8 84.8937 0.439852 5.09369 55.2221
169.9 84.9437 0.431292 5.04376 55.2307
170 84.9938 0.422815 4.99382 55.2392
170.1 85.0439 0.414422 4.94388 55.2476
170.2 85.0939 0.406113 4.89394 55.2559
170.3 85.144 0.397887 4.844 55.2641
170.4 85.1941 0.389744 4.79406 55.2723
170.5 85.2441 0.381685 4.74412 55.2803
170.6 85.2942 0.37371 4.69418 55.2883
170.7 85.3442 0.365819 4.64425 55.2962
170.8 85.3943 0.358011 4.59431 55.304
170.9 85.4444 0.350286 4.54437 55.3117
171 85.4944 0.342646 4.49443 55.3194
171.1 85.5445 0.335089 4.44449 55.3269
171.2 85.5945 0.327616 4.39455 55.3344
171.3 85.6446 0.320227 4.34461 55.3418
171.4 85.6947 0.312921 4.29468 55.3491
171.5 85.7447 0.3057 4.24474 55.3563
171.6 85.7948 0.298562 4.1948 55.3634
171.7 85.8449 0.291508 4.14486 55.3705
171.8 85.8949 0.284538 4.09492 55.3775
171.9 85.945 0.277652 4.04498 55.3843
172 85.995 0.270849 3.99504 55.3912
172.1 86.0451 0.264131 3.94511 55.3979
172.2 86.0952 0.257497 3.89517 55.4045
172.3 86.1452 0.250947 3.84523 55.4111
172.4 86.1953 0.24448 3.79529 55.4175
172.5 86.2453 0.238098 3.74535 55.4239
172.6 86.2954 0.2318 3.69541 55.4302
172.7 86.3455 0.225586 3.64548 55.4364
172.8 86.3955 0.219456 3.59554 55.4425
172.9 86.4456 0.21341 3.5456 55.4486
173 86.4957 0.207448 3.49566 55.4546
173.1 86.5457 0.20157 3.44572 55.4604
173.2 86.5958 0.195777 3.39578 55.4662
173.3 86.6458 0.190068 3.34585 55.4719
173.4 86.6959 0.184443 3.29591 55.4776
173.5 86.746 0.178902 3.24597 55.4831
173.6 86.796 0.173445 3.19603 55.4886
173.7 86.8461 0.168073 3.14609 55.4939
173.8 86.8961 0.162785 3.09615 55.4992
173.9 86.9462 0.157581 3.04622 55.5044
174 86.9963 0.152461 2.99628 55.5095
174.1 87.0463 0.147426 2.94634 55.5146
174.2 87.0964 0.142475 2.8964 55.5195
174.3 87.1465 0.137608 2.84646 55.5244
174.4 87.1965 0.132826 2.79653 55.5292
174.5 87.2466 0.128128 2.74659 55.5339
174.6 87.2966 0.123515 2.69665 55.5385
174.7 87.3467 0.118986 2.64671 55.543
174.8 87.3968 0.114541 2.59677 55.5475
174.9 87.4468 0.110181 2.54683 55.5518
175 87.4969 0.105905 2.4969 55.5561
175.1 87.547 0.101714 2.44696 55.5603
175.2 87.597 0.0976072 2.39702 55.5644
175.3 87.6471 0.0935849 2.34708 55.5684
175.4 87.6971 0.089647 2.29714 55.5724
175.5 87.7472 0.0857937 2.24721 55.5762
175.6 87.7973 0.0820249 2.19727 55.58
175.7 87.8473 0.0783405 2.14733 55.5837
175.8 87.8974 0.0747408 2.09739 55.5873
175.9 87.9475 0.0712256 2.04745 55.5908
176 87.9975 0.0677949 1.99752 55.5942
176.1 88.0476 0.0644488 1.94758 55.5976
176.2 88.0976 0.0611873 1.89764 55.6008
176.3 88.1477 0.0580104 1.8477 55.604
176.4 88.1978 0.0549181 1.79776 55.6071
176.5 88.2478 0.0519104 1.74783 55.6101
176.6 88.2979 0.0489873 1.69789 55.613
176.7 88.3479 0.0461489 1.64795 55.6159
176.8 88.398 0.0433951 1.59801 55.6186
176.9 88.4481 0.0407259 1.54807 55.6213
177 88.4981 0.0381414 1.49814 55.6239
177.1 88.5482 0.0356416 1.4482 55.6264
177.2 88.5983 0.0332264 1.39826 55.6288
177.3 88.6483 0.0308959 1.34832 55.6311
177.4 88.6984 0.0286501 1.29838 55.6333
177.5 88.7484 0.0264889 1.24845 55.6355
177.6 88.7985 0.0244125 1.19851 55.6376
177.7 88.8486 0.0224208 1.14857 55.6396
177.8 88.8986 0.0205138 1.09863 55.6415
177.9 88.9487 0.0186915 1.0487 55.6433
178 88.9988 0.0169539 0.998757 55.645
178.1 89.0488 0.015301 0.948819 55.6467
178.2 89.0989 0.0137329 0.898882 55.6483
178.3 89.1489 0.0122495 0.848944 55.6498
178.4 89.199 0.0108509 0.799006 55.6511
178.5 89.2491 0.00953699 0.749068 55.6525
178.6 89.2991 0.00830784 0.69913 55.6537
178.7 89.3492 0.00716344 0.649192 55.6548
178.8 89.3993 0.0061038 0.599254 55.6559
178.9 89.4493 0.00512892 0.549316 55.6569
179 89.4994 0.0042388 0.499379 55.6578
179.1 89.5494 0.00343344 0.449441 55.6586
179.2 89.5995 0.00271285 0.399503 55.6593
179.3 89.6496 0.00207704 0.349565 55.6599
179.4 89.6996 0.00152599 0.299627 55.6605
179.5 89.7497 0.00105972 0.249689 55.6609
179.6 89.7998 0.000678222 0.199751 55.6613
179.7 89.8498 0.0003815 0.149814 55.6616
179.8 89.8999 0.000169556 0.0998757 55.6618
179.9 89.9499 4.2389e-05 0.0499379 55.662
