#kinematics calculation of exex
#vertex z = 600 mm, E_reaction = 30.545 MeV
#theta_cm, theta3_lab, Ek3_lab, theta4_lab, Ek4_lab
0 0 20.7119 0 0.953102
0.1 0.0392521 20.7119 0.18306 0.953117
0.2 0.0785042 20.7118 0.366112 0.953162
0.3 0.117756 20.7118 0.549149 0.953237
0.4 0.157008 20.7117 0.732165 0.953342
0.5 0.19626 20.7115 0.915151 0.953478
0.6 0.235512 20.7114 1.0981 0.953643
0.7 0.274764 20.7112 1.28101 0.953839
0.8 0.314016 20.7109 1.46386 0.954065
0.9 0.353267 20.7107 1.64665 0.95432
1 0.392519 20.7104 1.82938 0.954606
1.1 0.43177 20.7101 2.01204 0.954922
1.2 0.471021 20.7097 2.19461 0.955268
1.3 0.510272 20.7094 2.3771 0.955644
1.4 0.549523 20.7089 2.55949 0.956051
1.5 0.588773 20.7085 2.74178 0.956487
1.6 0.628023 20.708 2.92396 0.956953
1.7 0.667273 20.7076 3.10602 0.95745
1.8 0.706523 20.707 3.28796 0.957976
1.9 0.745773 20.7065 3.46977 0.958533
2 0.785022 20.7059 3.65144 0.95912
2.1 0.824271 20.7053 3.83297 0.959737
2.2 0.863519 20.7046 4.01434 0.960383
2.3 0.902767 20.7039 4.19555 0.96106
2.4 0.942015 20.7032 4.3766 0.961767
2.5 0.981263 20.7025 4.55747 0.962505
2.6 1.02051 20.7017 4.73816 0.963272
2.7 1.05976 20.7009 4.91867 0.964069
2.8 1.099 20.7001 5.09898 0.964896
2.9 1.13825 20.6992 5.27909 0.965754
3 1.17749 20.6984 5.45899 0.966641
3.1 1.21674 20.6974 5.63868 0.967558
3.2 1.25598 20.6965 5.81814 0.968506
3.3 1.29523 20.6955 5.99738 0.969483
3.4 1.33447 20.6945 6.17639 0.970491
3.5 1.37371 20.6935 6.35515 0.971529
3.6 1.41296 20.6924 6.53366 0.972596
3.7 1.4522 20.6913 6.71192 0.973694
3.8 1.49144 20.6902 6.88992 0.974822
3.9 1.53068 20.689 7.06766 0.975979
4 1.56992 20.6878 7.24512 0.977167
4.1 1.60916 20.6866 7.4223 0.978385
4.2 1.6484 20.6854 7.59919 0.979633
4.3 1.68764 20.6841 7.77579 0.980911
4.4 1.72687 20.6828 7.95209 0.982219
4.5 1.76611 20.6814 8.12809 0.983556
4.6 1.80535 20.6801 8.30378 0.984924
4.7 1.84458 20.6787 8.47915 0.986322
4.8 1.88382 20.6773 8.6542 0.98775
4.9 1.92305 20.6758 8.82892 0.989208
5 1.96228 20.6743 9.0033 0.990696
5.1 2.00152 20.6728 9.17735 0.992213
5.2 2.04075 20.6712 9.35105 0.993761
5.3 2.07998 20.6697 9.52439 0.995339
5.4 2.11921 20.6681 9.69738 0.996947
5.5 2.15844 20.6664 9.87001 0.998584
5.6 2.19766 20.6647 10.0423 1.00025
5.7 2.23689 20.6631 10.2142 1.00195
5.8 2.27612 20.6613 10.3857 1.00368
5.9 2.31534 20.6596 10.5568 1.00543
6 2.35457 20.6578 10.7275 1.00722
6.1 2.39379 20.656 10.8979 1.00904
6.2 2.43301 20.6541 11.0678 1.01089
6.3 2.47224 20.6522 11.2373 1.01276
6.4 2.51146 20.6503 11.4065 1.01467
6.5 2.55068 20.6484 11.5752 1.01661
6.6 2.5899 20.6464 11.7435 1.01857
6.7 2.62911 20.6444 11.9113 1.02057
6.8 2.66833 20.6424 12.0788 1.0226
6.9 2.70755 20.6403 12.2458 1.02465
7 2.74676 20.6383 12.4123 1.02674
7.1 2.78597 20.6361 12.5784 1.02886
7.2 2.82519 20.634 12.7441 1.031
7.3 2.8644 20.6318 12.9093 1.03318
7.4 2.90361 20.6296 13.0741 1.03539
7.5 2.94282 20.6274 13.2384 1.03762
7.6 2.98202 20.6251 13.4023 1.03989
7.7 3.02123 20.6228 13.5656 1.04218
7.8 3.06044 20.6205 13.7285 1.04451
7.9 3.09964 20.6181 13.891 1.04686
8 3.13884 20.6158 14.0529 1.04925
8.1 3.17805 20.6133 14.2144 1.05166
8.2 3.21725 20.6109 14.3753 1.05411
8.3 3.25644 20.6084 14.5358 1.05658
8.4 3.29564 20.6059 14.6958 1.05908
8.5 3.33484 20.6034 14.8553 1.06162
8.6 3.37403 20.6008 15.0143 1.06418
8.7 3.41323 20.5982 15.1728 1.06678
8.8 3.45242 20.5956 15.3307 1.0694
8.9 3.49161 20.5929 15.4882 1.07205
9 3.5308 20.5903 15.6451 1.07473
9.1 3.56999 20.5876 15.8015 1.07745
9.2 3.60918 20.5848 15.9574 1.08019
9.3 3.64836 20.582 16.1128 1.08296
9.4 3.68755 20.5792 16.2677 1.08576
9.5 3.72673 20.5764 16.422 1.08859
9.6 3.76591 20.5735 16.5758 1.09145
9.7 3.80509 20.5707 16.729 1.09434
9.8 3.84427 20.5677 16.8817 1.09726
9.9 3.88344 20.5648 17.0339 1.10021
10 3.92262 20.5618 17.1855 1.10319
10.1 3.96179 20.5588 17.3366 1.1062
10.2 4.00096 20.5558 17.4871 1.10924
10.3 4.04013 20.5527 17.6371 1.11231
10.4 4.0793 20.5496 17.7865 1.11541
10.5 4.11847 20.5465 17.9354 1.11853
10.6 4.15763 20.5433 18.0837 1.12169
10.7 4.1968 20.5401 18.2314 1.12488
10.8 4.23596 20.5369 18.3786 1.12809
10.9 4.27512 20.5337 18.5252 1.13134
11 4.31428 20.5304 18.6713 1.13461
11.1 4.35344 20.5271 18.8168 1.13792
11.2 4.39259 20.5237 18.9617 1.14125
11.3 4.43174 20.5204 19.1061 1.14462
11.4 4.4709 20.517 19.2498 1.14801
11.5 4.51005 20.5136 19.393 1.15143
11.6 4.54919 20.5101 19.5357 1.15489
11.7 4.58834 20.5066 19.6777 1.15837
11.8 4.62748 20.5031 19.8192 1.16188
11.9 4.66663 20.4996 19.9601 1.16542
12 4.70577 20.496 20.1004 1.16899
12.1 4.74491 20.4924 20.2401 1.17259
12.2 4.78404 20.4888 20.3792 1.17622
12.3 4.82318 20.4851 20.5178 1.17988
12.4 4.86231 20.4814 20.6558 1.18357
12.5 4.90144 20.4777 20.7931 1.18728
12.6 4.94057 20.474 20.9299 1.19103
12.7 4.9797 20.4702 21.0661 1.19481
12.8 5.01882 20.4664 21.2018 1.19861
12.9 5.05795 20.4626 21.3368 1.20245
13 5.09707 20.4587 21.4712 1.20631
13.1 5.13619 20.4548 21.6051 1.2102
13.2 5.1753 20.4509 21.7383 1.21413
13.3 5.21442 20.4469 21.871 1.21808
13.4 5.25353 20.4429 22.003 1.22206
13.5 5.29264 20.4389 22.1345 1.22607
13.6 5.33175 20.4349 22.2654 1.23011
13.7 5.37086 20.4308 22.3956 1.23418
13.8 5.40996 20.4267 22.5253 1.23828
13.9 5.44906 20.4226 22.6544 1.24241
14 5.48816 20.4184 22.7829 1.24656
14.1 5.52726 20.4143 22.9108 1.25075
14.2 5.56635 20.41 23.0381 1.25496
14.3 5.60545 20.4058 23.1648 1.25921
14.4 5.64454 20.4015 23.2909 1.26348
14.5 5.68363 20.3972 23.4164 1.26778
14.6 5.72271 20.3929 23.5413 1.27212
14.7 5.7618 20.3885 23.6656 1.27648
14.8 5.80088 20.3841 23.7893 1.28087
14.9 5.83996 20.3797 23.9124 1.28529
15 5.87903 20.3753 24.035 1.28973
15.1 5.91811 20.3708 24.1569 1.29421
15.2 5.95718 20.3663 24.2782 1.29872
15.3 5.99625 20.3617 24.3989 1.30325
15.4 6.03532 20.3572 24.5191 1.30782
15.5 6.07438 20.3526 24.6386 1.31241
15.6 6.11344 20.348 24.7576 1.31703
15.7 6.1525 20.3433 24.8759 1.32168
15.8 6.19156 20.3386 24.9937 1.32637
15.9 6.23062 20.3339 25.1109 1.33107
16 6.26967 20.3292 25.2275 1.33581
16.1 6.30872 20.3244 25.3434 1.34058
16.2 6.34777 20.3196 25.4588 1.34538
16.3 6.38681 20.3148 25.5736 1.3502
16.4 6.42585 20.3099 25.6879 1.35505
16.5 6.46489 20.3051 25.8015 1.35994
16.6 6.50393 20.3002 25.9145 1.36485
16.7 6.54296 20.2952 26.027 1.36979
16.8 6.58199 20.2902 26.1388 1.37476
16.9 6.62102 20.2852 26.2501 1.37976
17 6.66005 20.2802 26.3608 1.38478
17.1 6.69907 20.2752 26.4709 1.38984
17.2 6.73809 20.2701 26.5805 1.39492
17.3 6.77711 20.265 26.6894 1.40004
17.4 6.81613 20.2598 26.7978 1.40518
17.5 6.85514 20.2546 26.9055 1.41035
17.6 6.89415 20.2495 27.0128 1.41555
17.7 6.93316 20.2442 27.1194 1.42078
17.8 6.97216 20.239 27.2254 1.42603
17.9 7.01116 20.2337 27.3309 1.43132
18 7.05016 20.2284 27.4358 1.43663
18.1 7.08915 20.223 27.5401 1.44198
18.2 7.12815 20.2177 27.6439 1.44735
18.3 7.16714 20.2123 27.7471 1.45275
18.4 7.20612 20.2068 27.8497 1.45818
18.5 7.24511 20.2014 27.9517 1.46363
18.6 7.28409 20.1959 28.0532 1.46912
18.7 7.32306 20.1904 28.1541 1.47463
18.8 7.36204 20.1848 28.2545 1.48017
18.9 7.40101 20.1793 28.3542 1.48575
19 7.43998 20.1737 28.4535 1.49135
19.1 7.47895 20.168 28.5521 1.49697
19.2 7.51791 20.1624 28.6502 1.50263
19.3 7.55687 20.1567 28.7478 1.50831
19.4 7.59582 20.151 28.8447 1.51403
19.5 7.63478 20.1452 28.9412 1.51977
19.6 7.67373 20.1395 29.0371 1.52554
19.7 7.71267 20.1337 29.1324 1.53134
19.8 7.75162 20.1278 29.2272 1.53716
19.9 7.79056 20.122 29.3214 1.54302
20 7.8295 20.1161 29.4151 1.5489
20.1 7.86843 20.1102 29.5082 1.55481
20.2 7.90736 20.1042 29.6008 1.56075
20.3 7.94629 20.0983 29.6928 1.56672
20.4 7.98521 20.0923 29.7843 1.57272
20.5 8.02413 20.0863 29.8753 1.57874
20.6 8.06305 20.0802 29.9657 1.58479
20.7 8.10197 20.0741 30.0556 1.59088
20.8 8.14088 20.068 30.145 1.59698
20.9 8.17979 20.0619 30.2338 1.60312
21 8.21869 20.0557 30.3221 1.60929
21.1 8.25759 20.0495 30.4098 1.61548
21.2 8.29649 20.0433 30.497 1.6217
21.3 8.33538 20.037 30.5838 1.62795
21.4 8.37427 20.0308 30.6699 1.63423
21.5 8.41316 20.0245 30.7556 1.64053
21.6 8.45204 20.0181 30.8407 1.64687
21.7 8.49092 20.0118 30.9253 1.65323
21.8 8.5298 20.0054 31.0094 1.65962
21.9 8.56867 19.999 31.093 1.66604
22 8.60754 19.9925 31.1761 1.67248
22.1 8.64641 19.986 31.2586 1.67895
22.2 8.68527 19.9795 31.3407 1.68546
22.3 8.72413 19.973 31.4222 1.69198
22.4 8.76299 19.9665 31.5032 1.69854
22.5 8.80184 19.9599 31.5837 1.70513
22.6 8.84069 19.9533 31.6637 1.71174
22.7 8.87953 19.9466 31.7432 1.71838
22.8 8.91837 19.94 31.8223 1.72505
22.9 8.95721 19.9333 31.9008 1.73174
23 8.99604 19.9265 31.9788 1.73847
23.1 9.03487 19.9198 32.0563 1.74522
23.2 9.07369 19.913 32.1333 1.752
23.3 9.11252 19.9062 32.2099 1.7588
23.4 9.15133 19.8994 32.2859 1.76564
23.5 9.19015 19.8925 32.3615 1.7725
23.6 9.22896 19.8856 32.4365 1.77939
23.7 9.26776 19.8787 32.5111 1.7863
23.8 9.30657 19.8718 32.5852 1.79325
23.9 9.34537 19.8648 32.6588 1.80022
24 9.38416 19.8578 32.732 1.80722
24.1 9.42295 19.8508 32.8046 1.81425
24.2 9.46174 19.8437 32.8768 1.8213
24.3 9.50052 19.8366 32.9486 1.82838
24.4 9.5393 19.8295 33.0198 1.83549
24.5 9.57807 19.8224 33.0906 1.84263
24.6 9.61684 19.8152 33.1609 1.84979
24.7 9.65561 19.808 33.2307 1.85699
24.8 9.69437 19.8008 33.3001 1.8642
24.9 9.73313 19.7935 33.369 1.87145
25 9.77189 19.7863 33.4375 1.87872
25.1 9.81064 19.779 33.5055 1.88602
25.2 9.84938 19.7716 33.573 1.89335
25.3 9.88813 19.7643 33.6401 1.90071
25.4 9.92686 19.7569 33.7067 1.90809
25.5 9.9656 19.7495 33.7729 1.9155
25.6 10.0043 19.7421 33.8386 1.92294
25.7 10.0431 19.7346 33.9039 1.9304
25.8 10.0818 19.7271 33.9688 1.93789
25.9 10.1205 19.7196 34.0332 1.94541
26 10.1592 19.712 34.0971 1.95296
26.1 10.1979 19.7045 34.1606 1.96053
26.2 10.2366 19.6969 34.2237 1.96813
26.3 10.2753 19.6892 34.2863 1.97575
26.4 10.314 19.6816 34.3485 1.98341
26.5 10.3527 19.6739 34.4103 1.99109
26.6 10.3914 19.6662 34.4716 1.99879
26.7 10.4301 19.6585 34.5326 2.00653
26.8 10.4687 19.6507 34.593 2.01429
26.9 10.5074 19.6429 34.6531 2.02208
27 10.5461 19.6351 34.7127 2.02989
27.1 10.5848 19.6273 34.7719 2.03773
27.2 10.6234 19.6194 34.8307 2.0456
27.3 10.6621 19.6115 34.8891 2.0535
27.4 10.7007 19.6036 34.947 2.06142
27.5 10.7394 19.5956 35.0046 2.06937
27.6 10.778 19.5877 35.0617 2.07734
27.7 10.8166 19.5797 35.1184 2.08534
27.8 10.8553 19.5716 35.1747 2.09337
27.9 10.8939 19.5636 35.2306 2.10143
28 10.9325 19.5555 35.2861 2.10951
28.1 10.9711 19.5474 35.3412 2.11762
28.2 11.0098 19.5392 35.3959 2.12575
28.3 11.0484 19.5311 35.4502 2.13391
28.4 11.087 19.5229 35.5041 2.1421
28.5 11.1256 19.5147 35.5576 2.15032
28.6 11.1642 19.5064 35.6107 2.15856
28.7 11.2028 19.4982 35.6634 2.16682
28.8 11.2413 19.4899 35.7157 2.17512
28.9 11.2799 19.4816 35.7676 2.18344
29 11.3185 19.4732 35.8191 2.19178
29.1 11.3571 19.4648 35.8703 2.20016
29.2 11.3956 19.4564 35.921 2.20855
29.3 11.4342 19.448 35.9714 2.21698
29.4 11.4727 19.4396 36.0214 2.22543
29.5 11.5113 19.4311 36.071 2.23391
29.6 11.5498 19.4226 36.1202 2.24241
29.7 11.5884 19.4141 36.1691 2.25094
29.8 11.6269 19.4055 36.2176 2.2595
29.9 11.6654 19.3969 36.2657 2.26808
30 11.704 19.3883 36.3134 2.27669
30.1 11.7425 19.3797 36.3608 2.28532
30.2 11.781 19.371 36.4078 2.29398
30.3 11.8195 19.3623 36.4545 2.30267
30.4 11.858 19.3536 36.5007 2.31138
30.5 11.8965 19.3449 36.5467 2.32012
30.6 11.935 19.3361 36.5922 2.32889
30.7 11.9735 19.3273 36.6374 2.33768
30.8 12.012 19.3185 36.6822 2.34649
30.9 12.0505 19.3097 36.7267 2.35533
31 12.0889 19.3008 36.7708 2.3642
31.1 12.1274 19.2919 36.8146 2.3731
31.2 12.1659 19.283 36.858 2.38202
31.3 12.2043 19.274 36.9011 2.39096
31.4 12.2428 19.2651 36.9438 2.39993
31.5 12.2812 19.2561 36.9862 2.40893
31.6 12.3197 19.247 37.0282 2.41795
31.7 12.3581 19.238 37.0699 2.427
31.8 12.3965 19.2289 37.1112 2.43607
31.9 12.435 19.2198 37.1522 2.44517
32 12.4734 19.2107 37.1929 2.45429
32.1 12.5118 19.2016 37.2332 2.46344
32.2 12.5502 19.1924 37.2732 2.47262
32.3 12.5886 19.1832 37.3129 2.48182
32.4 12.627 19.174 37.3522 2.49105
32.5 12.6654 19.1647 37.3912 2.5003
32.6 12.7038 19.1554 37.4299 2.50958
32.7 12.7422 19.1461 37.4682 2.51888
32.8 12.7805 19.1368 37.5062 2.52821
32.9 12.8189 19.1274 37.5439 2.53756
33 12.8573 19.1181 37.5813 2.54694
33.1 12.8956 19.1087 37.6183 2.55634
33.2 12.934 19.0992 37.6551 2.56577
33.3 12.9723 19.0898 37.6915 2.57523
33.4 13.0107 19.0803 37.7275 2.58471
33.5 13.049 19.0708 37.7633 2.59421
33.6 13.0873 19.0613 37.7988 2.60374
33.7 13.1257 19.0517 37.8339 2.61329
33.8 13.164 19.0421 37.8688 2.62287
33.9 13.2023 19.0325 37.9033 2.63248
34 13.2406 19.0229 37.9375 2.64211
34.1 13.2789 19.0132 37.9714 2.65176
34.2 13.3172 19.0036 38.005 2.66144
34.3 13.3555 18.9939 38.0383 2.67115
34.4 13.3938 18.9841 38.0713 2.68087
34.5 13.4321 18.9744 38.104 2.69063
34.6 13.4703 18.9646 38.1364 2.70041
34.7 13.5086 18.9548 38.1685 2.71021
34.8 13.5468 18.945 38.2003 2.72004
34.9 13.5851 18.9351 38.2318 2.72989
35 13.6233 18.9252 38.263 2.73977
35.1 13.6616 18.9153 38.2939 2.74967
35.2 13.6998 18.9054 38.3246 2.7596
35.3 13.738 18.8954 38.3549 2.76955
35.4 13.7763 18.8855 38.385 2.77953
35.5 13.8145 18.8755 38.4147 2.78953
35.6 13.8527 18.8654 38.4442 2.79955
35.7 13.8909 18.8554 38.4734 2.8096
35.8 13.9291 18.8453 38.5023 2.81968
35.9 13.9673 18.8352 38.5309 2.82978
36 14.0055 18.8251 38.5593 2.8399
36.1 14.0436 18.815 38.5873 2.85005
36.2 14.0818 18.8048 38.6151 2.86022
36.3 14.12 18.7946 38.6427 2.87041
36.4 14.1581 18.7844 38.6699 2.88063
36.5 14.1963 18.7741 38.6969 2.89088
36.6 14.2344 18.7639 38.7235 2.90115
36.7 14.2726 18.7536 38.75 2.91144
36.8 14.3107 18.7432 38.7761 2.92176
36.9 14.3488 18.7329 38.802 2.9321
37 14.387 18.7225 38.8276 2.94246
37.1 14.4251 18.7121 38.853 2.95285
37.2 14.4632 18.7017 38.878 2.96326
37.3 14.5013 18.6913 38.9029 2.9737
37.4 14.5394 18.6808 38.9274 2.98416
37.5 14.5775 18.6704 38.9517 2.99465
37.6 14.6155 18.6598 38.9758 3.00515
37.7 14.6536 18.6493 38.9995 3.01569
37.8 14.6917 18.6388 39.023 3.02624
37.9 14.7297 18.6282 39.0463 3.03682
38 14.7678 18.6176 39.0693 3.04743
38.1 14.8058 18.6069 39.0921 3.05806
38.2 14.8439 18.5963 39.1146 3.06871
38.3 14.8819 18.5856 39.1368 3.07938
38.4 14.9199 18.5749 39.1588 3.09008
38.5 14.958 18.5642 39.1806 3.1008
38.6 14.996 18.5535 39.2021 3.11155
38.7 15.034 18.5427 39.2233 3.12232
38.8 15.072 18.5319 39.2443 3.13311
38.9 15.11 18.5211 39.2651 3.14393
39 15.148 18.5102 39.2856 3.15477
39.1 15.1859 18.4994 39.3059 3.16563
39.2 15.2239 18.4885 39.3259 3.17651
39.3 15.2619 18.4776 39.3457 3.18742
39.4 15.2998 18.4666 39.3653 3.19836
39.5 15.3378 18.4557 39.3846 3.20931
39.6 15.3757 18.4447 39.4037 3.22029
39.7 15.4137 18.4337 39.4226 3.2313
39.8 15.4516 18.4227 39.4412 3.24232
39.9 15.4895 18.4116 39.4596 3.25337
40 15.5274 18.4006 39.4777 3.26444
40.1 15.5653 18.3895 39.4956 3.27554
40.2 15.6032 18.3783 39.5133 3.28665
40.3 15.6411 18.3672 39.5308 3.2978
40.4 15.679 18.356 39.548 3.30896
40.5 15.7169 18.3449 39.565 3.32015
40.6 15.7547 18.3336 39.5818 3.33136
40.7 15.7926 18.3224 39.5984 3.34259
40.8 15.8305 18.3112 39.6147 3.35384
40.9 15.8683 18.2999 39.6308 3.36512
41 15.9062 18.2886 39.6467 3.37642
41.1 15.944 18.2773 39.6624 3.38775
41.2 15.9818 18.2659 39.6778 3.39909
41.3 16.0196 18.2545 39.693 3.41046
41.4 16.0574 18.2431 39.7081 3.42185
41.5 16.0952 18.2317 39.7228 3.43327
41.6 16.133 18.2203 39.7374 3.4447
41.7 16.1708 18.2088 39.7518 3.45616
41.8 16.2086 18.1974 39.766 3.46765
41.9 16.2464 18.1859 39.7799 3.47915
42 16.2841 18.1743 39.7936 3.49068
42.1 16.3219 18.1628 39.8071 3.50223
42.2 16.3596 18.1512 39.8205 3.5138
42.3 16.3974 18.1396 39.8336 3.52539
42.4 16.4351 18.128 39.8465 3.53701
42.5 16.4728 18.1164 39.8591 3.54864
42.6 16.5106 18.1047 39.8716 3.5603
42.7 16.5483 18.093 39.8839 3.57199
42.8 16.586 18.0813 39.896 3.58369
42.9 16.6237 18.0696 39.9078 3.59542
43 16.6613 18.0578 39.9195 3.60717
43.1 16.699 18.0461 39.931 3.61894
43.2 16.7367 18.0343 39.9423 3.63073
43.3 16.7744 18.0225 39.9533 3.64254
43.4 16.812 18.0106 39.9642 3.65438
43.5 16.8497 17.9988 39.9749 3.66624
43.6 16.8873 17.9869 39.9854 3.67812
43.7 16.9249 17.975 39.9956 3.69002
43.8 16.9625 17.9631 40.0057 3.70194
43.9 17.0002 17.9511 40.0156 3.71389
44 17.0378 17.9391 40.0253 3.72586
44.1 17.0754 17.9272 40.0348 3.73784
44.2 17.1129 17.9151 40.0442 3.74985
44.3 17.1505 17.9031 40.0533 3.76189
44.4 17.1881 17.8911 40.0622 3.77394
44.5 17.2257 17.879 40.071 3.78601
44.6 17.2632 17.8669 40.0796 3.79811
44.7 17.3008 17.8548 40.088 3.81023
44.8 17.3383 17.8426 40.0961 3.82237
44.9 17.3758 17.8305 40.1042 3.83453
45 17.4133 17.8183 40.112 3.84671
45.1 17.4509 17.8061 40.1196 3.85891
45.2 17.4884 17.7939 40.1271 3.87114
45.3 17.5259 17.7816 40.1344 3.88338
45.4 17.5633 17.7693 40.1415 3.89565
45.5 17.6008 17.7571 40.1484 3.90794
45.6 17.6383 17.7448 40.1551 3.92025
45.7 17.6758 17.7324 40.1617 3.93258
45.8 17.7132 17.7201 40.1681 3.94493
45.9 17.7507 17.7077 40.1743 3.9573
46 17.7881 17.6953 40.1803 3.96969
46.1 17.8255 17.6829 40.1862 3.98211
46.2 17.8629 17.6705 40.1919 3.99454
46.3 17.9003 17.658 40.1974 4.007
46.4 17.9377 17.6455 40.2027 4.01947
46.5 17.9751 17.633 40.2079 4.03197
46.6 18.0125 17.6205 40.2129 4.04449
46.7 18.0499 17.608 40.2177 4.05703
46.8 18.0872 17.5954 40.2224 4.06959
46.9 18.1246 17.5828 40.2269 4.08217
47 18.1619 17.5702 40.2312 4.09477
47.1 18.1993 17.5576 40.2353 4.10739
47.2 18.2366 17.545 40.2393 4.12003
47.3 18.2739 17.5323 40.2431 4.13269
47.4 18.3112 17.5196 40.2468 4.14537
47.5 18.3485 17.5069 40.2503 4.15808
47.6 18.3858 17.4942 40.2536 4.1708
47.7 18.4231 17.4815 40.2568 4.18354
47.8 18.4604 17.4687 40.2598 4.1963
47.9 18.4977 17.4559 40.2626 4.20909
48 18.5349 17.4431 40.2653 4.22189
48.1 18.5721 17.4303 40.2679 4.23472
48.2 18.6094 17.4174 40.2702 4.24756
48.3 18.6466 17.4046 40.2724 4.26042
48.4 18.6838 17.3917 40.2745 4.27331
48.5 18.721 17.3788 40.2764 4.28621
48.6 18.7582 17.3659 40.2781 4.29914
48.7 18.7954 17.3529 40.2797 4.31208
48.8 18.8326 17.34 40.2811 4.32504
48.9 18.8698 17.327 40.2824 4.33803
49 18.9069 17.314 40.2835 4.35103
49.1 18.9441 17.3009 40.2845 4.36405
49.2 18.9812 17.2879 40.2853 4.3771
49.3 19.0183 17.2748 40.2859 4.39016
49.4 19.0555 17.2618 40.2865 4.40324
49.5 19.0926 17.2487 40.2868 4.41634
49.6 19.1297 17.2355 40.287 4.42947
49.7 19.1668 17.2224 40.2871 4.44261
49.8 19.2039 17.2092 40.287 4.45577
49.9 19.2409 17.1961 40.2868 4.46895
50 19.278 17.1829 40.2864 4.48215
50.1 19.315 17.1696 40.2859 4.49536
50.2 19.3521 17.1564 40.2852 4.5086
50.3 19.3891 17.1431 40.2844 4.52186
50.4 19.4261 17.1299 40.2834 4.53513
50.5 19.4632 17.1166 40.2823 4.54843
50.6 19.5002 17.1033 40.2811 4.56174
50.7 19.5371 17.0899 40.2797 4.57508
50.8 19.5741 17.0766 40.2782 4.58843
50.9 19.6111 17.0632 40.2765 4.6018
51 19.6481 17.0498 40.2747 4.61519
51.1 19.685 17.0364 40.2728 4.6286
51.2 19.722 17.023 40.2707 4.64203
51.3 19.7589 17.0095 40.2684 4.65548
51.4 19.7958 16.9961 40.2661 4.66894
51.5 19.8327 16.9826 40.2636 4.68243
51.6 19.8696 16.9691 40.2609 4.69593
51.7 19.9065 16.9555 40.2582 4.70946
51.8 19.9434 16.942 40.2553 4.723
51.9 19.9803 16.9284 40.2522 4.73656
52 20.0171 16.9149 40.249 4.75013
52.1 20.054 16.9013 40.2457 4.76373
52.2 20.0908 16.8877 40.2423 4.77735
52.3 20.1276 16.874 40.2387 4.79098
52.4 20.1644 16.8604 40.235 4.80463
52.5 20.2012 16.8467 40.2311 4.8183
52.6 20.238 16.833 40.2272 4.83199
52.7 20.2748 16.8193 40.2231 4.8457
52.8 20.3116 16.8056 40.2188 4.85942
52.9 20.3484 16.7918 40.2145 4.87317
53 20.3851 16.7781 40.21 4.88693
53.1 20.4218 16.7643 40.2054 4.90071
53.2 20.4586 16.7505 40.2006 4.91451
53.3 20.4953 16.7367 40.1957 4.92832
53.4 20.532 16.7228 40.1907 4.94216
53.5 20.5687 16.709 40.1856 4.95601
53.6 20.6054 16.6951 40.1804 4.96988
53.7 20.6421 16.6812 40.175 4.98377
53.8 20.6787 16.6673 40.1695 4.99767
53.9 20.7154 16.6534 40.1639 5.01159
54 20.752 16.6395 40.1581 5.02554
54.1 20.7887 16.6255 40.1523 5.03949
54.2 20.8253 16.6115 40.1463 5.05347
54.3 20.8619 16.5975 40.1401 5.06746
54.4 20.8985 16.5835 40.1339 5.08148
54.5 20.9351 16.5695 40.1276 5.0955
54.6 20.9716 16.5554 40.1211 5.10955
54.7 21.0082 16.5414 40.1145 5.12361
54.8 21.0448 16.5273 40.1078 5.1377
54.9 21.0813 16.5132 40.1009 5.15179
55 21.1178 16.4991 40.094 5.16591
55.1 21.1543 16.485 40.0869 5.18004
55.2 21.1908 16.4708 40.0797 5.19419
55.3 21.2273 16.4566 40.0724 5.20836
55.4 21.2638 16.4425 40.065 5.22255
55.5 21.3003 16.4283 40.0575 5.23675
55.6 21.3367 16.414 40.0498 5.25097
55.7 21.3732 16.3998 40.0421 5.2652
55.8 21.4096 16.3855 40.0342 5.27945
55.9 21.4461 16.3713 40.0262 5.29372
56 21.4825 16.357 40.0181 5.30801
56.1 21.5189 16.3427 40.0099 5.32231
56.2 21.5553 16.3284 40.0016 5.33663
56.3 21.5916 16.314 39.9931 5.35097
56.4 21.628 16.2997 39.9846 5.36532
56.5 21.6643 16.2853 39.9759 5.37969
56.6 21.7007 16.2709 39.9671 5.39408
56.7 21.737 16.2565 39.9582 5.40848
56.8 21.7733 16.2421 39.9493 5.4229
56.9 21.8096 16.2277 39.9402 5.43734
57 21.8459 16.2132 39.9309 5.45179
57.1 21.8822 16.1987 39.9216 5.46626
57.2 21.9185 16.1843 39.9122 5.48075
57.3 21.9547 16.1697 39.9027 5.49525
57.4 21.991 16.1552 39.893 5.50977
57.5 22.0272 16.1407 39.8833 5.5243
57.6 22.0634 16.1261 39.8734 5.53885
57.7 22.0996 16.1116 39.8635 5.55342
57.8 22.1358 16.097 39.8534 5.568
57.9 22.172 16.0824 39.8432 5.5826
58 22.2082 16.0678 39.833 5.59722
58.1 22.2443 16.0532 39.8226 5.61185
58.2 22.2805 16.0385 39.8121 5.62649
58.3 22.3166 16.0238 39.8015 5.64116
58.4 22.3527 16.0092 39.7909 5.65583
58.5 22.3888 15.9945 39.7801 5.67053
58.6 22.4249 15.9798 39.7692 5.68524
58.7 22.461 15.965 39.7582 5.69996
58.8 22.4971 15.9503 39.7471 5.7147
58.9 22.5331 15.9355 39.7359 5.72946
59 22.5692 15.9208 39.7246 5.74423
59.1 22.6052 15.906 39.7133 5.75902
59.2 22.6412 15.8912 39.7018 5.77382
59.3 22.6772 15.8764 39.6902 5.78864
59.4 22.7132 15.8615 39.6785 5.80348
59.5 22.7492 15.8467 39.6667 5.81833
59.6 22.7851 15.8318 39.6548 5.83319
59.7 22.8211 15.8169 39.6429 5.84807
59.8 22.857 15.802 39.6308 5.86297
59.9 22.893 15.7871 39.6186 5.87788
60 22.9289 15.7722 39.6064 5.8928
60.1 22.9648 15.7573 39.594 5.90774
60.2 23.0006 15.7423 39.5815 5.9227
60.3 23.0365 15.7273 39.569 5.93767
60.4 23.0724 15.7123 39.5564 5.95265
60.5 23.1082 15.6973 39.5436 5.96765
60.6 23.144 15.6823 39.5308 5.98267
60.7 23.1799 15.6673 39.5179 5.9977
60.8 23.2157 15.6523 39.5048 6.01274
60.9 23.2515 15.6372 39.4917 6.0278
61 23.2872 15.6221 39.4785 6.04287
61.1 23.323 15.607 39.4652 6.05796
61.2 23.3587 15.5919 39.4519 6.07306
61.3 23.3945 15.5768 39.4384 6.08818
61.4 23.4302 15.5617 39.4248 6.10331
61.5 23.4659 15.5465 39.4112 6.11846
61.6 23.5016 15.5314 39.3974 6.13362
61.7 23.5373 15.5162 39.3836 6.14879
61.8 23.5729 15.501 39.3696 6.16398
61.9 23.6086 15.4858 39.3556 6.17919
62 23.6442 15.4706 39.3415 6.1944
62.1 23.6799 15.4554 39.3273 6.20963
62.2 23.7155 15.4401 39.3131 6.22488
62.3 23.7511 15.4249 39.2987 6.24014
62.4 23.7866 15.4096 39.2842 6.25541
62.5 23.8222 15.3943 39.2697 6.2707
62.6 23.8578 15.379 39.2551 6.286
62.7 23.8933 15.3637 39.2404 6.30132
62.8 23.9288 15.3484 39.2256 6.31665
62.9 23.9643 15.333 39.2107 6.33199
63 23.9998 15.3177 39.1957 6.34735
63.1 24.0353 15.3023 39.1807 6.36272
63.2 24.0708 15.2869 39.1655 6.3781
63.3 24.1062 15.2715 39.1503 6.3935
63.4 24.1417 15.2561 39.135 6.40891
63.5 24.1771 15.2407 39.1196 6.42433
63.6 24.2125 15.2252 39.1041 6.43977
63.7 24.2479 15.2098 39.0886 6.45522
63.8 24.2832 15.1943 39.0729 6.47069
63.9 24.3186 15.1788 39.0572 6.48617
64 24.354 15.1633 39.0414 6.50166
64.1 24.3893 15.1478 39.0255 6.51716
64.2 24.4246 15.1323 39.0096 6.53268
64.3 24.4599 15.1168 38.9935 6.54821
64.4 24.4952 15.1012 38.9774 6.56375
64.5 24.5305 15.0857 38.9612 6.57931
64.6 24.5657 15.0701 38.9449 6.59488
64.7 24.601 15.0545 38.9286 6.61046
64.8 24.6362 15.0389 38.9121 6.62606
64.9 24.6714 15.0233 38.8956 6.64166
65 24.7066 15.0077 38.879 6.65729
65.1 24.7418 14.9921 38.8623 6.67292
65.2 24.7769 14.9764 38.8456 6.68857
65.3 24.8121 14.9608 38.8287 6.70422
65.4 24.8472 14.9451 38.8118 6.7199
65.5 24.8823 14.9294 38.7948 6.73558
65.6 24.9175 14.9137 38.7778 6.75128
65.7 24.9525 14.898 38.7606 6.76699
65.8 24.9876 14.8823 38.7434 6.78271
65.9 25.0227 14.8666 38.7261 6.79844
66 25.0577 14.8508 38.7087 6.81419
66.1 25.0927 14.8351 38.6913 6.82994
66.2 25.1277 14.8193 38.6738 6.84572
66.3 25.1627 14.8035 38.6562 6.8615
66.4 25.1977 14.7877 38.6385 6.87729
66.5 25.2327 14.7719 38.6208 6.8931
66.6 25.2676 14.7561 38.6029 6.90892
66.7 25.3025 14.7403 38.585 6.92475
66.8 25.3375 14.7244 38.5671 6.94059
66.9 25.3723 14.7086 38.549 6.95645
67 25.4072 14.6927 38.5309 6.97231
67.1 25.4421 14.6768 38.5127 6.98819
67.2 25.4769 14.6609 38.4945 7.00408
67.3 25.5118 14.645 38.4762 7.01998
67.4 25.5466 14.6291 38.4578 7.03589
67.5 25.5814 14.6132 38.4393 7.05182
67.6 25.6162 14.5972 38.4208 7.06775
67.7 25.6509 14.5813 38.4021 7.0837
67.8 25.6857 14.5653 38.3835 7.09966
67.9 25.7204 14.5494 38.3647 7.11563
68 25.7551 14.5334 38.3459 7.13161
68.1 25.7898 14.5174 38.327 7.14761
68.2 25.8245 14.5014 38.308 7.16361
68.3 25.8592 14.4854 38.289 7.17962
68.4 25.8938 14.4693 38.2699 7.19565
68.5 25.9284 14.4533 38.2507 7.21169
68.6 25.9631 14.4373 38.2315 7.22774
68.7 25.9976 14.4212 38.2122 7.2438
68.8 26.0322 14.4051 38.1928 7.25987
68.9 26.0668 14.3891 38.1734 7.27595
69 26.1013 14.373 38.1539 7.29204
69.1 26.1359 14.3569 38.1343 7.30814
69.2 26.1704 14.3407 38.1146 7.32426
69.3 26.2049 14.3246 38.0949 7.34038
69.4 26.2393 14.3085 38.0752 7.35652
69.5 26.2738 14.2923 38.0553 7.37266
69.6 26.3082 14.2762 38.0354 7.38882
69.7 26.3427 14.26 38.0154 7.40498
69.8 26.3771 14.2438 37.9954 7.42116
69.9 26.4115 14.2277 37.9753 7.43735
70 26.4458 14.2115 37.9551 7.45355
70.1 26.4802 14.1952 37.9349 7.46975
70.2 26.5145 14.179 37.9146 7.48597
70.3 26.5488 14.1628 37.8942 7.5022
70.4 26.5831 14.1466 37.8738 7.51844
70.5 26.6174 14.1303 37.8533 7.53469
70.6 26.6517 14.1141 37.8327 7.55095
70.7 26.6859 14.0978 37.8121 7.56722
70.8 26.7201 14.0815 37.7914 7.5835
70.9 26.7543 14.0652 37.7707 7.59978
71 26.7885 14.0489 37.7499 7.61608
71.1 26.8227 14.0326 37.729 7.63239
71.2 26.8569 14.0163 37.7081 7.64871
71.3 26.891 14 37.6871 7.66504
71.4 26.9251 13.9836 37.666 7.68137
71.5 26.9592 13.9673 37.6449 7.69772
71.6 26.9933 13.9509 37.6237 7.71408
71.7 27.0273 13.9346 37.6025 7.73044
71.8 27.0614 13.9182 37.5812 7.74682
71.9 27.0954 13.9018 37.5598 7.7632
72 27.1294 13.8854 37.5384 7.7796
72.1 27.1634 13.869 37.5169 7.796
72.2 27.1974 13.8526 37.4954 7.81241
72.3 27.2313 13.8362 37.4738 7.82884
72.4 27.2652 13.8197 37.4521 7.84527
72.5 27.2991 13.8033 37.4304 7.86171
72.6 27.333 13.7868 37.4086 7.87816
72.7 27.3669 13.7704 37.3868 7.89462
72.8 27.4007 13.7539 37.3649 7.91108
72.9 27.4346 13.7374 37.3429 7.92756
73 27.4684 13.721 37.3209 7.94404
73.1 27.5022 13.7045 37.2989 7.96054
73.2 27.536 13.688 37.2767 7.97704
73.3 27.5697 13.6714 37.2546 7.99355
73.4 27.6034 13.6549 37.2323 8.01007
73.5 27.6372 13.6384 37.21 8.0266
73.6 27.6709 13.6219 37.1876 8.04314
73.7 27.7045 13.6053 37.1652 8.05968
73.8 27.7382 13.5888 37.1428 8.07624
73.9 27.7718 13.5722 37.1202 8.0928
74 27.8054 13.5556 37.0977 8.10937
74.1 27.839 13.5391 37.075 8.12595
74.2 27.8726 13.5225 37.0523 8.14253
74.3 27.9062 13.5059 37.0296 8.15913
74.4 27.9397 13.4893 37.0068 8.17573
74.5 27.9732 13.4727 36.9839 8.19235
74.6 28.0067 13.456 36.961 8.20897
74.7 28.0402 13.4394 36.938 8.22559
74.8 28.0736 13.4228 36.915 8.24223
74.9 28.1071 13.4061 36.8919 8.25887
75 28.1405 13.3895 36.8688 8.27552
75.1 28.1739 13.3728 36.8456 8.29218
75.2 28.2073 13.3562 36.8223 8.30885
75.3 28.2406 13.3395 36.799 8.32552
75.4 28.2739 13.3228 36.7757 8.34221
75.5 28.3072 13.3061 36.7523 8.3589
75.6 28.3405 13.2894 36.7288 8.37559
75.7 28.3738 13.2727 36.7053 8.3923
75.8 28.407 13.256 36.6818 8.40901
75.9 28.4403 13.2393 36.6582 8.42573
76 28.4735 13.2225 36.6345 8.44246
76.1 28.5067 13.2058 36.6108 8.45919
76.2 28.5398 13.1891 36.587 8.47593
76.3 28.573 13.1723 36.5632 8.49268
76.4 28.6061 13.1556 36.5393 8.50944
76.5 28.6392 13.1388 36.5154 8.5262
76.6 28.6723 13.122 36.4914 8.54297
76.7 28.7053 13.1053 36.4674 8.55975
76.8 28.7383 13.0885 36.4433 8.57653
76.9 28.7714 13.0717 36.4192 8.59332
77 28.8043 13.0549 36.395 8.61012
77.1 28.8373 13.0381 36.3708 8.62692
77.2 28.8703 13.0213 36.3465 8.64373
77.3 28.9032 13.0044 36.3222 8.66055
77.4 28.9361 12.9876 36.2978 8.67738
77.5 28.969 12.9708 36.2734 8.69421
77.6 29.0018 12.954 36.2489 8.71104
77.7 29.0347 12.9371 36.2243 8.72789
77.8 29.0675 12.9203 36.1998 8.74474
77.9 29.1003 12.9034 36.1751 8.76159
78 29.133 12.8865 36.1505 8.77846
78.1 29.1658 12.8697 36.1258 8.79533
78.2 29.1985 12.8528 36.101 8.8122
78.3 29.2312 12.8359 36.0762 8.82908
78.4 29.2639 12.819 36.0513 8.84597
78.5 29.2965 12.8021 36.0264 8.86286
78.6 29.3292 12.7852 36.0014 8.87976
78.7 29.3618 12.7683 35.9764 8.89667
78.8 29.3943 12.7514 35.9513 8.91358
78.9 29.4269 12.7345 35.9262 8.9305
79 29.4594 12.7176 35.9011 8.94742
79.1 29.492 12.7006 35.8759 8.96435
79.2 29.5245 12.6837 35.8506 8.98129
79.3 29.5569 12.6668 35.8254 8.99823
79.4 29.5894 12.6498 35.8 9.01517
79.5 29.6218 12.6329 35.7746 9.03212
79.6 29.6542 12.6159 35.7492 9.04908
79.7 29.6866 12.599 35.7237 9.06604
79.8 29.7189 12.582 35.6982 9.08301
79.9 29.7512 12.565 35.6726 9.09998
80 29.7836 12.548 35.647 9.11696
80.1 29.8158 12.5311 35.6214 9.13394
80.2 29.8481 12.5141 35.5957 9.15093
80.3 29.8803 12.4971 35.5699 9.16793
80.4 29.9125 12.4801 35.5441 9.18493
80.5 29.9447 12.4631 35.5183 9.20193
80.6 29.9769 12.4461 35.4924 9.21894
80.7 30.009 12.429 35.4665 9.23595
80.8 30.0411 12.412 35.4405 9.25297
80.9 30.0732 12.395 35.4145 9.26999
81 30.1053 12.378 35.3884 9.28702
81.1 30.1373 12.3609 35.3623 9.30405
81.2 30.1693 12.3439 35.3362 9.32109
81.3 30.2013 12.3269 35.31 9.33813
81.4 30.2333 12.3098 35.2837 9.35518
81.5 30.2652 12.2928 35.2574 9.37223
81.6 30.2971 12.2757 35.2311 9.38929
81.7 30.329 12.2587 35.2048 9.40635
81.8 30.3609 12.2416 35.1784 9.42341
81.9 30.3927 12.2245 35.1519 9.44048
82 30.4245 12.2074 35.1254 9.45755
82.1 30.4563 12.1904 35.0989 9.47463
82.2 30.4881 12.1733 35.0723 9.49171
82.3 30.5198 12.1562 35.0457 9.5088
82.4 30.5515 12.1391 35.019 9.52589
82.5 30.5832 12.122 34.9923 9.54298
82.6 30.6148 12.1049 34.9656 9.56008
82.7 30.6465 12.0878 34.9388 9.57718
82.8 30.6781 12.0707 34.912 9.59428
82.9 30.7097 12.0536 34.8851 9.61139
83 30.7412 12.0365 34.8582 9.6285
83.1 30.7727 12.0194 34.8312 9.64562
83.2 30.8042 12.0023 34.8042 9.66274
83.3 30.8357 11.9851 34.7772 9.67986
83.4 30.8672 11.968 34.7501 9.69699
83.5 30.8986 11.9509 34.723 9.71412
83.6 30.93 11.9337 34.6959 9.73125
83.7 30.9614 11.9166 34.6687 9.74839
83.8 30.9927 11.8995 34.6414 9.76553
83.9 31.024 11.8823 34.6142 9.78267
84 31.0553 11.8652 34.5868 9.79982
84.1 31.0866 11.848 34.5595 9.81697
84.2 31.1178 11.8309 34.5321 9.83412
84.3 31.149 11.8137 34.5047 9.85128
84.4 31.1802 11.7966 34.4772 9.86844
84.5 31.2113 11.7794 34.4497 9.8856
84.6 31.2425 11.7622 34.4221 9.90277
84.7 31.2736 11.7451 34.3945 9.91993
84.8 31.3046 11.7279 34.3669 9.9371
84.9 31.3357 11.7107 34.3393 9.95428
85 31.3667 11.6935 34.3116 9.97145
85.1 31.3977 11.6764 34.2838 9.98863
85.2 31.4286 11.6592 34.256 10.0058
85.3 31.4596 11.642 34.2282 10.023
85.4 31.4905 11.6248 34.2004 10.0402
85.5 31.5213 11.6076 34.1725 10.0574
85.6 31.5522 11.5904 34.1445 10.0746
85.7 31.583 11.5732 34.1166 10.0918
85.8 31.6138 11.556 34.0886 10.109
85.9 31.6445 11.5389 34.0605 10.1261
86 31.6753 11.5217 34.0324 10.1433
86.1 31.706 11.5045 34.0043 10.1605
86.2 31.7367 11.4872 33.9762 10.1778
86.3 31.7673 11.47 33.948 10.195
86.4 31.7979 11.4528 33.9197 10.2122
86.5 31.8285 11.4356 33.8915 10.2294
86.6 31.8591 11.4184 33.8632 10.2466
86.7 31.8896 11.4012 33.8348 10.2638
86.8 31.9201 11.384 33.8064 10.281
86.9 31.9506 11.3668 33.778 10.2982
87 31.981 11.3495 33.7496 10.3155
87.1 32.0114 11.3323 33.7211 10.3327
87.2 32.0418 11.3151 33.6926 10.3499
87.3 32.0721 11.2979 33.664 10.3671
87.4 32.1025 11.2807 33.6354 10.3843
87.5 32.1328 11.2634 33.6068 10.4016
87.6 32.163 11.2462 33.5782 10.4188
87.7 32.1932 11.229 33.5495 10.436
87.8 32.2234 11.2117 33.5207 10.4533
87.9 32.2536 11.1945 33.492 10.4705
88 32.2838 11.1773 33.4632 10.4877
88.1 32.3139 11.1601 33.4343 10.5049
88.2 32.3439 11.1428 33.4055 10.5222
88.3 32.374 11.1256 33.3765 10.5394
88.4 32.404 11.1083 33.3476 10.5567
88.5 32.434 11.0911 33.3186 10.5739
88.6 32.4639 11.0739 33.2896 10.5911
88.7 32.4939 11.0566 33.2606 10.6084
88.8 32.5238 11.0394 33.2315 10.6256
88.9 32.5536 11.0222 33.2024 10.6428
89 32.5834 11.0049 33.1733 10.6601
89.1 32.6132 10.9877 33.1441 10.6773
89.2 32.643 10.9704 33.1149 10.6946
89.3 32.6727 10.9532 33.0856 10.7118
89.4 32.7024 10.936 33.0563 10.729
89.5 32.7321 10.9187 33.027 10.7463
89.6 32.7617 10.9015 32.9977 10.7635
89.7 32.7914 10.8842 32.9683 10.7808
89.8 32.8209 10.867 32.9389 10.798
89.9 32.8505 10.8497 32.9095 10.8153
90 32.88 10.8325 32.88 10.8325
90.1 32.9095 10.8153 32.8505 10.8497
90.2 32.9389 10.798 32.8209 10.867
90.3 32.9683 10.7808 32.7914 10.8842
90.4 32.9977 10.7635 32.7617 10.9015
90.5 33.027 10.7463 32.7321 10.9187
90.6 33.0563 10.729 32.7024 10.936
90.7 33.0856 10.7118 32.6727 10.9532
90.8 33.1149 10.6946 32.643 10.9704
90.9 33.1441 10.6773 32.6132 10.9877
91 33.1733 10.6601 32.5834 11.0049
91.1 33.2024 10.6428 32.5536 11.0222
91.2 33.2315 10.6256 32.5238 11.0394
91.3 33.2606 10.6084 32.4939 11.0566
91.4 33.2896 10.5911 32.4639 11.0739
91.5 33.3186 10.5739 32.434 11.0911
91.6 33.3476 10.5567 32.404 11.1083
91.7 33.3765 10.5394 32.374 11.1256
91.8 33.4055 10.5222 32.3439 11.1428
91.9 33.4343 10.5049 32.3139 11.1601
92 33.4632 10.4877 32.2838 11.1773
92.1 33.492 10.4705 32.2536 11.1945
92.2 33.5207 10.4533 32.2234 11.2117
92.3 33.5495 10.436 32.1932 11.229
92.4 33.5782 10.4188 32.163 11.2462
92.5 33.6068 10.4016 32.1328 11.2634
92.6 33.6354 10.3843 32.1025 11.2807
92.7 33.664 10.3671 32.0721 11.2979
92.8 33.6926 10.3499 32.0418 11.3151
92.9 33.7211 10.3327 32.0114 11.3323
93 33.7496 10.3155 31.981 11.3495
93.1 33.778 10.2982 31.9506 11.3668
93.2 33.8064 10.281 31.9201 11.384
93.3 33.8348 10.2638 31.8896 11.4012
93.4 33.8632 10.2466 31.8591 11.4184
93.5 33.8915 10.2294 31.8285 11.4356
93.6 33.9197 10.2122 31.7979 11.4528
93.7 33.948 10.195 31.7673 11.47
93.8 33.9762 10.1778 31.7367 11.4872
93.9 34.0043 10.1605 31.706 11.5045
94 34.0324 10.1433 31.6753 11.5217
94.1 34.0605 10.1261 31.6445 11.5389
94.2 34.0886 10.109 31.6138 11.556
94.3 34.1166 10.0918 31.583 11.5732
94.4 34.1445 10.0746 31.5522 11.5904
94.5 34.1725 10.0574 31.5213 11.6076
94.6 34.2004 10.0402 31.4905 11.6248
94.7 34.2282 10.023 31.4596 11.642
94.8 34.256 10.0058 31.4286 11.6592
94.9 34.2838 9.98863 31.3977 11.6764
95 34.3116 9.97145 31.3667 11.6935
95.1 34.3393 9.95428 31.3357 11.7107
95.2 34.3669 9.9371 31.3046 11.7279
95.3 34.3945 9.91993 31.2736 11.7451
95.4 34.4221 9.90277 31.2425 11.7622
95.5 34.4497 9.8856 31.2113 11.7794
95.6 34.4772 9.86844 31.1802 11.7966
95.7 34.5047 9.85128 31.149 11.8137
95.8 34.5321 9.83412 31.1178 11.8309
95.9 34.5595 9.81697 31.0866 11.848
96 34.5868 9.79982 31.0553 11.8652
96.1 34.6142 9.78267 31.024 11.8823
96.2 34.6414 9.76553 30.9927 11.8995
96.3 34.6687 9.74839 30.9614 11.9166
96.4 34.6959 9.73125 30.93 11.9337
96.5 34.723 9.71412 30.8986 11.9509
96.6 34.7501 9.69699 30.8672 11.968
96.7 34.7772 9.67986 30.8357 11.9851
96.8 34.8042 9.66274 30.8042 12.0023
96.9 34.8312 9.64562 30.7727 12.0194
97 34.8582 9.6285 30.7412 12.0365
97.1 34.8851 9.61139 30.7097 12.0536
97.2 34.912 9.59428 30.6781 12.0707
97.3 34.9388 9.57718 30.6465 12.0878
97.4 34.9656 9.56008 30.6148 12.1049
97.5 34.9923 9.54298 30.5832 12.122
97.6 35.019 9.52589 30.5515 12.1391
97.7 35.0457 9.5088 30.5198 12.1562
97.8 35.0723 9.49171 30.4881 12.1733
97.9 35.0989 9.47463 30.4563 12.1904
98 35.1254 9.45755 30.4245 12.2074
98.1 35.1519 9.44048 30.3927 12.2245
98.2 35.1784 9.42341 30.3609 12.2416
98.3 35.2048 9.40635 30.329 12.2587
98.4 35.2311 9.38929 30.2971 12.2757
98.5 35.2574 9.37223 30.2652 12.2928
98.6 35.2837 9.35518 30.2333 12.3098
98.7 35.31 9.33813 30.2013 12.3269
98.8 35.3362 9.32109 30.1693 12.3439
98.9 35.3623 9.30405 30.1373 12.3609
99 35.3884 9.28702 30.1053 12.378
99.1 35.4145 9.26999 30.0732 12.395
99.2 35.4405 9.25297 30.0411 12.412
99.3 35.4665 9.23595 30.009 12.429
99.4 35.4924 9.21894 29.9769 12.4461
99.5 35.5183 9.20193 29.9447 12.4631
99.6 35.5441 9.18493 29.9125 12.4801
99.7 35.5699 9.16793 29.8803 12.4971
99.8 35.5957 9.15093 29.8481 12.5141
99.9 35.6214 9.13394 29.8158 12.5311
100 35.647 9.11696 29.7836 12.548
100.1 35.6726 9.09998 29.7512 12.565
100.2 35.6982 9.08301 29.7189 12.582
100.3 35.7237 9.06604 29.6866 12.599
100.4 35.7492 9.04908 29.6542 12.6159
100.5 35.7746 9.03212 29.6218 12.6329
100.6 35.8 9.01517 29.5894 12.6498
100.7 35.8254 8.99823 29.5569 12.6668
100.8 35.8506 8.98129 29.5245 12.6837
100.9 35.8759 8.96435 29.492 12.7006
101 35.9011 8.94742 29.4594 12.7176
101.1 35.9262 8.9305 29.4269 12.7345
101.2 35.9513 8.91358 29.3943 12.7514
101.3 35.9764 8.89667 29.3618 12.7683
101.4 36.0014 8.87976 29.3292 12.7852
101.5 36.0264 8.86286 29.2965 12.8021
101.6 36.0513 8.84597 29.2639 12.819
101.7 36.0762 8.82908 29.2312 12.8359
101.8 36.101 8.8122 29.1985 12.8528
101.9 36.1258 8.79533 29.1658 12.8697
102 36.1505 8.77846 29.133 12.8865
102.1 36.1751 8.76159 29.1003 12.9034
102.2 36.1998 8.74474 29.0675 12.9203
102.3 36.2243 8.72789 29.0347 12.9371
102.4 36.2489 8.71104 29.0018 12.954
102.5 36.2734 8.69421 28.969 12.9708
102.6 36.2978 8.67738 28.9361 12.9876
102.7 36.3222 8.66055 28.9032 13.0044
102.8 36.3465 8.64373 28.8703 13.0213
102.9 36.3708 8.62692 28.8373 13.0381
103 36.395 8.61012 28.8043 13.0549
103.1 36.4192 8.59332 28.7714 13.0717
103.2 36.4433 8.57653 28.7383 13.0885
103.3 36.4674 8.55975 28.7053 13.1053
103.4 36.4914 8.54297 28.6723 13.122
103.5 36.5154 8.5262 28.6392 13.1388
103.6 36.5393 8.50944 28.6061 13.1556
103.7 36.5632 8.49268 28.573 13.1723
103.8 36.587 8.47593 28.5398 13.1891
103.9 36.6108 8.45919 28.5067 13.2058
104 36.6345 8.44246 28.4735 13.2225
104.1 36.6582 8.42573 28.4403 13.2393
104.2 36.6818 8.40901 28.407 13.256
104.3 36.7053 8.3923 28.3738 13.2727
104.4 36.7288 8.37559 28.3405 13.2894
104.5 36.7523 8.3589 28.3072 13.3061
104.6 36.7757 8.34221 28.2739 13.3228
104.7 36.799 8.32552 28.2406 13.3395
104.8 36.8223 8.30885 28.2073 13.3562
104.9 36.8456 8.29218 28.1739 13.3728
105 36.8688 8.27552 28.1405 13.3895
105.1 36.8919 8.25887 28.1071 13.4061
105.2 36.915 8.24223 28.0736 13.4228
105.3 36.938 8.22559 28.0402 13.4394
105.4 36.961 8.20897 28.0067 13.456
105.5 36.9839 8.19235 27.9732 13.4727
105.6 37.0068 8.17573 27.9397 13.4893
105.7 37.0296 8.15913 27.9062 13.5059
105.8 37.0523 8.14253 27.8726 13.5225
105.9 37.075 8.12595 27.839 13.5391
106 37.0977 8.10937 27.8054 13.5556
106.1 37.1202 8.0928 27.7718 13.5722
106.2 37.1428 8.07624 27.7382 13.5888
106.3 37.1652 8.05968 27.7045 13.6053
106.4 37.1876 8.04314 27.6709 13.6219
106.5 37.21 8.0266 27.6372 13.6384
106.6 37.2323 8.01007 27.6034 13.6549
106.7 37.2546 7.99355 27.5697 13.6714
106.8 37.2767 7.97704 27.536 13.688
106.9 37.2989 7.96054 27.5022 13.7045
107 37.3209 7.94404 27.4684 13.721
107.1 37.3429 7.92756 27.4346 13.7374
107.2 37.3649 7.91108 27.4007 13.7539
107.3 37.3868 7.89462 27.3669 13.7704
107.4 37.4086 7.87816 27.333 13.7868
107.5 37.4304 7.86171 27.2991 13.8033
107.6 37.4521 7.84527 27.2652 13.8197
107.7 37.4738 7.82884 27.2313 13.8362
107.8 37.4954 7.81241 27.1974 13.8526
107.9 37.5169 7.796 27.1634 13.869
108 37.5384 7.7796 27.1294 13.8854
108.1 37.5598 7.7632 27.0954 13.9018
108.2 37.5812 7.74682 27.0614 13.9182
108.3 37.6025 7.73044 27.0273 13.9346
108.4 37.6237 7.71408 26.9933 13.9509
108.5 37.6449 7.69772 26.9592 13.9673
108.6 37.666 7.68137 26.9251 13.9836
108.7 37.6871 7.66504 26.891 14
108.8 37.7081 7.64871 26.8569 14.0163
108.9 37.729 7.63239 26.8227 14.0326
109 37.7499 7.61608 26.7885 14.0489
109.1 37.7707 7.59978 26.7543 14.0652
109.2 37.7914 7.5835 26.7201 14.0815
109.3 37.8121 7.56722 26.6859 14.0978
109.4 37.8327 7.55095 26.6517 14.1141
109.5 37.8533 7.53469 26.6174 14.1303
109.6 37.8738 7.51844 26.5831 14.1466
109.7 37.8942 7.5022 26.5488 14.1628
109.8 37.9146 7.48597 26.5145 14.179
109.9 37.9349 7.46975 26.4802 14.1952
110 37.9551 7.45355 26.4458 14.2115
110.1 37.9753 7.43735 26.4115 14.2277
110.2 37.9954 7.42116 26.3771 14.2438
110.3 38.0154 7.40498 26.3427 14.26
110.4 38.0354 7.38882 26.3082 14.2762
110.5 38.0553 7.37266 26.2738 14.2923
110.6 38.0752 7.35652 26.2393 14.3085
110.7 38.0949 7.34038 26.2049 14.3246
110.8 38.1146 7.32426 26.1704 14.3407
110.9 38.1343 7.30814 26.1359 14.3569
111 38.1539 7.29204 26.1013 14.373
111.1 38.1734 7.27595 26.0668 14.3891
111.2 38.1928 7.25987 26.0322 14.4051
111.3 38.2122 7.2438 25.9976 14.4212
111.4 38.2315 7.22774 25.9631 14.4373
111.5 38.2507 7.21169 25.9284 14.4533
111.6 38.2699 7.19565 25.8938 14.4693
111.7 38.289 7.17962 25.8592 14.4854
111.8 38.308 7.16361 25.8245 14.5014
111.9 38.327 7.14761 25.7898 14.5174
112 38.3459 7.13161 25.7551 14.5334
112.1 38.3647 7.11563 25.7204 14.5494
112.2 38.3835 7.09966 25.6857 14.5653
112.3 38.4021 7.0837 25.6509 14.5813
112.4 38.4208 7.06775 25.6162 14.5972
112.5 38.4393 7.05182 25.5814 14.6132
112.6 38.4578 7.03589 25.5466 14.6291
112.7 38.4762 7.01998 25.5118 14.645
112.8 38.4945 7.00408 25.4769 14.6609
112.9 38.5127 6.98819 25.4421 14.6768
113 38.5309 6.97231 25.4072 14.6927
113.1 38.549 6.95645 25.3723 14.7086
113.2 38.5671 6.94059 25.3375 14.7244
113.3 38.585 6.92475 25.3025 14.7403
113.4 38.6029 6.90892 25.2676 14.7561
113.5 38.6208 6.8931 25.2327 14.7719
113.6 38.6385 6.87729 25.1977 14.7877
113.7 38.6562 6.8615 25.1627 14.8035
113.8 38.6738 6.84572 25.1277 14.8193
113.9 38.6913 6.82994 25.0927 14.8351
114 38.7087 6.81419 25.0577 14.8508
114.1 38.7261 6.79844 25.0227 14.8666
114.2 38.7434 6.78271 24.9876 14.8823
114.3 38.7606 6.76699 24.9525 14.898
114.4 38.7778 6.75128 24.9175 14.9137
114.5 38.7948 6.73558 24.8823 14.9294
114.6 38.8118 6.7199 24.8472 14.9451
114.7 38.8287 6.70422 24.8121 14.9608
114.8 38.8456 6.68857 24.7769 14.9764
114.9 38.8623 6.67292 24.7418 14.9921
115 38.879 6.65729 24.7066 15.0077
115.1 38.8956 6.64166 24.6714 15.0233
115.2 38.9121 6.62606 24.6362 15.0389
115.3 38.9286 6.61046 24.601 15.0545
115.4 38.9449 6.59488 24.5657 15.0701
115.5 38.9612 6.57931 24.5305 15.0857
115.6 38.9774 6.56375 24.4952 15.1012
115.7 38.9935 6.54821 24.4599 15.1168
115.8 39.0096 6.53268 24.4246 15.1323
115.9 39.0255 6.51716 24.3893 15.1478
116 39.0414 6.50166 24.354 15.1633
116.1 39.0572 6.48617 24.3186 15.1788
116.2 39.0729 6.47069 24.2832 15.1943
116.3 39.0886 6.45522 24.2479 15.2098
116.4 39.1041 6.43977 24.2125 15.2252
116.5 39.1196 6.42433 24.1771 15.2407
116.6 39.135 6.40891 24.1417 15.2561
116.7 39.1503 6.3935 24.1062 15.2715
116.8 39.1655 6.3781 24.0708 15.2869
116.9 39.1807 6.36272 24.0353 15.3023
117 39.1957 6.34735 23.9998 15.3177
117.1 39.2107 6.33199 23.9643 15.333
117.2 39.2256 6.31665 23.9288 15.3484
117.3 39.2404 6.30132 23.8933 15.3637
117.4 39.2551 6.286 23.8578 15.379
117.5 39.2697 6.2707 23.8222 15.3943
117.6 39.2842 6.25541 23.7866 15.4096
117.7 39.2987 6.24014 23.7511 15.4249
117.8 39.3131 6.22488 23.7155 15.4401
117.9 39.3273 6.20963 23.6799 15.4554
118 39.3415 6.1944 23.6442 15.4706
118.1 39.3556 6.17919 23.6086 15.4858
118.2 39.3696 6.16398 23.5729 15.501
118.3 39.3836 6.14879 23.5373 15.5162
118.4 39.3974 6.13362 23.5016 15.5314
118.5 39.4112 6.11846 23.4659 15.5465
118.6 39.4248 6.10331 23.4302 15.5617
118.7 39.4384 6.08818 23.3945 15.5768
118.8 39.4519 6.07306 23.3587 15.5919
118.9 39.4652 6.05796 23.323 15.607
119 39.4785 6.04287 23.2872 15.6221
119.1 39.4917 6.0278 23.2515 15.6372
119.2 39.5048 6.01274 23.2157 15.6523
119.3 39.5179 5.9977 23.1799 15.6673
119.4 39.5308 5.98267 23.144 15.6823
119.5 39.5436 5.96765 23.1082 15.6973
119.6 39.5564 5.95265 23.0724 15.7123
119.7 39.569 5.93767 23.0365 15.7273
119.8 39.5815 5.9227 23.0006 15.7423
119.9 39.594 5.90774 22.9648 15.7573
120 39.6064 5.8928 22.9289 15.7722
120.1 39.6186 5.87788 22.893 15.7871
120.2 39.6308 5.86297 22.857 15.802
120.3 39.6429 5.84807 22.8211 15.8169
120.4 39.6548 5.83319 22.7851 15.8318
120.5 39.6667 5.81833 22.7492 15.8467
120.6 39.6785 5.80348 22.7132 15.8615
120.7 39.6902 5.78864 22.6772 15.8764
120.8 39.7018 5.77382 22.6412 15.8912
120.9 39.7133 5.75902 22.6052 15.906
121 39.7246 5.74423 22.5692 15.9208
121.1 39.7359 5.72946 22.5331 15.9355
121.2 39.7471 5.7147 22.4971 15.9503
121.3 39.7582 5.69996 22.461 15.965
121.4 39.7692 5.68524 22.4249 15.9798
121.5 39.7801 5.67053 22.3888 15.9945
121.6 39.7909 5.65583 22.3527 16.0092
121.7 39.8015 5.64116 22.3166 16.0238
121.8 39.8121 5.62649 22.2805 16.0385
121.9 39.8226 5.61185 22.2443 16.0532
122 39.833 5.59722 22.2082 16.0678
122.1 39.8432 5.5826 22.172 16.0824
122.2 39.8534 5.568 22.1358 16.097
122.3 39.8635 5.55342 22.0996 16.1116
122.4 39.8734 5.53885 22.0634 16.1261
122.5 39.8833 5.5243 22.0272 16.1407
122.6 39.893 5.50977 21.991 16.1552
122.7 39.9027 5.49525 21.9547 16.1697
122.8 39.9122 5.48075 21.9185 16.1843
122.9 39.9216 5.46626 21.8822 16.1987
123 39.9309 5.45179 21.8459 16.2132
123.1 39.9402 5.43734 21.8096 16.2277
123.2 39.9493 5.4229 21.7733 16.2421
123.3 39.9582 5.40848 21.737 16.2565
123.4 39.9671 5.39408 21.7007 16.2709
123.5 39.9759 5.37969 21.6643 16.2853
123.6 39.9846 5.36532 21.628 16.2997
123.7 39.9931 5.35097 21.5916 16.314
123.8 40.0016 5.33663 21.5553 16.3284
123.9 40.0099 5.32231 21.5189 16.3427
124 40.0181 5.30801 21.4825 16.357
124.1 40.0262 5.29372 21.4461 16.3713
124.2 40.0342 5.27945 21.4096 16.3855
124.3 40.0421 5.2652 21.3732 16.3998
124.4 40.0498 5.25097 21.3367 16.414
124.5 40.0575 5.23675 21.3003 16.4283
124.6 40.065 5.22255 21.2638 16.4425
124.7 40.0724 5.20836 21.2273 16.4566
124.8 40.0797 5.19419 21.1908 16.4708
124.9 40.0869 5.18004 21.1543 16.485
125 40.094 5.16591 21.1178 16.4991
125.1 40.1009 5.15179 21.0813 16.5132
125.2 40.1078 5.1377 21.0448 16.5273
125.3 40.1145 5.12361 21.0082 16.5414
125.4 40.1211 5.10955 20.9716 16.5554
125.5 40.1276 5.0955 20.9351 16.5695
125.6 40.1339 5.08148 20.8985 16.5835
125.7 40.1401 5.06746 20.8619 16.5975
125.8 40.1463 5.05347 20.8253 16.6115
125.9 40.1523 5.03949 20.7887 16.6255
126 40.1581 5.02554 20.752 16.6395
126.1 40.1639 5.01159 20.7154 16.6534
126.2 40.1695 4.99767 20.6787 16.6673
126.3 40.175 4.98377 20.6421 16.6812
126.4 40.1804 4.96988 20.6054 16.6951
126.5 40.1856 4.95601 20.5687 16.709
126.6 40.1907 4.94216 20.532 16.7228
126.7 40.1957 4.92832 20.4953 16.7367
126.8 40.2006 4.91451 20.4586 16.7505
126.9 40.2054 4.90071 20.4218 16.7643
127 40.21 4.88693 20.3851 16.7781
127.1 40.2145 4.87317 20.3484 16.7918
127.2 40.2188 4.85942 20.3116 16.8056
127.3 40.2231 4.8457 20.2748 16.8193
127.4 40.2272 4.83199 20.238 16.833
127.5 40.2311 4.8183 20.2012 16.8467
127.6 40.235 4.80463 20.1644 16.8604
127.7 40.2387 4.79098 20.1276 16.874
127.8 40.2423 4.77735 20.0908 16.8877
127.9 40.2457 4.76373 20.054 16.9013
128 40.249 4.75013 20.0171 16.9149
128.1 40.2522 4.73656 19.9803 16.9284
128.2 40.2553 4.723 19.9434 16.942
128.3 40.2582 4.70946 19.9065 16.9555
128.4 40.2609 4.69593 19.8696 16.9691
128.5 40.2636 4.68243 19.8327 16.9826
128.6 40.2661 4.66894 19.7958 16.9961
128.7 40.2684 4.65548 19.7589 17.0095
128.8 40.2707 4.64203 19.722 17.023
128.9 40.2728 4.6286 19.685 17.0364
129 40.2747 4.61519 19.6481 17.0498
129.1 40.2765 4.6018 19.6111 17.0632
129.2 40.2782 4.58843 19.5741 17.0766
129.3 40.2797 4.57508 19.5371 17.0899
129.4 40.2811 4.56174 19.5002 17.1033
129.5 40.2823 4.54843 19.4632 17.1166
129.6 40.2834 4.53513 19.4261 17.1299
129.7 40.2844 4.52186 19.3891 17.1431
129.8 40.2852 4.5086 19.3521 17.1564
129.9 40.2859 4.49536 19.315 17.1696
130 40.2864 4.48215 19.278 17.1829
130.1 40.2868 4.46895 19.2409 17.1961
130.2 40.287 4.45577 19.2039 17.2092
130.3 40.2871 4.44261 19.1668 17.2224
130.4 40.287 4.42947 19.1297 17.2355
130.5 40.2868 4.41634 19.0926 17.2487
130.6 40.2865 4.40324 19.0555 17.2618
130.7 40.2859 4.39016 19.0183 17.2748
130.8 40.2853 4.3771 18.9812 17.2879
130.9 40.2845 4.36405 18.9441 17.3009
131 40.2835 4.35103 18.9069 17.314
131.1 40.2824 4.33803 18.8698 17.327
131.2 40.2811 4.32504 18.8326 17.34
131.3 40.2797 4.31208 18.7954 17.3529
131.4 40.2781 4.29914 18.7582 17.3659
131.5 40.2764 4.28621 18.721 17.3788
131.6 40.2745 4.27331 18.6838 17.3917
131.7 40.2724 4.26042 18.6466 17.4046
131.8 40.2702 4.24756 18.6094 17.4174
131.9 40.2679 4.23472 18.5721 17.4303
132 40.2653 4.22189 18.5349 17.4431
132.1 40.2626 4.20909 18.4977 17.4559
132.2 40.2598 4.1963 18.4604 17.4687
132.3 40.2568 4.18354 18.4231 17.4815
132.4 40.2536 4.1708 18.3858 17.4942
132.5 40.2503 4.15808 18.3485 17.5069
132.6 40.2468 4.14537 18.3112 17.5196
132.7 40.2431 4.13269 18.2739 17.5323
132.8 40.2393 4.12003 18.2366 17.545
132.9 40.2353 4.10739 18.1993 17.5576
133 40.2312 4.09477 18.1619 17.5702
133.1 40.2269 4.08217 18.1246 17.5828
133.2 40.2224 4.06959 18.0872 17.5954
133.3 40.2177 4.05703 18.0499 17.608
133.4 40.2129 4.04449 18.0125 17.6205
133.5 40.2079 4.03197 17.9751 17.633
133.6 40.2027 4.01947 17.9377 17.6455
133.7 40.1974 4.007 17.9003 17.658
133.8 40.1919 3.99454 17.8629 17.6705
133.9 40.1862 3.98211 17.8255 17.6829
134 40.1803 3.96969 17.7881 17.6953
134.1 40.1743 3.9573 17.7507 17.7077
134.2 40.1681 3.94493 17.7132 17.7201
134.3 40.1617 3.93258 17.6758 17.7324
134.4 40.1551 3.92025 17.6383 17.7448
134.5 40.1484 3.90794 17.6008 17.7571
134.6 40.1415 3.89565 17.5633 17.7693
134.7 40.1344 3.88338 17.5259 17.7816
134.8 40.1271 3.87114 17.4884 17.7939
134.9 40.1196 3.85891 17.4509 17.8061
135 40.112 3.84671 17.4133 17.8183
135.1 40.1042 3.83453 17.3758 17.8305
135.2 40.0961 3.82237 17.3383 17.8426
135.3 40.088 3.81023 17.3008 17.8548
135.4 40.0796 3.79811 17.2632 17.8669
135.5 40.071 3.78601 17.2257 17.879
135.6 40.0622 3.77394 17.1881 17.8911
135.7 40.0533 3.76189 17.1505 17.9031
135.8 40.0442 3.74985 17.1129 17.9151
135.9 40.0348 3.73784 17.0754 17.9272
136 40.0253 3.72586 17.0378 17.9391
136.1 40.0156 3.71389 17.0002 17.9511
136.2 40.0057 3.70194 16.9625 17.9631
136.3 39.9956 3.69002 16.9249 17.975
136.4 39.9854 3.67812 16.8873 17.9869
136.5 39.9749 3.66624 16.8497 17.9988
136.6 39.9642 3.65438 16.812 18.0106
136.7 39.9533 3.64254 16.7744 18.0225
136.8 39.9423 3.63073 16.7367 18.0343
136.9 39.931 3.61894 16.699 18.0461
137 39.9195 3.60717 16.6613 18.0578
137.1 39.9078 3.59542 16.6237 18.0696
137.2 39.896 3.58369 16.586 18.0813
137.3 39.8839 3.57199 16.5483 18.093
137.4 39.8716 3.5603 16.5106 18.1047
137.5 39.8591 3.54864 16.4728 18.1164
137.6 39.8465 3.53701 16.4351 18.128
137.7 39.8336 3.52539 16.3974 18.1396
137.8 39.8205 3.5138 16.3596 18.1512
137.9 39.8071 3.50223 16.3219 18.1628
138 39.7936 3.49068 16.2841 18.1743
138.1 39.7799 3.47915 16.2464 18.1859
138.2 39.766 3.46765 16.2086 18.1974
138.3 39.7518 3.45616 16.1708 18.2088
138.4 39.7374 3.4447 16.133 18.2203
138.5 39.7228 3.43327 16.0952 18.2317
138.6 39.7081 3.42185 16.0574 18.2431
138.7 39.693 3.41046 16.0196 18.2545
138.8 39.6778 3.39909 15.9818 18.2659
138.9 39.6624 3.38775 15.944 18.2773
139 39.6467 3.37642 15.9062 18.2886
139.1 39.6308 3.36512 15.8683 18.2999
139.2 39.6147 3.35384 15.8305 18.3112
139.3 39.5984 3.34259 15.7926 18.3224
139.4 39.5818 3.33136 15.7547 18.3336
139.5 39.565 3.32015 15.7169 18.3449
139.6 39.548 3.30896 15.679 18.356
139.7 39.5308 3.2978 15.6411 18.3672
139.8 39.5133 3.28665 15.6032 18.3783
139.9 39.4956 3.27554 15.5653 18.3895
140 39.4777 3.26444 15.5274 18.4006
140.1 39.4596 3.25337 15.4895 18.4116
140.2 39.4412 3.24232 15.4516 18.4227
140.3 39.4226 3.2313 15.4137 18.4337
140.4 39.4037 3.22029 15.3757 18.4447
140.5 39.3846 3.20931 15.3378 18.4557
140.6 39.3653 3.19836 15.2998 18.4666
140.7 39.3457 3.18742 15.2619 18.4776
140.8 39.3259 3.17651 15.2239 18.4885
140.9 39.3059 3.16563 15.1859 18.4994
141 39.2856 3.15477 15.148 18.5102
141.1 39.2651 3.14393 15.11 18.5211
141.2 39.2443 3.13311 15.072 18.5319
141.3 39.2233 3.12232 15.034 18.5427
141.4 39.2021 3.11155 14.996 18.5535
141.5 39.1806 3.1008 14.958 18.5642
141.6 39.1588 3.09008 14.9199 18.5749
141.7 39.1368 3.07938 14.8819 18.5856
141.8 39.1146 3.06871 14.8439 18.5963
141.9 39.0921 3.05806 14.8058 18.6069
142 39.0693 3.04743 14.7678 18.6176
142.1 39.0463 3.03682 14.7297 18.6282
142.2 39.023 3.02624 14.6917 18.6388
142.3 38.9995 3.01569 14.6536 18.6493
142.4 38.9758 3.00515 14.6155 18.6598
142.5 38.9517 2.99465 14.5775 18.6704
142.6 38.9274 2.98416 14.5394 18.6808
142.7 38.9029 2.9737 14.5013 18.6913
142.8 38.878 2.96326 14.4632 18.7017
142.9 38.853 2.95285 14.4251 18.7121
143 38.8276 2.94246 14.387 18.7225
143.1 38.802 2.9321 14.3488 18.7329
143.2 38.7761 2.92176 14.3107 18.7432
143.3 38.75 2.91144 14.2726 18.7536
143.4 38.7235 2.90115 14.2344 18.7639
143.5 38.6969 2.89088 14.1963 18.7741
143.6 38.6699 2.88063 14.1581 18.7844
143.7 38.6427 2.87041 14.12 18.7946
143.8 38.6151 2.86022 14.0818 18.8048
143.9 38.5873 2.85005 14.0436 18.815
144 38.5593 2.8399 14.0055 18.8251
144.1 38.5309 2.82978 13.9673 18.8352
144.2 38.5023 2.81968 13.9291 18.8453
144.3 38.4734 2.8096 13.8909 18.8554
144.4 38.4442 2.79955 13.8527 18.8654
144.5 38.4147 2.78953 13.8145 18.8755
144.6 38.385 2.77953 13.7763 18.8855
144.7 38.3549 2.76955 13.738 18.8954
144.8 38.3246 2.7596 13.6998 18.9054
144.9 38.2939 2.74967 13.6616 18.9153
145 38.263 2.73977 13.6233 18.9252
145.1 38.2318 2.72989 13.5851 18.9351
145.2 38.2003 2.72004 13.5468 18.945
145.3 38.1685 2.71021 13.5086 18.9548
145.4 38.1364 2.70041 13.4703 18.9646
145.5 38.104 2.69063 13.4321 18.9744
145.6 38.0713 2.68087 13.3938 18.9841
145.7 38.0383 2.67115 13.3555 18.9939
145.8 38.005 2.66144 13.3172 19.0036
145.9 37.9714 2.65176 13.2789 19.0132
146 37.9375 2.64211 13.2406 19.0229
146.1 37.9033 2.63248 13.2023 19.0325
146.2 37.8688 2.62287 13.164 19.0421
146.3 37.8339 2.61329 13.1257 19.0517
146.4 37.7988 2.60374 13.0873 19.0613
146.5 37.7633 2.59421 13.049 19.0708
146.6 37.7275 2.58471 13.0107 19.0803
146.7 37.6915 2.57523 12.9723 19.0898
146.8 37.6551 2.56577 12.934 19.0992
146.9 37.6183 2.55634 12.8956 19.1087
147 37.5813 2.54694 12.8573 19.1181
147.1 37.5439 2.53756 12.8189 19.1274
147.2 37.5062 2.52821 12.7805 19.1368
147.3 37.4682 2.51888 12.7422 19.1461
147.4 37.4299 2.50958 12.7038 19.1554
147.5 37.3912 2.5003 12.6654 19.1647
147.6 37.3522 2.49105 12.627 19.174
147.7 37.3129 2.48182 12.5886 19.1832
147.8 37.2732 2.47262 12.5502 19.1924
147.9 37.2332 2.46344 12.5118 19.2016
148 37.1929 2.45429 12.4734 19.2107
148.1 37.1522 2.44517 12.435 19.2198
148.2 37.1112 2.43607 12.3965 19.2289
148.3 37.0699 2.427 12.3581 19.238
148.4 37.0282 2.41795 12.3197 19.247
148.5 36.9862 2.40893 12.2812 19.2561
148.6 36.9438 2.39993 12.2428 19.2651
148.7 36.9011 2.39096 12.2043 19.274
148.8 36.858 2.38202 12.1659 19.283
148.9 36.8146 2.3731 12.1274 19.2919
149 36.7708 2.3642 12.0889 19.3008
149.1 36.7267 2.35533 12.0505 19.3097
149.2 36.6822 2.34649 12.012 19.3185
149.3 36.6374 2.33768 11.9735 19.3273
149.4 36.5922 2.32889 11.935 19.3361
149.5 36.5467 2.32012 11.8965 19.3449
149.6 36.5007 2.31138 11.858 19.3536
149.7 36.4545 2.30267 11.8195 19.3623
149.8 36.4078 2.29398 11.781 19.371
149.9 36.3608 2.28532 11.7425 19.3797
150 36.3134 2.27669 11.704 19.3883
150.1 36.2657 2.26808 11.6654 19.3969
150.2 36.2176 2.2595 11.6269 19.4055
150.3 36.1691 2.25094 11.5884 19.4141
150.4 36.1202 2.24241 11.5498 19.4226
150.5 36.071 2.23391 11.5113 19.4311
150.6 36.0214 2.22543 11.4727 19.4396
150.7 35.9714 2.21698 11.4342 19.448
150.8 35.921 2.20855 11.3956 19.4564
150.9 35.8703 2.20016 11.3571 19.4648
151 35.8191 2.19178 11.3185 19.4732
151.1 35.7676 2.18344 11.2799 19.4816
151.2 35.7157 2.17512 11.2413 19.4899
151.3 35.6634 2.16682 11.2028 19.4982
151.4 35.6107 2.15856 11.1642 19.5064
151.5 35.5576 2.15032 11.1256 19.5147
151.6 35.5041 2.1421 11.087 19.5229
151.7 35.4502 2.13391 11.0484 19.5311
151.8 35.3959 2.12575 11.0098 19.5392
151.9 35.3412 2.11762 10.9711 19.5474
152 35.2861 2.10951 10.9325 19.5555
152.1 35.2306 2.10143 10.8939 19.5636
152.2 35.1747 2.09337 10.8553 19.5716
152.3 35.1184 2.08534 10.8166 19.5797
152.4 35.0617 2.07734 10.778 19.5877
152.5 35.0046 2.06937 10.7394 19.5956
152.6 34.947 2.06142 10.7007 19.6036
152.7 34.8891 2.0535 10.6621 19.6115
152.8 34.8307 2.0456 10.6234 19.6194
152.9 34.7719 2.03773 10.5848 19.6273
153 34.7127 2.02989 10.5461 19.6351
153.1 34.6531 2.02208 10.5074 19.6429
153.2 34.593 2.01429 10.4687 19.6507
153.3 34.5326 2.00653 10.4301 19.6585
153.4 34.4716 1.99879 10.3914 19.6662
153.5 34.4103 1.99109 10.3527 19.6739
153.6 34.3485 1.98341 10.314 19.6816
153.7 34.2863 1.97575 10.2753 19.6892
153.8 34.2237 1.96813 10.2366 19.6969
153.9 34.1606 1.96053 10.1979 19.7045
154 34.0971 1.95296 10.1592 19.712
154.1 34.0332 1.94541 10.1205 19.7196
154.2 33.9688 1.93789 10.0818 19.7271
154.3 33.9039 1.9304 10.0431 19.7346
154.4 33.8386 1.92294 10.0043 19.7421
154.5 33.7729 1.9155 9.9656 19.7495
154.6 33.7067 1.90809 9.92686 19.7569
154.7 33.6401 1.90071 9.88813 19.7643
154.8 33.573 1.89335 9.84938 19.7716
154.9 33.5055 1.88602 9.81064 19.779
155 33.4375 1.87872 9.77189 19.7863
155.1 33.369 1.87145 9.73313 19.7935
155.2 33.3001 1.8642 9.69437 19.8008
155.3 33.2307 1.85699 9.65561 19.808
155.4 33.1609 1.84979 9.61684 19.8152
155.5 33.0906 1.84263 9.57807 19.8224
155.6 33.0198 1.83549 9.5393 19.8295
155.7 32.9486 1.82838 9.50052 19.8366
155.8 32.8768 1.8213 9.46174 19.8437
155.9 32.8046 1.81425 9.42295 19.8508
156 32.732 1.80722 9.38416 19.8578
156.1 32.6588 1.80022 9.34537 19.8648
156.2 32.5852 1.79325 9.30657 19.8718
156.3 32.5111 1.7863 9.26776 19.8787
156.4 32.4365 1.77939 9.22896 19.8856
156.5 32.3615 1.7725 9.19015 19.8925
156.6 32.2859 1.76564 9.15133 19.8994
156.7 32.2099 1.7588 9.11252 19.9062
156.8 32.1333 1.752 9.07369 19.913
156.9 32.0563 1.74522 9.03487 19.9198
157 31.9788 1.73847 8.99604 19.9265
157.1 31.9008 1.73174 8.95721 19.9333
157.2 31.8223 1.72505 8.91837 19.94
157.3 31.7432 1.71838 8.87953 19.9466
157.4 31.6637 1.71174 8.84069 19.9533
157.5 31.5837 1.70513 8.80184 19.9599
157.6 31.5032 1.69854 8.76299 19.9665
157.7 31.4222 1.69198 8.72413 19.973
157.8 31.3407 1.68546 8.68527 19.9795
157.9 31.2586 1.67895 8.64641 19.986
158 31.1761 1.67248 8.60754 19.9925
158.1 31.093 1.66604 8.56867 19.999
158.2 31.0094 1.65962 8.5298 20.0054
158.3 30.9253 1.65323 8.49092 20.0118
158.4 30.8407 1.64687 8.45204 20.0181
158.5 30.7556 1.64053 8.41316 20.0245
158.6 30.6699 1.63423 8.37427 20.0308
158.7 30.5838 1.62795 8.33538 20.037
158.8 30.497 1.6217 8.29649 20.0433
158.9 30.4098 1.61548 8.25759 20.0495
159 30.3221 1.60929 8.21869 20.0557
159.1 30.2338 1.60312 8.17979 20.0619
159.2 30.145 1.59698 8.14088 20.068
159.3 30.0556 1.59088 8.10197 20.0741
159.4 29.9657 1.58479 8.06305 20.0802
159.5 29.8753 1.57874 8.02413 20.0863
159.6 29.7843 1.57272 7.98521 20.0923
159.7 29.6928 1.56672 7.94629 20.0983
159.8 29.6008 1.56075 7.90736 20.1042
159.9 29.5082 1.55481 7.86843 20.1102
160 29.4151 1.5489 7.8295 20.1161
160.1 29.3214 1.54302 7.79056 20.122
160.2 29.2272 1.53716 7.75162 20.1278
160.3 29.1324 1.53134 7.71267 20.1337
160.4 29.0371 1.52554 7.67373 20.1395
160.5 28.9412 1.51977 7.63478 20.1452
160.6 28.8447 1.51403 7.59582 20.151
160.7 28.7478 1.50831 7.55687 20.1567
160.8 28.6502 1.50263 7.51791 20.1624
160.9 28.5521 1.49697 7.47895 20.168
161 28.4535 1.49135 7.43998 20.1737
161.1 28.3542 1.48575 7.40101 20.1793
161.2 28.2545 1.48017 7.36204 20.1848
161.3 28.1541 1.47463 7.32306 20.1904
161.4 28.0532 1.46912 7.28409 20.1959
161.5 27.9517 1.46363 7.24511 20.2014
161.6 27.8497 1.45818 7.20612 20.2068
161.7 27.7471 1.45275 7.16714 20.2123
161.8 27.6439 1.44735 7.12815 20.2177
161.9 27.5401 1.44198 7.08915 20.223
162 27.4358 1.43663 7.05016 20.2284
162.1 27.3309 1.43132 7.01116 20.2337
162.2 27.2254 1.42603 6.97216 20.239
162.3 27.1194 1.42078 6.93316 20.2442
162.4 27.0128 1.41555 6.89415 20.2495
162.5 26.9055 1.41035 6.85514 20.2546
162.6 26.7978 1.40518 6.81613 20.2598
162.7 26.6894 1.40004 6.77711 20.265
162.8 26.5805 1.39492 6.73809 20.2701
162.9 26.4709 1.38984 6.69907 20.2752
163 26.3608 1.38478 6.66005 20.2802
163.1 26.2501 1.37976 6.62102 20.2852
163.2 26.1388 1.37476 6.58199 20.2902
163.3 26.027 1.36979 6.54296 20.2952
163.4 25.9145 1.36485 6.50393 20.3002
163.5 25.8015 1.35994 6.46489 20.3051
163.6 25.6879 1.35505 6.42585 20.3099
163.7 25.5736 1.3502 6.38681 20.3148
163.8 25.4588 1.34538 6.34777 20.3196
163.9 25.3434 1.34058 6.30872 20.3244
164 25.2275 1.33581 6.26967 20.3292
164.1 25.1109 1.33107 6.23062 20.3339
164.2 24.9937 1.32637 6.19156 20.3386
164.3 24.8759 1.32168 6.1525 20.3433
164.4 24.7576 1.31703 6.11344 20.348
164.5 24.6386 1.31241 6.07438 20.3526
164.6 24.5191 1.30782 6.03532 20.3572
164.7 24.3989 1.30325 5.99625 20.3617
164.8 24.2782 1.29872 5.95718 20.3663
164.9 24.1569 1.29421 5.91811 20.3708
165 24.035 1.28973 5.87903 20.3753
165.1 23.9124 1.28529 5.83996 20.3797
165.2 23.7893 1.28087 5.80088 20.3841
165.3 23.6656 1.27648 5.7618 20.3885
165.4 23.5413 1.27212 5.72271 20.3929
165.5 23.4164 1.26778 5.68363 20.3972
165.6 23.2909 1.26348 5.64454 20.4015
165.7 23.1648 1.25921 5.60545 20.4058
165.8 23.0381 1.25496 5.56635 20.41
165.9 22.9108 1.25075 5.52726 20.4143
166 22.7829 1.24656 5.48816 20.4184
166.1 22.6544 1.24241 5.44906 20.4226
166.2 22.5253 1.23828 5.40996 20.4267
166.3 22.3956 1.23418 5.37086 20.4308
166.4 22.2654 1.23011 5.33175 20.4349
166.5 22.1345 1.22607 5.29264 20.4389
166.6 22.003 1.22206 5.25353 20.4429
166.7 21.871 1.21808 5.21442 20.4469
166.8 21.7383 1.21413 5.1753 20.4509
166.9 21.6051 1.2102 5.13619 20.4548
167 21.4712 1.20631 5.09707 20.4587
167.1 21.3368 1.20245 5.05795 20.4626
167.2 21.2018 1.19861 5.01882 20.4664
167.3 21.0661 1.19481 4.9797 20.4702
167.4 20.9299 1.19103 4.94057 20.474
167.5 20.7931 1.18728 4.90144 20.4777
167.6 20.6558 1.18357 4.86231 20.4814
167.7 20.5178 1.17988 4.82318 20.4851
167.8 20.3792 1.17622 4.78404 20.4888
167.9 20.2401 1.17259 4.74491 20.4924
168 20.1004 1.16899 4.70577 20.496
168.1 19.9601 1.16542 4.66663 20.4996
168.2 19.8192 1.16188 4.62748 20.5031
168.3 19.6777 1.15837 4.58834 20.5066
168.4 19.5357 1.15489 4.54919 20.5101
168.5 19.393 1.15143 4.51005 20.5136
168.6 19.2498 1.14801 4.4709 20.517
168.7 19.1061 1.14462 4.43174 20.5204
168.8 18.9617 1.14125 4.39259 20.5237
168.9 18.8168 1.13792 4.35344 20.5271
169 18.6713 1.13461 4.31428 20.5304
169.1 18.5252 1.13134 4.27512 20.5337
169.2 18.3786 1.12809 4.23596 20.5369
169.3 18.2314 1.12488 4.1968 20.5401
169.4 18.0837 1.12169 4.15763 20.5433
169.5 17.9354 1.11853 4.11847 20.5465
169.6 17.7865 1.11541 4.0793 20.5496
169.7 17.6371 1.11231 4.04013 20.5527
169.8 17.4871 1.10924 4.00096 20.5558
169.9 17.3366 1.1062 3.96179 20.5588
170 17.1855 1.10319 3.92262 20.5618
170.1 17.0339 1.10021 3.88344 20.5648
170.2 16.8817 1.09726 3.84427 20.5677
170.3 16.729 1.09434 3.80509 20.5707
170.4 16.5758 1.09145 3.76591 20.5735
170.5 16.422 1.08859 3.72673 20.5764
170.6 16.2677 1.08576 3.68755 20.5792
170.7 16.1128 1.08296 3.64836 20.582
170.8 15.9574 1.08019 3.60918 20.5848
170.9 15.8015 1.07745 3.56999 20.5876
171 15.6451 1.07473 3.5308 20.5903
171.1 15.4882 1.07205 3.49161 20.5929
171.2 15.3307 1.0694 3.45242 20.5956
171.3 15.1728 1.06678 3.41323 20.5982
171.4 15.0143 1.06418 3.37403 20.6008
171.5 14.8553 1.06162 3.33484 20.6034
171.6 14.6958 1.05908 3.29564 20.6059
171.7 14.5358 1.05658 3.25644 20.6084
171.8 14.3753 1.05411 3.21725 20.6109
171.9 14.2144 1.05166 3.17805 20.6133
172 14.0529 1.04925 3.13884 20.6158
172.1 13.891 1.04686 3.09964 20.6181
172.2 13.7285 1.04451 3.06044 20.6205
172.3 13.5656 1.04218 3.02123 20.6228
172.4 13.4023 1.03989 2.98202 20.6251
172.5 13.2384 1.03762 2.94282 20.6274
172.6 13.0741 1.03539 2.90361 20.6296
172.7 12.9093 1.03318 2.8644 20.6318
172.8 12.7441 1.031 2.82519 20.634
172.9 12.5784 1.02886 2.78597 20.6361
173 12.4123 1.02674 2.74676 20.6383
173.1 12.2458 1.02465 2.70755 20.6403
173.2 12.0788 1.0226 2.66833 20.6424
173.3 11.9113 1.02057 2.62911 20.6444
173.4 11.7435 1.01857 2.5899 20.6464
173.5 11.5752 1.01661 2.55068 20.6484
173.6 11.4065 1.01467 2.51146 20.6503
173.7 11.2373 1.01276 2.47224 20.6522
173.8 11.0678 1.01089 2.43301 20.6541
173.9 10.8979 1.00904 2.39379 20.656
174 10.7275 1.00722 2.35457 20.6578
174.1 10.5568 1.00543 2.31534 20.6596
174.2 10.3857 1.00368 2.27612 20.6613
174.3 10.2142 1.00195 2.23689 20.6631
174.4 10.0423 1.00025 2.19766 20.6647
174.5 9.87001 0.998584 2.15844 20.6664
174.6 9.69738 0.996947 2.11921 20.6681
174.7 9.52439 0.995339 2.07998 20.6697
174.8 9.35105 0.993761 2.04075 20.6712
174.9 9.17735 0.992213 2.00152 20.6728
175 9.0033 0.990696 1.96228 20.6743
175.1 8.82892 0.989208 1.92305 20.6758
175.2 8.6542 0.98775 1.88382 20.6773
175.3 8.47915 0.986322 1.84458 20.6787
175.4 8.30378 0.984924 1.80535 20.6801
175.5 8.12809 0.983556 1.76611 20.6814
175.6 7.95209 0.982219 1.72687 20.6828
175.7 7.77579 0.980911 1.68764 20.6841
175.8 7.59919 0.979633 1.6484 20.6854
175.9 7.4223 0.978385 1.60916 20.6866
176 7.24512 0.977167 1.56992 20.6878
176.1 7.06766 0.975979 1.53068 20.689
176.2 6.88992 0.974822 1.49144 20.6902
176.3 6.71192 0.973694 1.4522 20.6913
176.4 6.53366 0.972596 1.41296 20.6924
176.5 6.35515 0.971529 1.37371 20.6935
176.6 6.17639 0.970491 1.33447 20.6945
176.7 5.99738 0.969483 1.29523 20.6955
176.8 5.81814 0.968506 1.25598 20.6965
176.9 5.63868 0.967558 1.21674 20.6974
177 5.45899 0.966641 1.17749 20.6984
177.1 5.27909 0.965754 1.13825 20.6992
177.2 5.09898 0.964896 1.099 20.7001
177.3 4.91867 0.964069 1.05976 20.7009
177.4 4.73816 0.963272 1.02051 20.7017
177.5 4.55747 0.962505 0.981263 20.7025
177.6 4.3766 0.961767 0.942015 20.7032
177.7 4.19555 0.96106 0.902767 20.7039
177.8 4.01434 0.960383 0.863519 20.7046
177.9 3.83297 0.959737 0.824271 20.7053
178 3.65144 0.95912 0.785022 20.7059
178.1 3.46977 0.958533 0.745773 20.7065
178.2 3.28796 0.957976 0.706523 20.707
178.3 3.10602 0.95745 0.667273 20.7076
178.4 2.92396 0.956953 0.628023 20.708
178.5 2.74178 0.956487 0.588773 20.7085
178.6 2.55949 0.956051 0.549523 20.7089
178.7 2.3771 0.955644 0.510272 20.7094
178.8 2.19461 0.955268 0.471021 20.7097
178.9 2.01204 0.954922 0.43177 20.7101
179 1.82938 0.954606 0.392519 20.7104
179.1 1.64665 0.95432 0.353267 20.7107
179.2 1.46386 0.954065 0.314016 20.7109
179.3 1.28101 0.953839 0.274764 20.7112
179.4 1.0981 0.953643 0.235512 20.7114
179.5 0.915151 0.953478 0.19626 20.7115
179.6 0.732165 0.953342 0.157008 20.7117
179.7 0.549149 0.953237 0.117756 20.7118
179.8 0.366112 0.953162 0.0785042 20.7118
179.9 0.18306 0.953117 0.0392521 20.7119
