#kinematics calculation of gsgs
#vertex z = 50 mm, E_reaction = 66.899 MeV
#theta_cm, theta3_lab, Ek3_lab, theta4_lab, Ek4_lab
0 0 66.899 180 1.81899e-12
0.1 0.0499253 66.8989 89.9499 5.09465e-05
0.2 0.0998507 66.8988 89.8999 0.000203786
0.3 0.149776 66.8985 89.8498 0.000458517
0.4 0.199701 66.8982 89.7997 0.000815141
0.5 0.249627 66.8977 89.7496 0.00127365
0.6 0.299552 66.8972 89.6996 0.00183406
0.7 0.349477 66.8965 89.6495 0.00249635
0.8 0.399403 66.8957 89.5994 0.00326052
0.9 0.449328 66.8949 89.5493 0.00412658
1 0.499253 66.8939 89.4993 0.00509452
1.1 0.549179 66.8928 89.4492 0.00616434
1.2 0.599104 66.8917 89.3991 0.00733603
1.3 0.649029 66.8904 89.349 0.00860959
1.4 0.698955 66.889 89.299 0.00998502
1.5 0.74888 66.8875 89.2489 0.0114623
1.6 0.798806 66.886 89.1988 0.0130415
1.7 0.848731 66.8843 89.1487 0.0147225
1.8 0.898656 66.8825 89.0987 0.0165053
1.9 0.948582 66.8806 89.0486 0.01839
2 0.998507 66.8786 88.9985 0.0203765
2.1 1.04843 66.8765 88.9484 0.0224649
2.2 1.09836 66.8743 88.8984 0.0246551
2.3 1.14828 66.8721 88.8483 0.0269471
2.4 1.19821 66.8697 88.7982 0.0293409
2.5 1.24813 66.8672 88.7481 0.0318365
2.6 1.29806 66.8646 88.6981 0.0344339
2.7 1.34798 66.8619 88.648 0.0371331
2.8 1.39791 66.8591 88.5979 0.0399341
2.9 1.44784 66.8562 88.5478 0.0428369
3 1.49776 66.8532 88.4978 0.0458414
3.1 1.54769 66.8501 88.4477 0.0489476
3.2 1.59761 66.8468 88.3976 0.0521557
3.3 1.64754 66.8435 88.3475 0.0554654
3.4 1.69746 66.8401 88.2975 0.0588769
3.5 1.74739 66.8366 88.2474 0.0623901
3.6 1.79731 66.833 88.1973 0.0660049
3.7 1.84724 66.8293 88.1472 0.0697215
3.8 1.89716 66.8255 88.0972 0.0735398
3.9 1.94709 66.8215 88.0471 0.0774597
4 1.99702 66.8175 87.997 0.0814813
4.1 2.04694 66.8134 87.9469 0.0856045
4.2 2.09687 66.8092 87.8969 0.0898294
4.3 2.14679 66.8048 87.8468 0.0941559
4.4 2.19672 66.8004 87.7967 0.098584
4.5 2.24664 66.7959 87.7466 0.103114
4.6 2.29657 66.7913 87.6966 0.107745
4.7 2.34649 66.7865 87.6465 0.112478
4.8 2.39642 66.7817 87.5964 0.117312
4.9 2.44635 66.7768 87.5463 0.122248
5 2.49627 66.7717 87.4963 0.127285
5.1 2.5462 66.7666 87.4462 0.132424
5.2 2.59612 66.7613 87.3961 0.137665
5.3 2.64605 66.756 87.346 0.143007
5.4 2.69597 66.7505 87.296 0.14845
5.5 2.7459 66.745 87.2459 0.153995
5.6 2.79583 66.7394 87.1958 0.159641
5.7 2.84575 66.7336 87.1457 0.165389
5.8 2.89568 66.7278 87.0957 0.171238
5.9 2.9456 66.7218 87.0456 0.177188
6 2.99553 66.7158 86.9955 0.18324
6.1 3.04545 66.7096 86.9454 0.189393
6.2 3.09538 66.7034 86.8954 0.195647
6.3 3.14531 66.697 86.8453 0.202003
6.4 3.19523 66.6905 86.7952 0.20846
6.5 3.24516 66.684 86.7451 0.215018
6.6 3.29508 66.6773 86.6951 0.221678
6.7 3.34501 66.6706 86.645 0.228438
6.8 3.39493 66.6637 86.5949 0.2353
6.9 3.44486 66.6567 86.5449 0.242263
7 3.49479 66.6497 86.4948 0.249328
7.1 3.54471 66.6425 86.4447 0.256493
7.2 3.59464 66.6352 86.3946 0.263759
7.3 3.64456 66.6279 86.3446 0.271127
7.4 3.69449 66.6204 86.2945 0.278595
7.5 3.74442 66.6128 86.2444 0.286165
7.6 3.79434 66.6052 86.1943 0.293836
7.7 3.84427 66.5974 86.1443 0.301607
7.8 3.89419 66.5895 86.0942 0.30948
7.9 3.94412 66.5815 86.0441 0.317454
8 3.99405 66.5735 85.994 0.325528
8.1 4.04397 66.5653 85.944 0.333704
8.2 4.0939 66.557 85.8939 0.34198
8.3 4.14382 66.5486 85.8438 0.350357
8.4 4.19375 66.5402 85.7937 0.358835
8.5 4.24368 66.5316 85.7437 0.367414
8.6 4.2936 66.5229 85.6936 0.376093
8.7 4.34353 66.5141 85.6435 0.384874
8.8 4.39346 66.5052 85.5934 0.393755
8.9 4.44338 66.4963 85.5434 0.402736
9 4.49331 66.4872 85.4933 0.411819
9.1 4.54323 66.478 85.4432 0.421002
9.2 4.59316 66.4687 85.3932 0.430286
9.3 4.64309 66.4593 85.3431 0.43967
9.4 4.69301 66.4498 85.293 0.449154
9.5 4.74294 66.4403 85.2429 0.45874
9.6 4.79287 66.4306 85.1929 0.468426
9.7 4.84279 66.4208 85.1428 0.478212
9.8 4.89272 66.4109 85.0927 0.488098
9.9 4.94264 66.4009 85.0426 0.498086
10 4.99257 66.3908 84.9926 0.508173
10.1 5.0425 66.3806 84.9425 0.518361
10.2 5.09242 66.3704 84.8924 0.528649
10.3 5.14235 66.36 84.8423 0.539037
10.4 5.19228 66.3495 84.7923 0.549526
10.5 5.2422 66.3389 84.7422 0.560115
10.6 5.29213 66.3282 84.6921 0.570804
10.7 5.34206 66.3174 84.642 0.581593
10.8 5.39198 66.3065 84.592 0.592483
10.9 5.44191 66.2955 84.5419 0.603472
11 5.49184 66.2844 84.4918 0.614562
11.1 5.54176 66.2732 84.4418 0.625751
11.2 5.59169 66.262 84.3917 0.637041
11.3 5.64162 66.2506 84.3416 0.64843
11.4 5.69154 66.2391 84.2915 0.659919
11.5 5.74147 66.2275 84.2415 0.671509
11.6 5.7914 66.2158 84.1914 0.683198
11.7 5.84132 66.204 84.1413 0.694987
11.8 5.89125 66.1921 84.0912 0.706875
11.9 5.94118 66.1801 84.0412 0.718864
12 5.99111 66.168 83.9911 0.730952
12.1 6.04103 66.1559 83.941 0.74314
12.2 6.09096 66.1436 83.8909 0.755427
12.3 6.14089 66.1312 83.8409 0.767814
12.4 6.19081 66.1187 83.7908 0.780301
12.5 6.24074 66.1061 83.7407 0.792887
12.6 6.29067 66.0934 83.6907 0.805572
12.7 6.34059 66.0806 83.6406 0.818357
12.8 6.39052 66.0678 83.5905 0.831242
12.9 6.44045 66.0548 83.5404 0.844225
13 6.49038 66.0417 83.4904 0.857309
13.1 6.5403 66.0285 83.4403 0.870491
13.2 6.59023 66.0152 83.3902 0.883772
13.3 6.64016 66.0018 83.3401 0.897153
13.4 6.69009 65.9884 83.2901 0.910633
13.5 6.74001 65.9748 83.24 0.924212
13.6 6.78994 65.9611 83.1899 0.937891
13.7 6.83987 65.9473 83.1399 0.951668
13.8 6.8898 65.9335 83.0898 0.965544
13.9 6.93972 65.9195 83.0397 0.979519
14 6.98965 65.9054 82.9896 0.993593
14.1 7.03958 65.8912 82.9396 1.00777
14.2 7.08951 65.877 82.8895 1.02204
14.3 7.13943 65.8626 82.8394 1.03641
14.4 7.18936 65.8481 82.7893 1.05088
14.5 7.23929 65.8336 82.7393 1.06545
14.6 7.28922 65.8189 82.6892 1.08011
14.7 7.33914 65.8041 82.6391 1.09488
14.8 7.38907 65.7893 82.5891 1.10974
14.9 7.439 65.7743 82.539 1.1247
15 7.48893 65.7592 82.4889 1.13976
15.1 7.53886 65.7441 82.4388 1.15492
15.2 7.58878 65.7288 82.3888 1.17018
15.3 7.63871 65.7135 82.3387 1.18554
15.4 7.68864 65.698 82.2886 1.20099
15.5 7.73857 65.6825 82.2386 1.21654
15.6 7.7885 65.6668 82.1885 1.23219
15.7 7.83842 65.6511 82.1384 1.24794
15.8 7.88835 65.6352 82.0883 1.26379
15.9 7.93828 65.6193 82.0383 1.27973
16 7.98821 65.6032 81.9882 1.29578
16.1 8.03814 65.5871 81.9381 1.31192
16.2 8.08806 65.5708 81.888 1.32816
16.3 8.13799 65.5545 81.838 1.34449
16.4 8.18792 65.5381 81.7879 1.36093
16.5 8.23785 65.5215 81.7378 1.37746
16.6 8.28778 65.5049 81.6878 1.39409
16.7 8.33771 65.4882 81.6377 1.41082
16.8 8.38763 65.4714 81.5876 1.42764
16.9 8.43756 65.4544 81.5375 1.44456
17 8.48749 65.4374 81.4875 1.46158
17.1 8.53742 65.4203 81.4374 1.4787
17.2 8.58735 65.4031 81.3873 1.49592
17.3 8.63728 65.3858 81.3373 1.51323
17.4 8.68721 65.3684 81.2872 1.53064
17.5 8.73714 65.3509 81.2371 1.54814
17.6 8.78706 65.3333 81.187 1.56575
17.7 8.83699 65.3156 81.137 1.58345
17.8 8.88692 65.2978 81.0869 1.60125
17.9 8.93685 65.2799 81.0368 1.61914
18 8.98678 65.2619 80.9868 1.63714
18.1 9.03671 65.2438 80.9367 1.65522
18.2 9.08664 65.2256 80.8866 1.67341
18.3 9.13657 65.2073 80.8365 1.69169
18.4 9.1865 65.1889 80.7865 1.71007
18.5 9.23643 65.1705 80.7364 1.72855
18.6 9.28635 65.1519 80.6863 1.74712
18.7 9.33628 65.1332 80.6363 1.76579
18.8 9.38621 65.1144 80.5862 1.78456
18.9 9.43614 65.0956 80.5361 1.80342
19 9.48607 65.0766 80.4861 1.82238
19.1 9.536 65.0576 80.436 1.84143
19.2 9.58593 65.0384 80.3859 1.86058
19.3 9.63586 65.0192 80.3358 1.87983
19.4 9.68579 64.9998 80.2858 1.89917
19.5 9.73572 64.9804 80.2357 1.91861
19.6 9.78565 64.9609 80.1856 1.93815
19.7 9.83558 64.9412 80.1356 1.95778
19.8 9.88551 64.9215 80.0855 1.97751
19.9 9.93544 64.9017 80.0354 1.99733
20 9.98537 64.8817 79.9853 2.01725
20.1 10.0353 64.8617 79.9353 2.03727
20.2 10.0852 64.8416 79.8852 2.05738
20.3 10.1352 64.8214 79.8351 2.07758
20.4 10.1851 64.8011 79.7851 2.09789
20.5 10.235 64.7807 79.735 2.11828
20.6 10.2849 64.7602 79.6849 2.13878
20.7 10.3349 64.7396 79.6349 2.15936
20.8 10.3848 64.719 79.5848 2.18005
20.9 10.4347 64.6982 79.5347 2.20083
21 10.4847 64.6773 79.4846 2.2217
21.1 10.5346 64.6563 79.4346 2.24267
21.2 10.5845 64.6353 79.3845 2.26374
21.3 10.6345 64.6141 79.3344 2.28489
21.4 10.6844 64.5929 79.2844 2.30615
21.5 10.7343 64.5715 79.2343 2.3275
21.6 10.7843 64.5501 79.1842 2.34894
21.7 10.8342 64.5285 79.1342 2.37048
21.8 10.8841 64.5069 79.0841 2.39211
21.9 10.934 64.4852 79.034 2.41384
22 10.984 64.4633 78.984 2.43566
22.1 11.0339 64.4414 78.9339 2.45758
22.2 11.0838 64.4194 78.8838 2.47959
22.3 11.1338 64.3973 78.8337 2.5017
22.4 11.1837 64.3751 78.7837 2.5239
22.5 11.2336 64.3528 78.7336 2.54619
22.6 11.2836 64.3304 78.6835 2.56858
22.7 11.3335 64.3079 78.6335 2.59106
22.8 11.3834 64.2854 78.5834 2.61364
22.9 11.4334 64.2627 78.5333 2.63631
23 11.4833 64.2399 78.4833 2.65907
23.1 11.5332 64.2171 78.4332 2.68193
23.2 11.5831 64.1941 78.3831 2.70488
23.3 11.6331 64.1711 78.3331 2.72793
23.4 11.683 64.1479 78.283 2.75107
23.5 11.7329 64.1247 78.2329 2.7743
23.6 11.7829 64.1014 78.1828 2.79762
23.7 11.8328 64.078 78.1328 2.82104
23.8 11.8827 64.0544 78.0827 2.84456
23.9 11.9327 64.0308 78.0326 2.86816
24 11.9826 64.0071 77.9826 2.89186
24.1 12.0325 63.9833 77.9325 2.91565
24.2 12.0825 63.9595 77.8824 2.93954
24.3 12.1324 63.9355 77.8324 2.96352
24.4 12.1823 63.9114 77.7823 2.98759
24.5 12.2323 63.8872 77.7322 3.01175
24.6 12.2822 63.863 77.6822 3.03601
24.7 12.3321 63.8386 77.6321 3.06036
24.8 12.3821 63.8142 77.582 3.0848
24.9 12.432 63.7897 77.532 3.10933
25 12.4819 63.765 77.4819 3.13396
25.1 12.5319 63.7403 77.4318 3.15868
25.2 12.5818 63.7155 77.3818 3.18349
25.3 12.6317 63.6906 77.3317 3.20839
25.4 12.6816 63.6656 77.2816 3.23339
25.5 12.7316 63.6405 77.2316 3.25847
25.6 12.7815 63.6153 77.1815 3.28365
25.7 12.8314 63.5901 77.1314 3.30892
25.8 12.8814 63.5647 77.0814 3.33429
25.9 12.9313 63.5393 77.0313 3.35974
26 12.9812 63.5137 76.9812 3.38529
26.1 13.0312 63.4881 76.9312 3.41093
26.2 13.0811 63.4623 76.8811 3.43666
26.3 13.131 63.4365 76.831 3.46248
26.4 13.181 63.4106 76.781 3.48839
26.5 13.2309 63.3846 76.7309 3.51439
26.6 13.2808 63.3585 76.6808 3.54049
26.7 13.3308 63.3323 76.6308 3.56667
26.8 13.3807 63.306 76.5807 3.59295
26.9 13.4306 63.2797 76.5306 3.61932
27 13.4806 63.2532 76.4806 3.64578
27.1 13.5305 63.2267 76.4305 3.67233
27.2 13.5804 63.2 76.3804 3.69897
27.3 13.6304 63.1733 76.3304 3.7257
27.4 13.6803 63.1465 76.2803 3.75252
27.5 13.7302 63.1196 76.2302 3.77943
27.6 13.7802 63.0926 76.1802 3.80643
27.7 13.8301 63.0655 76.1301 3.83353
27.8 13.88 63.0383 76.08 3.86071
27.9 13.93 63.011 76.03 3.88798
28 13.9799 62.9837 75.9799 3.91534
28.1 14.0298 62.9562 75.9298 3.9428
28.2 14.0798 62.9287 75.8798 3.97034
28.3 14.1297 62.901 75.8297 3.99797
28.4 14.1797 62.8733 75.7796 4.0257
28.5 14.2296 62.8455 75.7296 4.05351
28.6 14.2795 62.8176 75.6795 4.08141
28.7 14.3295 62.7896 75.6294 4.1094
28.8 14.3794 62.7615 75.5794 4.13748
28.9 14.4293 62.7334 75.5293 4.16565
29 14.4793 62.7051 75.4792 4.19391
29.1 14.5292 62.6767 75.4292 4.22226
29.2 14.5791 62.6483 75.3791 4.25069
29.3 14.6291 62.6198 75.329 4.27922
29.4 14.679 62.5912 75.279 4.30783
29.5 14.7289 62.5625 75.2289 4.33654
29.6 14.7789 62.5337 75.1788 4.36533
29.7 14.8288 62.5048 75.1288 4.39421
29.8 14.8787 62.4758 75.0787 4.42318
29.9 14.9287 62.4468 75.0286 4.45224
30 14.9786 62.4176 74.9786 4.48138
30.1 15.0285 62.3884 74.9285 4.51062
30.2 15.0785 62.3591 74.8785 4.53994
30.3 15.1284 62.3296 74.8284 4.56935
30.4 15.1783 62.3002 74.7783 4.59885
30.5 15.2283 62.2706 74.7283 4.62844
30.6 15.2782 62.2409 74.6782 4.65811
30.7 15.3282 62.2111 74.6281 4.68787
30.8 15.3781 62.1813 74.5781 4.71772
30.9 15.428 62.1513 74.528 4.74766
31 15.478 62.1213 74.4779 4.77768
31.1 15.5279 62.0912 74.4279 4.80779
31.2 15.5778 62.061 74.3778 4.83799
31.3 15.6278 62.0307 74.3277 4.86828
31.4 15.6777 62.0003 74.2777 4.89865
31.5 15.7276 61.9699 74.2276 4.92911
31.6 15.7776 61.9393 74.1776 4.95966
31.7 15.8275 61.9087 74.1275 4.99029
31.8 15.8775 61.878 74.0774 5.02101
31.9 15.9274 61.8472 74.0274 5.05182
32 15.9773 61.8163 73.9773 5.08272
32.1 16.0273 61.7853 73.9272 5.1137
32.2 16.0772 61.7542 73.8772 5.14476
32.3 16.1271 61.7231 73.8271 5.17591
32.4 16.1771 61.6918 73.777 5.20715
32.5 16.227 61.6605 73.727 5.23848
32.6 16.2769 61.6291 73.6769 5.26989
32.7 16.3269 61.5976 73.6269 5.30139
32.8 16.3768 61.566 73.5768 5.33297
32.9 16.4268 61.5344 73.5267 5.36464
33 16.4767 61.5026 73.4767 5.39639
33.1 16.5266 61.4708 73.4266 5.42823
33.2 16.5766 61.4388 73.3765 5.46015
33.3 16.6265 61.4068 73.3265 5.49216
33.4 16.6764 61.3747 73.2764 5.52426
33.5 16.7264 61.3426 73.2264 5.55644
33.6 16.7763 61.3103 73.1763 5.5887
33.7 16.8263 61.2779 73.1262 5.62105
33.8 16.8762 61.2455 73.0762 5.65348
33.9 16.9261 61.213 73.0261 5.686
34 16.9761 61.1804 72.976 5.71861
34.1 17.026 61.1477 72.926 5.7513
34.2 17.076 61.1149 72.8759 5.78407
34.3 17.1259 61.0821 72.8259 5.81693
34.4 17.1758 61.0491 72.7758 5.84987
34.5 17.2258 61.0161 72.7257 5.88289
34.6 17.2757 60.983 72.6757 5.916
34.7 17.3256 60.9498 72.6256 5.94919
34.8 17.3756 60.9165 72.5756 5.98247
34.9 17.4255 60.8832 72.5255 6.01583
35 17.4755 60.8497 72.4754 6.04927
35.1 17.5254 60.8162 72.4254 6.0828
35.2 17.5753 60.7826 72.3753 6.11641
35.3 17.6253 60.7489 72.3252 6.15011
35.4 17.6752 60.7151 72.2752 6.18388
35.5 17.7252 60.6813 72.2251 6.21774
35.6 17.7751 60.6473 72.1751 6.25169
35.7 17.825 60.6133 72.125 6.28571
35.8 17.875 60.5792 72.0749 6.31982
35.9 17.9249 60.545 72.0249 6.35401
36 17.9749 60.5107 71.9748 6.38829
36.1 18.0248 60.4764 71.9248 6.42264
36.2 18.0747 60.4419 71.8747 6.45708
36.3 18.1247 60.4074 71.8246 6.4916
36.4 18.1746 60.3728 71.7746 6.5262
36.5 18.2246 60.3381 71.7245 6.56089
36.6 18.2745 60.3033 71.6745 6.59566
36.7 18.3244 60.2685 71.6244 6.63051
36.8 18.3744 60.2336 71.5743 6.66544
36.9 18.4243 60.1986 71.5243 6.70045
37 18.4743 60.1635 71.4742 6.73554
37.1 18.5242 60.1283 71.4242 6.77072
37.2 18.5741 60.093 71.3741 6.80597
37.3 18.6241 60.0577 71.324 6.84131
37.4 18.674 60.0223 71.274 6.87673
37.5 18.724 59.9868 71.2239 6.91223
37.6 18.7739 59.9512 71.1739 6.94781
37.7 18.8238 59.9155 71.1238 6.98347
37.8 18.8738 59.8798 71.0737 7.01921
37.9 18.9237 59.844 71.0237 7.05503
38 18.9737 59.8081 70.9736 7.09093
38.1 19.0236 59.7721 70.9236 7.12692
38.2 19.0735 59.736 70.8735 7.16298
38.3 19.1235 59.6999 70.8235 7.19912
38.4 19.1734 59.6637 70.7734 7.23535
38.5 19.2234 59.6274 70.7233 7.27165
38.6 19.2733 59.591 70.6733 7.30803
38.7 19.3232 59.5545 70.6232 7.34449
38.8 19.3732 59.518 70.5732 7.38103
38.9 19.4231 59.4813 70.5231 7.41766
39 19.4731 59.4446 70.473 7.45436
39.1 19.523 59.4079 70.423 7.49114
39.2 19.573 59.371 70.3729 7.52799
39.3 19.6229 59.3341 70.3229 7.56493
39.4 19.6728 59.2971 70.2728 7.60195
39.5 19.7228 59.26 70.2228 7.63904
39.6 19.7727 59.2228 70.1727 7.67622
39.7 19.8227 59.1855 70.1226 7.71347
39.8 19.8726 59.1482 70.0726 7.7508
39.9 19.9226 59.1108 70.0225 7.78821
40 19.9725 59.0733 69.9725 7.8257
40.1 20.0224 59.0357 69.9224 7.86326
40.2 20.0724 58.9981 69.8724 7.9009
40.3 20.1223 58.9604 69.8223 7.93863
40.4 20.1723 58.9226 69.7722 7.97642
40.5 20.2222 58.8847 69.7222 8.0143
40.6 20.2722 58.8467 69.6721 8.05225
40.7 20.3221 58.8087 69.6221 8.09029
40.8 20.372 58.7706 69.572 8.12839
40.9 20.422 58.7324 69.522 8.16658
41 20.4719 58.6942 69.4719 8.20484
41.1 20.5219 58.6558 69.4218 8.24318
41.2 20.5718 58.6174 69.3718 8.2816
41.3 20.6218 58.5789 69.3217 8.32009
41.4 20.6717 58.5403 69.2717 8.35866
41.5 20.7216 58.5017 69.2216 8.39731
41.6 20.7716 58.463 69.1716 8.43603
41.7 20.8215 58.4242 69.1215 8.47483
41.8 20.8715 58.3853 69.0714 8.5137
41.9 20.9214 58.3463 69.0214 8.55265
42 20.9714 58.3073 68.9713 8.59168
42.1 21.0213 58.2682 68.9213 8.63078
42.2 21.0713 58.229 68.8712 8.66996
42.3 21.1212 58.1898 68.8212 8.70921
42.4 21.1711 58.1505 68.7711 8.74854
42.5 21.2211 58.1111 68.7211 8.78794
42.6 21.271 58.0716 68.671 8.82742
42.7 21.321 58.032 68.621 8.86697
42.8 21.3709 57.9924 68.5709 8.9066
42.9 21.4209 57.9527 68.5208 8.94631
43 21.4708 57.9129 68.4708 8.98608
43.1 21.5208 57.8731 68.4207 9.02594
43.2 21.5707 57.8331 68.3707 9.06586
43.3 21.6207 57.7931 68.3206 9.10587
43.4 21.6706 57.7531 68.2706 9.14594
43.5 21.7205 57.7129 68.2205 9.18609
43.6 21.7705 57.6727 68.1705 9.22631
43.7 21.8204 57.6324 68.1204 9.26661
43.8 21.8704 57.592 68.0704 9.30698
43.9 21.9203 57.5516 68.0203 9.34743
44 21.9703 57.5111 67.9702 9.38794
44.1 22.0202 57.4705 67.9202 9.42853
44.2 22.0702 57.4298 67.8701 9.4692
44.3 22.1201 57.3891 67.8201 9.50994
44.4 22.1701 57.3483 67.77 9.55075
44.5 22.22 57.3074 67.72 9.59163
44.6 22.27 57.2664 67.6699 9.63258
44.7 22.3199 57.2254 67.6199 9.67361
44.8 22.3698 57.1843 67.5698 9.71471
44.9 22.4198 57.1431 67.5198 9.75589
45 22.4697 57.1019 67.4697 9.79713
45.1 22.5197 57.0606 67.4197 9.83845
45.2 22.5696 57.0192 67.3696 9.87984
45.3 22.6196 56.9777 67.3196 9.9213
45.4 22.6695 56.9362 67.2695 9.96283
45.5 22.7195 56.8946 67.2194 10.0044
45.6 22.7694 56.8529 67.1694 10.0461
45.7 22.8194 56.8111 67.1193 10.0879
45.8 22.8693 56.7693 67.0693 10.1297
45.9 22.9193 56.7274 67.0192 10.1716
46 22.9692 56.6855 66.9692 10.2135
46.1 23.0192 56.6434 66.9191 10.2556
46.2 23.0691 56.6013 66.8691 10.2977
46.3 23.1191 56.5592 66.819 10.3398
46.4 23.169 56.5169 66.769 10.3821
46.5 23.219 56.4746 66.7189 10.4244
46.6 23.2689 56.4322 66.6689 10.4668
46.7 23.3189 56.3898 66.6188 10.5092
46.8 23.3688 56.3473 66.5688 10.5517
46.9 23.4188 56.3047 66.5187 10.5943
47 23.4687 56.262 66.4687 10.637
47.1 23.5187 56.2193 66.4186 10.6797
47.2 23.5686 56.1765 66.3686 10.7225
47.3 23.6186 56.1336 66.3185 10.7654
47.4 23.6685 56.0907 66.2685 10.8083
47.5 23.7185 56.0477 66.2184 10.8513
47.6 23.7684 56.0046 66.1684 10.8944
47.7 23.8184 55.9614 66.1183 10.9376
47.8 23.8683 55.9182 66.0683 10.9808
47.9 23.9183 55.8749 66.0182 11.0241
48 23.9682 55.8316 65.9682 11.0674
48.1 24.0182 55.7882 65.9181 11.1108
48.2 24.0681 55.7447 65.8681 11.1543
48.3 24.1181 55.7011 65.818 11.1979
48.4 24.168 55.6575 65.768 11.2415
48.5 24.218 55.6138 65.7179 11.2852
48.6 24.2679 55.5701 65.6679 11.3289
48.7 24.3179 55.5262 65.6178 11.3728
48.8 24.3678 55.4823 65.5678 11.4167
48.9 24.4178 55.4384 65.5177 11.4606
49 24.4677 55.3943 65.4677 11.5047
49.1 24.5177 55.3503 65.4176 11.5487
49.2 24.5676 55.3061 65.3676 11.5929
49.3 24.6176 55.2619 65.3175 11.6371
49.4 24.6675 55.2176 65.2675 11.6814
49.5 24.7175 55.1732 65.2174 11.7258
49.6 24.7674 55.1288 65.1674 11.7702
49.7 24.8174 55.0843 65.1173 11.8147
49.8 24.8673 55.0397 65.0673 11.8593
49.9 24.9173 54.9951 65.0172 11.9039
50 24.9672 54.9504 64.9672 11.9486
50.1 25.0172 54.9057 64.9171 11.9933
50.2 25.0671 54.8608 64.8671 12.0382
50.3 25.1171 54.816 64.817 12.083
50.4 25.167 54.771 64.767 12.128
50.5 25.217 54.726 64.7169 12.173
50.6 25.2669 54.6809 64.6669 12.2181
50.7 25.3169 54.6358 64.6169 12.2632
50.8 25.3668 54.5906 64.5668 12.3084
50.9 25.4168 54.5453 64.5168 12.3537
51 25.4667 54.5 64.4667 12.399
51.1 25.5167 54.4546 64.4167 12.4444
51.2 25.5667 54.4091 64.3666 12.4899
51.3 25.6166 54.3636 64.3166 12.5354
51.4 25.6666 54.318 64.2665 12.581
51.5 25.7165 54.2723 64.2165 12.6267
51.6 25.7665 54.2266 64.1664 12.6724
51.7 25.8164 54.1808 64.1164 12.7182
51.8 25.8664 54.135 64.0663 12.764
51.9 25.9163 54.089 64.0163 12.81
52 25.9663 54.0431 63.9662 12.8559
52.1 26.0162 53.997 63.9162 12.902
52.2 26.0662 53.9509 63.8662 12.9481
52.3 26.1161 53.9048 63.8161 12.9942
52.4 26.1661 53.8586 63.7661 13.0404
52.5 26.2161 53.8123 63.716 13.0867
52.6 26.266 53.7659 63.666 13.1331
52.7 26.316 53.7195 63.6159 13.1795
52.8 26.3659 53.673 63.5659 13.226
52.9 26.4159 53.6265 63.5158 13.2725
53 26.4658 53.5799 63.4658 13.3191
53.1 26.5158 53.5333 63.4157 13.3657
53.2 26.5657 53.4865 63.3657 13.4125
53.3 26.6157 53.4398 63.3157 13.4592
53.4 26.6656 53.3929 63.2656 13.5061
53.5 26.7156 53.346 63.2156 13.553
53.6 26.7656 53.2991 63.1655 13.5999
53.7 26.8155 53.252 63.1155 13.647
53.8 26.8655 53.205 63.0654 13.694
53.9 26.9154 53.1578 63.0154 13.7412
54 26.9654 53.1106 62.9653 13.7884
54.1 27.0153 53.0634 62.9153 13.8356
54.2 27.0653 53.016 62.8653 13.883
54.3 27.1152 52.9687 62.8152 13.9303
54.4 27.1652 52.9212 62.7652 13.9778
54.5 27.2152 52.8737 62.7151 14.0253
54.6 27.2651 52.8262 62.6651 14.0728
54.7 27.3151 52.7785 62.615 14.1205
54.8 27.365 52.7309 62.565 14.1681
54.9 27.415 52.6831 62.515 14.2159
55 27.4649 52.6353 62.4649 14.2637
55.1 27.5149 52.5875 62.4149 14.3115
55.2 27.5649 52.5396 62.3648 14.3594
55.3 27.6148 52.4916 62.3148 14.4074
55.4 27.6648 52.4436 62.2647 14.4554
55.5 27.7147 52.3955 62.2147 14.5035
55.6 27.7647 52.3474 62.1647 14.5516
55.7 27.8146 52.2992 62.1146 14.5998
55.8 27.8646 52.2509 62.0646 14.6481
55.9 27.9146 52.2026 62.0145 14.6964
56 27.9645 52.1542 61.9645 14.7448
56.1 28.0145 52.1058 61.9145 14.7932
56.2 28.0644 52.0573 61.8644 14.8417
56.3 28.1144 52.0088 61.8144 14.8902
56.4 28.1644 51.9602 61.7643 14.9388
56.5 28.2143 51.9115 61.7143 14.9875
56.6 28.2643 51.8628 61.6642 15.0362
56.7 28.3142 51.814 61.6142 15.085
56.8 28.3642 51.7652 61.5642 15.1338
56.9 28.4142 51.7163 61.5141 15.1827
57 28.4641 51.6674 61.4641 15.2316
57.1 28.5141 51.6184 61.414 15.2806
57.2 28.564 51.5694 61.364 15.3296
57.3 28.614 51.5203 61.314 15.3787
57.4 28.6639 51.4711 61.2639 15.4279
57.5 28.7139 51.4219 61.2139 15.4771
57.6 28.7639 51.3726 61.1638 15.5264
57.7 28.8138 51.3233 61.1138 15.5757
57.8 28.8638 51.2739 61.0638 15.6251
57.9 28.9137 51.2245 61.0137 15.6745
58 28.9637 51.175 60.9637 15.724
58.1 29.0137 51.1255 60.9136 15.7735
58.2 29.0636 51.0759 60.8636 15.8231
58.3 29.1136 51.0263 60.8136 15.8727
58.4 29.1636 50.9766 60.7635 15.9224
58.5 29.2135 50.9268 60.7135 15.9722
58.6 29.2635 50.877 60.6634 16.022
58.7 29.3134 50.8272 60.6134 16.0718
58.8 29.3634 50.7772 60.5634 16.1218
58.9 29.4134 50.7273 60.5133 16.1717
59 29.4633 50.6773 60.4633 16.2217
59.1 29.5133 50.6272 60.4133 16.2718
59.2 29.5632 50.5771 60.3632 16.3219
59.3 29.6132 50.5269 60.3132 16.3721
59.4 29.6632 50.4767 60.2631 16.4223
59.5 29.7131 50.4264 60.2131 16.4726
59.6 29.7631 50.3761 60.1631 16.5229
59.7 29.8131 50.3257 60.113 16.5733
59.8 29.863 50.2753 60.063 16.6237
59.9 29.913 50.2248 60.0129 16.6742
60 29.9629 50.1743 59.9629 16.7248
60.1 30.0129 50.1237 59.9129 16.7753
60.2 30.0629 50.073 59.8628 16.826
60.3 30.1128 50.0223 59.8128 16.8767
60.4 30.1628 49.9716 59.7628 16.9274
60.5 30.2128 49.9208 59.7127 16.9782
60.6 30.2627 49.87 59.6627 17.029
60.7 30.3127 49.8191 59.6127 17.0799
60.8 30.3626 49.7682 59.5626 17.1308
60.9 30.4126 49.7172 59.5126 17.1818
61 30.4626 49.6661 59.4625 17.2329
61.1 30.5125 49.6151 59.4125 17.2839
61.2 30.5625 49.5639 59.3625 17.3351
61.3 30.6125 49.5127 59.3124 17.3863
61.4 30.6624 49.4615 59.2624 17.4375
61.5 30.7124 49.4102 59.2124 17.4888
61.6 30.7624 49.3589 59.1623 17.5401
61.7 30.8123 49.3075 59.1123 17.5915
61.8 30.8623 49.2561 59.0623 17.6429
61.9 30.9122 49.2046 59.0122 17.6944
62 30.9622 49.1531 58.9622 17.7459
62.1 31.0122 49.1015 58.9122 17.7975
62.2 31.0621 49.0499 58.8621 17.8491
62.3 31.1121 48.9982 58.8121 17.9008
62.4 31.1621 48.9465 58.762 17.9525
62.5 31.212 48.8948 58.712 18.0042
62.6 31.262 48.843 58.662 18.056
62.7 31.312 48.7911 58.6119 18.1079
62.8 31.3619 48.7392 58.5619 18.1598
62.9 31.4119 48.6872 58.5119 18.2118
63 31.4619 48.6353 58.4618 18.2637
63.1 31.5118 48.5832 58.4118 18.3158
63.2 31.5618 48.5311 58.3618 18.3679
63.3 31.6118 48.479 58.3117 18.42
63.4 31.6617 48.4268 58.2617 18.4722
63.5 31.7117 48.3746 58.2117 18.5244
63.6 31.7617 48.3223 58.1616 18.5767
63.7 31.8116 48.27 58.1116 18.629
63.8 31.8616 48.2177 58.0616 18.6813
63.9 31.9116 48.1652 58.0115 18.7338
64 31.9615 48.1128 57.9615 18.7862
64.1 32.0115 48.0603 57.9115 18.8387
64.2 32.0615 48.0078 57.8614 18.8912
64.3 32.1114 47.9552 57.8114 18.9438
64.4 32.1614 47.9026 57.7614 18.9964
64.5 32.2114 47.8499 57.7113 19.0491
64.6 32.2613 47.7972 57.6613 19.1018
64.7 32.3113 47.7444 57.6113 19.1546
64.8 32.3613 47.6916 57.5613 19.2074
64.9 32.4112 47.6388 57.5112 19.2602
65 32.4612 47.5859 57.4612 19.3131
65.1 32.5112 47.5329 57.4112 19.3661
65.2 32.5611 47.48 57.3611 19.419
65.3 32.6111 47.4269 57.3111 19.4721
65.4 32.6611 47.3739 57.2611 19.5251
65.5 32.7111 47.3208 57.211 19.5782
65.6 32.761 47.2676 57.161 19.6314
65.7 32.811 47.2144 57.111 19.6846
65.8 32.861 47.1612 57.0609 19.7378
65.9 32.9109 47.1079 57.0109 19.7911
66 32.9609 47.0546 56.9609 19.8444
66.1 33.0109 47.0013 56.9108 19.8977
66.2 33.0608 46.9479 56.8608 19.9511
66.3 33.1108 46.8945 56.8108 20.0045
66.4 33.1608 46.841 56.7608 20.058
66.5 33.2108 46.7875 56.7107 20.1115
66.6 33.2607 46.7339 56.6607 20.1651
66.7 33.3107 46.6803 56.6107 20.2187
66.8 33.3607 46.6267 56.5606 20.2723
66.9 33.4106 46.573 56.5106 20.326
67 33.4606 46.5193 56.4606 20.3797
67.1 33.5106 46.4655 56.4106 20.4335
67.2 33.5605 46.4117 56.3605 20.4873
67.3 33.6105 46.3579 56.3105 20.5411
67.4 33.6605 46.304 56.2605 20.595
67.5 33.7105 46.2501 56.2104 20.6489
67.6 33.7604 46.1961 56.1604 20.7029
67.7 33.8104 46.1421 56.1104 20.7569
67.8 33.8604 46.0881 56.0604 20.8109
67.9 33.9103 46.034 56.0103 20.865
68 33.9603 45.9799 55.9603 20.9191
68.1 34.0103 45.9258 55.9103 20.9732
68.2 34.0603 45.8716 55.8602 21.0274
68.3 34.1102 45.8173 55.8102 21.0817
68.4 34.1602 45.7631 55.7602 21.1359
68.5 34.2102 45.7088 55.7102 21.1902
68.6 34.2602 45.6544 55.6601 21.2446
68.7 34.3101 45.6001 55.6101 21.2989
68.8 34.3601 45.5457 55.5601 21.3533
68.9 34.4101 45.4912 55.51 21.4078
69 34.46 45.4367 55.46 21.4623
69.1 34.51 45.3822 55.41 21.5168
69.2 34.56 45.3277 55.36 21.5713
69.3 34.61 45.2731 55.3099 21.6259
69.4 34.6599 45.2184 55.2599 21.6806
69.5 34.7099 45.1638 55.2099 21.7352
69.6 34.7599 45.1091 55.1599 21.7899
69.7 34.8099 45.0543 55.1098 21.8447
69.8 34.8598 44.9996 55.0598 21.8994
69.9 34.9098 44.9447 55.0098 21.9543
70 34.9598 44.8899 54.9598 22.0091
70.1 35.0098 44.835 54.9097 22.064
70.2 35.0597 44.7801 54.8597 22.1189
70.3 35.1097 44.7252 54.8097 22.1738
70.4 35.1597 44.6702 54.7597 22.2288
70.5 35.2097 44.6152 54.7096 22.2838
70.6 35.2596 44.5601 54.6596 22.3389
70.7 35.3096 44.505 54.6096 22.394
70.8 35.3596 44.4499 54.5596 22.4491
70.9 35.4096 44.3948 54.5095 22.5042
71 35.4595 44.3396 54.4595 22.5594
71.1 35.5095 44.2844 54.4095 22.6146
71.2 35.5595 44.2291 54.3595 22.6699
71.3 35.6095 44.1738 54.3094 22.7252
71.4 35.6594 44.1185 54.2594 22.7805
71.5 35.7094 44.0632 54.2094 22.8358
71.6 35.7594 44.0078 54.1594 22.8912
71.7 35.8094 43.9524 54.1093 22.9466
71.8 35.8593 43.8969 54.0593 23.0021
71.9 35.9093 43.8415 54.0093 23.0575
72 35.9593 43.786 53.9593 23.113
72.1 36.0093 43.7304 53.9093 23.1686
72.2 36.0592 43.6749 53.8592 23.2241
72.3 36.1092 43.6193 53.8092 23.2797
72.4 36.1592 43.5636 53.7592 23.3354
72.5 36.2092 43.508 53.7092 23.391
72.6 36.2592 43.4523 53.6591 23.4467
72.7 36.3091 43.3965 53.6091 23.5025
72.8 36.3591 43.3408 53.5591 23.5582
72.9 36.4091 43.285 53.5091 23.614
73 36.4591 43.2292 53.4591 23.6698
73.1 36.509 43.1733 53.409 23.7257
73.2 36.559 43.1175 53.359 23.7815
73.3 36.609 43.0616 53.309 23.8374
73.4 36.659 43.0056 53.259 23.8934
73.5 36.709 42.9497 53.2089 23.9493
73.6 36.7589 42.8937 53.1589 24.0053
73.7 36.8089 42.8377 53.1089 24.0613
73.8 36.8589 42.7816 53.0589 24.1174
73.9 36.9089 42.7255 53.0089 24.1735
74 36.9589 42.6694 52.9588 24.2296
74.1 37.0088 42.6133 52.9088 24.2857
74.2 37.0588 42.5571 52.8588 24.3419
74.3 37.1088 42.5009 52.8088 24.3981
74.4 37.1588 42.4447 52.7588 24.4543
74.5 37.2088 42.3885 52.7087 24.5105
74.6 37.2587 42.3322 52.6587 24.5668
74.7 37.3087 42.2759 52.6087 24.6231
74.8 37.3587 42.2196 52.5587 24.6794
74.9 37.4087 42.1632 52.5087 24.7358
75 37.4587 42.1069 52.4586 24.7921
75.1 37.5086 42.0505 52.4086 24.8485
75.2 37.5586 41.994 52.3586 24.905
75.3 37.6086 41.9376 52.3086 24.9614
75.4 37.6586 41.8811 52.2586 25.0179
75.5 37.7086 41.8246 52.2085 25.0744
75.6 37.7585 41.7681 52.1585 25.1309
75.7 37.8085 41.7115 52.1085 25.1875
75.8 37.8585 41.6549 52.0585 25.2441
75.9 37.9085 41.5983 52.0085 25.3007
76 37.9585 41.5417 51.9585 25.3573
76.1 38.0084 41.485 51.9084 25.414
76.2 38.0584 41.4283 51.8584 25.4707
76.3 38.1084 41.3716 51.8084 25.5274
76.4 38.1584 41.3149 51.7584 25.5841
76.5 38.2084 41.2581 51.7084 25.6409
76.6 38.2584 41.2014 51.6583 25.6976
76.7 38.3083 41.1445 51.6083 25.7545
76.8 38.3583 41.0877 51.5583 25.8113
76.9 38.4083 41.0309 51.5083 25.8681
77 38.4583 40.974 51.4583 25.925
77.1 38.5083 40.9171 51.4083 25.9819
77.2 38.5583 40.8602 51.3582 26.0388
77.3 38.6082 40.8032 51.3082 26.0958
77.4 38.6582 40.7463 51.2582 26.1527
77.5 38.7082 40.6893 51.2082 26.2097
77.6 38.7582 40.6323 51.1582 26.2667
77.7 38.8082 40.5753 51.1082 26.3237
77.8 38.8582 40.5182 51.0581 26.3808
77.9 38.9081 40.4611 51.0081 26.4379
78 38.9581 40.404 50.9581 26.495
78.1 39.0081 40.3469 50.9081 26.5521
78.2 39.0581 40.2898 50.8581 26.6092
78.3 39.1081 40.2326 50.8081 26.6664
78.4 39.1581 40.1755 50.7581 26.7235
78.5 39.2081 40.1183 50.708 26.7807
78.6 39.258 40.061 50.658 26.838
78.7 39.308 40.0038 50.608 26.8952
78.8 39.358 39.9465 50.558 26.9525
78.9 39.408 39.8893 50.508 27.0097
79 39.458 39.832 50.458 27.067
79.1 39.508 39.7746 50.408 27.1244
79.2 39.558 39.7173 50.3579 27.1817
79.3 39.6079 39.66 50.3079 27.239
79.4 39.6579 39.6026 50.2579 27.2964
79.5 39.7079 39.5452 50.2079 27.3538
79.6 39.7579 39.4878 50.1579 27.4112
79.7 39.8079 39.4303 50.1079 27.4687
79.8 39.8579 39.3729 50.0579 27.5261
79.9 39.9079 39.3154 50.0078 27.5836
80 39.9578 39.2579 49.9578 27.6411
80.1 40.0078 39.2004 49.9078 27.6986
80.2 40.0578 39.1429 49.8578 27.7561
80.3 40.1078 39.0854 49.8078 27.8136
80.4 40.1578 39.0278 49.7578 27.8712
80.5 40.2078 38.9703 49.7078 27.9287
80.6 40.2578 38.9127 49.6578 27.9863
80.7 40.3078 38.8551 49.6077 28.0439
80.8 40.3577 38.7974 49.5577 28.1016
80.9 40.4077 38.7398 49.5077 28.1592
81 40.4577 38.6822 49.4577 28.2168
81.1 40.5077 38.6245 49.4077 28.2745
81.2 40.5577 38.5668 49.3577 28.3322
81.3 40.6077 38.5091 49.3077 28.3899
81.4 40.6577 38.4514 49.2577 28.4476
81.5 40.7077 38.3937 49.2077 28.5053
81.6 40.7577 38.3359 49.1576 28.5631
81.7 40.8076 38.2781 49.1076 28.6209
81.8 40.8576 38.2204 49.0576 28.6786
81.9 40.9076 38.1626 49.0076 28.7364
82 40.9576 38.1048 48.9576 28.7942
82.1 41.0076 38.047 48.9076 28.852
82.2 41.0576 37.9891 48.8576 28.9099
82.3 41.1076 37.9313 48.8076 28.9677
82.4 41.1576 37.8734 48.7576 29.0256
82.5 41.2076 37.8155 48.7076 29.0835
82.6 41.2575 37.7576 48.6575 29.1414
82.7 41.3075 37.6997 48.6075 29.1993
82.8 41.3575 37.6418 48.5575 29.2572
82.9 41.4075 37.5839 48.5075 29.3151
83 41.4575 37.526 48.4575 29.373
83.1 41.5075 37.468 48.4075 29.431
83.2 41.5575 37.4101 48.3575 29.4889
83.3 41.6075 37.3521 48.3075 29.5469
83.4 41.6575 37.2941 48.2575 29.6049
83.5 41.7075 37.2361 48.2075 29.6629
83.6 41.7575 37.1781 48.1575 29.7209
83.7 41.8075 37.1201 48.1074 29.7789
83.8 41.8574 37.062 48.0574 29.837
83.9 41.9074 37.004 48.0074 29.895
84 41.9574 36.9459 47.9574 29.9531
84.1 42.0074 36.8879 47.9074 30.0111
84.2 42.0574 36.8298 47.8574 30.0692
84.3 42.1074 36.7717 47.8074 30.1273
84.4 42.1574 36.7136 47.7574 30.1854
84.5 42.2074 36.6555 47.7074 30.2435
84.6 42.2574 36.5974 47.6574 30.3016
84.7 42.3074 36.5392 47.6074 30.3598
84.8 42.3574 36.4811 47.5574 30.4179
84.9 42.4074 36.423 47.5074 30.476
85 42.4574 36.3648 47.4573 30.5342
85.1 42.5073 36.3067 47.4073 30.5923
85.2 42.5573 36.2485 47.3573 30.6505
85.3 42.6073 36.1903 47.3073 30.7087
85.4 42.6573 36.1321 47.2573 30.7669
85.5 42.7073 36.0739 47.2073 30.8251
85.6 42.7573 36.0157 47.1573 30.8833
85.7 42.8073 35.9575 47.1073 30.9415
85.8 42.8573 35.8993 47.0573 30.9997
85.9 42.9073 35.8411 47.0073 31.0579
86 42.9573 35.7828 46.9573 31.1162
86.1 43.0073 35.7246 46.9073 31.1744
86.2 43.0573 35.6663 46.8573 31.2327
86.3 43.1073 35.6081 46.8073 31.2909
86.4 43.1573 35.5498 46.7573 31.3492
86.5 43.2073 35.4915 46.7073 31.4075
86.6 43.2573 35.4333 46.6573 31.4657
86.7 43.3073 35.375 46.6073 31.524
86.8 43.3573 35.3167 46.5573 31.5823
86.9 43.4073 35.2584 46.5072 31.6406
87 43.4572 35.2001 46.4572 31.6989
87.1 43.5072 35.1418 46.4072 31.7572
87.2 43.5572 35.0835 46.3572 31.8155
87.3 43.6072 35.0252 46.3072 31.8738
87.4 43.6572 34.9669 46.2572 31.9321
87.5 43.7072 34.9085 46.2072 31.9905
87.6 43.7572 34.8502 46.1572 32.0488
87.7 43.8072 34.7919 46.1072 32.1071
87.8 43.8572 34.7336 46.0572 32.1654
87.9 43.9072 34.6752 46.0072 32.2238
88 43.9572 34.6169 45.9572 32.2821
88.1 44.0072 34.5585 45.9072 32.3405
88.2 44.0572 34.5002 45.8572 32.3988
88.3 44.1072 34.4418 45.8072 32.4572
88.4 44.1572 34.3835 45.7572 32.5155
88.5 44.2072 34.3251 45.7072 32.5739
88.6 44.2572 34.2667 45.6572 32.6323
88.7 44.3072 34.2084 45.6072 32.6906
88.8 44.3572 34.15 45.5572 32.749
88.9 44.4072 34.0916 45.5072 32.8074
89 44.4572 34.0333 45.4572 32.8657
89.1 44.5072 33.9749 45.4072 32.9241
89.2 44.5572 33.9165 45.3572 32.9825
89.3 44.6072 33.8582 45.3072 33.0408
89.4 44.6572 33.7998 45.2572 33.0992
89.5 44.7072 33.7414 45.2072 33.1576
89.6 44.7572 33.683 45.1572 33.216
89.7 44.8072 33.6246 45.1072 33.2744
89.8 44.8572 33.5663 45.0572 33.3327
89.9 44.9072 33.5079 45.0072 33.3911
90 44.9572 33.4495 44.9572 33.4495
90.1 45.0072 33.3911 44.9072 33.5079
90.2 45.0572 33.3327 44.8572 33.5663
90.3 45.1072 33.2744 44.8072 33.6246
90.4 45.1572 33.216 44.7572 33.683
90.5 45.2072 33.1576 44.7072 33.7414
90.6 45.2572 33.0992 44.6572 33.7998
90.7 45.3072 33.0408 44.6072 33.8582
90.8 45.3572 32.9825 44.5572 33.9165
90.9 45.4072 32.9241 44.5072 33.9749
91 45.4572 32.8657 44.4572 34.0333
91.1 45.5072 32.8074 44.4072 34.0916
91.2 45.5572 32.749 44.3572 34.15
91.3 45.6072 32.6906 44.3072 34.2084
91.4 45.6572 32.6323 44.2572 34.2667
91.5 45.7072 32.5739 44.2072 34.3251
91.6 45.7572 32.5155 44.1572 34.3835
91.7 45.8072 32.4572 44.1072 34.4418
91.8 45.8572 32.3988 44.0572 34.5002
91.9 45.9072 32.3405 44.0072 34.5585
92 45.9572 32.2821 43.9572 34.6169
92.1 46.0072 32.2238 43.9072 34.6752
92.2 46.0572 32.1654 43.8572 34.7336
92.3 46.1072 32.1071 43.8072 34.7919
92.4 46.1572 32.0488 43.7572 34.8502
92.5 46.2072 31.9905 43.7072 34.9085
92.6 46.2572 31.9321 43.6572 34.9669
92.7 46.3072 31.8738 43.6072 35.0252
92.8 46.3572 31.8155 43.5572 35.0835
92.9 46.4072 31.7572 43.5072 35.1418
93 46.4572 31.6989 43.4572 35.2001
93.1 46.5072 31.6406 43.4073 35.2584
93.2 46.5573 31.5823 43.3573 35.3167
93.3 46.6073 31.524 43.3073 35.375
93.4 46.6573 31.4657 43.2573 35.4333
93.5 46.7073 31.4075 43.2073 35.4915
93.6 46.7573 31.3492 43.1573 35.5498
93.7 46.8073 31.2909 43.1073 35.6081
93.8 46.8573 31.2327 43.0573 35.6663
93.9 46.9073 31.1744 43.0073 35.7246
94 46.9573 31.1162 42.9573 35.7828
94.1 47.0073 31.0579 42.9073 35.8411
94.2 47.0573 30.9997 42.8573 35.8993
94.3 47.1073 30.9415 42.8073 35.9575
94.4 47.1573 30.8833 42.7573 36.0157
94.5 47.2073 30.8251 42.7073 36.0739
94.6 47.2573 30.7669 42.6573 36.1321
94.7 47.3073 30.7087 42.6073 36.1903
94.8 47.3573 30.6505 42.5573 36.2485
94.9 47.4073 30.5923 42.5073 36.3067
95 47.4573 30.5342 42.4574 36.3648
95.1 47.5074 30.476 42.4074 36.423
95.2 47.5574 30.4179 42.3574 36.4811
95.3 47.6074 30.3598 42.3074 36.5392
95.4 47.6574 30.3016 42.2574 36.5974
95.5 47.7074 30.2435 42.2074 36.6555
95.6 47.7574 30.1854 42.1574 36.7136
95.7 47.8074 30.1273 42.1074 36.7717
95.8 47.8574 30.0692 42.0574 36.8298
95.9 47.9074 30.0111 42.0074 36.8879
96 47.9574 29.9531 41.9574 36.9459
96.1 48.0074 29.895 41.9074 37.004
96.2 48.0574 29.837 41.8574 37.062
96.3 48.1074 29.7789 41.8075 37.1201
96.4 48.1575 29.7209 41.7575 37.1781
96.5 48.2075 29.6629 41.7075 37.2361
96.6 48.2575 29.6049 41.6575 37.2941
96.7 48.3075 29.5469 41.6075 37.3521
96.8 48.3575 29.4889 41.5575 37.4101
96.9 48.4075 29.431 41.5075 37.468
97 48.4575 29.373 41.4575 37.526
97.1 48.5075 29.3151 41.4075 37.5839
97.2 48.5575 29.2572 41.3575 37.6418
97.3 48.6075 29.1993 41.3075 37.6997
97.4 48.6575 29.1414 41.2575 37.7576
97.5 48.7076 29.0835 41.2076 37.8155
97.6 48.7576 29.0256 41.1576 37.8734
97.7 48.8076 28.9677 41.1076 37.9313
97.8 48.8576 28.9099 41.0576 37.9891
97.9 48.9076 28.852 41.0076 38.047
98 48.9576 28.7942 40.9576 38.1048
98.1 49.0076 28.7364 40.9076 38.1626
98.2 49.0576 28.6786 40.8576 38.2204
98.3 49.1076 28.6209 40.8076 38.2781
98.4 49.1576 28.5631 40.7577 38.3359
98.5 49.2077 28.5053 40.7077 38.3937
98.6 49.2577 28.4476 40.6577 38.4514
98.7 49.3077 28.3899 40.6077 38.5091
98.8 49.3577 28.3322 40.5577 38.5668
98.9 49.4077 28.2745 40.5077 38.6245
99 49.4577 28.2168 40.4577 38.6822
99.1 49.5077 28.1592 40.4077 38.7398
99.2 49.5577 28.1016 40.3577 38.7974
99.3 49.6077 28.0439 40.3078 38.8551
99.4 49.6578 27.9863 40.2578 38.9127
99.5 49.7078 27.9287 40.2078 38.9703
99.6 49.7578 27.8712 40.1578 39.0278
99.7 49.8078 27.8136 40.1078 39.0854
99.8 49.8578 27.7561 40.0578 39.1429
99.9 49.9078 27.6986 40.0078 39.2004
100 49.9578 27.6411 39.9578 39.2579
100.1 50.0078 27.5836 39.9079 39.3154
100.2 50.0579 27.5261 39.8579 39.3729
100.3 50.1079 27.4687 39.8079 39.4303
100.4 50.1579 27.4112 39.7579 39.4878
100.5 50.2079 27.3538 39.7079 39.5452
100.6 50.2579 27.2964 39.6579 39.6026
100.7 50.3079 27.239 39.6079 39.66
100.8 50.3579 27.1817 39.558 39.7173
100.9 50.408 27.1244 39.508 39.7746
101 50.458 27.067 39.458 39.832
101.1 50.508 27.0097 39.408 39.8893
101.2 50.558 26.9525 39.358 39.9465
101.3 50.608 26.8952 39.308 40.0038
101.4 50.658 26.838 39.258 40.061
101.5 50.708 26.7807 39.2081 40.1183
101.6 50.7581 26.7235 39.1581 40.1755
101.7 50.8081 26.6664 39.1081 40.2326
101.8 50.8581 26.6092 39.0581 40.2898
101.9 50.9081 26.5521 39.0081 40.3469
102 50.9581 26.495 38.9581 40.404
102.1 51.0081 26.4379 38.9081 40.4611
102.2 51.0581 26.3808 38.8582 40.5182
102.3 51.1082 26.3237 38.8082 40.5753
102.4 51.1582 26.2667 38.7582 40.6323
102.5 51.2082 26.2097 38.7082 40.6893
102.6 51.2582 26.1527 38.6582 40.7463
102.7 51.3082 26.0958 38.6082 40.8032
102.8 51.3582 26.0388 38.5583 40.8602
102.9 51.4083 25.9819 38.5083 40.9171
103 51.4583 25.925 38.4583 40.974
103.1 51.5083 25.8681 38.4083 41.0309
103.2 51.5583 25.8113 38.3583 41.0877
103.3 51.6083 25.7545 38.3083 41.1445
103.4 51.6583 25.6976 38.2584 41.2014
103.5 51.7084 25.6409 38.2084 41.2581
103.6 51.7584 25.5841 38.1584 41.3149
103.7 51.8084 25.5274 38.1084 41.3716
103.8 51.8584 25.4707 38.0584 41.4283
103.9 51.9084 25.414 38.0084 41.485
104 51.9585 25.3573 37.9585 41.5417
104.1 52.0085 25.3007 37.9085 41.5983
104.2 52.0585 25.2441 37.8585 41.6549
104.3 52.1085 25.1875 37.8085 41.7115
104.4 52.1585 25.1309 37.7585 41.7681
104.5 52.2085 25.0744 37.7086 41.8246
104.6 52.2586 25.0179 37.6586 41.8811
104.7 52.3086 24.9614 37.6086 41.9376
104.8 52.3586 24.905 37.5586 41.994
104.9 52.4086 24.8485 37.5086 42.0505
105 52.4586 24.7921 37.4587 42.1069
105.1 52.5087 24.7358 37.4087 42.1632
105.2 52.5587 24.6794 37.3587 42.2196
105.3 52.6087 24.6231 37.3087 42.2759
105.4 52.6587 24.5668 37.2587 42.3322
105.5 52.7087 24.5105 37.2088 42.3885
105.6 52.7588 24.4543 37.1588 42.4447
105.7 52.8088 24.3981 37.1088 42.5009
105.8 52.8588 24.3419 37.0588 42.5571
105.9 52.9088 24.2857 37.0088 42.6133
106 52.9588 24.2296 36.9589 42.6694
106.1 53.0089 24.1735 36.9089 42.7255
106.2 53.0589 24.1174 36.8589 42.7816
106.3 53.1089 24.0613 36.8089 42.8377
106.4 53.1589 24.0053 36.7589 42.8937
106.5 53.2089 23.9493 36.709 42.9497
106.6 53.259 23.8934 36.659 43.0056
106.7 53.309 23.8374 36.609 43.0616
106.8 53.359 23.7815 36.559 43.1175
106.9 53.409 23.7257 36.509 43.1733
107 53.4591 23.6698 36.4591 43.2292
107.1 53.5091 23.614 36.4091 43.285
107.2 53.5591 23.5582 36.3591 43.3408
107.3 53.6091 23.5025 36.3091 43.3965
107.4 53.6591 23.4467 36.2592 43.4523
107.5 53.7092 23.391 36.2092 43.508
107.6 53.7592 23.3354 36.1592 43.5636
107.7 53.8092 23.2797 36.1092 43.6193
107.8 53.8592 23.2241 36.0592 43.6749
107.9 53.9093 23.1686 36.0093 43.7304
108 53.9593 23.113 35.9593 43.786
108.1 54.0093 23.0575 35.9093 43.8415
108.2 54.0593 23.0021 35.8593 43.8969
108.3 54.1093 22.9466 35.8094 43.9524
108.4 54.1594 22.8912 35.7594 44.0078
108.5 54.2094 22.8358 35.7094 44.0632
108.6 54.2594 22.7805 35.6594 44.1185
108.7 54.3094 22.7252 35.6095 44.1738
108.8 54.3595 22.6699 35.5595 44.2291
108.9 54.4095 22.6146 35.5095 44.2844
109 54.4595 22.5594 35.4595 44.3396
109.1 54.5095 22.5042 35.4096 44.3948
109.2 54.5596 22.4491 35.3596 44.4499
109.3 54.6096 22.394 35.3096 44.505
109.4 54.6596 22.3389 35.2596 44.5601
109.5 54.7096 22.2838 35.2097 44.6152
109.6 54.7597 22.2288 35.1597 44.6702
109.7 54.8097 22.1738 35.1097 44.7252
109.8 54.8597 22.1189 35.0597 44.7801
109.9 54.9097 22.064 35.0098 44.835
110 54.9598 22.0091 34.9598 44.8899
110.1 55.0098 21.9543 34.9098 44.9447
110.2 55.0598 21.8994 34.8598 44.9996
110.3 55.1098 21.8447 34.8099 45.0543
110.4 55.1599 21.7899 34.7599 45.1091
110.5 55.2099 21.7352 34.7099 45.1638
110.6 55.2599 21.6806 34.6599 45.2184
110.7 55.3099 21.6259 34.61 45.2731
110.8 55.36 21.5713 34.56 45.3277
110.9 55.41 21.5168 34.51 45.3822
111 55.46 21.4623 34.46 45.4367
111.1 55.51 21.4078 34.4101 45.4912
111.2 55.5601 21.3533 34.3601 45.5457
111.3 55.6101 21.2989 34.3101 45.6001
111.4 55.6601 21.2446 34.2602 45.6544
111.5 55.7102 21.1902 34.2102 45.7088
111.6 55.7602 21.1359 34.1602 45.7631
111.7 55.8102 21.0817 34.1102 45.8173
111.8 55.8602 21.0274 34.0603 45.8716
111.9 55.9103 20.9732 34.0103 45.9258
112 55.9603 20.9191 33.9603 45.9799
112.1 56.0103 20.865 33.9103 46.034
112.2 56.0604 20.8109 33.8604 46.0881
112.3 56.1104 20.7569 33.8104 46.1421
112.4 56.1604 20.7029 33.7604 46.1961
112.5 56.2104 20.6489 33.7105 46.2501
112.6 56.2605 20.595 33.6605 46.304
112.7 56.3105 20.5411 33.6105 46.3579
112.8 56.3605 20.4873 33.5605 46.4117
112.9 56.4106 20.4335 33.5106 46.4655
113 56.4606 20.3797 33.4606 46.5193
113.1 56.5106 20.326 33.4106 46.573
113.2 56.5606 20.2723 33.3607 46.6267
113.3 56.6107 20.2187 33.3107 46.6803
113.4 56.6607 20.1651 33.2607 46.7339
113.5 56.7107 20.1115 33.2108 46.7875
113.6 56.7608 20.058 33.1608 46.841
113.7 56.8108 20.0045 33.1108 46.8945
113.8 56.8608 19.9511 33.0608 46.9479
113.9 56.9108 19.8977 33.0109 47.0013
114 56.9609 19.8444 32.9609 47.0546
114.1 57.0109 19.7911 32.9109 47.1079
114.2 57.0609 19.7378 32.861 47.1612
114.3 57.111 19.6846 32.811 47.2144
114.4 57.161 19.6314 32.761 47.2676
114.5 57.211 19.5782 32.7111 47.3208
114.6 57.2611 19.5251 32.6611 47.3739
114.7 57.3111 19.4721 32.6111 47.4269
114.8 57.3611 19.419 32.5611 47.48
114.9 57.4112 19.3661 32.5112 47.5329
115 57.4612 19.3131 32.4612 47.5859
115.1 57.5112 19.2602 32.4112 47.6388
115.2 57.5613 19.2074 32.3613 47.6916
115.3 57.6113 19.1546 32.3113 47.7444
115.4 57.6613 19.1018 32.2613 47.7972
115.5 57.7113 19.0491 32.2114 47.8499
115.6 57.7614 18.9964 32.1614 47.9026
115.7 57.8114 18.9438 32.1114 47.9552
115.8 57.8614 18.8912 32.0615 48.0078
115.9 57.9115 18.8387 32.0115 48.0603
116 57.9615 18.7862 31.9615 48.1128
116.1 58.0115 18.7338 31.9116 48.1652
116.2 58.0616 18.6813 31.8616 48.2177
116.3 58.1116 18.629 31.8116 48.27
116.4 58.1616 18.5767 31.7617 48.3223
116.5 58.2117 18.5244 31.7117 48.3746
116.6 58.2617 18.4722 31.6617 48.4268
116.7 58.3117 18.42 31.6118 48.479
116.8 58.3618 18.3679 31.5618 48.5311
116.9 58.4118 18.3158 31.5118 48.5832
117 58.4618 18.2637 31.4619 48.6353
117.1 58.5119 18.2118 31.4119 48.6872
117.2 58.5619 18.1598 31.3619 48.7392
117.3 58.6119 18.1079 31.312 48.7911
117.4 58.662 18.056 31.262 48.843
117.5 58.712 18.0042 31.212 48.8948
117.6 58.762 17.9525 31.1621 48.9465
117.7 58.8121 17.9008 31.1121 48.9982
117.8 58.8621 17.8491 31.0621 49.0499
117.9 58.9122 17.7975 31.0122 49.1015
118 58.9622 17.7459 30.9622 49.1531
118.1 59.0122 17.6944 30.9122 49.2046
118.2 59.0623 17.6429 30.8623 49.2561
118.3 59.1123 17.5915 30.8123 49.3075
118.4 59.1623 17.5401 30.7624 49.3589
118.5 59.2124 17.4888 30.7124 49.4102
118.6 59.2624 17.4375 30.6624 49.4615
118.7 59.3124 17.3863 30.6125 49.5127
118.8 59.3625 17.3351 30.5625 49.5639
118.9 59.4125 17.2839 30.5125 49.6151
119 59.4625 17.2329 30.4626 49.6661
119.1 59.5126 17.1818 30.4126 49.7172
119.2 59.5626 17.1308 30.3626 49.7682
119.3 59.6127 17.0799 30.3127 49.8191
119.4 59.6627 17.029 30.2627 49.87
119.5 59.7127 16.9782 30.2128 49.9208
119.6 59.7628 16.9274 30.1628 49.9716
119.7 59.8128 16.8767 30.1128 50.0223
119.8 59.8628 16.826 30.0629 50.073
119.9 59.9129 16.7753 30.0129 50.1237
120 59.9629 16.7248 29.9629 50.1743
120.1 60.0129 16.6742 29.913 50.2248
120.2 60.063 16.6237 29.863 50.2753
120.3 60.113 16.5733 29.8131 50.3257
120.4 60.1631 16.5229 29.7631 50.3761
120.5 60.2131 16.4726 29.7131 50.4264
120.6 60.2631 16.4223 29.6632 50.4767
120.7 60.3132 16.3721 29.6132 50.5269
120.8 60.3632 16.3219 29.5632 50.5771
120.9 60.4133 16.2718 29.5133 50.6272
121 60.4633 16.2217 29.4633 50.6773
121.1 60.5133 16.1717 29.4134 50.7273
121.2 60.5634 16.1218 29.3634 50.7772
121.3 60.6134 16.0718 29.3134 50.8272
121.4 60.6634 16.022 29.2635 50.877
121.5 60.7135 15.9722 29.2135 50.9268
121.6 60.7635 15.9224 29.1636 50.9766
121.7 60.8136 15.8727 29.1136 51.0263
121.8 60.8636 15.8231 29.0636 51.0759
121.9 60.9136 15.7735 29.0137 51.1255
122 60.9637 15.724 28.9637 51.175
122.1 61.0137 15.6745 28.9137 51.2245
122.2 61.0638 15.6251 28.8638 51.2739
122.3 61.1138 15.5757 28.8138 51.3233
122.4 61.1638 15.5264 28.7639 51.3726
122.5 61.2139 15.4771 28.7139 51.4219
122.6 61.2639 15.4279 28.6639 51.4711
122.7 61.314 15.3787 28.614 51.5203
122.8 61.364 15.3296 28.564 51.5694
122.9 61.414 15.2806 28.5141 51.6184
123 61.4641 15.2316 28.4641 51.6674
123.1 61.5141 15.1827 28.4142 51.7163
123.2 61.5642 15.1338 28.3642 51.7652
123.3 61.6142 15.085 28.3142 51.814
123.4 61.6642 15.0362 28.2643 51.8628
123.5 61.7143 14.9875 28.2143 51.9115
123.6 61.7643 14.9388 28.1644 51.9602
123.7 61.8144 14.8902 28.1144 52.0088
123.8 61.8644 14.8417 28.0644 52.0573
123.9 61.9145 14.7932 28.0145 52.1058
124 61.9645 14.7448 27.9645 52.1542
124.1 62.0145 14.6964 27.9146 52.2026
124.2 62.0646 14.6481 27.8646 52.2509
124.3 62.1146 14.5998 27.8146 52.2992
124.4 62.1647 14.5516 27.7647 52.3474
124.5 62.2147 14.5035 27.7147 52.3955
124.6 62.2647 14.4554 27.6648 52.4436
124.7 62.3148 14.4074 27.6148 52.4916
124.8 62.3648 14.3594 27.5649 52.5396
124.9 62.4149 14.3115 27.5149 52.5875
125 62.4649 14.2637 27.4649 52.6353
125.1 62.515 14.2159 27.415 52.6831
125.2 62.565 14.1681 27.365 52.7309
125.3 62.615 14.1205 27.3151 52.7785
125.4 62.6651 14.0728 27.2651 52.8262
125.5 62.7151 14.0253 27.2152 52.8737
125.6 62.7652 13.9778 27.1652 52.9212
125.7 62.8152 13.9303 27.1152 52.9687
125.8 62.8653 13.883 27.0653 53.016
125.9 62.9153 13.8356 27.0153 53.0634
126 62.9653 13.7884 26.9654 53.1106
126.1 63.0154 13.7412 26.9154 53.1578
126.2 63.0654 13.694 26.8655 53.205
126.3 63.1155 13.647 26.8155 53.252
126.4 63.1655 13.5999 26.7656 53.2991
126.5 63.2156 13.553 26.7156 53.346
126.6 63.2656 13.5061 26.6656 53.3929
126.7 63.3157 13.4592 26.6157 53.4398
126.8 63.3657 13.4125 26.5657 53.4865
126.9 63.4157 13.3657 26.5158 53.5333
127 63.4658 13.3191 26.4658 53.5799
127.1 63.5158 13.2725 26.4159 53.6265
127.2 63.5659 13.226 26.3659 53.673
127.3 63.6159 13.1795 26.316 53.7195
127.4 63.666 13.1331 26.266 53.7659
127.5 63.716 13.0867 26.2161 53.8123
127.6 63.7661 13.0404 26.1661 53.8586
127.7 63.8161 12.9942 26.1161 53.9048
127.8 63.8662 12.9481 26.0662 53.9509
127.9 63.9162 12.902 26.0162 53.997
128 63.9662 12.8559 25.9663 54.0431
128.1 64.0163 12.81 25.9163 54.089
128.2 64.0663 12.764 25.8664 54.135
128.3 64.1164 12.7182 25.8164 54.1808
128.4 64.1664 12.6724 25.7665 54.2266
128.5 64.2165 12.6267 25.7165 54.2723
128.6 64.2665 12.581 25.6666 54.318
128.7 64.3166 12.5354 25.6166 54.3636
128.8 64.3666 12.4899 25.5667 54.4091
128.9 64.4167 12.4444 25.5167 54.4546
129 64.4667 12.399 25.4667 54.5
129.1 64.5168 12.3537 25.4168 54.5453
129.2 64.5668 12.3084 25.3668 54.5906
129.3 64.6169 12.2632 25.3169 54.6358
129.4 64.6669 12.2181 25.2669 54.6809
129.5 64.7169 12.173 25.217 54.726
129.6 64.767 12.128 25.167 54.771
129.7 64.817 12.083 25.1171 54.816
129.8 64.8671 12.0382 25.0671 54.8608
129.9 64.9171 11.9933 25.0172 54.9057
130 64.9672 11.9486 24.9672 54.9504
130.1 65.0172 11.9039 24.9173 54.9951
130.2 65.0673 11.8593 24.8673 55.0397
130.3 65.1173 11.8147 24.8174 55.0843
130.4 65.1674 11.7702 24.7674 55.1288
130.5 65.2174 11.7258 24.7175 55.1732
130.6 65.2675 11.6814 24.6675 55.2176
130.7 65.3175 11.6371 24.6176 55.2619
130.8 65.3676 11.5929 24.5676 55.3061
130.9 65.4176 11.5487 24.5177 55.3503
131 65.4677 11.5047 24.4677 55.3943
131.1 65.5177 11.4606 24.4178 55.4384
131.2 65.5678 11.4167 24.3678 55.4823
131.3 65.6178 11.3728 24.3179 55.5262
131.4 65.6679 11.3289 24.2679 55.5701
131.5 65.7179 11.2852 24.218 55.6138
131.6 65.768 11.2415 24.168 55.6575
131.7 65.818 11.1979 24.1181 55.7011
131.8 65.8681 11.1543 24.0681 55.7447
131.9 65.9181 11.1108 24.0182 55.7882
132 65.9682 11.0674 23.9682 55.8316
132.1 66.0182 11.0241 23.9183 55.8749
132.2 66.0683 10.9808 23.8683 55.9182
132.3 66.1183 10.9376 23.8184 55.9614
132.4 66.1684 10.8944 23.7684 56.0046
132.5 66.2184 10.8513 23.7185 56.0477
132.6 66.2685 10.8083 23.6685 56.0907
132.7 66.3185 10.7654 23.6186 56.1336
132.8 66.3686 10.7225 23.5686 56.1765
132.9 66.4186 10.6797 23.5187 56.2193
133 66.4687 10.637 23.4687 56.262
133.1 66.5187 10.5943 23.4188 56.3047
133.2 66.5688 10.5517 23.3688 56.3473
133.3 66.6188 10.5092 23.3189 56.3898
133.4 66.6689 10.4668 23.2689 56.4322
133.5 66.7189 10.4244 23.219 56.4746
133.6 66.769 10.3821 23.169 56.5169
133.7 66.819 10.3398 23.1191 56.5592
133.8 66.8691 10.2977 23.0691 56.6013
133.9 66.9191 10.2556 23.0192 56.6434
134 66.9692 10.2135 22.9692 56.6855
134.1 67.0192 10.1716 22.9193 56.7274
134.2 67.0693 10.1297 22.8693 56.7693
134.3 67.1193 10.0879 22.8194 56.8111
134.4 67.1694 10.0461 22.7694 56.8529
134.5 67.2194 10.0044 22.7195 56.8946
134.6 67.2695 9.96283 22.6695 56.9362
134.7 67.3196 9.9213 22.6196 56.9777
134.8 67.3696 9.87984 22.5696 57.0192
134.9 67.4197 9.83845 22.5197 57.0606
135 67.4697 9.79713 22.4697 57.1019
135.1 67.5198 9.75589 22.4198 57.1431
135.2 67.5698 9.71471 22.3698 57.1843
135.3 67.6199 9.67361 22.3199 57.2254
135.4 67.6699 9.63258 22.27 57.2664
135.5 67.72 9.59163 22.22 57.3074
135.6 67.77 9.55075 22.1701 57.3483
135.7 67.8201 9.50994 22.1201 57.3891
135.8 67.8701 9.4692 22.0702 57.4298
135.9 67.9202 9.42853 22.0202 57.4705
136 67.9702 9.38794 21.9703 57.5111
136.1 68.0203 9.34743 21.9203 57.5516
136.2 68.0704 9.30698 21.8704 57.592
136.3 68.1204 9.26661 21.8204 57.6324
136.4 68.1705 9.22631 21.7705 57.6727
136.5 68.2205 9.18609 21.7205 57.7129
136.6 68.2706 9.14594 21.6706 57.7531
136.7 68.3206 9.10587 21.6207 57.7931
136.8 68.3707 9.06586 21.5707 57.8331
136.9 68.4207 9.02594 21.5208 57.8731
137 68.4708 8.98608 21.4708 57.9129
137.1 68.5208 8.94631 21.4209 57.9527
137.2 68.5709 8.9066 21.3709 57.9924
137.3 68.621 8.86697 21.321 58.032
137.4 68.671 8.82742 21.271 58.0716
137.5 68.7211 8.78794 21.2211 58.1111
137.6 68.7711 8.74854 21.1711 58.1505
137.7 68.8212 8.70921 21.1212 58.1898
137.8 68.8712 8.66996 21.0713 58.229
137.9 68.9213 8.63078 21.0213 58.2682
138 68.9713 8.59168 20.9714 58.3073
138.1 69.0214 8.55265 20.9214 58.3463
138.2 69.0714 8.5137 20.8715 58.3853
138.3 69.1215 8.47483 20.8215 58.4242
138.4 69.1716 8.43603 20.7716 58.463
138.5 69.2216 8.39731 20.7216 58.5017
138.6 69.2717 8.35866 20.6717 58.5403
138.7 69.3217 8.32009 20.6218 58.5789
138.8 69.3718 8.2816 20.5718 58.6174
138.9 69.4218 8.24318 20.5219 58.6558
139 69.4719 8.20484 20.4719 58.6942
139.1 69.522 8.16658 20.422 58.7324
139.2 69.572 8.12839 20.372 58.7706
139.3 69.6221 8.09029 20.3221 58.8087
139.4 69.6721 8.05225 20.2722 58.8467
139.5 69.7222 8.0143 20.2222 58.8847
139.6 69.7722 7.97642 20.1723 58.9226
139.7 69.8223 7.93863 20.1223 58.9604
139.8 69.8724 7.9009 20.0724 58.9981
139.9 69.9224 7.86326 20.0224 59.0357
140 69.9725 7.8257 19.9725 59.0733
140.1 70.0225 7.78821 19.9226 59.1108
140.2 70.0726 7.7508 19.8726 59.1482
140.3 70.1226 7.71347 19.8227 59.1855
140.4 70.1727 7.67622 19.7727 59.2228
140.5 70.2228 7.63904 19.7228 59.26
140.6 70.2728 7.60195 19.6728 59.2971
140.7 70.3229 7.56493 19.6229 59.3341
140.8 70.3729 7.52799 19.573 59.371
140.9 70.423 7.49114 19.523 59.4079
141 70.473 7.45436 19.4731 59.4446
141.1 70.5231 7.41766 19.4231 59.4813
141.2 70.5732 7.38103 19.3732 59.518
141.3 70.6232 7.34449 19.3232 59.5545
141.4 70.6733 7.30803 19.2733 59.591
141.5 70.7233 7.27165 19.2234 59.6274
141.6 70.7734 7.23535 19.1734 59.6637
141.7 70.8235 7.19912 19.1235 59.6999
141.8 70.8735 7.16298 19.0735 59.736
141.9 70.9236 7.12692 19.0236 59.7721
142 70.9736 7.09093 18.9737 59.8081
142.1 71.0237 7.05503 18.9237 59.844
142.2 71.0737 7.01921 18.8738 59.8798
142.3 71.1238 6.98347 18.8238 59.9155
142.4 71.1739 6.94781 18.7739 59.9512
142.5 71.2239 6.91223 18.724 59.9868
142.6 71.274 6.87673 18.674 60.0223
142.7 71.324 6.84131 18.6241 60.0577
142.8 71.3741 6.80597 18.5741 60.093
142.9 71.4242 6.77072 18.5242 60.1283
143 71.4742 6.73554 18.4743 60.1635
143.1 71.5243 6.70045 18.4243 60.1986
143.2 71.5743 6.66544 18.3744 60.2336
143.3 71.6244 6.63051 18.3244 60.2685
143.4 71.6745 6.59566 18.2745 60.3033
143.5 71.7245 6.56089 18.2246 60.3381
143.6 71.7746 6.5262 18.1746 60.3728
143.7 71.8246 6.4916 18.1247 60.4074
143.8 71.8747 6.45708 18.0747 60.4419
143.9 71.9248 6.42264 18.0248 60.4764
144 71.9748 6.38829 17.9749 60.5107
144.1 72.0249 6.35401 17.9249 60.545
144.2 72.0749 6.31982 17.875 60.5792
144.3 72.125 6.28571 17.825 60.6133
144.4 72.1751 6.25169 17.7751 60.6473
144.5 72.2251 6.21774 17.7252 60.6813
144.6 72.2752 6.18388 17.6752 60.7151
144.7 72.3252 6.15011 17.6253 60.7489
144.8 72.3753 6.11641 17.5753 60.7826
144.9 72.4254 6.0828 17.5254 60.8162
145 72.4754 6.04927 17.4755 60.8497
145.1 72.5255 6.01583 17.4255 60.8832
145.2 72.5756 5.98247 17.3756 60.9165
145.3 72.6256 5.94919 17.3256 60.9498
145.4 72.6757 5.916 17.2757 60.983
145.5 72.7257 5.88289 17.2258 61.0161
145.6 72.7758 5.84987 17.1758 61.0491
145.7 72.8259 5.81693 17.1259 61.0821
145.8 72.8759 5.78407 17.076 61.1149
145.9 72.926 5.7513 17.026 61.1477
146 72.976 5.71861 16.9761 61.1804
146.1 73.0261 5.686 16.9261 61.213
146.2 73.0762 5.65348 16.8762 61.2455
146.3 73.1262 5.62105 16.8263 61.2779
146.4 73.1763 5.5887 16.7763 61.3103
146.5 73.2264 5.55644 16.7264 61.3426
146.6 73.2764 5.52426 16.6764 61.3747
146.7 73.3265 5.49216 16.6265 61.4068
146.8 73.3765 5.46015 16.5766 61.4388
146.9 73.4266 5.42823 16.5266 61.4708
147 73.4767 5.39639 16.4767 61.5026
147.1 73.5267 5.36464 16.4268 61.5344
147.2 73.5768 5.33297 16.3768 61.566
147.3 73.6269 5.30139 16.3269 61.5976
147.4 73.6769 5.26989 16.2769 61.6291
147.5 73.727 5.23848 16.227 61.6605
147.6 73.777 5.20715 16.1771 61.6918
147.7 73.8271 5.17591 16.1271 61.7231
147.8 73.8772 5.14476 16.0772 61.7542
147.9 73.9272 5.1137 16.0273 61.7853
148 73.9773 5.08272 15.9773 61.8163
148.1 74.0274 5.05182 15.9274 61.8472
148.2 74.0774 5.02101 15.8775 61.878
148.3 74.1275 4.99029 15.8275 61.9087
148.4 74.1776 4.95966 15.7776 61.9393
148.5 74.2276 4.92911 15.7276 61.9699
148.6 74.2777 4.89865 15.6777 62.0003
148.7 74.3277 4.86828 15.6278 62.0307
148.8 74.3778 4.83799 15.5778 62.061
148.9 74.4279 4.80779 15.5279 62.0912
149 74.4779 4.77768 15.478 62.1213
149.1 74.528 4.74766 15.428 62.1513
149.2 74.5781 4.71772 15.3781 62.1813
149.3 74.6281 4.68787 15.3282 62.2111
149.4 74.6782 4.65811 15.2782 62.2409
149.5 74.7283 4.62844 15.2283 62.2706
149.6 74.7783 4.59885 15.1783 62.3002
149.7 74.8284 4.56935 15.1284 62.3296
149.8 74.8785 4.53994 15.0785 62.3591
149.9 74.9285 4.51062 15.0285 62.3884
150 74.9786 4.48138 14.9786 62.4176
150.1 75.0286 4.45224 14.9287 62.4468
150.2 75.0787 4.42318 14.8787 62.4758
150.3 75.1288 4.39421 14.8288 62.5048
150.4 75.1788 4.36533 14.7789 62.5337
150.5 75.2289 4.33654 14.7289 62.5625
150.6 75.279 4.30783 14.679 62.5912
150.7 75.329 4.27922 14.6291 62.6198
150.8 75.3791 4.25069 14.5791 62.6483
150.9 75.4292 4.22226 14.5292 62.6767
151 75.4792 4.19391 14.4793 62.7051
151.1 75.5293 4.16565 14.4293 62.7334
151.2 75.5794 4.13748 14.3794 62.7615
151.3 75.6294 4.1094 14.3295 62.7896
151.4 75.6795 4.08141 14.2795 62.8176
151.5 75.7296 4.05351 14.2296 62.8455
151.6 75.7796 4.0257 14.1797 62.8733
151.7 75.8297 3.99797 14.1297 62.901
151.8 75.8798 3.97034 14.0798 62.9287
151.9 75.9298 3.9428 14.0298 62.9562
152 75.9799 3.91534 13.9799 62.9837
152.1 76.03 3.88798 13.93 63.011
152.2 76.08 3.86071 13.88 63.0383
152.3 76.1301 3.83353 13.8301 63.0655
152.4 76.1802 3.80643 13.7802 63.0926
152.5 76.2302 3.77943 13.7302 63.1196
152.6 76.2803 3.75252 13.6803 63.1465
152.7 76.3304 3.7257 13.6304 63.1733
152.8 76.3804 3.69897 13.5804 63.2
152.9 76.4305 3.67233 13.5305 63.2267
153 76.4806 3.64578 13.4806 63.2532
153.1 76.5306 3.61932 13.4306 63.2797
153.2 76.5807 3.59295 13.3807 63.306
153.3 76.6308 3.56667 13.3308 63.3323
153.4 76.6808 3.54049 13.2808 63.3585
153.5 76.7309 3.51439 13.2309 63.3846
153.6 76.781 3.48839 13.181 63.4106
153.7 76.831 3.46248 13.131 63.4365
153.8 76.8811 3.43666 13.0811 63.4623
153.9 76.9312 3.41093 13.0312 63.4881
154 76.9812 3.38529 12.9812 63.5137
154.1 77.0313 3.35974 12.9313 63.5393
154.2 77.0814 3.33429 12.8814 63.5647
154.3 77.1314 3.30892 12.8314 63.5901
154.4 77.1815 3.28365 12.7815 63.6153
154.5 77.2316 3.25847 12.7316 63.6405
154.6 77.2816 3.23339 12.6816 63.6656
154.7 77.3317 3.20839 12.6317 63.6906
154.8 77.3818 3.18349 12.5818 63.7155
154.9 77.4318 3.15868 12.5319 63.7403
155 77.4819 3.13396 12.4819 63.765
155.1 77.532 3.10933 12.432 63.7897
155.2 77.582 3.0848 12.3821 63.8142
155.3 77.6321 3.06036 12.3321 63.8386
155.4 77.6822 3.03601 12.2822 63.863
155.5 77.7322 3.01175 12.2323 63.8872
155.6 77.7823 2.98759 12.1823 63.9114
155.7 77.8324 2.96352 12.1324 63.9355
155.8 77.8824 2.93954 12.0825 63.9595
155.9 77.9325 2.91565 12.0325 63.9833
156 77.9826 2.89186 11.9826 64.0071
156.1 78.0326 2.86816 11.9327 64.0308
156.2 78.0827 2.84456 11.8827 64.0544
156.3 78.1328 2.82104 11.8328 64.078
156.4 78.1828 2.79762 11.7829 64.1014
156.5 78.2329 2.7743 11.7329 64.1247
156.6 78.283 2.75107 11.683 64.1479
156.7 78.3331 2.72793 11.6331 64.1711
156.8 78.3831 2.70488 11.5831 64.1941
156.9 78.4332 2.68193 11.5332 64.2171
157 78.4833 2.65907 11.4833 64.2399
157.1 78.5333 2.63631 11.4334 64.2627
157.2 78.5834 2.61364 11.3834 64.2854
157.3 78.6335 2.59106 11.3335 64.3079
157.4 78.6835 2.56858 11.2836 64.3304
157.5 78.7336 2.54619 11.2336 64.3528
157.6 78.7837 2.5239 11.1837 64.3751
157.7 78.8337 2.5017 11.1338 64.3973
157.8 78.8838 2.47959 11.0838 64.4194
157.9 78.9339 2.45758 11.0339 64.4414
158 78.984 2.43566 10.984 64.4633
158.1 79.034 2.41384 10.934 64.4852
158.2 79.0841 2.39211 10.8841 64.5069
158.3 79.1342 2.37048 10.8342 64.5285
158.4 79.1842 2.34894 10.7843 64.5501
158.5 79.2343 2.3275 10.7343 64.5715
158.6 79.2844 2.30615 10.6844 64.5929
158.7 79.3344 2.28489 10.6345 64.6141
158.8 79.3845 2.26374 10.5845 64.6353
158.9 79.4346 2.24267 10.5346 64.6563
159 79.4846 2.2217 10.4847 64.6773
159.1 79.5347 2.20083 10.4347 64.6982
159.2 79.5848 2.18005 10.3848 64.719
159.3 79.6349 2.15936 10.3349 64.7396
159.4 79.6849 2.13878 10.2849 64.7602
159.5 79.735 2.11828 10.235 64.7807
159.6 79.7851 2.09789 10.1851 64.8011
159.7 79.8351 2.07758 10.1352 64.8214
159.8 79.8852 2.05738 10.0852 64.8416
159.9 79.9353 2.03727 10.0353 64.8617
160 79.9853 2.01725 9.98537 64.8817
160.1 80.0354 1.99733 9.93544 64.9017
160.2 80.0855 1.97751 9.88551 64.9215
160.3 80.1356 1.95778 9.83558 64.9412
160.4 80.1856 1.93815 9.78565 64.9609
160.5 80.2357 1.91861 9.73572 64.9804
160.6 80.2858 1.89917 9.68579 64.9998
160.7 80.3358 1.87983 9.63586 65.0192
160.8 80.3859 1.86058 9.58593 65.0384
160.9 80.436 1.84143 9.536 65.0576
161 80.4861 1.82238 9.48607 65.0766
161.1 80.5361 1.80342 9.43614 65.0956
161.2 80.5862 1.78456 9.38621 65.1144
161.3 80.6363 1.76579 9.33628 65.1332
161.4 80.6863 1.74712 9.28635 65.1519
161.5 80.7364 1.72855 9.23643 65.1705
161.6 80.7865 1.71007 9.1865 65.1889
161.7 80.8365 1.69169 9.13657 65.2073
161.8 80.8866 1.67341 9.08664 65.2256
161.9 80.9367 1.65522 9.03671 65.2438
162 80.9868 1.63714 8.98678 65.2619
162.1 81.0368 1.61914 8.93685 65.2799
162.2 81.0869 1.60125 8.88692 65.2978
162.3 81.137 1.58345 8.83699 65.3156
162.4 81.187 1.56575 8.78706 65.3333
162.5 81.2371 1.54814 8.73714 65.3509
162.6 81.2872 1.53064 8.68721 65.3684
162.7 81.3373 1.51323 8.63728 65.3858
162.8 81.3873 1.49592 8.58735 65.4031
162.9 81.4374 1.4787 8.53742 65.4203
163 81.4875 1.46158 8.48749 65.4374
163.1 81.5375 1.44456 8.43756 65.4544
163.2 81.5876 1.42764 8.38763 65.4714
163.3 81.6377 1.41082 8.33771 65.4882
163.4 81.6878 1.39409 8.28778 65.5049
163.5 81.7378 1.37746 8.23785 65.5215
163.6 81.7879 1.36093 8.18792 65.5381
163.7 81.838 1.34449 8.13799 65.5545
163.8 81.888 1.32816 8.08806 65.5708
163.9 81.9381 1.31192 8.03814 65.5871
164 81.9882 1.29578 7.98821 65.6032
164.1 82.0383 1.27973 7.93828 65.6193
164.2 82.0883 1.26379 7.88835 65.6352
164.3 82.1384 1.24794 7.83842 65.6511
164.4 82.1885 1.23219 7.7885 65.6668
164.5 82.2386 1.21654 7.73857 65.6825
164.6 82.2886 1.20099 7.68864 65.698
164.7 82.3387 1.18554 7.63871 65.7135
164.8 82.3888 1.17018 7.58878 65.7288
164.9 82.4388 1.15492 7.53886 65.7441
165 82.4889 1.13976 7.48893 65.7592
165.1 82.539 1.1247 7.439 65.7743
165.2 82.5891 1.10974 7.38907 65.7893
165.3 82.6391 1.09488 7.33914 65.8041
165.4 82.6892 1.08011 7.28922 65.8189
165.5 82.7393 1.06545 7.23929 65.8336
165.6 82.7893 1.05088 7.18936 65.8481
165.7 82.8394 1.03641 7.13943 65.8626
165.8 82.8895 1.02204 7.08951 65.877
165.9 82.9396 1.00777 7.03958 65.8912
166 82.9896 0.993593 6.98965 65.9054
166.1 83.0397 0.979519 6.93972 65.9195
166.2 83.0898 0.965544 6.8898 65.9335
166.3 83.1399 0.951668 6.83987 65.9473
166.4 83.1899 0.937891 6.78994 65.9611
166.5 83.24 0.924212 6.74001 65.9748
166.6 83.2901 0.910633 6.69009 65.9884
166.7 83.3401 0.897153 6.64016 66.0018
166.8 83.3902 0.883772 6.59023 66.0152
166.9 83.4403 0.870491 6.5403 66.0285
167 83.4904 0.857309 6.49038 66.0417
167.1 83.5404 0.844225 6.44045 66.0548
167.2 83.5905 0.831242 6.39052 66.0678
167.3 83.6406 0.818357 6.34059 66.0806
167.4 83.6907 0.805572 6.29067 66.0934
167.5 83.7407 0.792887 6.24074 66.1061
167.6 83.7908 0.780301 6.19081 66.1187
167.7 83.8409 0.767814 6.14089 66.1312
167.8 83.8909 0.755427 6.09096 66.1436
167.9 83.941 0.74314 6.04103 66.1559
168 83.9911 0.730952 5.99111 66.168
168.1 84.0412 0.718864 5.94118 66.1801
168.2 84.0912 0.706875 5.89125 66.1921
168.3 84.1413 0.694987 5.84132 66.204
168.4 84.1914 0.683198 5.7914 66.2158
168.5 84.2415 0.671509 5.74147 66.2275
168.6 84.2915 0.659919 5.69154 66.2391
168.7 84.3416 0.64843 5.64162 66.2506
168.8 84.3917 0.637041 5.59169 66.262
168.9 84.4418 0.625751 5.54176 66.2732
169 84.4918 0.614562 5.49184 66.2844
169.1 84.5419 0.603472 5.44191 66.2955
169.2 84.592 0.592483 5.39198 66.3065
169.3 84.642 0.581593 5.34206 66.3174
169.4 84.6921 0.570804 5.29213 66.3282
169.5 84.7422 0.560115 5.2422 66.3389
169.6 84.7923 0.549526 5.19228 66.3495
169.7 84.8423 0.539037 5.14235 66.36
169.8 84.8924 0.528649 5.09242 66.3704
169.9 84.9425 0.518361 5.0425 66.3806
170 84.9926 0.508173 4.99257 66.3908
170.1 85.0426 0.498086 4.94264 66.4009
170.2 85.0927 0.488098 4.89272 66.4109
170.3 85.1428 0.478212 4.84279 66.4208
170.4 85.1929 0.468426 4.79287 66.4306
170.5 85.2429 0.45874 4.74294 66.4403
170.6 85.293 0.449154 4.69301 66.4498
170.7 85.3431 0.43967 4.64309 66.4593
170.8 85.3932 0.430286 4.59316 66.4687
170.9 85.4432 0.421002 4.54323 66.478
171 85.4933 0.411819 4.49331 66.4872
171.1 85.5434 0.402736 4.44338 66.4963
171.2 85.5934 0.393755 4.39346 66.5052
171.3 85.6435 0.384874 4.34353 66.5141
171.4 85.6936 0.376093 4.2936 66.5229
171.5 85.7437 0.367414 4.24368 66.5316
171.6 85.7937 0.358835 4.19375 66.5402
171.7 85.8438 0.350357 4.14382 66.5486
171.8 85.8939 0.34198 4.0939 66.557
171.9 85.944 0.333704 4.04397 66.5653
172 85.994 0.325528 3.99405 66.5735
172.1 86.0441 0.317454 3.94412 66.5815
172.2 86.0942 0.30948 3.89419 66.5895
172.3 86.1443 0.301607 3.84427 66.5974
172.4 86.1943 0.293836 3.79434 66.6052
172.5 86.2444 0.286165 3.74442 66.6128
172.6 86.2945 0.278595 3.69449 66.6204
172.7 86.3446 0.271127 3.64456 66.6279
172.8 86.3946 0.263759 3.59464 66.6352
172.9 86.4447 0.256493 3.54471 66.6425
173 86.4948 0.249328 3.49479 66.6497
173.1 86.5449 0.242263 3.44486 66.6567
173.2 86.5949 0.2353 3.39493 66.6637
173.3 86.645 0.228438 3.34501 66.6706
173.4 86.6951 0.221678 3.29508 66.6773
173.5 86.7451 0.215018 3.24516 66.684
173.6 86.7952 0.20846 3.19523 66.6905
173.7 86.8453 0.202003 3.14531 66.697
173.8 86.8954 0.195647 3.09538 66.7034
173.9 86.9454 0.189393 3.04545 66.7096
174 86.9955 0.18324 2.99553 66.7158
174.1 87.0456 0.177188 2.9456 66.7218
174.2 87.0957 0.171238 2.89568 66.7278
174.3 87.1457 0.165389 2.84575 66.7336
174.4 87.1958 0.159641 2.79583 66.7394
174.5 87.2459 0.153995 2.7459 66.745
174.6 87.296 0.14845 2.69597 66.7505
174.7 87.346 0.143007 2.64605 66.756
174.8 87.3961 0.137665 2.59612 66.7613
174.9 87.4462 0.132424 2.5462 66.7666
175 87.4963 0.127285 2.49627 66.7717
175.1 87.5463 0.122248 2.44635 66.7768
175.2 87.5964 0.117312 2.39642 66.7817
175.3 87.6465 0.112478 2.34649 66.7865
175.4 87.6966 0.107745 2.29657 66.7913
175.5 87.7466 0.103114 2.24664 66.7959
175.6 87.7967 0.098584 2.19672 66.8004
175.7 87.8468 0.0941559 2.14679 66.8048
175.8 87.8969 0.0898294 2.09687 66.8092
175.9 87.9469 0.0856045 2.04694 66.8134
176 87.997 0.0814813 1.99702 66.8175
176.1 88.0471 0.0774597 1.94709 66.8215
176.2 88.0972 0.0735398 1.89716 66.8255
176.3 88.1472 0.0697215 1.84724 66.8293
176.4 88.1973 0.0660049 1.79731 66.833
176.5 88.2474 0.0623901 1.74739 66.8366
176.6 88.2975 0.0588769 1.69746 66.8401
176.7 88.3475 0.0554654 1.64754 66.8435
176.8 88.3976 0.0521557 1.59761 66.8468
176.9 88.4477 0.0489476 1.54769 66.8501
177 88.4978 0.0458414 1.49776 66.8532
177.1 88.5478 0.0428369 1.44784 66.8562
177.2 88.5979 0.0399341 1.39791 66.8591
177.3 88.648 0.0371331 1.34798 66.8619
177.4 88.6981 0.0344339 1.29806 66.8646
177.5 88.7481 0.0318365 1.24813 66.8672
177.6 88.7982 0.0293409 1.19821 66.8697
177.7 88.8483 0.0269471 1.14828 66.8721
177.8 88.8984 0.0246551 1.09836 66.8743
177.9 88.9484 0.0224649 1.04843 66.8765
178 88.9985 0.0203765 0.998507 66.8786
178.1 89.0486 0.01839 0.948582 66.8806
178.2 89.0987 0.0165053 0.898656 66.8825
178.3 89.1487 0.0147225 0.848731 66.8843
178.4 89.1988 0.0130415 0.798806 66.886
178.5 89.2489 0.0114623 0.74888 66.8875
178.6 89.299 0.00998502 0.698955 66.889
178.7 89.349 0.00860959 0.649029 66.8904
178.8 89.3991 0.00733603 0.599104 66.8917
178.9 89.4492 0.00616434 0.549179 66.8928
179 89.4993 0.00509452 0.499253 66.8939
179.1 89.5493 0.00412658 0.449328 66.8949
179.2 89.5994 0.00326052 0.399403 66.8957
179.3 89.6495 0.00249635 0.349477 66.8965
179.4 89.6996 0.00183406 0.299552 66.8972
179.5 89.7496 0.00127365 0.249627 66.8977
179.6 89.7997 0.000815141 0.199701 66.8982
179.7 89.8498 0.000458517 0.149776 66.8985
179.8 89.8999 0.000203786 0.0998507 66.8988
179.9 89.9499 5.09465e-05 0.0499253 66.8989
