#kinematics calculation of gsgs
#vertex z = 500 mm, E_reaction = 38.797 MeV
#theta_cm, theta3_lab, Ek3_lab, theta4_lab, Ek4_lab
0 0 38.797 0 0
0.1 0.0499567 38.797 89.95 2.95456e-05
0.2 0.0999133 38.7969 89.8999 0.000118182
0.3 0.14987 38.7967 89.8499 0.00026591
0.4 0.199827 38.7965 89.7998 0.000472728
0.5 0.249783 38.7963 89.7498 0.000738635
0.6 0.29974 38.7959 89.6997 0.00106363
0.7 0.349697 38.7956 89.6497 0.00144772
0.8 0.399653 38.7951 89.5997 0.00189089
0.9 0.44961 38.7946 89.5496 0.00239314
1 0.499567 38.794 89.4996 0.00295449
1.1 0.549523 38.7934 89.4495 0.00357491
1.2 0.59948 38.7927 89.3995 0.00425441
1.3 0.649437 38.792 89.3494 0.00499299
1.4 0.699393 38.7912 89.2994 0.00579065
1.5 0.74935 38.7904 89.2493 0.00664738
1.6 0.799307 38.7894 89.1993 0.00756318
1.7 0.849263 38.7885 89.1493 0.00853805
1.8 0.89922 38.7874 89.0992 0.00957199
1.9 0.949177 38.7863 89.0492 0.010665
2 0.999133 38.7852 88.9991 0.011817
2.1 1.04909 38.784 88.9491 0.0130282
2.2 1.09905 38.7827 88.899 0.0142983
2.3 1.149 38.7814 88.849 0.0156275
2.4 1.19896 38.78 88.799 0.0170158
2.5 1.24892 38.7785 88.7489 0.0184631
2.6 1.29887 38.777 88.6989 0.0199694
2.7 1.34883 38.7755 88.6488 0.0215348
2.8 1.39879 38.7738 88.5988 0.0231591
2.9 1.44874 38.7722 88.5487 0.0248425
3 1.4987 38.7704 88.4987 0.026585
3.1 1.54866 38.7686 88.4487 0.0283864
3.2 1.59861 38.7668 88.3986 0.0302468
3.3 1.64857 38.7648 88.3486 0.0321663
3.4 1.69853 38.7629 88.2985 0.0341447
3.5 1.74848 38.7608 88.2485 0.0361821
3.6 1.79844 38.7587 88.1984 0.0382785
3.7 1.8484 38.7566 88.1484 0.0404339
3.8 1.89835 38.7544 88.0984 0.0426482
3.9 1.94831 38.7521 88.0483 0.0449215
4 1.99827 38.7497 87.9983 0.0472538
4.1 2.04822 38.7474 87.9482 0.049645
4.2 2.09818 38.7449 87.8982 0.0520951
4.3 2.14814 38.7424 87.8481 0.0546042
4.4 2.19809 38.7398 87.7981 0.0571722
4.5 2.24805 38.7372 87.748 0.0597991
4.6 2.29801 38.7345 87.698 0.0624849
4.7 2.34797 38.7318 87.648 0.0652297
4.8 2.39792 38.729 87.5979 0.0680333
4.9 2.44788 38.7261 87.5479 0.0708958
5 2.49784 38.7232 87.4978 0.0738171
5.1 2.54779 38.7202 87.4478 0.0767974
5.2 2.59775 38.7172 87.3977 0.0798365
5.3 2.64771 38.7141 87.3477 0.0829344
5.4 2.69766 38.7109 87.2977 0.0860912
5.5 2.74762 38.7077 87.2476 0.0893068
5.6 2.79758 38.7044 87.1976 0.0925813
5.7 2.84753 38.7011 87.1475 0.0959145
5.8 2.89749 38.6977 87.0975 0.0993066
5.9 2.94745 38.6942 87.0474 0.102757
6 2.9974 38.6907 86.9974 0.106267
6.1 3.04736 38.6872 86.9474 0.109835
6.2 3.09732 38.6835 86.8973 0.113463
6.3 3.14727 38.6799 86.8473 0.117148
6.4 3.19723 38.6761 86.7972 0.120893
6.5 3.24719 38.6723 86.7472 0.124696
6.6 3.29715 38.6684 86.6971 0.128558
6.7 3.3471 38.6645 86.6471 0.132479
6.8 3.39706 38.6605 86.5971 0.136459
6.9 3.44702 38.6565 86.547 0.140497
7 3.49697 38.6524 86.497 0.144593
7.1 3.54693 38.6483 86.4469 0.148749
7.2 3.59689 38.644 86.3969 0.152963
7.3 3.64684 38.6398 86.3468 0.157236
7.4 3.6968 38.6354 86.2968 0.161567
7.5 3.74676 38.631 86.2468 0.165957
7.6 3.79672 38.6266 86.1967 0.170405
7.7 3.84667 38.6221 86.1467 0.174912
7.8 3.89663 38.6175 86.0966 0.179478
7.9 3.94659 38.6129 86.0466 0.184102
8 3.99654 38.6082 85.9965 0.188785
8.1 4.0465 38.6035 85.9465 0.193526
8.2 4.09646 38.5987 85.8965 0.198326
8.3 4.14642 38.5938 85.8464 0.203184
8.4 4.19637 38.5889 85.7964 0.208101
8.5 4.24633 38.5839 85.7463 0.213076
8.6 4.29629 38.5789 85.6963 0.218109
8.7 4.34624 38.5738 85.6462 0.223201
8.8 4.3962 38.5686 85.5962 0.228352
8.9 4.44616 38.5634 85.5462 0.233561
9 4.49612 38.5582 85.4961 0.238828
9.1 4.54607 38.5528 85.4461 0.244153
9.2 4.59603 38.5475 85.396 0.249537
9.3 4.64599 38.542 85.346 0.254979
9.4 4.69594 38.5365 85.2959 0.26048
9.5 4.7459 38.531 85.2459 0.266039
9.6 4.79586 38.5253 85.1959 0.271656
9.7 4.84582 38.5197 85.1458 0.277331
9.8 4.89577 38.5139 85.0958 0.283065
9.9 4.94573 38.5081 85.0457 0.288857
10 4.99569 38.5023 84.9957 0.294707
10.1 5.04565 38.4964 84.9456 0.300615
10.2 5.0956 38.4904 84.8956 0.306581
10.3 5.14556 38.4844 84.8456 0.312606
10.4 5.19552 38.4783 84.7955 0.318689
10.5 5.24547 38.4722 84.7455 0.32483
10.6 5.29543 38.466 84.6954 0.331029
10.7 5.34539 38.4597 84.6454 0.337286
10.8 5.39535 38.4534 84.5953 0.343601
10.9 5.4453 38.447 84.5453 0.349974
11 5.49526 38.4406 84.4953 0.356405
11.1 5.54522 38.4341 84.4452 0.362894
11.2 5.59518 38.4276 84.3952 0.369441
11.3 5.64513 38.421 84.3451 0.376047
11.4 5.69509 38.4143 84.2951 0.38271
11.5 5.74505 38.4076 84.245 0.389431
11.6 5.79501 38.4008 84.195 0.39621
11.7 5.84496 38.394 84.145 0.403046
11.8 5.89492 38.3871 84.0949 0.409941
11.9 5.94488 38.3801 84.0449 0.416893
12 5.99484 38.3731 83.9948 0.423904
12.1 6.04479 38.366 83.9448 0.430972
12.2 6.09475 38.3589 83.8947 0.438098
12.3 6.14471 38.3517 83.8447 0.445281
12.4 6.19467 38.3445 83.7947 0.452523
12.5 6.24463 38.3372 83.7446 0.459822
12.6 6.29458 38.3298 83.6946 0.467179
12.7 6.34454 38.3224 83.6445 0.474593
12.8 6.3945 38.3149 83.5945 0.482065
12.9 6.44446 38.3074 83.5445 0.489595
13 6.49441 38.2998 83.4944 0.497182
13.1 6.54437 38.2922 83.4444 0.504827
13.2 6.59433 38.2845 83.3943 0.51253
13.3 6.64429 38.2767 83.3443 0.52029
13.4 6.69425 38.2689 83.2942 0.528107
13.5 6.7442 38.261 83.2442 0.535982
13.6 6.79416 38.2531 83.1942 0.543915
13.7 6.84412 38.2451 83.1441 0.551904
13.8 6.89408 38.237 83.0941 0.559952
13.9 6.94403 38.2289 83.044 0.568056
14 6.99399 38.2208 82.994 0.576218
14.1 7.04395 38.2126 82.9439 0.584438
14.2 7.09391 38.2043 82.8939 0.592714
14.3 7.14387 38.196 82.8439 0.601048
14.4 7.19382 38.1876 82.7938 0.60944
14.5 7.24378 38.1791 82.7438 0.617888
14.6 7.29374 38.1706 82.6937 0.626394
14.7 7.3437 38.162 82.6437 0.634956
14.8 7.39366 38.1534 82.5937 0.643576
14.9 7.44361 38.1447 82.5436 0.652254
15 7.49357 38.136 82.4936 0.660988
15.1 7.54353 38.1272 82.4435 0.669779
15.2 7.59349 38.1184 82.3935 0.678628
15.3 7.64345 38.1095 82.3434 0.687533
15.4 7.69341 38.1005 82.2934 0.696495
15.5 7.74336 38.0915 82.2434 0.705515
15.6 7.79332 38.0824 82.1933 0.714591
15.7 7.84328 38.0733 82.1433 0.723724
15.8 7.89324 38.0641 82.0932 0.732914
15.9 7.9432 38.0548 82.0432 0.742161
16 7.99316 38.0455 81.9931 0.751465
16.1 8.04311 38.0362 81.9431 0.760826
16.2 8.09307 38.0268 81.8931 0.770243
16.3 8.14303 38.0173 81.843 0.779717
16.4 8.19299 38.0078 81.793 0.789248
16.5 8.24295 37.9982 81.7429 0.798835
16.6 8.29291 37.9885 81.6929 0.80848
16.7 8.34286 37.9788 81.6429 0.81818
16.8 8.39282 37.9691 81.5928 0.827938
16.9 8.44278 37.9592 81.5428 0.837752
17 8.49274 37.9494 81.4927 0.847622
17.1 8.5427 37.9395 81.4427 0.857549
17.2 8.59266 37.9295 81.3927 0.867533
17.3 8.64262 37.9194 81.3426 0.877573
17.4 8.69257 37.9093 81.2926 0.887669
17.5 8.74253 37.8992 81.2425 0.897822
17.6 8.79249 37.889 81.1925 0.908031
17.7 8.84245 37.8787 81.1424 0.918296
17.8 8.89241 37.8684 81.0924 0.928618
17.9 8.94237 37.858 81.0424 0.938996
18 8.99233 37.8476 80.9923 0.94943
18.1 9.04228 37.8371 80.9423 0.959921
18.2 9.09224 37.8265 80.8922 0.970467
18.3 9.1422 37.8159 80.8422 0.98107
18.4 9.19216 37.8053 80.7922 0.991729
18.5 9.24212 37.7946 80.7421 1.00244
18.6 9.29208 37.7838 80.6921 1.01321
18.7 9.34204 37.773 80.642 1.02404
18.8 9.392 37.7621 80.592 1.03492
18.9 9.44196 37.7511 80.5419 1.04586
19 9.49192 37.7401 80.4919 1.05686
19.1 9.54187 37.7291 80.4419 1.06791
19.2 9.59183 37.718 80.3918 1.07901
19.3 9.64179 37.7068 80.3418 1.09018
19.4 9.69175 37.6956 80.2917 1.1014
19.5 9.74171 37.6843 80.2417 1.11267
19.6 9.79167 37.673 80.1917 1.124
19.7 9.84163 37.6616 80.1416 1.13538
19.8 9.89159 37.6502 80.0916 1.14682
19.9 9.94155 37.6387 80.0415 1.15832
20 9.99151 37.6271 79.9915 1.16987
20.1 10.0415 37.6155 79.9415 1.18148
20.2 10.0914 37.6039 79.8914 1.19314
20.3 10.1414 37.5921 79.8414 1.20486
20.4 10.1913 37.5804 79.7913 1.21664
20.5 10.2413 37.5685 79.7413 1.22846
20.6 10.2913 37.5567 79.6913 1.24035
20.7 10.3412 37.5447 79.6412 1.25229
20.8 10.3912 37.5327 79.5912 1.26428
20.9 10.4411 37.5207 79.5411 1.27633
21 10.4911 37.5086 79.4911 1.28844
21.1 10.5411 37.4964 79.4411 1.3006
21.2 10.591 37.4842 79.391 1.31282
21.3 10.641 37.4719 79.341 1.32509
21.4 10.6909 37.4596 79.2909 1.33741
21.5 10.7409 37.4472 79.2409 1.34979
21.6 10.7909 37.4348 79.1909 1.36223
21.7 10.8408 37.4223 79.1408 1.37472
21.8 10.8908 37.4097 79.0908 1.38727
21.9 10.9407 37.3971 79.0407 1.39987
22 10.9907 37.3845 78.9907 1.41252
22.1 11.0407 37.3718 78.9406 1.42523
22.2 11.0906 37.359 78.8906 1.438
22.3 11.1406 37.3462 78.8406 1.45082
22.4 11.1905 37.3333 78.7905 1.46369
22.5 11.2405 37.3204 78.7405 1.47662
22.6 11.2905 37.3074 78.6904 1.48961
22.7 11.3404 37.2944 78.6404 1.50264
22.8 11.3904 37.2813 78.5904 1.51574
22.9 11.4403 37.2681 78.5403 1.52888
23 11.4903 37.2549 78.4903 1.54209
23.1 11.5403 37.2417 78.4402 1.55534
23.2 11.5902 37.2283 78.3902 1.56865
23.3 11.6402 37.215 78.3402 1.58202
23.4 11.6901 37.2016 78.2901 1.59544
23.5 11.7401 37.1881 78.2401 1.60891
23.6 11.7901 37.1746 78.19 1.62244
23.7 11.84 37.161 78.14 1.63602
23.8 11.89 37.1473 78.09 1.64965
23.9 11.9399 37.1337 78.0399 1.66334
24 11.9899 37.1199 77.9899 1.67709
24.1 12.0399 37.1061 77.9399 1.69089
24.2 12.0898 37.0923 77.8898 1.70474
24.3 12.1398 37.0784 77.8398 1.71864
24.4 12.1897 37.0644 77.7897 1.7326
24.5 12.2397 37.0504 77.7397 1.74662
24.6 12.2897 37.0363 77.6897 1.76068
24.7 12.3396 37.0222 77.6396 1.7748
24.8 12.3896 37.008 77.5896 1.78898
24.9 12.4395 36.9938 77.5395 1.80321
25 12.4895 36.9795 77.4895 1.81749
25.1 12.5395 36.9652 77.4395 1.83182
25.2 12.5894 36.9508 77.3894 1.84621
25.3 12.6394 36.9363 77.3394 1.86065
25.4 12.6893 36.9218 77.2893 1.87515
25.5 12.7393 36.9073 77.2393 1.8897
25.6 12.7893 36.8927 77.1893 1.9043
25.7 12.8392 36.878 77.1392 1.91896
25.8 12.8892 36.8633 77.0892 1.93367
25.9 12.9392 36.8486 77.0391 1.94843
26 12.9891 36.8338 76.9891 1.96324
26.1 13.0391 36.8189 76.9391 1.97811
26.2 13.089 36.804 76.889 1.99303
26.3 13.139 36.789 76.839 2.00801
26.4 13.189 36.774 76.7889 2.02304
26.5 13.2389 36.7589 76.7389 2.03812
26.6 13.2889 36.7438 76.6889 2.05325
26.7 13.3388 36.7286 76.6388 2.06844
26.8 13.3888 36.7133 76.5888 2.08367
26.9 13.4388 36.698 76.5388 2.09897
27 13.4887 36.6827 76.4887 2.11431
27.1 13.5387 36.6673 76.4387 2.12971
27.2 13.5886 36.6518 76.3886 2.14516
27.3 13.6386 36.6363 76.3386 2.16066
27.4 13.6886 36.6208 76.2886 2.17621
27.5 13.7385 36.6052 76.2385 2.19182
27.6 13.7885 36.5895 76.1885 2.20748
27.7 13.8385 36.5738 76.1384 2.22319
27.8 13.8884 36.558 76.0884 2.23896
27.9 13.9384 36.5422 76.0384 2.25477
28 13.9883 36.5264 75.9883 2.27064
28.1 14.0383 36.5104 75.9383 2.28656
28.2 14.0883 36.4945 75.8883 2.30253
28.3 14.1382 36.4784 75.8382 2.31856
28.4 14.1882 36.4624 75.7882 2.33464
28.5 14.2382 36.4462 75.7381 2.35077
28.6 14.2881 36.4301 75.6881 2.36695
28.7 14.3381 36.4138 75.6381 2.38318
28.8 14.388 36.3975 75.588 2.39946
28.9 14.438 36.3812 75.538 2.4158
29 14.488 36.3648 75.488 2.43219
29.1 14.5379 36.3484 75.4379 2.44863
29.2 14.5879 36.3319 75.3879 2.46512
29.3 14.6378 36.3153 75.3378 2.48166
29.4 14.6878 36.2987 75.2878 2.49826
29.5 14.7378 36.2821 75.2378 2.51491
29.6 14.7877 36.2654 75.1877 2.5316
29.7 14.8377 36.2486 75.1377 2.54835
29.8 14.8877 36.2318 75.0876 2.56515
29.9 14.9376 36.215 75.0376 2.582
30 14.9876 36.1981 74.9876 2.59891
30.1 15.0375 36.1811 74.9375 2.61586
30.2 15.0875 36.1641 74.8875 2.63287
30.3 15.1375 36.1471 74.8375 2.64992
30.4 15.1874 36.13 74.7874 2.66703
30.5 15.2374 36.1128 74.7374 2.68419
30.6 15.2874 36.0956 74.6873 2.7014
30.7 15.3373 36.0783 74.6373 2.71866
30.8 15.3873 36.061 74.5873 2.73597
30.9 15.4372 36.0437 74.5372 2.75333
31 15.4872 36.0263 74.4872 2.77074
31.1 15.5372 36.0088 74.4372 2.7882
31.2 15.5871 35.9913 74.3871 2.80572
31.3 15.6371 35.9737 74.3371 2.82328
31.4 15.6871 35.9561 74.2871 2.84089
31.5 15.737 35.9384 74.237 2.85856
31.6 15.787 35.9207 74.187 2.87628
31.7 15.837 35.903 74.1369 2.89404
31.8 15.8869 35.8851 74.0869 2.91186
31.9 15.9369 35.8673 74.0369 2.92972
32 15.9868 35.8494 73.9868 2.94764
32.1 16.0368 35.8314 73.9368 2.96561
32.2 16.0868 35.8134 73.8868 2.98362
32.3 16.1367 35.7953 73.8367 3.00169
32.4 16.1867 35.7772 73.7867 3.0198
32.5 16.2367 35.759 73.7366 3.03797
32.6 16.2866 35.7408 73.6866 3.05619
32.7 16.3366 35.7225 73.6366 3.07445
32.8 16.3865 35.7042 73.5865 3.09277
32.9 16.4365 35.6859 73.5365 3.11113
33 16.4865 35.6675 73.4865 3.12955
33.1 16.5364 35.649 73.4364 3.14801
33.2 16.5864 35.6305 73.3864 3.16653
33.3 16.6364 35.6119 73.3364 3.18509
33.4 16.6863 35.5933 73.2863 3.2037
33.5 16.7363 35.5746 73.2363 3.22237
33.6 16.7863 35.5559 73.1862 3.24108
33.7 16.8362 35.5372 73.1362 3.25984
33.8 16.8862 35.5184 73.0862 3.27865
33.9 16.9361 35.4995 73.0361 3.29751
34 16.9861 35.4806 72.9861 3.31641
34.1 17.0361 35.4616 72.9361 3.33537
34.2 17.086 35.4426 72.886 3.35438
34.3 17.136 35.4236 72.836 3.37343
34.4 17.186 35.4045 72.786 3.39254
34.5 17.2359 35.3853 72.7359 3.41169
34.6 17.2859 35.3661 72.6859 3.43089
34.7 17.3359 35.3469 72.6359 3.45014
34.8 17.3858 35.3276 72.5858 3.46944
34.9 17.4358 35.3082 72.5358 3.48878
35 17.4858 35.2888 72.4857 3.50818
35.1 17.5357 35.2694 72.4357 3.52762
35.2 17.5857 35.2499 72.3857 3.54711
35.3 17.6356 35.2303 72.3356 3.56665
35.4 17.6856 35.2108 72.2856 3.58624
35.5 17.7356 35.1911 72.2356 3.60588
35.6 17.7855 35.1714 72.1855 3.62556
35.7 17.8355 35.1517 72.1355 3.6453
35.8 17.8855 35.1319 72.0855 3.66508
35.9 17.9354 35.1121 72.0354 3.68491
36 17.9854 35.0922 71.9854 3.70478
36.1 18.0354 35.0723 71.9354 3.72471
36.2 18.0853 35.0523 71.8853 3.74468
36.3 18.1353 35.0323 71.8353 3.7647
36.4 18.1853 35.0122 71.7853 3.78477
36.5 18.2352 34.9921 71.7352 3.80488
36.6 18.2852 34.972 71.6852 3.82505
36.7 18.3352 34.9517 71.6351 3.84526
36.8 18.3851 34.9315 71.5851 3.86551
36.9 18.4351 34.9112 71.5351 3.88582
37 18.4851 34.8908 71.485 3.90617
37.1 18.535 34.8704 71.435 3.92657
37.2 18.585 34.85 71.385 3.94701
37.3 18.635 34.8295 71.3349 3.96751
37.4 18.6849 34.809 71.2849 3.98805
37.5 18.7349 34.7884 71.2349 4.00864
37.6 18.7848 34.7677 71.1848 4.02927
37.7 18.8348 34.747 71.1348 4.04995
37.8 18.8848 34.7263 71.0848 4.07068
37.9 18.9347 34.7055 71.0347 4.09145
38 18.9847 34.6847 70.9847 4.11227
38.1 19.0347 34.6639 70.9347 4.13314
38.2 19.0846 34.6429 70.8846 4.15406
38.3 19.1346 34.622 70.8346 4.17502
38.4 19.1846 34.601 70.7846 4.19602
38.5 19.2345 34.5799 70.7345 4.21708
38.6 19.2845 34.5588 70.6845 4.23818
38.7 19.3345 34.5377 70.6345 4.25932
38.8 19.3844 34.5165 70.5844 4.28051
38.9 19.4344 34.4952 70.5344 4.30175
39 19.4844 34.474 70.4844 4.32303
39.1 19.5343 34.4526 70.4343 4.34436
39.2 19.5843 34.4313 70.3843 4.36574
39.3 19.6343 34.4098 70.3343 4.38716
39.4 19.6842 34.3884 70.2842 4.40863
39.5 19.7342 34.3669 70.2342 4.43014
39.6 19.7842 34.3453 70.1842 4.4517
39.7 19.8341 34.3237 70.1341 4.4733
39.8 19.8841 34.302 70.0841 4.49495
39.9 19.9341 34.2804 70.0341 4.51665
40 19.984 34.2586 69.984 4.53839
40.1 20.034 34.2368 69.934 4.56017
40.2 20.084 34.215 69.884 4.582
40.3 20.1339 34.1931 69.8339 4.60388
40.4 20.1839 34.1712 69.7839 4.6258
40.5 20.2339 34.1492 69.7339 4.64776
40.6 20.2838 34.1272 69.6838 4.66978
40.7 20.3338 34.1052 69.6338 4.69183
40.8 20.3838 34.0831 69.5838 4.71393
40.9 20.4337 34.0609 69.5337 4.73608
41 20.4837 34.0387 69.4837 4.75827
41.1 20.5337 34.0165 69.4337 4.7805
41.2 20.5836 33.9942 69.3836 4.80278
41.3 20.6336 33.9719 69.3336 4.8251
41.4 20.6836 33.9495 69.2836 4.84747
41.5 20.7335 33.9271 69.2335 4.86988
41.6 20.7835 33.9047 69.1835 4.89234
41.7 20.8335 33.8822 69.1335 4.91484
41.8 20.8834 33.8596 69.0834 4.93738
41.9 20.9334 33.837 69.0334 4.95997
42 20.9834 33.8144 68.9834 4.98261
42.1 21.0333 33.7917 68.9333 5.00528
42.2 21.0833 33.769 68.8833 5.028
42.3 21.1333 33.7462 68.8333 5.05077
42.4 21.1833 33.7234 68.7832 5.07357
42.5 21.2332 33.7006 68.7332 5.09643
42.6 21.2832 33.6777 68.6832 5.11932
42.7 21.3332 33.6547 68.6331 5.14226
42.8 21.3831 33.6318 68.5831 5.16524
42.9 21.4331 33.6087 68.5331 5.18827
43 21.4831 33.5857 68.4831 5.21134
43.1 21.533 33.5626 68.433 5.23445
43.2 21.583 33.5394 68.383 5.2576
43.3 21.633 33.5162 68.333 5.2808
43.4 21.6829 33.493 68.2829 5.30404
43.5 21.7329 33.4697 68.2329 5.32733
43.6 21.7829 33.4463 68.1829 5.35065
43.7 21.8328 33.423 68.1328 5.37402
43.8 21.8828 33.3996 68.0828 5.39743
43.9 21.9328 33.3761 68.0328 5.42089
44 21.9827 33.3526 67.9827 5.44439
44.1 22.0327 33.3291 67.9327 5.46793
44.2 22.0827 33.3055 67.8827 5.49151
44.3 22.1327 33.2819 67.8326 5.51513
44.4 22.1826 33.2582 67.7826 5.5388
44.5 22.2326 33.2345 67.7326 5.56251
44.6 22.2826 33.2107 67.6826 5.58626
44.7 22.3325 33.1869 67.6325 5.61006
44.8 22.3825 33.1631 67.5825 5.63389
44.9 22.4325 33.1392 67.5325 5.65777
45 22.4824 33.1153 67.4824 5.68169
45.1 22.5324 33.0913 67.4324 5.70565
45.2 22.5824 33.0673 67.3824 5.72965
45.3 22.6323 33.0433 67.3323 5.7537
45.4 22.6823 33.0192 67.2823 5.77778
45.5 22.7323 32.9951 67.2323 5.80191
45.6 22.7823 32.9709 67.1822 5.82608
45.7 22.8322 32.9467 67.1322 5.85029
45.8 22.8822 32.9225 67.0822 5.87454
45.9 22.9322 32.8982 67.0322 5.89884
46 22.9821 32.8738 66.9821 5.92317
46.1 23.0321 32.8495 66.9321 5.94754
46.2 23.0821 32.825 66.8821 5.97196
46.3 23.132 32.8006 66.832 5.99642
46.4 23.182 32.7761 66.782 6.02092
46.5 23.232 32.7515 66.732 6.04545
46.6 23.282 32.727 66.6819 6.07003
46.7 23.3319 32.7023 66.6319 6.09465
46.8 23.3819 32.6777 66.5819 6.11931
46.9 23.4319 32.653 66.5319 6.14401
47 23.4818 32.6282 66.4818 6.16875
47.1 23.5318 32.6035 66.4318 6.19354
47.2 23.5818 32.5786 66.3818 6.21836
47.3 23.6317 32.5538 66.3317 6.24322
47.4 23.6817 32.5289 66.2817 6.26812
47.5 23.7317 32.5039 66.2317 6.29306
47.6 23.7817 32.479 66.1816 6.31805
47.7 23.8316 32.4539 66.1316 6.34307
47.8 23.8816 32.4289 66.0816 6.36813
47.9 23.9316 32.4038 66.0316 6.39323
48 23.9815 32.3786 65.9815 6.41837
48.1 24.0315 32.3534 65.9315 6.44355
48.2 24.0815 32.3282 65.8815 6.46877
48.3 24.1315 32.303 65.8314 6.49403
48.4 24.1814 32.2777 65.7814 6.51933
48.5 24.2314 32.2523 65.7314 6.54466
48.6 24.2814 32.227 65.6814 6.57004
48.7 24.3313 32.2015 65.6313 6.59546
48.8 24.3813 32.1761 65.5813 6.62091
48.9 24.4313 32.1506 65.5313 6.64641
49 24.4813 32.1251 65.4812 6.67194
49.1 24.5312 32.0995 65.4312 6.69751
49.2 24.5812 32.0739 65.3812 6.72312
49.3 24.6312 32.0482 65.3312 6.74877
49.4 24.6811 32.0225 65.2811 6.77446
49.5 24.7311 31.9968 65.2311 6.80018
49.6 24.7811 31.9711 65.1811 6.82595
49.7 24.8311 31.9453 65.131 6.85175
49.8 24.881 31.9194 65.081 6.87759
49.9 24.931 31.8935 65.031 6.90347
50 24.981 31.8676 64.981 6.92938
50.1 25.0309 31.8417 64.9309 6.95534
50.2 25.0809 31.8157 64.8809 6.98133
50.3 25.1309 31.7896 64.8309 7.00736
50.4 25.1809 31.7636 64.7809 7.03343
50.5 25.2308 31.7375 64.7308 7.05954
50.6 25.2808 31.7113 64.6808 7.08568
50.7 25.3308 31.6851 64.6308 7.11186
50.8 25.3808 31.6589 64.5807 7.13808
50.9 25.4307 31.6327 64.5307 7.16434
51 25.4807 31.6064 64.4807 7.19063
51.1 25.5307 31.58 64.4307 7.21696
51.2 25.5806 31.5537 64.3806 7.24333
51.3 25.6306 31.5273 64.3306 7.26973
51.4 25.6806 31.5008 64.2806 7.29617
51.5 25.7306 31.4744 64.2306 7.32265
51.6 25.7805 31.4478 64.1805 7.34916
51.7 25.8305 31.4213 64.1305 7.37572
51.8 25.8805 31.3947 64.0805 7.4023
51.9 25.9305 31.3681 64.0304 7.42893
52 25.9804 31.3414 63.9804 7.45559
52.1 26.0304 31.3147 63.9304 7.48229
52.2 26.0804 31.288 63.8804 7.50902
52.3 26.1303 31.2612 63.8303 7.53579
52.4 26.1803 31.2344 63.7803 7.5626
52.5 26.2303 31.2076 63.7303 7.58944
52.6 26.2803 31.1807 63.6803 7.61632
52.7 26.3302 31.1538 63.6302 7.64323
52.8 26.3802 31.1268 63.5802 7.67018
52.9 26.4302 31.0998 63.5302 7.69717
53 26.4802 31.0728 63.4802 7.72419
53.1 26.5301 31.0458 63.4301 7.75125
53.2 26.5801 31.0187 63.3801 7.77834
53.3 26.6301 30.9915 63.3301 7.80547
53.4 26.6801 30.9644 63.2801 7.83263
53.5 26.73 30.9372 63.23 7.85983
53.6 26.78 30.9099 63.18 7.88706
53.7 26.83 30.8827 63.13 7.91433
53.8 26.88 30.8554 63.0799 7.94164
53.9 26.9299 30.828 63.0299 7.96897
54 26.9799 30.8007 62.9799 7.99635
54.1 27.0299 30.7732 62.9299 8.02376
54.2 27.0799 30.7458 62.8798 8.0512
54.3 27.1298 30.7183 62.8298 8.07868
54.4 27.1798 30.6908 62.7798 8.10619
54.5 27.2298 30.6633 62.7298 8.13373
54.6 27.2798 30.6357 62.6797 8.16131
54.7 27.3297 30.6081 62.6297 8.18893
54.8 27.3797 30.5804 62.5797 8.21658
54.9 27.4297 30.5527 62.5297 8.24426
55 27.4797 30.525 62.4796 8.27198
55.1 27.5296 30.4973 62.4296 8.29973
55.2 27.5796 30.4695 62.3796 8.32751
55.3 27.6296 30.4417 62.3296 8.35533
55.4 27.6796 30.4138 62.2795 8.38318
55.5 27.7295 30.3859 62.2295 8.41107
55.6 27.7795 30.358 62.1795 8.43899
55.7 27.8295 30.3301 62.1295 8.46694
55.8 27.8795 30.3021 62.0794 8.49493
55.9 27.9294 30.2741 62.0294 8.52294
56 27.9794 30.246 61.9794 8.551
56.1 28.0294 30.2179 61.9294 8.57908
56.2 28.0794 30.1898 61.8794 8.6072
56.3 28.1293 30.1616 61.8293 8.63535
56.4 28.1793 30.1335 61.7793 8.66353
56.5 28.2293 30.1052 61.7293 8.69175
56.6 28.2793 30.077 61.6793 8.72
56.7 28.3292 30.0487 61.6292 8.74828
56.8 28.3792 30.0204 61.5792 8.77659
56.9 28.4292 29.9921 61.5292 8.80494
57 28.4792 29.9637 61.4792 8.83332
57.1 28.5291 29.9353 61.4291 8.86173
57.2 28.5791 29.9068 61.3791 8.89017
57.3 28.6291 29.8784 61.3291 8.91865
57.4 28.6791 29.8498 61.2791 8.94715
57.5 28.7291 29.8213 61.229 8.97569
57.6 28.779 29.7927 61.179 9.00426
57.7 28.829 29.7641 61.129 9.03287
57.8 28.879 29.7355 61.079 9.0615
57.9 28.929 29.7068 61.0289 9.09016
58 28.9789 29.6781 60.9789 9.11886
58.1 29.0289 29.6494 60.9289 9.14759
58.2 29.0789 29.6207 60.8789 9.17635
58.3 29.1289 29.5919 60.8289 9.20514
58.4 29.1788 29.563 60.7788 9.23396
58.5 29.2288 29.5342 60.7288 9.26281
58.6 29.2788 29.5053 60.6788 9.29169
58.7 29.3288 29.4764 60.6288 9.32061
58.8 29.3788 29.4474 60.5787 9.34955
58.9 29.4287 29.4185 60.5287 9.37853
59 29.4787 29.3895 60.4787 9.40753
59.1 29.5287 29.3604 60.4287 9.43657
59.2 29.5787 29.3314 60.3787 9.46564
59.3 29.6286 29.3023 60.3286 9.49473
59.4 29.6786 29.2731 60.2786 9.52386
59.5 29.7286 29.244 60.2286 9.55302
59.6 29.7786 29.2148 60.1786 9.5822
59.7 29.8286 29.1856 60.1285 9.61142
59.8 29.8785 29.1563 60.0785 9.64067
59.9 29.9285 29.1271 60.0285 9.66994
60 29.9785 29.0978 59.9785 9.69925
60.1 30.0285 29.0684 59.9285 9.72859
60.2 30.0784 29.039 59.8784 9.75795
60.3 30.1284 29.0097 59.8284 9.78735
60.4 30.1784 28.9802 59.7784 9.81677
60.5 30.2284 28.9508 59.7284 9.84622
60.6 30.2784 28.9213 59.6784 9.8757
60.7 30.3283 28.8918 59.6283 9.90521
60.8 30.3783 28.8622 59.5783 9.93475
60.9 30.4283 28.8327 59.5283 9.96432
61 30.4783 28.8031 59.4783 9.99392
61.1 30.5283 28.7735 59.4282 10.0235
61.2 30.5782 28.7438 59.3782 10.0532
61.3 30.6282 28.7141 59.3282 10.0829
61.4 30.6782 28.6844 59.2782 10.1126
61.5 30.7282 28.6547 59.2282 10.1423
61.6 30.7782 28.6249 59.1781 10.1721
61.7 30.8281 28.5951 59.1281 10.2019
61.8 30.8781 28.5653 59.0781 10.2317
61.9 30.9281 28.5354 59.0281 10.2616
62 30.9781 28.5055 58.9781 10.2915
62.1 31.028 28.4756 58.928 10.3214
62.2 31.078 28.4457 58.878 10.3513
62.3 31.128 28.4157 58.828 10.3813
62.4 31.178 28.3857 58.778 10.4113
62.5 31.228 28.3557 58.728 10.4413
62.6 31.2779 28.3257 58.6779 10.4713
62.7 31.3279 28.2956 58.6279 10.5014
62.8 31.3779 28.2655 58.5779 10.5315
62.9 31.4279 28.2354 58.5279 10.5616
63 31.4779 28.2052 58.4779 10.5918
63.1 31.5278 28.1751 58.4278 10.6219
63.2 31.5778 28.1448 58.3778 10.6522
63.3 31.6278 28.1146 58.3278 10.6824
63.4 31.6778 28.0844 58.2778 10.7126
63.5 31.7278 28.0541 58.2278 10.7429
63.6 31.7778 28.0238 58.1777 10.7732
63.7 31.8277 27.9934 58.1277 10.8036
63.8 31.8777 27.9631 58.0777 10.8339
63.9 31.9277 27.9327 58.0277 10.8643
64 31.9777 27.9022 57.9777 10.8948
64.1 32.0277 27.8718 57.9276 10.9252
64.2 32.0776 27.8413 57.8776 10.9557
64.3 32.1276 27.8108 57.8276 10.9862
64.4 32.1776 27.7803 57.7776 11.0167
64.5 32.2276 27.7498 57.7276 11.0472
64.6 32.2776 27.7192 57.6776 11.0778
64.7 32.3275 27.6886 57.6275 11.1084
64.8 32.3775 27.658 57.5775 11.139
64.9 32.4275 27.6273 57.5275 11.1697
65 32.4775 27.5967 57.4775 11.2003
65.1 32.5275 27.566 57.4275 11.231
65.2 32.5775 27.5352 57.3774 11.2618
65.3 32.6274 27.5045 57.3274 11.2925
65.4 32.6774 27.4737 57.2774 11.3233
65.5 32.7274 27.4429 57.2274 11.3541
65.6 32.7774 27.4121 57.1774 11.3849
65.7 32.8274 27.3813 57.1274 11.4157
65.8 32.8773 27.3504 57.0773 11.4466
65.9 32.9273 27.3195 57.0273 11.4775
66 32.9773 27.2886 56.9773 11.5084
66.1 33.0273 27.2576 56.9273 11.5394
66.2 33.0773 27.2267 56.8773 11.5703
66.3 33.1273 27.1957 56.8272 11.6013
66.4 33.1772 27.1647 56.7772 11.6323
66.5 33.2272 27.1336 56.7272 11.6634
66.6 33.2772 27.1026 56.6772 11.6944
66.7 33.3272 27.0715 56.6272 11.7255
66.8 33.3772 27.0404 56.5772 11.7566
66.9 33.4272 27.0093 56.5271 11.7877
67 33.4771 26.9781 56.4771 11.8189
67.1 33.5271 26.9469 56.4271 11.8501
67.2 33.5771 26.9157 56.3771 11.8813
67.3 33.6271 26.8845 56.3271 11.9125
67.4 33.6771 26.8533 56.2771 11.9437
67.5 33.7271 26.822 56.227 11.975
67.6 33.777 26.7907 56.177 12.0063
67.7 33.827 26.7594 56.127 12.0376
67.8 33.877 26.728 56.077 12.069
67.9 33.927 26.6967 56.027 12.1003
68 33.977 26.6653 55.977 12.1317
68.1 34.027 26.6339 55.9269 12.1631
68.2 34.0769 26.6025 55.8769 12.1945
68.3 34.1269 26.571 55.8269 12.226
68.4 34.1769 26.5396 55.7769 12.2574
68.5 34.2269 26.5081 55.7269 12.2889
68.6 34.2769 26.4766 55.6769 12.3204
68.7 34.3269 26.445 55.6268 12.352
68.8 34.3768 26.4135 55.5768 12.3835
68.9 34.4268 26.3819 55.5268 12.4151
69 34.4768 26.3503 55.4768 12.4467
69.1 34.5268 26.3187 55.4268 12.4783
69.2 34.5768 26.287 55.3768 12.51
69.3 34.6268 26.2554 55.3268 12.5416
69.4 34.6767 26.2237 55.2767 12.5733
69.5 34.7267 26.192 55.2267 12.605
69.6 34.7767 26.1603 55.1767 12.6367
69.7 34.8267 26.1285 55.1267 12.6685
69.8 34.8767 26.0968 55.0767 12.7002
69.9 34.9267 26.065 55.0267 12.732
70 34.9767 26.0332 54.9767 12.7638
70.1 35.0266 26.0014 54.9266 12.7956
70.2 35.0766 25.9695 54.8766 12.8275
70.3 35.1266 25.9376 54.8266 12.8594
70.4 35.1766 25.9058 54.7766 12.8912
70.5 35.2266 25.8739 54.7266 12.9231
70.6 35.2766 25.8419 54.6766 12.9551
70.7 35.3266 25.81 54.6265 12.987
70.8 35.3765 25.778 54.5765 13.019
70.9 35.4265 25.746 54.5265 13.051
71 35.4765 25.714 54.4765 13.083
71.1 35.5265 25.682 54.4265 13.115
71.2 35.5765 25.65 54.3765 13.147
71.3 35.6265 25.6179 54.3265 13.1791
71.4 35.6765 25.5858 54.2765 13.2112
71.5 35.7264 25.5537 54.2264 13.2433
71.6 35.7764 25.5216 54.1764 13.2754
71.7 35.8264 25.4895 54.1264 13.3075
71.8 35.8764 25.4573 54.0764 13.3397
71.9 35.9264 25.4252 54.0264 13.3718
72 35.9764 25.393 53.9764 13.404
72.1 36.0264 25.3608 53.9264 13.4362
72.2 36.0763 25.3285 53.8763 13.4685
72.3 36.1263 25.2963 53.8263 13.5007
72.4 36.1763 25.264 53.7763 13.533
72.5 36.2263 25.2317 53.7263 13.5653
72.6 36.2763 25.1994 53.6763 13.5976
72.7 36.3263 25.1671 53.6263 13.6299
72.8 36.3763 25.1348 53.5763 13.6622
72.9 36.4263 25.1024 53.5263 13.6946
73 36.4762 25.0701 53.4762 13.7269
73.1 36.5262 25.0377 53.4262 13.7593
73.2 36.5762 25.0053 53.3762 13.7917
73.3 36.6262 24.9729 53.3262 13.8241
73.4 36.6762 24.9404 53.2762 13.8566
73.5 36.7262 24.908 53.2262 13.889
73.6 36.7762 24.8755 53.1762 13.9215
73.7 36.8262 24.843 53.1262 13.954
73.8 36.8761 24.8105 53.0761 13.9865
73.9 36.9261 24.778 53.0261 14.019
74 36.9761 24.7455 52.9761 14.0515
74.1 37.0261 24.7129 52.9261 14.0841
74.2 37.0761 24.6803 52.8761 14.1167
74.3 37.1261 24.6477 52.8261 14.1493
74.4 37.1761 24.6151 52.7761 14.1819
74.5 37.2261 24.5825 52.7261 14.2145
74.6 37.2761 24.5499 52.676 14.2471
74.7 37.326 24.5172 52.626 14.2798
74.8 37.376 24.4846 52.576 14.3124
74.9 37.426 24.4519 52.526 14.3451
75 37.476 24.4192 52.476 14.3778
75.1 37.526 24.3865 52.426 14.4105
75.2 37.576 24.3538 52.376 14.4432
75.3 37.626 24.321 52.326 14.476
75.4 37.676 24.2883 52.276 14.5087
75.5 37.726 24.2555 52.2259 14.5415
75.6 37.7759 24.2227 52.1759 14.5743
75.7 37.8259 24.1899 52.1259 14.6071
75.8 37.8759 24.1571 52.0759 14.6399
75.9 37.9259 24.1243 52.0259 14.6727
76 37.9759 24.0914 51.9759 14.7056
76.1 38.0259 24.0586 51.9259 14.7384
76.2 38.0759 24.0257 51.8759 14.7713
76.3 38.1259 23.9928 51.8259 14.8042
76.4 38.1759 23.9599 51.7759 14.8371
76.5 38.2258 23.927 51.7258 14.87
76.6 38.2758 23.8941 51.6758 14.9029
76.7 38.3258 23.8611 51.6258 14.9359
76.8 38.3758 23.8282 51.5758 14.9688
76.9 38.4258 23.7952 51.5258 15.0018
77 38.4758 23.7622 51.4758 15.0348
77.1 38.5258 23.7292 51.4258 15.0678
77.2 38.5758 23.6962 51.3758 15.1008
77.3 38.6258 23.6632 51.3258 15.1338
77.4 38.6758 23.6302 51.2758 15.1668
77.5 38.7257 23.5971 51.2257 15.1999
77.6 38.7757 23.564 51.1757 15.233
77.7 38.8257 23.531 51.1257 15.266
77.8 38.8757 23.4979 51.0757 15.2991
77.9 38.9257 23.4648 51.0257 15.3322
78 38.9757 23.4317 50.9757 15.3653
78.1 39.0257 23.3986 50.9257 15.3984
78.2 39.0757 23.3654 50.8757 15.4316
78.3 39.1257 23.3323 50.8257 15.4647
78.4 39.1757 23.2991 50.7757 15.4979
78.5 39.2257 23.2659 50.7257 15.5311
78.6 39.2756 23.2328 50.6756 15.5642
78.7 39.3256 23.1996 50.6256 15.5974
78.8 39.3756 23.1664 50.5756 15.6306
78.9 39.4256 23.1331 50.5256 15.6639
79 39.4756 23.0999 50.4756 15.6971
79.1 39.5256 23.0667 50.4256 15.7303
79.2 39.5756 23.0334 50.3756 15.7636
79.3 39.6256 23.0002 50.3256 15.7968
79.4 39.6756 22.9669 50.2756 15.8301
79.5 39.7256 22.9336 50.2256 15.8634
79.6 39.7756 22.9003 50.1756 15.8967
79.7 39.8256 22.867 50.1256 15.93
79.8 39.8756 22.8337 50.0755 15.9633
79.9 39.9255 22.8004 50.0255 15.9966
80 39.9755 22.767 49.9755 16.03
80.1 40.0255 22.7337 49.9255 16.0633
80.2 40.0755 22.7003 49.8755 16.0967
80.3 40.1255 22.6669 49.8255 16.1301
80.4 40.1755 22.6336 49.7755 16.1634
80.5 40.2255 22.6002 49.7255 16.1968
80.6 40.2755 22.5668 49.6755 16.2302
80.7 40.3255 22.5334 49.6255 16.2636
80.8 40.3755 22.5 49.5755 16.297
80.9 40.4255 22.4665 49.5255 16.3305
81 40.4755 22.4331 49.4755 16.3639
81.1 40.5255 22.3996 49.4255 16.3974
81.2 40.5755 22.3662 49.3754 16.4308
81.3 40.6254 22.3327 49.3254 16.4643
81.4 40.6754 22.2993 49.2754 16.4977
81.5 40.7254 22.2658 49.2254 16.5312
81.6 40.7754 22.2323 49.1754 16.5647
81.7 40.8254 22.1988 49.1254 16.5982
81.8 40.8754 22.1653 49.0754 16.6317
81.9 40.9254 22.1318 49.0254 16.6652
82 40.9754 22.0982 48.9754 16.6988
82.1 41.0254 22.0647 48.9254 16.7323
82.2 41.0754 22.0312 48.8754 16.7658
82.3 41.1254 21.9976 48.8254 16.7994
82.4 41.1754 21.9641 48.7754 16.8329
82.5 41.2254 21.9305 48.7254 16.8665
82.6 41.2754 21.8969 48.6754 16.9001
82.7 41.3254 21.8634 48.6254 16.9336
82.8 41.3754 21.8298 48.5754 16.9672
82.9 41.4253 21.7962 48.5253 17.0008
83 41.4753 21.7626 48.4753 17.0344
83.1 41.5253 21.729 48.4253 17.068
83.2 41.5753 21.6954 48.3753 17.1016
83.3 41.6253 21.6617 48.3253 17.1353
83.4 41.6753 21.6281 48.2753 17.1689
83.5 41.7253 21.5945 48.2253 17.2025
83.6 41.7753 21.5608 48.1753 17.2362
83.7 41.8253 21.5272 48.1253 17.2698
83.8 41.8753 21.4935 48.0753 17.3035
83.9 41.9253 21.4599 48.0253 17.3371
84 41.9753 21.4262 47.9753 17.3708
84.1 42.0253 21.3925 47.9253 17.4045
84.2 42.0753 21.3588 47.8753 17.4382
84.3 42.1253 21.3252 47.8253 17.4718
84.4 42.1753 21.2915 47.7753 17.5055
84.5 42.2253 21.2578 47.7253 17.5392
84.6 42.2753 21.2241 47.6753 17.5729
84.7 42.3253 21.1904 47.6253 17.6066
84.8 42.3753 21.1566 47.5753 17.6404
84.9 42.4253 21.1229 47.5253 17.6741
85 42.4753 21.0892 47.4753 17.7078
85.1 42.5252 21.0555 47.4252 17.7415
85.2 42.5752 21.0217 47.3752 17.7753
85.3 42.6252 20.988 47.3252 17.809
85.4 42.6752 20.9542 47.2752 17.8428
85.5 42.7252 20.9205 47.2252 17.8765
85.6 42.7752 20.8867 47.1752 17.9103
85.7 42.8252 20.853 47.1252 17.944
85.8 42.8752 20.8192 47.0752 17.9778
85.9 42.9252 20.7854 47.0252 18.0116
86 42.9752 20.7517 46.9752 18.0453
86.1 43.0252 20.7179 46.9252 18.0791
86.2 43.0752 20.6841 46.8752 18.1129
86.3 43.1252 20.6503 46.8252 18.1467
86.4 43.1752 20.6165 46.7752 18.1805
86.5 43.2252 20.5828 46.7252 18.2142
86.6 43.2752 20.549 46.6752 18.248
86.7 43.3252 20.5152 46.6252 18.2818
86.8 43.3752 20.4814 46.5752 18.3156
86.9 43.4252 20.4475 46.5252 18.3495
87 43.4752 20.4137 46.4752 18.3833
87.1 43.5252 20.3799 46.4252 18.4171
87.2 43.5752 20.3461 46.3752 18.4509
87.3 43.6252 20.3123 46.3252 18.4847
87.4 43.6752 20.2785 46.2752 18.5185
87.5 43.7252 20.2447 46.2252 18.5523
87.6 43.7752 20.2108 46.1752 18.5862
87.7 43.8252 20.177 46.1252 18.62
87.8 43.8752 20.1432 46.0752 18.6538
87.9 43.9252 20.1093 46.0252 18.6877
88 43.9752 20.0755 45.9752 18.7215
88.1 44.0252 20.0417 45.9252 18.7553
88.2 44.0752 20.0078 45.8752 18.7892
88.3 44.1252 19.974 45.8252 18.823
88.4 44.1752 19.9401 45.7752 18.8569
88.5 44.2252 19.9063 45.7252 18.8907
88.6 44.2752 19.8724 45.6752 18.9246
88.7 44.3252 19.8386 45.6252 18.9584
88.8 44.3752 19.8048 45.5752 18.9922
88.9 44.4252 19.7709 45.5252 19.0261
89 44.4752 19.7371 45.4752 19.0599
89.1 44.5252 19.7032 45.4252 19.0938
89.2 44.5752 19.6693 45.3752 19.1277
89.3 44.6252 19.6355 45.3252 19.1615
89.4 44.6752 19.6016 45.2752 19.1954
89.5 44.7252 19.5678 45.2252 19.2292
89.6 44.7752 19.5339 45.1752 19.2631
89.7 44.8252 19.5001 45.1252 19.2969
89.8 44.8752 19.4662 45.0752 19.3308
89.9 44.9252 19.4324 45.0252 19.3646
90 44.9752 19.3985 44.9752 19.3985
90.1 45.0252 19.3646 44.9252 19.4324
90.2 45.0752 19.3308 44.8752 19.4662
90.3 45.1252 19.2969 44.8252 19.5001
90.4 45.1752 19.2631 44.7752 19.5339
90.5 45.2252 19.2292 44.7252 19.5678
90.6 45.2752 19.1954 44.6752 19.6016
90.7 45.3252 19.1615 44.6252 19.6355
90.8 45.3752 19.1277 44.5752 19.6693
90.9 45.4252 19.0938 44.5252 19.7032
91 45.4752 19.0599 44.4752 19.7371
91.1 45.5252 19.0261 44.4252 19.7709
91.2 45.5752 18.9922 44.3752 19.8048
91.3 45.6252 18.9584 44.3252 19.8386
91.4 45.6752 18.9246 44.2752 19.8724
91.5 45.7252 18.8907 44.2252 19.9063
91.6 45.7752 18.8569 44.1752 19.9401
91.7 45.8252 18.823 44.1252 19.974
91.8 45.8752 18.7892 44.0752 20.0078
91.9 45.9252 18.7553 44.0252 20.0417
92 45.9752 18.7215 43.9752 20.0755
92.1 46.0252 18.6877 43.9252 20.1093
92.2 46.0752 18.6538 43.8752 20.1432
92.3 46.1252 18.62 43.8252 20.177
92.4 46.1752 18.5862 43.7752 20.2108
92.5 46.2252 18.5523 43.7252 20.2447
92.6 46.2752 18.5185 43.6752 20.2785
92.7 46.3252 18.4847 43.6252 20.3123
92.8 46.3752 18.4509 43.5752 20.3461
92.9 46.4252 18.4171 43.5252 20.3799
93 46.4752 18.3833 43.4752 20.4137
93.1 46.5252 18.3495 43.4252 20.4475
93.2 46.5752 18.3156 43.3752 20.4814
93.3 46.6252 18.2818 43.3252 20.5152
93.4 46.6752 18.248 43.2752 20.549
93.5 46.7252 18.2142 43.2252 20.5828
93.6 46.7752 18.1805 43.1752 20.6165
93.7 46.8252 18.1467 43.1252 20.6503
93.8 46.8752 18.1129 43.0752 20.6841
93.9 46.9252 18.0791 43.0252 20.7179
94 46.9752 18.0453 42.9752 20.7517
94.1 47.0252 18.0116 42.9252 20.7854
94.2 47.0752 17.9778 42.8752 20.8192
94.3 47.1252 17.944 42.8252 20.853
94.4 47.1752 17.9103 42.7752 20.8867
94.5 47.2252 17.8765 42.7252 20.9205
94.6 47.2752 17.8428 42.6752 20.9542
94.7 47.3252 17.809 42.6252 20.988
94.8 47.3752 17.7753 42.5752 21.0217
94.9 47.4252 17.7415 42.5252 21.0555
95 47.4753 17.7078 42.4753 21.0892
95.1 47.5253 17.6741 42.4253 21.1229
95.2 47.5753 17.6404 42.3753 21.1566
95.3 47.6253 17.6066 42.3253 21.1904
95.4 47.6753 17.5729 42.2753 21.2241
95.5 47.7253 17.5392 42.2253 21.2578
95.6 47.7753 17.5055 42.1753 21.2915
95.7 47.8253 17.4718 42.1253 21.3252
95.8 47.8753 17.4382 42.0753 21.3588
95.9 47.9253 17.4045 42.0253 21.3925
96 47.9753 17.3708 41.9753 21.4262
96.1 48.0253 17.3371 41.9253 21.4599
96.2 48.0753 17.3035 41.8753 21.4935
96.3 48.1253 17.2698 41.8253 21.5272
96.4 48.1753 17.2362 41.7753 21.5608
96.5 48.2253 17.2025 41.7253 21.5945
96.6 48.2753 17.1689 41.6753 21.6281
96.7 48.3253 17.1353 41.6253 21.6617
96.8 48.3753 17.1016 41.5753 21.6954
96.9 48.4253 17.068 41.5253 21.729
97 48.4753 17.0344 41.4753 21.7626
97.1 48.5253 17.0008 41.4253 21.7962
97.2 48.5754 16.9672 41.3754 21.8298
97.3 48.6254 16.9336 41.3254 21.8634
97.4 48.6754 16.9001 41.2754 21.8969
97.5 48.7254 16.8665 41.2254 21.9305
97.6 48.7754 16.8329 41.1754 21.9641
97.7 48.8254 16.7994 41.1254 21.9976
97.8 48.8754 16.7658 41.0754 22.0312
97.9 48.9254 16.7323 41.0254 22.0647
98 48.9754 16.6988 40.9754 22.0982
98.1 49.0254 16.6652 40.9254 22.1318
98.2 49.0754 16.6317 40.8754 22.1653
98.3 49.1254 16.5982 40.8254 22.1988
98.4 49.1754 16.5647 40.7754 22.2323
98.5 49.2254 16.5312 40.7254 22.2658
98.6 49.2754 16.4977 40.6754 22.2993
98.7 49.3254 16.4643 40.6254 22.3327
98.8 49.3754 16.4308 40.5755 22.3662
98.9 49.4255 16.3974 40.5255 22.3996
99 49.4755 16.3639 40.4755 22.4331
99.1 49.5255 16.3305 40.4255 22.4665
99.2 49.5755 16.297 40.3755 22.5
99.3 49.6255 16.2636 40.3255 22.5334
99.4 49.6755 16.2302 40.2755 22.5668
99.5 49.7255 16.1968 40.2255 22.6002
99.6 49.7755 16.1634 40.1755 22.6336
99.7 49.8255 16.1301 40.1255 22.6669
99.8 49.8755 16.0967 40.0755 22.7003
99.9 49.9255 16.0633 40.0255 22.7337
100 49.9755 16.03 39.9755 22.767
100.1 50.0255 15.9966 39.9255 22.8004
100.2 50.0755 15.9633 39.8756 22.8337
100.3 50.1256 15.93 39.8256 22.867
100.4 50.1756 15.8967 39.7756 22.9003
100.5 50.2256 15.8634 39.7256 22.9336
100.6 50.2756 15.8301 39.6756 22.9669
100.7 50.3256 15.7968 39.6256 23.0002
100.8 50.3756 15.7636 39.5756 23.0334
100.9 50.4256 15.7303 39.5256 23.0667
101 50.4756 15.6971 39.4756 23.0999
101.1 50.5256 15.6639 39.4256 23.1331
101.2 50.5756 15.6306 39.3756 23.1664
101.3 50.6256 15.5974 39.3256 23.1996
101.4 50.6756 15.5642 39.2756 23.2328
101.5 50.7257 15.5311 39.2257 23.2659
101.6 50.7757 15.4979 39.1757 23.2991
101.7 50.8257 15.4647 39.1257 23.3323
101.8 50.8757 15.4316 39.0757 23.3654
101.9 50.9257 15.3984 39.0257 23.3986
102 50.9757 15.3653 38.9757 23.4317
102.1 51.0257 15.3322 38.9257 23.4648
102.2 51.0757 15.2991 38.8757 23.4979
102.3 51.1257 15.266 38.8257 23.531
102.4 51.1757 15.233 38.7757 23.564
102.5 51.2257 15.1999 38.7257 23.5971
102.6 51.2758 15.1668 38.6758 23.6302
102.7 51.3258 15.1338 38.6258 23.6632
102.8 51.3758 15.1008 38.5758 23.6962
102.9 51.4258 15.0678 38.5258 23.7292
103 51.4758 15.0348 38.4758 23.7622
103.1 51.5258 15.0018 38.4258 23.7952
103.2 51.5758 14.9688 38.3758 23.8282
103.3 51.6258 14.9359 38.3258 23.8611
103.4 51.6758 14.9029 38.2758 23.8941
103.5 51.7258 14.87 38.2258 23.927
103.6 51.7759 14.8371 38.1759 23.9599
103.7 51.8259 14.8042 38.1259 23.9928
103.8 51.8759 14.7713 38.0759 24.0257
103.9 51.9259 14.7384 38.0259 24.0586
104 51.9759 14.7056 37.9759 24.0914
104.1 52.0259 14.6727 37.9259 24.1243
104.2 52.0759 14.6399 37.8759 24.1571
104.3 52.1259 14.6071 37.8259 24.1899
104.4 52.1759 14.5743 37.7759 24.2227
104.5 52.2259 14.5415 37.726 24.2555
104.6 52.276 14.5087 37.676 24.2883
104.7 52.326 14.476 37.626 24.321
104.8 52.376 14.4432 37.576 24.3538
104.9 52.426 14.4105 37.526 24.3865
105 52.476 14.3778 37.476 24.4192
105.1 52.526 14.3451 37.426 24.4519
105.2 52.576 14.3124 37.376 24.4846
105.3 52.626 14.2798 37.326 24.5172
105.4 52.676 14.2471 37.2761 24.5499
105.5 52.7261 14.2145 37.2261 24.5825
105.6 52.7761 14.1819 37.1761 24.6151
105.7 52.8261 14.1493 37.1261 24.6477
105.8 52.8761 14.1167 37.0761 24.6803
105.9 52.9261 14.0841 37.0261 24.7129
106 52.9761 14.0515 36.9761 24.7455
106.1 53.0261 14.019 36.9261 24.778
106.2 53.0761 13.9865 36.8761 24.8105
106.3 53.1262 13.954 36.8262 24.843
106.4 53.1762 13.9215 36.7762 24.8755
106.5 53.2262 13.889 36.7262 24.908
106.6 53.2762 13.8566 36.6762 24.9404
106.7 53.3262 13.8241 36.6262 24.9729
106.8 53.3762 13.7917 36.5762 25.0053
106.9 53.4262 13.7593 36.5262 25.0377
107 53.4762 13.7269 36.4762 25.0701
107.1 53.5263 13.6946 36.4263 25.1024
107.2 53.5763 13.6622 36.3763 25.1348
107.3 53.6263 13.6299 36.3263 25.1671
107.4 53.6763 13.5976 36.2763 25.1994
107.5 53.7263 13.5653 36.2263 25.2317
107.6 53.7763 13.533 36.1763 25.264
107.7 53.8263 13.5007 36.1263 25.2963
107.8 53.8763 13.4685 36.0763 25.3285
107.9 53.9264 13.4362 36.0264 25.3608
108 53.9764 13.404 35.9764 25.393
108.1 54.0264 13.3718 35.9264 25.4252
108.2 54.0764 13.3397 35.8764 25.4573
108.3 54.1264 13.3075 35.8264 25.4895
108.4 54.1764 13.2754 35.7764 25.5216
108.5 54.2264 13.2433 35.7264 25.5537
108.6 54.2765 13.2112 35.6765 25.5858
108.7 54.3265 13.1791 35.6265 25.6179
108.8 54.3765 13.147 35.5765 25.65
108.9 54.4265 13.115 35.5265 25.682
109 54.4765 13.083 35.4765 25.714
109.1 54.5265 13.051 35.4265 25.746
109.2 54.5765 13.019 35.3765 25.778
109.3 54.6265 12.987 35.3266 25.81
109.4 54.6766 12.9551 35.2766 25.8419
109.5 54.7266 12.9231 35.2266 25.8739
109.6 54.7766 12.8912 35.1766 25.9058
109.7 54.8266 12.8594 35.1266 25.9376
109.8 54.8766 12.8275 35.0766 25.9695
109.9 54.9266 12.7956 35.0266 26.0014
110 54.9767 12.7638 34.9767 26.0332
110.1 55.0267 12.732 34.9267 26.065
110.2 55.0767 12.7002 34.8767 26.0968
110.3 55.1267 12.6685 34.8267 26.1285
110.4 55.1767 12.6367 34.7767 26.1603
110.5 55.2267 12.605 34.7267 26.192
110.6 55.2767 12.5733 34.6767 26.2237
110.7 55.3268 12.5416 34.6268 26.2554
110.8 55.3768 12.51 34.5768 26.287
110.9 55.4268 12.4783 34.5268 26.3187
111 55.4768 12.4467 34.4768 26.3503
111.1 55.5268 12.4151 34.4268 26.3819
111.2 55.5768 12.3835 34.3768 26.4135
111.3 55.6268 12.352 34.3269 26.445
111.4 55.6769 12.3204 34.2769 26.4766
111.5 55.7269 12.2889 34.2269 26.5081
111.6 55.7769 12.2574 34.1769 26.5396
111.7 55.8269 12.226 34.1269 26.571
111.8 55.8769 12.1945 34.0769 26.6025
111.9 55.9269 12.1631 34.027 26.6339
112 55.977 12.1317 33.977 26.6653
112.1 56.027 12.1003 33.927 26.6967
112.2 56.077 12.069 33.877 26.728
112.3 56.127 12.0376 33.827 26.7594
112.4 56.177 12.0063 33.777 26.7907
112.5 56.227 11.975 33.7271 26.822
112.6 56.2771 11.9437 33.6771 26.8533
112.7 56.3271 11.9125 33.6271 26.8845
112.8 56.3771 11.8813 33.5771 26.9157
112.9 56.4271 11.8501 33.5271 26.9469
113 56.4771 11.8189 33.4771 26.9781
113.1 56.5271 11.7877 33.4272 27.0093
113.2 56.5772 11.7566 33.3772 27.0404
113.3 56.6272 11.7255 33.3272 27.0715
113.4 56.6772 11.6944 33.2772 27.1026
113.5 56.7272 11.6634 33.2272 27.1336
113.6 56.7772 11.6323 33.1772 27.1647
113.7 56.8272 11.6013 33.1273 27.1957
113.8 56.8773 11.5703 33.0773 27.2267
113.9 56.9273 11.5394 33.0273 27.2576
114 56.9773 11.5084 32.9773 27.2886
114.1 57.0273 11.4775 32.9273 27.3195
114.2 57.0773 11.4466 32.8773 27.3504
114.3 57.1274 11.4157 32.8274 27.3813
114.4 57.1774 11.3849 32.7774 27.4121
114.5 57.2274 11.3541 32.7274 27.4429
114.6 57.2774 11.3233 32.6774 27.4737
114.7 57.3274 11.2925 32.6274 27.5045
114.8 57.3774 11.2618 32.5775 27.5352
114.9 57.4275 11.231 32.5275 27.566
115 57.4775 11.2003 32.4775 27.5967
115.1 57.5275 11.1697 32.4275 27.6273
115.2 57.5775 11.139 32.3775 27.658
115.3 57.6275 11.1084 32.3275 27.6886
115.4 57.6776 11.0778 32.2776 27.7192
115.5 57.7276 11.0472 32.2276 27.7498
115.6 57.7776 11.0167 32.1776 27.7803
115.7 57.8276 10.9862 32.1276 27.8108
115.8 57.8776 10.9557 32.0776 27.8413
115.9 57.9276 10.9252 32.0277 27.8718
116 57.9777 10.8948 31.9777 27.9022
116.1 58.0277 10.8643 31.9277 27.9327
116.2 58.0777 10.8339 31.8777 27.9631
116.3 58.1277 10.8036 31.8277 27.9934
116.4 58.1777 10.7732 31.7778 28.0238
116.5 58.2278 10.7429 31.7278 28.0541
116.6 58.2778 10.7126 31.6778 28.0844
116.7 58.3278 10.6824 31.6278 28.1146
116.8 58.3778 10.6522 31.5778 28.1448
116.9 58.4278 10.6219 31.5278 28.1751
117 58.4779 10.5918 31.4779 28.2052
117.1 58.5279 10.5616 31.4279 28.2354
117.2 58.5779 10.5315 31.3779 28.2655
117.3 58.6279 10.5014 31.3279 28.2956
117.4 58.6779 10.4713 31.2779 28.3257
117.5 58.728 10.4413 31.228 28.3557
117.6 58.778 10.4113 31.178 28.3857
117.7 58.828 10.3813 31.128 28.4157
117.8 58.878 10.3513 31.078 28.4457
117.9 58.928 10.3214 31.028 28.4756
118 58.9781 10.2915 30.9781 28.5055
118.1 59.0281 10.2616 30.9281 28.5354
118.2 59.0781 10.2317 30.8781 28.5653
118.3 59.1281 10.2019 30.8281 28.5951
118.4 59.1781 10.1721 30.7782 28.6249
118.5 59.2282 10.1423 30.7282 28.6547
118.6 59.2782 10.1126 30.6782 28.6844
118.7 59.3282 10.0829 30.6282 28.7141
118.8 59.3782 10.0532 30.5782 28.7438
118.9 59.4282 10.0235 30.5283 28.7735
119 59.4783 9.99392 30.4783 28.8031
119.1 59.5283 9.96432 30.4283 28.8327
119.2 59.5783 9.93475 30.3783 28.8622
119.3 59.6283 9.90521 30.3283 28.8918
119.4 59.6784 9.8757 30.2784 28.9213
119.5 59.7284 9.84622 30.2284 28.9508
119.6 59.7784 9.81677 30.1784 28.9802
119.7 59.8284 9.78735 30.1284 29.0097
119.8 59.8784 9.75795 30.0784 29.039
119.9 59.9285 9.72859 30.0285 29.0684
120 59.9785 9.69925 29.9785 29.0978
120.1 60.0285 9.66994 29.9285 29.1271
120.2 60.0785 9.64067 29.8785 29.1563
120.3 60.1285 9.61142 29.8286 29.1856
120.4 60.1786 9.5822 29.7786 29.2148
120.5 60.2286 9.55302 29.7286 29.244
120.6 60.2786 9.52386 29.6786 29.2731
120.7 60.3286 9.49473 29.6286 29.3023
120.8 60.3787 9.46564 29.5787 29.3314
120.9 60.4287 9.43657 29.5287 29.3604
121 60.4787 9.40753 29.4787 29.3895
121.1 60.5287 9.37853 29.4287 29.4185
121.2 60.5787 9.34955 29.3788 29.4474
121.3 60.6288 9.32061 29.3288 29.4764
121.4 60.6788 9.29169 29.2788 29.5053
121.5 60.7288 9.26281 29.2288 29.5342
121.6 60.7788 9.23396 29.1788 29.563
121.7 60.8289 9.20514 29.1289 29.5919
121.8 60.8789 9.17635 29.0789 29.6207
121.9 60.9289 9.14759 29.0289 29.6494
122 60.9789 9.11886 28.9789 29.6781
122.1 61.0289 9.09016 28.929 29.7068
122.2 61.079 9.0615 28.879 29.7355
122.3 61.129 9.03287 28.829 29.7641
122.4 61.179 9.00426 28.779 29.7927
122.5 61.229 8.97569 28.7291 29.8213
122.6 61.2791 8.94715 28.6791 29.8498
122.7 61.3291 8.91865 28.6291 29.8784
122.8 61.3791 8.89017 28.5791 29.9068
122.9 61.4291 8.86173 28.5291 29.9353
123 61.4792 8.83332 28.4792 29.9637
123.1 61.5292 8.80494 28.4292 29.9921
123.2 61.5792 8.77659 28.3792 30.0204
123.3 61.6292 8.74828 28.3292 30.0487
123.4 61.6793 8.72 28.2793 30.077
123.5 61.7293 8.69175 28.2293 30.1052
123.6 61.7793 8.66353 28.1793 30.1335
123.7 61.8293 8.63535 28.1293 30.1616
123.8 61.8794 8.6072 28.0794 30.1898
123.9 61.9294 8.57908 28.0294 30.2179
124 61.9794 8.551 27.9794 30.246
124.1 62.0294 8.52294 27.9294 30.2741
124.2 62.0794 8.49493 27.8795 30.3021
124.3 62.1295 8.46694 27.8295 30.3301
124.4 62.1795 8.43899 27.7795 30.358
124.5 62.2295 8.41107 27.7295 30.3859
124.6 62.2795 8.38318 27.6796 30.4138
124.7 62.3296 8.35533 27.6296 30.4417
124.8 62.3796 8.32751 27.5796 30.4695
124.9 62.4296 8.29973 27.5296 30.4973
125 62.4796 8.27198 27.4797 30.525
125.1 62.5297 8.24426 27.4297 30.5527
125.2 62.5797 8.21658 27.3797 30.5804
125.3 62.6297 8.18893 27.3297 30.6081
125.4 62.6797 8.16131 27.2798 30.6357
125.5 62.7298 8.13373 27.2298 30.6633
125.6 62.7798 8.10619 27.1798 30.6908
125.7 62.8298 8.07868 27.1298 30.7183
125.8 62.8798 8.0512 27.0799 30.7458
125.9 62.9299 8.02376 27.0299 30.7732
126 62.9799 7.99635 26.9799 30.8007
126.1 63.0299 7.96897 26.9299 30.828
126.2 63.0799 7.94164 26.88 30.8554
126.3 63.13 7.91433 26.83 30.8827
126.4 63.18 7.88706 26.78 30.9099
126.5 63.23 7.85983 26.73 30.9372
126.6 63.2801 7.83263 26.6801 30.9644
126.7 63.3301 7.80547 26.6301 30.9915
126.8 63.3801 7.77834 26.5801 31.0187
126.9 63.4301 7.75125 26.5301 31.0458
127 63.4802 7.72419 26.4802 31.0728
127.1 63.5302 7.69717 26.4302 31.0998
127.2 63.5802 7.67018 26.3802 31.1268
127.3 63.6302 7.64323 26.3302 31.1538
127.4 63.6803 7.61632 26.2803 31.1807
127.5 63.7303 7.58944 26.2303 31.2076
127.6 63.7803 7.5626 26.1803 31.2344
127.7 63.8303 7.53579 26.1303 31.2612
127.8 63.8804 7.50902 26.0804 31.288
127.9 63.9304 7.48229 26.0304 31.3147
128 63.9804 7.45559 25.9804 31.3414
128.1 64.0304 7.42893 25.9305 31.3681
128.2 64.0805 7.4023 25.8805 31.3947
128.3 64.1305 7.37572 25.8305 31.4213
128.4 64.1805 7.34916 25.7805 31.4478
128.5 64.2306 7.32265 25.7306 31.4744
128.6 64.2806 7.29617 25.6806 31.5008
128.7 64.3306 7.26973 25.6306 31.5273
128.8 64.3806 7.24333 25.5806 31.5537
128.9 64.4307 7.21696 25.5307 31.58
129 64.4807 7.19063 25.4807 31.6064
129.1 64.5307 7.16434 25.4307 31.6327
129.2 64.5807 7.13808 25.3808 31.6589
129.3 64.6308 7.11186 25.3308 31.6851
129.4 64.6808 7.08568 25.2808 31.7113
129.5 64.7308 7.05954 25.2308 31.7375
129.6 64.7809 7.03343 25.1809 31.7636
129.7 64.8309 7.00736 25.1309 31.7896
129.8 64.8809 6.98133 25.0809 31.8157
129.9 64.9309 6.95534 25.0309 31.8417
130 64.981 6.92938 24.981 31.8676
130.1 65.031 6.90347 24.931 31.8935
130.2 65.081 6.87759 24.881 31.9194
130.3 65.131 6.85175 24.8311 31.9453
130.4 65.1811 6.82595 24.7811 31.9711
130.5 65.2311 6.80018 24.7311 31.9968
130.6 65.2811 6.77446 24.6811 32.0225
130.7 65.3312 6.74877 24.6312 32.0482
130.8 65.3812 6.72312 24.5812 32.0739
130.9 65.4312 6.69751 24.5312 32.0995
131 65.4812 6.67194 24.4813 32.1251
131.1 65.5313 6.64641 24.4313 32.1506
131.2 65.5813 6.62091 24.3813 32.1761
131.3 65.6313 6.59546 24.3313 32.2015
131.4 65.6814 6.57004 24.2814 32.227
131.5 65.7314 6.54466 24.2314 32.2523
131.6 65.7814 6.51933 24.1814 32.2777
131.7 65.8314 6.49403 24.1315 32.303
131.8 65.8815 6.46877 24.0815 32.3282
131.9 65.9315 6.44355 24.0315 32.3534
132 65.9815 6.41837 23.9815 32.3786
132.1 66.0316 6.39323 23.9316 32.4038
132.2 66.0816 6.36813 23.8816 32.4289
132.3 66.1316 6.34307 23.8316 32.4539
132.4 66.1816 6.31805 23.7817 32.479
132.5 66.2317 6.29306 23.7317 32.5039
132.6 66.2817 6.26812 23.6817 32.5289
132.7 66.3317 6.24322 23.6317 32.5538
132.8 66.3818 6.21836 23.5818 32.5786
132.9 66.4318 6.19354 23.5318 32.6035
133 66.4818 6.16875 23.4818 32.6282
133.1 66.5319 6.14401 23.4319 32.653
133.2 66.5819 6.11931 23.3819 32.6777
133.3 66.6319 6.09465 23.3319 32.7023
133.4 66.6819 6.07003 23.282 32.727
133.5 66.732 6.04545 23.232 32.7515
133.6 66.782 6.02092 23.182 32.7761
133.7 66.832 5.99642 23.132 32.8006
133.8 66.8821 5.97196 23.0821 32.825
133.9 66.9321 5.94754 23.0321 32.8495
134 66.9821 5.92317 22.9821 32.8738
134.1 67.0322 5.89884 22.9322 32.8982
134.2 67.0822 5.87454 22.8822 32.9225
134.3 67.1322 5.85029 22.8322 32.9467
134.4 67.1822 5.82608 22.7823 32.9709
134.5 67.2323 5.80191 22.7323 32.9951
134.6 67.2823 5.77778 22.6823 33.0192
134.7 67.3323 5.7537 22.6323 33.0433
134.8 67.3824 5.72965 22.5824 33.0673
134.9 67.4324 5.70565 22.5324 33.0913
135 67.4824 5.68169 22.4824 33.1153
135.1 67.5325 5.65777 22.4325 33.1392
135.2 67.5825 5.63389 22.3825 33.1631
135.3 67.6325 5.61006 22.3325 33.1869
135.4 67.6826 5.58626 22.2826 33.2107
135.5 67.7326 5.56251 22.2326 33.2345
135.6 67.7826 5.5388 22.1826 33.2582
135.7 67.8326 5.51513 22.1327 33.2819
135.8 67.8827 5.49151 22.0827 33.3055
135.9 67.9327 5.46793 22.0327 33.3291
136 67.9827 5.44439 21.9827 33.3526
136.1 68.0328 5.42089 21.9328 33.3761
136.2 68.0828 5.39743 21.8828 33.3996
136.3 68.1328 5.37402 21.8328 33.423
136.4 68.1829 5.35065 21.7829 33.4463
136.5 68.2329 5.32733 21.7329 33.4697
136.6 68.2829 5.30404 21.6829 33.493
136.7 68.333 5.2808 21.633 33.5162
136.8 68.383 5.2576 21.583 33.5394
136.9 68.433 5.23445 21.533 33.5626
137 68.4831 5.21134 21.4831 33.5857
137.1 68.5331 5.18827 21.4331 33.6087
137.2 68.5831 5.16524 21.3831 33.6318
137.3 68.6331 5.14226 21.3332 33.6547
137.4 68.6832 5.11932 21.2832 33.6777
137.5 68.7332 5.09643 21.2332 33.7006
137.6 68.7832 5.07357 21.1833 33.7234
137.7 68.8333 5.05077 21.1333 33.7462
137.8 68.8833 5.028 21.0833 33.769
137.9 68.9333 5.00528 21.0333 33.7917
138 68.9834 4.98261 20.9834 33.8144
138.1 69.0334 4.95997 20.9334 33.837
138.2 69.0834 4.93738 20.8834 33.8596
138.3 69.1335 4.91484 20.8335 33.8822
138.4 69.1835 4.89234 20.7835 33.9047
138.5 69.2335 4.86988 20.7335 33.9271
138.6 69.2836 4.84747 20.6836 33.9495
138.7 69.3336 4.8251 20.6336 33.9719
138.8 69.3836 4.80278 20.5836 33.9942
138.9 69.4337 4.7805 20.5337 34.0165
139 69.4837 4.75827 20.4837 34.0387
139.1 69.5337 4.73608 20.4337 34.0609
139.2 69.5838 4.71393 20.3838 34.0831
139.3 69.6338 4.69183 20.3338 34.1052
139.4 69.6838 4.66978 20.2838 34.1272
139.5 69.7339 4.64776 20.2339 34.1492
139.6 69.7839 4.6258 20.1839 34.1712
139.7 69.8339 4.60388 20.1339 34.1931
139.8 69.884 4.582 20.084 34.215
139.9 69.934 4.56017 20.034 34.2368
140 69.984 4.53839 19.984 34.2586
140.1 70.0341 4.51665 19.9341 34.2804
140.2 70.0841 4.49495 19.8841 34.302
140.3 70.1341 4.4733 19.8341 34.3237
140.4 70.1842 4.4517 19.7842 34.3453
140.5 70.2342 4.43014 19.7342 34.3669
140.6 70.2842 4.40863 19.6842 34.3884
140.7 70.3343 4.38716 19.6343 34.4098
140.8 70.3843 4.36574 19.5843 34.4313
140.9 70.4343 4.34436 19.5343 34.4526
141 70.4844 4.32303 19.4844 34.474
141.1 70.5344 4.30175 19.4344 34.4952
141.2 70.5844 4.28051 19.3844 34.5165
141.3 70.6345 4.25932 19.3345 34.5377
141.4 70.6845 4.23818 19.2845 34.5588
141.5 70.7345 4.21708 19.2345 34.5799
141.6 70.7846 4.19602 19.1846 34.601
141.7 70.8346 4.17502 19.1346 34.622
141.8 70.8846 4.15406 19.0846 34.6429
141.9 70.9347 4.13314 19.0347 34.6639
142 70.9847 4.11227 18.9847 34.6847
142.1 71.0347 4.09145 18.9347 34.7055
142.2 71.0848 4.07068 18.8848 34.7263
142.3 71.1348 4.04995 18.8348 34.747
142.4 71.1848 4.02927 18.7848 34.7677
142.5 71.2349 4.00864 18.7349 34.7884
142.6 71.2849 3.98805 18.6849 34.809
142.7 71.3349 3.96751 18.635 34.8295
142.8 71.385 3.94701 18.585 34.85
142.9 71.435 3.92657 18.535 34.8704
143 71.485 3.90617 18.4851 34.8908
143.1 71.5351 3.88582 18.4351 34.9112
143.2 71.5851 3.86551 18.3851 34.9315
143.3 71.6351 3.84526 18.3352 34.9517
143.4 71.6852 3.82505 18.2852 34.972
143.5 71.7352 3.80488 18.2352 34.9921
143.6 71.7853 3.78477 18.1853 35.0122
143.7 71.8353 3.7647 18.1353 35.0323
143.8 71.8853 3.74468 18.0853 35.0523
143.9 71.9354 3.72471 18.0354 35.0723
144 71.9854 3.70478 17.9854 35.0922
144.1 72.0354 3.68491 17.9354 35.1121
144.2 72.0855 3.66508 17.8855 35.1319
144.3 72.1355 3.6453 17.8355 35.1517
144.4 72.1855 3.62556 17.7855 35.1714
144.5 72.2356 3.60588 17.7356 35.1911
144.6 72.2856 3.58624 17.6856 35.2108
144.7 72.3356 3.56665 17.6356 35.2303
144.8 72.3857 3.54711 17.5857 35.2499
144.9 72.4357 3.52762 17.5357 35.2694
145 72.4857 3.50818 17.4858 35.2888
145.1 72.5358 3.48878 17.4358 35.3082
145.2 72.5858 3.46944 17.3858 35.3276
145.3 72.6359 3.45014 17.3359 35.3469
145.4 72.6859 3.43089 17.2859 35.3661
145.5 72.7359 3.41169 17.2359 35.3853
145.6 72.786 3.39254 17.186 35.4045
145.7 72.836 3.37343 17.136 35.4236
145.8 72.886 3.35438 17.086 35.4426
145.9 72.9361 3.33537 17.0361 35.4616
146 72.9861 3.31641 16.9861 35.4806
146.1 73.0361 3.29751 16.9361 35.4995
146.2 73.0862 3.27865 16.8862 35.5184
146.3 73.1362 3.25984 16.8362 35.5372
146.4 73.1862 3.24108 16.7863 35.5559
146.5 73.2363 3.22237 16.7363 35.5746
146.6 73.2863 3.2037 16.6863 35.5933
146.7 73.3364 3.18509 16.6364 35.6119
146.8 73.3864 3.16653 16.5864 35.6305
146.9 73.4364 3.14801 16.5364 35.649
147 73.4865 3.12955 16.4865 35.6675
147.1 73.5365 3.11113 16.4365 35.6859
147.2 73.5865 3.09277 16.3865 35.7042
147.3 73.6366 3.07445 16.3366 35.7225
147.4 73.6866 3.05619 16.2866 35.7408
147.5 73.7366 3.03797 16.2367 35.759
147.6 73.7867 3.0198 16.1867 35.7772
147.7 73.8367 3.00169 16.1367 35.7953
147.8 73.8868 2.98362 16.0868 35.8134
147.9 73.9368 2.96561 16.0368 35.8314
148 73.9868 2.94764 15.9868 35.8494
148.1 74.0369 2.92972 15.9369 35.8673
148.2 74.0869 2.91186 15.8869 35.8851
148.3 74.1369 2.89404 15.837 35.903
148.4 74.187 2.87628 15.787 35.9207
148.5 74.237 2.85856 15.737 35.9384
148.6 74.2871 2.84089 15.6871 35.9561
148.7 74.3371 2.82328 15.6371 35.9737
148.8 74.3871 2.80572 15.5871 35.9913
148.9 74.4372 2.7882 15.5372 36.0088
149 74.4872 2.77074 15.4872 36.0263
149.1 74.5372 2.75333 15.4372 36.0437
149.2 74.5873 2.73597 15.3873 36.061
149.3 74.6373 2.71866 15.3373 36.0783
149.4 74.6873 2.7014 15.2874 36.0956
149.5 74.7374 2.68419 15.2374 36.1128
149.6 74.7874 2.66703 15.1874 36.13
149.7 74.8375 2.64992 15.1375 36.1471
149.8 74.8875 2.63287 15.0875 36.1641
149.9 74.9375 2.61586 15.0375 36.1811
150 74.9876 2.59891 14.9876 36.1981
150.1 75.0376 2.582 14.9376 36.215
150.2 75.0876 2.56515 14.8877 36.2318
150.3 75.1377 2.54835 14.8377 36.2486
150.4 75.1877 2.5316 14.7877 36.2654
150.5 75.2378 2.51491 14.7378 36.2821
150.6 75.2878 2.49826 14.6878 36.2987
150.7 75.3378 2.48166 14.6378 36.3153
150.8 75.3879 2.46512 14.5879 36.3319
150.9 75.4379 2.44863 14.5379 36.3484
151 75.488 2.43219 14.488 36.3648
151.1 75.538 2.4158 14.438 36.3812
151.2 75.588 2.39946 14.388 36.3975
151.3 75.6381 2.38318 14.3381 36.4138
151.4 75.6881 2.36695 14.2881 36.4301
151.5 75.7381 2.35077 14.2382 36.4462
151.6 75.7882 2.33464 14.1882 36.4624
151.7 75.8382 2.31856 14.1382 36.4784
151.8 75.8883 2.30253 14.0883 36.4945
151.9 75.9383 2.28656 14.0383 36.5104
152 75.9883 2.27064 13.9883 36.5264
152.1 76.0384 2.25477 13.9384 36.5422
152.2 76.0884 2.23896 13.8884 36.558
152.3 76.1384 2.22319 13.8385 36.5738
152.4 76.1885 2.20748 13.7885 36.5895
152.5 76.2385 2.19182 13.7385 36.6052
152.6 76.2886 2.17621 13.6886 36.6208
152.7 76.3386 2.16066 13.6386 36.6363
152.8 76.3886 2.14516 13.5886 36.6518
152.9 76.4387 2.12971 13.5387 36.6673
153 76.4887 2.11431 13.4887 36.6827
153.1 76.5388 2.09897 13.4388 36.698
153.2 76.5888 2.08367 13.3888 36.7133
153.3 76.6388 2.06844 13.3388 36.7286
153.4 76.6889 2.05325 13.2889 36.7438
153.5 76.7389 2.03812 13.2389 36.7589
153.6 76.7889 2.02304 13.189 36.774
153.7 76.839 2.00801 13.139 36.789
153.8 76.889 1.99303 13.089 36.804
153.9 76.9391 1.97811 13.0391 36.8189
154 76.9891 1.96324 12.9891 36.8338
154.1 77.0391 1.94843 12.9392 36.8486
154.2 77.0892 1.93367 12.8892 36.8633
154.3 77.1392 1.91896 12.8392 36.878
154.4 77.1893 1.9043 12.7893 36.8927
154.5 77.2393 1.8897 12.7393 36.9073
154.6 77.2893 1.87515 12.6893 36.9218
154.7 77.3394 1.86065 12.6394 36.9363
154.8 77.3894 1.84621 12.5894 36.9508
154.9 77.4395 1.83182 12.5395 36.9652
155 77.4895 1.81749 12.4895 36.9795
155.1 77.5395 1.80321 12.4395 36.9938
155.2 77.5896 1.78898 12.3896 37.008
155.3 77.6396 1.7748 12.3396 37.0222
155.4 77.6897 1.76068 12.2897 37.0363
155.5 77.7397 1.74662 12.2397 37.0504
155.6 77.7897 1.7326 12.1897 37.0644
155.7 77.8398 1.71864 12.1398 37.0784
155.8 77.8898 1.70474 12.0898 37.0923
155.9 77.9399 1.69089 12.0399 37.1061
156 77.9899 1.67709 11.9899 37.1199
156.1 78.0399 1.66334 11.9399 37.1337
156.2 78.09 1.64965 11.89 37.1473
156.3 78.14 1.63602 11.84 37.161
156.4 78.19 1.62244 11.7901 37.1746
156.5 78.2401 1.60891 11.7401 37.1881
156.6 78.2901 1.59544 11.6901 37.2016
156.7 78.3402 1.58202 11.6402 37.215
156.8 78.3902 1.56865 11.5902 37.2283
156.9 78.4402 1.55534 11.5403 37.2417
157 78.4903 1.54209 11.4903 37.2549
157.1 78.5403 1.52888 11.4403 37.2681
157.2 78.5904 1.51574 11.3904 37.2813
157.3 78.6404 1.50264 11.3404 37.2944
157.4 78.6904 1.48961 11.2905 37.3074
157.5 78.7405 1.47662 11.2405 37.3204
157.6 78.7905 1.46369 11.1905 37.3333
157.7 78.8406 1.45082 11.1406 37.3462
157.8 78.8906 1.438 11.0906 37.359
157.9 78.9406 1.42523 11.0407 37.3718
158 78.9907 1.41252 10.9907 37.3845
158.1 79.0407 1.39987 10.9407 37.3971
158.2 79.0908 1.38727 10.8908 37.4097
158.3 79.1408 1.37472 10.8408 37.4223
158.4 79.1909 1.36223 10.7909 37.4348
158.5 79.2409 1.34979 10.7409 37.4472
158.6 79.2909 1.33741 10.6909 37.4596
158.7 79.341 1.32509 10.641 37.4719
158.8 79.391 1.31282 10.591 37.4842
158.9 79.4411 1.3006 10.5411 37.4964
159 79.4911 1.28844 10.4911 37.5086
159.1 79.5411 1.27633 10.4411 37.5207
159.2 79.5912 1.26428 10.3912 37.5327
159.3 79.6412 1.25229 10.3412 37.5447
159.4 79.6913 1.24035 10.2913 37.5567
159.5 79.7413 1.22846 10.2413 37.5685
159.6 79.7913 1.21664 10.1913 37.5804
159.7 79.8414 1.20486 10.1414 37.5921
159.8 79.8914 1.19314 10.0914 37.6039
159.9 79.9415 1.18148 10.0415 37.6155
160 79.9915 1.16987 9.99151 37.6271
160.1 80.0415 1.15832 9.94155 37.6387
160.2 80.0916 1.14682 9.89159 37.6502
160.3 80.1416 1.13538 9.84163 37.6616
160.4 80.1917 1.124 9.79167 37.673
160.5 80.2417 1.11267 9.74171 37.6843
160.6 80.2917 1.1014 9.69175 37.6956
160.7 80.3418 1.09018 9.64179 37.7068
160.8 80.3918 1.07901 9.59183 37.718
160.9 80.4419 1.06791 9.54187 37.7291
161 80.4919 1.05686 9.49192 37.7401
161.1 80.5419 1.04586 9.44196 37.7511
161.2 80.592 1.03492 9.392 37.7621
161.3 80.642 1.02404 9.34204 37.773
161.4 80.6921 1.01321 9.29208 37.7838
161.5 80.7421 1.00244 9.24212 37.7946
161.6 80.7922 0.991729 9.19216 37.8053
161.7 80.8422 0.98107 9.1422 37.8159
161.8 80.8922 0.970467 9.09224 37.8265
161.9 80.9423 0.959921 9.04228 37.8371
162 80.9923 0.94943 8.99233 37.8476
162.1 81.0424 0.938996 8.94237 37.858
162.2 81.0924 0.928618 8.89241 37.8684
162.3 81.1424 0.918296 8.84245 37.8787
162.4 81.1925 0.908031 8.79249 37.889
162.5 81.2425 0.897822 8.74253 37.8992
162.6 81.2926 0.887669 8.69257 37.9093
162.7 81.3426 0.877573 8.64262 37.9194
162.8 81.3927 0.867533 8.59266 37.9295
162.9 81.4427 0.857549 8.5427 37.9395
163 81.4927 0.847622 8.49274 37.9494
163.1 81.5428 0.837752 8.44278 37.9592
163.2 81.5928 0.827938 8.39282 37.9691
163.3 81.6429 0.81818 8.34286 37.9788
163.4 81.6929 0.80848 8.29291 37.9885
163.5 81.7429 0.798835 8.24295 37.9982
163.6 81.793 0.789248 8.19299 38.0078
163.7 81.843 0.779717 8.14303 38.0173
163.8 81.8931 0.770243 8.09307 38.0268
163.9 81.9431 0.760826 8.04311 38.0362
164 81.9931 0.751465 7.99316 38.0455
164.1 82.0432 0.742161 7.9432 38.0548
164.2 82.0932 0.732914 7.89324 38.0641
164.3 82.1433 0.723724 7.84328 38.0733
164.4 82.1933 0.714591 7.79332 38.0824
164.5 82.2434 0.705515 7.74336 38.0915
164.6 82.2934 0.696495 7.69341 38.1005
164.7 82.3434 0.687533 7.64345 38.1095
164.8 82.3935 0.678628 7.59349 38.1184
164.9 82.4435 0.669779 7.54353 38.1272
165 82.4936 0.660988 7.49357 38.136
165.1 82.5436 0.652254 7.44361 38.1447
165.2 82.5937 0.643576 7.39366 38.1534
165.3 82.6437 0.634956 7.3437 38.162
165.4 82.6937 0.626394 7.29374 38.1706
165.5 82.7438 0.617888 7.24378 38.1791
165.6 82.7938 0.60944 7.19382 38.1876
165.7 82.8439 0.601048 7.14387 38.196
165.8 82.8939 0.592714 7.09391 38.2043
165.9 82.9439 0.584438 7.04395 38.2126
166 82.994 0.576218 6.99399 38.2208
166.1 83.044 0.568056 6.94403 38.2289
166.2 83.0941 0.559952 6.89408 38.237
166.3 83.1441 0.551904 6.84412 38.2451
166.4 83.1942 0.543915 6.79416 38.2531
166.5 83.2442 0.535982 6.7442 38.261
166.6 83.2942 0.528107 6.69425 38.2689
166.7 83.3443 0.52029 6.64429 38.2767
166.8 83.3943 0.51253 6.59433 38.2845
166.9 83.4444 0.504827 6.54437 38.2922
167 83.4944 0.497182 6.49441 38.2998
167.1 83.5445 0.489595 6.44446 38.3074
167.2 83.5945 0.482065 6.3945 38.3149
167.3 83.6445 0.474593 6.34454 38.3224
167.4 83.6946 0.467179 6.29458 38.3298
167.5 83.7446 0.459822 6.24463 38.3372
167.6 83.7947 0.452523 6.19467 38.3445
167.7 83.8447 0.445281 6.14471 38.3517
167.8 83.8947 0.438098 6.09475 38.3589
167.9 83.9448 0.430972 6.04479 38.366
168 83.9948 0.423904 5.99484 38.3731
168.1 84.0449 0.416893 5.94488 38.3801
168.2 84.0949 0.409941 5.89492 38.3871
168.3 84.145 0.403046 5.84496 38.394
168.4 84.195 0.39621 5.79501 38.4008
168.5 84.245 0.389431 5.74505 38.4076
168.6 84.2951 0.38271 5.69509 38.4143
168.7 84.3451 0.376047 5.64513 38.421
168.8 84.3952 0.369441 5.59518 38.4276
168.9 84.4452 0.362894 5.54522 38.4341
169 84.4953 0.356405 5.49526 38.4406
169.1 84.5453 0.349974 5.4453 38.447
169.2 84.5953 0.343601 5.39535 38.4534
169.3 84.6454 0.337286 5.34539 38.4597
169.4 84.6954 0.331029 5.29543 38.466
169.5 84.7455 0.32483 5.24547 38.4722
169.6 84.7955 0.318689 5.19552 38.4783
169.7 84.8456 0.312606 5.14556 38.4844
169.8 84.8956 0.306581 5.0956 38.4904
169.9 84.9456 0.300615 5.04565 38.4964
170 84.9957 0.294707 4.99569 38.5023
170.1 85.0457 0.288857 4.94573 38.5081
170.2 85.0958 0.283065 4.89577 38.5139
170.3 85.1458 0.277331 4.84582 38.5197
170.4 85.1959 0.271656 4.79586 38.5253
170.5 85.2459 0.266039 4.7459 38.531
170.6 85.2959 0.26048 4.69594 38.5365
170.7 85.346 0.254979 4.64599 38.542
170.8 85.396 0.249537 4.59603 38.5475
170.9 85.4461 0.244153 4.54607 38.5528
171 85.4961 0.238828 4.49612 38.5582
171.1 85.5462 0.233561 4.44616 38.5634
171.2 85.5962 0.228352 4.3962 38.5686
171.3 85.6462 0.223201 4.34624 38.5738
171.4 85.6963 0.218109 4.29629 38.5789
171.5 85.7463 0.213076 4.24633 38.5839
171.6 85.7964 0.208101 4.19637 38.5889
171.7 85.8464 0.203184 4.14642 38.5938
171.8 85.8965 0.198326 4.09646 38.5987
171.9 85.9465 0.193526 4.0465 38.6035
172 85.9965 0.188785 3.99654 38.6082
172.1 86.0466 0.184102 3.94659 38.6129
172.2 86.0966 0.179478 3.89663 38.6175
172.3 86.1467 0.174912 3.84667 38.6221
172.4 86.1967 0.170405 3.79672 38.6266
172.5 86.2468 0.165957 3.74676 38.631
172.6 86.2968 0.161567 3.6968 38.6354
172.7 86.3468 0.157236 3.64684 38.6398
172.8 86.3969 0.152963 3.59689 38.644
172.9 86.4469 0.148749 3.54693 38.6483
173 86.497 0.144593 3.49697 38.6524
173.1 86.547 0.140497 3.44702 38.6565
173.2 86.5971 0.136459 3.39706 38.6605
173.3 86.6471 0.132479 3.3471 38.6645
173.4 86.6971 0.128558 3.29715 38.6684
173.5 86.7472 0.124696 3.24719 38.6723
173.6 86.7972 0.120893 3.19723 38.6761
173.7 86.8473 0.117148 3.14727 38.6799
173.8 86.8973 0.113463 3.09732 38.6835
173.9 86.9474 0.109835 3.04736 38.6872
174 86.9974 0.106267 2.9974 38.6907
174.1 87.0474 0.102757 2.94745 38.6942
174.2 87.0975 0.0993066 2.89749 38.6977
174.3 87.1475 0.0959145 2.84753 38.7011
174.4 87.1976 0.0925813 2.79758 38.7044
174.5 87.2476 0.0893068 2.74762 38.7077
174.6 87.2977 0.0860912 2.69766 38.7109
174.7 87.3477 0.0829344 2.64771 38.7141
174.8 87.3977 0.0798365 2.59775 38.7172
174.9 87.4478 0.0767974 2.54779 38.7202
175 87.4978 0.0738171 2.49784 38.7232
175.1 87.5479 0.0708958 2.44788 38.7261
175.2 87.5979 0.0680333 2.39792 38.729
175.3 87.648 0.0652297 2.34797 38.7318
175.4 87.698 0.0624849 2.29801 38.7345
175.5 87.748 0.0597991 2.24805 38.7372
175.6 87.7981 0.0571722 2.19809 38.7398
175.7 87.8481 0.0546042 2.14814 38.7424
175.8 87.8982 0.0520951 2.09818 38.7449
175.9 87.9482 0.049645 2.04822 38.7474
176 87.9983 0.0472538 1.99827 38.7497
176.1 88.0483 0.0449215 1.94831 38.7521
176.2 88.0984 0.0426482 1.89835 38.7544
176.3 88.1484 0.0404339 1.8484 38.7566
176.4 88.1984 0.0382785 1.79844 38.7587
176.5 88.2485 0.0361821 1.74848 38.7608
176.6 88.2985 0.0341447 1.69853 38.7629
176.7 88.3486 0.0321663 1.64857 38.7648
176.8 88.3986 0.0302468 1.59861 38.7668
176.9 88.4487 0.0283864 1.54866 38.7686
177 88.4987 0.026585 1.4987 38.7704
177.1 88.5487 0.0248425 1.44874 38.7722
177.2 88.5988 0.0231591 1.39879 38.7738
177.3 88.6488 0.0215348 1.34883 38.7755
177.4 88.6989 0.0199694 1.29887 38.777
177.5 88.7489 0.0184631 1.24892 38.7785
177.6 88.799 0.0170158 1.19896 38.78
177.7 88.849 0.0156275 1.149 38.7814
177.8 88.899 0.0142983 1.09905 38.7827
177.9 88.9491 0.0130282 1.04909 38.784
178 88.9991 0.011817 0.999133 38.7852
178.1 89.0492 0.010665 0.949177 38.7863
178.2 89.0992 0.00957199 0.89922 38.7874
178.3 89.1493 0.00853805 0.849263 38.7885
178.4 89.1993 0.00756318 0.799307 38.7894
178.5 89.2493 0.00664738 0.74935 38.7904
178.6 89.2994 0.00579065 0.699393 38.7912
178.7 89.3494 0.00499299 0.649437 38.792
178.8 89.3995 0.00425441 0.59948 38.7927
178.9 89.4495 0.00357491 0.549523 38.7934
179 89.4996 0.00295449 0.499567 38.794
179.1 89.5496 0.00239314 0.44961 38.7946
179.2 89.5997 0.00189089 0.399653 38.7951
179.3 89.6497 0.00144772 0.349697 38.7956
179.4 89.6997 0.00106363 0.29974 38.7959
179.5 89.7498 0.000738635 0.249783 38.7963
179.6 89.7998 0.000472728 0.199827 38.7965
179.7 89.8499 0.00026591 0.14987 38.7967
179.8 89.8999 0.000118182 0.0999133 38.7969
179.9 89.95 2.95456e-05 0.0499567 38.797
