#kinematics calculation of exex
#vertex z = 0 mm, E_reaction = 69.5 MeV
#theta_cm, theta3_lab, Ek3_lab, theta4_lab, Ek4_lab
0 0 60.292 0 0.327985
0.1 0.0462453 60.292 0.627812 0.328031
0.2 0.0924906 60.2918 1.25544 0.328168
0.3 0.138736 60.2916 1.88268 0.328396
0.4 0.184981 60.2913 2.50936 0.328716
0.5 0.231226 60.2909 3.1353 0.329127
0.6 0.277472 60.2904 3.76029 0.329629
0.7 0.323717 60.2898 4.38416 0.330223
0.8 0.369962 60.2891 5.00673 0.330908
0.9 0.416207 60.2883 5.62781 0.331684
1 0.462452 60.2874 6.24724 0.332552
1.1 0.508697 60.2865 6.86483 0.333511
1.2 0.554942 60.2854 7.48041 0.334561
1.3 0.601187 60.2843 8.09381 0.335703
1.4 0.647432 60.2831 8.70487 0.336935
1.5 0.693676 60.2817 9.31343 0.33826
1.6 0.739921 60.2803 9.91933 0.339675
1.7 0.786165 60.2788 10.5224 0.341182
1.8 0.83241 60.2772 11.1225 0.34278
1.9 0.878654 60.2755 11.7195 0.344469
2 0.924899 60.2738 12.3133 0.34625
2.1 0.971143 60.2719 12.9037 0.348122
2.2 1.01739 60.2699 13.4905 0.350085
2.3 1.06363 60.2679 14.0737 0.352139
2.4 1.10987 60.2657 14.6532 0.354285
2.5 1.15612 60.2635 15.2287 0.356522
2.6 1.20236 60.2612 15.8003 0.35885
2.7 1.24861 60.2587 16.3678 0.361269
2.8 1.29485 60.2562 16.931 0.36378
2.9 1.34109 60.2536 17.49 0.366382
3 1.38733 60.2509 18.0446 0.369075
3.1 1.43358 60.2481 18.5947 0.371859
3.2 1.47982 60.2453 19.1403 0.374734
3.3 1.52606 60.2423 19.6813 0.377701
3.4 1.5723 60.2392 20.2175 0.380759
3.5 1.61855 60.2361 20.749 0.383908
3.6 1.66479 60.2329 21.2757 0.387148
3.7 1.71103 60.2295 21.7975 0.390479
3.8 1.75727 60.2261 22.3144 0.393902
3.9 1.80351 60.2226 22.8263 0.397415
4 1.84975 60.219 23.3332 0.40102
4.1 1.89599 60.2153 23.835 0.404716
4.2 1.94224 60.2115 24.3318 0.408503
4.3 1.98848 60.2076 24.8235 0.412381
4.4 2.03472 60.2037 25.31 0.41635
4.5 2.08096 60.1996 25.7914 0.42041
4.6 2.1272 60.1954 26.2676 0.424561
4.7 2.17344 60.1912 26.7387 0.428803
4.8 2.21967 60.1869 27.2045 0.433137
4.9 2.26591 60.1824 27.6652 0.437561
5 2.31215 60.1779 28.1207 0.442076
5.1 2.35839 60.1733 28.571 0.446682
5.2 2.40463 60.1686 29.0161 0.451379
5.3 2.45087 60.1638 29.456 0.456168
5.4 2.4971 60.159 29.8908 0.461047
5.5 2.54334 60.154 30.3204 0.466017
5.6 2.58958 60.1489 30.7449 0.471078
5.7 2.63582 60.1438 31.1643 0.476229
5.8 2.68205 60.1385 31.5786 0.481472
5.9 2.72829 60.1332 31.9878 0.486806
6 2.77452 60.1278 32.3919 0.49223
6.1 2.82076 60.1223 32.7911 0.497745
6.2 2.86699 60.1166 33.1852 0.503351
6.3 2.91323 60.111 33.5744 0.509048
6.4 2.95946 60.1052 33.9587 0.514836
6.5 3.0057 60.0993 34.338 0.520714
6.6 3.05193 60.0933 34.7125 0.526683
6.7 3.09816 60.0873 35.0822 0.532743
6.8 3.1444 60.0811 35.4471 0.538894
6.9 3.19063 60.0749 35.8073 0.545135
7 3.23686 60.0685 36.1628 0.551467
7.1 3.28309 60.0621 36.5135 0.557889
7.2 3.32933 60.0556 36.8597 0.564403
7.3 3.37556 60.049 37.2013 0.571006
7.4 3.42179 60.0423 37.5384 0.577701
7.5 3.46802 60.0355 37.871 0.584486
7.6 3.51425 60.0286 38.1991 0.591361
7.7 3.56048 60.0217 38.5228 0.598327
7.8 3.60671 60.0146 38.8422 0.605384
7.9 3.65293 60.0075 39.1573 0.612531
8 3.69916 60.0002 39.4681 0.619768
8.1 3.74539 59.9929 39.7747 0.627096
8.2 3.79162 59.9855 40.0771 0.634515
8.3 3.83784 59.978 40.3754 0.642023
8.4 3.88407 59.9704 40.6696 0.649623
8.5 3.9303 59.9627 40.9598 0.657312
8.6 3.97652 59.9549 41.246 0.665092
8.7 4.02275 59.947 41.5283 0.672962
8.8 4.06897 59.9391 41.8067 0.680922
8.9 4.1152 59.931 42.0812 0.688973
9 4.16142 59.9229 42.352 0.697114
9.1 4.20764 59.9147 42.619 0.705345
9.2 4.25387 59.9063 42.8823 0.713666
9.3 4.30009 59.8979 43.142 0.722078
9.4 4.34631 59.8894 43.3981 0.730579
9.5 4.39253 59.8808 43.6506 0.739171
9.6 4.43875 59.8721 43.8996 0.747852
9.7 4.48497 59.8634 44.1451 0.756624
9.8 4.53119 59.8545 44.3872 0.765486
9.9 4.57741 59.8456 44.6259 0.774438
10 4.62363 59.8365 44.8613 0.78348
10.1 4.66985 59.8274 45.0934 0.792611
10.2 4.71606 59.8182 45.3222 0.801833
10.3 4.76228 59.8089 45.5478 0.811144
10.4 4.8085 59.7995 45.7703 0.820546
10.5 4.85471 59.79 45.9897 0.830037
10.6 4.90093 59.7804 46.2059 0.839618
10.7 4.94714 59.7707 46.4192 0.849289
10.8 4.99336 59.761 46.6294 0.859049
10.9 5.03957 59.7511 46.8367 0.8689
11 5.08578 59.7412 47.0411 0.878839
11.1 5.132 59.7311 47.2426 0.888869
11.2 5.17821 59.721 47.4413 0.898988
11.3 5.22442 59.7108 47.6371 0.909197
11.4 5.27063 59.7005 47.8302 0.919495
11.5 5.31684 59.6901 48.0206 0.929883
11.6 5.36305 59.6796 48.2083 0.940361
11.7 5.40926 59.6691 48.3934 0.950927
11.8 5.45546 59.6584 48.5759 0.961584
11.9 5.50167 59.6477 48.7557 0.972329
12 5.54788 59.6368 48.9331 0.983164
12.1 5.59408 59.6259 49.1079 0.994089
12.2 5.64029 59.6149 49.2803 1.0051
12.3 5.68649 59.6038 49.4502 1.01621
12.4 5.7327 59.5926 49.6178 1.0274
12.5 5.7789 59.5813 49.783 1.03868
12.6 5.8251 59.57 49.9458 1.05005
12.7 5.8713 59.5585 50.1063 1.06151
12.8 5.91751 59.5469 50.2646 1.07306
12.9 5.96371 59.5353 50.4206 1.0847
13 6.00991 59.5236 50.5744 1.09642
13.1 6.0561 59.5118 50.7261 1.10824
13.2 6.1023 59.4999 50.8756 1.12014
13.3 6.1485 59.4879 51.023 1.13214
13.4 6.1947 59.4758 51.1682 1.14422
13.5 6.24089 59.4636 51.3115 1.15639
13.6 6.28709 59.4513 51.4527 1.16865
13.7 6.33328 59.439 51.5919 1.181
13.8 6.37948 59.4266 51.7291 1.19344
13.9 6.42567 59.414 51.8644 1.20596
14 6.47186 59.4014 51.9977 1.21858
14.1 6.51805 59.3887 52.1292 1.23128
14.2 6.56425 59.3759 52.2587 1.24408
14.3 6.61044 59.363 52.3865 1.25696
14.4 6.65662 59.3501 52.5124 1.26993
14.5 6.70281 59.337 52.6365 1.28298
14.6 6.749 59.3239 52.7589 1.29613
14.7 6.79519 59.3106 52.8795 1.30936
14.8 6.84137 59.2973 52.9984 1.32269
14.9 6.88756 59.2839 53.1156 1.3361
15 6.93374 59.2704 53.2311 1.3496
15.1 6.97993 59.2568 53.345 1.36319
15.2 7.02611 59.2431 53.4572 1.37686
15.3 7.07229 59.2294 53.5678 1.39063
15.4 7.11847 59.2155 53.6768 1.40448
15.5 7.16465 59.2016 53.7843 1.41842
15.6 7.21083 59.1876 53.8902 1.43245
15.7 7.25701 59.1734 53.9946 1.44656
15.8 7.30319 59.1592 54.0975 1.46077
15.9 7.34937 59.1449 54.1989 1.47506
16 7.39554 59.1306 54.2989 1.48944
16.1 7.44172 59.1161 54.3974 1.50391
16.2 7.48789 59.1015 54.4944 1.51846
16.3 7.53406 59.0869 54.5901 1.5331
16.4 7.58024 59.0722 54.6844 1.54783
16.5 7.62641 59.0573 54.7773 1.56265
16.6 7.67258 59.0424 54.8688 1.57756
16.7 7.71875 59.0274 54.959 1.59255
16.8 7.76492 59.0124 55.0479 1.60763
16.9 7.81108 58.9972 55.1355 1.6228
17 7.85725 58.9819 55.2218 1.63806
17.1 7.90342 58.9666 55.3069 1.6534
17.2 7.94958 58.9512 55.3907 1.66883
17.3 7.99574 58.9357 55.4732 1.68435
17.4 8.04191 58.92 55.5546 1.69995
17.5 8.08807 58.9044 55.6347 1.71564
17.6 8.13423 58.8886 55.7136 1.73142
17.7 8.18039 58.8727 55.7914 1.74729
17.8 8.22655 58.8568 55.868 1.76324
17.9 8.27271 58.8407 55.9435 1.77928
18 8.31886 58.8246 56.0178 1.79541
18.1 8.36502 58.8084 56.091 1.81162
18.2 8.41118 58.7921 56.1632 1.82792
18.3 8.45733 58.7757 56.2342 1.84431
18.4 8.50348 58.7592 56.3042 1.86079
18.5 8.54964 58.7427 56.3731 1.87735
18.6 8.59579 58.726 56.4409 1.89399
18.7 8.64194 58.7093 56.5077 1.91073
18.8 8.68808 58.6925 56.5735 1.92755
18.9 8.73423 58.6755 56.6383 1.94445
19 8.78038 58.6586 56.7021 1.96145
19.1 8.82653 58.6415 56.7649 1.97853
19.2 8.87267 58.6243 56.8267 1.99569
19.3 8.91881 58.6071 56.8876 2.01295
19.4 8.96496 58.5897 56.9475 2.03028
19.5 9.0111 58.5723 57.0065 2.04771
19.6 9.05724 58.5548 57.0646 2.06522
19.7 9.10338 58.5372 57.1217 2.08282
19.8 9.14951 58.5195 57.1779 2.1005
19.9 9.19565 58.5017 57.2333 2.11827
20 9.24179 58.4839 57.2877 2.13612
20.1 9.28792 58.4659 57.3413 2.15406
20.2 9.33406 58.4479 57.3941 2.17209
20.3 9.38019 58.4298 57.4459 2.1902
20.4 9.42632 58.4116 57.497 2.2084
20.5 9.47245 58.3933 57.5472 2.22668
20.6 9.51858 58.375 57.5966 2.24505
20.7 9.56471 58.3565 57.6451 2.2635
20.8 9.61083 58.338 57.6929 2.28204
20.9 9.65696 58.3193 57.7399 2.30067
21 9.70308 58.3006 57.7861 2.31938
21.1 9.74921 58.2818 57.8315 2.33817
21.2 9.79533 58.2629 57.8761 2.35705
21.3 9.84145 58.244 57.92 2.37602
21.4 9.88757 58.2249 57.9632 2.39507
21.5 9.93369 58.2058 58.0056 2.41421
21.6 9.9798 58.1866 58.0472 2.43343
21.7 10.0259 58.1673 58.0882 2.45273
21.8 10.072 58.1479 58.1284 2.47212
21.9 10.1181 58.1284 58.168 2.4916
22 10.1643 58.1088 58.2068 2.51116
22.1 10.2104 58.0892 58.2449 2.53081
22.2 10.2565 58.0695 58.2824 2.55053
22.3 10.3026 58.0497 58.3191 2.57035
22.4 10.3487 58.0298 58.3553 2.59025
22.5 10.3948 58.0098 58.3907 2.61023
22.6 10.4409 57.9897 58.4255 2.6303
22.7 10.487 57.9696 58.4597 2.65045
22.8 10.5331 57.9493 58.4932 2.67069
22.9 10.5792 57.929 58.526 2.69101
23 10.6253 57.9086 58.5583 2.71141
23.1 10.6714 57.8881 58.5899 2.7319
23.2 10.7175 57.8675 58.6209 2.75247
23.3 10.7636 57.8469 58.6514 2.77313
23.4 10.8097 57.8261 58.6812 2.79387
23.5 10.8558 57.8053 58.7104 2.81469
23.6 10.9019 57.7844 58.739 2.8356
23.7 10.948 57.7634 58.7671 2.85659
23.8 10.9941 57.7423 58.7946 2.87767
23.9 11.0401 57.7212 58.8215 2.89882
24 11.0862 57.6999 58.8479 2.92007
24.1 11.1323 57.6786 58.8737 2.94139
24.2 11.1784 57.6572 58.8989 2.9628
24.3 11.2245 57.6357 58.9237 2.98429
24.4 11.2706 57.6141 58.9478 3.00587
24.5 11.3166 57.5925 58.9715 3.02753
24.6 11.3627 57.5707 58.9946 3.04927
24.7 11.4088 57.5489 59.0172 3.07109
24.8 11.4549 57.527 59.0393 3.093
24.9 11.5009 57.505 59.0608 3.11499
25 11.547 57.4829 59.0819 3.13707
25.1 11.5931 57.4608 59.1025 3.15922
25.2 11.6392 57.4385 59.1226 3.18146
25.3 11.6852 57.4162 59.1421 3.20378
25.4 11.7313 57.3938 59.1612 3.22619
25.5 11.7774 57.3713 59.1799 3.24867
25.6 11.8234 57.3488 59.198 3.27124
25.7 11.8695 57.3261 59.2157 3.2939
25.8 11.9155 57.3034 59.2329 3.31663
25.9 11.9616 57.2806 59.2496 3.33945
26 12.0077 57.2577 59.2659 3.36234
26.1 12.0537 57.2347 59.2818 3.38532
26.2 12.0998 57.2116 59.2972 3.40839
26.3 12.1458 57.1885 59.3121 3.43153
26.4 12.1919 57.1652 59.3266 3.45476
26.5 12.2379 57.1419 59.3407 3.47806
26.6 12.284 57.1185 59.3544 3.50145
26.7 12.33 57.0951 59.3676 3.52493
26.8 12.3761 57.0715 59.3804 3.54848
26.9 12.4221 57.0479 59.3928 3.57211
27 12.4681 57.0242 59.4048 3.59583
27.1 12.5142 57.0004 59.4164 3.61963
27.2 12.5602 56.9765 59.4275 3.64351
27.3 12.6063 56.9525 59.4383 3.66747
27.4 12.6523 56.9285 59.4487 3.69151
27.5 12.6983 56.9044 59.4586 3.71563
27.6 12.7444 56.8802 59.4682 3.73983
27.7 12.7904 56.8559 59.4774 3.76412
27.8 12.8364 56.8315 59.4862 3.78848
27.9 12.8825 56.8071 59.4947 3.81293
28 12.9285 56.7825 59.5028 3.83745
28.1 12.9745 56.7579 59.5104 3.86206
28.2 13.0205 56.7333 59.5178 3.88675
28.3 13.0665 56.7085 59.5247 3.91152
28.4 13.1126 56.6836 59.5313 3.93636
28.5 13.1586 56.6587 59.5376 3.96129
28.6 13.2046 56.6337 59.5435 3.9863
28.7 13.2506 56.6086 59.549 4.01139
28.8 13.2966 56.5834 59.5542 4.03656
28.9 13.3426 56.5582 59.5591 4.06181
29 13.3887 56.5329 59.5636 4.08714
29.1 13.4347 56.5075 59.5678 4.11255
29.2 13.4807 56.482 59.5716 4.13804
29.3 13.5267 56.4564 59.5751 4.16361
29.4 13.5727 56.4307 59.5783 4.18925
29.5 13.6187 56.405 59.5812 4.21498
29.6 13.6647 56.3792 59.5837 4.24079
29.7 13.7107 56.3533 59.5859 4.26668
29.8 13.7567 56.3274 59.5878 4.29264
29.9 13.8027 56.3013 59.5894 4.31869
30 13.8486 56.2752 59.5906 4.34481
30.1 13.8946 56.249 59.5916 4.37102
30.2 13.9406 56.2227 59.5923 4.3973
30.3 13.9866 56.1963 59.5926 4.42366
30.4 14.0326 56.1699 59.5927 4.4501
30.5 14.0786 56.1434 59.5924 4.47662
30.6 14.1246 56.1168 59.5919 4.50322
30.7 14.1705 56.0901 59.5911 4.5299
30.8 14.2165 56.0633 59.59 4.55665
30.9 14.2625 56.0365 59.5885 4.58349
31 14.3085 56.0096 59.5869 4.6104
31.1 14.3544 55.9826 59.5849 4.63739
31.2 14.4004 55.9555 59.5826 4.66446
31.3 14.4464 55.9284 59.5801 4.6916
31.4 14.4923 55.9012 59.5773 4.71883
31.5 14.5383 55.8739 59.5742 4.74613
31.6 14.5843 55.8465 59.5709 4.77351
31.7 14.6302 55.819 59.5673 4.80097
31.8 14.6762 55.7915 59.5634 4.8285
31.9 14.7221 55.7639 59.5593 4.85612
32 14.7681 55.7362 59.5549 4.88381
32.1 14.8141 55.7084 59.5502 4.91158
32.2 14.86 55.6806 59.5453 4.93942
32.3 14.906 55.6527 59.5401 4.96735
32.4 14.9519 55.6247 59.5347 4.99535
32.5 14.9978 55.5966 59.529 5.02343
32.6 15.0438 55.5684 59.5231 5.05158
32.7 15.0897 55.5402 59.5169 5.07981
32.8 15.1357 55.5119 59.5105 5.10812
32.9 15.1816 55.4835 59.5039 5.1365
33 15.2275 55.455 59.497 5.16497
33.1 15.2735 55.4265 59.4899 5.19351
33.2 15.3194 55.3979 59.4825 5.22212
33.3 15.3653 55.3692 59.4749 5.25081
33.4 15.4113 55.3404 59.4671 5.27958
33.5 15.4572 55.3116 59.459 5.30842
33.6 15.5031 55.2827 59.4507 5.33734
33.7 15.549 55.2537 59.4422 5.36634
33.8 15.595 55.2246 59.4335 5.39541
33.9 15.6409 55.1954 59.4245 5.42456
34 15.6868 55.1662 59.4154 5.45378
34.1 15.7327 55.1369 59.406 5.48308
34.2 15.7786 55.1075 59.3964 5.51246
34.3 15.8245 55.0781 59.3865 5.54191
34.4 15.8704 55.0486 59.3765 5.57144
34.5 15.9163 55.019 59.3662 5.60104
34.6 15.9622 54.9893 59.3558 5.63071
34.7 16.0081 54.9595 59.3451 5.66047
34.8 16.054 54.9297 59.3342 5.69029
34.9 16.0999 54.8998 59.3231 5.72019
35 16.1458 54.8698 59.3119 5.75017
35.1 16.1917 54.8398 59.3004 5.78022
35.2 16.2376 54.8097 59.2887 5.81035
35.3 16.2835 54.7794 59.2768 5.84055
35.4 16.3294 54.7492 59.2647 5.87083
35.5 16.3753 54.7188 59.2524 5.90118
35.6 16.4211 54.6884 59.24 5.9316
35.7 16.467 54.6579 59.2273 5.9621
35.8 16.5129 54.6273 59.2144 5.99267
35.9 16.5588 54.5967 59.2014 6.02332
36 16.6046 54.566 59.1882 6.05404
36.1 16.6505 54.5352 59.1747 6.08484
36.2 16.6964 54.5043 59.1611 6.1157
36.3 16.7422 54.4734 59.1473 6.14665
36.4 16.7881 54.4423 59.1334 6.17766
36.5 16.834 54.4112 59.1192 6.20875
36.6 16.8798 54.3801 59.1049 6.23991
36.7 16.9257 54.3488 59.0904 6.27115
36.8 16.9715 54.3175 59.0757 6.30246
36.9 17.0174 54.2862 59.0608 6.33384
37 17.0632 54.2547 59.0458 6.3653
37.1 17.1091 54.2232 59.0306 6.39683
37.2 17.1549 54.1916 59.0152 6.42843
37.3 17.2008 54.1599 58.9997 6.4601
37.4 17.2466 54.1282 58.9839 6.49185
37.5 17.2925 54.0963 58.968 6.52367
37.6 17.3383 54.0644 58.952 6.55556
37.7 17.3841 54.0325 58.9358 6.58752
37.8 17.43 54.0004 58.9194 6.61956
37.9 17.4758 53.9683 58.9028 6.65167
38 17.5216 53.9361 58.8861 6.68385
38.1 17.5674 53.9039 58.8693 6.7161
38.2 17.6133 53.8716 58.8523 6.74843
38.3 17.6591 53.8392 58.8351 6.78082
38.4 17.7049 53.8067 58.8177 6.81329
38.5 17.7507 53.7742 58.8002 6.84583
38.6 17.7965 53.7416 58.7826 6.87844
38.7 17.8423 53.7089 58.7648 6.91112
38.8 17.8881 53.6761 58.7468 6.94388
38.9 17.9339 53.6433 58.7287 6.9767
39 17.9797 53.6104 58.7105 7.0096
39.1 18.0255 53.5774 58.692 7.04257
39.2 18.0713 53.5444 58.6735 7.0756
39.3 18.1171 53.5113 58.6548 7.10871
39.4 18.1629 53.4781 58.6359 7.14189
39.5 18.2087 53.4449 58.617 7.17514
39.6 18.2545 53.4115 58.5978 7.20846
39.7 18.3003 53.3781 58.5785 7.24185
39.8 18.3461 53.3447 58.5591 7.27531
39.9 18.3918 53.3112 58.5396 7.30884
40 18.4376 53.2776 58.5199 7.34244
40.1 18.4834 53.2439 58.5 7.37612
40.2 18.5292 53.2101 58.48 7.40986
40.3 18.5749 53.1763 58.4599 7.44367
40.4 18.6207 53.1425 58.4397 7.47755
40.5 18.6665 53.1085 58.4193 7.5115
40.6 18.7122 53.0745 58.3988 7.54552
40.7 18.758 53.0404 58.3781 7.57961
40.8 18.8037 53.0062 58.3574 7.61376
40.9 18.8495 52.972 58.3364 7.64799
41 18.8952 52.9377 58.3154 7.68229
41.1 18.941 52.9033 58.2942 7.71665
41.2 18.9867 52.8689 58.2729 7.75109
41.3 19.0325 52.8344 58.2515 7.78559
41.4 19.0782 52.7998 58.2299 7.82016
41.5 19.124 52.7652 58.2083 7.8548
41.6 19.1697 52.7305 58.1865 7.88951
41.7 19.2154 52.6957 58.1645 7.92428
41.8 19.2612 52.6609 58.1425 7.95913
41.9 19.3069 52.626 58.1203 7.99404
42 19.3526 52.591 58.098 8.02902
42.1 19.3983 52.5559 58.0756 8.06407
42.2 19.444 52.5208 58.053 8.09919
42.3 19.4898 52.4856 58.0304 8.13437
42.4 19.5355 52.4504 58.0076 8.16962
42.5 19.5812 52.4151 57.9847 8.20494
42.6 19.6269 52.3797 57.9617 8.24033
42.7 19.6726 52.3442 57.9386 8.27578
42.8 19.7183 52.3087 57.9154 8.3113
42.9 19.764 52.2731 57.892 8.34689
43 19.8097 52.2375 57.8685 8.38254
43.1 19.8554 52.2017 57.8449 8.41826
43.2 19.9011 52.1659 57.8213 8.45405
43.3 19.9468 52.1301 57.7975 8.48991
43.4 19.9924 52.0942 57.7735 8.52583
43.5 20.0381 52.0582 57.7495 8.56182
43.6 20.0838 52.0221 57.7254 8.59787
43.7 20.1295 51.986 57.7011 8.63399
43.8 20.1752 51.9498 57.6768 8.67017
43.9 20.2208 51.9136 57.6523 8.70643
44 20.2665 51.8773 57.6278 8.74274
44.1 20.3122 51.8409 57.6031 8.77913
44.2 20.3578 51.8044 57.5783 8.81558
44.3 20.4035 51.7679 57.5534 8.85209
44.4 20.4491 51.7313 57.5285 8.88867
44.5 20.4948 51.6947 57.5034 8.92531
44.6 20.5404 51.658 57.4782 8.96202
44.7 20.5861 51.6212 57.4529 8.9988
44.8 20.6317 51.5844 57.4275 9.03564
44.9 20.6774 51.5475 57.402 9.07254
45 20.723 51.5105 57.3764 9.10951
45.1 20.7686 51.4735 57.3507 9.14655
45.2 20.8143 51.4364 57.325 9.18365
45.3 20.8599 51.3992 57.2991 9.22081
45.4 20.9055 51.362 57.2731 9.25804
45.5 20.9511 51.3247 57.247 9.29533
45.6 20.9968 51.2873 57.2208 9.33268
45.7 21.0424 51.2499 57.1946 9.3701
45.8 21.088 51.2124 57.1682 9.40759
45.9 21.1336 51.1749 57.1417 9.44513
46 21.1792 51.1373 57.1152 9.48274
46.1 21.2248 51.0996 57.0885 9.52042
46.2 21.2704 51.0618 57.0618 9.55815
46.3 21.316 51.024 57.035 9.59595
46.4 21.3616 50.9862 57.0081 9.63382
46.5 21.4072 50.9483 56.981 9.67174
46.6 21.4528 50.9103 56.9539 9.70973
46.7 21.4984 50.8722 56.9268 9.74778
46.8 21.544 50.8341 56.8995 9.7859
46.9 21.5895 50.7959 56.8721 9.82408
47 21.6351 50.7577 56.8446 9.86232
47.1 21.6807 50.7194 56.8171 9.90062
47.2 21.7262 50.681 56.7895 9.93898
47.3 21.7718 50.6426 56.7618 9.97741
47.4 21.8174 50.6041 56.7339 10.0159
47.5 21.8629 50.5656 56.7061 10.0544
47.6 21.9085 50.5269 56.6781 10.0931
47.7 21.954 50.4883 56.65 10.1317
47.8 21.9996 50.4495 56.6219 10.1705
47.9 22.0451 50.4107 56.5937 10.2093
48 22.0907 50.3719 56.5654 10.2481
48.1 22.1362 50.333 56.537 10.287
48.2 22.1818 50.294 56.5085 10.326
48.3 22.2273 50.2549 56.4799 10.3651
48.4 22.2728 50.2158 56.4513 10.4042
48.5 22.3183 50.1767 56.4226 10.4433
48.6 22.3639 50.1375 56.3938 10.4825
48.7 22.4094 50.0982 56.3649 10.5218
48.8 22.4549 50.0588 56.336 10.5612
48.9 22.5004 50.0194 56.3069 10.6006
49 22.5459 49.98 56.2778 10.64
49.1 22.5914 49.9404 56.2487 10.6796
49.2 22.6369 49.9009 56.2194 10.7191
49.3 22.6824 49.8612 56.1901 10.7588
49.4 22.7279 49.8215 56.1606 10.7985
49.5 22.7734 49.7818 56.1311 10.8382
49.6 22.8189 49.7419 56.1016 10.8781
49.7 22.8644 49.7021 56.0719 10.9179
49.8 22.9099 49.6621 56.0422 10.9579
49.9 22.9554 49.6221 56.0124 10.9979
50 23.0008 49.5821 55.9826 11.0379
50.1 23.0463 49.542 55.9526 11.078
50.2 23.0918 49.5018 55.9226 11.1182
50.3 23.1372 49.4615 55.8925 11.1585
50.4 23.1827 49.4213 55.8624 11.1987
50.5 23.2281 49.3809 55.8322 11.2391
50.6 23.2736 49.3405 55.8019 11.2795
50.7 23.319 49.3 55.7715 11.32
50.8 23.3645 49.2595 55.7411 11.3605
50.9 23.4099 49.2189 55.7106 11.4011
51 23.4554 49.1783 55.68 11.4417
51.1 23.5008 49.1376 55.6493 11.4824
51.2 23.5462 49.0968 55.6186 11.5232
51.3 23.5917 49.056 55.5879 11.564
51.4 23.6371 49.0152 55.557 11.6048
51.5 23.6825 48.9742 55.5261 11.6458
51.6 23.7279 48.9333 55.4951 11.6867
51.7 23.7733 48.8922 55.4641 11.7278
51.8 23.8188 48.8511 55.4329 11.7689
51.9 23.8642 48.81 55.4018 11.81
52 23.9096 48.7688 55.3705 11.8512
52.1 23.955 48.7275 55.3392 11.8925
52.2 24.0003 48.6862 55.3078 11.9338
52.3 24.0457 48.6448 55.2764 11.9752
52.4 24.0911 48.6034 55.2449 12.0166
52.5 24.1365 48.5619 55.2133 12.0581
52.6 24.1819 48.5204 55.1817 12.0996
52.7 24.2273 48.4788 55.15 12.1412
52.8 24.2726 48.4371 55.1182 12.1829
52.9 24.318 48.3954 55.0864 12.2246
53 24.3634 48.3536 55.0545 12.2664
53.1 24.4087 48.3118 55.0226 12.3082
53.2 24.4541 48.2699 54.9906 12.3501
53.3 24.4994 48.228 54.9585 12.392
53.4 24.5448 48.186 54.9264 12.434
53.5 24.5901 48.144 54.8942 12.476
53.6 24.6355 48.1019 54.8619 12.5181
53.7 24.6808 48.0597 54.8296 12.5603
53.8 24.7261 48.0175 54.7973 12.6025
53.9 24.7715 47.9753 54.7648 12.6447
54 24.8168 47.933 54.7324 12.687
54.1 24.8621 47.8906 54.6998 12.7294
54.2 24.9074 47.8482 54.6672 12.7718
54.3 24.9527 47.8057 54.6345 12.8143
54.4 24.998 47.7632 54.6018 12.8568
54.5 25.0433 47.7206 54.5691 12.8994
54.6 25.0886 47.678 54.5362 12.942
54.7 25.1339 47.6353 54.5033 12.9847
54.8 25.1792 47.5926 54.4704 13.0274
54.9 25.2245 47.5498 54.4374 13.0702
55 25.2698 47.507 54.4043 13.113
55.1 25.3151 47.4641 54.3712 13.1559
55.2 25.3604 47.4211 54.3381 13.1989
55.3 25.4056 47.3781 54.3048 13.2419
55.4 25.4509 47.3351 54.2716 13.2849
55.5 25.4962 47.292 54.2382 13.328
55.6 25.5414 47.2488 54.2049 13.3712
55.7 25.5867 47.2056 54.1714 13.4144
55.8 25.6319 47.1624 54.1379 13.4576
55.9 25.6772 47.1191 54.1044 13.5009
56 25.7224 47.0757 54.0708 13.5443
56.1 25.7676 47.0323 54.0372 13.5877
56.2 25.8129 46.9889 54.0035 13.6311
56.3 25.8581 46.9454 53.9697 13.6746
56.4 25.9033 46.9018 53.9359 13.7182
56.5 25.9485 46.8582 53.902 13.7618
56.6 25.9938 46.8145 53.8681 13.8055
56.7 26.039 46.7708 53.8342 13.8492
56.8 26.0842 46.727 53.8002 13.893
56.9 26.1294 46.6832 53.7661 13.9368
57 26.1746 46.6394 53.732 13.9806
57.1 26.2198 46.5955 53.6979 14.0245
57.2 26.265 46.5515 53.6636 14.0685
57.3 26.3102 46.5075 53.6294 14.1125
57.4 26.3553 46.4634 53.5951 14.1566
57.5 26.4005 46.4193 53.5607 14.2007
57.6 26.4457 46.3752 53.5263 14.2448
57.7 26.4908 46.331 53.4919 14.289
57.8 26.536 46.2867 53.4574 14.3333
57.9 26.5812 46.2424 53.4228 14.3776
58 26.6263 46.198 53.3882 14.422
58.1 26.6715 46.1536 53.3536 14.4664
58.2 26.7166 46.1092 53.3189 14.5108
58.3 26.7618 46.0647 53.2842 14.5553
58.4 26.8069 46.0202 53.2494 14.5998
58.5 26.852 45.9756 53.2146 14.6444
58.6 26.8972 45.9309 53.1797 14.6891
58.7 26.9423 45.8862 53.1448 14.7338
58.8 26.9874 45.8415 53.1098 14.7785
58.9 27.0325 45.7967 53.0748 14.8233
59 27.0776 45.7519 53.0397 14.8681
59.1 27.1227 45.707 53.0046 14.913
59.2 27.1678 45.6621 52.9695 14.9579
59.3 27.2129 45.6171 52.9343 15.0029
59.4 27.258 45.5721 52.899 15.0479
59.5 27.3031 45.527 52.8638 15.093
59.6 27.3482 45.4819 52.8284 15.1381
59.7 27.3932 45.4368 52.7931 15.1832
59.8 27.4383 45.3916 52.7577 15.2284
59.9 27.4834 45.3463 52.7222 15.2737
60 27.5284 45.301 52.6867 15.319
60.1 27.5735 45.2557 52.6512 15.3643
60.2 27.6185 45.2103 52.6156 15.4097
60.3 27.6636 45.1648 52.58 15.4552
60.4 27.7086 45.1194 52.5443 15.5006
60.5 27.7537 45.0739 52.5086 15.5461
60.6 27.7987 45.0283 52.4728 15.5917
60.7 27.8437 44.9827 52.437 15.6373
60.8 27.8887 44.937 52.4012 15.683
60.9 27.9338 44.8913 52.3653 15.7287
61 27.9788 44.8456 52.3294 15.7744
61.1 28.0238 44.7998 52.2935 15.8202
61.2 28.0688 44.7539 52.2575 15.8661
61.3 28.1138 44.7081 52.2214 15.9119
61.4 28.1588 44.6621 52.1853 15.9579
61.5 28.2038 44.6162 52.1492 16.0038
61.6 28.2487 44.5702 52.1131 16.0498
61.7 28.2937 44.5241 52.0769 16.0959
61.8 28.3387 44.478 52.0406 16.142
61.9 28.3837 44.4319 52.0043 16.1881
62 28.4286 44.3857 51.968 16.2343
62.1 28.4736 44.3395 51.9317 16.2805
62.2 28.5185 44.2932 51.8953 16.3268
62.3 28.5635 44.2469 51.8589 16.3731
62.4 28.6084 44.2005 51.8224 16.4195
62.5 28.6533 44.1542 51.7859 16.4658
62.6 28.6983 44.1077 51.7493 16.5123
62.7 28.7432 44.0612 51.7127 16.5588
62.8 28.7881 44.0147 51.6761 16.6053
62.9 28.833 43.9682 51.6395 16.6518
63 28.8779 43.9215 51.6028 16.6985
63.1 28.9229 43.8749 51.566 16.7451
63.2 28.9678 43.8282 51.5293 16.7918
63.3 29.0126 43.7815 51.4925 16.8385
63.4 29.0575 43.7347 51.4556 16.8853
63.5 29.1024 43.6879 51.4187 16.9321
63.6 29.1473 43.6411 51.3818 16.9789
63.7 29.1922 43.5942 51.3449 17.0258
63.8 29.237 43.5472 51.3079 17.0728
63.9 29.2819 43.5003 51.2708 17.1197
64 29.3268 43.4533 51.2338 17.1667
64.1 29.3716 43.4062 51.1967 17.2138
64.2 29.4165 43.3591 51.1596 17.2609
64.3 29.4613 43.312 51.1224 17.308
64.4 29.5061 43.2648 51.0852 17.3552
64.5 29.551 43.2176 51.048 17.4024
64.6 29.5958 43.1703 51.0107 17.4497
64.7 29.6406 43.123 50.9734 17.497
64.8 29.6854 43.0757 50.9361 17.5443
64.9 29.7302 43.0284 50.8987 17.5916
65 29.775 42.9809 50.8613 17.6391
65.1 29.8198 42.9335 50.8238 17.6865
65.2 29.8646 42.886 50.7864 17.734
65.3 29.9094 42.8385 50.7489 17.7815
65.4 29.9542 42.7909 50.7113 17.8291
65.5 29.9989 42.7433 50.6737 17.8767
65.6 30.0437 42.6957 50.6361 17.9243
65.7 30.0885 42.648 50.5985 17.972
65.8 30.1332 42.6003 50.5608 18.0197
65.9 30.178 42.5526 50.5231 18.0674
66 30.2227 42.5048 50.4854 18.1152
66.1 30.2675 42.457 50.4476 18.163
66.2 30.3122 42.4091 50.4098 18.2109
66.3 30.3569 42.3612 50.372 18.2588
66.4 30.4016 42.3133 50.3341 18.3067
66.5 30.4464 42.2653 50.2962 18.3547
66.6 30.4911 42.2173 50.2583 18.4027
66.7 30.5358 42.1693 50.2203 18.4507
66.8 30.5805 42.1212 50.1823 18.4988
66.9 30.6252 42.0731 50.1443 18.5469
67 30.6698 42.0249 50.1063 18.5951
67.1 30.7145 41.9767 50.0682 18.6433
67.2 30.7592 41.9285 50.0301 18.6915
67.3 30.8039 41.8802 49.9919 18.7398
67.4 30.8485 41.8319 49.9537 18.7881
67.5 30.8932 41.7836 49.9155 18.8364
67.6 30.9378 41.7353 49.8773 18.8847
67.7 30.9825 41.6869 49.839 18.9331
67.8 31.0271 41.6384 49.8007 18.9816
67.9 31.0718 41.59 49.7624 19.03
68 31.1164 41.5415 49.724 19.0785
68.1 31.161 41.4929 49.6857 19.1271
68.2 31.2056 41.4444 49.6472 19.1756
68.3 31.2502 41.3958 49.6088 19.2242
68.4 31.2948 41.3471 49.5703 19.2729
68.5 31.3394 41.2984 49.5318 19.3216
68.6 31.384 41.2497 49.4933 19.3703
68.7 31.4286 41.201 49.4547 19.419
68.8 31.4732 41.1522 49.4161 19.4678
68.9 31.5177 41.1034 49.3775 19.5166
69 31.5623 41.0546 49.3389 19.5654
69.1 31.6068 41.0057 49.3002 19.6143
69.2 31.6514 40.9568 49.2615 19.6632
69.3 31.6959 40.9079 49.2228 19.7121
69.4 31.7405 40.8589 49.184 19.7611
69.5 31.785 40.8099 49.1452 19.8101
69.6 31.8295 40.7609 49.1064 19.8591
69.7 31.8741 40.7118 49.0676 19.9082
69.8 31.9186 40.6627 49.0287 19.9573
69.9 31.9631 40.6136 48.9898 20.0064
70 32.0076 40.5645 48.9509 20.0555
70.1 32.0521 40.5153 48.9119 20.1047
70.2 32.0966 40.466 48.873 20.154
70.3 32.141 40.4168 48.834 20.2032
70.4 32.1855 40.3675 48.7949 20.2525
70.5 32.23 40.3182 48.7559 20.3018
70.6 32.2744 40.2689 48.7168 20.3511
70.7 32.3189 40.2195 48.6777 20.4005
70.8 32.3633 40.1701 48.6385 20.4499
70.9 32.4078 40.1207 48.5994 20.4993
71 32.4522 40.0712 48.5602 20.5488
71.1 32.4966 40.0217 48.521 20.5983
71.2 32.541 39.9722 48.4817 20.6478
71.3 32.5855 39.9226 48.4425 20.6974
71.4 32.6299 39.873 48.4032 20.747
71.5 32.6743 39.8234 48.3639 20.7966
71.6 32.7187 39.7738 48.3245 20.8462
71.7 32.763 39.7241 48.2852 20.8959
71.8 32.8074 39.6744 48.2458 20.9456
71.9 32.8518 39.6247 48.2063 20.9953
72 32.8962 39.575 48.1669 21.045
72.1 32.9405 39.5252 48.1274 21.0948
72.2 32.9849 39.4754 48.0879 21.1446
72.3 33.0292 39.4255 48.0484 21.1945
72.4 33.0735 39.3757 48.0089 21.2443
72.5 33.1179 39.3258 47.9693 21.2942
72.6 33.1622 39.2758 47.9297 21.3442
72.7 33.2065 39.2259 47.8901 21.3941
72.8 33.2508 39.1759 47.8505 21.4441
72.9 33.2951 39.1259 47.8108 21.4941
73 33.3394 39.0759 47.7711 21.5441
73.1 33.3837 39.0258 47.7314 21.5942
73.2 33.428 38.9758 47.6917 21.6442
73.3 33.4723 38.9256 47.6519 21.6944
73.4 33.5165 38.8755 47.6121 21.7445
73.5 33.5608 38.8254 47.5723 21.7946
73.6 33.605 38.7752 47.5325 21.8448
73.7 33.6493 38.725 47.4926 21.895
73.8 33.6935 38.6747 47.4528 21.9453
73.9 33.7377 38.6245 47.4129 21.9955
74 33.782 38.5742 47.373 22.0458
74.1 33.8262 38.5238 47.333 22.0962
74.2 33.8704 38.4735 47.293 22.1465
74.3 33.9146 38.4231 47.2531 22.1969
74.4 33.9588 38.3728 47.213 22.2472
74.5 34.0029 38.3223 47.173 22.2977
74.6 34.0471 38.2719 47.1329 22.3481
74.7 34.0913 38.2214 47.0929 22.3986
74.8 34.1355 38.171 47.0528 22.449
74.9 34.1796 38.1204 47.0126 22.4996
75 34.2238 38.0699 46.9725 22.5501
75.1 34.2679 38.0194 46.9323 22.6006
75.2 34.312 37.9688 46.8921 22.6512
75.3 34.3561 37.9182 46.8519 22.7018
75.4 34.4003 37.8675 46.8117 22.7525
75.5 34.4444 37.8169 46.7714 22.8031
75.6 34.4885 37.7662 46.7312 22.8538
75.7 34.5326 37.7155 46.6909 22.9045
75.8 34.5766 37.6648 46.6505 22.9552
75.9 34.6207 37.6141 46.6102 23.0059
76 34.6648 37.5633 46.5698 23.0567
76.1 34.7088 37.5125 46.5295 23.1075
76.2 34.7529 37.4617 46.489 23.1583
76.3 34.7969 37.4109 46.4486 23.2091
76.4 34.841 37.36 46.4082 23.26
76.5 34.885 37.3092 46.3677 23.3108
76.6 34.929 37.2583 46.3272 23.3617
76.7 34.973 37.2074 46.2867 23.4126
76.8 35.017 37.1564 46.2462 23.4636
76.9 35.061 37.1055 46.2056 23.5145
77 35.105 37.0545 46.1651 23.5655
77.1 35.149 37.0035 46.1245 23.6165
77.2 35.193 36.9525 46.0839 23.6675
77.3 35.237 36.9014 46.0432 23.7186
77.4 35.2809 36.8504 46.0026 23.7696
77.5 35.3249 36.7993 45.9619 23.8207
77.6 35.3688 36.7482 45.9212 23.8718
77.7 35.4127 36.6971 45.8805 23.9229
77.8 35.4566 36.6459 45.8398 23.9741
77.9 35.5006 36.5948 45.799 24.0252
78 35.5445 36.5436 45.7583 24.0764
78.1 35.5884 36.4924 45.7175 24.1276
78.2 35.6323 36.4412 45.6767 24.1788
78.3 35.6761 36.39 45.6358 24.23
78.4 35.72 36.3387 45.595 24.2813
78.5 35.7639 36.2875 45.5541 24.3325
78.6 35.8077 36.2362 45.5132 24.3838
78.7 35.8516 36.1849 45.4723 24.4351
78.8 35.8954 36.1335 45.4314 24.4865
78.9 35.9392 36.0822 45.3905 24.5378
79 35.9831 36.0308 45.3495 24.5892
79.1 36.0269 35.9795 45.3085 24.6405
79.2 36.0707 35.9281 45.2675 24.6919
79.3 36.1145 35.8767 45.2265 24.7433
79.4 36.1583 35.8252 45.1855 24.7948
79.5 36.202 35.7738 45.1444 24.8462
79.6 36.2458 35.7223 45.1034 24.8977
79.7 36.2896 35.6709 45.0623 24.9491
79.8 36.3333 35.6194 45.0212 25.0006
79.9 36.3771 35.5678 44.98 25.0522
80 36.4208 35.5163 44.9389 25.1037
80.1 36.4645 35.4648 44.8977 25.1552
80.2 36.5082 35.4132 44.8565 25.2068
80.3 36.5519 35.3617 44.8153 25.2583
80.4 36.5956 35.3101 44.7741 25.3099
80.5 36.6393 35.2585 44.7329 25.3615
80.6 36.683 35.2068 44.6916 25.4132
80.7 36.7267 35.1552 44.6504 25.4648
80.8 36.7703 35.1036 44.6091 25.5164
80.9 36.814 35.0519 44.5678 25.5681
81 36.8576 35.0002 44.5264 25.6198
81.1 36.9012 34.9485 44.4851 25.6715
81.2 36.9449 34.8968 44.4437 25.7232
81.3 36.9885 34.8451 44.4024 25.7749
81.4 37.0321 34.7934 44.361 25.8266
81.5 37.0757 34.7416 44.3196 25.8784
81.6 37.1193 34.6899 44.2781 25.9301
81.7 37.1628 34.6381 44.2367 25.9819
81.8 37.2064 34.5863 44.1952 26.0337
81.9 37.25 34.5345 44.1538 26.0855
82 37.2935 34.4827 44.1123 26.1373
82.1 37.337 34.4309 44.0708 26.1891
82.2 37.3806 34.379 44.0292 26.241
82.3 37.4241 34.3272 43.9877 26.2928
82.4 37.4676 34.2753 43.9461 26.3447
82.5 37.5111 34.2234 43.9046 26.3966
82.6 37.5546 34.1716 43.863 26.4484
82.7 37.5981 34.1197 43.8213 26.5003
82.8 37.6415 34.0677 43.7797 26.5523
82.9 37.685 34.0158 43.7381 26.6042
83 37.7285 33.9639 43.6964 26.6561
83.1 37.7719 33.9119 43.6547 26.7081
83.2 37.8153 33.86 43.6131 26.76
83.3 37.8587 33.808 43.5713 26.812
83.4 37.9022 33.756 43.5296 26.864
83.5 37.9456 33.7041 43.4879 26.9159
83.6 37.9889 33.6521 43.4461 26.9679
83.7 38.0323 33.6001 43.4044 27.0199
83.8 38.0757 33.548 43.3626 27.072
83.9 38.1191 33.496 43.3208 27.124
84 38.1624 33.444 43.279 27.176
84.1 38.2057 33.3919 43.2371 27.2281
84.2 38.2491 33.3399 43.1953 27.2801
84.3 38.2924 33.2878 43.1534 27.3322
84.4 38.3357 33.2357 43.1115 27.3843
84.5 38.379 33.1836 43.0696 27.4364
84.6 38.4223 33.1316 43.0277 27.4884
84.7 38.4656 33.0795 42.9858 27.5405
84.8 38.5088 33.0273 42.9439 27.5927
84.9 38.5521 32.9752 42.9019 27.6448
85 38.5953 32.9231 42.8599 27.6969
85.1 38.6386 32.871 42.8179 27.749
85.2 38.6818 32.8188 42.7759 27.8012
85.3 38.725 32.7667 42.7339 27.8533
85.4 38.7682 32.7145 42.6919 27.9055
85.5 38.8114 32.6624 42.6499 27.9576
85.6 38.8546 32.6102 42.6078 28.0098
85.7 38.8978 32.558 42.5657 28.062
85.8 38.9409 32.5058 42.5236 28.1142
85.9 38.9841 32.4536 42.4815 28.1664
86 39.0272 32.4014 42.4394 28.2186
86.1 39.0703 32.3492 42.3973 28.2708
86.2 39.1134 32.297 42.3551 28.323
86.3 39.1566 32.2448 42.313 28.3752
86.4 39.1996 32.1926 42.2708 28.4274
86.5 39.2427 32.1404 42.2286 28.4796
86.6 39.2858 32.0881 42.1864 28.5319
86.7 39.3289 32.0359 42.1442 28.5841
86.8 39.3719 31.9836 42.102 28.6364
86.9 39.415 31.9314 42.0597 28.6886
87 39.458 31.8791 42.0174 28.7409
87.1 39.501 31.8269 41.9752 28.7931
87.2 39.544 31.7746 41.9329 28.8454
87.3 39.587 31.7223 41.8906 28.8977
87.4 39.63 31.6701 41.8483 28.9499
87.5 39.6729 31.6178 41.8059 29.0022
87.6 39.7159 31.5655 41.7636 29.0545
87.7 39.7589 31.5132 41.7212 29.1068
87.8 39.8018 31.4609 41.6789 29.1591
87.9 39.8447 31.4087 41.6365 29.2113
88 39.8876 31.3564 41.5941 29.2636
88.1 39.9305 31.3041 41.5517 29.3159
88.2 39.9734 31.2518 41.5092 29.3682
88.3 40.0163 31.1995 41.4668 29.4205
88.4 40.0592 31.1471 41.4244 29.4729
88.5 40.102 31.0948 41.3819 29.5252
88.6 40.1449 31.0425 41.3394 29.5775
88.7 40.1877 30.9902 41.2969 29.6298
88.8 40.2305 30.9379 41.2544 29.6821
88.9 40.2733 30.8856 41.2119 29.7344
89 40.3161 30.8333 41.1694 29.7867
89.1 40.3589 30.7809 41.1268 29.8391
89.2 40.4017 30.7286 41.0843 29.8914
89.3 40.4444 30.6763 41.0417 29.9437
89.4 40.4872 30.624 40.9991 29.996
89.5 40.5299 30.5716 40.9565 30.0484
89.6 40.5726 30.5193 40.9139 30.1007
89.7 40.6153 30.467 40.8713 30.153
89.8 40.658 30.4147 40.8287 30.2053
89.9 40.7007 30.3623 40.786 30.2577
90 40.7434 30.31 40.7434 30.31
90.1 40.786 30.2577 40.7007 30.3623
90.2 40.8287 30.2053 40.658 30.4147
90.3 40.8713 30.153 40.6153 30.467
90.4 40.9139 30.1007 40.5726 30.5193
90.5 40.9565 30.0484 40.5299 30.5716
90.6 40.9991 29.996 40.4872 30.624
90.7 41.0417 29.9437 40.4444 30.6763
90.8 41.0843 29.8914 40.4017 30.7286
90.9 41.1268 29.8391 40.3589 30.7809
91 41.1694 29.7867 40.3161 30.8333
91.1 41.2119 29.7344 40.2733 30.8856
91.2 41.2544 29.6821 40.2305 30.9379
91.3 41.2969 29.6298 40.1877 30.9902
91.4 41.3394 29.5775 40.1449 31.0425
91.5 41.3819 29.5252 40.102 31.0948
91.6 41.4244 29.4729 40.0592 31.1471
91.7 41.4668 29.4205 40.0163 31.1995
91.8 41.5092 29.3682 39.9734 31.2518
91.9 41.5517 29.3159 39.9305 31.3041
92 41.5941 29.2636 39.8876 31.3564
92.1 41.6365 29.2113 39.8447 31.4087
92.2 41.6789 29.1591 39.8018 31.4609
92.3 41.7212 29.1068 39.7589 31.5132
92.4 41.7636 29.0545 39.7159 31.5655
92.5 41.8059 29.0022 39.6729 31.6178
92.6 41.8483 28.9499 39.63 31.6701
92.7 41.8906 28.8977 39.587 31.7223
92.8 41.9329 28.8454 39.544 31.7746
92.9 41.9752 28.7931 39.501 31.8269
93 42.0174 28.7409 39.458 31.8791
93.1 42.0597 28.6886 39.415 31.9314
93.2 42.102 28.6364 39.3719 31.9836
93.3 42.1442 28.5841 39.3289 32.0359
93.4 42.1864 28.5319 39.2858 32.0881
93.5 42.2286 28.4796 39.2427 32.1404
93.6 42.2708 28.4274 39.1996 32.1926
93.7 42.313 28.3752 39.1566 32.2448
93.8 42.3551 28.323 39.1134 32.297
93.9 42.3973 28.2708 39.0703 32.3492
94 42.4394 28.2186 39.0272 32.4014
94.1 42.4815 28.1664 38.9841 32.4536
94.2 42.5236 28.1142 38.9409 32.5058
94.3 42.5657 28.062 38.8978 32.558
94.4 42.6078 28.0098 38.8546 32.6102
94.5 42.6499 27.9576 38.8114 32.6624
94.6 42.6919 27.9055 38.7682 32.7145
94.7 42.7339 27.8533 38.725 32.7667
94.8 42.7759 27.8012 38.6818 32.8188
94.9 42.8179 27.749 38.6386 32.871
95 42.8599 27.6969 38.5953 32.9231
95.1 42.9019 27.6448 38.5521 32.9752
95.2 42.9439 27.5927 38.5088 33.0273
95.3 42.9858 27.5405 38.4656 33.0795
95.4 43.0277 27.4884 38.4223 33.1316
95.5 43.0696 27.4364 38.379 33.1836
95.6 43.1115 27.3843 38.3357 33.2357
95.7 43.1534 27.3322 38.2924 33.2878
95.8 43.1953 27.2801 38.2491 33.3399
95.9 43.2371 27.2281 38.2057 33.3919
96 43.279 27.176 38.1624 33.444
96.1 43.3208 27.124 38.1191 33.496
96.2 43.3626 27.072 38.0757 33.548
96.3 43.4044 27.0199 38.0323 33.6001
96.4 43.4461 26.9679 37.9889 33.6521
96.5 43.4879 26.9159 37.9456 33.7041
96.6 43.5296 26.864 37.9022 33.756
96.7 43.5713 26.812 37.8587 33.808
96.8 43.6131 26.76 37.8153 33.86
96.9 43.6547 26.7081 37.7719 33.9119
97 43.6964 26.6561 37.7285 33.9639
97.1 43.7381 26.6042 37.685 34.0158
97.2 43.7797 26.5523 37.6415 34.0677
97.3 43.8213 26.5003 37.5981 34.1197
97.4 43.863 26.4484 37.5546 34.1716
97.5 43.9046 26.3966 37.5111 34.2234
97.6 43.9461 26.3447 37.4676 34.2753
97.7 43.9877 26.2928 37.4241 34.3272
97.8 44.0292 26.241 37.3806 34.379
97.9 44.0708 26.1891 37.337 34.4309
98 44.1123 26.1373 37.2935 34.4827
98.1 44.1538 26.0855 37.25 34.5345
98.2 44.1952 26.0337 37.2064 34.5863
98.3 44.2367 25.9819 37.1628 34.6381
98.4 44.2781 25.9301 37.1193 34.6899
98.5 44.3196 25.8784 37.0757 34.7416
98.6 44.361 25.8266 37.0321 34.7934
98.7 44.4024 25.7749 36.9885 34.8451
98.8 44.4437 25.7232 36.9449 34.8968
98.9 44.4851 25.6715 36.9012 34.9485
99 44.5264 25.6198 36.8576 35.0002
99.1 44.5678 25.5681 36.814 35.0519
99.2 44.6091 25.5164 36.7703 35.1036
99.3 44.6504 25.4648 36.7267 35.1552
99.4 44.6916 25.4132 36.683 35.2068
99.5 44.7329 25.3615 36.6393 35.2585
99.6 44.7741 25.3099 36.5956 35.3101
99.7 44.8153 25.2583 36.5519 35.3617
99.8 44.8565 25.2068 36.5082 35.4132
99.9 44.8977 25.1552 36.4645 35.4648
100 44.9389 25.1037 36.4208 35.5163
100.1 44.98 25.0522 36.3771 35.5678
100.2 45.0212 25.0006 36.3333 35.6194
100.3 45.0623 24.9491 36.2896 35.6709
100.4 45.1034 24.8977 36.2458 35.7223
100.5 45.1444 24.8462 36.202 35.7738
100.6 45.1855 24.7948 36.1583 35.8252
100.7 45.2265 24.7433 36.1145 35.8767
100.8 45.2675 24.6919 36.0707 35.9281
100.9 45.3085 24.6405 36.0269 35.9795
101 45.3495 24.5892 35.9831 36.0308
101.1 45.3905 24.5378 35.9392 36.0822
101.2 45.4314 24.4865 35.8954 36.1335
101.3 45.4723 24.4351 35.8516 36.1849
101.4 45.5132 24.3838 35.8077 36.2362
101.5 45.5541 24.3325 35.7639 36.2875
101.6 45.595 24.2813 35.72 36.3387
101.7 45.6358 24.23 35.6761 36.39
101.8 45.6767 24.1788 35.6323 36.4412
101.9 45.7175 24.1276 35.5884 36.4924
102 45.7583 24.0764 35.5445 36.5436
102.1 45.799 24.0252 35.5006 36.5948
102.2 45.8398 23.9741 35.4566 36.6459
102.3 45.8805 23.9229 35.4127 36.6971
102.4 45.9212 23.8718 35.3688 36.7482
102.5 45.9619 23.8207 35.3249 36.7993
102.6 46.0026 23.7696 35.2809 36.8504
102.7 46.0432 23.7186 35.237 36.9014
102.8 46.0839 23.6675 35.193 36.9525
102.9 46.1245 23.6165 35.149 37.0035
103 46.1651 23.5655 35.105 37.0545
103.1 46.2056 23.5145 35.061 37.1055
103.2 46.2462 23.4636 35.017 37.1564
103.3 46.2867 23.4126 34.973 37.2074
103.4 46.3272 23.3617 34.929 37.2583
103.5 46.3677 23.3108 34.885 37.3092
103.6 46.4082 23.26 34.841 37.36
103.7 46.4486 23.2091 34.7969 37.4109
103.8 46.489 23.1583 34.7529 37.4617
103.9 46.5295 23.1075 34.7088 37.5125
104 46.5698 23.0567 34.6648 37.5633
104.1 46.6102 23.0059 34.6207 37.6141
104.2 46.6505 22.9552 34.5766 37.6648
104.3 46.6909 22.9045 34.5326 37.7155
104.4 46.7312 22.8538 34.4885 37.7662
104.5 46.7714 22.8031 34.4444 37.8169
104.6 46.8117 22.7525 34.4003 37.8675
104.7 46.8519 22.7018 34.3561 37.9182
104.8 46.8921 22.6512 34.312 37.9688
104.9 46.9323 22.6006 34.2679 38.0194
105 46.9725 22.5501 34.2238 38.0699
105.1 47.0126 22.4996 34.1796 38.1204
105.2 47.0528 22.449 34.1355 38.171
105.3 47.0929 22.3986 34.0913 38.2214
105.4 47.1329 22.3481 34.0471 38.2719
105.5 47.173 22.2977 34.0029 38.3223
105.6 47.213 22.2472 33.9588 38.3728
105.7 47.2531 22.1969 33.9146 38.4231
105.8 47.293 22.1465 33.8704 38.4735
105.9 47.333 22.0962 33.8262 38.5238
106 47.373 22.0458 33.782 38.5742
106.1 47.4129 21.9955 33.7377 38.6245
106.2 47.4528 21.9453 33.6935 38.6747
106.3 47.4926 21.895 33.6493 38.725
106.4 47.5325 21.8448 33.605 38.7752
106.5 47.5723 21.7946 33.5608 38.8254
106.6 47.6121 21.7445 33.5165 38.8755
106.7 47.6519 21.6944 33.4723 38.9256
106.8 47.6917 21.6442 33.428 38.9758
106.9 47.7314 21.5942 33.3837 39.0258
107 47.7711 21.5441 33.3394 39.0759
107.1 47.8108 21.4941 33.2951 39.1259
107.2 47.8505 21.4441 33.2508 39.1759
107.3 47.8901 21.3941 33.2065 39.2259
107.4 47.9297 21.3442 33.1622 39.2758
107.5 47.9693 21.2942 33.1179 39.3258
107.6 48.0089 21.2443 33.0735 39.3757
107.7 48.0484 21.1945 33.0292 39.4255
107.8 48.0879 21.1446 32.9849 39.4754
107.9 48.1274 21.0948 32.9405 39.5252
108 48.1669 21.045 32.8962 39.575
108.1 48.2063 20.9953 32.8518 39.6247
108.2 48.2458 20.9456 32.8074 39.6744
108.3 48.2852 20.8959 32.763 39.7241
108.4 48.3245 20.8462 32.7187 39.7738
108.5 48.3639 20.7966 32.6743 39.8234
108.6 48.4032 20.747 32.6299 39.873
108.7 48.4425 20.6974 32.5855 39.9226
108.8 48.4817 20.6478 32.541 39.9722
108.9 48.521 20.5983 32.4966 40.0217
109 48.5602 20.5488 32.4522 40.0712
109.1 48.5994 20.4993 32.4078 40.1207
109.2 48.6385 20.4499 32.3633 40.1701
109.3 48.6777 20.4005 32.3189 40.2195
109.4 48.7168 20.3511 32.2744 40.2689
109.5 48.7559 20.3018 32.23 40.3182
109.6 48.7949 20.2525 32.1855 40.3675
109.7 48.834 20.2032 32.141 40.4168
109.8 48.873 20.154 32.0966 40.466
109.9 48.9119 20.1047 32.0521 40.5153
110 48.9509 20.0555 32.0076 40.5645
110.1 48.9898 20.0064 31.9631 40.6136
110.2 49.0287 19.9573 31.9186 40.6627
110.3 49.0676 19.9082 31.8741 40.7118
110.4 49.1064 19.8591 31.8295 40.7609
110.5 49.1452 19.8101 31.785 40.8099
110.6 49.184 19.7611 31.7405 40.8589
110.7 49.2228 19.7121 31.6959 40.9079
110.8 49.2615 19.6632 31.6514 40.9568
110.9 49.3002 19.6143 31.6068 41.0057
111 49.3389 19.5654 31.5623 41.0546
111.1 49.3775 19.5166 31.5177 41.1034
111.2 49.4161 19.4678 31.4732 41.1522
111.3 49.4547 19.419 31.4286 41.201
111.4 49.4933 19.3703 31.384 41.2497
111.5 49.5318 19.3216 31.3394 41.2984
111.6 49.5703 19.2729 31.2948 41.3471
111.7 49.6088 19.2242 31.2502 41.3958
111.8 49.6472 19.1756 31.2056 41.4444
111.9 49.6857 19.1271 31.161 41.4929
112 49.724 19.0785 31.1164 41.5415
112.1 49.7624 19.03 31.0718 41.59
112.2 49.8007 18.9816 31.0271 41.6384
112.3 49.839 18.9331 30.9825 41.6869
112.4 49.8773 18.8847 30.9378 41.7353
112.5 49.9155 18.8364 30.8932 41.7836
112.6 49.9537 18.7881 30.8485 41.8319
112.7 49.9919 18.7398 30.8039 41.8802
112.8 50.0301 18.6915 30.7592 41.9285
112.9 50.0682 18.6433 30.7145 41.9767
113 50.1063 18.5951 30.6698 42.0249
113.1 50.1443 18.5469 30.6252 42.0731
113.2 50.1823 18.4988 30.5805 42.1212
113.3 50.2203 18.4507 30.5358 42.1693
113.4 50.2583 18.4027 30.4911 42.2173
113.5 50.2962 18.3547 30.4464 42.2653
113.6 50.3341 18.3067 30.4016 42.3133
113.7 50.372 18.2588 30.3569 42.3612
113.8 50.4098 18.2109 30.3122 42.4091
113.9 50.4476 18.163 30.2675 42.457
114 50.4854 18.1152 30.2227 42.5048
114.1 50.5231 18.0674 30.178 42.5526
114.2 50.5608 18.0197 30.1332 42.6003
114.3 50.5985 17.972 30.0885 42.648
114.4 50.6361 17.9243 30.0437 42.6957
114.5 50.6737 17.8767 29.9989 42.7433
114.6 50.7113 17.8291 29.9542 42.7909
114.7 50.7489 17.7815 29.9094 42.8385
114.8 50.7864 17.734 29.8646 42.886
114.9 50.8238 17.6865 29.8198 42.9335
115 50.8613 17.6391 29.775 42.9809
115.1 50.8987 17.5916 29.7302 43.0284
115.2 50.9361 17.5443 29.6854 43.0757
115.3 50.9734 17.497 29.6406 43.123
115.4 51.0107 17.4497 29.5958 43.1703
115.5 51.048 17.4024 29.551 43.2176
115.6 51.0852 17.3552 29.5061 43.2648
115.7 51.1224 17.308 29.4613 43.312
115.8 51.1596 17.2609 29.4165 43.3591
115.9 51.1967 17.2138 29.3716 43.4062
116 51.2338 17.1667 29.3268 43.4533
116.1 51.2708 17.1197 29.2819 43.5003
116.2 51.3079 17.0728 29.237 43.5472
116.3 51.3449 17.0258 29.1922 43.5942
116.4 51.3818 16.9789 29.1473 43.6411
116.5 51.4187 16.9321 29.1024 43.6879
116.6 51.4556 16.8853 29.0575 43.7347
116.7 51.4925 16.8385 29.0126 43.7815
116.8 51.5293 16.7918 28.9678 43.8282
116.9 51.566 16.7451 28.9229 43.8749
117 51.6028 16.6985 28.8779 43.9215
117.1 51.6395 16.6518 28.833 43.9682
117.2 51.6761 16.6053 28.7881 44.0147
117.3 51.7127 16.5588 28.7432 44.0612
117.4 51.7493 16.5123 28.6983 44.1077
117.5 51.7859 16.4658 28.6533 44.1542
117.6 51.8224 16.4195 28.6084 44.2005
117.7 51.8589 16.3731 28.5635 44.2469
117.8 51.8953 16.3268 28.5185 44.2932
117.9 51.9317 16.2805 28.4736 44.3395
118 51.968 16.2343 28.4286 44.3857
118.1 52.0043 16.1881 28.3837 44.4319
118.2 52.0406 16.142 28.3387 44.478
118.3 52.0769 16.0959 28.2937 44.5241
118.4 52.1131 16.0498 28.2487 44.5702
118.5 52.1492 16.0038 28.2038 44.6162
118.6 52.1853 15.9579 28.1588 44.6621
118.7 52.2214 15.9119 28.1138 44.7081
118.8 52.2575 15.8661 28.0688 44.7539
118.9 52.2935 15.8202 28.0238 44.7998
119 52.3294 15.7744 27.9788 44.8456
119.1 52.3653 15.7287 27.9338 44.8913
119.2 52.4012 15.683 27.8887 44.937
119.3 52.437 15.6373 27.8437 44.9827
119.4 52.4728 15.5917 27.7987 45.0283
119.5 52.5086 15.5461 27.7537 45.0739
119.6 52.5443 15.5006 27.7086 45.1194
119.7 52.58 15.4552 27.6636 45.1648
119.8 52.6156 15.4097 27.6185 45.2103
119.9 52.6512 15.3643 27.5735 45.2557
120 52.6867 15.319 27.5284 45.301
120.1 52.7222 15.2737 27.4834 45.3463
120.2 52.7577 15.2284 27.4383 45.3916
120.3 52.7931 15.1832 27.3932 45.4368
120.4 52.8284 15.1381 27.3482 45.4819
120.5 52.8638 15.093 27.3031 45.527
120.6 52.899 15.0479 27.258 45.5721
120.7 52.9343 15.0029 27.2129 45.6171
120.8 52.9695 14.9579 27.1678 45.6621
120.9 53.0046 14.913 27.1227 45.707
121 53.0397 14.8681 27.0776 45.7519
121.1 53.0748 14.8233 27.0325 45.7967
121.2 53.1098 14.7785 26.9874 45.8415
121.3 53.1448 14.7338 26.9423 45.8862
121.4 53.1797 14.6891 26.8972 45.9309
121.5 53.2146 14.6444 26.852 45.9756
121.6 53.2494 14.5998 26.8069 46.0202
121.7 53.2842 14.5553 26.7618 46.0647
121.8 53.3189 14.5108 26.7166 46.1092
121.9 53.3536 14.4664 26.6715 46.1536
122 53.3882 14.422 26.6263 46.198
122.1 53.4228 14.3776 26.5812 46.2424
122.2 53.4574 14.3333 26.536 46.2867
122.3 53.4919 14.289 26.4908 46.331
122.4 53.5263 14.2448 26.4457 46.3752
122.5 53.5607 14.2007 26.4005 46.4193
122.6 53.5951 14.1566 26.3553 46.4634
122.7 53.6294 14.1125 26.3102 46.5075
122.8 53.6636 14.0685 26.265 46.5515
122.9 53.6979 14.0245 26.2198 46.5955
123 53.732 13.9806 26.1746 46.6394
123.1 53.7661 13.9368 26.1294 46.6832
123.2 53.8002 13.893 26.0842 46.727
123.3 53.8342 13.8492 26.039 46.7708
123.4 53.8681 13.8055 25.9938 46.8145
123.5 53.902 13.7618 25.9485 46.8582
123.6 53.9359 13.7182 25.9033 46.9018
123.7 53.9697 13.6746 25.8581 46.9454
123.8 54.0035 13.6311 25.8129 46.9889
123.9 54.0372 13.5877 25.7676 47.0323
124 54.0708 13.5443 25.7224 47.0757
124.1 54.1044 13.5009 25.6772 47.1191
124.2 54.1379 13.4576 25.6319 47.1624
124.3 54.1714 13.4144 25.5867 47.2056
124.4 54.2049 13.3712 25.5414 47.2488
124.5 54.2382 13.328 25.4962 47.292
124.6 54.2716 13.2849 25.4509 47.3351
124.7 54.3048 13.2419 25.4056 47.3781
124.8 54.3381 13.1989 25.3604 47.4211
124.9 54.3712 13.1559 25.3151 47.4641
125 54.4043 13.113 25.2698 47.507
125.1 54.4374 13.0702 25.2245 47.5498
125.2 54.4704 13.0274 25.1792 47.5926
125.3 54.5033 12.9847 25.1339 47.6353
125.4 54.5362 12.942 25.0886 47.678
125.5 54.5691 12.8994 25.0433 47.7206
125.6 54.6018 12.8568 24.998 47.7632
125.7 54.6345 12.8143 24.9527 47.8057
125.8 54.6672 12.7718 24.9074 47.8482
125.9 54.6998 12.7294 24.8621 47.8906
126 54.7324 12.687 24.8168 47.933
126.1 54.7648 12.6447 24.7715 47.9753
126.2 54.7973 12.6025 24.7261 48.0175
126.3 54.8296 12.5603 24.6808 48.0597
126.4 54.8619 12.5181 24.6355 48.1019
126.5 54.8942 12.476 24.5901 48.144
126.6 54.9264 12.434 24.5448 48.186
126.7 54.9585 12.392 24.4994 48.228
126.8 54.9906 12.3501 24.4541 48.2699
126.9 55.0226 12.3082 24.4087 48.3118
127 55.0545 12.2664 24.3634 48.3536
127.1 55.0864 12.2246 24.318 48.3954
127.2 55.1182 12.1829 24.2726 48.4371
127.3 55.15 12.1412 24.2273 48.4788
127.4 55.1817 12.0996 24.1819 48.5204
127.5 55.2133 12.0581 24.1365 48.5619
127.6 55.2449 12.0166 24.0911 48.6034
127.7 55.2764 11.9752 24.0457 48.6448
127.8 55.3078 11.9338 24.0003 48.6862
127.9 55.3392 11.8925 23.955 48.7275
128 55.3705 11.8512 23.9096 48.7688
128.1 55.4018 11.81 23.8642 48.81
128.2 55.4329 11.7689 23.8188 48.8511
128.3 55.4641 11.7278 23.7733 48.8922
128.4 55.4951 11.6867 23.7279 48.9333
128.5 55.5261 11.6458 23.6825 48.9742
128.6 55.557 11.6048 23.6371 49.0152
128.7 55.5879 11.564 23.5917 49.056
128.8 55.6186 11.5232 23.5462 49.0968
128.9 55.6493 11.4824 23.5008 49.1376
129 55.68 11.4417 23.4554 49.1783
129.1 55.7106 11.4011 23.4099 49.2189
129.2 55.7411 11.3605 23.3645 49.2595
129.3 55.7715 11.32 23.319 49.3
129.4 55.8019 11.2795 23.2736 49.3405
129.5 55.8322 11.2391 23.2281 49.3809
129.6 55.8624 11.1987 23.1827 49.4213
129.7 55.8925 11.1585 23.1372 49.4615
129.8 55.9226 11.1182 23.0918 49.5018
129.9 55.9526 11.078 23.0463 49.542
130 55.9826 11.0379 23.0008 49.5821
130.1 56.0124 10.9979 22.9554 49.6221
130.2 56.0422 10.9579 22.9099 49.6621
130.3 56.0719 10.9179 22.8644 49.7021
130.4 56.1016 10.8781 22.8189 49.7419
130.5 56.1311 10.8382 22.7734 49.7818
130.6 56.1606 10.7985 22.7279 49.8215
130.7 56.1901 10.7588 22.6824 49.8612
130.8 56.2194 10.7191 22.6369 49.9009
130.9 56.2487 10.6796 22.5914 49.9404
131 56.2778 10.64 22.5459 49.98
131.1 56.3069 10.6006 22.5004 50.0194
131.2 56.336 10.5612 22.4549 50.0588
131.3 56.3649 10.5218 22.4094 50.0982
131.4 56.3938 10.4825 22.3639 50.1375
131.5 56.4226 10.4433 22.3183 50.1767
131.6 56.4513 10.4042 22.2728 50.2158
131.7 56.4799 10.3651 22.2273 50.2549
131.8 56.5085 10.326 22.1818 50.294
131.9 56.537 10.287 22.1362 50.333
132 56.5654 10.2481 22.0907 50.3719
132.1 56.5937 10.2093 22.0451 50.4107
132.2 56.6219 10.1705 21.9996 50.4495
132.3 56.65 10.1317 21.954 50.4883
132.4 56.6781 10.0931 21.9085 50.5269
132.5 56.7061 10.0544 21.8629 50.5656
132.6 56.7339 10.0159 21.8174 50.6041
132.7 56.7618 9.97741 21.7718 50.6426
132.8 56.7895 9.93898 21.7262 50.681
132.9 56.8171 9.90062 21.6807 50.7194
133 56.8446 9.86232 21.6351 50.7577
133.1 56.8721 9.82408 21.5895 50.7959
133.2 56.8995 9.7859 21.544 50.8341
133.3 56.9268 9.74778 21.4984 50.8722
133.4 56.9539 9.70973 21.4528 50.9103
133.5 56.981 9.67174 21.4072 50.9483
133.6 57.0081 9.63382 21.3616 50.9862
133.7 57.035 9.59595 21.316 51.024
133.8 57.0618 9.55815 21.2704 51.0618
133.9 57.0885 9.52042 21.2248 51.0996
134 57.1152 9.48274 21.1792 51.1373
134.1 57.1417 9.44513 21.1336 51.1749
134.2 57.1682 9.40759 21.088 51.2124
134.3 57.1946 9.3701 21.0424 51.2499
134.4 57.2208 9.33268 20.9968 51.2873
134.5 57.247 9.29533 20.9511 51.3247
134.6 57.2731 9.25804 20.9055 51.362
134.7 57.2991 9.22081 20.8599 51.3992
134.8 57.325 9.18365 20.8143 51.4364
134.9 57.3507 9.14655 20.7686 51.4735
135 57.3764 9.10951 20.723 51.5105
135.1 57.402 9.07254 20.6774 51.5475
135.2 57.4275 9.03564 20.6317 51.5844
135.3 57.4529 8.9988 20.5861 51.6212
135.4 57.4782 8.96202 20.5404 51.658
135.5 57.5034 8.92531 20.4948 51.6947
135.6 57.5285 8.88867 20.4491 51.7313
135.7 57.5534 8.85209 20.4035 51.7679
135.8 57.5783 8.81558 20.3578 51.8044
135.9 57.6031 8.77913 20.3122 51.8409
136 57.6278 8.74274 20.2665 51.8773
136.1 57.6523 8.70643 20.2208 51.9136
136.2 57.6768 8.67017 20.1752 51.9498
136.3 57.7011 8.63399 20.1295 51.986
136.4 57.7254 8.59787 20.0838 52.0221
136.5 57.7495 8.56182 20.0381 52.0582
136.6 57.7735 8.52583 19.9924 52.0942
136.7 57.7975 8.48991 19.9468 52.1301
136.8 57.8213 8.45405 19.9011 52.1659
136.9 57.8449 8.41826 19.8554 52.2017
137 57.8685 8.38254 19.8097 52.2375
137.1 57.892 8.34689 19.764 52.2731
137.2 57.9154 8.3113 19.7183 52.3087
137.3 57.9386 8.27578 19.6726 52.3442
137.4 57.9617 8.24033 19.6269 52.3797
137.5 57.9847 8.20494 19.5812 52.4151
137.6 58.0076 8.16962 19.5355 52.4504
137.7 58.0304 8.13437 19.4898 52.4856
137.8 58.053 8.09919 19.444 52.5208
137.9 58.0756 8.06407 19.3983 52.5559
138 58.098 8.02902 19.3526 52.591
138.1 58.1203 7.99404 19.3069 52.626
138.2 58.1425 7.95913 19.2612 52.6609
138.3 58.1645 7.92428 19.2154 52.6957
138.4 58.1865 7.88951 19.1697 52.7305
138.5 58.2083 7.8548 19.124 52.7652
138.6 58.2299 7.82016 19.0782 52.7998
138.7 58.2515 7.78559 19.0325 52.8344
138.8 58.2729 7.75109 18.9867 52.8689
138.9 58.2942 7.71665 18.941 52.9033
139 58.3154 7.68229 18.8952 52.9377
139.1 58.3364 7.64799 18.8495 52.972
139.2 58.3574 7.61376 18.8037 53.0062
139.3 58.3781 7.57961 18.758 53.0404
139.4 58.3988 7.54552 18.7122 53.0745
139.5 58.4193 7.5115 18.6665 53.1085
139.6 58.4397 7.47755 18.6207 53.1425
139.7 58.4599 7.44367 18.5749 53.1763
139.8 58.48 7.40986 18.5292 53.2101
139.9 58.5 7.37612 18.4834 53.2439
140 58.5199 7.34244 18.4376 53.2776
140.1 58.5396 7.30884 18.3918 53.3112
140.2 58.5591 7.27531 18.3461 53.3447
140.3 58.5785 7.24185 18.3003 53.3781
140.4 58.5978 7.20846 18.2545 53.4115
140.5 58.617 7.17514 18.2087 53.4449
140.6 58.6359 7.14189 18.1629 53.4781
140.7 58.6548 7.10871 18.1171 53.5113
140.8 58.6735 7.0756 18.0713 53.5444
140.9 58.692 7.04257 18.0255 53.5774
141 58.7105 7.0096 17.9797 53.6104
141.1 58.7287 6.9767 17.9339 53.6433
141.2 58.7468 6.94388 17.8881 53.6761
141.3 58.7648 6.91112 17.8423 53.7089
141.4 58.7826 6.87844 17.7965 53.7416
141.5 58.8002 6.84583 17.7507 53.7742
141.6 58.8177 6.81329 17.7049 53.8067
141.7 58.8351 6.78082 17.6591 53.8392
141.8 58.8523 6.74843 17.6133 53.8716
141.9 58.8693 6.7161 17.5674 53.9039
142 58.8861 6.68385 17.5216 53.9361
142.1 58.9028 6.65167 17.4758 53.9683
142.2 58.9194 6.61956 17.43 54.0004
142.3 58.9358 6.58752 17.3841 54.0325
142.4 58.952 6.55556 17.3383 54.0644
142.5 58.968 6.52367 17.2925 54.0963
142.6 58.9839 6.49185 17.2466 54.1282
142.7 58.9997 6.4601 17.2008 54.1599
142.8 59.0152 6.42843 17.1549 54.1916
142.9 59.0306 6.39683 17.1091 54.2232
143 59.0458 6.3653 17.0632 54.2547
143.1 59.0608 6.33384 17.0174 54.2862
143.2 59.0757 6.30246 16.9715 54.3175
143.3 59.0904 6.27115 16.9257 54.3488
143.4 59.1049 6.23991 16.8798 54.3801
143.5 59.1192 6.20875 16.834 54.4112
143.6 59.1334 6.17766 16.7881 54.4423
143.7 59.1473 6.14665 16.7422 54.4734
143.8 59.1611 6.1157 16.6964 54.5043
143.9 59.1747 6.08484 16.6505 54.5352
144 59.1882 6.05404 16.6046 54.566
144.1 59.2014 6.02332 16.5588 54.5967
144.2 59.2144 5.99267 16.5129 54.6273
144.3 59.2273 5.9621 16.467 54.6579
144.4 59.24 5.9316 16.4211 54.6884
144.5 59.2524 5.90118 16.3753 54.7188
144.6 59.2647 5.87083 16.3294 54.7492
144.7 59.2768 5.84055 16.2835 54.7794
144.8 59.2887 5.81035 16.2376 54.8097
144.9 59.3004 5.78022 16.1917 54.8398
145 59.3119 5.75017 16.1458 54.8698
145.1 59.3231 5.72019 16.0999 54.8998
145.2 59.3342 5.69029 16.054 54.9297
145.3 59.3451 5.66047 16.0081 54.9595
145.4 59.3558 5.63071 15.9622 54.9893
145.5 59.3662 5.60104 15.9163 55.019
145.6 59.3765 5.57144 15.8704 55.0486
145.7 59.3865 5.54191 15.8245 55.0781
145.8 59.3964 5.51246 15.7786 55.1075
145.9 59.406 5.48308 15.7327 55.1369
146 59.4154 5.45378 15.6868 55.1662
146.1 59.4245 5.42456 15.6409 55.1954
146.2 59.4335 5.39541 15.595 55.2246
146.3 59.4422 5.36634 15.549 55.2537
146.4 59.4507 5.33734 15.5031 55.2827
146.5 59.459 5.30842 15.4572 55.3116
146.6 59.4671 5.27958 15.4113 55.3404
146.7 59.4749 5.25081 15.3653 55.3692
146.8 59.4825 5.22212 15.3194 55.3979
146.9 59.4899 5.19351 15.2735 55.4265
147 59.497 5.16497 15.2275 55.455
147.1 59.5039 5.1365 15.1816 55.4835
147.2 59.5105 5.10812 15.1357 55.5119
147.3 59.5169 5.07981 15.0897 55.5402
147.4 59.5231 5.05158 15.0438 55.5684
147.5 59.529 5.02343 14.9978 55.5966
147.6 59.5347 4.99535 14.9519 55.6247
147.7 59.5401 4.96735 14.906 55.6527
147.8 59.5453 4.93942 14.86 55.6806
147.9 59.5502 4.91158 14.8141 55.7084
148 59.5549 4.88381 14.7681 55.7362
148.1 59.5593 4.85612 14.7221 55.7639
148.2 59.5634 4.8285 14.6762 55.7915
148.3 59.5673 4.80097 14.6302 55.819
148.4 59.5709 4.77351 14.5843 55.8465
148.5 59.5742 4.74613 14.5383 55.8739
148.6 59.5773 4.71883 14.4923 55.9012
148.7 59.5801 4.6916 14.4464 55.9284
148.8 59.5826 4.66446 14.4004 55.9555
148.9 59.5849 4.63739 14.3544 55.9826
149 59.5869 4.6104 14.3085 56.0096
149.1 59.5885 4.58349 14.2625 56.0365
149.2 59.59 4.55665 14.2165 56.0633
149.3 59.5911 4.5299 14.1705 56.0901
149.4 59.5919 4.50322 14.1246 56.1168
149.5 59.5924 4.47662 14.0786 56.1434
149.6 59.5927 4.4501 14.0326 56.1699
149.7 59.5926 4.42366 13.9866 56.1963
149.8 59.5923 4.3973 13.9406 56.2227
149.9 59.5916 4.37102 13.8946 56.249
150 59.5906 4.34481 13.8486 56.2752
150.1 59.5894 4.31869 13.8027 56.3013
150.2 59.5878 4.29264 13.7567 56.3274
150.3 59.5859 4.26668 13.7107 56.3533
150.4 59.5837 4.24079 13.6647 56.3792
150.5 59.5812 4.21498 13.6187 56.405
150.6 59.5783 4.18925 13.5727 56.4307
150.7 59.5751 4.16361 13.5267 56.4564
150.8 59.5716 4.13804 13.4807 56.482
150.9 59.5678 4.11255 13.4347 56.5075
151 59.5636 4.08714 13.3887 56.5329
151.1 59.5591 4.06181 13.3426 56.5582
151.2 59.5542 4.03656 13.2966 56.5834
151.3 59.549 4.01139 13.2506 56.6086
151.4 59.5435 3.9863 13.2046 56.6337
151.5 59.5376 3.96129 13.1586 56.6587
151.6 59.5313 3.93636 13.1126 56.6836
151.7 59.5247 3.91152 13.0665 56.7085
151.8 59.5178 3.88675 13.0205 56.7333
151.9 59.5104 3.86206 12.9745 56.7579
152 59.5028 3.83745 12.9285 56.7825
152.1 59.4947 3.81293 12.8825 56.8071
152.2 59.4862 3.78848 12.8364 56.8315
152.3 59.4774 3.76412 12.7904 56.8559
152.4 59.4682 3.73983 12.7444 56.8802
152.5 59.4586 3.71563 12.6983 56.9044
152.6 59.4487 3.69151 12.6523 56.9285
152.7 59.4383 3.66747 12.6063 56.9525
152.8 59.4275 3.64351 12.5602 56.9765
152.9 59.4164 3.61963 12.5142 57.0004
153 59.4048 3.59583 12.4681 57.0242
153.1 59.3928 3.57211 12.4221 57.0479
153.2 59.3804 3.54848 12.3761 57.0715
153.3 59.3676 3.52493 12.33 57.0951
153.4 59.3544 3.50145 12.284 57.1185
153.5 59.3407 3.47806 12.2379 57.1419
153.6 59.3266 3.45476 12.1919 57.1652
153.7 59.3121 3.43153 12.1458 57.1885
153.8 59.2972 3.40839 12.0998 57.2116
153.9 59.2818 3.38532 12.0537 57.2347
154 59.2659 3.36234 12.0077 57.2577
154.1 59.2496 3.33945 11.9616 57.2806
154.2 59.2329 3.31663 11.9155 57.3034
154.3 59.2157 3.2939 11.8695 57.3261
154.4 59.198 3.27124 11.8234 57.3488
154.5 59.1799 3.24867 11.7774 57.3713
154.6 59.1612 3.22619 11.7313 57.3938
154.7 59.1421 3.20378 11.6852 57.4162
154.8 59.1226 3.18146 11.6392 57.4385
154.9 59.1025 3.15922 11.5931 57.4608
155 59.0819 3.13707 11.547 57.4829
155.1 59.0608 3.11499 11.5009 57.505
155.2 59.0393 3.093 11.4549 57.527
155.3 59.0172 3.07109 11.4088 57.5489
155.4 58.9946 3.04927 11.3627 57.5707
155.5 58.9715 3.02753 11.3166 57.5925
155.6 58.9478 3.00587 11.2706 57.6141
155.7 58.9237 2.98429 11.2245 57.6357
155.8 58.8989 2.9628 11.1784 57.6572
155.9 58.8737 2.94139 11.1323 57.6786
156 58.8479 2.92007 11.0862 57.6999
156.1 58.8215 2.89882 11.0401 57.7212
156.2 58.7946 2.87767 10.9941 57.7423
156.3 58.7671 2.85659 10.948 57.7634
156.4 58.739 2.8356 10.9019 57.7844
156.5 58.7104 2.81469 10.8558 57.8053
156.6 58.6812 2.79387 10.8097 57.8261
156.7 58.6514 2.77313 10.7636 57.8469
156.8 58.6209 2.75247 10.7175 57.8675
156.9 58.5899 2.7319 10.6714 57.8881
157 58.5583 2.71141 10.6253 57.9086
157.1 58.526 2.69101 10.5792 57.929
157.2 58.4932 2.67069 10.5331 57.9493
157.3 58.4597 2.65045 10.487 57.9696
157.4 58.4255 2.6303 10.4409 57.9897
157.5 58.3907 2.61023 10.3948 58.0098
157.6 58.3553 2.59025 10.3487 58.0298
157.7 58.3191 2.57035 10.3026 58.0497
157.8 58.2824 2.55053 10.2565 58.0695
157.9 58.2449 2.53081 10.2104 58.0892
158 58.2068 2.51116 10.1643 58.1088
158.1 58.168 2.4916 10.1181 58.1284
158.2 58.1284 2.47212 10.072 58.1479
158.3 58.0882 2.45273 10.0259 58.1673
158.4 58.0472 2.43343 9.9798 58.1866
158.5 58.0056 2.41421 9.93369 58.2058
158.6 57.9632 2.39507 9.88757 58.2249
158.7 57.92 2.37602 9.84145 58.244
158.8 57.8761 2.35705 9.79533 58.2629
158.9 57.8315 2.33817 9.74921 58.2818
159 57.7861 2.31938 9.70308 58.3006
159.1 57.7399 2.30067 9.65696 58.3193
159.2 57.6929 2.28204 9.61083 58.338
159.3 57.6451 2.2635 9.56471 58.3565
159.4 57.5966 2.24505 9.51858 58.375
159.5 57.5472 2.22668 9.47245 58.3933
159.6 57.497 2.2084 9.42632 58.4116
159.7 57.4459 2.1902 9.38019 58.4298
159.8 57.3941 2.17209 9.33406 58.4479
159.9 57.3413 2.15406 9.28792 58.4659
160 57.2877 2.13612 9.24179 58.4839
160.1 57.2333 2.11827 9.19565 58.5017
160.2 57.1779 2.1005 9.14951 58.5195
160.3 57.1217 2.08282 9.10338 58.5372
160.4 57.0646 2.06522 9.05724 58.5548
160.5 57.0065 2.04771 9.0111 58.5723
160.6 56.9475 2.03028 8.96496 58.5897
160.7 56.8876 2.01295 8.91881 58.6071
160.8 56.8267 1.99569 8.87267 58.6243
160.9 56.7649 1.97853 8.82653 58.6415
161 56.7021 1.96145 8.78038 58.6586
161.1 56.6383 1.94445 8.73423 58.6755
161.2 56.5735 1.92755 8.68808 58.6925
161.3 56.5077 1.91073 8.64194 58.7093
161.4 56.4409 1.89399 8.59579 58.726
161.5 56.3731 1.87735 8.54964 58.7427
161.6 56.3042 1.86079 8.50348 58.7592
161.7 56.2342 1.84431 8.45733 58.7757
161.8 56.1632 1.82792 8.41118 58.7921
161.9 56.091 1.81162 8.36502 58.8084
162 56.0178 1.79541 8.31886 58.8246
162.1 55.9435 1.77928 8.27271 58.8407
162.2 55.868 1.76324 8.22655 58.8568
162.3 55.7914 1.74729 8.18039 58.8727
162.4 55.7136 1.73142 8.13423 58.8886
162.5 55.6347 1.71564 8.08807 58.9044
162.6 55.5546 1.69995 8.04191 58.92
162.7 55.4732 1.68435 7.99574 58.9357
162.8 55.3907 1.66883 7.94958 58.9512
162.9 55.3069 1.6534 7.90342 58.9666
163 55.2218 1.63806 7.85725 58.9819
163.1 55.1355 1.6228 7.81108 58.9972
163.2 55.0479 1.60763 7.76492 59.0124
163.3 54.959 1.59255 7.71875 59.0274
163.4 54.8688 1.57756 7.67258 59.0424
163.5 54.7773 1.56265 7.62641 59.0573
163.6 54.6844 1.54783 7.58024 59.0722
163.7 54.5901 1.5331 7.53406 59.0869
163.8 54.4944 1.51846 7.48789 59.1015
163.9 54.3974 1.50391 7.44172 59.1161
164 54.2989 1.48944 7.39554 59.1306
164.1 54.1989 1.47506 7.34937 59.1449
164.2 54.0975 1.46077 7.30319 59.1592
164.3 53.9946 1.44656 7.25701 59.1734
164.4 53.8902 1.43245 7.21083 59.1876
164.5 53.7843 1.41842 7.16465 59.2016
164.6 53.6768 1.40448 7.11847 59.2155
164.7 53.5678 1.39063 7.07229 59.2294
164.8 53.4572 1.37686 7.02611 59.2431
164.9 53.345 1.36319 6.97993 59.2568
165 53.2311 1.3496 6.93374 59.2704
165.1 53.1156 1.3361 6.88756 59.2839
165.2 52.9984 1.32269 6.84137 59.2973
165.3 52.8795 1.30936 6.79519 59.3106
165.4 52.7589 1.29613 6.749 59.3239
165.5 52.6365 1.28298 6.70281 59.337
165.6 52.5124 1.26993 6.65662 59.3501
165.7 52.3865 1.25696 6.61044 59.363
165.8 52.2587 1.24408 6.56425 59.3759
165.9 52.1292 1.23128 6.51805 59.3887
166 51.9977 1.21858 6.47186 59.4014
166.1 51.8644 1.20596 6.42567 59.414
166.2 51.7291 1.19344 6.37948 59.4266
166.3 51.5919 1.181 6.33328 59.439
166.4 51.4527 1.16865 6.28709 59.4513
166.5 51.3115 1.15639 6.24089 59.4636
166.6 51.1682 1.14422 6.1947 59.4758
166.7 51.023 1.13214 6.1485 59.4879
166.8 50.8756 1.12014 6.1023 59.4999
166.9 50.7261 1.10824 6.0561 59.5118
167 50.5744 1.09642 6.00991 59.5236
167.1 50.4206 1.0847 5.96371 59.5353
167.2 50.2646 1.07306 5.91751 59.5469
167.3 50.1063 1.06151 5.8713 59.5585
167.4 49.9458 1.05005 5.8251 59.57
167.5 49.783 1.03868 5.7789 59.5813
167.6 49.6178 1.0274 5.7327 59.5926
167.7 49.4502 1.01621 5.68649 59.6038
167.8 49.2803 1.0051 5.64029 59.6149
167.9 49.1079 0.994089 5.59408 59.6259
168 48.9331 0.983164 5.54788 59.6368
168.1 48.7557 0.972329 5.50167 59.6477
168.2 48.5759 0.961584 5.45546 59.6584
168.3 48.3934 0.950927 5.40926 59.6691
168.4 48.2083 0.940361 5.36305 59.6796
168.5 48.0206 0.929883 5.31684 59.6901
168.6 47.8302 0.919495 5.27063 59.7005
168.7 47.6371 0.909197 5.22442 59.7108
168.8 47.4413 0.898988 5.17821 59.721
168.9 47.2426 0.888869 5.132 59.7311
169 47.0411 0.878839 5.08578 59.7412
169.1 46.8367 0.8689 5.03957 59.7511
169.2 46.6294 0.859049 4.99336 59.761
169.3 46.4192 0.849289 4.94714 59.7707
169.4 46.2059 0.839618 4.90093 59.7804
169.5 45.9897 0.830037 4.85471 59.79
169.6 45.7703 0.820546 4.8085 59.7995
169.7 45.5478 0.811144 4.76228 59.8089
169.8 45.3222 0.801833 4.71606 59.8182
169.9 45.0934 0.792611 4.66985 59.8274
170 44.8613 0.78348 4.62363 59.8365
170.1 44.6259 0.774438 4.57741 59.8456
170.2 44.3872 0.765486 4.53119 59.8545
170.3 44.1451 0.756624 4.48497 59.8634
170.4 43.8996 0.747852 4.43875 59.8721
170.5 43.6506 0.739171 4.39253 59.8808
170.6 43.3981 0.730579 4.34631 59.8894
170.7 43.142 0.722078 4.30009 59.8979
170.8 42.8823 0.713666 4.25387 59.9063
170.9 42.619 0.705345 4.20764 59.9147
171 42.352 0.697114 4.16142 59.9229
171.1 42.0812 0.688973 4.1152 59.931
171.2 41.8067 0.680922 4.06897 59.9391
171.3 41.5283 0.672962 4.02275 59.947
171.4 41.246 0.665092 3.97652 59.9549
171.5 40.9598 0.657312 3.9303 59.9627
171.6 40.6696 0.649623 3.88407 59.9704
171.7 40.3754 0.642023 3.83784 59.978
171.8 40.0771 0.634515 3.79162 59.9855
171.9 39.7747 0.627096 3.74539 59.9929
172 39.4681 0.619768 3.69916 60.0002
172.1 39.1573 0.612531 3.65293 60.0075
172.2 38.8422 0.605384 3.60671 60.0146
172.3 38.5228 0.598327 3.56048 60.0217
172.4 38.1991 0.591361 3.51425 60.0286
172.5 37.871 0.584486 3.46802 60.0355
172.6 37.5384 0.577701 3.42179 60.0423
172.7 37.2013 0.571006 3.37556 60.049
172.8 36.8597 0.564403 3.32933 60.0556
172.9 36.5135 0.557889 3.28309 60.0621
173 36.1628 0.551467 3.23686 60.0685
173.1 35.8073 0.545135 3.19063 60.0749
173.2 35.4471 0.538894 3.1444 60.0811
173.3 35.0822 0.532743 3.09816 60.0873
173.4 34.7125 0.526683 3.05193 60.0933
173.5 34.338 0.520714 3.0057 60.0993
173.6 33.9587 0.514836 2.95946 60.1052
173.7 33.5744 0.509048 2.91323 60.111
173.8 33.1852 0.503351 2.86699 60.1166
173.9 32.7911 0.497745 2.82076 60.1223
174 32.3919 0.49223 2.77452 60.1278
174.1 31.9878 0.486806 2.72829 60.1332
174.2 31.5786 0.481472 2.68205 60.1385
174.3 31.1643 0.476229 2.63582 60.1438
174.4 30.7449 0.471078 2.58958 60.1489
174.5 30.3204 0.466017 2.54334 60.154
174.6 29.8908 0.461047 2.4971 60.159
174.7 29.456 0.456168 2.45087 60.1638
174.8 29.0161 0.451379 2.40463 60.1686
174.9 28.571 0.446682 2.35839 60.1733
175 28.1207 0.442076 2.31215 60.1779
175.1 27.6652 0.437561 2.26591 60.1824
175.2 27.2045 0.433137 2.21967 60.1869
175.3 26.7387 0.428803 2.17344 60.1912
175.4 26.2676 0.424561 2.1272 60.1954
175.5 25.7914 0.42041 2.08096 60.1996
175.6 25.31 0.41635 2.03472 60.2037
175.7 24.8235 0.412381 1.98848 60.2076
175.8 24.3318 0.408503 1.94224 60.2115
175.9 23.835 0.404716 1.89599 60.2153
176 23.3332 0.40102 1.84975 60.219
176.1 22.8263 0.397415 1.80351 60.2226
176.2 22.3144 0.393902 1.75727 60.2261
176.3 21.7975 0.390479 1.71103 60.2295
176.4 21.2757 0.387148 1.66479 60.2329
176.5 20.749 0.383908 1.61855 60.2361
176.6 20.2175 0.380759 1.5723 60.2392
176.7 19.6813 0.377701 1.52606 60.2423
176.8 19.1403 0.374734 1.47982 60.2453
176.9 18.5947 0.371859 1.43358 60.2481
177 18.0446 0.369075 1.38733 60.2509
177.1 17.49 0.366382 1.34109 60.2536
177.2 16.931 0.36378 1.29485 60.2562
177.3 16.3678 0.361269 1.24861 60.2587
177.4 15.8003 0.35885 1.20236 60.2612
177.5 15.2287 0.356522 1.15612 60.2635
177.6 14.6532 0.354285 1.10987 60.2657
177.7 14.0737 0.352139 1.06363 60.2679
177.8 13.4905 0.350085 1.01739 60.2699
177.9 12.9037 0.348122 0.971143 60.2719
178 12.3133 0.34625 0.924899 60.2738
178.1 11.7195 0.344469 0.878654 60.2755
178.2 11.1225 0.34278 0.83241 60.2772
178.3 10.5224 0.341182 0.786165 60.2788
178.4 9.91933 0.339675 0.739921 60.2803
178.5 9.31343 0.33826 0.693676 60.2817
178.6 8.70487 0.336935 0.647432 60.2831
178.7 8.09381 0.335703 0.601187 60.2843
178.8 7.48041 0.334561 0.554942 60.2854
178.9 6.86483 0.333511 0.508697 60.2865
179 6.24724 0.332552 0.462452 60.2874
179.1 5.62781 0.331684 0.416207 60.2883
179.2 5.00673 0.330908 0.369962 60.2891
179.3 4.38416 0.330223 0.323717 60.2898
179.4 3.76029 0.329629 0.277472 60.2904
179.5 3.1353 0.329127 0.231226 60.2909
179.6 2.50936 0.328716 0.184981 60.2913
179.7 1.88268 0.328396 0.138736 60.2916
179.8 1.25544 0.328168 0.0924906 60.2918
179.9 0.627812 0.328031 0.0462453 60.292
180 4.4054e-14 0.327985 3.2449e-15 60.292
