#kinematics calculation of gsgs
#vertex z = 100 mm, E_reaction = 64.228 MeV
#theta_cm, theta3_lab, Ek3_lab, theta4_lab, Ek4_lab
0 0 64.228 180 0
0.1 0.0499283 64.228 89.9499 4.89124e-05
0.2 0.0998566 64.2278 89.8999 0.000195649
0.3 0.149785 64.2276 89.8498 0.000440211
0.4 0.199713 64.2272 89.7997 0.000782596
0.5 0.249642 64.2268 89.7496 0.0012228
0.6 0.29957 64.2262 89.6996 0.00176083
0.7 0.349498 64.2256 89.6495 0.00239668
0.8 0.399427 64.2249 89.5994 0.00313034
0.9 0.449355 64.224 89.5494 0.00396182
1 0.499283 64.2231 89.4993 0.00489112
1.1 0.549211 64.2221 89.4492 0.00591822
1.2 0.59914 64.221 89.3991 0.00704313
1.3 0.649068 64.2197 89.3491 0.00826584
1.4 0.698996 64.2184 89.299 0.00958636
1.5 0.748925 64.217 89.2489 0.0110047
1.6 0.798853 64.2155 89.1989 0.0125208
1.7 0.848781 64.2139 89.1488 0.0141347
1.8 0.89871 64.2122 89.0987 0.0158463
1.9 0.948638 64.2103 89.0486 0.0176558
2 0.998566 64.2084 88.9986 0.019563
2.1 1.04849 64.2064 88.9485 0.021568
2.2 1.09842 64.2043 88.8984 0.0236707
2.3 1.14835 64.2021 88.8483 0.0258712
2.4 1.19828 64.1998 88.7983 0.0281694
2.5 1.24821 64.1974 88.7482 0.0305654
2.6 1.29814 64.1949 88.6981 0.0330591
2.7 1.34807 64.1923 88.6481 0.0356506
2.8 1.39799 64.1897 88.598 0.0383397
2.9 1.44792 64.1869 88.5479 0.0411266
3 1.49785 64.184 88.4978 0.0440111
3.1 1.54778 64.181 88.4478 0.0469934
3.2 1.59771 64.1779 88.3977 0.0500733
3.3 1.64764 64.1747 88.3476 0.0532509
3.4 1.69756 64.1715 88.2976 0.0565262
3.5 1.74749 64.1681 88.2475 0.0598991
3.6 1.79742 64.1646 88.1974 0.0633696
3.7 1.84735 64.1611 88.1473 0.0669378
3.8 1.89728 64.1574 88.0973 0.0706036
3.9 1.94721 64.1536 88.0472 0.0743671
4 1.99713 64.1498 87.9971 0.0782281
4.1 2.04706 64.1458 87.9471 0.0821867
4.2 2.09699 64.1418 87.897 0.0862429
4.3 2.14692 64.1376 87.8469 0.0903966
4.4 2.19685 64.1334 87.7968 0.0946479
4.5 2.24678 64.129 87.7468 0.0989967
4.6 2.29671 64.1246 87.6967 0.103443
4.7 2.34663 64.12 87.6466 0.107987
4.8 2.39656 64.1154 87.5966 0.112628
4.9 2.44649 64.1106 87.5465 0.117367
5 2.49642 64.1058 87.4964 0.122203
5.1 2.54635 64.1009 87.4463 0.127137
5.2 2.59628 64.0958 87.3963 0.132168
5.3 2.64621 64.0907 87.3462 0.137297
5.4 2.69613 64.0855 87.2961 0.142523
5.5 2.74606 64.0802 87.2461 0.147846
5.6 2.79599 64.0747 87.196 0.153267
5.7 2.84592 64.0692 87.1459 0.158785
5.8 2.89585 64.0636 87.0958 0.164401
5.9 2.94578 64.0579 87.0458 0.170114
6 2.99571 64.0521 86.9957 0.175924
6.1 3.04564 64.0462 86.9456 0.181831
6.2 3.09556 64.0402 86.8956 0.187836
6.3 3.14549 64.0341 86.8455 0.193938
6.4 3.19542 64.0279 86.7954 0.200137
6.5 3.24535 64.0216 86.7453 0.206433
6.6 3.29528 64.0152 86.6953 0.212827
6.7 3.34521 64.0087 86.6452 0.219318
6.8 3.39514 64.0021 86.5951 0.225906
6.9 3.44507 63.9954 86.5451 0.232591
7 3.49499 63.9886 86.495 0.239373
7.1 3.54492 63.9817 86.4449 0.246252
7.2 3.59485 63.9748 86.3948 0.253228
7.3 3.64478 63.9677 86.3448 0.260302
7.4 3.69471 63.9605 86.2947 0.267472
7.5 3.74464 63.9533 86.2446 0.27474
7.6 3.79457 63.9459 86.1946 0.282104
7.7 3.8445 63.9384 86.1445 0.289566
7.8 3.89443 63.9309 86.0944 0.297124
7.9 3.94435 63.9232 86.0443 0.304779
8 3.99428 63.9155 85.9943 0.312531
8.1 4.04421 63.9076 85.9442 0.32038
8.2 4.09414 63.8997 85.8941 0.328326
8.3 4.14407 63.8916 85.8441 0.336369
8.4 4.194 63.8835 85.794 0.344508
8.5 4.24393 63.8753 85.7439 0.352745
8.6 4.29386 63.8669 85.6938 0.361078
8.7 4.34379 63.8585 85.6438 0.369507
8.8 4.39372 63.85 85.5937 0.378034
8.9 4.44365 63.8413 85.5436 0.386657
9 4.49357 63.8326 85.4936 0.395377
9.1 4.5435 63.8238 85.4435 0.404193
9.2 4.59343 63.8149 85.3934 0.413106
9.3 4.64336 63.8059 85.3434 0.422116
9.4 4.69329 63.7968 85.2933 0.431222
9.5 4.74322 63.7876 85.2432 0.440424
9.6 4.79315 63.7783 85.1931 0.449723
9.7 4.84308 63.7689 85.1431 0.459119
9.8 4.89301 63.7594 85.093 0.468611
9.9 4.94294 63.7498 85.0429 0.478199
10 4.99287 63.7401 84.9929 0.487884
10.1 5.0428 63.7303 84.9428 0.497665
10.2 5.09273 63.7205 84.8927 0.507542
10.3 5.14266 63.7105 84.8426 0.517516
10.4 5.19259 63.7004 84.7926 0.527586
10.5 5.24251 63.6902 84.7425 0.537752
10.6 5.29244 63.68 84.6924 0.548014
10.7 5.34237 63.6696 84.6424 0.558373
10.8 5.3923 63.6592 84.5923 0.568827
10.9 5.44223 63.6486 84.5422 0.579378
11 5.49216 63.638 84.4922 0.590025
11.1 5.54209 63.6272 84.4421 0.600767
11.2 5.59202 63.6164 84.392 0.611606
11.3 5.64195 63.6055 84.3419 0.622541
11.4 5.69188 63.5944 84.2919 0.633571
11.5 5.74181 63.5833 84.2418 0.644698
11.6 5.79174 63.5721 84.1917 0.65592
11.7 5.84167 63.5608 84.1417 0.667239
11.8 5.8916 63.5493 84.0916 0.678653
11.9 5.94153 63.5378 84.0415 0.690162
12 5.99146 63.5262 83.9914 0.701768
12.1 6.04139 63.5145 83.9414 0.713469
12.2 6.09132 63.5027 83.8913 0.725266
12.3 6.14125 63.4908 83.8412 0.737158
12.4 6.19118 63.4789 83.7912 0.749146
12.5 6.24111 63.4668 83.7411 0.76123
12.6 6.29104 63.4546 83.691 0.773409
12.7 6.34097 63.4423 83.641 0.785684
12.8 6.3909 63.4299 83.5909 0.798054
12.9 6.44083 63.4175 83.5408 0.810519
13 6.49076 63.4049 83.4907 0.82308
13.1 6.54069 63.3923 83.4407 0.835736
13.2 6.59062 63.3795 83.3906 0.848487
13.3 6.64055 63.3667 83.3405 0.861334
13.4 6.69048 63.3537 83.2905 0.874275
13.5 6.74041 63.3407 83.2404 0.887312
13.6 6.79034 63.3276 83.1903 0.900444
13.7 6.84027 63.3143 83.1403 0.913672
13.8 6.8902 63.301 83.0902 0.926994
13.9 6.94013 63.2876 83.0401 0.940411
14 6.99006 63.2741 82.99 0.953923
14.1 7.03999 63.2605 82.94 0.96753
14.2 7.08992 63.2468 82.8899 0.981232
14.3 7.13985 63.233 82.8398 0.995029
14.4 7.18978 63.2191 82.7898 1.00892
14.5 7.23972 63.2051 82.7397 1.02291
14.6 7.28965 63.191 82.6896 1.03699
14.7 7.33958 63.1768 82.6396 1.05116
14.8 7.38951 63.1626 82.5895 1.06543
14.9 7.43944 63.1482 82.5394 1.0798
15 7.48937 63.1337 82.4894 1.09426
15.1 7.5393 63.1192 82.4393 1.10881
15.2 7.58923 63.1045 82.3892 1.12346
15.3 7.63916 63.0898 82.3391 1.1382
15.4 7.68909 63.075 82.2891 1.15304
15.5 7.73902 63.06 82.239 1.16797
15.6 7.78895 63.045 82.1889 1.183
15.7 7.83888 63.0299 82.1389 1.19812
15.8 7.88882 63.0147 82.0888 1.21333
15.9 7.93875 62.9994 82.0387 1.22864
16 7.98868 62.984 81.9887 1.24404
16.1 8.03861 62.9685 81.9386 1.25954
16.2 8.08854 62.9529 81.8885 1.27513
16.3 8.13847 62.9372 81.8385 1.29081
16.4 8.1884 62.9214 81.7884 1.30659
16.5 8.23833 62.9055 81.7383 1.32246
16.6 8.28826 62.8896 81.6882 1.33843
16.7 8.3382 62.8735 81.6382 1.35449
16.8 8.38813 62.8574 81.5881 1.37064
16.9 8.43806 62.8411 81.538 1.38689
17 8.48799 62.8248 81.488 1.40323
17.1 8.53792 62.8083 81.4379 1.41966
17.2 8.58785 62.7918 81.3878 1.43619
17.3 8.63778 62.7752 81.3378 1.45281
17.4 8.68772 62.7585 81.2877 1.46953
17.5 8.73765 62.7417 81.2376 1.48633
17.6 8.78758 62.7248 81.1876 1.50323
17.7 8.83751 62.7078 81.1375 1.52023
17.8 8.88744 62.6907 81.0874 1.53732
17.9 8.93737 62.6735 81.0374 1.5545
18 8.98731 62.6562 80.9873 1.57177
18.1 9.03724 62.6389 80.9372 1.58914
18.2 9.08717 62.6214 80.8872 1.6066
18.3 9.1371 62.6038 80.8371 1.62415
18.4 9.18703 62.5862 80.787 1.6418
18.5 9.23697 62.5685 80.7369 1.65953
18.6 9.2869 62.5506 80.6869 1.67737
18.7 9.33683 62.5327 80.6368 1.69529
18.8 9.38676 62.5147 80.5867 1.71331
18.9 9.43669 62.4966 80.5367 1.73141
19 9.48663 62.4784 80.4866 1.74962
19.1 9.53656 62.4601 80.4365 1.76791
19.2 9.58649 62.4417 80.3865 1.7863
19.3 9.63642 62.4232 80.3364 1.80478
19.4 9.68636 62.4047 80.2863 1.82335
19.5 9.73629 62.386 80.2363 1.84201
19.6 9.78622 62.3672 80.1862 1.86077
19.7 9.83615 62.3484 80.1361 1.87961
19.8 9.88609 62.3294 80.0861 1.89855
19.9 9.93602 62.3104 80.036 1.91759
20 9.98595 62.2913 79.9859 1.93671
20.1 10.0359 62.2721 79.9359 1.95593
20.2 10.0858 62.2528 79.8858 1.97524
20.3 10.1357 62.2334 79.8357 1.99463
20.4 10.1857 62.2139 79.7857 2.01413
20.5 10.2356 62.1943 79.7356 2.03371
20.6 10.2855 62.1746 79.6855 2.05338
20.7 10.3355 62.1548 79.6355 2.07315
20.8 10.3854 62.135 79.5854 2.09301
20.9 10.4353 62.115 79.5353 2.11296
21 10.4853 62.095 79.4853 2.133
21.1 10.5352 62.0749 79.4352 2.15313
21.2 10.5851 62.0546 79.3851 2.17335
21.3 10.6351 62.0343 79.3351 2.19367
21.4 10.685 62.0139 79.285 2.21407
21.5 10.7349 61.9934 79.2349 2.23457
21.6 10.7849 61.9728 79.1849 2.25516
21.7 10.8348 61.9522 79.1348 2.27584
21.8 10.8847 61.9314 79.0847 2.29661
21.9 10.9347 61.9105 79.0347 2.31747
22 10.9846 61.8896 78.9846 2.33842
22.1 11.0345 61.8685 78.9345 2.35946
22.2 11.0845 61.8474 78.8845 2.38059
22.3 11.1344 61.8262 78.8344 2.40182
22.4 11.1843 61.8049 78.7843 2.42313
22.5 11.2343 61.7835 78.7343 2.44453
22.6 11.2842 61.762 78.6842 2.46603
22.7 11.3341 61.7404 78.6341 2.48761
22.8 11.3841 61.7187 78.5841 2.50929
22.9 11.434 61.6969 78.534 2.53105
23 11.4839 61.6751 78.4839 2.55291
23.1 11.5339 61.6531 78.4339 2.57485
23.2 11.5838 61.6311 78.3838 2.59689
23.3 11.6338 61.609 78.3337 2.61901
23.4 11.6837 61.5868 78.2837 2.64123
23.5 11.7336 61.5645 78.2336 2.66353
23.6 11.7836 61.5421 78.1835 2.68593
23.7 11.8335 61.5196 78.1335 2.70841
23.8 11.8834 61.497 78.0834 2.73099
23.9 11.9334 61.4744 78.0333 2.75365
24 11.9833 61.4516 77.9833 2.7764
24.1 12.0332 61.4288 77.9332 2.79924
24.2 12.0832 61.4058 77.8831 2.82217
24.3 12.1331 61.3828 77.8331 2.8452
24.4 12.183 61.3597 77.783 2.8683
24.5 12.233 61.3365 77.7329 2.8915
24.6 12.2829 61.3132 77.6829 2.91479
24.7 12.3328 61.2898 77.6328 2.93817
24.8 12.3828 61.2664 77.5827 2.96163
24.9 12.4327 61.2428 77.5327 2.98519
25 12.4826 61.2192 77.4826 3.00883
25.1 12.5326 61.1954 77.4326 3.03256
25.2 12.5825 61.1716 77.3825 3.05638
25.3 12.6324 61.1477 77.3324 3.08029
25.4 12.6824 61.1237 77.2824 3.10429
25.5 12.7323 61.0996 77.2323 3.12838
25.6 12.7823 61.0754 77.1822 3.15255
25.7 12.8322 61.0512 77.1322 3.17681
25.8 12.8821 61.0268 77.0821 3.20116
25.9 12.9321 61.0024 77.032 3.2256
26 12.982 60.9779 76.982 3.25013
26.1 13.0319 60.9533 76.9319 3.27474
26.2 13.0819 60.9286 76.8818 3.29944
26.3 13.1318 60.9038 76.8318 3.32423
26.4 13.1817 60.8789 76.7817 3.34911
26.5 13.2317 60.8539 76.7316 3.37408
26.6 13.2816 60.8289 76.6816 3.39913
26.7 13.3315 60.8037 76.6315 3.42427
26.8 13.3815 60.7785 76.5815 3.4495
26.9 13.4314 60.7532 76.5314 3.47481
27 13.4814 60.7278 76.4813 3.50022
27.1 13.5313 60.7023 76.4313 3.52571
27.2 13.5812 60.6767 76.3812 3.55128
27.3 13.6312 60.6511 76.3311 3.57695
27.4 13.6811 60.6253 76.2811 3.6027
27.5 13.731 60.5995 76.231 3.62853
27.6 13.781 60.5735 76.1809 3.65446
27.7 13.8309 60.5475 76.1309 3.68047
27.8 13.8808 60.5214 76.0808 3.70657
27.9 13.9308 60.4952 76.0308 3.73275
28 13.9807 60.469 75.9807 3.75902
28.1 14.0307 60.4426 75.9306 3.78538
28.2 14.0806 60.4162 75.8806 3.81182
28.3 14.1305 60.3896 75.8305 3.83835
28.4 14.1805 60.363 75.7804 3.86497
28.5 14.2304 60.3363 75.7304 3.89167
28.6 14.2803 60.3095 75.6803 3.91845
28.7 14.3303 60.2827 75.6302 3.94533
28.8 14.3802 60.2557 75.5802 3.97229
28.9 14.4301 60.2287 75.5301 3.99933
29 14.4801 60.2015 75.4801 4.02646
29.1 14.53 60.1743 75.43 4.05368
29.2 14.58 60.147 75.3799 4.08098
29.3 14.6299 60.1196 75.3299 4.10837
29.4 14.6798 60.0922 75.2798 4.13584
29.5 14.7298 60.0646 75.2297 4.1634
29.6 14.7797 60.037 75.1797 4.19104
29.7 14.8296 60.0092 75.1296 4.21877
29.8 14.8796 59.9814 75.0796 4.24658
29.9 14.9295 59.9535 75.0295 4.27448
30 14.9795 59.9255 74.9794 4.30246
30.1 15.0294 59.8975 74.9294 4.33053
30.2 15.0793 59.8693 74.8793 4.35868
30.3 15.1293 59.8411 74.8292 4.38692
30.4 15.1792 59.8128 74.7792 4.41524
30.5 15.2292 59.7844 74.7291 4.44364
30.6 15.2791 59.7559 74.6791 4.47213
30.7 15.329 59.7273 74.629 4.5007
30.8 15.379 59.6986 74.5789 4.52936
30.9 15.4289 59.6699 74.5289 4.5581
31 15.4788 59.6411 74.4788 4.58693
31.1 15.5288 59.6122 74.4288 4.61584
31.2 15.5787 59.5832 74.3787 4.64483
31.3 15.6287 59.5541 74.3286 4.67391
31.4 15.6786 59.5249 74.2786 4.70307
31.5 15.7285 59.4957 74.2285 4.73231
31.6 15.7785 59.4664 74.1784 4.76164
31.7 15.8284 59.4369 74.1284 4.79105
31.8 15.8784 59.4075 74.0783 4.82055
31.9 15.9283 59.3779 74.0283 4.85012
32 15.9782 59.3482 73.9782 4.87978
32.1 16.0282 59.3185 73.9281 4.90953
32.2 16.0781 59.2886 73.8781 4.93935
32.3 16.128 59.2587 73.828 4.96926
32.4 16.178 59.2287 73.778 4.99925
32.5 16.2279 59.1987 73.7279 5.02933
32.6 16.2779 59.1685 73.6778 5.05948
32.7 16.3278 59.1383 73.6278 5.08972
32.8 16.3777 59.108 73.5777 5.12004
32.9 16.4277 59.0776 73.5277 5.15045
33 16.4776 59.0471 73.4776 5.18093
33.1 16.5276 59.0165 73.4275 5.2115
33.2 16.5775 58.9858 73.3775 5.24215
33.3 16.6274 58.9551 73.3274 5.27288
33.4 16.6774 58.9243 73.2774 5.3037
33.5 16.7273 58.8934 73.2273 5.33459
33.6 16.7773 58.8624 73.1772 5.36557
33.7 16.8272 58.8314 73.1272 5.39663
33.8 16.8771 58.8002 73.0771 5.42776
33.9 16.9271 58.769 73.0271 5.45899
34 16.977 58.7377 72.977 5.49029
34.1 17.027 58.7063 72.9269 5.52167
34.2 17.0769 58.6749 72.8769 5.55313
34.3 17.1269 58.6433 72.8268 5.58468
34.4 17.1768 58.6117 72.7768 5.61631
34.5 17.2267 58.58 72.7267 5.64801
34.6 17.2767 58.5482 72.6766 5.6798
34.7 17.3266 58.5163 72.6266 5.71167
34.8 17.3766 58.4844 72.5765 5.74361
34.9 17.4265 58.4524 72.5265 5.77564
35 17.4764 58.4202 72.4764 5.80775
35.1 17.5264 58.3881 72.4264 5.83994
35.2 17.5763 58.3558 72.3763 5.87221
35.3 17.6263 58.3234 72.3262 5.90456
35.4 17.6762 58.291 72.2762 5.93699
35.5 17.7261 58.2585 72.2261 5.96949
35.6 17.7761 58.2259 72.1761 6.00208
35.7 17.826 58.1933 72.126 6.03475
35.8 17.876 58.1605 72.0759 6.0675
35.9 17.9259 58.1277 72.0259 6.10032
36 17.9759 58.0948 71.9758 6.13323
36.1 18.0258 58.0618 71.9258 6.16621
36.2 18.0757 58.0287 71.8757 6.19928
36.3 18.1257 57.9956 71.8257 6.23242
36.4 18.1756 57.9624 71.7756 6.26564
36.5 18.2256 57.9291 71.7255 6.29894
36.6 18.2755 57.8957 71.6755 6.33232
36.7 18.3254 57.8622 71.6254 6.36578
36.8 18.3754 57.8287 71.5754 6.39931
36.9 18.4253 57.7951 71.5253 6.43293
37 18.4753 57.7614 71.4752 6.46662
37.1 18.5252 57.7276 71.4252 6.50039
37.2 18.5752 57.6938 71.3751 6.53424
37.3 18.6251 57.6598 71.3251 6.56816
37.4 18.675 57.6258 71.275 6.60217
37.5 18.725 57.5917 71.225 6.63625
37.6 18.7749 57.5576 71.1749 6.67041
37.7 18.8249 57.5234 71.1248 6.70465
37.8 18.8748 57.489 71.0748 6.73896
37.9 18.9248 57.4546 71.0247 6.77335
38 18.9747 57.4202 70.9747 6.80782
38.1 19.0247 57.3856 70.9246 6.84237
38.2 19.0746 57.351 70.8746 6.87699
38.3 19.1245 57.3163 70.8245 6.91169
38.4 19.1745 57.2815 70.7745 6.94647
38.5 19.2244 57.2467 70.7244 6.98132
38.6 19.2744 57.2117 70.6743 7.01625
38.7 19.3243 57.1767 70.6243 7.05126
38.8 19.3743 57.1417 70.5742 7.08634
38.9 19.4242 57.1065 70.5242 7.1215
39 19.4741 57.0713 70.4741 7.15673
39.1 19.5241 57.036 70.4241 7.19205
39.2 19.574 57.0006 70.374 7.22743
39.3 19.624 56.9651 70.324 7.2629
39.4 19.6739 56.9296 70.2739 7.29843
39.5 19.7239 56.894 70.2238 7.33405
39.6 19.7738 56.8583 70.1738 7.36974
39.7 19.8238 56.8225 70.1237 7.4055
39.8 19.8737 56.7867 70.0737 7.44134
39.9 19.9236 56.7507 70.0236 7.47726
40 19.9736 56.7148 69.9736 7.51325
40.1 20.0235 56.6787 69.9235 7.54931
40.2 20.0735 56.6425 69.8735 7.58545
40.3 20.1234 56.6063 69.8234 7.62167
40.4 20.1734 56.57 69.7733 7.65796
40.5 20.2233 56.5337 69.7233 7.69432
40.6 20.2733 56.4972 69.6732 7.73076
40.7 20.3232 56.4607 69.6232 7.76727
40.8 20.3732 56.4241 69.5731 7.80386
40.9 20.4231 56.3875 69.5231 7.84052
41 20.473 56.3507 69.473 7.87726
41.1 20.523 56.3139 69.423 7.91407
41.2 20.5729 56.2771 69.3729 7.95095
41.3 20.6229 56.2401 69.3229 7.9879
41.4 20.6728 56.2031 69.2728 8.02493
41.5 20.7228 56.166 69.2227 8.06204
41.6 20.7727 56.1288 69.1727 8.09921
41.7 20.8227 56.0915 69.1226 8.13646
41.8 20.8726 56.0542 69.0726 8.17378
41.9 20.9226 56.0168 69.0225 8.21118
42 20.9725 55.9794 68.9725 8.24865
42.1 21.0225 55.9418 68.9224 8.28619
42.2 21.0724 55.9042 68.8724 8.3238
42.3 21.1224 55.8665 68.8223 8.36149
42.4 21.1723 55.8288 68.7723 8.39925
42.5 21.2222 55.7909 68.7222 8.43708
42.6 21.2722 55.753 68.6722 8.47498
42.7 21.3221 55.715 68.6221 8.51295
42.8 21.3721 55.677 68.5721 8.551
42.9 21.422 55.6389 68.522 8.58912
43 21.472 55.6007 68.472 8.62731
43.1 21.5219 55.5624 68.4219 8.66557
43.2 21.5719 55.5241 68.3718 8.7039
43.3 21.6218 55.4857 68.3218 8.74231
43.4 21.6718 55.4472 68.2717 8.78078
43.5 21.7217 55.4087 68.2217 8.81933
43.6 21.7717 55.3701 68.1716 8.85794
43.7 21.8216 55.3314 68.1216 8.89663
43.8 21.8716 55.2926 68.0715 8.93539
43.9 21.9215 55.2538 68.0215 8.97422
44 21.9715 55.2149 67.9714 9.01312
44.1 22.0214 55.1759 67.9214 9.05209
44.2 22.0714 55.1369 67.8713 9.09113
44.3 22.1213 55.0978 67.8213 9.13024
44.4 22.1713 55.0586 67.7712 9.16942
44.5 22.2212 55.0193 67.7212 9.20868
44.6 22.2712 54.98 67.6711 9.248
44.7 22.3211 54.9406 67.6211 9.28739
44.8 22.3711 54.9012 67.571 9.32685
44.9 22.421 54.8616 67.521 9.36637
45 22.4709 54.822 67.4709 9.40597
45.1 22.5209 54.7824 67.4209 9.44564
45.2 22.5708 54.7426 67.3708 9.48538
45.3 22.6208 54.7028 67.3208 9.52518
45.4 22.6707 54.6629 67.2707 9.56506
45.5 22.7207 54.623 67.2207 9.605
45.6 22.7706 54.583 67.1706 9.64501
45.7 22.8206 54.5429 67.1206 9.68509
45.8 22.8705 54.5028 67.0705 9.72524
45.9 22.9205 54.4625 67.0205 9.76546
46 22.9704 54.4223 66.9704 9.80574
46.1 23.0204 54.3819 66.9204 9.84609
46.2 23.0703 54.3415 66.8703 9.88651
46.3 23.1203 54.301 66.8203 9.927
46.4 23.1702 54.2604 66.7702 9.96756
46.5 23.2202 54.2198 66.7202 10.0082
46.6 23.2701 54.1791 66.6701 10.0489
46.7 23.3201 54.1384 66.6201 10.0896
46.8 23.3701 54.0975 66.57 10.1305
46.9 23.42 54.0567 66.52 10.1713
47 23.47 54.0157 66.4699 10.2123
47.1 23.5199 53.9747 66.4199 10.2533
47.2 23.5699 53.9336 66.3698 10.2944
47.3 23.6198 53.8924 66.3198 10.3356
47.4 23.6698 53.8512 66.2697 10.3768
47.5 23.7197 53.8099 66.2197 10.4181
47.6 23.7697 53.7685 66.1696 10.4595
47.7 23.8196 53.7271 66.1196 10.5009
47.8 23.8696 53.6856 66.0695 10.5424
47.9 23.9195 53.6441 66.0195 10.5839
48 23.9695 53.6025 65.9694 10.6255
48.1 24.0194 53.5608 65.9194 10.6672
48.2 24.0694 53.519 65.8693 10.709
48.3 24.1193 53.4772 65.8193 10.7508
48.4 24.1693 53.4353 65.7692 10.7927
48.5 24.2192 53.3934 65.7192 10.8346
48.6 24.2692 53.3514 65.6692 10.8766
48.7 24.3191 53.3093 65.6191 10.9187
48.8 24.3691 53.2672 65.5691 10.9608
48.9 24.419 53.2249 65.519 11.0031
49 24.469 53.1827 65.469 11.0453
49.1 24.5189 53.1403 65.4189 11.0877
49.2 24.5689 53.0979 65.3689 11.1301
49.3 24.6189 53.0555 65.3188 11.1725
49.4 24.6688 53.013 65.2688 11.215
49.5 24.7188 52.9704 65.2187 11.2576
49.6 24.7687 52.9277 65.1687 11.3003
49.7 24.8187 52.885 65.1186 11.343
49.8 24.8686 52.8422 65.0686 11.3858
49.9 24.9186 52.7994 65.0185 11.4286
50 24.9685 52.7565 64.9685 11.4715
50.1 25.0185 52.7135 64.9185 11.5145
50.2 25.0684 52.6705 64.8684 11.5575
50.3 25.1184 52.6274 64.8184 11.6006
50.4 25.1683 52.5842 64.7683 11.6438
50.5 25.2183 52.541 64.7183 11.687
50.6 25.2683 52.4977 64.6682 11.7303
50.7 25.3182 52.4544 64.6182 11.7736
50.8 25.3682 52.411 64.5681 11.817
50.9 25.4181 52.3675 64.5181 11.8605
51 25.4681 52.324 64.468 11.904
51.1 25.518 52.2804 64.418 11.9476
51.2 25.568 52.2368 64.368 11.9912
51.3 25.6179 52.193 64.3179 12.035
51.4 25.6679 52.1493 64.2679 12.0787
51.5 25.7178 52.1054 64.2178 12.1226
51.6 25.7678 52.0615 64.1678 12.1665
51.7 25.8178 52.0176 64.1177 12.2104
51.8 25.8677 51.9736 64.0677 12.2544
51.9 25.9177 51.9295 64.0176 12.2985
52 25.9676 51.8854 63.9676 12.3426
52.1 26.0176 51.8412 63.9176 12.3868
52.2 26.0675 51.7969 63.8675 12.4311
52.3 26.1175 51.7526 63.8175 12.4754
52.4 26.1674 51.7082 63.7674 12.5198
52.5 26.2174 51.6638 63.7174 12.5642
52.6 26.2674 51.6193 63.6673 12.6087
52.7 26.3173 51.5747 63.6173 12.6533
52.8 26.3673 51.5301 63.5672 12.6979
52.9 26.4172 51.4854 63.5172 12.7426
53 26.4672 51.4407 63.4672 12.7873
53.1 26.5171 51.3959 63.4171 12.8321
53.2 26.5671 51.351 63.3671 12.877
53.3 26.6171 51.3061 63.317 12.9219
53.4 26.667 51.2612 63.267 12.9668
53.5 26.717 51.2161 63.2169 13.0119
53.6 26.7669 51.1711 63.1669 13.0569
53.7 26.8169 51.1259 63.1169 13.1021
53.8 26.8668 51.0807 63.0668 13.1473
53.9 26.9168 51.0355 63.0168 13.1925
54 26.9668 50.9901 62.9667 13.2379
54.1 27.0167 50.9448 62.9167 13.2832
54.2 27.0667 50.8993 62.8666 13.3287
54.3 27.1166 50.8538 62.8166 13.3742
54.4 27.1666 50.8083 62.7666 13.4197
54.5 27.2165 50.7627 62.7165 13.4653
54.6 27.2665 50.717 62.6665 13.511
54.7 27.3165 50.6713 62.6164 13.5567
54.8 27.3664 50.6255 62.5664 13.6025
54.9 27.4164 50.5797 62.5164 13.6483
55 27.4663 50.5338 62.4663 13.6942
55.1 27.5163 50.4879 62.4163 13.7401
55.2 27.5663 50.4419 62.3662 13.7861
55.3 27.6162 50.3958 62.3162 13.8322
55.4 27.6662 50.3497 62.2662 13.8783
55.5 27.7161 50.3036 62.2161 13.9244
55.6 27.7661 50.2574 62.1661 13.9706
55.7 27.8161 50.2111 62.116 14.0169
55.8 27.866 50.1647 62.066 14.0633
55.9 27.916 50.1184 62.0159 14.1096
56 27.9659 50.0719 61.9659 14.1561
56.1 28.0159 50.0254 61.9159 14.2026
56.2 28.0659 49.9789 61.8658 14.2491
56.3 28.1158 49.9323 61.8158 14.2957
56.4 28.1658 49.8856 61.7657 14.3424
56.5 28.2157 49.8389 61.7157 14.3891
56.6 28.2657 49.7921 61.6657 14.4359
56.7 28.3157 49.7453 61.6156 14.4827
56.8 28.3656 49.6984 61.5656 14.5296
56.9 28.4156 49.6515 61.5156 14.5765
57 28.4655 49.6045 61.4655 14.6235
57.1 28.5155 49.5575 61.4155 14.6705
57.2 28.5655 49.5104 61.3654 14.7176
57.3 28.6154 49.4633 61.3154 14.7647
57.4 28.6654 49.4161 61.2654 14.8119
57.5 28.7153 49.3688 61.2153 14.8592
57.6 28.7653 49.3215 61.1653 14.9065
57.7 28.8153 49.2742 61.1152 14.9538
57.8 28.8652 49.2268 61.0652 15.0012
57.9 28.9152 49.1793 61.0152 15.0487
58 28.9652 49.1318 60.9651 15.0962
58.1 29.0151 49.0843 60.9151 15.1437
58.2 29.0651 49.0367 60.8651 15.1913
58.3 29.115 48.989 60.815 15.239
58.4 29.165 48.9413 60.765 15.2867
58.5 29.215 48.8935 60.7149 15.3345
58.6 29.2649 48.8457 60.6649 15.3823
58.7 29.3149 48.7978 60.6149 15.4302
58.8 29.3649 48.7499 60.5648 15.4781
58.9 29.4148 48.702 60.5148 15.526
59 29.4648 48.6539 60.4648 15.5741
59.1 29.5147 48.6059 60.4147 15.6221
59.2 29.5647 48.5577 60.3647 15.6703
59.3 29.6147 48.5096 60.3146 15.7184
59.4 29.6646 48.4614 60.2646 15.7666
59.5 29.7146 48.4131 60.2146 15.8149
59.6 29.7646 48.3648 60.1645 15.8632
59.7 29.8145 48.3164 60.1145 15.9116
59.8 29.8645 48.268 60.0645 15.96
59.9 29.9145 48.2195 60.0144 16.0085
60 29.9644 48.171 59.9644 16.057
60.1 30.0144 48.1224 59.9144 16.1056
60.2 30.0643 48.0738 59.8643 16.1542
60.3 30.1143 48.0252 59.8143 16.2028
60.4 30.1643 47.9764 59.7642 16.2516
60.5 30.2142 47.9277 59.7142 16.3003
60.6 30.2642 47.8789 59.6642 16.3491
60.7 30.3142 47.83 59.6141 16.398
60.8 30.3641 47.7811 59.5641 16.4469
60.9 30.4141 47.7322 59.5141 16.4958
61 30.4641 47.6832 59.464 16.5448
61.1 30.514 47.6341 59.414 16.5939
61.2 30.564 47.585 59.364 16.643
61.3 30.614 47.5359 59.3139 16.6921
61.4 30.6639 47.4867 59.2639 16.7413
61.5 30.7139 47.4375 59.2139 16.7905
61.6 30.7639 47.3882 59.1638 16.8398
61.7 30.8138 47.3389 59.1138 16.8891
61.8 30.8638 47.2895 59.0638 16.9385
61.9 30.9138 47.2401 59.0137 16.9879
62 30.9637 47.1906 58.9637 17.0374
62.1 31.0137 47.1411 58.9137 17.0869
62.2 31.0637 47.0915 58.8636 17.1365
62.3 31.1136 47.0419 58.8136 17.1861
62.4 31.1636 46.9923 58.7636 17.2357
62.5 31.2136 46.9426 58.7135 17.2854
62.6 31.2635 46.8929 58.6635 17.3351
62.7 31.3135 46.8431 58.6135 17.3849
62.8 31.3635 46.7932 58.5634 17.4348
62.9 31.4134 46.7434 58.5134 17.4846
63 31.4634 46.6935 58.4634 17.5345
63.1 31.5134 46.6435 58.4133 17.5845
63.2 31.5633 46.5935 58.3633 17.6345
63.3 31.6133 46.5434 58.3133 17.6846
63.4 31.6633 46.4933 58.2632 17.7347
63.5 31.7132 46.4432 58.2132 17.7848
63.6 31.7632 46.393 58.1632 17.835
63.7 31.8132 46.3428 58.1131 17.8852
63.8 31.8631 46.2925 58.0631 17.9355
63.9 31.9131 46.2422 58.0131 17.9858
64 31.9631 46.1919 57.963 18.0361
64.1 32.013 46.1415 57.913 18.0865
64.2 32.063 46.091 57.863 18.137
64.3 32.113 46.0405 57.8129 18.1875
64.4 32.1629 45.99 57.7629 18.238
64.5 32.2129 45.9394 57.7129 18.2886
64.6 32.2629 45.8888 57.6629 18.3392
64.7 32.3128 45.8382 57.6128 18.3898
64.8 32.3628 45.7875 57.5628 18.4405
64.9 32.4128 45.7367 57.5128 18.4913
65 32.4628 45.686 57.4627 18.542
65.1 32.5127 45.6351 57.4127 18.5929
65.2 32.5627 45.5843 57.3627 18.6437
65.3 32.6127 45.5334 57.3126 18.6946
65.4 32.6626 45.4824 57.2626 18.7456
65.5 32.7126 45.4315 57.2126 18.7965
65.6 32.7626 45.3804 57.1626 18.8476
65.7 32.8125 45.3294 57.1125 18.8986
65.8 32.8625 45.2783 57.0625 18.9497
65.9 32.9125 45.2271 57.0125 19.0009
66 32.9625 45.1759 56.9624 19.0521
66.1 33.0124 45.1247 56.9124 19.1033
66.2 33.0624 45.0735 56.8624 19.1545
66.3 33.1124 45.0222 56.8124 19.2058
66.4 33.1623 44.9708 56.7623 19.2572
66.5 33.2123 44.9194 56.7123 19.3086
66.6 33.2623 44.868 56.6623 19.36
66.7 33.3123 44.8165 56.6122 19.4115
66.8 33.3622 44.7651 56.5622 19.4629
66.9 33.4122 44.7135 56.5122 19.5145
67 33.4622 44.6619 56.4622 19.5661
67.1 33.5121 44.6103 56.4121 19.6177
67.2 33.5621 44.5587 56.3621 19.6693
67.3 33.6121 44.507 56.3121 19.721
67.4 33.6621 44.4553 56.262 19.7727
67.5 33.712 44.4035 56.212 19.8245
67.6 33.762 44.3517 56.162 19.8763
67.7 33.812 44.2999 56.112 19.9281
67.8 33.862 44.248 56.0619 19.98
67.9 33.9119 44.1961 56.0119 20.0319
68 33.9619 44.1441 55.9619 20.0839
68.1 34.0119 44.0921 55.9119 20.1359
68.2 34.0618 44.0401 55.8618 20.1879
68.3 34.1118 43.988 55.8118 20.24
68.4 34.1618 43.936 55.7618 20.292
68.5 34.2118 43.8838 55.7117 20.3442
68.6 34.2617 43.8317 55.6617 20.3963
68.7 34.3117 43.7795 55.6117 20.4485
68.8 34.3617 43.7272 55.5617 20.5008
68.9 34.4117 43.6749 55.5116 20.5531
69 34.4616 43.6226 55.4616 20.6054
69.1 34.5116 43.5703 55.4116 20.6577
69.2 34.5616 43.5179 55.3616 20.7101
69.3 34.6116 43.4655 55.3115 20.7625
69.4 34.6615 43.413 55.2615 20.815
69.5 34.7115 43.3606 55.2115 20.8674
69.6 34.7615 43.308 55.1615 20.92
69.7 34.8115 43.2555 55.1114 20.9725
69.8 34.8614 43.2029 55.0614 21.0251
69.9 34.9114 43.1503 55.0114 21.0777
70 34.9614 43.0976 54.9614 21.1304
70.1 35.0114 43.0449 54.9113 21.1831
70.2 35.0613 42.9922 54.8613 21.2358
70.3 35.1113 42.9395 54.8113 21.2885
70.4 35.1613 42.8867 54.7613 21.3413
70.5 35.2113 42.8339 54.7112 21.3941
70.6 35.2612 42.781 54.6612 21.447
70.7 35.3112 42.7281 54.6112 21.4999
70.8 35.3612 42.6752 54.5612 21.5528
70.9 35.4112 42.6223 54.5111 21.6057
71 35.4611 42.5693 54.4611 21.6587
71.1 35.5111 42.5163 54.4111 21.7117
71.2 35.5611 42.4632 54.3611 21.7648
71.3 35.6111 42.4102 54.3111 21.8178
71.4 35.6611 42.3571 54.261 21.8709
71.5 35.711 42.3039 54.211 21.9241
71.6 35.761 42.2508 54.161 21.9772
71.7 35.811 42.1976 54.111 22.0304
71.8 35.861 42.1443 54.0609 22.0837
71.9 35.9109 42.0911 54.0109 22.1369
72 35.9609 42.0378 53.9609 22.1902
72.1 36.0109 41.9845 53.9109 22.2435
72.2 36.0609 41.9311 53.8609 22.2969
72.3 36.1108 41.8777 53.8108 22.3503
72.4 36.1608 41.8243 53.7608 22.4037
72.5 36.2108 41.7709 53.7108 22.4571
72.6 36.2608 41.7174 53.6608 22.5106
72.7 36.3108 41.6639 53.6107 22.5641
72.8 36.3607 41.6104 53.5607 22.6176
72.9 36.4107 41.5568 53.5107 22.6712
73 36.4607 41.5032 53.4607 22.7248
73.1 36.5107 41.4496 53.4107 22.7784
73.2 36.5607 41.396 53.3606 22.832
73.3 36.6106 41.3423 53.3106 22.8857
73.4 36.6606 41.2886 53.2606 22.9394
73.5 36.7106 41.2349 53.2106 22.9931
73.6 36.7606 41.1811 53.1606 23.0469
73.7 36.8106 41.1273 53.1105 23.1007
73.8 36.8605 41.0735 53.0605 23.1545
73.9 36.9105 41.0197 53.0105 23.2083
74 36.9605 40.9658 52.9605 23.2622
74.1 37.0105 40.9119 52.9105 23.3161
74.2 37.0605 40.858 52.8604 23.37
74.3 37.1104 40.8041 52.8104 23.4239
74.4 37.1604 40.7501 52.7604 23.4779
74.5 37.2104 40.6961 52.7104 23.5319
74.6 37.2604 40.6421 52.6604 23.5859
74.7 37.3104 40.588 52.6103 23.64
74.8 37.3603 40.5339 52.5603 23.6941
74.9 37.4103 40.4798 52.5103 23.7482
75 37.4603 40.4257 52.4603 23.8023
75.1 37.5103 40.3716 52.4103 23.8564
75.2 37.5603 40.3174 52.3603 23.9106
75.3 37.6102 40.2632 52.3102 23.9648
75.4 37.6602 40.209 52.2602 24.019
75.5 37.7102 40.1547 52.2102 24.0733
75.6 37.7602 40.1004 52.1602 24.1276
75.7 37.8102 40.0461 52.1102 24.1819
75.8 37.8602 39.9918 52.0601 24.2362
75.9 37.9101 39.9375 52.0101 24.2905
76 37.9601 39.8831 51.9601 24.3449
76.1 38.0101 39.8287 51.9101 24.3993
76.2 38.0601 39.7743 51.8601 24.4537
76.3 38.1101 39.7198 51.8101 24.5082
76.4 38.1601 39.6654 51.76 24.5626
76.5 38.21 39.6109 51.71 24.6171
76.6 38.26 39.5564 51.66 24.6716
76.7 38.31 39.5018 51.61 24.7262
76.8 38.36 39.4473 51.56 24.7807
76.9 38.41 39.3927 51.51 24.8353
77 38.46 39.3381 51.4599 24.8899
77.1 38.5099 39.2835 51.4099 24.9445
77.2 38.5599 39.2288 51.3599 24.9992
77.3 38.6099 39.1741 51.3099 25.0539
77.4 38.6599 39.1195 51.2599 25.1085
77.5 38.7099 39.0647 51.2099 25.1633
77.6 38.7599 39.01 51.1598 25.218
77.7 38.8098 38.9553 51.1098 25.2727
77.8 38.8598 38.9005 51.0598 25.3275
77.9 38.9098 38.8457 51.0098 25.3823
78 38.9598 38.7909 50.9598 25.4371
78.1 39.0098 38.736 50.9098 25.492
78.2 39.0598 38.6812 50.8598 25.5468
78.3 39.1098 38.6263 50.8097 25.6017
78.4 39.1597 38.5714 50.7597 25.6566
78.5 39.2097 38.5165 50.7097 25.7115
78.6 39.2597 38.4616 50.6597 25.7664
78.7 39.3097 38.4066 50.6097 25.8214
78.8 39.3597 38.3516 50.5597 25.8764
78.9 39.4097 38.2967 50.5097 25.9313
79 39.4597 38.2416 50.4596 25.9864
79.1 39.5096 38.1866 50.4096 26.0414
79.2 39.5596 38.1316 50.3596 26.0964
79.3 39.6096 38.0765 50.3096 26.1515
79.4 39.6596 38.0214 50.2596 26.2066
79.5 39.7096 37.9663 50.2096 26.2617
79.6 39.7596 37.9112 50.1596 26.3168
79.7 39.8096 37.8561 50.1096 26.3719
79.8 39.8596 37.8009 50.0595 26.4271
79.9 39.9095 37.7457 50.0095 26.4823
80 39.9595 37.6905 49.9595 26.5375
80.1 40.0095 37.6353 49.9095 26.5927
80.2 40.0595 37.5801 49.8595 26.6479
80.3 40.1095 37.5249 49.8095 26.7031
80.4 40.1595 37.4696 49.7595 26.7584
80.5 40.2095 37.4143 49.7095 26.8137
80.6 40.2595 37.359 49.6594 26.869
80.7 40.3094 37.3037 49.6094 26.9243
80.8 40.3594 37.2484 49.5594 26.9796
80.9 40.4094 37.1931 49.5094 27.0349
81 40.4594 37.1377 49.4594 27.0903
81.1 40.5094 37.0824 49.4094 27.1456
81.2 40.5594 37.027 49.3594 27.201
81.3 40.6094 36.9716 49.3094 27.2564
81.4 40.6594 36.9162 49.2594 27.3118
81.5 40.7094 36.8608 49.2093 27.3672
81.6 40.7593 36.8053 49.1593 27.4227
81.7 40.8093 36.7499 49.1093 27.4781
81.8 40.8593 36.6944 49.0593 27.5336
81.9 40.9093 36.6389 49.0093 27.5891
82 40.9593 36.5834 48.9593 27.6446
82.1 41.0093 36.5279 48.9093 27.7001
82.2 41.0593 36.4724 48.8593 27.7556
82.3 41.1093 36.4168 48.8093 27.8112
82.4 41.1593 36.3613 48.7593 27.8667
82.5 41.2093 36.3057 48.7092 27.9223
82.6 41.2592 36.2501 48.6592 27.9779
82.7 41.3092 36.1946 48.6092 28.0334
82.8 41.3592 36.139 48.5592 28.089
82.9 41.4092 36.0833 48.5092 28.1447
83 41.4592 36.0277 48.4592 28.2003
83.1 41.5092 35.9721 48.4092 28.2559
83.2 41.5592 35.9164 48.3592 28.3116
83.3 41.6092 35.8608 48.3092 28.3672
83.4 41.6592 35.8051 48.2592 28.4229
83.5 41.7092 35.7494 48.2092 28.4786
83.6 41.7592 35.6937 48.1591 28.5343
83.7 41.8091 35.638 48.1091 28.59
83.8 41.8591 35.5823 48.0591 28.6457
83.9 41.9091 35.5266 48.0091 28.7014
84 41.9591 35.4708 47.9591 28.7572
84.1 42.0091 35.4151 47.9091 28.8129
84.2 42.0591 35.3593 47.8591 28.8687
84.3 42.1091 35.3036 47.8091 28.9244
84.4 42.1591 35.2478 47.7591 28.9802
84.5 42.2091 35.192 47.7091 29.036
84.6 42.2591 35.1362 47.6591 29.0918
84.7 42.3091 35.0804 47.6091 29.1476
84.8 42.3591 35.0246 47.5591 29.2034
84.9 42.4091 34.9688 47.5091 29.2592
85 42.4591 34.9129 47.459 29.3151
85.1 42.509 34.8571 47.409 29.3709
85.2 42.559 34.8012 47.359 29.4268
85.3 42.609 34.7454 47.309 29.4826
85.4 42.659 34.6895 47.259 29.5385
85.5 42.709 34.6336 47.209 29.5944
85.6 42.759 34.5778 47.159 29.6502
85.7 42.809 34.5219 47.109 29.7061
85.8 42.859 34.466 47.059 29.762
85.9 42.909 34.4101 47.009 29.8179
86 42.959 34.3542 46.959 29.8738
86.1 43.009 34.2982 46.909 29.9298
86.2 43.059 34.2423 46.859 29.9857
86.3 43.109 34.1864 46.809 30.0416
86.4 43.159 34.1305 46.759 30.0975
86.5 43.209 34.0745 46.709 30.1535
86.6 43.259 34.0186 46.659 30.2094
86.7 43.309 33.9626 46.609 30.2654
86.8 43.359 33.9067 46.559 30.3213
86.9 43.409 33.8507 46.509 30.3773
87 43.459 33.7947 46.459 30.4333
87.1 43.5089 33.7387 46.4089 30.4893
87.2 43.5589 33.6828 46.3589 30.5452
87.3 43.6089 33.6268 46.3089 30.6012
87.4 43.6589 33.5708 46.2589 30.6572
87.5 43.7089 33.5148 46.2089 30.7132
87.6 43.7589 33.4588 46.1589 30.7692
87.7 43.8089 33.4028 46.1089 30.8252
87.8 43.8589 33.3468 46.0589 30.8812
87.9 43.9089 33.2908 46.0089 30.9372
88 43.9589 33.2348 45.9589 30.9932
88.1 44.0089 33.1787 45.9089 31.0493
88.2 44.0589 33.1227 45.8589 31.1053
88.3 44.1089 33.0667 45.8089 31.1613
88.4 44.1589 33.0107 45.7589 31.2173
88.5 44.2089 32.9546 45.7089 31.2734
88.6 44.2589 32.8986 45.6589 31.3294
88.7 44.3089 32.8426 45.6089 31.3854
88.8 44.3589 32.7865 45.5589 31.4415
88.9 44.4089 32.7305 45.5089 31.4975
89 44.4589 32.6745 45.4589 31.5535
89.1 44.5089 32.6184 45.4089 31.6096
89.2 44.5589 32.5624 45.3589 31.6656
89.3 44.6089 32.5063 45.3089 31.7217
89.4 44.6589 32.4503 45.2589 31.7777
89.5 44.7089 32.3942 45.2089 31.8338
89.6 44.7589 32.3382 45.1589 31.8898
89.7 44.8089 32.2821 45.1089 31.9459
89.8 44.8589 32.2261 45.0589 32.0019
89.9 44.9089 32.17 45.0089 32.058
90 44.9589 32.114 44.9589 32.114
90.1 45.0089 32.058 44.9089 32.17
90.2 45.0589 32.0019 44.8589 32.2261
90.3 45.1089 31.9459 44.8089 32.2821
90.4 45.1589 31.8898 44.7589 32.3382
90.5 45.2089 31.8338 44.7089 32.3942
90.6 45.2589 31.7777 44.6589 32.4503
90.7 45.3089 31.7217 44.6089 32.5063
90.8 45.3589 31.6656 44.5589 32.5624
90.9 45.4089 31.6096 44.5089 32.6184
91 45.4589 31.5535 44.4589 32.6745
91.1 45.5089 31.4975 44.4089 32.7305
91.2 45.5589 31.4415 44.3589 32.7865
91.3 45.6089 31.3854 44.3089 32.8426
91.4 45.6589 31.3294 44.2589 32.8986
91.5 45.7089 31.2734 44.2089 32.9546
91.6 45.7589 31.2173 44.1589 33.0107
91.7 45.8089 31.1613 44.1089 33.0667
91.8 45.8589 31.1053 44.0589 33.1227
91.9 45.9089 31.0493 44.0089 33.1787
92 45.9589 30.9932 43.9589 33.2348
92.1 46.0089 30.9372 43.9089 33.2908
92.2 46.0589 30.8812 43.8589 33.3468
92.3 46.1089 30.8252 43.8089 33.4028
92.4 46.1589 30.7692 43.7589 33.4588
92.5 46.2089 30.7132 43.7089 33.5148
92.6 46.2589 30.6572 43.6589 33.5708
92.7 46.3089 30.6012 43.6089 33.6268
92.8 46.3589 30.5452 43.5589 33.6828
92.9 46.4089 30.4893 43.5089 33.7387
93 46.459 30.4333 43.459 33.7947
93.1 46.509 30.3773 43.409 33.8507
93.2 46.559 30.3213 43.359 33.9067
93.3 46.609 30.2654 43.309 33.9626
93.4 46.659 30.2094 43.259 34.0186
93.5 46.709 30.1535 43.209 34.0745
93.6 46.759 30.0975 43.159 34.1305
93.7 46.809 30.0416 43.109 34.1864
93.8 46.859 29.9857 43.059 34.2423
93.9 46.909 29.9298 43.009 34.2982
94 46.959 29.8738 42.959 34.3542
94.1 47.009 29.8179 42.909 34.4101
94.2 47.059 29.762 42.859 34.466
94.3 47.109 29.7061 42.809 34.5219
94.4 47.159 29.6502 42.759 34.5778
94.5 47.209 29.5944 42.709 34.6336
94.6 47.259 29.5385 42.659 34.6895
94.7 47.309 29.4826 42.609 34.7454
94.8 47.359 29.4268 42.559 34.8012
94.9 47.409 29.3709 42.509 34.8571
95 47.459 29.3151 42.4591 34.9129
95.1 47.5091 29.2592 42.4091 34.9688
95.2 47.5591 29.2034 42.3591 35.0246
95.3 47.6091 29.1476 42.3091 35.0804
95.4 47.6591 29.0918 42.2591 35.1362
95.5 47.7091 29.036 42.2091 35.192
95.6 47.7591 28.9802 42.1591 35.2478
95.7 47.8091 28.9244 42.1091 35.3036
95.8 47.8591 28.8687 42.0591 35.3593
95.9 47.9091 28.8129 42.0091 35.4151
96 47.9591 28.7572 41.9591 35.4708
96.1 48.0091 28.7014 41.9091 35.5266
96.2 48.0591 28.6457 41.8591 35.5823
96.3 48.1091 28.59 41.8091 35.638
96.4 48.1591 28.5343 41.7592 35.6937
96.5 48.2092 28.4786 41.7092 35.7494
96.6 48.2592 28.4229 41.6592 35.8051
96.7 48.3092 28.3672 41.6092 35.8608
96.8 48.3592 28.3116 41.5592 35.9164
96.9 48.4092 28.2559 41.5092 35.9721
97 48.4592 28.2003 41.4592 36.0277
97.1 48.5092 28.1447 41.4092 36.0833
97.2 48.5592 28.089 41.3592 36.139
97.3 48.6092 28.0334 41.3092 36.1946
97.4 48.6592 27.9779 41.2592 36.2501
97.5 48.7092 27.9223 41.2093 36.3057
97.6 48.7593 27.8667 41.1593 36.3613
97.7 48.8093 27.8112 41.1093 36.4168
97.8 48.8593 27.7556 41.0593 36.4724
97.9 48.9093 27.7001 41.0093 36.5279
98 48.9593 27.6446 40.9593 36.5834
98.1 49.0093 27.5891 40.9093 36.6389
98.2 49.0593 27.5336 40.8593 36.6944
98.3 49.1093 27.4781 40.8093 36.7499
98.4 49.1593 27.4227 40.7593 36.8053
98.5 49.2093 27.3672 40.7094 36.8608
98.6 49.2594 27.3118 40.6594 36.9162
98.7 49.3094 27.2564 40.6094 36.9716
98.8 49.3594 27.201 40.5594 37.027
98.9 49.4094 27.1456 40.5094 37.0824
99 49.4594 27.0903 40.4594 37.1377
99.1 49.5094 27.0349 40.4094 37.1931
99.2 49.5594 26.9796 40.3594 37.2484
99.3 49.6094 26.9243 40.3094 37.3037
99.4 49.6594 26.869 40.2595 37.359
99.5 49.7095 26.8137 40.2095 37.4143
99.6 49.7595 26.7584 40.1595 37.4696
99.7 49.8095 26.7031 40.1095 37.5249
99.8 49.8595 26.6479 40.0595 37.5801
99.9 49.9095 26.5927 40.0095 37.6353
100 49.9595 26.5375 39.9595 37.6905
100.1 50.0095 26.4823 39.9095 37.7457
100.2 50.0595 26.4271 39.8596 37.8009
100.3 50.1096 26.3719 39.8096 37.8561
100.4 50.1596 26.3168 39.7596 37.9112
100.5 50.2096 26.2617 39.7096 37.9663
100.6 50.2596 26.2066 39.6596 38.0214
100.7 50.3096 26.1515 39.6096 38.0765
100.8 50.3596 26.0964 39.5596 38.1316
100.9 50.4096 26.0414 39.5096 38.1866
101 50.4596 25.9864 39.4597 38.2416
101.1 50.5097 25.9313 39.4097 38.2967
101.2 50.5597 25.8764 39.3597 38.3516
101.3 50.6097 25.8214 39.3097 38.4066
101.4 50.6597 25.7664 39.2597 38.4616
101.5 50.7097 25.7115 39.2097 38.5165
101.6 50.7597 25.6566 39.1597 38.5714
101.7 50.8097 25.6017 39.1098 38.6263
101.8 50.8598 25.5468 39.0598 38.6812
101.9 50.9098 25.492 39.0098 38.736
102 50.9598 25.4371 38.9598 38.7909
102.1 51.0098 25.3823 38.9098 38.8457
102.2 51.0598 25.3275 38.8598 38.9005
102.3 51.1098 25.2727 38.8098 38.9553
102.4 51.1598 25.218 38.7599 39.01
102.5 51.2099 25.1633 38.7099 39.0647
102.6 51.2599 25.1085 38.6599 39.1195
102.7 51.3099 25.0539 38.6099 39.1741
102.8 51.3599 24.9992 38.5599 39.2288
102.9 51.4099 24.9445 38.5099 39.2835
103 51.4599 24.8899 38.46 39.3381
103.1 51.51 24.8353 38.41 39.3927
103.2 51.56 24.7807 38.36 39.4473
103.3 51.61 24.7262 38.31 39.5018
103.4 51.66 24.6716 38.26 39.5564
103.5 51.71 24.6171 38.21 39.6109
103.6 51.76 24.5626 38.1601 39.6654
103.7 51.8101 24.5082 38.1101 39.7198
103.8 51.8601 24.4537 38.0601 39.7743
103.9 51.9101 24.3993 38.0101 39.8287
104 51.9601 24.3449 37.9601 39.8831
104.1 52.0101 24.2905 37.9101 39.9375
104.2 52.0601 24.2362 37.8602 39.9918
104.3 52.1102 24.1819 37.8102 40.0461
104.4 52.1602 24.1276 37.7602 40.1004
104.5 52.2102 24.0733 37.7102 40.1547
104.6 52.2602 24.019 37.6602 40.209
104.7 52.3102 23.9648 37.6102 40.2632
104.8 52.3603 23.9106 37.5603 40.3174
104.9 52.4103 23.8564 37.5103 40.3716
105 52.4603 23.8023 37.4603 40.4257
105.1 52.5103 23.7482 37.4103 40.4798
105.2 52.5603 23.6941 37.3603 40.5339
105.3 52.6103 23.64 37.3104 40.588
105.4 52.6604 23.5859 37.2604 40.6421
105.5 52.7104 23.5319 37.2104 40.6961
105.6 52.7604 23.4779 37.1604 40.7501
105.7 52.8104 23.4239 37.1104 40.8041
105.8 52.8604 23.37 37.0605 40.858
105.9 52.9105 23.3161 37.0105 40.9119
106 52.9605 23.2622 36.9605 40.9658
106.1 53.0105 23.2083 36.9105 41.0197
106.2 53.0605 23.1545 36.8605 41.0735
106.3 53.1105 23.1007 36.8106 41.1273
106.4 53.1606 23.0469 36.7606 41.1811
106.5 53.2106 22.9931 36.7106 41.2349
106.6 53.2606 22.9394 36.6606 41.2886
106.7 53.3106 22.8857 36.6106 41.3423
106.8 53.3606 22.832 36.5607 41.396
106.9 53.4107 22.7784 36.5107 41.4496
107 53.4607 22.7248 36.4607 41.5032
107.1 53.5107 22.6712 36.4107 41.5568
107.2 53.5607 22.6176 36.3607 41.6104
107.3 53.6107 22.5641 36.3108 41.6639
107.4 53.6608 22.5106 36.2608 41.7174
107.5 53.7108 22.4571 36.2108 41.7709
107.6 53.7608 22.4037 36.1608 41.8243
107.7 53.8108 22.3503 36.1108 41.8777
107.8 53.8609 22.2969 36.0609 41.9311
107.9 53.9109 22.2435 36.0109 41.9845
108 53.9609 22.1902 35.9609 42.0378
108.1 54.0109 22.1369 35.9109 42.0911
108.2 54.0609 22.0837 35.861 42.1443
108.3 54.111 22.0304 35.811 42.1976
108.4 54.161 21.9772 35.761 42.2508
108.5 54.211 21.9241 35.711 42.3039
108.6 54.261 21.8709 35.6611 42.3571
108.7 54.3111 21.8178 35.6111 42.4102
108.8 54.3611 21.7648 35.5611 42.4632
108.9 54.4111 21.7117 35.5111 42.5163
109 54.4611 21.6587 35.4611 42.5693
109.1 54.5111 21.6057 35.4112 42.6223
109.2 54.5612 21.5528 35.3612 42.6752
109.3 54.6112 21.4999 35.3112 42.7281
109.4 54.6612 21.447 35.2612 42.781
109.5 54.7112 21.3941 35.2113 42.8339
109.6 54.7613 21.3413 35.1613 42.8867
109.7 54.8113 21.2885 35.1113 42.9395
109.8 54.8613 21.2358 35.0613 42.9922
109.9 54.9113 21.1831 35.0114 43.0449
110 54.9614 21.1304 34.9614 43.0976
110.1 55.0114 21.0777 34.9114 43.1503
110.2 55.0614 21.0251 34.8614 43.2029
110.3 55.1114 20.9725 34.8115 43.2555
110.4 55.1615 20.92 34.7615 43.308
110.5 55.2115 20.8674 34.7115 43.3606
110.6 55.2615 20.815 34.6615 43.413
110.7 55.3115 20.7625 34.6116 43.4655
110.8 55.3616 20.7101 34.5616 43.5179
110.9 55.4116 20.6577 34.5116 43.5703
111 55.4616 20.6054 34.4616 43.6226
111.1 55.5116 20.5531 34.4117 43.6749
111.2 55.5617 20.5008 34.3617 43.7272
111.3 55.6117 20.4485 34.3117 43.7795
111.4 55.6617 20.3963 34.2617 43.8317
111.5 55.7117 20.3442 34.2118 43.8838
111.6 55.7618 20.292 34.1618 43.936
111.7 55.8118 20.24 34.1118 43.988
111.8 55.8618 20.1879 34.0618 44.0401
111.9 55.9119 20.1359 34.0119 44.0921
112 55.9619 20.0839 33.9619 44.1441
112.1 56.0119 20.0319 33.9119 44.1961
112.2 56.0619 19.98 33.862 44.248
112.3 56.112 19.9281 33.812 44.2999
112.4 56.162 19.8763 33.762 44.3517
112.5 56.212 19.8245 33.712 44.4035
112.6 56.262 19.7727 33.6621 44.4553
112.7 56.3121 19.721 33.6121 44.507
112.8 56.3621 19.6693 33.5621 44.5587
112.9 56.4121 19.6177 33.5121 44.6103
113 56.4622 19.5661 33.4622 44.6619
113.1 56.5122 19.5145 33.4122 44.7135
113.2 56.5622 19.4629 33.3622 44.7651
113.3 56.6122 19.4115 33.3123 44.8165
113.4 56.6623 19.36 33.2623 44.868
113.5 56.7123 19.3086 33.2123 44.9194
113.6 56.7623 19.2572 33.1623 44.9708
113.7 56.8124 19.2058 33.1124 45.0222
113.8 56.8624 19.1545 33.0624 45.0735
113.9 56.9124 19.1033 33.0124 45.1247
114 56.9624 19.0521 32.9625 45.1759
114.1 57.0125 19.0009 32.9125 45.2271
114.2 57.0625 18.9497 32.8625 45.2783
114.3 57.1125 18.8986 32.8125 45.3294
114.4 57.1626 18.8476 32.7626 45.3804
114.5 57.2126 18.7965 32.7126 45.4315
114.6 57.2626 18.7456 32.6626 45.4824
114.7 57.3126 18.6946 32.6127 45.5334
114.8 57.3627 18.6437 32.5627 45.5843
114.9 57.4127 18.5929 32.5127 45.6351
115 57.4627 18.542 32.4628 45.686
115.1 57.5128 18.4913 32.4128 45.7367
115.2 57.5628 18.4405 32.3628 45.7875
115.3 57.6128 18.3898 32.3128 45.8382
115.4 57.6629 18.3392 32.2629 45.8888
115.5 57.7129 18.2886 32.2129 45.9394
115.6 57.7629 18.238 32.1629 45.99
115.7 57.8129 18.1875 32.113 46.0405
115.8 57.863 18.137 32.063 46.091
115.9 57.913 18.0865 32.013 46.1415
116 57.963 18.0361 31.9631 46.1919
116.1 58.0131 17.9858 31.9131 46.2422
116.2 58.0631 17.9355 31.8631 46.2925
116.3 58.1131 17.8852 31.8132 46.3428
116.4 58.1632 17.835 31.7632 46.393
116.5 58.2132 17.7848 31.7132 46.4432
116.6 58.2632 17.7347 31.6633 46.4933
116.7 58.3133 17.6846 31.6133 46.5434
116.8 58.3633 17.6345 31.5633 46.5935
116.9 58.4133 17.5845 31.5134 46.6435
117 58.4634 17.5345 31.4634 46.6935
117.1 58.5134 17.4846 31.4134 46.7434
117.2 58.5634 17.4348 31.3635 46.7932
117.3 58.6135 17.3849 31.3135 46.8431
117.4 58.6635 17.3351 31.2635 46.8929
117.5 58.7135 17.2854 31.2136 46.9426
117.6 58.7636 17.2357 31.1636 46.9923
117.7 58.8136 17.1861 31.1136 47.0419
117.8 58.8636 17.1365 31.0637 47.0915
117.9 58.9137 17.0869 31.0137 47.1411
118 58.9637 17.0374 30.9637 47.1906
118.1 59.0137 16.9879 30.9138 47.2401
118.2 59.0638 16.9385 30.8638 47.2895
118.3 59.1138 16.8891 30.8138 47.3389
118.4 59.1638 16.8398 30.7639 47.3882
118.5 59.2139 16.7905 30.7139 47.4375
118.6 59.2639 16.7413 30.6639 47.4867
118.7 59.3139 16.6921 30.614 47.5359
118.8 59.364 16.643 30.564 47.585
118.9 59.414 16.5939 30.514 47.6341
119 59.464 16.5448 30.4641 47.6832
119.1 59.5141 16.4958 30.4141 47.7322
119.2 59.5641 16.4469 30.3641 47.7811
119.3 59.6141 16.398 30.3142 47.83
119.4 59.6642 16.3491 30.2642 47.8789
119.5 59.7142 16.3003 30.2142 47.9277
119.6 59.7642 16.2516 30.1643 47.9764
119.7 59.8143 16.2028 30.1143 48.0252
119.8 59.8643 16.1542 30.0643 48.0738
119.9 59.9144 16.1056 30.0144 48.1224
120 59.9644 16.057 29.9644 48.171
120.1 60.0144 16.0085 29.9145 48.2195
120.2 60.0645 15.96 29.8645 48.268
120.3 60.1145 15.9116 29.8145 48.3164
120.4 60.1645 15.8632 29.7646 48.3648
120.5 60.2146 15.8149 29.7146 48.4131
120.6 60.2646 15.7666 29.6646 48.4614
120.7 60.3146 15.7184 29.6147 48.5096
120.8 60.3647 15.6703 29.5647 48.5577
120.9 60.4147 15.6221 29.5147 48.6059
121 60.4648 15.5741 29.4648 48.6539
121.1 60.5148 15.526 29.4148 48.702
121.2 60.5648 15.4781 29.3649 48.7499
121.3 60.6149 15.4302 29.3149 48.7978
121.4 60.6649 15.3823 29.2649 48.8457
121.5 60.7149 15.3345 29.215 48.8935
121.6 60.765 15.2867 29.165 48.9413
121.7 60.815 15.239 29.115 48.989
121.8 60.8651 15.1913 29.0651 49.0367
121.9 60.9151 15.1437 29.0151 49.0843
122 60.9651 15.0962 28.9652 49.1318
122.1 61.0152 15.0487 28.9152 49.1793
122.2 61.0652 15.0012 28.8652 49.2268
122.3 61.1152 14.9538 28.8153 49.2742
122.4 61.1653 14.9065 28.7653 49.3215
122.5 61.2153 14.8592 28.7153 49.3688
122.6 61.2654 14.8119 28.6654 49.4161
122.7 61.3154 14.7647 28.6154 49.4633
122.8 61.3654 14.7176 28.5655 49.5104
122.9 61.4155 14.6705 28.5155 49.5575
123 61.4655 14.6235 28.4655 49.6045
123.1 61.5156 14.5765 28.4156 49.6515
123.2 61.5656 14.5296 28.3656 49.6984
123.3 61.6156 14.4827 28.3157 49.7453
123.4 61.6657 14.4359 28.2657 49.7921
123.5 61.7157 14.3891 28.2157 49.8389
123.6 61.7657 14.3424 28.1658 49.8856
123.7 61.8158 14.2957 28.1158 49.9323
123.8 61.8658 14.2491 28.0659 49.9789
123.9 61.9159 14.2026 28.0159 50.0254
124 61.9659 14.1561 27.9659 50.0719
124.1 62.0159 14.1096 27.916 50.1184
124.2 62.066 14.0633 27.866 50.1647
124.3 62.116 14.0169 27.8161 50.2111
124.4 62.1661 13.9706 27.7661 50.2574
124.5 62.2161 13.9244 27.7161 50.3036
124.6 62.2662 13.8783 27.6662 50.3497
124.7 62.3162 13.8322 27.6162 50.3958
124.8 62.3662 13.7861 27.5663 50.4419
124.9 62.4163 13.7401 27.5163 50.4879
125 62.4663 13.6942 27.4663 50.5338
125.1 62.5164 13.6483 27.4164 50.5797
125.2 62.5664 13.6025 27.3664 50.6255
125.3 62.6164 13.5567 27.3165 50.6713
125.4 62.6665 13.511 27.2665 50.717
125.5 62.7165 13.4653 27.2165 50.7627
125.6 62.7666 13.4197 27.1666 50.8083
125.7 62.8166 13.3742 27.1166 50.8538
125.8 62.8666 13.3287 27.0667 50.8993
125.9 62.9167 13.2832 27.0167 50.9448
126 62.9667 13.2379 26.9668 50.9901
126.1 63.0168 13.1925 26.9168 51.0355
126.2 63.0668 13.1473 26.8668 51.0807
126.3 63.1169 13.1021 26.8169 51.1259
126.4 63.1669 13.0569 26.7669 51.1711
126.5 63.2169 13.0119 26.717 51.2161
126.6 63.267 12.9668 26.667 51.2612
126.7 63.317 12.9219 26.6171 51.3061
126.8 63.3671 12.877 26.5671 51.351
126.9 63.4171 12.8321 26.5171 51.3959
127 63.4672 12.7873 26.4672 51.4407
127.1 63.5172 12.7426 26.4172 51.4854
127.2 63.5672 12.6979 26.3673 51.5301
127.3 63.6173 12.6533 26.3173 51.5747
127.4 63.6673 12.6087 26.2674 51.6193
127.5 63.7174 12.5642 26.2174 51.6638
127.6 63.7674 12.5198 26.1674 51.7082
127.7 63.8175 12.4754 26.1175 51.7526
127.8 63.8675 12.4311 26.0675 51.7969
127.9 63.9176 12.3868 26.0176 51.8412
128 63.9676 12.3426 25.9676 51.8854
128.1 64.0176 12.2985 25.9177 51.9295
128.2 64.0677 12.2544 25.8677 51.9736
128.3 64.1177 12.2104 25.8178 52.0176
128.4 64.1678 12.1665 25.7678 52.0615
128.5 64.2178 12.1226 25.7178 52.1054
128.6 64.2679 12.0787 25.6679 52.1493
128.7 64.3179 12.035 25.6179 52.193
128.8 64.368 11.9912 25.568 52.2368
128.9 64.418 11.9476 25.518 52.2804
129 64.468 11.904 25.4681 52.324
129.1 64.5181 11.8605 25.4181 52.3675
129.2 64.5681 11.817 25.3682 52.411
129.3 64.6182 11.7736 25.3182 52.4544
129.4 64.6682 11.7303 25.2683 52.4977
129.5 64.7183 11.687 25.2183 52.541
129.6 64.7683 11.6438 25.1683 52.5842
129.7 64.8184 11.6006 25.1184 52.6274
129.8 64.8684 11.5575 25.0684 52.6705
129.9 64.9185 11.5145 25.0185 52.7135
130 64.9685 11.4715 24.9685 52.7565
130.1 65.0185 11.4286 24.9186 52.7994
130.2 65.0686 11.3858 24.8686 52.8422
130.3 65.1186 11.343 24.8187 52.885
130.4 65.1687 11.3003 24.7687 52.9277
130.5 65.2187 11.2576 24.7188 52.9704
130.6 65.2688 11.215 24.6688 53.013
130.7 65.3188 11.1725 24.6189 53.0555
130.8 65.3689 11.1301 24.5689 53.0979
130.9 65.4189 11.0877 24.5189 53.1403
131 65.469 11.0453 24.469 53.1827
131.1 65.519 11.0031 24.419 53.2249
131.2 65.5691 10.9608 24.3691 53.2672
131.3 65.6191 10.9187 24.3191 53.3093
131.4 65.6692 10.8766 24.2692 53.3514
131.5 65.7192 10.8346 24.2192 53.3934
131.6 65.7692 10.7927 24.1693 53.4353
131.7 65.8193 10.7508 24.1193 53.4772
131.8 65.8693 10.709 24.0694 53.519
131.9 65.9194 10.6672 24.0194 53.5608
132 65.9694 10.6255 23.9695 53.6025
132.1 66.0195 10.5839 23.9195 53.6441
132.2 66.0695 10.5424 23.8696 53.6856
132.3 66.1196 10.5009 23.8196 53.7271
132.4 66.1696 10.4595 23.7697 53.7685
132.5 66.2197 10.4181 23.7197 53.8099
132.6 66.2697 10.3768 23.6698 53.8512
132.7 66.3198 10.3356 23.6198 53.8924
132.8 66.3698 10.2944 23.5699 53.9336
132.9 66.4199 10.2533 23.5199 53.9747
133 66.4699 10.2123 23.47 54.0157
133.1 66.52 10.1713 23.42 54.0567
133.2 66.57 10.1305 23.3701 54.0975
133.3 66.6201 10.0896 23.3201 54.1384
133.4 66.6701 10.0489 23.2701 54.1791
133.5 66.7202 10.0082 23.2202 54.2198
133.6 66.7702 9.96756 23.1702 54.2604
133.7 66.8203 9.927 23.1203 54.301
133.8 66.8703 9.88651 23.0703 54.3415
133.9 66.9204 9.84609 23.0204 54.3819
134 66.9704 9.80574 22.9704 54.4223
134.1 67.0205 9.76546 22.9205 54.4625
134.2 67.0705 9.72524 22.8705 54.5028
134.3 67.1206 9.68509 22.8206 54.5429
134.4 67.1706 9.64501 22.7706 54.583
134.5 67.2207 9.605 22.7207 54.623
134.6 67.2707 9.56506 22.6707 54.6629
134.7 67.3208 9.52518 22.6208 54.7028
134.8 67.3708 9.48538 22.5708 54.7426
134.9 67.4209 9.44564 22.5209 54.7824
135 67.4709 9.40597 22.4709 54.822
135.1 67.521 9.36637 22.421 54.8616
135.2 67.571 9.32685 22.3711 54.9012
135.3 67.6211 9.28739 22.3211 54.9406
135.4 67.6711 9.248 22.2712 54.98
135.5 67.7212 9.20868 22.2212 55.0193
135.6 67.7712 9.16942 22.1713 55.0586
135.7 67.8213 9.13024 22.1213 55.0978
135.8 67.8713 9.09113 22.0714 55.1369
135.9 67.9214 9.05209 22.0214 55.1759
136 67.9714 9.01312 21.9715 55.2149
136.1 68.0215 8.97422 21.9215 55.2538
136.2 68.0715 8.93539 21.8716 55.2926
136.3 68.1216 8.89663 21.8216 55.3314
136.4 68.1716 8.85794 21.7717 55.3701
136.5 68.2217 8.81933 21.7217 55.4087
136.6 68.2717 8.78078 21.6718 55.4472
136.7 68.3218 8.74231 21.6218 55.4857
136.8 68.3718 8.7039 21.5719 55.5241
136.9 68.4219 8.66557 21.5219 55.5624
137 68.472 8.62731 21.472 55.6007
137.1 68.522 8.58912 21.422 55.6389
137.2 68.5721 8.551 21.3721 55.677
137.3 68.6221 8.51295 21.3221 55.715
137.4 68.6722 8.47498 21.2722 55.753
137.5 68.7222 8.43708 21.2222 55.7909
137.6 68.7723 8.39925 21.1723 55.8288
137.7 68.8223 8.36149 21.1224 55.8665
137.8 68.8724 8.3238 21.0724 55.9042
137.9 68.9224 8.28619 21.0225 55.9418
138 68.9725 8.24865 20.9725 55.9794
138.1 69.0225 8.21118 20.9226 56.0168
138.2 69.0726 8.17378 20.8726 56.0542
138.3 69.1226 8.13646 20.8227 56.0915
138.4 69.1727 8.09921 20.7727 56.1288
138.5 69.2227 8.06204 20.7228 56.166
138.6 69.2728 8.02493 20.6728 56.2031
138.7 69.3229 7.9879 20.6229 56.2401
138.8 69.3729 7.95095 20.5729 56.2771
138.9 69.423 7.91407 20.523 56.3139
139 69.473 7.87726 20.473 56.3507
139.1 69.5231 7.84052 20.4231 56.3875
139.2 69.5731 7.80386 20.3732 56.4241
139.3 69.6232 7.76727 20.3232 56.4607
139.4 69.6732 7.73076 20.2733 56.4972
139.5 69.7233 7.69432 20.2233 56.5337
139.6 69.7733 7.65796 20.1734 56.57
139.7 69.8234 7.62167 20.1234 56.6063
139.8 69.8735 7.58545 20.0735 56.6425
139.9 69.9235 7.54931 20.0235 56.6787
140 69.9736 7.51325 19.9736 56.7148
140.1 70.0236 7.47726 19.9236 56.7507
140.2 70.0737 7.44134 19.8737 56.7867
140.3 70.1237 7.4055 19.8238 56.8225
140.4 70.1738 7.36974 19.7738 56.8583
140.5 70.2238 7.33405 19.7239 56.894
140.6 70.2739 7.29843 19.6739 56.9296
140.7 70.324 7.2629 19.624 56.9651
140.8 70.374 7.22743 19.574 57.0006
140.9 70.4241 7.19205 19.5241 57.036
141 70.4741 7.15673 19.4741 57.0713
141.1 70.5242 7.1215 19.4242 57.1065
141.2 70.5742 7.08634 19.3743 57.1417
141.3 70.6243 7.05126 19.3243 57.1767
141.4 70.6743 7.01625 19.2744 57.2117
141.5 70.7244 6.98132 19.2244 57.2467
141.6 70.7745 6.94647 19.1745 57.2815
141.7 70.8245 6.91169 19.1245 57.3163
141.8 70.8746 6.87699 19.0746 57.351
141.9 70.9246 6.84237 19.0247 57.3856
142 70.9747 6.80782 18.9747 57.4202
142.1 71.0247 6.77335 18.9248 57.4546
142.2 71.0748 6.73896 18.8748 57.489
142.3 71.1248 6.70465 18.8249 57.5234
142.4 71.1749 6.67041 18.7749 57.5576
142.5 71.225 6.63625 18.725 57.5917
142.6 71.275 6.60217 18.675 57.6258
142.7 71.3251 6.56816 18.6251 57.6598
142.8 71.3751 6.53424 18.5752 57.6938
142.9 71.4252 6.50039 18.5252 57.7276
143 71.4752 6.46662 18.4753 57.7614
143.1 71.5253 6.43293 18.4253 57.7951
143.2 71.5754 6.39931 18.3754 57.8287
143.3 71.6254 6.36578 18.3254 57.8622
143.4 71.6755 6.33232 18.2755 57.8957
143.5 71.7255 6.29894 18.2256 57.9291
143.6 71.7756 6.26564 18.1756 57.9624
143.7 71.8257 6.23242 18.1257 57.9956
143.8 71.8757 6.19928 18.0757 58.0287
143.9 71.9258 6.16621 18.0258 58.0618
144 71.9758 6.13323 17.9759 58.0948
144.1 72.0259 6.10032 17.9259 58.1277
144.2 72.0759 6.0675 17.876 58.1605
144.3 72.126 6.03475 17.826 58.1933
144.4 72.1761 6.00208 17.7761 58.2259
144.5 72.2261 5.96949 17.7261 58.2585
144.6 72.2762 5.93699 17.6762 58.291
144.7 72.3262 5.90456 17.6263 58.3234
144.8 72.3763 5.87221 17.5763 58.3558
144.9 72.4264 5.83994 17.5264 58.3881
145 72.4764 5.80775 17.4764 58.4202
145.1 72.5265 5.77564 17.4265 58.4524
145.2 72.5765 5.74361 17.3766 58.4844
145.3 72.6266 5.71167 17.3266 58.5163
145.4 72.6766 5.6798 17.2767 58.5482
145.5 72.7267 5.64801 17.2267 58.58
145.6 72.7768 5.61631 17.1768 58.6117
145.7 72.8268 5.58468 17.1269 58.6433
145.8 72.8769 5.55313 17.0769 58.6749
145.9 72.9269 5.52167 17.027 58.7063
146 72.977 5.49029 16.977 58.7377
146.1 73.0271 5.45899 16.9271 58.769
146.2 73.0771 5.42776 16.8771 58.8002
146.3 73.1272 5.39663 16.8272 58.8314
146.4 73.1772 5.36557 16.7773 58.8624
146.5 73.2273 5.33459 16.7273 58.8934
146.6 73.2774 5.3037 16.6774 58.9243
146.7 73.3274 5.27288 16.6274 58.9551
146.8 73.3775 5.24215 16.5775 58.9858
146.9 73.4275 5.2115 16.5276 59.0165
147 73.4776 5.18093 16.4776 59.0471
147.1 73.5277 5.15045 16.4277 59.0776
147.2 73.5777 5.12004 16.3777 59.108
147.3 73.6278 5.08972 16.3278 59.1383
147.4 73.6778 5.05948 16.2779 59.1685
147.5 73.7279 5.02933 16.2279 59.1987
147.6 73.778 4.99925 16.178 59.2287
147.7 73.828 4.96926 16.128 59.2587
147.8 73.8781 4.93935 16.0781 59.2886
147.9 73.9281 4.90953 16.0282 59.3185
148 73.9782 4.87978 15.9782 59.3482
148.1 74.0283 4.85012 15.9283 59.3779
148.2 74.0783 4.82055 15.8784 59.4075
148.3 74.1284 4.79105 15.8284 59.4369
148.4 74.1784 4.76164 15.7785 59.4664
148.5 74.2285 4.73231 15.7285 59.4957
148.6 74.2786 4.70307 15.6786 59.5249
148.7 74.3286 4.67391 15.6287 59.5541
148.8 74.3787 4.64483 15.5787 59.5832
148.9 74.4288 4.61584 15.5288 59.6122
149 74.4788 4.58693 15.4788 59.6411
149.1 74.5289 4.5581 15.4289 59.6699
149.2 74.5789 4.52936 15.379 59.6986
149.3 74.629 4.5007 15.329 59.7273
149.4 74.6791 4.47213 15.2791 59.7559
149.5 74.7291 4.44364 15.2292 59.7844
149.6 74.7792 4.41524 15.1792 59.8128
149.7 74.8292 4.38692 15.1293 59.8411
149.8 74.8793 4.35868 15.0793 59.8693
149.9 74.9294 4.33053 15.0294 59.8975
150 74.9794 4.30246 14.9795 59.9255
150.1 75.0295 4.27448 14.9295 59.9535
150.2 75.0796 4.24658 14.8796 59.9814
150.3 75.1296 4.21877 14.8296 60.0092
150.4 75.1797 4.19104 14.7797 60.037
150.5 75.2297 4.1634 14.7298 60.0646
150.6 75.2798 4.13584 14.6798 60.0922
150.7 75.3299 4.10837 14.6299 60.1196
150.8 75.3799 4.08098 14.58 60.147
150.9 75.43 4.05368 14.53 60.1743
151 75.4801 4.02646 14.4801 60.2015
151.1 75.5301 3.99933 14.4301 60.2287
151.2 75.5802 3.97229 14.3802 60.2557
151.3 75.6302 3.94533 14.3303 60.2827
151.4 75.6803 3.91845 14.2803 60.3095
151.5 75.7304 3.89167 14.2304 60.3363
151.6 75.7804 3.86497 14.1805 60.363
151.7 75.8305 3.83835 14.1305 60.3896
151.8 75.8806 3.81182 14.0806 60.4162
151.9 75.9306 3.78538 14.0307 60.4426
152 75.9807 3.75902 13.9807 60.469
152.1 76.0308 3.73275 13.9308 60.4952
152.2 76.0808 3.70657 13.8808 60.5214
152.3 76.1309 3.68047 13.8309 60.5475
152.4 76.1809 3.65446 13.781 60.5735
152.5 76.231 3.62853 13.731 60.5995
152.6 76.2811 3.6027 13.6811 60.6253
152.7 76.3311 3.57695 13.6312 60.6511
152.8 76.3812 3.55128 13.5812 60.6767
152.9 76.4313 3.52571 13.5313 60.7023
153 76.4813 3.50022 13.4814 60.7278
153.1 76.5314 3.47481 13.4314 60.7532
153.2 76.5815 3.4495 13.3815 60.7785
153.3 76.6315 3.42427 13.3315 60.8037
153.4 76.6816 3.39913 13.2816 60.8289
153.5 76.7316 3.37408 13.2317 60.8539
153.6 76.7817 3.34911 13.1817 60.8789
153.7 76.8318 3.32423 13.1318 60.9038
153.8 76.8818 3.29944 13.0819 60.9286
153.9 76.9319 3.27474 13.0319 60.9533
154 76.982 3.25013 12.982 60.9779
154.1 77.032 3.2256 12.9321 61.0024
154.2 77.0821 3.20116 12.8821 61.0268
154.3 77.1322 3.17681 12.8322 61.0512
154.4 77.1822 3.15255 12.7823 61.0754
154.5 77.2323 3.12838 12.7323 61.0996
154.6 77.2824 3.10429 12.6824 61.1237
154.7 77.3324 3.08029 12.6324 61.1477
154.8 77.3825 3.05638 12.5825 61.1716
154.9 77.4326 3.03256 12.5326 61.1954
155 77.4826 3.00883 12.4826 61.2192
155.1 77.5327 2.98519 12.4327 61.2428
155.2 77.5827 2.96163 12.3828 61.2664
155.3 77.6328 2.93817 12.3328 61.2898
155.4 77.6829 2.91479 12.2829 61.3132
155.5 77.7329 2.8915 12.233 61.3365
155.6 77.783 2.8683 12.183 61.3597
155.7 77.8331 2.8452 12.1331 61.3828
155.8 77.8831 2.82217 12.0832 61.4058
155.9 77.9332 2.79924 12.0332 61.4288
156 77.9833 2.7764 11.9833 61.4516
156.1 78.0333 2.75365 11.9334 61.4744
156.2 78.0834 2.73099 11.8834 61.497
156.3 78.1335 2.70841 11.8335 61.5196
156.4 78.1835 2.68593 11.7836 61.5421
156.5 78.2336 2.66353 11.7336 61.5645
156.6 78.2837 2.64123 11.6837 61.5868
156.7 78.3337 2.61901 11.6338 61.609
156.8 78.3838 2.59689 11.5838 61.6311
156.9 78.4339 2.57485 11.5339 61.6531
157 78.4839 2.55291 11.4839 61.6751
157.1 78.534 2.53105 11.434 61.6969
157.2 78.5841 2.50929 11.3841 61.7187
157.3 78.6341 2.48761 11.3341 61.7404
157.4 78.6842 2.46603 11.2842 61.762
157.5 78.7343 2.44453 11.2343 61.7835
157.6 78.7843 2.42313 11.1843 61.8049
157.7 78.8344 2.40182 11.1344 61.8262
157.8 78.8845 2.38059 11.0845 61.8474
157.9 78.9345 2.35946 11.0345 61.8685
158 78.9846 2.33842 10.9846 61.8896
158.1 79.0347 2.31747 10.9347 61.9105
158.2 79.0847 2.29661 10.8847 61.9314
158.3 79.1348 2.27584 10.8348 61.9522
158.4 79.1849 2.25516 10.7849 61.9728
158.5 79.2349 2.23457 10.7349 61.9934
158.6 79.285 2.21407 10.685 62.0139
158.7 79.3351 2.19367 10.6351 62.0343
158.8 79.3851 2.17335 10.5851 62.0546
158.9 79.4352 2.15313 10.5352 62.0749
159 79.4853 2.133 10.4853 62.095
159.1 79.5353 2.11296 10.4353 62.115
159.2 79.5854 2.09301 10.3854 62.135
159.3 79.6355 2.07315 10.3355 62.1548
159.4 79.6855 2.05338 10.2855 62.1746
159.5 79.7356 2.03371 10.2356 62.1943
159.6 79.7857 2.01413 10.1857 62.2139
159.7 79.8357 1.99463 10.1357 62.2334
159.8 79.8858 1.97524 10.0858 62.2528
159.9 79.9359 1.95593 10.0359 62.2721
160 79.9859 1.93671 9.98595 62.2913
160.1 80.036 1.91759 9.93602 62.3104
160.2 80.0861 1.89855 9.88609 62.3294
160.3 80.1361 1.87961 9.83615 62.3484
160.4 80.1862 1.86077 9.78622 62.3672
160.5 80.2363 1.84201 9.73629 62.386
160.6 80.2863 1.82335 9.68636 62.4047
160.7 80.3364 1.80478 9.63642 62.4232
160.8 80.3865 1.7863 9.58649 62.4417
160.9 80.4365 1.76791 9.53656 62.4601
161 80.4866 1.74962 9.48663 62.4784
161.1 80.5367 1.73141 9.43669 62.4966
161.2 80.5867 1.71331 9.38676 62.5147
161.3 80.6368 1.69529 9.33683 62.5327
161.4 80.6869 1.67737 9.2869 62.5506
161.5 80.7369 1.65953 9.23697 62.5685
161.6 80.787 1.6418 9.18703 62.5862
161.7 80.8371 1.62415 9.1371 62.6038
161.8 80.8872 1.6066 9.08717 62.6214
161.9 80.9372 1.58914 9.03724 62.6389
162 80.9873 1.57177 8.98731 62.6562
162.1 81.0374 1.5545 8.93737 62.6735
162.2 81.0874 1.53732 8.88744 62.6907
162.3 81.1375 1.52023 8.83751 62.7078
162.4 81.1876 1.50323 8.78758 62.7248
162.5 81.2376 1.48633 8.73765 62.7417
162.6 81.2877 1.46953 8.68772 62.7585
162.7 81.3378 1.45281 8.63778 62.7752
162.8 81.3878 1.43619 8.58785 62.7918
162.9 81.4379 1.41966 8.53792 62.8083
163 81.488 1.40323 8.48799 62.8248
163.1 81.538 1.38689 8.43806 62.8411
163.2 81.5881 1.37064 8.38813 62.8574
163.3 81.6382 1.35449 8.3382 62.8735
163.4 81.6882 1.33843 8.28826 62.8896
163.5 81.7383 1.32246 8.23833 62.9055
163.6 81.7884 1.30659 8.1884 62.9214
163.7 81.8385 1.29081 8.13847 62.9372
163.8 81.8885 1.27513 8.08854 62.9529
163.9 81.9386 1.25954 8.03861 62.9685
164 81.9887 1.24404 7.98868 62.984
164.1 82.0387 1.22864 7.93875 62.9994
164.2 82.0888 1.21333 7.88882 63.0147
164.3 82.1389 1.19812 7.83888 63.0299
164.4 82.1889 1.183 7.78895 63.045
164.5 82.239 1.16797 7.73902 63.06
164.6 82.2891 1.15304 7.68909 63.075
164.7 82.3391 1.1382 7.63916 63.0898
164.8 82.3892 1.12346 7.58923 63.1045
164.9 82.4393 1.10881 7.5393 63.1192
165 82.4894 1.09426 7.48937 63.1337
165.1 82.5394 1.0798 7.43944 63.1482
165.2 82.5895 1.06543 7.38951 63.1626
165.3 82.6396 1.05116 7.33958 63.1768
165.4 82.6896 1.03699 7.28965 63.191
165.5 82.7397 1.02291 7.23972 63.2051
165.6 82.7898 1.00892 7.18978 63.2191
165.7 82.8398 0.995029 7.13985 63.233
165.8 82.8899 0.981232 7.08992 63.2468
165.9 82.94 0.96753 7.03999 63.2605
166 82.99 0.953923 6.99006 63.2741
166.1 83.0401 0.940411 6.94013 63.2876
166.2 83.0902 0.926994 6.8902 63.301
166.3 83.1403 0.913672 6.84027 63.3143
166.4 83.1903 0.900444 6.79034 63.3276
166.5 83.2404 0.887312 6.74041 63.3407
166.6 83.2905 0.874275 6.69048 63.3537
166.7 83.3405 0.861334 6.64055 63.3667
166.8 83.3906 0.848487 6.59062 63.3795
166.9 83.4407 0.835736 6.54069 63.3923
167 83.4907 0.82308 6.49076 63.4049
167.1 83.5408 0.810519 6.44083 63.4175
167.2 83.5909 0.798054 6.3909 63.4299
167.3 83.641 0.785684 6.34097 63.4423
167.4 83.691 0.773409 6.29104 63.4546
167.5 83.7411 0.76123 6.24111 63.4668
167.6 83.7912 0.749146 6.19118 63.4789
167.7 83.8412 0.737158 6.14125 63.4908
167.8 83.8913 0.725266 6.09132 63.5027
167.9 83.9414 0.713469 6.04139 63.5145
168 83.9914 0.701768 5.99146 63.5262
168.1 84.0415 0.690162 5.94153 63.5378
168.2 84.0916 0.678653 5.8916 63.5493
168.3 84.1417 0.667239 5.84167 63.5608
168.4 84.1917 0.65592 5.79174 63.5721
168.5 84.2418 0.644698 5.74181 63.5833
168.6 84.2919 0.633571 5.69188 63.5944
168.7 84.3419 0.622541 5.64195 63.6055
168.8 84.392 0.611606 5.59202 63.6164
168.9 84.4421 0.600767 5.54209 63.6272
169 84.4922 0.590025 5.49216 63.638
169.1 84.5422 0.579378 5.44223 63.6486
169.2 84.5923 0.568827 5.3923 63.6592
169.3 84.6424 0.558373 5.34237 63.6696
169.4 84.6924 0.548014 5.29244 63.68
169.5 84.7425 0.537752 5.24251 63.6902
169.6 84.7926 0.527586 5.19259 63.7004
169.7 84.8426 0.517516 5.14266 63.7105
169.8 84.8927 0.507542 5.09273 63.7205
169.9 84.9428 0.497665 5.0428 63.7303
170 84.9929 0.487884 4.99287 63.7401
170.1 85.0429 0.478199 4.94294 63.7498
170.2 85.093 0.468611 4.89301 63.7594
170.3 85.1431 0.459119 4.84308 63.7689
170.4 85.1931 0.449723 4.79315 63.7783
170.5 85.2432 0.440424 4.74322 63.7876
170.6 85.2933 0.431222 4.69329 63.7968
170.7 85.3434 0.422116 4.64336 63.8059
170.8 85.3934 0.413106 4.59343 63.8149
170.9 85.4435 0.404193 4.5435 63.8238
171 85.4936 0.395377 4.49357 63.8326
171.1 85.5436 0.386657 4.44365 63.8413
171.2 85.5937 0.378034 4.39372 63.85
171.3 85.6438 0.369507 4.34379 63.8585
171.4 85.6938 0.361078 4.29386 63.8669
171.5 85.7439 0.352745 4.24393 63.8753
171.6 85.794 0.344508 4.194 63.8835
171.7 85.8441 0.336369 4.14407 63.8916
171.8 85.8941 0.328326 4.09414 63.8997
171.9 85.9442 0.32038 4.04421 63.9076
172 85.9943 0.312531 3.99428 63.9155
172.1 86.0443 0.304779 3.94435 63.9232
172.2 86.0944 0.297124 3.89443 63.9309
172.3 86.1445 0.289566 3.8445 63.9384
172.4 86.1946 0.282104 3.79457 63.9459
172.5 86.2446 0.27474 3.74464 63.9533
172.6 86.2947 0.267472 3.69471 63.9605
172.7 86.3448 0.260302 3.64478 63.9677
172.8 86.3948 0.253228 3.59485 63.9748
172.9 86.4449 0.246252 3.54492 63.9817
173 86.495 0.239373 3.49499 63.9886
173.1 86.5451 0.232591 3.44507 63.9954
173.2 86.5951 0.225906 3.39514 64.0021
173.3 86.6452 0.219318 3.34521 64.0087
173.4 86.6953 0.212827 3.29528 64.0152
173.5 86.7453 0.206433 3.24535 64.0216
173.6 86.7954 0.200137 3.19542 64.0279
173.7 86.8455 0.193938 3.14549 64.0341
173.8 86.8956 0.187836 3.09556 64.0402
173.9 86.9456 0.181831 3.04564 64.0462
174 86.9957 0.175924 2.99571 64.0521
174.1 87.0458 0.170114 2.94578 64.0579
174.2 87.0958 0.164401 2.89585 64.0636
174.3 87.1459 0.158785 2.84592 64.0692
174.4 87.196 0.153267 2.79599 64.0747
174.5 87.2461 0.147846 2.74606 64.0802
174.6 87.2961 0.142523 2.69613 64.0855
174.7 87.3462 0.137297 2.64621 64.0907
174.8 87.3963 0.132168 2.59628 64.0958
174.9 87.4463 0.127137 2.54635 64.1009
175 87.4964 0.122203 2.49642 64.1058
175.1 87.5465 0.117367 2.44649 64.1106
175.2 87.5966 0.112628 2.39656 64.1154
175.3 87.6466 0.107987 2.34663 64.12
175.4 87.6967 0.103443 2.29671 64.1246
175.5 87.7468 0.0989967 2.24678 64.129
175.6 87.7968 0.0946479 2.19685 64.1334
175.7 87.8469 0.0903966 2.14692 64.1376
175.8 87.897 0.0862429 2.09699 64.1418
175.9 87.9471 0.0821867 2.04706 64.1458
176 87.9971 0.0782281 1.99713 64.1498
176.1 88.0472 0.0743671 1.94721 64.1536
176.2 88.0973 0.0706036 1.89728 64.1574
176.3 88.1473 0.0669378 1.84735 64.1611
176.4 88.1974 0.0633696 1.79742 64.1646
176.5 88.2475 0.0598991 1.74749 64.1681
176.6 88.2976 0.0565262 1.69756 64.1715
176.7 88.3476 0.0532509 1.64764 64.1747
176.8 88.3977 0.0500733 1.59771 64.1779
176.9 88.4478 0.0469934 1.54778 64.181
177 88.4978 0.0440111 1.49785 64.184
177.1 88.5479 0.0411266 1.44792 64.1869
177.2 88.598 0.0383397 1.39799 64.1897
177.3 88.6481 0.0356506 1.34807 64.1923
177.4 88.6981 0.0330591 1.29814 64.1949
177.5 88.7482 0.0305654 1.24821 64.1974
177.6 88.7983 0.0281694 1.19828 64.1998
177.7 88.8483 0.0258712 1.14835 64.2021
177.8 88.8984 0.0236707 1.09842 64.2043
177.9 88.9485 0.021568 1.04849 64.2064
178 88.9986 0.019563 0.998566 64.2084
178.1 89.0486 0.0176558 0.948638 64.2103
178.2 89.0987 0.0158463 0.89871 64.2122
178.3 89.1488 0.0141347 0.848781 64.2139
178.4 89.1989 0.0125208 0.798853 64.2155
178.5 89.2489 0.0110047 0.748925 64.217
178.6 89.299 0.00958636 0.698996 64.2184
178.7 89.3491 0.00826584 0.649068 64.2197
178.8 89.3991 0.00704313 0.59914 64.221
178.9 89.4492 0.00591822 0.549211 64.2221
179 89.4993 0.00489112 0.499283 64.2231
179.1 89.5494 0.00396182 0.449355 64.224
179.2 89.5994 0.00313034 0.399427 64.2249
179.3 89.6495 0.00239668 0.349498 64.2256
179.4 89.6996 0.00176083 0.29957 64.2262
179.5 89.7496 0.0012228 0.249642 64.2268
179.6 89.7997 0.000782596 0.199713 64.2272
179.7 89.8498 0.000440211 0.149785 64.2276
179.8 89.8999 0.000195649 0.0998566 64.2278
179.9 89.9499 4.89124e-05 0.0499283 64.228
180 179.374 0 3.50332e-15 64.228
