#kinematics calculation of gsgs
#vertex z = 300 mm, E_reaction = 52.594 MeV
#theta_cm, theta3_lab, Ek3_lab, theta4_lab, Ek4_lab
0 0 52.594 0 0
0.1 0.0499413 52.594 89.9499 4.00526e-05
0.2 0.0998825 52.5938 89.8999 0.00016021
0.3 0.149824 52.5936 89.8498 0.000360473
0.4 0.199765 52.5934 89.7998 0.000640839
0.5 0.249706 52.593 89.7497 0.00100131
0.6 0.299648 52.5926 89.6996 0.00144188
0.7 0.349589 52.592 89.6496 0.00196255
0.8 0.39953 52.5914 89.5995 0.00256333
0.9 0.449471 52.5908 89.5495 0.0032442
1 0.499413 52.59 89.4994 0.00400516
1.1 0.549354 52.5892 89.4494 0.00484622
1.2 0.599295 52.5882 89.3993 0.00576737
1.3 0.649237 52.5872 89.3492 0.0067686
1.4 0.699178 52.5862 89.2992 0.00784992
1.5 0.749119 52.585 89.2491 0.00901133
1.6 0.79906 52.5837 89.1991 0.0102528
1.7 0.849002 52.5824 89.149 0.0115744
1.8 0.898943 52.581 89.0989 0.012976
1.9 0.948884 52.5795 89.0489 0.0144577
2 0.998826 52.578 88.9988 0.0160194
2.1 1.04877 52.5763 88.9488 0.0176612
2.2 1.09871 52.5746 88.8987 0.0193831
2.3 1.14865 52.5728 88.8486 0.021185
2.4 1.19859 52.5709 88.7986 0.0230669
2.5 1.24853 52.569 88.7485 0.0250289
2.6 1.29847 52.5669 88.6985 0.0270709
2.7 1.34841 52.5648 88.6484 0.029193
2.8 1.39836 52.5626 88.5984 0.031395
2.9 1.4483 52.5603 88.5483 0.0336771
3 1.49824 52.558 88.4982 0.0360391
3.1 1.54818 52.5555 88.4482 0.0384812
3.2 1.59812 52.553 88.3981 0.0410032
3.3 1.64806 52.5504 88.3481 0.0436052
3.4 1.698 52.5477 88.298 0.0462872
3.5 1.74795 52.545 88.2479 0.0490492
3.6 1.79789 52.5421 88.1979 0.0518911
3.7 1.84783 52.5392 88.1478 0.054813
3.8 1.89777 52.5362 88.0978 0.0578148
3.9 1.94771 52.5331 88.0477 0.0608965
4 1.99765 52.5299 87.9977 0.0640582
4.1 2.04759 52.5267 87.9476 0.0672997
4.2 2.09754 52.5234 87.8975 0.0706212
4.3 2.14748 52.52 87.8475 0.0740225
4.4 2.19742 52.5165 87.7974 0.0775038
4.5 2.24736 52.5129 87.7474 0.0810649
4.6 2.2973 52.5093 87.6973 0.0847058
4.7 2.34724 52.5056 87.6472 0.0884266
4.8 2.39718 52.5018 87.5972 0.0922273
4.9 2.44713 52.4979 87.5471 0.0961077
5 2.49707 52.4939 87.4971 0.100068
5.1 2.54701 52.4899 87.447 0.104108
5.2 2.59695 52.4858 87.3969 0.108228
5.3 2.64689 52.4816 87.3469 0.112428
5.4 2.69683 52.4773 87.2968 0.116707
5.5 2.74677 52.4729 87.2468 0.121066
5.6 2.79672 52.4685 87.1967 0.125505
5.7 2.84666 52.464 87.1467 0.130024
5.8 2.8966 52.4594 87.0966 0.134622
5.9 2.94654 52.4547 87.0465 0.1393
6 2.99648 52.4499 86.9965 0.144058
6.1 3.04642 52.4451 86.9464 0.148895
6.2 3.09637 52.4402 86.8964 0.153812
6.3 3.14631 52.4352 86.8463 0.158809
6.4 3.19625 52.4301 86.7962 0.163885
6.5 3.24619 52.425 86.7462 0.169041
6.6 3.29613 52.4197 86.6961 0.174276
6.7 3.34607 52.4144 86.6461 0.179591
6.8 3.39602 52.409 86.596 0.184986
6.9 3.44596 52.4035 86.546 0.19046
7 3.4959 52.398 86.4959 0.196014
7.1 3.54584 52.3924 86.4458 0.201647
7.2 3.59578 52.3866 86.3958 0.20736
7.3 3.64572 52.3808 86.3457 0.213152
7.4 3.69567 52.375 86.2957 0.219023
7.5 3.74561 52.369 86.2456 0.224974
7.6 3.79555 52.363 86.1955 0.231005
7.7 3.84549 52.3569 86.1455 0.237115
7.8 3.89543 52.3507 86.0954 0.243304
7.9 3.94538 52.3444 86.0454 0.249573
8 3.99532 52.3381 85.9953 0.255921
8.1 4.04526 52.3317 85.9453 0.262348
8.2 4.0952 52.3251 85.8952 0.268854
8.3 4.14514 52.3186 85.8451 0.27544
8.4 4.19508 52.3119 85.7951 0.282105
8.5 4.24503 52.3052 85.745 0.28885
8.6 4.29497 52.2983 85.695 0.295673
8.7 4.34491 52.2914 85.6449 0.302576
8.8 4.39485 52.2844 85.5948 0.309558
8.9 4.44479 52.2774 85.5448 0.316619
9 4.49474 52.2702 85.4947 0.32376
9.1 4.54468 52.263 85.4447 0.330979
9.2 4.59462 52.2557 85.3946 0.338278
9.3 4.64456 52.2483 85.3446 0.345655
9.4 4.6945 52.2409 85.2945 0.353112
9.5 4.74445 52.2334 85.2444 0.360648
9.6 4.79439 52.2257 85.1944 0.368262
9.7 4.84433 52.218 85.1443 0.375956
9.8 4.89427 52.2103 85.0943 0.383728
9.9 4.94421 52.2024 85.0442 0.39158
10 4.99416 52.1945 84.9942 0.399511
10.1 5.0441 52.1865 84.9441 0.40752
10.2 5.09404 52.1784 84.894 0.415608
10.3 5.14398 52.1702 84.844 0.423775
10.4 5.19393 52.162 84.7939 0.432021
10.5 5.24387 52.1537 84.7439 0.440346
10.6 5.29381 52.1453 84.6938 0.448749
10.7 5.34375 52.1368 84.6437 0.457231
10.8 5.39369 52.1282 84.5937 0.465792
10.9 5.44364 52.1196 84.5436 0.474432
11 5.49358 52.1109 84.4936 0.48315
11.1 5.54352 52.1021 84.4435 0.491947
11.2 5.59346 52.0932 84.3935 0.500822
11.3 5.64341 52.0842 84.3434 0.509776
11.4 5.69335 52.0752 84.2933 0.518809
11.5 5.74329 52.0661 84.2433 0.52792
11.6 5.79323 52.0569 84.1932 0.53711
11.7 5.84318 52.0476 84.1432 0.546378
11.8 5.89312 52.0383 84.0931 0.555724
11.9 5.94306 52.0289 84.0431 0.565149
12 5.993 52.0193 83.993 0.574653
12.1 6.04295 52.0098 83.9429 0.584234
12.2 6.09289 52.0001 83.8929 0.593894
12.3 6.14283 51.9904 83.8428 0.603633
12.4 6.19277 51.9806 83.7928 0.613449
12.5 6.24272 51.9707 83.7427 0.623344
12.6 6.29266 51.9607 83.6927 0.633317
12.7 6.3426 51.9506 83.6426 0.643368
12.8 6.39255 51.9405 83.5925 0.653497
12.9 6.44249 51.9303 83.5425 0.663705
13 6.49243 51.92 83.4924 0.67399
13.1 6.54237 51.9096 83.4424 0.684354
13.2 6.59232 51.8992 83.3923 0.694796
13.3 6.64226 51.8887 83.3423 0.705315
13.4 6.6922 51.8781 83.2922 0.715913
13.5 6.74214 51.8674 83.2421 0.726588
13.6 6.79209 51.8567 83.1921 0.737342
13.7 6.84203 51.8458 83.142 0.748173
13.8 6.89197 51.8349 83.092 0.759082
13.9 6.94192 51.8239 83.0419 0.770069
14 6.99186 51.8129 82.9919 0.781133
14.1 7.0418 51.8017 82.9418 0.792276
14.2 7.09175 51.7905 82.8917 0.803496
14.3 7.14169 51.7792 82.8417 0.814793
14.4 7.19163 51.7678 82.7916 0.826169
14.5 7.24158 51.7564 82.7416 0.837622
14.6 7.29152 51.7448 82.6915 0.849152
14.7 7.34146 51.7332 82.6415 0.86076
14.8 7.3914 51.7216 82.5914 0.872445
14.9 7.44135 51.7098 82.5413 0.884208
15 7.49129 51.698 82.4913 0.896049
15.1 7.54123 51.686 82.4412 0.907966
15.2 7.59118 51.674 82.3912 0.919961
15.3 7.64112 51.662 82.3411 0.932034
15.4 7.69106 51.6498 82.2911 0.944183
15.5 7.74101 51.6376 82.241 0.95641
15.6 7.79095 51.6253 82.1909 0.968714
15.7 7.84089 51.6129 82.1409 0.981095
15.8 7.89084 51.6004 82.0908 0.993553
15.9 7.94078 51.5879 82.0408 1.00609
16 7.99073 51.5753 81.9907 1.0187
16.1 8.04067 51.5626 81.9407 1.03139
16.2 8.09061 51.5498 81.8906 1.04416
16.3 8.14056 51.537 81.8405 1.057
16.4 8.1905 51.5241 81.7905 1.06992
16.5 8.24044 51.5111 81.7404 1.08292
16.6 8.29039 51.498 81.6904 1.09599
16.7 8.34033 51.4849 81.6403 1.10914
16.8 8.39027 51.4716 81.5903 1.12237
16.9 8.44022 51.4583 81.5402 1.13567
17 8.49016 51.4449 81.4902 1.14905
17.1 8.54011 51.4315 81.4401 1.16251
17.2 8.59005 51.418 81.39 1.17604
17.3 8.63999 51.4043 81.34 1.18966
17.4 8.68994 51.3907 81.2899 1.20334
17.5 8.73988 51.3769 81.2399 1.21711
17.6 8.78983 51.3631 81.1898 1.23095
17.7 8.83977 51.3491 81.1398 1.24486
17.8 8.88971 51.3351 81.0897 1.25885
17.9 8.93966 51.3211 81.0396 1.27292
18 8.9896 51.3069 80.9896 1.28707
18.1 9.03955 51.2927 80.9395 1.30129
18.2 9.08949 51.2784 80.8895 1.31558
18.3 9.13943 51.264 80.8394 1.32996
18.4 9.18938 51.2496 80.7894 1.34441
18.5 9.23932 51.2351 80.7393 1.35893
18.6 9.28927 51.2205 80.6893 1.37353
18.7 9.33921 51.2058 80.6392 1.38821
18.8 9.38916 51.191 80.5891 1.40296
18.9 9.4391 51.1762 80.5391 1.41779
19 9.48904 51.1613 80.489 1.4327
19.1 9.53899 51.1463 80.439 1.44768
19.2 9.58893 51.1313 80.3889 1.46273
19.3 9.63888 51.1161 80.3389 1.47787
19.4 9.68882 51.1009 80.2888 1.49307
19.5 9.73877 51.0856 80.2388 1.50836
19.6 9.78871 51.0703 80.1887 1.52372
19.7 9.83866 51.0549 80.1386 1.53915
19.8 9.8886 51.0393 80.0886 1.55466
19.9 9.93855 51.0238 80.0385 1.57024
20 9.98849 51.0081 79.9885 1.5859
20.1 10.0384 50.9924 79.9384 1.60164
20.2 10.0884 50.9766 79.8884 1.61745
20.3 10.1383 50.9607 79.8383 1.63333
20.4 10.1883 50.9447 79.7883 1.6493
20.5 10.2382 50.9287 79.7382 1.66533
20.6 10.2882 50.9126 79.6881 1.68144
20.7 10.3381 50.8964 79.6381 1.69763
20.8 10.3881 50.8801 79.588 1.71389
20.9 10.438 50.8638 79.538 1.73022
21 10.4879 50.8474 79.4879 1.74664
21.1 10.5379 50.8309 79.4379 1.76312
21.2 10.5878 50.8143 79.3878 1.77968
21.3 10.6378 50.7977 79.3378 1.79632
21.4 10.6877 50.781 79.2877 1.81303
21.5 10.7377 50.7642 79.2377 1.82981
21.6 10.7876 50.7473 79.1876 1.84667
21.7 10.8376 50.7304 79.1375 1.8636
21.8 10.8875 50.7134 79.0875 1.88061
21.9 10.9374 50.6963 79.0374 1.89769
22 10.9874 50.6792 78.9874 1.91485
22.1 11.0373 50.6619 78.9373 1.93208
22.2 11.0873 50.6446 78.8873 1.94938
22.3 11.1372 50.6272 78.8372 1.96676
22.4 11.1872 50.6098 78.7872 1.98421
22.5 11.2371 50.5923 78.7371 2.00174
22.6 11.2871 50.5747 78.6871 2.01934
22.7 11.337 50.557 78.637 2.03702
22.8 11.387 50.5392 78.5869 2.05476
22.9 11.4369 50.5214 78.5369 2.07259
23 11.4869 50.5035 78.4868 2.09048
23.1 11.5368 50.4855 78.4368 2.10845
23.2 11.5867 50.4675 78.3867 2.1265
23.3 11.6367 50.4494 78.3367 2.14462
23.4 11.6866 50.4312 78.2866 2.16281
23.5 11.7366 50.4129 78.2366 2.18107
23.6 11.7865 50.3946 78.1865 2.19941
23.7 11.8365 50.3762 78.1365 2.21782
23.8 11.8864 50.3577 78.0864 2.23631
23.9 11.9364 50.3391 78.0364 2.25486
24 11.9863 50.3205 77.9863 2.2735
24.1 12.0363 50.3018 77.9362 2.2922
24.2 12.0862 50.283 77.8862 2.31098
24.3 12.1362 50.2642 77.8361 2.32983
24.4 12.1861 50.2452 77.7861 2.34875
24.5 12.236 50.2263 77.736 2.36775
24.6 12.286 50.2072 77.686 2.38682
24.7 12.3359 50.188 77.6359 2.40596
24.8 12.3859 50.1688 77.5859 2.42518
24.9 12.4358 50.1495 77.5358 2.44446
25 12.4858 50.1302 77.4858 2.46382
25.1 12.5357 50.1107 77.4357 2.48326
25.2 12.5857 50.0912 77.3857 2.50276
25.3 12.6356 50.0717 77.3356 2.52234
25.4 12.6856 50.052 77.2856 2.54199
25.5 12.7355 50.0323 77.2355 2.56171
25.6 12.7855 50.0125 77.1854 2.58151
25.7 12.8354 49.9926 77.1354 2.60138
25.8 12.8854 49.9727 77.0853 2.62132
25.9 12.9353 49.9527 77.0353 2.64133
26 12.9852 49.9326 76.9852 2.66141
26.1 13.0352 49.9124 76.9352 2.68157
26.2 13.0851 49.8922 76.8851 2.7018
26.3 13.1351 49.8719 76.8351 2.7221
26.4 13.185 49.8515 76.785 2.74247
26.5 13.235 49.8311 76.735 2.76291
26.6 13.2849 49.8106 76.6849 2.78343
26.7 13.3349 49.79 76.6349 2.80401
26.8 13.3848 49.7693 76.5848 2.82467
26.9 13.4348 49.7486 76.5348 2.8454
27 13.4847 49.7278 76.4847 2.8662
27.1 13.5347 49.7069 76.4347 2.88707
27.2 13.5846 49.686 76.3846 2.90802
27.3 13.6346 49.665 76.3346 2.92903
27.4 13.6845 49.6439 76.2845 2.95012
27.5 13.7345 49.6227 76.2344 2.97128
27.6 13.7844 49.6015 76.1844 2.9925
27.7 13.8344 49.5802 76.1343 3.0138
27.8 13.8843 49.5588 76.0843 3.03517
27.9 13.9343 49.5374 76.0342 3.05662
28 13.9842 49.5159 75.9842 3.07813
28.1 14.0342 49.4943 75.9341 3.09971
28.2 14.0841 49.4726 75.8841 3.12136
28.3 14.134 49.4509 75.834 3.14309
28.4 14.184 49.4291 75.784 3.16488
28.5 14.2339 49.4073 75.7339 3.18675
28.6 14.2839 49.3853 75.6839 3.20868
28.7 14.3338 49.3633 75.6338 3.23069
28.8 14.3838 49.3412 75.5838 3.25276
28.9 14.4337 49.3191 75.5337 3.27491
29 14.4837 49.2969 75.4837 3.29713
29.1 14.5336 49.2746 75.4336 3.31941
29.2 14.5836 49.2522 75.3836 3.34177
29.3 14.6335 49.2298 75.3335 3.36419
29.4 14.6835 49.2073 75.2835 3.38669
29.5 14.7334 49.1847 75.2334 3.40926
29.6 14.7834 49.1621 75.1834 3.43189
29.7 14.8333 49.1394 75.1333 3.4546
29.8 14.8833 49.1166 75.0833 3.47737
29.9 14.9332 49.0938 75.0332 3.50022
30 14.9832 49.0709 74.9832 3.52313
30.1 15.0331 49.0479 74.9331 3.54611
30.2 15.0831 49.0248 74.8831 3.56917
30.3 15.133 49.0017 74.833 3.59229
30.4 15.183 48.9785 74.783 3.61548
30.5 15.2329 48.9553 74.7329 3.63874
30.6 15.2829 48.9319 74.6829 3.66207
30.7 15.3328 48.9085 74.6328 3.68546
30.8 15.3828 48.8851 74.5828 3.70893
30.9 15.4327 48.8615 74.5327 3.73247
31 15.4827 48.8379 74.4827 3.75607
31.1 15.5326 48.8143 74.4326 3.77974
31.2 15.5826 48.7905 74.3826 3.80349
31.3 15.6325 48.7667 74.3325 3.8273
31.4 15.6825 48.7428 74.2824 3.85117
31.5 15.7324 48.7189 74.2324 3.87512
31.6 15.7824 48.6949 74.1823 3.89914
31.7 15.8323 48.6708 74.1323 3.92322
31.8 15.8823 48.6466 74.0822 3.94737
31.9 15.9322 48.6224 74.0322 3.97159
32 15.9822 48.5981 73.9821 3.99588
32.1 16.0321 48.5738 73.9321 4.02023
32.2 16.0821 48.5493 73.8821 4.04466
32.3 16.132 48.5249 73.832 4.06915
32.4 16.182 48.5003 73.782 4.09371
32.5 16.2319 48.4757 73.7319 4.11834
32.6 16.2819 48.451 73.6819 4.14303
32.7 16.3318 48.4262 73.6318 4.16779
32.8 16.3818 48.4014 73.5818 4.19262
32.9 16.4317 48.3765 73.5317 4.21752
33 16.4817 48.3515 73.4817 4.24248
33.1 16.5316 48.3265 73.4316 4.26751
33.2 16.5816 48.3014 73.3816 4.29261
33.3 16.6315 48.2762 73.3315 4.31777
33.4 16.6815 48.251 73.2815 4.34301
33.5 16.7314 48.2257 73.2314 4.3683
33.6 16.7814 48.2003 73.1814 4.39367
33.7 16.8313 48.1749 73.1313 4.4191
33.8 16.8813 48.1494 73.0813 4.4446
33.9 16.9312 48.1238 73.0312 4.47017
34 16.9812 48.0982 72.9812 4.4958
34.1 17.0311 48.0725 72.9311 4.5215
34.2 17.0811 48.0467 72.8811 4.54726
34.3 17.131 48.0209 72.831 4.57309
34.4 17.181 47.995 72.781 4.59899
34.5 17.2309 47.969 72.7309 4.62495
34.6 17.2809 47.943 72.6809 4.65098
34.7 17.3308 47.9169 72.6308 4.67708
34.8 17.3808 47.8908 72.5808 4.70324
34.9 17.4307 47.8645 72.5307 4.72947
35 17.4807 47.8382 72.4807 4.75576
35.1 17.5307 47.8119 72.4306 4.78212
35.2 17.5806 47.7855 72.3806 4.80854
35.3 17.6306 47.759 72.3305 4.83503
35.4 17.6805 47.7324 72.2805 4.86158
35.5 17.7305 47.7058 72.2304 4.8882
35.6 17.7804 47.6791 72.1804 4.91489
35.7 17.8304 47.6524 72.1303 4.94164
35.8 17.8803 47.6255 72.0803 4.96845
35.9 17.9303 47.5987 72.0302 4.99533
36 17.9802 47.5717 71.9802 5.02228
36.1 18.0302 47.5447 71.9302 5.04929
36.2 18.0801 47.5176 71.8801 5.07636
36.3 18.1301 47.4905 71.8301 5.1035
36.4 18.18 47.4633 71.78 5.13071
36.5 18.23 47.436 71.73 5.15798
36.6 18.2799 47.4087 71.6799 5.18531
36.7 18.3299 47.3813 71.6299 5.21271
36.8 18.3798 47.3538 71.5798 5.24017
36.9 18.4298 47.3263 71.5298 5.26769
37 18.4797 47.2987 71.4797 5.29528
37.1 18.5297 47.2711 71.4297 5.32294
37.2 18.5797 47.2433 71.3796 5.35065
37.3 18.6296 47.2156 71.3296 5.37843
37.4 18.6796 47.1877 71.2795 5.40628
37.5 18.7295 47.1598 71.2295 5.43419
37.6 18.7795 47.1318 71.1794 5.46216
37.7 18.8294 47.1038 71.1294 5.49019
37.8 18.8794 47.0757 71.0794 5.51829
37.9 18.9293 47.0475 71.0293 5.54646
38 18.9793 47.0193 70.9793 5.57468
38.1 19.0292 46.991 70.9292 5.60297
38.2 19.0792 46.9627 70.8792 5.63132
38.3 19.1291 46.9343 70.8291 5.65974
38.4 19.1791 46.9058 70.7791 5.68821
38.5 19.2291 46.8772 70.729 5.71675
38.6 19.279 46.8486 70.679 5.74536
38.7 19.329 46.82 70.6289 5.77402
38.8 19.3789 46.7913 70.5789 5.80275
38.9 19.4289 46.7625 70.5288 5.83154
39 19.4788 46.7336 70.4788 5.86039
39.1 19.5288 46.7047 70.4288 5.88931
39.2 19.5787 46.6757 70.3787 5.91828
39.3 19.6287 46.6467 70.3287 5.94732
39.4 19.6786 46.6176 70.2786 5.97643
39.5 19.7286 46.5884 70.2286 6.00559
39.6 19.7785 46.5592 70.1785 6.03481
39.7 19.8285 46.5299 70.1285 6.0641
39.8 19.8785 46.5006 70.0784 6.09345
39.9 19.9284 46.4711 70.0284 6.12286
40 19.9784 46.4417 69.9783 6.15233
40.1 20.0283 46.4121 69.9283 6.18186
40.2 20.0783 46.3825 69.8783 6.21146
40.3 20.1282 46.3529 69.8282 6.24111
40.4 20.1782 46.3232 69.7782 6.27083
40.5 20.2281 46.2934 69.7281 6.3006
40.6 20.2781 46.2636 69.6781 6.33044
40.7 20.3281 46.2337 69.628 6.36034
40.8 20.378 46.2037 69.578 6.3903
40.9 20.428 46.1737 69.5279 6.42032
41 20.4779 46.1436 69.4779 6.4504
41.1 20.5279 46.1135 69.4279 6.48054
41.2 20.5778 46.0833 69.3778 6.51075
41.3 20.6278 46.053 69.3278 6.54101
41.4 20.6777 46.0227 69.2777 6.57133
41.5 20.7277 45.9923 69.2277 6.60171
41.6 20.7777 45.9618 69.1776 6.63215
41.7 20.8276 45.9313 69.1276 6.66266
41.8 20.8776 45.9008 69.0775 6.69322
41.9 20.9275 45.8702 69.0275 6.72384
42 20.9775 45.8395 68.9775 6.75452
42.1 21.0274 45.8087 68.9274 6.78526
42.2 21.0774 45.7779 68.8774 6.81606
42.3 21.1274 45.7471 68.8273 6.84692
42.4 21.1773 45.7162 68.7773 6.87784
42.5 21.2273 45.6852 68.7272 6.90882
42.6 21.2772 45.6541 68.6772 6.93985
42.7 21.3272 45.623 68.6272 6.97095
42.8 21.3771 45.5919 68.5771 7.00211
42.9 21.4271 45.5607 68.5271 7.03332
43 21.477 45.5294 68.477 7.06459
43.1 21.527 45.4981 68.427 7.09592
43.2 21.577 45.4667 68.3769 7.12731
43.3 21.6269 45.4352 68.3269 7.15876
43.4 21.6769 45.4037 68.2769 7.19027
43.5 21.7268 45.3722 68.2268 7.22183
43.6 21.7768 45.3405 68.1768 7.25345
43.7 21.8267 45.3089 68.1267 7.28513
43.8 21.8767 45.2771 68.0767 7.31687
43.9 21.9267 45.2453 68.0266 7.34867
44 21.9766 45.2135 67.9766 7.38052
44.1 22.0266 45.1816 67.9266 7.41243
44.2 22.0765 45.1496 67.8765 7.4444
44.3 22.1265 45.1176 67.8265 7.47643
44.4 22.1765 45.0855 67.7764 7.50851
44.5 22.2264 45.0533 67.7264 7.54065
44.6 22.2764 45.0211 67.6764 7.57285
44.7 22.3263 44.9889 67.6263 7.60511
44.8 22.3763 44.9566 67.5763 7.63742
44.9 22.4262 44.9242 67.5262 7.66979
45 22.4762 44.8918 67.4762 7.70221
45.1 22.5262 44.8593 67.4261 7.7347
45.2 22.5761 44.8268 67.3761 7.76723
45.3 22.6261 44.7942 67.3261 7.79983
45.4 22.676 44.7615 67.276 7.83248
45.5 22.726 44.7288 67.226 7.86519
45.6 22.776 44.696 67.1759 7.89795
45.7 22.8259 44.6632 67.1259 7.93077
45.8 22.8759 44.6304 67.0759 7.96365
45.9 22.9258 44.5974 67.0258 7.99658
46 22.9758 44.5644 66.9758 8.02957
46.1 23.0258 44.5314 66.9257 8.06261
46.2 23.0757 44.4983 66.8757 8.09571
46.3 23.1257 44.4651 66.8256 8.12887
46.4 23.1756 44.4319 66.7756 8.16207
46.5 23.2256 44.3987 66.7256 8.19534
46.6 23.2755 44.3653 66.6755 8.22866
46.7 23.3255 44.332 66.6255 8.26203
46.8 23.3755 44.2985 66.5754 8.29546
46.9 23.4254 44.2651 66.5254 8.32895
47 23.4754 44.2315 66.4754 8.36249
47.1 23.5253 44.1979 66.4253 8.39608
47.2 23.5753 44.1643 66.3753 8.42973
47.3 23.6253 44.1306 66.3252 8.46344
47.4 23.6752 44.0968 66.2752 8.49719
47.5 23.7252 44.063 66.2252 8.531
47.6 23.7751 44.0291 66.1751 8.56487
47.7 23.8251 43.9952 66.1251 8.59879
47.8 23.8751 43.9612 66.075 8.63276
47.9 23.925 43.9272 66.025 8.66679
48 23.975 43.8931 65.975 8.70087
48.1 24.025 43.859 65.9249 8.73501
48.2 24.0749 43.8248 65.8749 8.7692
48.3 24.1249 43.7906 65.8249 8.80344
48.4 24.1748 43.7563 65.7748 8.83773
48.5 24.2248 43.7219 65.7248 8.87208
48.6 24.2748 43.6875 65.6747 8.90648
48.7 24.3247 43.6531 65.6247 8.94094
48.8 24.3747 43.6186 65.5747 8.97544
48.9 24.4246 43.584 65.5246 9.01
49 24.4746 43.5494 65.4746 9.04462
49.1 24.5246 43.5147 65.4245 9.07928
49.2 24.5745 43.48 65.3745 9.114
49.3 24.6245 43.4452 65.3245 9.14877
49.4 24.6744 43.4104 65.2744 9.18359
49.5 24.7244 43.3755 65.2244 9.21846
49.6 24.7744 43.3406 65.1744 9.25339
49.7 24.8243 43.3056 65.1243 9.28837
49.8 24.8743 43.2706 65.0743 9.3234
49.9 24.9243 43.2355 65.0242 9.35848
50 24.9742 43.2004 64.9742 9.39361
50.1 25.0242 43.1652 64.9242 9.4288
50.2 25.0741 43.13 64.8741 9.46404
50.3 25.1241 43.0947 64.8241 9.49932
50.4 25.1741 43.0593 64.774 9.53466
50.5 25.224 43.0239 64.724 9.57005
50.6 25.274 42.9885 64.674 9.60549
50.7 25.324 42.953 64.6239 9.64098
50.8 25.3739 42.9175 64.5739 9.67653
50.9 25.4239 42.8819 64.5239 9.71212
51 25.4738 42.8462 64.4738 9.74776
51.1 25.5238 42.8105 64.4238 9.78346
51.2 25.5738 42.7748 64.3738 9.8192
51.3 25.6237 42.739 64.3237 9.85499
51.4 25.6737 42.7032 64.2737 9.89084
51.5 25.7237 42.6673 64.2236 9.92673
51.6 25.7736 42.6313 64.1736 9.96268
51.7 25.8236 42.5953 64.1236 9.99867
51.8 25.8736 42.5593 64.0735 10.0347
51.9 25.9235 42.5232 64.0235 10.0708
52 25.9735 42.487 63.9735 10.107
52.1 26.0234 42.4509 63.9234 10.1431
52.2 26.0734 42.4146 63.8734 10.1794
52.3 26.1234 42.3783 63.8234 10.2157
52.4 26.1733 42.342 63.7733 10.252
52.5 26.2233 42.3056 63.7233 10.2884
52.6 26.2733 42.2692 63.6732 10.3248
52.7 26.3232 42.2327 63.6232 10.3613
52.8 26.3732 42.1961 63.5732 10.3979
52.9 26.4232 42.1596 63.5231 10.4344
53 26.4731 42.1229 63.4731 10.4711
53.1 26.5231 42.0863 63.4231 10.5077
53.2 26.5731 42.0495 63.373 10.5445
53.3 26.623 42.0127 63.323 10.5813
53.4 26.673 41.9759 63.273 10.6181
53.5 26.7229 41.9391 63.2229 10.6549
53.6 26.7729 41.9021 63.1729 10.6919
53.7 26.8229 41.8652 63.1229 10.7288
53.8 26.8728 41.8282 63.0728 10.7658
53.9 26.9228 41.7911 63.0228 10.8029
54 26.9728 41.754 62.9728 10.84
54.1 27.0227 41.7168 62.9227 10.8772
54.2 27.0727 41.6796 62.8727 10.9144
54.3 27.1227 41.6424 62.8226 10.9516
54.4 27.1726 41.6051 62.7726 10.9889
54.5 27.2226 41.5677 62.7226 11.0263
54.6 27.2726 41.5304 62.6725 11.0636
54.7 27.3225 41.4929 62.6225 11.1011
54.8 27.3725 41.4554 62.5725 11.1386
54.9 27.4225 41.4179 62.5224 11.1761
55 27.4724 41.3803 62.4724 11.2137
55.1 27.5224 41.3427 62.4224 11.2513
55.2 27.5724 41.3051 62.3723 11.2889
55.3 27.6223 41.2673 62.3223 11.3267
55.4 27.6723 41.2296 62.2723 11.3644
55.5 27.7223 41.1918 62.2222 11.4022
55.6 27.7722 41.1539 62.1722 11.4401
55.7 27.8222 41.116 62.1222 11.478
55.8 27.8722 41.0781 62.0721 11.5159
55.9 27.9221 41.0401 62.0221 11.5539
56 27.9721 41.0021 61.9721 11.5919
56.1 28.0221 40.964 61.922 11.63
56.2 28.072 40.9259 61.872 11.6681
56.3 28.122 40.8877 61.822 11.7063
56.4 28.172 40.8495 61.7719 11.7445
56.5 28.2219 40.8113 61.7219 11.7827
56.6 28.2719 40.773 61.6719 11.821
56.7 28.3219 40.7347 61.6219 11.8593
56.8 28.3718 40.6963 61.5718 11.8977
56.9 28.4218 40.6578 61.5218 11.9362
57 28.4718 40.6194 61.4718 11.9746
57.1 28.5217 40.5809 61.4217 12.0131
57.2 28.5717 40.5423 61.3717 12.0517
57.3 28.6217 40.5037 61.3217 12.0903
57.4 28.6716 40.4651 61.2716 12.1289
57.5 28.7216 40.4264 61.2216 12.1676
57.6 28.7716 40.3876 61.1716 12.2064
57.7 28.8216 40.3489 61.1215 12.2451
57.8 28.8715 40.31 61.0715 12.284
57.9 28.9215 40.2712 61.0215 12.3228
58 28.9715 40.2323 60.9714 12.3617
58.1 29.0214 40.1933 60.9214 12.4007
58.2 29.0714 40.1544 60.8714 12.4396
58.3 29.1214 40.1153 60.8213 12.4787
58.4 29.1713 40.0763 60.7713 12.5177
58.5 29.2213 40.0371 60.7213 12.5569
58.6 29.2713 39.998 60.6713 12.596
58.7 29.3212 39.9588 60.6212 12.6352
58.8 29.3712 39.9196 60.5712 12.6744
58.9 29.4212 39.8803 60.5212 12.7137
59 29.4711 39.841 60.4711 12.753
59.1 29.5211 39.8016 60.4211 12.7924
59.2 29.5711 39.7622 60.3711 12.8318
59.3 29.6211 39.7227 60.321 12.8713
59.4 29.671 39.6833 60.271 12.9107
59.5 29.721 39.6437 60.221 12.9503
59.6 29.771 39.6042 60.171 12.9898
59.7 29.8209 39.5646 60.1209 13.0294
59.8 29.8709 39.5249 60.0709 13.0691
59.9 29.9209 39.4852 60.0209 13.1088
60 29.9709 39.4455 59.9708 13.1485
60.1 30.0208 39.4057 59.9208 13.1883
60.2 30.0708 39.3659 59.8708 13.2281
60.3 30.1208 39.3261 59.8207 13.2679
60.4 30.1707 39.2862 59.7707 13.3078
60.5 30.2207 39.2463 59.7207 13.3477
60.6 30.2707 39.2063 59.6707 13.3877
60.7 30.3206 39.1663 59.6206 13.4277
60.8 30.3706 39.1262 59.5706 13.4678
60.9 30.4206 39.0862 59.5206 13.5078
61 30.4706 39.046 59.4705 13.548
61.1 30.5205 39.0059 59.4205 13.5881
61.2 30.5705 38.9657 59.3705 13.6283
61.3 30.6205 38.9254 59.3205 13.6686
61.4 30.6704 38.8852 59.2704 13.7088
61.5 30.7204 38.8448 59.2204 13.7492
61.6 30.7704 38.8045 59.1704 13.7895
61.7 30.8204 38.7641 59.1203 13.8299
61.8 30.8703 38.7237 59.0703 13.8703
61.9 30.9203 38.6832 59.0203 13.9108
62 30.9703 38.6427 58.9703 13.9513
62.1 31.0203 38.6022 58.9202 13.9918
62.2 31.0702 38.5616 58.8702 14.0324
62.3 31.1202 38.521 58.8202 14.073
62.4 31.1702 38.4803 58.7702 14.1137
62.5 31.2201 38.4396 58.7201 14.1544
62.6 31.2701 38.3989 58.6701 14.1951
62.7 31.3201 38.3581 58.6201 14.2359
62.8 31.3701 38.3173 58.57 14.2767
62.9 31.42 38.2765 58.52 14.3175
63 31.47 38.2356 58.47 14.3584
63.1 31.52 38.1947 58.42 14.3993
63.2 31.57 38.1537 58.3699 14.4403
63.3 31.6199 38.1127 58.3199 14.4813
63.4 31.6699 38.0717 58.2699 14.5223
63.5 31.7199 38.0307 58.2199 14.5633
63.6 31.7699 37.9896 58.1698 14.6044
63.7 31.8198 37.9484 58.1198 14.6456
63.8 31.8698 37.9073 58.0698 14.6867
63.9 31.9198 37.8661 58.0198 14.7279
64 31.9697 37.8248 57.9697 14.7692
64.1 32.0197 37.7836 57.9197 14.8104
64.2 32.0697 37.7423 57.8697 14.8517
64.3 32.1197 37.7009 57.8197 14.8931
64.4 32.1696 37.6596 57.7696 14.9344
64.5 32.2196 37.6182 57.7196 14.9758
64.6 32.2696 37.5767 57.6696 15.0173
64.7 32.3196 37.5352 57.6196 15.0588
64.8 32.3695 37.4937 57.5695 15.1003
64.9 32.4195 37.4522 57.5195 15.1418
65 32.4695 37.4106 57.4695 15.1834
65.1 32.5195 37.369 57.4195 15.225
65.2 32.5694 37.3273 57.3694 15.2667
65.3 32.6194 37.2857 57.3194 15.3083
65.4 32.6694 37.2439 57.2694 15.3501
65.5 32.7194 37.2022 57.2194 15.3918
65.6 32.7693 37.1604 57.1693 15.4336
65.7 32.8193 37.1186 57.1193 15.4754
65.8 32.8693 37.0767 57.0693 15.5173
65.9 32.9193 37.0349 57.0193 15.5591
66 32.9693 36.993 56.9692 15.601
66.1 33.0192 36.951 56.9192 15.643
66.2 33.0692 36.909 56.8692 15.685
66.3 33.1192 36.867 56.8192 15.727
66.4 33.1692 36.825 56.7691 15.769
66.5 33.2191 36.7829 56.7191 15.8111
66.6 33.2691 36.7408 56.6691 15.8532
66.7 33.3191 36.6987 56.6191 15.8953
66.8 33.3691 36.6565 56.569 15.9375
66.9 33.419 36.6143 56.519 15.9797
67 33.469 36.5721 56.469 16.0219
67.1 33.519 36.5298 56.419 16.0642
67.2 33.569 36.4875 56.369 16.1065
67.3 33.6189 36.4452 56.3189 16.1488
67.4 33.6689 36.4028 56.2689 16.1912
67.5 33.7189 36.3604 56.2189 16.2336
67.6 33.7689 36.318 56.1689 16.276
67.7 33.8189 36.2756 56.1188 16.3184
67.8 33.8688 36.2331 56.0688 16.3609
67.9 33.9188 36.1906 56.0188 16.4034
68 33.9688 36.148 55.9688 16.446
68.1 34.0188 36.1055 55.9188 16.4885
68.2 34.0687 36.0629 55.8687 16.5311
68.3 34.1187 36.0202 55.8187 16.5738
68.4 34.1687 35.9776 55.7687 16.6164
68.5 34.2187 35.9349 55.7187 16.6591
68.6 34.2687 35.8922 55.6686 16.7018
68.7 34.3186 35.8494 55.6186 16.7446
68.8 34.3686 35.8066 55.5686 16.7874
68.9 34.4186 35.7638 55.5186 16.8302
69 34.4686 35.721 55.4686 16.873
69.1 34.5186 35.6781 55.4185 16.9159
69.2 34.5685 35.6352 55.3685 16.9588
69.3 34.6185 35.5923 55.3185 17.0017
69.4 34.6685 35.5494 55.2685 17.0446
69.5 34.7185 35.5064 55.2185 17.0876
69.6 34.7685 35.4634 55.1684 17.1306
69.7 34.8184 35.4204 55.1184 17.1736
69.8 34.8684 35.3773 55.0684 17.2167
69.9 34.9184 35.3342 55.0184 17.2598
70 34.9684 35.2911 54.9684 17.3029
70.1 35.0183 35.248 54.9183 17.346
70.2 35.0683 35.2048 54.8683 17.3892
70.3 35.1183 35.1616 54.8183 17.4324
70.4 35.1683 35.1184 54.7683 17.4756
70.5 35.2183 35.0751 54.7183 17.5189
70.6 35.2682 35.0318 54.6682 17.5622
70.7 35.3182 34.9885 54.6182 17.6055
70.8 35.3682 34.9452 54.5682 17.6488
70.9 35.4182 34.9018 54.5182 17.6922
71 35.4682 34.8585 54.4682 17.7355
71.1 35.5182 34.8151 54.4181 17.7789
71.2 35.5681 34.7716 54.3681 17.8224
71.3 35.6181 34.7282 54.3181 17.8658
71.4 35.6681 34.6847 54.2681 17.9093
71.5 35.7181 34.6412 54.2181 17.9528
71.6 35.7681 34.5976 54.168 17.9964
71.7 35.818 34.5541 54.118 18.0399
71.8 35.868 34.5105 54.068 18.0835
71.9 35.918 34.4669 54.018 18.1271
72 35.968 34.4232 53.968 18.1708
72.1 36.018 34.3796 53.918 18.2144
72.2 36.0679 34.3359 53.8679 18.2581
72.3 36.1179 34.2922 53.8179 18.3018
72.4 36.1679 34.2484 53.7679 18.3456
72.5 36.2179 34.2047 53.7179 18.3893
72.6 36.2679 34.1609 53.6679 18.4331
72.7 36.3179 34.1171 53.6178 18.4769
72.8 36.3678 34.0732 53.5678 18.5208
72.9 36.4178 34.0294 53.5178 18.5646
73 36.4678 33.9855 53.4678 18.6085
73.1 36.5178 33.9416 53.4178 18.6524
73.2 36.5678 33.8977 53.3678 18.6963
73.3 36.6178 33.8537 53.3177 18.7403
73.4 36.6677 33.8097 53.2677 18.7843
73.5 36.7177 33.7658 53.2177 18.8282
73.6 36.7677 33.7217 53.1677 18.8723
73.7 36.8177 33.6777 53.1177 18.9163
73.8 36.8677 33.6336 53.0677 18.9604
73.9 36.9177 33.5895 53.0176 19.0045
74 36.9676 33.5454 52.9676 19.0486
74.1 37.0176 33.5013 52.9176 19.0927
74.2 37.0676 33.4572 52.8676 19.1368
74.3 37.1176 33.413 52.8176 19.181
74.4 37.1676 33.3688 52.7676 19.2252
74.5 37.2176 33.3246 52.7176 19.2694
74.6 37.2675 33.2803 52.6675 19.3137
74.7 37.3175 33.2361 52.6175 19.3579
74.8 37.3675 33.1918 52.5675 19.4022
74.9 37.4175 33.1475 52.5175 19.4465
75 37.4675 33.1032 52.4675 19.4908
75.1 37.5175 33.0588 52.4175 19.5352
75.2 37.5675 33.0145 52.3674 19.5795
75.3 37.6174 32.9701 52.3174 19.6239
75.4 37.6674 32.9257 52.2674 19.6683
75.5 37.7174 32.8812 52.2174 19.7128
75.6 37.7674 32.8368 52.1674 19.7572
75.7 37.8174 32.7923 52.1174 19.8017
75.8 37.8674 32.7478 52.0674 19.8462
75.9 37.9174 32.7033 52.0173 19.8907
76 37.9673 32.6588 51.9673 19.9352
76.1 38.0173 32.6143 51.9173 19.9797
76.2 38.0673 32.5697 51.8673 20.0243
76.3 38.1173 32.5251 51.8173 20.0689
76.4 38.1673 32.4805 51.7673 20.1135
76.5 38.2173 32.4359 51.7173 20.1581
76.6 38.2673 32.3913 51.6672 20.2027
76.7 38.3172 32.3466 51.6172 20.2474
76.8 38.3672 32.3019 51.5672 20.2921
76.9 38.4172 32.2572 51.5172 20.3368
77 38.4672 32.2125 51.4672 20.3815
77.1 38.5172 32.1678 51.4172 20.4262
77.2 38.5672 32.1231 51.3672 20.4709
77.3 38.6172 32.0783 51.3172 20.5157
77.4 38.6671 32.0335 51.2671 20.5605
77.5 38.7171 31.9887 51.2171 20.6053
77.6 38.7671 31.9439 51.1671 20.6501
77.7 38.8171 31.8991 51.1171 20.6949
77.8 38.8671 31.8542 51.0671 20.7398
77.9 38.9171 31.8093 51.0171 20.7847
78 38.9671 31.7645 50.9671 20.8295
78.1 39.0171 31.7196 50.9171 20.8744
78.2 39.067 31.6746 50.867 20.9194
78.3 39.117 31.6297 50.817 20.9643
78.4 39.167 31.5847 50.767 21.0093
78.5 39.217 31.5398 50.717 21.0542
78.6 39.267 31.4948 50.667 21.0992
78.7 39.317 31.4498 50.617 21.1442
78.8 39.367 31.4048 50.567 21.1892
78.9 39.417 31.3598 50.517 21.2342
79 39.467 31.3147 50.4669 21.2793
79.1 39.5169 31.2696 50.4169 21.3244
79.2 39.5669 31.2246 50.3669 21.3694
79.3 39.6169 31.1795 50.3169 21.4145
79.4 39.6669 31.1344 50.2669 21.4596
79.5 39.7169 31.0892 50.2169 21.5048
79.6 39.7669 31.0441 50.1669 21.5499
79.7 39.8169 30.999 50.1169 21.595
79.8 39.8669 30.9538 50.0669 21.6402
79.9 39.9169 30.9086 50.0169 21.6854
80 39.9668 30.8634 49.9668 21.7306
80.1 40.0168 30.8182 49.9168 21.7758
80.2 40.0668 30.773 49.8668 21.821
80.3 40.1168 30.7278 49.8168 21.8662
80.4 40.1668 30.6825 49.7668 21.9115
80.5 40.2168 30.6373 49.7168 21.9567
80.6 40.2668 30.592 49.6668 22.002
80.7 40.3168 30.5467 49.6168 22.0473
80.8 40.3668 30.5014 49.5668 22.0926
80.9 40.4168 30.4561 49.5168 22.1379
81 40.4667 30.4108 49.4667 22.1832
81.1 40.5167 30.3654 49.4167 22.2286
81.2 40.5667 30.3201 49.3667 22.2739
81.3 40.6167 30.2747 49.3167 22.3193
81.4 40.6667 30.2293 49.2667 22.3647
81.5 40.7167 30.1839 49.2167 22.4101
81.6 40.7667 30.1385 49.1667 22.4555
81.7 40.8167 30.0931 49.1167 22.5009
81.8 40.8667 30.0477 49.0667 22.5463
81.9 40.9167 30.0023 49.0167 22.5917
82 40.9667 29.9568 48.9667 22.6372
82.1 41.0167 29.9114 48.9166 22.6826
82.2 41.0666 29.8659 48.8666 22.7281
82.3 41.1166 29.8204 48.8166 22.7736
82.4 41.1666 29.7749 48.7666 22.8191
82.5 41.2166 29.7294 48.7166 22.8646
82.6 41.2666 29.6839 48.6666 22.9101
82.7 41.3166 29.6384 48.6166 22.9556
82.8 41.3666 29.5929 48.5666 23.0011
82.9 41.4166 29.5473 48.5166 23.0467
83 41.4666 29.5018 48.4666 23.0922
83.1 41.5166 29.4562 48.4166 23.1378
83.2 41.5666 29.4107 48.3666 23.1833
83.3 41.6166 29.3651 48.3166 23.2289
83.4 41.6666 29.3195 48.2666 23.2745
83.5 41.7166 29.2739 48.2165 23.3201
83.6 41.7665 29.2283 48.1665 23.3657
83.7 41.8165 29.1827 48.1165 23.4113
83.8 41.8665 29.1371 48.0665 23.4569
83.9 41.9165 29.0914 48.0165 23.5026
84 41.9665 29.0458 47.9665 23.5482
84.1 42.0165 29.0001 47.9165 23.5939
84.2 42.0665 28.9545 47.8665 23.6395
84.3 42.1165 28.9088 47.8165 23.6852
84.4 42.1665 28.8631 47.7665 23.7309
84.5 42.2165 28.8175 47.7165 23.7765
84.6 42.2665 28.7718 47.6665 23.8222
84.7 42.3165 28.7261 47.6165 23.8679
84.8 42.3665 28.6804 47.5665 23.9136
84.9 42.4165 28.6347 47.5165 23.9593
85 42.4665 28.5889 47.4665 24.0051
85.1 42.5165 28.5432 47.4165 24.0508
85.2 42.5665 28.4975 47.3664 24.0965
85.3 42.6164 28.4517 47.3164 24.1423
85.4 42.6664 28.406 47.2664 24.188
85.5 42.7164 28.3602 47.2164 24.2338
85.6 42.7664 28.3145 47.1664 24.2795
85.7 42.8164 28.2687 47.1164 24.3253
85.8 42.8664 28.2229 47.0664 24.3711
85.9 42.9164 28.1772 47.0164 24.4168
86 42.9664 28.1314 46.9664 24.4626
86.1 43.0164 28.0856 46.9164 24.5084
86.2 43.0664 28.0398 46.8664 24.5542
86.3 43.1164 27.994 46.8164 24.6
86.4 43.1664 27.9482 46.7664 24.6458
86.5 43.2164 27.9024 46.7164 24.6916
86.6 43.2664 27.8566 46.6664 24.7374
86.7 43.3164 27.8108 46.6164 24.7832
86.8 43.3664 27.7649 46.5664 24.8291
86.9 43.4164 27.7191 46.5164 24.8749
87 43.4664 27.6733 46.4664 24.9207
87.1 43.5164 27.6274 46.4164 24.9666
87.2 43.5664 27.5816 46.3664 25.0124
87.3 43.6164 27.5358 46.3164 25.0582
87.4 43.6664 27.4899 46.2664 25.1041
87.5 43.7164 27.4441 46.2164 25.1499
87.6 43.7664 27.3982 46.1664 25.1958
87.7 43.8164 27.3523 46.1164 25.2417
87.8 43.8664 27.3065 46.0664 25.2875
87.9 43.9164 27.2606 46.0164 25.3334
88 43.9664 27.2148 45.9664 25.3792
88.1 44.0164 27.1689 45.9163 25.4251
88.2 44.0663 27.123 45.8663 25.471
88.3 44.1163 27.0771 45.8163 25.5169
88.4 44.1663 27.0313 45.7663 25.5627
88.5 44.2163 26.9854 45.7163 25.6086
88.6 44.2663 26.9395 45.6663 25.6545
88.7 44.3163 26.8936 45.6163 25.7004
88.8 44.3663 26.8477 45.5663 25.7463
88.9 44.4163 26.8018 45.5163 25.7922
89 44.4663 26.7559 45.4663 25.8381
89.1 44.5163 26.7101 45.4163 25.8839
89.2 44.5663 26.6642 45.3663 25.9298
89.3 44.6163 26.6183 45.3163 25.9757
89.4 44.6663 26.5724 45.2663 26.0216
89.5 44.7163 26.5265 45.2163 26.0675
89.6 44.7663 26.4806 45.1663 26.1134
89.7 44.8163 26.4347 45.1163 26.1593
89.8 44.8663 26.3888 45.0663 26.2052
89.9 44.9163 26.3429 45.0163 26.2511
90 44.9663 26.297 44.9663 26.297
90.1 45.0163 26.2511 44.9163 26.3429
90.2 45.0663 26.2052 44.8663 26.3888
90.3 45.1163 26.1593 44.8163 26.4347
90.4 45.1663 26.1134 44.7663 26.4806
90.5 45.2163 26.0675 44.7163 26.5265
90.6 45.2663 26.0216 44.6663 26.5724
90.7 45.3163 25.9757 44.6163 26.6183
90.8 45.3663 25.9298 44.5663 26.6642
90.9 45.4163 25.8839 44.5163 26.7101
91 45.4663 25.8381 44.4663 26.7559
91.1 45.5163 25.7922 44.4163 26.8018
91.2 45.5663 25.7463 44.3663 26.8477
91.3 45.6163 25.7004 44.3163 26.8936
91.4 45.6663 25.6545 44.2663 26.9395
91.5 45.7163 25.6086 44.2163 26.9854
91.6 45.7663 25.5627 44.1663 27.0313
91.7 45.8163 25.5169 44.1163 27.0771
91.8 45.8663 25.471 44.0663 27.123
91.9 45.9163 25.4251 44.0164 27.1689
92 45.9664 25.3792 43.9664 27.2148
92.1 46.0164 25.3334 43.9164 27.2606
92.2 46.0664 25.2875 43.8664 27.3065
92.3 46.1164 25.2417 43.8164 27.3523
92.4 46.1664 25.1958 43.7664 27.3982
92.5 46.2164 25.1499 43.7164 27.4441
92.6 46.2664 25.1041 43.6664 27.4899
92.7 46.3164 25.0582 43.6164 27.5358
92.8 46.3664 25.0124 43.5664 27.5816
92.9 46.4164 24.9666 43.5164 27.6274
93 46.4664 24.9207 43.4664 27.6733
93.1 46.5164 24.8749 43.4164 27.7191
93.2 46.5664 24.8291 43.3664 27.7649
93.3 46.6164 24.7832 43.3164 27.8108
93.4 46.6664 24.7374 43.2664 27.8566
93.5 46.7164 24.6916 43.2164 27.9024
93.6 46.7664 24.6458 43.1664 27.9482
93.7 46.8164 24.6 43.1164 27.994
93.8 46.8664 24.5542 43.0664 28.0398
93.9 46.9164 24.5084 43.0164 28.0856
94 46.9664 24.4626 42.9664 28.1314
94.1 47.0164 24.4168 42.9164 28.1772
94.2 47.0664 24.3711 42.8664 28.2229
94.3 47.1164 24.3253 42.8164 28.2687
94.4 47.1664 24.2795 42.7664 28.3145
94.5 47.2164 24.2338 42.7164 28.3602
94.6 47.2664 24.188 42.6664 28.406
94.7 47.3164 24.1423 42.6164 28.4517
94.8 47.3664 24.0965 42.5665 28.4975
94.9 47.4165 24.0508 42.5165 28.5432
95 47.4665 24.0051 42.4665 28.5889
95.1 47.5165 23.9593 42.4165 28.6347
95.2 47.5665 23.9136 42.3665 28.6804
95.3 47.6165 23.8679 42.3165 28.7261
95.4 47.6665 23.8222 42.2665 28.7718
95.5 47.7165 23.7765 42.2165 28.8175
95.6 47.7665 23.7309 42.1665 28.8631
95.7 47.8165 23.6852 42.1165 28.9088
95.8 47.8665 23.6395 42.0665 28.9545
95.9 47.9165 23.5939 42.0165 29.0001
96 47.9665 23.5482 41.9665 29.0458
96.1 48.0165 23.5026 41.9165 29.0914
96.2 48.0665 23.4569 41.8665 29.1371
96.3 48.1165 23.4113 41.8165 29.1827
96.4 48.1665 23.3657 41.7665 29.2283
96.5 48.2165 23.3201 41.7166 29.2739
96.6 48.2666 23.2745 41.6666 29.3195
96.7 48.3166 23.2289 41.6166 29.3651
96.8 48.3666 23.1833 41.5666 29.4107
96.9 48.4166 23.1378 41.5166 29.4562
97 48.4666 23.0922 41.4666 29.5018
97.1 48.5166 23.0467 41.4166 29.5473
97.2 48.5666 23.0011 41.3666 29.5929
97.3 48.6166 22.9556 41.3166 29.6384
97.4 48.6666 22.9101 41.2666 29.6839
97.5 48.7166 22.8646 41.2166 29.7294
97.6 48.7666 22.8191 41.1666 29.7749
97.7 48.8166 22.7736 41.1166 29.8204
97.8 48.8666 22.7281 41.0666 29.8659
97.9 48.9166 22.6826 41.0167 29.9114
98 48.9667 22.6372 40.9667 29.9568
98.1 49.0167 22.5917 40.9167 30.0023
98.2 49.0667 22.5463 40.8667 30.0477
98.3 49.1167 22.5009 40.8167 30.0931
98.4 49.1667 22.4555 40.7667 30.1385
98.5 49.2167 22.4101 40.7167 30.1839
98.6 49.2667 22.3647 40.6667 30.2293
98.7 49.3167 22.3193 40.6167 30.2747
98.8 49.3667 22.2739 40.5667 30.3201
98.9 49.4167 22.2286 40.5167 30.3654
99 49.4667 22.1832 40.4667 30.4108
99.1 49.5168 22.1379 40.4168 30.4561
99.2 49.5668 22.0926 40.3668 30.5014
99.3 49.6168 22.0473 40.3168 30.5467
99.4 49.6668 22.002 40.2668 30.592
99.5 49.7168 21.9567 40.2168 30.6373
99.6 49.7668 21.9115 40.1668 30.6825
99.7 49.8168 21.8662 40.1168 30.7278
99.8 49.8668 21.821 40.0668 30.773
99.9 49.9168 21.7758 40.0168 30.8182
100 49.9668 21.7306 39.9668 30.8634
100.1 50.0169 21.6854 39.9169 30.9086
100.2 50.0669 21.6402 39.8669 30.9538
100.3 50.1169 21.595 39.8169 30.999
100.4 50.1669 21.5499 39.7669 31.0441
100.5 50.2169 21.5048 39.7169 31.0892
100.6 50.2669 21.4596 39.6669 31.1344
100.7 50.3169 21.4145 39.6169 31.1795
100.8 50.3669 21.3694 39.5669 31.2246
100.9 50.4169 21.3244 39.5169 31.2696
101 50.4669 21.2793 39.467 31.3147
101.1 50.517 21.2342 39.417 31.3598
101.2 50.567 21.1892 39.367 31.4048
101.3 50.617 21.1442 39.317 31.4498
101.4 50.667 21.0992 39.267 31.4948
101.5 50.717 21.0542 39.217 31.5398
101.6 50.767 21.0093 39.167 31.5847
101.7 50.817 20.9643 39.117 31.6297
101.8 50.867 20.9194 39.067 31.6746
101.9 50.9171 20.8744 39.0171 31.7196
102 50.9671 20.8295 38.9671 31.7645
102.1 51.0171 20.7847 38.9171 31.8093
102.2 51.0671 20.7398 38.8671 31.8542
102.3 51.1171 20.6949 38.8171 31.8991
102.4 51.1671 20.6501 38.7671 31.9439
102.5 51.2171 20.6053 38.7171 31.9887
102.6 51.2671 20.5605 38.6671 32.0335
102.7 51.3172 20.5157 38.6172 32.0783
102.8 51.3672 20.4709 38.5672 32.1231
102.9 51.4172 20.4262 38.5172 32.1678
103 51.4672 20.3815 38.4672 32.2125
103.1 51.5172 20.3368 38.4172 32.2572
103.2 51.5672 20.2921 38.3672 32.3019
103.3 51.6172 20.2474 38.3172 32.3466
103.4 51.6672 20.2027 38.2673 32.3913
103.5 51.7173 20.1581 38.2173 32.4359
103.6 51.7673 20.1135 38.1673 32.4805
103.7 51.8173 20.0689 38.1173 32.5251
103.8 51.8673 20.0243 38.0673 32.5697
103.9 51.9173 19.9797 38.0173 32.6143
104 51.9673 19.9352 37.9673 32.6588
104.1 52.0173 19.8907 37.9174 32.7033
104.2 52.0674 19.8462 37.8674 32.7478
104.3 52.1174 19.8017 37.8174 32.7923
104.4 52.1674 19.7572 37.7674 32.8368
104.5 52.2174 19.7128 37.7174 32.8812
104.6 52.2674 19.6683 37.6674 32.9257
104.7 52.3174 19.6239 37.6174 32.9701
104.8 52.3674 19.5795 37.5675 33.0145
104.9 52.4175 19.5352 37.5175 33.0588
105 52.4675 19.4908 37.4675 33.1032
105.1 52.5175 19.4465 37.4175 33.1475
105.2 52.5675 19.4022 37.3675 33.1918
105.3 52.6175 19.3579 37.3175 33.2361
105.4 52.6675 19.3137 37.2675 33.2803
105.5 52.7176 19.2694 37.2176 33.3246
105.6 52.7676 19.2252 37.1676 33.3688
105.7 52.8176 19.181 37.1176 33.413
105.8 52.8676 19.1368 37.0676 33.4572
105.9 52.9176 19.0927 37.0176 33.5013
106 52.9676 19.0486 36.9676 33.5454
106.1 53.0176 19.0045 36.9177 33.5895
106.2 53.0677 18.9604 36.8677 33.6336
106.3 53.1177 18.9163 36.8177 33.6777
106.4 53.1677 18.8723 36.7677 33.7217
106.5 53.2177 18.8282 36.7177 33.7658
106.6 53.2677 18.7843 36.6677 33.8097
106.7 53.3177 18.7403 36.6178 33.8537
106.8 53.3678 18.6963 36.5678 33.8977
106.9 53.4178 18.6524 36.5178 33.9416
107 53.4678 18.6085 36.4678 33.9855
107.1 53.5178 18.5646 36.4178 34.0294
107.2 53.5678 18.5208 36.3678 34.0732
107.3 53.6178 18.4769 36.3179 34.1171
107.4 53.6679 18.4331 36.2679 34.1609
107.5 53.7179 18.3893 36.2179 34.2047
107.6 53.7679 18.3456 36.1679 34.2484
107.7 53.8179 18.3018 36.1179 34.2922
107.8 53.8679 18.2581 36.0679 34.3359
107.9 53.918 18.2144 36.018 34.3796
108 53.968 18.1708 35.968 34.4232
108.1 54.018 18.1271 35.918 34.4669
108.2 54.068 18.0835 35.868 34.5105
108.3 54.118 18.0399 35.818 34.5541
108.4 54.168 17.9964 35.7681 34.5976
108.5 54.2181 17.9528 35.7181 34.6412
108.6 54.2681 17.9093 35.6681 34.6847
108.7 54.3181 17.8658 35.6181 34.7282
108.8 54.3681 17.8224 35.5681 34.7716
108.9 54.4181 17.7789 35.5182 34.8151
109 54.4682 17.7355 35.4682 34.8585
109.1 54.5182 17.6922 35.4182 34.9018
109.2 54.5682 17.6488 35.3682 34.9452
109.3 54.6182 17.6055 35.3182 34.9885
109.4 54.6682 17.5622 35.2682 35.0318
109.5 54.7183 17.5189 35.2183 35.0751
109.6 54.7683 17.4756 35.1683 35.1184
109.7 54.8183 17.4324 35.1183 35.1616
109.8 54.8683 17.3892 35.0683 35.2048
109.9 54.9183 17.346 35.0183 35.248
110 54.9684 17.3029 34.9684 35.2911
110.1 55.0184 17.2598 34.9184 35.3342
110.2 55.0684 17.2167 34.8684 35.3773
110.3 55.1184 17.1736 34.8184 35.4204
110.4 55.1684 17.1306 34.7685 35.4634
110.5 55.2185 17.0876 34.7185 35.5064
110.6 55.2685 17.0446 34.6685 35.5494
110.7 55.3185 17.0017 34.6185 35.5923
110.8 55.3685 16.9588 34.5685 35.6352
110.9 55.4185 16.9159 34.5186 35.6781
111 55.4686 16.873 34.4686 35.721
111.1 55.5186 16.8302 34.4186 35.7638
111.2 55.5686 16.7874 34.3686 35.8066
111.3 55.6186 16.7446 34.3186 35.8494
111.4 55.6686 16.7018 34.2687 35.8922
111.5 55.7187 16.6591 34.2187 35.9349
111.6 55.7687 16.6164 34.1687 35.9776
111.7 55.8187 16.5738 34.1187 36.0202
111.8 55.8687 16.5311 34.0687 36.0629
111.9 55.9188 16.4885 34.0188 36.1055
112 55.9688 16.446 33.9688 36.148
112.1 56.0188 16.4034 33.9188 36.1906
112.2 56.0688 16.3609 33.8688 36.2331
112.3 56.1188 16.3184 33.8189 36.2756
112.4 56.1689 16.276 33.7689 36.318
112.5 56.2189 16.2336 33.7189 36.3604
112.6 56.2689 16.1912 33.6689 36.4028
112.7 56.3189 16.1488 33.6189 36.4452
112.8 56.369 16.1065 33.569 36.4875
112.9 56.419 16.0642 33.519 36.5298
113 56.469 16.0219 33.469 36.5721
113.1 56.519 15.9797 33.419 36.6143
113.2 56.569 15.9375 33.3691 36.6565
113.3 56.6191 15.8953 33.3191 36.6987
113.4 56.6691 15.8532 33.2691 36.7408
113.5 56.7191 15.8111 33.2191 36.7829
113.6 56.7691 15.769 33.1692 36.825
113.7 56.8192 15.727 33.1192 36.867
113.8 56.8692 15.685 33.0692 36.909
113.9 56.9192 15.643 33.0192 36.951
114 56.9692 15.601 32.9693 36.993
114.1 57.0193 15.5591 32.9193 37.0349
114.2 57.0693 15.5173 32.8693 37.0767
114.3 57.1193 15.4754 32.8193 37.1186
114.4 57.1693 15.4336 32.7693 37.1604
114.5 57.2194 15.3918 32.7194 37.2022
114.6 57.2694 15.3501 32.6694 37.2439
114.7 57.3194 15.3083 32.6194 37.2857
114.8 57.3694 15.2667 32.5694 37.3273
114.9 57.4195 15.225 32.5195 37.369
115 57.4695 15.1834 32.4695 37.4106
115.1 57.5195 15.1418 32.4195 37.4522
115.2 57.5695 15.1003 32.3695 37.4937
115.3 57.6196 15.0588 32.3196 37.5352
115.4 57.6696 15.0173 32.2696 37.5767
115.5 57.7196 14.9758 32.2196 37.6182
115.6 57.7696 14.9344 32.1696 37.6596
115.7 57.8197 14.8931 32.1197 37.7009
115.8 57.8697 14.8517 32.0697 37.7423
115.9 57.9197 14.8104 32.0197 37.7836
116 57.9697 14.7692 31.9697 37.8248
116.1 58.0198 14.7279 31.9198 37.8661
116.2 58.0698 14.6867 31.8698 37.9073
116.3 58.1198 14.6456 31.8198 37.9484
116.4 58.1698 14.6044 31.7699 37.9896
116.5 58.2199 14.5633 31.7199 38.0307
116.6 58.2699 14.5223 31.6699 38.0717
116.7 58.3199 14.4813 31.6199 38.1127
116.8 58.3699 14.4403 31.57 38.1537
116.9 58.42 14.3993 31.52 38.1947
117 58.47 14.3584 31.47 38.2356
117.1 58.52 14.3175 31.42 38.2765
117.2 58.57 14.2767 31.3701 38.3173
117.3 58.6201 14.2359 31.3201 38.3581
117.4 58.6701 14.1951 31.2701 38.3989
117.5 58.7201 14.1544 31.2201 38.4396
117.6 58.7702 14.1137 31.1702 38.4803
117.7 58.8202 14.073 31.1202 38.521
117.8 58.8702 14.0324 31.0702 38.5616
117.9 58.9202 13.9918 31.0203 38.6022
118 58.9703 13.9513 30.9703 38.6427
118.1 59.0203 13.9108 30.9203 38.6832
118.2 59.0703 13.8703 30.8703 38.7237
118.3 59.1203 13.8299 30.8204 38.7641
118.4 59.1704 13.7895 30.7704 38.8045
118.5 59.2204 13.7492 30.7204 38.8448
118.6 59.2704 13.7088 30.6704 38.8852
118.7 59.3205 13.6686 30.6205 38.9254
118.8 59.3705 13.6283 30.5705 38.9657
118.9 59.4205 13.5881 30.5205 39.0059
119 59.4705 13.548 30.4706 39.046
119.1 59.5206 13.5078 30.4206 39.0862
119.2 59.5706 13.4678 30.3706 39.1262
119.3 59.6206 13.4277 30.3206 39.1663
119.4 59.6707 13.3877 30.2707 39.2063
119.5 59.7207 13.3477 30.2207 39.2463
119.6 59.7707 13.3078 30.1707 39.2862
119.7 59.8207 13.2679 30.1208 39.3261
119.8 59.8708 13.2281 30.0708 39.3659
119.9 59.9208 13.1883 30.0208 39.4057
120 59.9708 13.1485 29.9709 39.4455
120.1 60.0209 13.1088 29.9209 39.4852
120.2 60.0709 13.0691 29.8709 39.5249
120.3 60.1209 13.0294 29.8209 39.5646
120.4 60.171 12.9898 29.771 39.6042
120.5 60.221 12.9503 29.721 39.6437
120.6 60.271 12.9107 29.671 39.6833
120.7 60.321 12.8713 29.6211 39.7227
120.8 60.3711 12.8318 29.5711 39.7622
120.9 60.4211 12.7924 29.5211 39.8016
121 60.4711 12.753 29.4711 39.841
121.1 60.5212 12.7137 29.4212 39.8803
121.2 60.5712 12.6744 29.3712 39.9196
121.3 60.6212 12.6352 29.3212 39.9588
121.4 60.6713 12.596 29.2713 39.998
121.5 60.7213 12.5569 29.2213 40.0371
121.6 60.7713 12.5177 29.1713 40.0763
121.7 60.8213 12.4787 29.1214 40.1153
121.8 60.8714 12.4396 29.0714 40.1544
121.9 60.9214 12.4007 29.0214 40.1933
122 60.9714 12.3617 28.9715 40.2323
122.1 61.0215 12.3228 28.9215 40.2712
122.2 61.0715 12.284 28.8715 40.31
122.3 61.1215 12.2451 28.8216 40.3489
122.4 61.1716 12.2064 28.7716 40.3876
122.5 61.2216 12.1676 28.7216 40.4264
122.6 61.2716 12.1289 28.6716 40.4651
122.7 61.3217 12.0903 28.6217 40.5037
122.8 61.3717 12.0517 28.5717 40.5423
122.9 61.4217 12.0131 28.5217 40.5809
123 61.4718 11.9746 28.4718 40.6194
123.1 61.5218 11.9362 28.4218 40.6578
123.2 61.5718 11.8977 28.3718 40.6963
123.3 61.6219 11.8593 28.3219 40.7347
123.4 61.6719 11.821 28.2719 40.773
123.5 61.7219 11.7827 28.2219 40.8113
123.6 61.7719 11.7445 28.172 40.8495
123.7 61.822 11.7063 28.122 40.8877
123.8 61.872 11.6681 28.072 40.9259
123.9 61.922 11.63 28.0221 40.964
124 61.9721 11.5919 27.9721 41.0021
124.1 62.0221 11.5539 27.9221 41.0401
124.2 62.0721 11.5159 27.8722 41.0781
124.3 62.1222 11.478 27.8222 41.116
124.4 62.1722 11.4401 27.7722 41.1539
124.5 62.2222 11.4022 27.7223 41.1918
124.6 62.2723 11.3644 27.6723 41.2296
124.7 62.3223 11.3267 27.6223 41.2673
124.8 62.3723 11.2889 27.5724 41.3051
124.9 62.4224 11.2513 27.5224 41.3427
125 62.4724 11.2137 27.4724 41.3803
125.1 62.5224 11.1761 27.4225 41.4179
125.2 62.5725 11.1386 27.3725 41.4554
125.3 62.6225 11.1011 27.3225 41.4929
125.4 62.6725 11.0636 27.2726 41.5304
125.5 62.7226 11.0263 27.2226 41.5677
125.6 62.7726 10.9889 27.1726 41.6051
125.7 62.8226 10.9516 27.1227 41.6424
125.8 62.8727 10.9144 27.0727 41.6796
125.9 62.9227 10.8772 27.0227 41.7168
126 62.9728 10.84 26.9728 41.754
126.1 63.0228 10.8029 26.9228 41.7911
126.2 63.0728 10.7658 26.8728 41.8282
126.3 63.1229 10.7288 26.8229 41.8652
126.4 63.1729 10.6919 26.7729 41.9021
126.5 63.2229 10.6549 26.7229 41.9391
126.6 63.273 10.6181 26.673 41.9759
126.7 63.323 10.5813 26.623 42.0127
126.8 63.373 10.5445 26.5731 42.0495
126.9 63.4231 10.5077 26.5231 42.0863
127 63.4731 10.4711 26.4731 42.1229
127.1 63.5231 10.4344 26.4232 42.1596
127.2 63.5732 10.3979 26.3732 42.1961
127.3 63.6232 10.3613 26.3232 42.2327
127.4 63.6732 10.3248 26.2733 42.2692
127.5 63.7233 10.2884 26.2233 42.3056
127.6 63.7733 10.252 26.1733 42.342
127.7 63.8234 10.2157 26.1234 42.3783
127.8 63.8734 10.1794 26.0734 42.4146
127.9 63.9234 10.1431 26.0234 42.4509
128 63.9735 10.107 25.9735 42.487
128.1 64.0235 10.0708 25.9235 42.5232
128.2 64.0735 10.0347 25.8736 42.5593
128.3 64.1236 9.99867 25.8236 42.5953
128.4 64.1736 9.96268 25.7736 42.6313
128.5 64.2236 9.92673 25.7237 42.6673
128.6 64.2737 9.89084 25.6737 42.7032
128.7 64.3237 9.85499 25.6237 42.739
128.8 64.3738 9.8192 25.5738 42.7748
128.9 64.4238 9.78346 25.5238 42.8105
129 64.4738 9.74776 25.4738 42.8462
129.1 64.5239 9.71212 25.4239 42.8819
129.2 64.5739 9.67653 25.3739 42.9175
129.3 64.6239 9.64098 25.324 42.953
129.4 64.674 9.60549 25.274 42.9885
129.5 64.724 9.57005 25.224 43.0239
129.6 64.774 9.53466 25.1741 43.0593
129.7 64.8241 9.49932 25.1241 43.0947
129.8 64.8741 9.46404 25.0741 43.13
129.9 64.9242 9.4288 25.0242 43.1652
130 64.9742 9.39361 24.9742 43.2004
130.1 65.0242 9.35848 24.9243 43.2355
130.2 65.0743 9.3234 24.8743 43.2706
130.3 65.1243 9.28837 24.8243 43.3056
130.4 65.1744 9.25339 24.7744 43.3406
130.5 65.2244 9.21846 24.7244 43.3755
130.6 65.2744 9.18359 24.6744 43.4104
130.7 65.3245 9.14877 24.6245 43.4452
130.8 65.3745 9.114 24.5745 43.48
130.9 65.4245 9.07928 24.5246 43.5147
131 65.4746 9.04462 24.4746 43.5494
131.1 65.5246 9.01 24.4246 43.584
131.2 65.5747 8.97544 24.3747 43.6186
131.3 65.6247 8.94094 24.3247 43.6531
131.4 65.6747 8.90648 24.2748 43.6875
131.5 65.7248 8.87208 24.2248 43.7219
131.6 65.7748 8.83773 24.1748 43.7563
131.7 65.8249 8.80344 24.1249 43.7906
131.8 65.8749 8.7692 24.0749 43.8248
131.9 65.9249 8.73501 24.025 43.859
132 65.975 8.70087 23.975 43.8931
132.1 66.025 8.66679 23.925 43.9272
132.2 66.075 8.63276 23.8751 43.9612
132.3 66.1251 8.59879 23.8251 43.9952
132.4 66.1751 8.56487 23.7751 44.0291
132.5 66.2252 8.531 23.7252 44.063
132.6 66.2752 8.49719 23.6752 44.0968
132.7 66.3252 8.46344 23.6253 44.1306
132.8 66.3753 8.42973 23.5753 44.1643
132.9 66.4253 8.39608 23.5253 44.1979
133 66.4754 8.36249 23.4754 44.2315
133.1 66.5254 8.32895 23.4254 44.2651
133.2 66.5754 8.29546 23.3755 44.2985
133.3 66.6255 8.26203 23.3255 44.332
133.4 66.6755 8.22866 23.2755 44.3653
133.5 66.7256 8.19534 23.2256 44.3987
133.6 66.7756 8.16207 23.1756 44.4319
133.7 66.8256 8.12887 23.1257 44.4651
133.8 66.8757 8.09571 23.0757 44.4983
133.9 66.9257 8.06261 23.0258 44.5314
134 66.9758 8.02957 22.9758 44.5644
134.1 67.0258 7.99658 22.9258 44.5974
134.2 67.0759 7.96365 22.8759 44.6304
134.3 67.1259 7.93077 22.8259 44.6632
134.4 67.1759 7.89795 22.776 44.696
134.5 67.226 7.86519 22.726 44.7288
134.6 67.276 7.83248 22.676 44.7615
134.7 67.3261 7.79983 22.6261 44.7942
134.8 67.3761 7.76723 22.5761 44.8268
134.9 67.4261 7.7347 22.5262 44.8593
135 67.4762 7.70221 22.4762 44.8918
135.1 67.5262 7.66979 22.4262 44.9242
135.2 67.5763 7.63742 22.3763 44.9566
135.3 67.6263 7.60511 22.3263 44.9889
135.4 67.6764 7.57285 22.2764 45.0211
135.5 67.7264 7.54065 22.2264 45.0533
135.6 67.7764 7.50851 22.1765 45.0855
135.7 67.8265 7.47643 22.1265 45.1176
135.8 67.8765 7.4444 22.0765 45.1496
135.9 67.9266 7.41243 22.0266 45.1816
136 67.9766 7.38052 21.9766 45.2135
136.1 68.0266 7.34867 21.9267 45.2453
136.2 68.0767 7.31687 21.8767 45.2771
136.3 68.1267 7.28513 21.8267 45.3089
136.4 68.1768 7.25345 21.7768 45.3405
136.5 68.2268 7.22183 21.7268 45.3722
136.6 68.2769 7.19027 21.6769 45.4037
136.7 68.3269 7.15876 21.6269 45.4352
136.8 68.3769 7.12731 21.577 45.4667
136.9 68.427 7.09592 21.527 45.4981
137 68.477 7.06459 21.477 45.5294
137.1 68.5271 7.03332 21.4271 45.5607
137.2 68.5771 7.00211 21.3771 45.5919
137.3 68.6272 6.97095 21.3272 45.623
137.4 68.6772 6.93985 21.2772 45.6541
137.5 68.7272 6.90882 21.2273 45.6852
137.6 68.7773 6.87784 21.1773 45.7162
137.7 68.8273 6.84692 21.1274 45.7471
137.8 68.8774 6.81606 21.0774 45.7779
137.9 68.9274 6.78526 21.0274 45.8087
138 68.9775 6.75452 20.9775 45.8395
138.1 69.0275 6.72384 20.9275 45.8702
138.2 69.0775 6.69322 20.8776 45.9008
138.3 69.1276 6.66266 20.8276 45.9313
138.4 69.1776 6.63215 20.7777 45.9618
138.5 69.2277 6.60171 20.7277 45.9923
138.6 69.2777 6.57133 20.6777 46.0227
138.7 69.3278 6.54101 20.6278 46.053
138.8 69.3778 6.51075 20.5778 46.0833
138.9 69.4279 6.48054 20.5279 46.1135
139 69.4779 6.4504 20.4779 46.1436
139.1 69.5279 6.42032 20.428 46.1737
139.2 69.578 6.3903 20.378 46.2037
139.3 69.628 6.36034 20.3281 46.2337
139.4 69.6781 6.33044 20.2781 46.2636
139.5 69.7281 6.3006 20.2281 46.2934
139.6 69.7782 6.27083 20.1782 46.3232
139.7 69.8282 6.24111 20.1282 46.3529
139.8 69.8783 6.21146 20.0783 46.3825
139.9 69.9283 6.18186 20.0283 46.4121
140 69.9783 6.15233 19.9784 46.4417
140.1 70.0284 6.12286 19.9284 46.4711
140.2 70.0784 6.09345 19.8785 46.5006
140.3 70.1285 6.0641 19.8285 46.5299
140.4 70.1785 6.03481 19.7785 46.5592
140.5 70.2286 6.00559 19.7286 46.5884
140.6 70.2786 5.97643 19.6786 46.6176
140.7 70.3287 5.94732 19.6287 46.6467
140.8 70.3787 5.91828 19.5787 46.6757
140.9 70.4288 5.88931 19.5288 46.7047
141 70.4788 5.86039 19.4788 46.7336
141.1 70.5288 5.83154 19.4289 46.7625
141.2 70.5789 5.80275 19.3789 46.7913
141.3 70.6289 5.77402 19.329 46.82
141.4 70.679 5.74536 19.279 46.8486
141.5 70.729 5.71675 19.2291 46.8772
141.6 70.7791 5.68821 19.1791 46.9058
141.7 70.8291 5.65974 19.1291 46.9343
141.8 70.8792 5.63132 19.0792 46.9627
141.9 70.9292 5.60297 19.0292 46.991
142 70.9793 5.57468 18.9793 47.0193
142.1 71.0293 5.54646 18.9293 47.0475
142.2 71.0794 5.51829 18.8794 47.0757
142.3 71.1294 5.49019 18.8294 47.1038
142.4 71.1794 5.46216 18.7795 47.1318
142.5 71.2295 5.43419 18.7295 47.1598
142.6 71.2795 5.40628 18.6796 47.1877
142.7 71.3296 5.37843 18.6296 47.2156
142.8 71.3796 5.35065 18.5797 47.2433
142.9 71.4297 5.32294 18.5297 47.2711
143 71.4797 5.29528 18.4797 47.2987
143.1 71.5298 5.26769 18.4298 47.3263
143.2 71.5798 5.24017 18.3798 47.3538
143.3 71.6299 5.21271 18.3299 47.3813
143.4 71.6799 5.18531 18.2799 47.4087
143.5 71.73 5.15798 18.23 47.436
143.6 71.78 5.13071 18.18 47.4633
143.7 71.8301 5.1035 18.1301 47.4905
143.8 71.8801 5.07636 18.0801 47.5176
143.9 71.9302 5.04929 18.0302 47.5447
144 71.9802 5.02228 17.9802 47.5717
144.1 72.0302 4.99533 17.9303 47.5987
144.2 72.0803 4.96845 17.8803 47.6255
144.3 72.1303 4.94164 17.8304 47.6524
144.4 72.1804 4.91489 17.7804 47.6791
144.5 72.2304 4.8882 17.7305 47.7058
144.6 72.2805 4.86158 17.6805 47.7324
144.7 72.3305 4.83503 17.6306 47.759
144.8 72.3806 4.80854 17.5806 47.7855
144.9 72.4306 4.78212 17.5307 47.8119
145 72.4807 4.75576 17.4807 47.8382
145.1 72.5307 4.72947 17.4307 47.8645
145.2 72.5808 4.70324 17.3808 47.8908
145.3 72.6308 4.67708 17.3308 47.9169
145.4 72.6809 4.65098 17.2809 47.943
145.5 72.7309 4.62495 17.2309 47.969
145.6 72.781 4.59899 17.181 47.995
145.7 72.831 4.57309 17.131 48.0209
145.8 72.8811 4.54726 17.0811 48.0467
145.9 72.9311 4.5215 17.0311 48.0725
146 72.9812 4.4958 16.9812 48.0982
146.1 73.0312 4.47017 16.9312 48.1238
146.2 73.0813 4.4446 16.8813 48.1494
146.3 73.1313 4.4191 16.8313 48.1749
146.4 73.1814 4.39367 16.7814 48.2003
146.5 73.2314 4.3683 16.7314 48.2257
146.6 73.2815 4.34301 16.6815 48.251
146.7 73.3315 4.31777 16.6315 48.2762
146.8 73.3816 4.29261 16.5816 48.3014
146.9 73.4316 4.26751 16.5316 48.3265
147 73.4817 4.24248 16.4817 48.3515
147.1 73.5317 4.21752 16.4317 48.3765
147.2 73.5818 4.19262 16.3818 48.4014
147.3 73.6318 4.16779 16.3318 48.4262
147.4 73.6819 4.14303 16.2819 48.451
147.5 73.7319 4.11834 16.2319 48.4757
147.6 73.782 4.09371 16.182 48.5003
147.7 73.832 4.06915 16.132 48.5249
147.8 73.8821 4.04466 16.0821 48.5493
147.9 73.9321 4.02023 16.0321 48.5738
148 73.9821 3.99588 15.9822 48.5981
148.1 74.0322 3.97159 15.9322 48.6224
148.2 74.0822 3.94737 15.8823 48.6466
148.3 74.1323 3.92322 15.8323 48.6708
148.4 74.1823 3.89914 15.7824 48.6949
148.5 74.2324 3.87512 15.7324 48.7189
148.6 74.2824 3.85117 15.6825 48.7428
148.7 74.3325 3.8273 15.6325 48.7667
148.8 74.3826 3.80349 15.5826 48.7905
148.9 74.4326 3.77974 15.5326 48.8143
149 74.4827 3.75607 15.4827 48.8379
149.1 74.5327 3.73247 15.4327 48.8615
149.2 74.5828 3.70893 15.3828 48.8851
149.3 74.6328 3.68546 15.3328 48.9085
149.4 74.6829 3.66207 15.2829 48.9319
149.5 74.7329 3.63874 15.2329 48.9553
149.6 74.783 3.61548 15.183 48.9785
149.7 74.833 3.59229 15.133 49.0017
149.8 74.8831 3.56917 15.0831 49.0248
149.9 74.9331 3.54611 15.0331 49.0479
150 74.9832 3.52313 14.9832 49.0709
150.1 75.0332 3.50022 14.9332 49.0938
150.2 75.0833 3.47737 14.8833 49.1166
150.3 75.1333 3.4546 14.8333 49.1394
150.4 75.1834 3.43189 14.7834 49.1621
150.5 75.2334 3.40926 14.7334 49.1847
150.6 75.2835 3.38669 14.6835 49.2073
150.7 75.3335 3.36419 14.6335 49.2298
150.8 75.3836 3.34177 14.5836 49.2522
150.9 75.4336 3.31941 14.5336 49.2746
151 75.4837 3.29713 14.4837 49.2969
151.1 75.5337 3.27491 14.4337 49.3191
151.2 75.5838 3.25276 14.3838 49.3412
151.3 75.6338 3.23069 14.3338 49.3633
151.4 75.6839 3.20868 14.2839 49.3853
151.5 75.7339 3.18675 14.2339 49.4073
151.6 75.784 3.16488 14.184 49.4291
151.7 75.834 3.14309 14.134 49.4509
151.8 75.8841 3.12136 14.0841 49.4726
151.9 75.9341 3.09971 14.0342 49.4943
152 75.9842 3.07813 13.9842 49.5159
152.1 76.0342 3.05662 13.9343 49.5374
152.2 76.0843 3.03517 13.8843 49.5588
152.3 76.1343 3.0138 13.8344 49.5802
152.4 76.1844 2.9925 13.7844 49.6015
152.5 76.2344 2.97128 13.7345 49.6227
152.6 76.2845 2.95012 13.6845 49.6439
152.7 76.3346 2.92903 13.6346 49.665
152.8 76.3846 2.90802 13.5846 49.686
152.9 76.4347 2.88707 13.5347 49.7069
153 76.4847 2.8662 13.4847 49.7278
153.1 76.5348 2.8454 13.4348 49.7486
153.2 76.5848 2.82467 13.3848 49.7693
153.3 76.6349 2.80401 13.3349 49.79
153.4 76.6849 2.78343 13.2849 49.8106
153.5 76.735 2.76291 13.235 49.8311
153.6 76.785 2.74247 13.185 49.8515
153.7 76.8351 2.7221 13.1351 49.8719
153.8 76.8851 2.7018 13.0851 49.8922
153.9 76.9352 2.68157 13.0352 49.9124
154 76.9852 2.66141 12.9852 49.9326
154.1 77.0353 2.64133 12.9353 49.9527
154.2 77.0853 2.62132 12.8854 49.9727
154.3 77.1354 2.60138 12.8354 49.9926
154.4 77.1854 2.58151 12.7855 50.0125
154.5 77.2355 2.56171 12.7355 50.0323
154.6 77.2856 2.54199 12.6856 50.052
154.7 77.3356 2.52234 12.6356 50.0717
154.8 77.3857 2.50276 12.5857 50.0912
154.9 77.4357 2.48326 12.5357 50.1107
155 77.4858 2.46382 12.4858 50.1302
155.1 77.5358 2.44446 12.4358 50.1495
155.2 77.5859 2.42518 12.3859 50.1688
155.3 77.6359 2.40596 12.3359 50.188
155.4 77.686 2.38682 12.286 50.2072
155.5 77.736 2.36775 12.236 50.2263
155.6 77.7861 2.34875 12.1861 50.2452
155.7 77.8361 2.32983 12.1362 50.2642
155.8 77.8862 2.31098 12.0862 50.283
155.9 77.9362 2.2922 12.0363 50.3018
156 77.9863 2.2735 11.9863 50.3205
156.1 78.0364 2.25486 11.9364 50.3391
156.2 78.0864 2.23631 11.8864 50.3577
156.3 78.1365 2.21782 11.8365 50.3762
156.4 78.1865 2.19941 11.7865 50.3946
156.5 78.2366 2.18107 11.7366 50.4129
156.6 78.2866 2.16281 11.6866 50.4312
156.7 78.3367 2.14462 11.6367 50.4494
156.8 78.3867 2.1265 11.5867 50.4675
156.9 78.4368 2.10845 11.5368 50.4855
157 78.4868 2.09048 11.4869 50.5035
157.1 78.5369 2.07259 11.4369 50.5214
157.2 78.5869 2.05476 11.387 50.5392
157.3 78.637 2.03702 11.337 50.557
157.4 78.6871 2.01934 11.2871 50.5747
157.5 78.7371 2.00174 11.2371 50.5923
157.6 78.7872 1.98421 11.1872 50.6098
157.7 78.8372 1.96676 11.1372 50.6272
157.8 78.8873 1.94938 11.0873 50.6446
157.9 78.9373 1.93208 11.0373 50.6619
158 78.9874 1.91485 10.9874 50.6792
158.1 79.0374 1.89769 10.9374 50.6963
158.2 79.0875 1.88061 10.8875 50.7134
158.3 79.1375 1.8636 10.8376 50.7304
158.4 79.1876 1.84667 10.7876 50.7473
158.5 79.2377 1.82981 10.7377 50.7642
158.6 79.2877 1.81303 10.6877 50.781
158.7 79.3378 1.79632 10.6378 50.7977
158.8 79.3878 1.77968 10.5878 50.8143
158.9 79.4379 1.76312 10.5379 50.8309
159 79.4879 1.74664 10.4879 50.8474
159.1 79.538 1.73022 10.438 50.8638
159.2 79.588 1.71389 10.3881 50.8801
159.3 79.6381 1.69763 10.3381 50.8964
159.4 79.6881 1.68144 10.2882 50.9126
159.5 79.7382 1.66533 10.2382 50.9287
159.6 79.7883 1.6493 10.1883 50.9447
159.7 79.8383 1.63333 10.1383 50.9607
159.8 79.8884 1.61745 10.0884 50.9766
159.9 79.9384 1.60164 10.0384 50.9924
160 79.9885 1.5859 9.98849 51.0081
160.1 80.0385 1.57024 9.93855 51.0238
160.2 80.0886 1.55466 9.8886 51.0393
160.3 80.1386 1.53915 9.83866 51.0549
160.4 80.1887 1.52372 9.78871 51.0703
160.5 80.2388 1.50836 9.73877 51.0856
160.6 80.2888 1.49307 9.68882 51.1009
160.7 80.3389 1.47787 9.63888 51.1161
160.8 80.3889 1.46273 9.58893 51.1313
160.9 80.439 1.44768 9.53899 51.1463
161 80.489 1.4327 9.48904 51.1613
161.1 80.5391 1.41779 9.4391 51.1762
161.2 80.5891 1.40296 9.38916 51.191
161.3 80.6392 1.38821 9.33921 51.2058
161.4 80.6893 1.37353 9.28927 51.2205
161.5 80.7393 1.35893 9.23932 51.2351
161.6 80.7894 1.34441 9.18938 51.2496
161.7 80.8394 1.32996 9.13943 51.264
161.8 80.8895 1.31558 9.08949 51.2784
161.9 80.9395 1.30129 9.03955 51.2927
162 80.9896 1.28707 8.9896 51.3069
162.1 81.0396 1.27292 8.93966 51.3211
162.2 81.0897 1.25885 8.88971 51.3351
162.3 81.1398 1.24486 8.83977 51.3491
162.4 81.1898 1.23095 8.78983 51.3631
162.5 81.2399 1.21711 8.73988 51.3769
162.6 81.2899 1.20334 8.68994 51.3907
162.7 81.34 1.18966 8.63999 51.4043
162.8 81.39 1.17604 8.59005 51.418
162.9 81.4401 1.16251 8.54011 51.4315
163 81.4902 1.14905 8.49016 51.4449
163.1 81.5402 1.13567 8.44022 51.4583
163.2 81.5903 1.12237 8.39027 51.4716
163.3 81.6403 1.10914 8.34033 51.4849
163.4 81.6904 1.09599 8.29039 51.498
163.5 81.7404 1.08292 8.24044 51.5111
163.6 81.7905 1.06992 8.1905 51.5241
163.7 81.8405 1.057 8.14056 51.537
163.8 81.8906 1.04416 8.09061 51.5498
163.9 81.9407 1.03139 8.04067 51.5626
164 81.9907 1.0187 7.99073 51.5753
164.1 82.0408 1.00609 7.94078 51.5879
164.2 82.0908 0.993553 7.89084 51.6004
164.3 82.1409 0.981095 7.84089 51.6129
164.4 82.1909 0.968714 7.79095 51.6253
164.5 82.241 0.95641 7.74101 51.6376
164.6 82.2911 0.944183 7.69106 51.6498
164.7 82.3411 0.932034 7.64112 51.662
164.8 82.3912 0.919961 7.59118 51.674
164.9 82.4412 0.907966 7.54123 51.686
165 82.4913 0.896049 7.49129 51.698
165.1 82.5413 0.884208 7.44135 51.7098
165.2 82.5914 0.872445 7.3914 51.7216
165.3 82.6415 0.86076 7.34146 51.7332
165.4 82.6915 0.849152 7.29152 51.7448
165.5 82.7416 0.837622 7.24158 51.7564
165.6 82.7916 0.826169 7.19163 51.7678
165.7 82.8417 0.814793 7.14169 51.7792
165.8 82.8917 0.803496 7.09175 51.7905
165.9 82.9418 0.792276 7.0418 51.8017
166 82.9919 0.781133 6.99186 51.8129
166.1 83.0419 0.770069 6.94192 51.8239
166.2 83.092 0.759082 6.89197 51.8349
166.3 83.142 0.748173 6.84203 51.8458
166.4 83.1921 0.737342 6.79209 51.8567
166.5 83.2421 0.726588 6.74214 51.8674
166.6 83.2922 0.715913 6.6922 51.8781
166.7 83.3423 0.705315 6.64226 51.8887
166.8 83.3923 0.694796 6.59232 51.8992
166.9 83.4424 0.684354 6.54237 51.9096
167 83.4924 0.67399 6.49243 51.92
167.1 83.5425 0.663705 6.44249 51.9303
167.2 83.5925 0.653497 6.39255 51.9405
167.3 83.6426 0.643368 6.3426 51.9506
167.4 83.6927 0.633317 6.29266 51.9607
167.5 83.7427 0.623344 6.24272 51.9707
167.6 83.7928 0.613449 6.19277 51.9806
167.7 83.8428 0.603633 6.14283 51.9904
167.8 83.8929 0.593894 6.09289 52.0001
167.9 83.9429 0.584234 6.04295 52.0098
168 83.993 0.574653 5.993 52.0193
168.1 84.0431 0.565149 5.94306 52.0289
168.2 84.0931 0.555724 5.89312 52.0383
168.3 84.1432 0.546378 5.84318 52.0476
168.4 84.1932 0.53711 5.79323 52.0569
168.5 84.2433 0.52792 5.74329 52.0661
168.6 84.2933 0.518809 5.69335 52.0752
168.7 84.3434 0.509776 5.64341 52.0842
168.8 84.3935 0.500822 5.59346 52.0932
168.9 84.4435 0.491947 5.54352 52.1021
169 84.4936 0.48315 5.49358 52.1109
169.1 84.5436 0.474432 5.44364 52.1196
169.2 84.5937 0.465792 5.39369 52.1282
169.3 84.6437 0.457231 5.34375 52.1368
169.4 84.6938 0.448749 5.29381 52.1453
169.5 84.7439 0.440346 5.24387 52.1537
169.6 84.7939 0.432021 5.19393 52.162
169.7 84.844 0.423775 5.14398 52.1702
169.8 84.894 0.415608 5.09404 52.1784
169.9 84.9441 0.40752 5.0441 52.1865
170 84.9942 0.399511 4.99416 52.1945
170.1 85.0442 0.39158 4.94421 52.2024
170.2 85.0943 0.383728 4.89427 52.2103
170.3 85.1443 0.375956 4.84433 52.218
170.4 85.1944 0.368262 4.79439 52.2257
170.5 85.2444 0.360648 4.74445 52.2334
170.6 85.2945 0.353112 4.6945 52.2409
170.7 85.3446 0.345655 4.64456 52.2483
170.8 85.3946 0.338278 4.59462 52.2557
170.9 85.4447 0.330979 4.54468 52.263
171 85.4947 0.32376 4.49474 52.2702
171.1 85.5448 0.316619 4.44479 52.2774
171.2 85.5948 0.309558 4.39485 52.2844
171.3 85.6449 0.302576 4.34491 52.2914
171.4 85.695 0.295673 4.29497 52.2983
171.5 85.745 0.28885 4.24503 52.3052
171.6 85.7951 0.282105 4.19508 52.3119
171.7 85.8451 0.27544 4.14514 52.3186
171.8 85.8952 0.268854 4.0952 52.3251
171.9 85.9453 0.262348 4.04526 52.3317
172 85.9953 0.255921 3.99532 52.3381
172.1 86.0454 0.249573 3.94538 52.3444
172.2 86.0954 0.243304 3.89543 52.3507
172.3 86.1455 0.237115 3.84549 52.3569
172.4 86.1955 0.231005 3.79555 52.363
172.5 86.2456 0.224974 3.74561 52.369
172.6 86.2957 0.219023 3.69567 52.375
172.7 86.3457 0.213152 3.64572 52.3808
172.8 86.3958 0.20736 3.59578 52.3866
172.9 86.4458 0.201647 3.54584 52.3924
173 86.4959 0.196014 3.4959 52.398
173.1 86.546 0.19046 3.44596 52.4035
173.2 86.596 0.184986 3.39602 52.409
173.3 86.6461 0.179591 3.34607 52.4144
173.4 86.6961 0.174276 3.29613 52.4197
173.5 86.7462 0.169041 3.24619 52.425
173.6 86.7962 0.163885 3.19625 52.4301
173.7 86.8463 0.158809 3.14631 52.4352
173.8 86.8964 0.153812 3.09637 52.4402
173.9 86.9464 0.148895 3.04642 52.4451
174 86.9965 0.144058 2.99648 52.4499
174.1 87.0465 0.1393 2.94654 52.4547
174.2 87.0966 0.134622 2.8966 52.4594
174.3 87.1467 0.130024 2.84666 52.464
174.4 87.1967 0.125505 2.79672 52.4685
174.5 87.2468 0.121066 2.74677 52.4729
174.6 87.2968 0.116707 2.69683 52.4773
174.7 87.3469 0.112428 2.64689 52.4816
174.8 87.3969 0.108228 2.59695 52.4858
174.9 87.447 0.104108 2.54701 52.4899
175 87.4971 0.100068 2.49707 52.4939
175.1 87.5471 0.0961077 2.44713 52.4979
175.2 87.5972 0.0922273 2.39718 52.5018
175.3 87.6472 0.0884266 2.34724 52.5056
175.4 87.6973 0.0847058 2.2973 52.5093
175.5 87.7474 0.0810649 2.24736 52.5129
175.6 87.7974 0.0775038 2.19742 52.5165
175.7 87.8475 0.0740225 2.14748 52.52
175.8 87.8975 0.0706212 2.09754 52.5234
175.9 87.9476 0.0672997 2.04759 52.5267
176 87.9977 0.0640582 1.99765 52.5299
176.1 88.0477 0.0608965 1.94771 52.5331
176.2 88.0978 0.0578148 1.89777 52.5362
176.3 88.1478 0.054813 1.84783 52.5392
176.4 88.1979 0.0518911 1.79789 52.5421
176.5 88.2479 0.0490492 1.74795 52.545
176.6 88.298 0.0462872 1.698 52.5477
176.7 88.3481 0.0436052 1.64806 52.5504
176.8 88.3981 0.0410032 1.59812 52.553
176.9 88.4482 0.0384812 1.54818 52.5555
177 88.4982 0.0360391 1.49824 52.558
177.1 88.5483 0.0336771 1.4483 52.5603
177.2 88.5984 0.031395 1.39836 52.5626
177.3 88.6484 0.029193 1.34841 52.5648
177.4 88.6985 0.0270709 1.29847 52.5669
177.5 88.7485 0.0250289 1.24853 52.569
177.6 88.7986 0.0230669 1.19859 52.5709
177.7 88.8486 0.021185 1.14865 52.5728
177.8 88.8987 0.0193831 1.09871 52.5746
177.9 88.9488 0.0176612 1.04877 52.5763
178 88.9988 0.0160194 0.998826 52.578
178.1 89.0489 0.0144577 0.948884 52.5795
178.2 89.0989 0.012976 0.898943 52.581
178.3 89.149 0.0115744 0.849002 52.5824
178.4 89.1991 0.0102528 0.79906 52.5837
178.5 89.2491 0.00901133 0.749119 52.585
178.6 89.2992 0.00784992 0.699178 52.5862
178.7 89.3492 0.0067686 0.649237 52.5872
178.8 89.3993 0.00576737 0.599295 52.5882
178.9 89.4494 0.00484622 0.549354 52.5892
179 89.4994 0.00400516 0.499413 52.59
179.1 89.5495 0.0032442 0.449471 52.5908
179.2 89.5995 0.00256333 0.39953 52.5914
179.3 89.6496 0.00196255 0.349589 52.592
179.4 89.6996 0.00144188 0.299648 52.5926
179.5 89.7497 0.00100131 0.249706 52.593
179.6 89.7998 0.000640839 0.199765 52.5934
179.7 89.8498 0.000360473 0.149824 52.5936
179.8 89.8999 0.00016021 0.0998825 52.5938
179.9 89.9499 4.00526e-05 0.0499413 52.594
180 0.815031 0 3.50423e-15 52.594
