#kinematics calculation of gsex
#vertex z = 100 mm, E_reaction = 64.228 MeV
#theta_cm, theta3_lab, Ek3_lab, theta4_lab, Ek4_lab
0 0 59.7048 0 0.0832244
0.1 0.0480766 59.7047 1.28891 0.0832698
0.2 0.0961532 59.7046 2.57636 0.083406
0.3 0.14423 59.7044 3.86091 0.083633
0.4 0.192306 59.704 5.14111 0.0839509
0.5 0.240383 59.7036 6.41558 0.0843595
0.6 0.288459 59.7031 7.68294 0.0848589
0.7 0.336536 59.7026 8.94186 0.0854492
0.8 0.384612 59.7019 10.1911 0.0861303
0.9 0.432689 59.7011 11.4294 0.0869021
1 0.480765 59.7002 12.6557 0.0877648
1.1 0.528842 59.6993 13.8688 0.0887182
1.2 0.576918 59.6982 15.0678 0.0897625
1.3 0.624995 59.6971 16.2517 0.0908975
1.4 0.673071 59.6959 17.4197 0.0921233
1.5 0.721147 59.6946 18.5711 0.0934399
1.6 0.769224 59.6932 19.705 0.0948473
1.7 0.8173 59.6917 20.821 0.0963455
1.8 0.865376 59.6901 21.9184 0.0979344
1.9 0.913452 59.6884 22.9968 0.0996141
2 0.961528 59.6866 24.0559 0.101385
2.1 1.0096 59.6848 25.0953 0.103246
2.2 1.05768 59.6828 26.1147 0.105198
2.3 1.10576 59.6808 27.1141 0.10724
2.4 1.15383 59.6786 28.0932 0.109374
2.5 1.20191 59.6764 29.052 0.111598
2.6 1.24998 59.6741 29.9905 0.113913
2.7 1.29806 59.6717 30.9087 0.116319
2.8 1.34613 59.6692 31.8068 0.118815
2.9 1.39421 59.6666 32.6848 0.121402
3 1.44229 59.6639 33.5429 0.12408
3.1 1.49036 59.6612 34.3812 0.126848
3.2 1.53844 59.6583 35.2001 0.129707
3.3 1.58651 59.6553 35.9998 0.132657
3.4 1.63459 59.6523 36.7804 0.135697
3.5 1.68266 59.6492 37.5425 0.138828
3.6 1.73074 59.6459 38.2861 0.14205
3.7 1.77881 59.6426 39.0117 0.145362
3.8 1.82689 59.6392 39.7196 0.148765
3.9 1.87496 59.6357 40.4101 0.152259
4 1.92304 59.6322 41.0836 0.155843
4.1 1.97111 59.6285 41.7404 0.159518
4.2 2.01918 59.6247 42.381 0.163283
4.3 2.06726 59.6209 43.0056 0.167139
4.4 2.11533 59.6169 43.6147 0.171085
4.5 2.16341 59.6129 44.2085 0.175122
4.6 2.21148 59.6088 44.7875 0.17925
4.7 2.25955 59.6045 45.3521 0.183468
4.8 2.30763 59.6002 45.9025 0.187777
4.9 2.3557 59.5958 46.4392 0.192176
5 2.40377 59.5913 46.9624 0.196665
5.1 2.45185 59.5868 47.4726 0.201245
5.2 2.49992 59.5821 47.9701 0.205915
5.3 2.54799 59.5773 48.4551 0.210676
5.4 2.59607 59.5725 48.9281 0.215528
5.5 2.64414 59.5675 49.3894 0.220469
5.6 2.69221 59.5625 49.8392 0.225501
5.7 2.74028 59.5574 50.2779 0.230624
5.8 2.78836 59.5522 50.7057 0.235837
5.9 2.83643 59.5469 51.123 0.24114
6 2.8845 59.5415 51.5301 0.246533
6.1 2.93257 59.536 51.9272 0.252017
6.2 2.98064 59.5304 52.3145 0.257591
6.3 3.02872 59.5247 52.6925 0.263256
6.4 3.07679 59.519 53.0612 0.26901
6.5 3.12486 59.5131 53.4211 0.274855
6.6 3.17293 59.5072 53.7722 0.28079
6.7 3.221 59.5012 54.1149 0.286816
6.8 3.26907 59.4951 54.4493 0.292931
6.9 3.31714 59.4889 54.7758 0.299137
7 3.36521 59.4826 55.0945 0.305433
7.1 3.41328 59.4762 55.4056 0.311819
7.2 3.46135 59.4697 55.7093 0.318295
7.3 3.50942 59.4631 56.0058 0.324861
7.4 3.55749 59.4565 56.2954 0.331517
7.5 3.60556 59.4497 56.5781 0.338263
7.6 3.65363 59.4429 56.8543 0.3451
7.7 3.7017 59.436 57.124 0.352026
7.8 3.74977 59.429 57.3874 0.359043
7.9 3.79783 59.4219 57.6448 0.366149
8 3.8459 59.4147 57.8962 0.373345
8.1 3.89397 59.4074 58.1418 0.380631
8.2 3.94204 59.4 58.3817 0.388007
8.3 3.99011 59.3925 58.6162 0.395473
8.4 4.03817 59.385 58.8453 0.403029
8.5 4.08624 59.3773 59.0692 0.410675
8.6 4.13431 59.3696 59.288 0.41841
8.7 4.18237 59.3618 59.5019 0.426236
8.8 4.23044 59.3538 59.7109 0.434151
8.9 4.27851 59.3458 59.9152 0.442155
9 4.32657 59.3378 60.1149 0.45025
9.1 4.37464 59.3296 60.3102 0.458434
9.2 4.42271 59.3213 60.5011 0.466708
9.3 4.47077 59.3129 60.6877 0.475071
9.4 4.51884 59.3045 60.8702 0.483525
9.5 4.5669 59.2959 61.0486 0.492067
9.6 4.61496 59.2873 61.2231 0.5007
9.7 4.66303 59.2786 61.3937 0.509421
9.8 4.71109 59.2698 61.5606 0.518233
9.9 4.75916 59.2609 61.7238 0.527133
10 4.80722 59.2519 61.8834 0.536124
10.1 4.85528 59.2428 62.0395 0.545203
10.2 4.90335 59.2336 62.1921 0.554373
10.3 4.95141 59.2244 62.3415 0.563631
10.4 4.99947 59.215 62.4875 0.572979
10.5 5.04753 59.2056 62.6304 0.582416
10.6 5.0956 59.1961 62.7701 0.591942
10.7 5.14366 59.1864 62.9069 0.601558
10.8 5.19172 59.1767 63.0406 0.611263
10.9 5.23978 59.1669 63.1714 0.621057
11 5.28784 59.1571 63.2994 0.63094
11.1 5.3359 59.1471 63.4246 0.640913
11.2 5.38396 59.137 63.5471 0.650974
11.3 5.43202 59.1269 63.6669 0.661125
11.4 5.48008 59.1166 63.7842 0.671365
11.5 5.52814 59.1063 63.8988 0.681693
11.6 5.5762 59.0959 64.011 0.692111
11.7 5.62426 59.0854 64.1208 0.702618
11.8 5.67232 59.0748 64.2282 0.713213
11.9 5.72037 59.0641 64.3332 0.723898
12 5.76843 59.0533 64.436 0.734671
12.1 5.81649 59.0425 64.5365 0.745533
12.2 5.86455 59.0315 64.6349 0.756484
12.3 5.9126 59.0205 64.7311 0.767524
12.4 5.96066 59.0093 64.8252 0.778652
12.5 6.00872 58.9981 64.9173 0.789869
12.6 6.05677 58.9868 65.0073 0.801175
12.7 6.10483 58.9754 65.0954 0.812569
12.8 6.15288 58.9639 65.1815 0.824052
12.9 6.20094 58.9524 65.2658 0.835624
13 6.24899 58.9407 65.3482 0.847284
13.1 6.29705 58.929 65.4287 0.859032
13.2 6.3451 58.9171 65.5075 0.870869
13.3 6.39315 58.9052 65.5846 0.882795
13.4 6.44121 58.8932 65.6599 0.894809
13.5 6.48926 58.8811 65.7336 0.906911
13.6 6.53731 58.8689 65.8056 0.919101
13.7 6.58536 58.8566 65.876 0.93138
13.8 6.63341 58.8443 65.9448 0.943747
13.9 6.68146 58.8318 66.0121 0.956202
14 6.72952 58.8193 66.0778 0.968745
14.1 6.77757 58.8066 66.1421 0.981376
14.2 6.82562 58.7939 66.2048 0.994096
14.3 6.87367 58.7811 66.2662 1.0069
14.4 6.92171 58.7682 66.3261 1.0198
14.5 6.96976 58.7552 66.3846 1.03278
14.6 7.01781 58.7421 66.4418 1.04585
14.7 7.06586 58.729 66.4977 1.05901
14.8 7.11391 58.7157 66.5522 1.07226
14.9 7.16196 58.7024 66.6054 1.08559
15 7.21 58.689 66.6574 1.09902
15.1 7.25805 58.6755 66.7081 1.11253
15.2 7.30609 58.6619 66.7576 1.12613
15.3 7.35414 58.6482 66.806 1.13981
15.4 7.40219 58.6344 66.8531 1.15358
15.5 7.45023 58.6206 66.8991 1.16744
15.6 7.49828 58.6066 66.9439 1.18139
15.7 7.54632 58.5926 66.9876 1.19543
15.8 7.59436 58.5784 67.0303 1.20955
15.9 7.64241 58.5642 67.0718 1.22376
16 7.69045 58.5499 67.1123 1.23806
16.1 7.73849 58.5356 67.1517 1.25245
16.2 7.78653 58.5211 67.1901 1.26692
16.3 7.83457 58.5065 67.2276 1.28148
16.4 7.88262 58.4919 67.264 1.29612
16.5 7.93066 58.4771 67.2994 1.31086
16.6 7.9787 58.4623 67.3339 1.32568
16.7 8.02674 58.4474 67.3674 1.34059
16.8 8.07478 58.4324 67.4001 1.35558
16.9 8.12281 58.4173 67.4318 1.37066
17 8.17085 58.4022 67.4626 1.38583
17.1 8.21889 58.3869 67.4925 1.40109
17.2 8.26693 58.3716 67.5215 1.41643
17.3 8.31496 58.3561 67.5497 1.43186
17.4 8.363 58.3406 67.5771 1.44738
17.5 8.41104 58.325 67.6036 1.46298
17.6 8.45907 58.3093 67.6293 1.47867
17.7 8.50711 58.2936 67.6543 1.49444
17.8 8.55514 58.2777 67.6784 1.51031
17.9 8.60318 58.2617 67.7017 1.52625
18 8.65121 58.2457 67.7243 1.54229
18.1 8.69924 58.2296 67.7461 1.55841
18.2 8.74728 58.2134 67.7672 1.57462
18.3 8.79531 58.1971 67.7876 1.59091
18.4 8.84334 58.1807 67.8072 1.60729
18.5 8.89137 58.1642 67.8261 1.62376
18.6 8.9394 58.1477 67.8444 1.64031
18.7 8.98743 58.131 67.8619 1.65695
18.8 9.03546 58.1143 67.8788 1.67367
18.9 9.08349 58.0975 67.895 1.69049
19 9.13152 58.0806 67.9105 1.70738
19.1 9.17955 58.0636 67.9254 1.72436
19.2 9.22757 58.0466 67.9397 1.74143
19.3 9.2756 58.0294 67.9533 1.75859
19.4 9.32363 58.0122 67.9663 1.77583
19.5 9.37165 57.9948 67.9787 1.79315
19.6 9.41968 57.9774 67.9905 1.81056
19.7 9.4677 57.9599 68.0017 1.82806
19.8 9.51573 57.9424 68.0123 1.84564
19.9 9.56375 57.9247 68.0224 1.86331
20 9.61177 57.9069 68.0318 1.88106
20.1 9.6598 57.8891 68.0407 1.8989
20.2 9.70782 57.8712 68.0491 1.91682
20.3 9.75584 57.8532 68.0569 1.93483
20.4 9.80386 57.8351 68.0642 1.95292
20.5 9.85188 57.8169 68.0709 1.9711
20.6 9.8999 57.7986 68.0771 1.98937
20.7 9.94792 57.7803 68.0829 2.00772
20.8 9.99594 57.7618 68.0881 2.02615
20.9 10.044 57.7433 68.0928 2.04467
21 10.092 57.7247 68.097 2.06327
21.1 10.14 57.706 68.1007 2.08196
21.2 10.188 57.6873 68.1039 2.10073
21.3 10.236 57.6684 68.1067 2.11959
21.4 10.284 57.6495 68.1089 2.13853
21.5 10.3321 57.6304 68.1108 2.15756
21.6 10.3801 57.6113 68.1121 2.17667
21.7 10.4281 57.5921 68.1131 2.19587
21.8 10.4761 57.5729 68.1135 2.21515
21.9 10.5241 57.5535 68.1136 2.23451
22 10.5721 57.534 68.1132 2.25396
22.1 10.6201 57.5145 68.1123 2.2735
22.2 10.6681 57.4949 68.1111 2.29311
22.3 10.7162 57.4752 68.1094 2.31281
22.4 10.7642 57.4554 68.1074 2.3326
22.5 10.8122 57.4355 68.1049 2.35247
22.6 10.8602 57.4156 68.102 2.37242
22.7 10.9082 57.3955 68.0987 2.39246
22.8 10.9562 57.3754 68.095 2.41258
22.9 11.0042 57.3552 68.091 2.43278
23 11.0522 57.3349 68.0865 2.45307
23.1 11.1002 57.3146 68.0817 2.47344
23.2 11.1482 57.2941 68.0765 2.4939
23.3 11.1962 57.2736 68.071 2.51444
23.4 11.2442 57.2529 68.0651 2.53506
23.5 11.2922 57.2322 68.0588 2.55576
23.6 11.3402 57.2114 68.0522 2.57655
23.7 11.3882 57.1906 68.0452 2.59743
23.8 11.4362 57.1696 68.0379 2.61838
23.9 11.4842 57.1486 68.0302 2.63942
24 11.5322 57.1275 68.0222 2.66054
24.1 11.5802 57.1063 68.0139 2.68174
24.2 11.6282 57.085 68.0052 2.70303
24.3 11.6762 57.0636 67.9962 2.7244
24.4 11.7242 57.0421 67.9869 2.74585
24.5 11.7722 57.0206 67.9773 2.76739
24.6 11.8202 56.999 67.9673 2.78901
24.7 11.8682 56.9773 67.9571 2.81071
24.8 11.9162 56.9555 67.9465 2.83249
24.9 11.9642 56.9336 67.9357 2.85436
25 12.0122 56.9117 67.9245 2.8763
25.1 12.0602 56.8897 67.9131 2.89833
25.2 12.1082 56.8676 67.9013 2.92045
25.3 12.1561 56.8454 67.8893 2.94264
25.4 12.2041 56.8231 67.8769 2.96492
25.5 12.2521 56.8007 67.8643 2.98728
25.6 12.3001 56.7783 67.8514 3.00972
25.7 12.3481 56.7558 67.8383 3.03224
25.8 12.3961 56.7332 67.8248 3.05484
25.9 12.4441 56.7105 67.8111 3.07753
26 12.4921 56.6877 67.7971 3.1003
26.1 12.54 56.6649 67.7829 3.12315
26.2 12.588 56.6419 67.7684 3.14608
26.3 12.636 56.6189 67.7536 3.16909
26.4 12.684 56.5958 67.7386 3.19218
26.5 12.732 56.5726 67.7233 3.21536
26.6 12.7799 56.5494 67.7078 3.23862
26.7 12.8279 56.526 67.6921 3.26195
26.8 12.8759 56.5026 67.676 3.28537
26.9 12.9239 56.4791 67.6598 3.30887
27 12.9719 56.4555 67.6433 3.33245
27.1 13.0198 56.4319 67.6266 3.35611
27.2 13.0678 56.4081 67.6096 3.37986
27.3 13.1158 56.3843 67.5924 3.40368
27.4 13.1638 56.3604 67.575 3.42758
27.5 13.2117 56.3364 67.5573 3.45157
27.6 13.2597 56.3124 67.5394 3.47563
27.7 13.3077 56.2882 67.5213 3.49978
27.8 13.3557 56.264 67.503 3.52401
27.9 13.4036 56.2397 67.4845 3.54831
28 13.4516 56.2153 67.4657 3.5727
28.1 13.4996 56.1908 67.4467 3.59717
28.2 13.5475 56.1663 67.4276 3.62171
28.3 13.5955 56.1417 67.4082 3.64634
28.4 13.6435 56.117 67.3886 3.67105
28.5 13.6914 56.0922 67.3688 3.69583
28.6 13.7394 56.0673 67.3488 3.7207
28.7 13.7874 56.0424 67.3286 3.74565
28.8 13.8353 56.0173 67.3082 3.77067
28.9 13.8833 55.9922 67.2876 3.79578
29 13.9312 55.967 67.2668 3.82096
29.1 13.9792 55.9418 67.2458 3.84623
29.2 14.0272 55.9164 67.2246 3.87157
29.3 14.0751 55.891 67.2033 3.897
29.4 14.1231 55.8655 67.1817 3.9225
29.5 14.171 55.8399 67.16 3.94808
29.6 14.219 55.8143 67.1381 3.97374
29.7 14.2669 55.7885 67.116 3.99948
29.8 14.3149 55.7627 67.0937 4.0253
29.9 14.3629 55.7368 67.0712 4.05119
30 14.4108 55.7108 67.0486 4.07717
30.1 14.4588 55.6848 67.0258 4.10322
30.2 14.5067 55.6586 67.0028 4.12936
30.3 14.5547 55.6324 66.9797 4.15557
30.4 14.6026 55.6061 66.9563 4.18186
30.5 14.6506 55.5798 66.9328 4.20823
30.6 14.6985 55.5533 66.9092 4.23467
30.7 14.7465 55.5268 66.8854 4.2612
30.8 14.7944 55.5002 66.8614 4.2878
30.9 14.8423 55.4735 66.8372 4.31448
31 14.8903 55.4468 66.8129 4.34124
31.1 14.9382 55.4199 66.7885 4.36808
31.2 14.9862 55.393 66.7639 4.39499
31.3 15.0341 55.366 66.7391 4.42198
31.4 15.0821 55.3389 66.7142 4.44905
31.5 15.13 55.3118 66.6891 4.4762
31.6 15.1779 55.2846 66.6638 4.50342
31.7 15.2259 55.2573 66.6385 4.53073
31.8 15.2738 55.2299 66.6129 4.55811
31.9 15.3217 55.2024 66.5872 4.58556
32 15.3697 55.1749 66.5614 4.6131
32.1 15.4176 55.1473 66.5355 4.64071
32.2 15.4655 55.1196 66.5093 4.66839
32.3 15.5135 55.0918 66.4831 4.69616
32.4 15.5614 55.064 66.4567 4.724
32.5 15.6093 55.0361 66.4302 4.75192
32.6 15.6573 55.0081 66.4035 4.77991
32.7 15.7052 54.98 66.3767 4.80798
32.8 15.7531 54.9519 66.3497 4.83613
32.9 15.801 54.9236 66.3227 4.86435
33 15.849 54.8953 66.2955 4.89265
33.1 15.8969 54.867 66.2681 4.92103
33.2 15.9448 54.8385 66.2406 4.94948
33.3 15.9927 54.81 66.213 4.97801
33.4 16.0407 54.7814 66.1853 5.00661
33.5 16.0886 54.7527 66.1575 5.03529
33.6 16.1365 54.724 66.1295 5.06405
33.7 16.1844 54.6951 66.1014 5.09288
33.8 16.2323 54.6662 66.0731 5.12178
33.9 16.2803 54.6372 66.0448 5.15076
34 16.3282 54.6082 66.0163 5.17982
34.1 16.3761 54.579 65.9877 5.20895
34.2 16.424 54.5498 65.959 5.23816
34.3 16.4719 54.5206 65.9302 5.26745
34.4 16.5198 54.4912 65.9012 5.2968
34.5 16.5677 54.4618 65.8721 5.32624
34.6 16.6156 54.4323 65.8429 5.35574
34.7 16.6635 54.4027 65.8136 5.38533
34.8 16.7115 54.373 65.7842 5.41498
34.9 16.7594 54.3433 65.7547 5.44472
35 16.8073 54.3135 65.7251 5.47452
35.1 16.8552 54.2836 65.6953 5.5044
35.2 16.9031 54.2536 65.6654 5.53436
35.3 16.951 54.2236 65.6355 5.56439
35.4 16.9989 54.1935 65.6054 5.59449
35.5 17.0468 54.1633 65.5752 5.62467
35.6 17.0947 54.1331 65.5449 5.65492
35.7 17.1426 54.1028 65.5145 5.68524
35.8 17.1905 54.0724 65.484 5.71564
35.9 17.2384 54.0419 65.4534 5.74611
36 17.2863 54.0113 65.4227 5.77666
36.1 17.3341 53.9807 65.3919 5.80728
36.2 17.382 53.95 65.361 5.83797
36.3 17.4299 53.9193 65.33 5.86874
36.4 17.4778 53.8884 65.2989 5.89958
36.5 17.5257 53.8575 65.2676 5.93049
36.6 17.5736 53.8265 65.2363 5.96148
36.7 17.6215 53.7955 65.2049 5.99253
36.8 17.6694 53.7643 65.1734 6.02366
36.9 17.7172 53.7331 65.1418 6.05487
37 17.7651 53.7019 65.1101 6.08614
37.1 17.813 53.6705 65.0784 6.11749
37.2 17.8609 53.6391 65.0465 6.14892
37.3 17.9088 53.6076 65.0145 6.18041
37.4 17.9567 53.576 64.9824 6.21197
37.5 18.0045 53.5444 64.9503 6.24361
37.6 18.0524 53.5127 64.918 6.27532
37.7 18.1003 53.4809 64.8857 6.3071
37.8 18.1482 53.449 64.8533 6.33896
37.9 18.196 53.4171 64.8208 6.37088
38 18.2439 53.3851 64.7882 6.40288
38.1 18.2918 53.353 64.7555 6.43495
38.2 18.3396 53.3209 64.7227 6.46709
38.3 18.3875 53.2887 64.6898 6.4993
38.4 18.4354 53.2564 64.6569 6.53159
38.5 18.4832 53.2241 64.6239 6.56394
38.6 18.5311 53.1916 64.5907 6.59636
38.7 18.579 53.1591 64.5575 6.62886
38.8 18.6268 53.1266 64.5243 6.66143
38.9 18.6747 53.0939 64.4909 6.69407
39 18.7225 53.0612 64.4575 6.72677
39.1 18.7704 53.0284 64.4239 6.75955
39.2 18.8183 52.9956 64.3903 6.7924
39.3 18.8661 52.9627 64.3566 6.82532
39.4 18.914 52.9297 64.3229 6.85831
39.5 18.9618 52.8966 64.289 6.89137
39.6 19.0097 52.8635 64.2551 6.9245
39.7 19.0575 52.8303 64.2211 6.9577
39.8 19.1054 52.797 64.1871 6.99097
39.9 19.1532 52.7637 64.1529 7.02431
40 19.2011 52.7303 64.1187 7.05772
40.1 19.2489 52.6968 64.0844 7.0912
40.2 19.2968 52.6632 64.05 7.12475
40.3 19.3446 52.6296 64.0156 7.15837
40.4 19.3925 52.5959 63.9811 7.19206
40.5 19.4403 52.5622 63.9465 7.22581
40.6 19.4881 52.5284 63.9118 7.25964
40.7 19.536 52.4945 63.8771 7.29353
40.8 19.5838 52.4605 63.8423 7.3275
40.9 19.6316 52.4265 63.8074 7.36153
41 19.6795 52.3924 63.7725 7.39563
41.1 19.7273 52.3582 63.7374 7.4298
41.2 19.7751 52.324 63.7024 7.46404
41.3 19.823 52.2897 63.6672 7.49834
41.4 19.8708 52.2553 63.632 7.53272
41.5 19.9186 52.2208 63.5967 7.56716
41.6 19.9665 52.1863 63.5614 7.60167
41.7 20.0143 52.1518 63.5259 7.63625
41.8 20.0621 52.1171 63.4904 7.67089
41.9 20.1099 52.0824 63.4549 7.70561
42 20.1577 52.0476 63.4193 7.74039
42.1 20.2056 52.0128 63.3836 7.77524
42.2 20.2534 51.9778 63.3478 7.81015
42.3 20.3012 51.9429 63.312 7.84514
42.4 20.349 51.9078 63.2762 7.88019
42.5 20.3968 51.8727 63.2402 7.91531
42.6 20.4446 51.8375 63.2042 7.95049
42.7 20.4925 51.8023 63.1682 7.98574
42.8 20.5403 51.7669 63.132 8.02106
42.9 20.5881 51.7316 63.0959 8.05645
43 20.6359 51.6961 63.0596 8.0919
43.1 20.6837 51.6606 63.0233 8.12742
43.2 20.7315 51.625 62.9869 8.163
43.3 20.7793 51.5894 62.9505 8.19865
43.4 20.8271 51.5536 62.914 8.23437
43.5 20.8749 51.5179 62.8775 8.27015
43.6 20.9227 51.482 62.8409 8.306
43.7 20.9705 51.4461 62.8042 8.34191
43.8 21.0183 51.4101 62.7675 8.37789
43.9 21.0661 51.3741 62.7307 8.41394
44 21.1139 51.338 62.6939 8.45005
44.1 21.1617 51.3018 62.657 8.48622
44.2 21.2095 51.2655 62.6201 8.52246
44.3 21.2573 51.2292 62.5831 8.55877
44.4 21.305 51.1929 62.546 8.59514
44.5 21.3528 51.1564 62.5089 8.63158
44.6 21.4006 51.1199 62.4718 8.66808
44.7 21.4484 51.0834 62.4345 8.70464
44.8 21.4962 51.0467 62.3973 8.74127
44.9 21.544 51.01 62.36 8.77797
45 21.5917 50.9733 62.3226 8.81473
45.1 21.6395 50.9364 62.2852 8.85155
45.2 21.6873 50.8996 62.2477 8.88844
45.3 21.7351 50.8626 62.2101 8.92539
45.4 21.7828 50.8256 62.1726 8.9624
45.5 21.8306 50.7885 62.1349 8.99948
45.6 21.8784 50.7514 62.0972 9.03663
45.7 21.9261 50.7142 62.0595 9.07383
45.8 21.9739 50.6769 62.0217 9.1111
45.9 22.0217 50.6396 61.9839 9.14843
46 22.0694 50.6022 61.946 9.18583
46.1 22.1172 50.5647 61.908 9.22329
46.2 22.165 50.5272 61.8701 9.26081
46.3 22.2127 50.4896 61.832 9.2984
46.4 22.2605 50.452 61.7939 9.33604
46.5 22.3082 50.4142 61.7558 9.37375
46.6 22.356 50.3765 61.7176 9.41153
46.7 22.4037 50.3386 61.6794 9.44936
46.8 22.4515 50.3007 61.6411 9.48726
46.9 22.4992 50.2628 61.6028 9.52522
47 22.547 50.2248 61.5644 9.56324
47.1 22.5947 50.1867 61.526 9.60132
47.2 22.6425 50.1485 61.4876 9.63947
47.3 22.6902 50.1103 61.4491 9.67768
47.4 22.738 50.0721 61.4105 9.71594
47.5 22.7857 50.0337 61.3719 9.75427
47.6 22.8334 49.9953 61.3333 9.79267
47.7 22.8812 49.9569 61.2946 9.83112
47.8 22.9289 49.9184 61.2558 9.86963
47.9 22.9767 49.8798 61.2171 9.90821
48 23.0244 49.8412 61.1783 9.94684
48.1 23.0721 49.8025 61.1394 9.98554
48.2 23.1198 49.7637 61.1005 10.0243
48.3 23.1676 49.7249 61.0615 10.0631
48.4 23.2153 49.686 61.0226 10.102
48.5 23.263 49.6471 60.9835 10.1409
48.6 23.3107 49.6081 60.9444 10.1799
48.7 23.3585 49.569 60.9053 10.219
48.8 23.4062 49.5299 60.8662 10.2581
48.9 23.4539 49.4907 60.827 10.2973
49 23.5016 49.4515 60.7877 10.3365
49.1 23.5493 49.4122 60.7485 10.3758
49.2 23.597 49.3728 60.7091 10.4152
49.3 23.6447 49.3334 60.6698 10.4546
49.4 23.6925 49.2939 60.6304 10.4941
49.5 23.7402 49.2544 60.5909 10.5336
49.6 23.7879 49.2148 60.5514 10.5732
49.7 23.8356 49.1751 60.5119 10.6129
49.8 23.8833 49.1354 60.4724 10.6526
49.9 23.931 49.0957 60.4328 10.6923
50 23.9787 49.0558 60.3931 10.7322
50.1 24.0264 49.016 60.3534 10.772
50.2 24.0741 48.976 60.3137 10.812
50.3 24.1218 48.936 60.274 10.852
50.4 24.1694 48.8959 60.2342 10.8921
50.5 24.2171 48.8558 60.1944 10.9322
50.6 24.2648 48.8156 60.1545 10.9724
50.7 24.3125 48.7754 60.1146 11.0126
50.8 24.3602 48.7351 60.0746 11.0529
50.9 24.4079 48.6948 60.0347 11.0932
51 24.4556 48.6544 59.9947 11.1336
51.1 24.5032 48.6139 59.9546 11.1741
51.2 24.5509 48.5734 59.9145 11.2146
51.3 24.5986 48.5328 59.8744 11.2552
51.4 24.6463 48.4922 59.8342 11.2958
51.5 24.6939 48.4515 59.7941 11.3365
51.6 24.7416 48.4107 59.7538 11.3773
51.7 24.7893 48.3699 59.7136 11.4181
51.8 24.8369 48.3291 59.6733 11.4589
51.9 24.8846 48.2881 59.6329 11.4999
52 24.9323 48.2472 59.5926 11.5408
52.1 24.9799 48.2061 59.5522 11.5819
52.2 25.0276 48.1651 59.5117 11.6229
52.3 25.0752 48.1239 59.4713 11.6641
52.4 25.1229 48.0827 59.4308 11.7053
52.5 25.1705 48.0415 59.3902 11.7465
52.6 25.2182 48.0002 59.3497 11.7878
52.7 25.2658 47.9588 59.3091 11.8292
52.8 25.3135 47.9174 59.2684 11.8706
52.9 25.3611 47.8759 59.2278 11.9121
53 25.4088 47.8344 59.1871 11.9536
53.1 25.4564 47.7928 59.1463 11.9952
53.2 25.5041 47.7512 59.1056 12.0368
53.3 25.5517 47.7095 59.0648 12.0785
53.4 25.5993 47.6677 59.0239 12.1203
53.5 25.647 47.6259 58.9831 12.1621
53.6 25.6946 47.5841 58.9422 12.2039
53.7 25.7422 47.5422 58.9013 12.2458
53.8 25.7899 47.5002 58.8603 12.2878
53.9 25.8375 47.4582 58.8193 12.3298
54 25.8851 47.4162 58.7783 12.3718
54.1 25.9327 47.374 58.7373 12.414
54.2 25.9803 47.3319 58.6962 12.4561
54.3 26.028 47.2896 58.6551 12.4984
54.4 26.0756 47.2474 58.6139 12.5406
54.5 26.1232 47.205 58.5728 12.583
54.6 26.1708 47.1626 58.5316 12.6254
54.7 26.2184 47.1202 58.4904 12.6678
54.8 26.266 47.0777 58.4491 12.7103
54.9 26.3136 47.0352 58.4078 12.7528
55 26.3612 46.9926 58.3665 12.7954
55.1 26.4088 46.9499 58.3252 12.8381
55.2 26.4564 46.9072 58.2838 12.8808
55.3 26.504 46.8645 58.2424 12.9235
55.4 26.5516 46.8217 58.201 12.9663
55.5 26.5992 46.7788 58.1595 13.0092
55.6 26.6468 46.7359 58.118 13.0521
55.7 26.6944 46.693 58.0765 13.095
55.8 26.742 46.6499 58.035 13.1381
55.9 26.7896 46.6069 57.9934 13.1811
56 26.8372 46.5638 57.9518 13.2242
56.1 26.8847 46.5206 57.9102 13.2674
56.2 26.9323 46.4774 57.8685 13.3106
56.3 26.9799 46.4341 57.8269 13.3539
56.4 27.0275 46.3908 57.7852 13.3972
56.5 27.075 46.3475 57.7434 13.4405
56.6 27.1226 46.3041 57.7017 13.4839
56.7 27.1702 46.2606 57.6599 13.5274
56.8 27.2177 46.2171 57.6181 13.5709
56.9 27.2653 46.1735 57.5762 13.6145
57 27.3129 46.1299 57.5344 13.6581
57.1 27.3604 46.0863 57.4925 13.7017
57.2 27.408 46.0425 57.4506 13.7455
57.3 27.4555 45.9988 57.4086 13.7892
57.4 27.5031 45.955 57.3667 13.833
57.5 27.5506 45.9111 57.3247 13.8769
57.6 27.5982 45.8672 57.2827 13.9208
57.7 27.6457 45.8233 57.2406 13.9647
57.8 27.6933 45.7792 57.1985 14.0088
57.9 27.7408 45.7352 57.1565 14.0528
58 27.7884 45.6911 57.1143 14.0969
58.1 27.8359 45.6469 57.0722 14.1411
58.2 27.8834 45.6028 57.03 14.1852
58.3 27.931 45.5585 56.9878 14.2295
58.4 27.9785 45.5142 56.9456 14.2738
58.5 28.026 45.4699 56.9034 14.3181
58.6 28.0735 45.4255 56.8611 14.3625
58.7 28.1211 45.3811 56.8188 14.4069
58.8 28.1686 45.3366 56.7765 14.4514
58.9 28.2161 45.292 56.7342 14.496
59 28.2636 45.2475 56.6918 14.5405
59.1 28.3111 45.2028 56.6495 14.5852
59.2 28.3587 45.1582 56.6071 14.6298
59.3 28.4062 45.1135 56.5646 14.6745
59.4 28.4537 45.0687 56.5222 14.7193
59.5 28.5012 45.0239 56.4797 14.7641
59.6 28.5487 44.979 56.4372 14.809
59.7 28.5962 44.9341 56.3947 14.8539
59.8 28.6437 44.8892 56.3521 14.8988
59.9 28.6912 44.8442 56.3096 14.9438
60 28.7387 44.7992 56.267 14.9888
60.1 28.7862 44.7541 56.2244 15.0339
60.2 28.8336 44.709 56.1818 15.079
60.3 28.8811 44.6638 56.1391 15.1242
60.4 28.9286 44.6186 56.0964 15.1694
60.5 28.9761 44.5733 56.0537 15.2147
60.6 29.0236 44.528 56.011 15.26
60.7 29.0711 44.4826 55.9683 15.3054
60.8 29.1185 44.4372 55.9255 15.3508
60.9 29.166 44.3918 55.8827 15.3962
61 29.2135 44.3463 55.8399 15.4417
61.1 29.2609 44.3008 55.7971 15.4872
61.2 29.3084 44.2552 55.7543 15.5328
61.3 29.3559 44.2096 55.7114 15.5784
61.4 29.4033 44.1639 55.6685 15.6241
61.5 29.4508 44.1182 55.6256 15.6698
61.6 29.4982 44.0725 55.5827 15.7155
61.7 29.5457 44.0267 55.5397 15.7613
61.8 29.5931 43.9809 55.4967 15.8071
61.9 29.6406 43.935 55.4538 15.853
62 29.688 43.8891 55.4107 15.8989
62.1 29.7355 43.8431 55.3677 15.9449
62.2 29.7829 43.7971 55.3247 15.9909
62.3 29.8303 43.7511 55.2816 16.0369
62.4 29.8778 43.705 55.2385 16.083
62.5 29.9252 43.6588 55.1954 16.1292
62.6 29.9726 43.6127 55.1523 16.1753
62.7 30.0201 43.5665 55.1091 16.2215
62.8 30.0675 43.5202 55.0659 16.2678
62.9 30.1149 43.4739 55.0228 16.3141
63 30.1623 43.4276 54.9795 16.3604
63.1 30.2097 43.3812 54.9363 16.4068
63.2 30.2571 43.3348 54.8931 16.4532
63.3 30.3046 43.2883 54.8498 16.4997
63.4 30.352 43.2418 54.8065 16.5462
63.5 30.3994 43.1953 54.7632 16.5927
63.6 30.4468 43.1487 54.7199 16.6393
63.7 30.4942 43.1021 54.6766 16.6859
63.8 30.5416 43.0554 54.6332 16.7326
63.9 30.589 43.0087 54.5898 16.7793
64 30.6364 42.9619 54.5464 16.8261
64.1 30.6837 42.9152 54.503 16.8728
64.2 30.7311 42.8683 54.4596 16.9197
64.3 30.7785 42.8215 54.4161 16.9665
64.4 30.8259 42.7746 54.3727 17.0134
64.5 30.8733 42.7276 54.3292 17.0604
64.6 30.9206 42.6806 54.2857 17.1074
64.7 30.968 42.6336 54.2421 17.1544
64.8 31.0154 42.5866 54.1986 17.2014
64.9 31.0628 42.5395 54.155 17.2485
65 31.1101 42.4923 54.1115 17.2957
65.1 31.1575 42.4451 54.0679 17.3429
65.2 31.2048 42.3979 54.0243 17.3901
65.3 31.2522 42.3507 53.9806 17.4373
65.4 31.2996 42.3034 53.937 17.4846
65.5 31.3469 42.2561 53.8933 17.5319
65.6 31.3942 42.2087 53.8497 17.5793
65.7 31.4416 42.1613 53.806 17.6267
65.8 31.4889 42.1139 53.7622 17.6741
65.9 31.5363 42.0664 53.7185 17.7216
66 31.5836 42.0189 53.6748 17.7691
66.1 31.6309 41.9713 53.631 17.8167
66.2 31.6783 41.9237 53.5872 17.8643
66.3 31.7256 41.8761 53.5434 17.9119
66.4 31.7729 41.8285 53.4996 17.9595
66.5 31.8202 41.7808 53.4558 18.0072
66.6 31.8676 41.733 53.4119 18.055
66.7 31.9149 41.6853 53.3681 18.1027
66.8 31.9622 41.6374 53.3242 18.1506
66.9 32.0095 41.5896 53.2803 18.1984
67 32.0568 41.5417 53.2364 18.2463
67.1 32.1041 41.4938 53.1925 18.2942
67.2 32.1514 41.4459 53.1485 18.3421
67.3 32.1987 41.3979 53.1046 18.3901
67.4 32.246 41.3499 53.0606 18.4381
67.5 32.2933 41.3018 53.0166 18.4862
67.6 32.3406 41.2537 52.9726 18.5343
67.7 32.3879 41.2056 52.9286 18.5824
67.8 32.4352 41.1575 52.8846 18.6305
67.9 32.4824 41.1093 52.8405 18.6787
68 32.5297 41.061 52.7964 18.727
68.1 32.577 41.0128 52.7524 18.7752
68.2 32.6243 40.9645 52.7083 18.8235
68.3 32.6715 40.9162 52.6642 18.8718
68.4 32.7188 40.8678 52.62 18.9202
68.5 32.766 40.8194 52.5759 18.9686
68.6 32.8133 40.771 52.5317 19.017
68.7 32.8606 40.7225 52.4876 19.0655
68.8 32.9078 40.674 52.4434 19.114
68.9 32.9551 40.6255 52.3992 19.1625
69 33.0023 40.5769 52.355 19.2111
69.1 33.0495 40.5284 52.3107 19.2596
69.2 33.0968 40.4797 52.2665 19.3083
69.3 33.144 40.4311 52.2222 19.3569
69.4 33.1913 40.3824 52.178 19.4056
69.5 33.2385 40.3337 52.1337 19.4543
69.6 33.2857 40.2849 52.0894 19.5031
69.7 33.3329 40.2361 52.0451 19.5519
69.8 33.3802 40.1873 52.0007 19.6007
69.9 33.4274 40.1385 51.9564 19.6495
70 33.4746 40.0896 51.912 19.6984
70.1 33.5218 40.0407 51.8676 19.7473
70.2 33.569 39.9917 51.8233 19.7963
70.3 33.6162 39.9428 51.7789 19.8452
70.4 33.6634 39.8938 51.7345 19.8942
70.5 33.7106 39.8447 51.69 19.9433
70.6 33.7578 39.7957 51.6456 19.9923
70.7 33.805 39.7466 51.6011 20.0414
70.8 33.8522 39.6975 51.5567 20.0905
70.9 33.8994 39.6483 51.5122 20.1397
71 33.9465 39.5991 51.4677 20.1889
71.1 33.9937 39.5499 51.4232 20.2381
71.2 34.0409 39.5007 51.3787 20.2873
71.3 34.0881 39.4514 51.3341 20.3366
71.4 34.1352 39.4021 51.2896 20.3859
71.5 34.1824 39.3528 51.245 20.4352
71.6 34.2296 39.3034 51.2004 20.4846
71.7 34.2767 39.2541 51.1559 20.5339
71.8 34.3239 39.2046 51.1113 20.5834
71.9 34.371 39.1552 51.0666 20.6328
72 34.4182 39.1057 51.022 20.6823
72.1 34.4653 39.0562 50.9774 20.7318
72.2 34.5124 39.0067 50.9327 20.7813
72.3 34.5596 38.9572 50.8881 20.8308
72.4 34.6067 38.9076 50.8434 20.8804
72.5 34.6538 38.858 50.7987 20.93
72.6 34.701 38.8083 50.754 20.9797
72.7 34.7481 38.7587 50.7093 21.0293
72.8 34.7952 38.709 50.6646 21.079
72.9 34.8423 38.6593 50.6198 21.1287
73 34.8894 38.6095 50.5751 21.1785
73.1 34.9365 38.5597 50.5303 21.2283
73.2 34.9836 38.5099 50.4855 21.2781
73.3 35.0307 38.4601 50.4407 21.3279
73.4 35.0778 38.4103 50.396 21.3777
73.5 35.1249 38.3604 50.3511 21.4276
73.6 35.172 38.3105 50.3063 21.4775
73.7 35.2191 38.2606 50.2615 21.5274
73.8 35.2662 38.2106 50.2166 21.5774
73.9 35.3133 38.1606 50.1718 21.6274
74 35.3603 38.1106 50.1269 21.6774
74.1 35.4074 38.0606 50.082 21.7274
74.2 35.4545 38.0106 50.0371 21.7774
74.3 35.5015 37.9605 49.9922 21.8275
74.4 35.5486 37.9104 49.9473 21.8776
74.5 35.5957 37.8603 49.9024 21.9277
74.6 35.6427 37.8101 49.8574 21.9779
74.7 35.6898 37.7599 49.8125 22.0281
74.8 35.7368 37.7097 49.7675 22.0783
74.9 35.7838 37.6595 49.7225 22.1285
75 35.8309 37.6093 49.6776 22.1787
75.1 35.8779 37.559 49.6326 22.229
75.2 35.9249 37.5087 49.5876 22.2793
75.3 35.972 37.4584 49.5425 22.3296
75.4 36.019 37.4081 49.4975 22.3799
75.5 36.066 37.3577 49.4525 22.4303
75.6 36.113 37.3073 49.4074 22.4807
75.7 36.16 37.2569 49.3623 22.5311
75.8 36.207 37.2065 49.3173 22.5815
75.9 36.254 37.156 49.2722 22.632
76 36.301 37.1055 49.2271 22.6825
76.1 36.348 37.055 49.182 22.733
76.2 36.395 37.0045 49.1369 22.7835
76.3 36.442 36.954 49.0917 22.834
76.4 36.489 36.9034 49.0466 22.8846
76.5 36.536 36.8528 49.0014 22.9352
76.6 36.5829 36.8022 48.9563 22.9858
76.7 36.6299 36.7516 48.9111 23.0364
76.8 36.6769 36.701 48.8659 23.087
76.9 36.7238 36.6503 48.8207 23.1377
77 36.7708 36.5996 48.7755 23.1884
77.1 36.8177 36.5489 48.7303 23.2391
77.2 36.8647 36.4982 48.6851 23.2898
77.3 36.9116 36.4474 48.6399 23.3406
77.4 36.9586 36.3967 48.5946 23.3913
77.5 37.0055 36.3459 48.5494 23.4421
77.6 37.0525 36.2951 48.5041 23.4929
77.7 37.0994 36.2443 48.4588 23.5437
77.8 37.1463 36.1934 48.4135 23.5946
77.9 37.1932 36.1425 48.3682 23.6455
78 37.2401 36.0917 48.3229 23.6963
78.1 37.2871 36.0408 48.2776 23.7472
78.2 37.334 35.9898 48.2323 23.7982
78.3 37.3809 35.9389 48.187 23.8491
78.4 37.4278 35.8879 48.1416 23.9001
78.5 37.4747 35.837 48.0963 23.951
78.6 37.5216 35.786 48.0509 24.002
78.7 37.5684 35.735 48.0055 24.053
78.8 37.6153 35.6839 47.9601 24.1041
78.9 37.6622 35.6329 47.9147 24.1551
79 37.7091 35.5818 47.8693 24.2062
79.1 37.7559 35.5307 47.8239 24.2573
79.2 37.8028 35.4796 47.7785 24.3084
79.3 37.8497 35.4285 47.7331 24.3595
79.4 37.8965 35.3774 47.6876 24.4106
79.5 37.9434 35.3262 47.6422 24.4618
79.6 37.9902 35.2751 47.5967 24.5129
79.7 38.0371 35.2239 47.5512 24.5641
79.8 38.0839 35.1727 47.5058 24.6153
79.9 38.1307 35.1215 47.4603 24.6665
80 38.1776 35.0702 47.4148 24.7178
80.1 38.2244 35.019 47.3693 24.769
80.2 38.2712 34.9677 47.3238 24.8203
80.3 38.318 34.9164 47.2782 24.8716
80.4 38.3648 34.8651 47.2327 24.9229
80.5 38.4116 34.8138 47.1871 24.9742
80.6 38.4585 34.7625 47.1416 25.0255
80.7 38.5052 34.7112 47.096 25.0768
80.8 38.552 34.6598 47.0505 25.1282
80.9 38.5988 34.6084 47.0049 25.1796
81 38.6456 34.5571 46.9593 25.2309
81.1 38.6924 34.5057 46.9137 25.2823
81.2 38.7392 34.4543 46.8681 25.3337
81.3 38.7859 34.4028 46.8225 25.3852
81.4 38.8327 34.3514 46.7769 25.4366
81.5 38.8795 34.2999 46.7312 25.4881
81.6 38.9262 34.2485 46.6856 25.5395
81.7 38.973 34.197 46.6399 25.591
81.8 39.0197 34.1455 46.5943 25.6425
81.9 39.0665 34.094 46.5486 25.694
82 39.1132 34.0425 46.5029 25.7455
82.1 39.1599 33.9909 46.4572 25.7971
82.2 39.2067 33.9394 46.4116 25.8486
82.3 39.2534 33.8879 46.3659 25.9001
82.4 39.3001 33.8363 46.3201 25.9517
82.5 39.3468 33.7847 46.2744 26.0033
82.6 39.3935 33.7331 46.2287 26.0549
82.7 39.4402 33.6815 46.183 26.1065
82.8 39.4869 33.6299 46.1372 26.1581
82.9 39.5336 33.5783 46.0915 26.2097
83 39.5803 33.5266 46.0457 26.2614
83.1 39.627 33.475 45.9999 26.313
83.2 39.6737 33.4233 45.9542 26.3647
83.3 39.7203 33.3717 45.9084 26.4163
83.4 39.767 33.32 45.8626 26.468
83.5 39.8137 33.2683 45.8168 26.5197
83.6 39.8603 33.2166 45.771 26.5714
83.7 39.907 33.1649 45.7252 26.6231
83.8 39.9536 33.1132 45.6793 26.6748
83.9 40.0003 33.0614 45.6335 26.7266
84 40.0469 33.0097 45.5877 26.7783
84.1 40.0935 32.9579 45.5418 26.8301
84.2 40.1401 32.9062 45.496 26.8818
84.3 40.1868 32.8544 45.4501 26.9336
84.4 40.2334 32.8026 45.4042 26.9854
84.5 40.28 32.7508 45.3583 27.0372
84.6 40.3266 32.699 45.3124 27.089
84.7 40.3732 32.6472 45.2666 27.1408
84.8 40.4198 32.5954 45.2207 27.1926
84.9 40.4664 32.5436 45.1747 27.2444
85 40.513 32.4918 45.1288 27.2962
85.1 40.5596 32.4399 45.0829 27.3481
85.2 40.6061 32.3881 45.037 27.3999
85.3 40.6527 32.3362 44.991 27.4518
85.4 40.6993 32.2844 44.9451 27.5036
85.5 40.7458 32.2325 44.8991 27.5555
85.6 40.7924 32.1806 44.8531 27.6074
85.7 40.8389 32.1288 44.8072 27.6592
85.8 40.8855 32.0769 44.7612 27.7111
85.9 40.932 32.025 44.7152 27.763
86 40.9785 31.9731 44.6692 27.8149
86.1 41.0251 31.9212 44.6232 27.8668
86.2 41.0716 31.8693 44.5772 27.9187
86.3 41.1181 31.8173 44.5312 27.9707
86.4 41.1646 31.7654 44.4852 28.0226
86.5 41.2111 31.7135 44.4391 28.0745
86.6 41.2576 31.6616 44.3931 28.1264
86.7 41.3041 31.6096 44.3471 28.1784
86.8 41.3506 31.5577 44.301 28.2303
86.9 41.3971 31.5057 44.2549 28.2823
87 41.4435 31.4538 44.2089 28.3342
87.1 41.49 31.4018 44.1628 28.3862
87.2 41.5365 31.3498 44.1167 28.4382
87.3 41.5829 31.2979 44.0706 28.4901
87.4 41.6294 31.2459 44.0245 28.5421
87.5 41.6758 31.1939 43.9784 28.5941
87.6 41.7223 31.1419 43.9323 28.6461
87.7 41.7687 31.0899 43.8862 28.6981
87.8 41.8151 31.0379 43.8401 28.7501
87.9 41.8615 30.986 43.794 28.802
88 41.908 30.934 43.7478 28.854
88.1 41.9544 30.882 43.7017 28.906
88.2 42.0008 30.83 43.6555 28.958
88.3 42.0472 30.7779 43.6094 29.0101
88.4 42.0936 30.7259 43.5632 29.0621
88.5 42.14 30.6739 43.517 29.1141
88.6 42.1863 30.6219 43.4709 29.1661
88.7 42.2327 30.5699 43.4247 29.2181
88.8 42.2791 30.5179 43.3785 29.2701
88.9 42.3254 30.4659 43.3323 29.3221
89 42.3718 30.4138 43.2861 29.3742
89.1 42.4181 30.3618 43.2399 29.4262
89.2 42.4645 30.3098 43.1937 29.4782
89.3 42.5108 30.2578 43.1474 29.5302
89.4 42.5572 30.2057 43.1012 29.5823
89.5 42.6035 30.1537 43.055 29.6343
89.6 42.6498 30.1017 43.0087 29.6863
89.7 42.6961 30.0496 42.9625 29.7384
89.8 42.7424 29.9976 42.9162 29.7904
89.9 42.7887 29.9456 42.87 29.8424
90 42.835 29.8936 42.8237 29.8944
90.1 42.8813 29.8415 42.7774 29.9465
90.2 42.9276 29.7895 42.7311 29.9985
90.3 42.9739 29.7375 42.6849 30.0505
90.4 43.0201 29.6854 42.6386 30.1026
90.5 43.0664 29.6334 42.5923 30.1546
90.6 43.1127 29.5814 42.546 30.2066
90.7 43.1589 29.5294 42.4996 30.2586
90.8 43.2051 29.4773 42.4533 30.3107
90.9 43.2514 29.4253 42.407 30.3627
91 43.2976 29.3733 42.3607 30.4147
91.1 43.3438 29.3213 42.3143 30.4667
91.2 43.3901 29.2692 42.268 30.5188
91.3 43.4363 29.2172 42.2216 30.5708
91.4 43.4825 29.1652 42.1753 30.6228
91.5 43.5287 29.1132 42.1289 30.6748
91.6 43.5749 29.0612 42.0826 30.7268
91.7 43.621 29.0092 42.0362 30.7788
91.8 43.6672 28.9572 41.9898 30.8308
91.9 43.7134 28.9052 41.9434 30.8828
92 43.7596 28.8532 41.897 30.9348
92.1 43.8057 28.8012 41.8506 30.9868
92.2 43.8519 28.7492 41.8042 31.0388
92.3 43.898 28.6972 41.7578 31.0908
92.4 43.9441 28.6452 41.7114 31.1428
92.5 43.9903 28.5932 41.665 31.1948
92.6 44.0364 28.5412 41.6186 31.2468
92.7 44.0825 28.4893 41.5721 31.2987
92.8 44.1286 28.4373 41.5257 31.3507
92.9 44.1747 28.3853 41.4792 31.4027
93 44.2208 28.3334 41.4328 31.4546
93.1 44.2669 28.2814 41.3863 31.5066
93.2 44.313 28.2295 41.3399 31.5585
93.3 44.359 28.1775 41.2934 31.6105
93.4 44.4051 28.1256 41.2469 31.6624
93.5 44.4512 28.0736 41.2004 31.7144
93.6 44.4972 28.0217 41.154 31.7663
93.7 44.5433 27.9698 41.1075 31.8182
93.8 44.5893 27.9179 41.061 31.8701
93.9 44.6353 27.8659 41.0145 31.9221
94 44.6814 27.814 40.968 31.974
94.1 44.7274 27.7621 40.9215 32.0259
94.2 44.7734 27.7102 40.8749 32.0778
94.3 44.8194 27.6584 40.8284 32.1296
94.4 44.8654 27.6065 40.7819 32.1815
94.5 44.9114 27.5546 40.7354 32.2334
94.6 44.9573 27.5027 40.6888 32.2853
94.7 45.0033 27.4509 40.6423 32.3371
94.8 45.0493 27.399 40.5957 32.389
94.9 45.0952 27.3472 40.5492 32.4408
95 45.1412 27.2953 40.5026 32.4927
95.1 45.1871 27.2435 40.456 32.5445
95.2 45.233 27.1917 40.4095 32.5963
95.3 45.279 27.1399 40.3629 32.6481
95.4 45.3249 27.0881 40.3163 32.6999
95.5 45.3708 27.0363 40.2697 32.7517
95.6 45.4167 26.9845 40.2231 32.8035
95.7 45.4626 26.9327 40.1765 32.8553
95.8 45.5085 26.8809 40.1299 32.9071
95.9 45.5544 26.8292 40.0833 32.9588
96 45.6002 26.7774 40.0367 33.0106
96.1 45.6461 26.7257 39.9901 33.0623
96.2 45.6919 26.674 39.9435 33.114
96.3 45.7378 26.6222 39.8968 33.1658
96.4 45.7836 26.5705 39.8502 33.2175
96.5 45.8295 26.5188 39.8035 33.2692
96.6 45.8753 26.4671 39.7569 33.3209
96.7 45.9211 26.4155 39.7103 33.3725
96.8 45.9669 26.3638 39.6636 33.4242
96.9 46.0127 26.3121 39.6169 33.4759
97 46.0585 26.2605 39.5703 33.5275
97.1 46.1043 26.2088 39.5236 33.5792
97.2 46.1501 26.1572 39.4769 33.6308
97.3 46.1958 26.1056 39.4302 33.6824
97.4 46.2416 26.054 39.3836 33.734
97.5 46.2873 26.0024 39.3369 33.7856
97.6 46.3331 25.9508 39.2902 33.8372
97.7 46.3788 25.8993 39.2435 33.8887
97.8 46.4245 25.8477 39.1968 33.9403
97.9 46.4702 25.7962 39.1501 33.9918
98 46.5159 25.7446 39.1034 34.0434
98.1 46.5616 25.6931 39.0566 34.0949
98.2 46.6073 25.6416 39.0099 34.1464
98.3 46.653 25.5901 38.9632 34.1979
98.4 46.6987 25.5386 38.9164 34.2494
98.5 46.7444 25.4872 38.8697 34.3008
98.6 46.79 25.4357 38.823 34.3523
98.7 46.8357 25.3843 38.7762 34.4037
98.8 46.8813 25.3329 38.7295 34.4551
98.9 46.9269 25.2815 38.6827 34.5065
99 46.9725 25.2301 38.6359 34.5579
99.1 47.0182 25.1787 38.5892 34.6093
99.2 47.0638 25.1273 38.5424 34.6607
99.3 47.1094 25.076 38.4956 34.712
99.4 47.1549 25.0246 38.4488 34.7634
99.5 47.2005 24.9733 38.4021 34.8147
99.6 47.2461 24.922 38.3553 34.866
99.7 47.2916 24.8707 38.3085 34.9173
99.8 47.3372 24.8194 38.2617 34.9686
99.9 47.3827 24.7681 38.2149 35.0199
100 47.4283 24.7169 38.1681 35.0711
100.1 47.4738 24.6657 38.1213 35.1223
100.2 47.5193 24.6144 38.0744 35.1736
100.3 47.5648 24.5632 38.0276 35.2248
100.4 47.6103 24.5121 37.9808 35.2759
100.5 47.6558 24.4609 37.934 35.3271
100.6 47.7013 24.4097 37.8871 35.3783
100.7 47.7467 24.3586 37.8403 35.4294
100.8 47.7922 24.3075 37.7934 35.4805
100.9 47.8376 24.2564 37.7466 35.5316
101 47.8831 24.2053 37.6997 35.5827
101.1 47.9285 24.1542 37.6529 35.6338
101.2 47.9739 24.1032 37.606 35.6848
101.3 48.0193 24.0522 37.5592 35.7358
101.4 48.0647 24.0012 37.5123 35.7868
101.5 48.1101 23.9502 37.4654 35.8378
101.6 48.1555 23.8992 37.4185 35.8888
101.7 48.2009 23.8482 37.3717 35.9398
101.8 48.2462 23.7973 37.3248 35.9907
101.9 48.2916 23.7464 37.2779 36.0416
102 48.3369 23.6955 37.231 36.0925
102.1 48.3822 23.6446 37.1841 36.1434
102.2 48.4276 23.5937 37.1372 36.1943
102.3 48.4729 23.5429 37.0903 36.2451
102.4 48.5182 23.492 37.0433 36.296
102.5 48.5635 23.4412 36.9964 36.3468
102.6 48.6087 23.3904 36.9495 36.3976
102.7 48.654 23.3397 36.9026 36.4483
102.8 48.6993 23.2889 36.8557 36.4991
102.9 48.7445 23.2382 36.8087 36.5498
103 48.7897 23.1875 36.7618 36.6005
103.1 48.835 23.1368 36.7148 36.6512
103.2 48.8802 23.0861 36.6679 36.7019
103.3 48.9254 23.0355 36.6209 36.7525
103.4 48.9706 22.9849 36.574 36.8031
103.5 49.0158 22.9343 36.527 36.8537
103.6 49.061 22.8837 36.4801 36.9043
103.7 49.1061 22.8331 36.4331 36.9549
103.8 49.1513 22.7826 36.3861 37.0054
103.9 49.1964 22.7321 36.3392 37.0559
104 49.2416 22.6816 36.2922 37.1064
104.1 49.2867 22.6311 36.2452 37.1569
104.2 49.3318 22.5806 36.1982 37.2074
104.3 49.3769 22.5302 36.1512 37.2578
104.4 49.422 22.4798 36.1042 37.3082
104.5 49.4671 22.4294 36.0572 37.3586
104.6 49.5121 22.3791 36.0102 37.4089
104.7 49.5572 22.3287 35.9632 37.4593
104.8 49.6022 22.2784 35.9162 37.5096
104.9 49.6473 22.2281 35.8692 37.5599
105 49.6923 22.1778 35.8222 37.6102
105.1 49.7373 22.1276 35.7752 37.6604
105.2 49.7823 22.0774 35.7281 37.7106
105.3 49.8273 22.0272 35.6811 37.7608
105.4 49.8723 21.977 35.6341 37.811
105.5 49.9173 21.9269 35.587 37.8611
105.6 49.9622 21.8767 35.54 37.9113
105.7 50.0072 21.8266 35.493 37.9614
105.8 50.0521 21.7766 35.4459 38.0114
105.9 50.097 21.7265 35.3989 38.0615
106 50.1419 21.6765 35.3518 38.1115
106.1 50.1868 21.6265 35.3047 38.1615
106.2 50.2317 21.5765 35.2577 38.2115
106.3 50.2766 21.5265 35.2106 38.2615
106.4 50.3214 21.4766 35.1635 38.3114
106.5 50.3663 21.4267 35.1165 38.3613
106.6 50.4111 21.3768 35.0694 38.4112
106.7 50.456 21.327 35.0223 38.461
106.8 50.5008 21.2772 34.9752 38.5108
106.9 50.5456 21.2274 34.9281 38.5606
107 50.5904 21.1776 34.881 38.6104
107.1 50.6351 21.1279 34.834 38.6601
107.2 50.6799 21.0781 34.7869 38.7099
107.3 50.7247 21.0285 34.7397 38.7595
107.4 50.7694 20.9788 34.6926 38.8092
107.5 50.8141 20.9292 34.6455 38.8588
107.6 50.8588 20.8795 34.5984 38.9085
107.7 50.9036 20.83 34.5513 38.958
107.8 50.9482 20.7804 34.5042 39.0076
107.9 50.9929 20.7309 34.4571 39.0571
108 51.0376 20.6814 34.4099 39.1066
108.1 51.0822 20.6319 34.3628 39.1561
108.2 51.1269 20.5825 34.3157 39.2055
108.3 51.1715 20.5331 34.2685 39.2549
108.4 51.2161 20.4837 34.2214 39.3043
108.5 51.2607 20.4343 34.1742 39.3537
108.6 51.3053 20.385 34.1271 39.403
108.7 51.3499 20.3357 34.0799 39.4523
108.8 51.3945 20.2864 34.0328 39.5016
108.9 51.439 20.2372 33.9856 39.5508
109 51.4835 20.188 33.9385 39.6
109.1 51.5281 20.1388 33.8913 39.6492
109.2 51.5726 20.0896 33.8441 39.6984
109.3 51.6171 20.0405 33.797 39.7475
109.4 51.6616 19.9914 33.7498 39.7966
109.5 51.706 19.9424 33.7026 39.8456
109.6 51.7505 19.8933 33.6554 39.8947
109.7 51.7949 19.8443 33.6082 39.9437
109.8 51.8394 19.7954 33.561 39.9926
109.9 51.8838 19.7464 33.5139 40.0416
110 51.9282 19.6975 33.4667 40.0905
110.1 51.9726 19.6486 33.4195 40.1394
110.2 52.0169 19.5998 33.3723 40.1882
110.3 52.0613 19.551 33.3251 40.237
110.4 52.1056 19.5022 33.2778 40.2858
110.5 52.15 19.4535 33.2306 40.3345
110.6 52.1943 19.4047 33.1834 40.3833
110.7 52.2386 19.356 33.1362 40.432
110.8 52.2829 19.3074 33.089 40.4806
110.9 52.3272 19.2588 33.0418 40.5292
111 52.3714 19.2102 32.9945 40.5778
111.1 52.4157 19.1616 32.9473 40.6264
111.2 52.4599 19.1131 32.9001 40.6749
111.3 52.5041 19.0646 32.8528 40.7234
111.4 52.5483 19.0161 32.8056 40.7719
111.5 52.5925 18.9677 32.7583 40.8203
111.6 52.6367 18.9193 32.7111 40.8687
111.7 52.6808 18.871 32.6638 40.917
111.8 52.725 18.8226 32.6166 40.9654
111.9 52.7691 18.7743 32.5693 41.0137
112 52.8132 18.7261 32.5221 41.0619
112.1 52.8573 18.6779 32.4748 41.1101
112.2 52.9014 18.6297 32.4275 41.1583
112.3 52.9455 18.5815 32.3803 41.2065
112.4 52.9895 18.5334 32.333 41.2546
112.5 53.0335 18.4853 32.2857 41.3027
112.6 53.0776 18.4372 32.2385 41.3508
112.7 53.1216 18.3892 32.1912 41.3988
112.8 53.1656 18.3412 32.1439 41.4468
112.9 53.2095 18.2933 32.0966 41.4947
113 53.2535 18.2454 32.0493 41.5426
113.1 53.2974 18.1975 32.002 41.5905
113.2 53.3414 18.1497 31.9547 41.6383
113.3 53.3853 18.1019 31.9074 41.6861
113.4 53.4292 18.0541 31.8601 41.7339
113.5 53.473 18.0064 31.8128 41.7816
113.6 53.5169 17.9587 31.7655 41.8293
113.7 53.5607 17.911 31.7182 41.877
113.8 53.6046 17.8634 31.6709 41.9246
113.9 53.6484 17.8158 31.6236 41.9722
114 53.6922 17.7682 31.5763 42.0198
114.1 53.736 17.7207 31.5289 42.0673
114.2 53.7797 17.6733 31.4816 42.1147
114.3 53.8235 17.6258 31.4343 42.1622
114.4 53.8672 17.5784 31.387 42.2096
114.5 53.9109 17.531 31.3396 42.257
114.6 53.9546 17.4837 31.2923 42.3043
114.7 53.9983 17.4364 31.2449 42.3516
114.8 54.0419 17.3892 31.1976 42.3988
114.9 54.0856 17.342 31.1503 42.446
115 54.1292 17.2948 31.1029 42.4932
115.1 54.1728 17.2477 31.0556 42.5403
115.2 54.2164 17.2006 31.0082 42.5874
115.3 54.26 17.1535 30.9608 42.6345
115.4 54.3035 17.1065 30.9135 42.6815
115.5 54.3471 17.0595 30.8661 42.7285
115.6 54.3906 17.0126 30.8188 42.7754
115.7 54.4341 16.9657 30.7714 42.8223
115.8 54.4776 16.9188 30.724 42.8692
115.9 54.5211 16.872 30.6767 42.916
116 54.5645 16.8252 30.6293 42.9628
116.1 54.6079 16.7784 30.5819 43.0096
116.2 54.6514 16.7317 30.5345 43.0563
116.3 54.6947 16.6851 30.4871 43.1029
116.4 54.7381 16.6384 30.4398 43.1496
116.5 54.7815 16.5919 30.3924 43.1961
116.6 54.8248 16.5453 30.345 43.2427
116.7 54.8681 16.4988 30.2976 43.2892
116.8 54.9114 16.4524 30.2502 43.3356
116.9 54.9547 16.4059 30.2028 43.3821
117 54.998 16.3595 30.1554 43.4285
117.1 55.0412 16.3132 30.108 43.4748
117.2 55.0845 16.2669 30.0606 43.5211
117.3 55.1277 16.2207 30.0132 43.5673
117.4 55.1708 16.1744 29.9657 43.6136
117.5 55.214 16.1283 29.9183 43.6597
117.6 55.2572 16.0821 29.8709 43.7059
117.7 55.3003 16.0361 29.8235 43.7519
117.8 55.3434 15.99 29.7761 43.798
117.9 55.3865 15.944 29.7286 43.844
118 55.4295 15.898 29.6812 43.89
118.1 55.4726 15.8521 29.6338 43.9359
118.2 55.5156 15.8062 29.5864 43.9818
118.3 55.5586 15.7604 29.5389 44.0276
118.4 55.6016 15.7146 29.4915 44.0734
118.5 55.6446 15.6689 29.444 44.1191
118.6 55.6875 15.6232 29.3966 44.1648
118.7 55.7305 15.5775 29.3492 44.2105
118.8 55.7734 15.5319 29.3017 44.2561
118.9 55.8162 15.4863 29.2543 44.3017
119 55.8591 15.4408 29.2068 44.3472
119.1 55.902 15.3953 29.1593 44.3927
119.2 55.9448 15.3499 29.1119 44.4381
119.3 55.9876 15.3045 29.0644 44.4835
119.4 56.0303 15.2591 29.017 44.5289
119.5 56.0731 15.2138 28.9695 44.5742
119.6 56.1158 15.1686 28.922 44.6194
119.7 56.1586 15.1233 28.8746 44.6647
119.8 56.2012 15.0782 28.8271 44.7098
119.9 56.2439 15.033 28.7796 44.755
120 56.2866 14.988 28.7321 44.8
120.1 56.3292 14.9429 28.6847 44.8451
120.2 56.3718 14.8979 28.6372 44.8901
120.3 56.4144 14.853 28.5897 44.935
120.4 56.4569 14.8081 28.5422 44.9799
120.5 56.4995 14.7632 28.4947 45.0248
120.6 56.542 14.7184 28.4472 45.0696
120.7 56.5845 14.6737 28.3997 45.1143
120.8 56.6269 14.6289 28.3522 45.1591
120.9 56.6694 14.5843 28.3047 45.2037
121 56.7118 14.5396 28.2572 45.2484
121.1 56.7542 14.4951 28.2097 45.2929
121.2 56.7966 14.4505 28.1622 45.3375
121.3 56.8389 14.4061 28.1147 45.3819
121.4 56.8813 14.3616 28.0672 45.4264
121.5 56.9236 14.3172 28.0197 45.4708
121.6 56.9658 14.2729 27.9722 45.5151
121.7 57.0081 14.2286 27.9246 45.5594
121.8 57.0503 14.1844 27.8771 45.6036
121.9 57.0925 14.1402 27.8296 45.6478
122 57.1347 14.096 27.7821 45.692
122.1 57.1769 14.0519 27.7346 45.7361
122.2 57.219 14.0079 27.687 45.7801
122.3 57.2611 13.9639 27.6395 45.8241
122.4 57.3032 13.9199 27.592 45.8681
122.5 57.3453 13.876 27.5444 45.912
122.6 57.3873 13.8321 27.4969 45.9559
122.7 57.4293 13.7883 27.4494 45.9997
122.8 57.4713 13.7446 27.4018 46.0434
122.9 57.5132 13.7009 27.3543 46.0871
123 57.5552 13.6572 27.3067 46.1308
123.1 57.5971 13.6136 27.2592 46.1744
123.2 57.639 13.57 27.2116 46.218
123.3 57.6808 13.5265 27.1641 46.2615
123.4 57.7226 13.4831 27.1165 46.3049
123.5 57.7644 13.4396 27.069 46.3484
123.6 57.8062 13.3963 27.0214 46.3917
123.7 57.848 13.353 26.9738 46.435
123.8 57.8897 13.3097 26.9263 46.4783
123.9 57.9314 13.2665 26.8787 46.5215
124 57.973 13.2233 26.8311 46.5647
124.1 58.0147 13.1802 26.7836 46.6078
124.2 58.0563 13.1372 26.736 46.6508
124.3 58.0979 13.0942 26.6884 46.6938
124.4 58.1394 13.0512 26.6408 46.7368
124.5 58.181 13.0083 26.5933 46.7797
124.6 58.2225 12.9654 26.5457 46.8226
124.7 58.2639 12.9226 26.4981 46.8654
124.8 58.3054 12.8799 26.4505 46.9081
124.9 58.3468 12.8372 26.4029 46.9508
125 58.3882 12.7945 26.3553 46.9935
125.1 58.4295 12.752 26.3077 47.036
125.2 58.4709 12.7094 26.2602 47.0786
125.3 58.5122 12.6669 26.2126 47.1211
125.4 58.5534 12.6245 26.165 47.1635
125.5 58.5947 12.5821 26.1174 47.2059
125.6 58.6359 12.5398 26.0698 47.2482
125.7 58.6771 12.4975 26.0222 47.2905
125.8 58.7182 12.4553 25.9746 47.3327
125.9 58.7594 12.4131 25.9269 47.3749
126 58.8005 12.371 25.8793 47.417
126.1 58.8415 12.3289 25.8317 47.4591
126.2 58.8825 12.2869 25.7841 47.5011
126.3 58.9235 12.2449 25.7365 47.5431
126.4 58.9645 12.203 25.6889 47.585
126.5 59.0055 12.1612 25.6413 47.6268
126.6 59.0464 12.1194 25.5936 47.6686
126.7 59.0872 12.0776 25.546 47.7104
126.8 59.1281 12.0359 25.4984 47.7521
126.9 59.1689 11.9943 25.4508 47.7937
127 59.2097 11.9527 25.4031 47.8353
127.1 59.2504 11.9112 25.3555 47.8768
127.2 59.2911 11.8697 25.3079 47.9183
127.3 59.3318 11.8283 25.2602 47.9597
127.4 59.3725 11.7869 25.2126 48.0011
127.5 59.4131 11.7456 25.165 48.0424
127.6 59.4537 11.7044 25.1173 48.0836
127.7 59.4942 11.6632 25.0697 48.1248
127.8 59.5348 11.6221 25.022 48.1659
127.9 59.5752 11.581 24.9744 48.207
128 59.6157 11.5399 24.9267 48.2481
128.1 59.6561 11.499 24.8791 48.289
128.2 59.6965 11.4581 24.8314 48.3299
128.3 59.7368 11.4172 24.7838 48.3708
128.4 59.7772 11.3764 24.7361 48.4116
128.5 59.8174 11.3356 24.6885 48.4524
128.6 59.8577 11.2949 24.6408 48.4931
128.7 59.8979 11.2543 24.5931 48.5337
128.8 59.9381 11.2137 24.5455 48.5743
128.9 59.9782 11.1732 24.4978 48.6148
129 60.0183 11.1328 24.4502 48.6552
129.1 60.0584 11.0923 24.4025 48.6957
129.2 60.0984 11.052 24.3548 48.736
129.3 60.1384 11.0117 24.3071 48.7763
129.4 60.1783 10.9715 24.2595 48.8165
129.5 60.2183 10.9313 24.2118 48.8567
129.6 60.2581 10.8912 24.1641 48.8968
129.7 60.298 10.8511 24.1164 48.9369
129.8 60.3378 10.8111 24.0688 48.9769
129.9 60.3776 10.7712 24.0211 49.0168
130 60.4173 10.7313 23.9734 49.0567
130.1 60.457 10.6914 23.9257 49.0966
130.2 60.4966 10.6517 23.878 49.1363
130.3 60.5363 10.612 23.8303 49.176
130.4 60.5758 10.5723 23.7826 49.2157
130.5 60.6154 10.5327 23.7349 49.2553
130.6 60.6549 10.4932 23.6872 49.2948
130.7 60.6943 10.4537 23.6396 49.3343
130.8 60.7337 10.4143 23.5919 49.3737
130.9 60.7731 10.3749 23.5442 49.4131
131 60.8125 10.3356 23.4965 49.4524
131.1 60.8518 10.2964 23.4487 49.4916
131.2 60.891 10.2572 23.401 49.5308
131.3 60.9302 10.2181 23.3533 49.5699
131.4 60.9694 10.179 23.3056 49.609
131.5 61.0085 10.14 23.2579 49.648
131.6 61.0476 10.1011 23.2102 49.6869
131.7 61.0867 10.0622 23.1625 49.7258
131.8 61.1257 10.0234 23.1148 49.7646
131.9 61.1646 9.98466 23.0671 49.8033
132 61.2036 9.94596 23.0193 49.842
132.1 61.2424 9.90733 22.9716 49.8807
132.2 61.2813 9.86875 22.9239 49.9192
132.3 61.3201 9.83024 22.8762 49.9578
132.4 61.3588 9.79178 22.8285 49.9962
132.5 61.3975 9.75339 22.7807 50.0346
132.6 61.4362 9.71506 22.733 50.0729
132.7 61.4748 9.67679 22.6853 50.1112
132.8 61.5133 9.63859 22.6375 50.1494
132.9 61.5519 9.60044 22.5898 50.1876
133 61.5903 9.56236 22.5421 50.2256
133.1 61.6288 9.52434 22.4943 50.2637
133.2 61.6671 9.48638 22.4466 50.3016
133.3 61.7055 9.44848 22.3989 50.3395
133.4 61.7438 9.41064 22.3511 50.3774
133.5 61.782 9.37287 22.3034 50.4151
133.6 61.8202 9.33516 22.2556 50.4528
133.7 61.8584 9.29751 22.2079 50.4905
133.8 61.8964 9.25993 22.1601 50.5281
133.9 61.9345 9.22241 22.1124 50.5656
134 61.9725 9.18495 22.0646 50.6031
134.1 62.0105 9.14755 22.0169 50.6404
134.2 62.0484 9.11022 21.9691 50.6778
134.3 62.0862 9.07295 21.9214 50.7151
134.4 62.124 9.03574 21.8736 50.7523
134.5 62.1618 8.9986 21.8259 50.7894
134.6 62.1995 8.96152 21.7781 50.8265
134.7 62.2371 8.92451 21.7303 50.8635
134.8 62.2747 8.88756 21.6826 50.9004
134.9 62.3123 8.85067 21.6348 50.9373
135 62.3498 8.81385 21.587 50.9742
135.1 62.3872 8.77709 21.5393 51.0109
135.2 62.4246 8.74039 21.4915 51.0476
135.3 62.4619 8.70376 21.4437 51.0842
135.4 62.4992 8.6672 21.396 51.1208
135.5 62.5364 8.6307 21.3482 51.1573
135.6 62.5736 8.59426 21.3004 51.1937
135.7 62.6107 8.55789 21.2526 51.2301
135.8 62.6478 8.52158 21.2049 51.2664
135.9 62.6848 8.48534 21.1571 51.3027
136 62.7218 8.44916 21.1093 51.3388
136.1 62.7587 8.41305 21.0615 51.3749
136.2 62.7955 8.37701 21.0137 51.411
136.3 62.8323 8.34103 20.966 51.447
136.4 62.869 8.30511 20.9182 51.4829
136.5 62.9057 8.26927 20.8704 51.5187
136.6 62.9423 8.23348 20.8226 51.5545
136.7 62.9789 8.19777 20.7748 51.5902
136.8 63.0153 8.16212 20.727 51.6259
136.9 63.0518 8.12653 20.6792 51.6615
137 63.0882 8.09102 20.6314 51.697
137.1 63.1245 8.05556 20.5836 51.7324
137.2 63.1607 8.02018 20.5358 51.7678
137.3 63.1969 7.98486 20.488 51.8031
137.4 63.2331 7.94961 20.4402 51.8384
137.5 63.2691 7.91442 20.3924 51.8736
137.6 63.3051 7.87931 20.3446 51.9087
137.7 63.3411 7.84426 20.2968 51.9437
137.8 63.377 7.80927 20.249 51.9787
137.9 63.4128 7.77436 20.2012 52.0136
138 63.4486 7.73951 20.1534 52.0485
138.1 63.4842 7.70473 20.1056 52.0833
138.2 63.5199 7.67001 20.0578 52.118
138.3 63.5554 7.63537 20.01 52.1526
138.4 63.5909 7.60079 19.9622 52.1872
138.5 63.6264 7.56628 19.9143 52.2217
138.6 63.6617 7.53184 19.8665 52.2562
138.7 63.697 7.49746 19.8187 52.2905
138.8 63.7323 7.46316 19.7709 52.3248
138.9 63.7674 7.42892 19.7231 52.3591
139 63.8025 7.39475 19.6752 52.3933
139.1 63.8375 7.36065 19.6274 52.4274
139.2 63.8725 7.32662 19.5796 52.4614
139.3 63.9074 7.29265 19.5318 52.4953
139.4 63.9422 7.25876 19.4839 52.5292
139.5 63.9769 7.22493 19.4361 52.5631
139.6 64.0116 7.19118 19.3883 52.5968
139.7 64.0462 7.15749 19.3405 52.6305
139.8 64.0807 7.12387 19.2926 52.6641
139.9 64.1152 7.09032 19.2448 52.6977
140 64.1496 7.05684 19.197 52.7312
140.1 64.1839 7.02343 19.1491 52.7646
140.2 64.2181 6.99009 19.1013 52.7979
140.3 64.2522 6.95682 19.0534 52.8312
140.4 64.2863 6.92362 19.0056 52.8644
140.5 64.3203 6.89049 18.9578 52.8975
140.6 64.3542 6.85743 18.9099 52.9306
140.7 64.3881 6.82444 18.8621 52.9636
140.8 64.4219 6.79152 18.8142 52.9965
140.9 64.4555 6.75867 18.7664 53.0293
141 64.4891 6.72589 18.7185 53.0621
141.1 64.5227 6.69318 18.6707 53.0948
141.2 64.5561 6.66055 18.6228 53.1275
141.3 64.5895 6.62798 18.575 53.16
141.4 64.6228 6.59548 18.5271 53.1925
141.5 64.656 6.56306 18.4793 53.2249
141.6 64.6891 6.5307 18.4314 53.2573
141.7 64.7221 6.49842 18.3836 53.2896
141.8 64.7551 6.46621 18.3357 53.3218
141.9 64.7879 6.43407 18.2879 53.3539
142 64.8207 6.402 18.24 53.386
142.1 64.8534 6.37 18.1921 53.418
142.2 64.886 6.33808 18.1443 53.4499
142.3 64.9185 6.30622 18.0964 53.4818
142.4 64.951 6.27444 18.0486 53.5136
142.5 64.9833 6.24273 18.0007 53.5453
142.6 65.0156 6.21109 17.9528 53.5769
142.7 65.0477 6.17953 17.905 53.6085
142.8 65.0798 6.14803 17.8571 53.64
142.9 65.1118 6.11661 17.8092 53.6714
143 65.1436 6.08526 17.7613 53.7027
143.1 65.1754 6.05399 17.7135 53.734
143.2 65.2071 6.02278 17.6656 53.7652
143.3 65.2387 5.99165 17.6177 53.7963
143.4 65.2702 5.96059 17.5699 53.8274
143.5 65.3016 5.92961 17.522 53.8584
143.6 65.3329 5.8987 17.4741 53.8893
143.7 65.3641 5.86786 17.4262 53.9201
143.8 65.3953 5.83709 17.3783 53.9509
143.9 65.4263 5.8064 17.3305 53.9816
144 65.4572 5.77578 17.2826 54.0122
144.1 65.488 5.74523 17.2347 54.0428
144.2 65.5187 5.71476 17.1868 54.0732
144.3 65.5493 5.68436 17.1389 54.1036
144.4 65.5798 5.65404 17.091 54.134
144.5 65.6102 5.62378 17.0431 54.1642
144.6 65.6405 5.59361 16.9953 54.1944
144.7 65.6707 5.5635 16.9474 54.2245
144.8 65.7007 5.53348 16.8995 54.2545
144.9 65.7307 5.50352 16.8516 54.2845
145 65.7605 5.47364 16.8037 54.3144
145.1 65.7903 5.44383 16.7558 54.3442
145.2 65.8199 5.4141 16.7079 54.3739
145.3 65.8494 5.38444 16.66 54.4036
145.4 65.8789 5.35486 16.6121 54.4331
145.5 65.9082 5.32535 16.5642 54.4626
145.6 65.9373 5.29592 16.5163 54.4921
145.7 65.9664 5.26656 16.4684 54.5214
145.8 65.9953 5.23728 16.4205 54.5507
145.9 66.0242 5.20807 16.3726 54.5799
146 66.0529 5.17894 16.3247 54.6091
146.1 66.0815 5.14988 16.2768 54.6381
146.2 66.1099 5.1209 16.2289 54.6671
146.3 66.1383 5.09199 16.181 54.696
146.4 66.1665 5.06316 16.1331 54.7248
146.5 66.1946 5.03441 16.0852 54.7536
146.6 66.2226 5.00573 16.0373 54.7823
146.7 66.2504 4.97712 15.9894 54.8109
146.8 66.2781 4.9486 15.9414 54.8394
146.9 66.3057 4.92014 15.8935 54.8679
147 66.3332 4.89177 15.8456 54.8962
147.1 66.3605 4.86347 15.7977 54.9245
147.2 66.3877 4.83525 15.7498 54.9528
147.3 66.4148 4.8071 15.7019 54.9809
147.4 66.4417 4.77903 15.654 55.009
147.5 66.4685 4.75103 15.606 55.037
147.6 66.4951 4.72312 15.5581 55.0649
147.7 66.5216 4.69528 15.5102 55.0927
147.8 66.548 4.66751 15.4623 55.1205
147.9 66.5743 4.63982 15.4144 55.1482
148 66.6003 4.61221 15.3664 55.1758
148.1 66.6263 4.58468 15.3185 55.2033
148.2 66.6521 4.55722 15.2706 55.2308
148.3 66.6777 4.52984 15.2227 55.2582
148.4 66.7033 4.50254 15.1747 55.2855
148.5 66.7286 4.47532 15.1268 55.3127
148.6 66.7538 4.44817 15.0789 55.3398
148.7 66.7789 4.4211 15.0309 55.3669
148.8 66.8038 4.39411 14.983 55.3939
148.9 66.8285 4.3672 14.9351 55.4208
149 66.8531 4.34036 14.8871 55.4476
149.1 66.8776 4.3136 14.8392 55.4744
149.2 66.9018 4.28692 14.7913 55.5011
149.3 66.926 4.26032 14.7433 55.5277
149.4 66.9499 4.23379 14.6954 55.5542
149.5 66.9737 4.20735 14.6475 55.5807
149.6 66.9973 4.18098 14.5995 55.607
149.7 67.0208 4.15469 14.5516 55.6333
149.8 67.0441 4.12848 14.5037 55.6595
149.9 67.0672 4.10234 14.4557 55.6857
150 67.0901 4.07629 14.4078 55.7117
150.1 67.1129 4.05031 14.3598 55.7377
150.2 67.1355 4.02442 14.3119 55.7636
150.3 67.1579 3.9986 14.2639 55.7894
150.4 67.1802 3.97286 14.216 55.8151
150.5 67.2022 3.9472 14.1681 55.8408
150.6 67.2241 3.92162 14.1201 55.8664
150.7 67.2458 3.89611 14.0722 55.8919
150.8 67.2673 3.87069 14.0242 55.9173
150.9 67.2886 3.84535 13.9763 55.9427
151 67.3098 3.82008 13.9283 55.9679
151.1 67.3307 3.7949 13.8804 55.9931
151.2 67.3515 3.76979 13.8324 56.0182
151.3 67.372 3.74476 13.7845 56.0432
151.4 67.3924 3.71982 13.7365 56.0682
151.5 67.4125 3.69495 13.6886 56.093
151.6 67.4325 3.67016 13.6406 56.1178
151.7 67.4522 3.64546 13.5926 56.1425
151.8 67.4718 3.62083 13.5447 56.1672
151.9 67.4911 3.59628 13.4967 56.1917
152 67.5102 3.57182 13.4488 56.2162
152.1 67.5292 3.54743 13.4008 56.2406
152.2 67.5479 3.52312 13.3529 56.2649
152.3 67.5663 3.4989 13.3049 56.2891
152.4 67.5846 3.47475 13.2569 56.3132
152.5 67.6026 3.45069 13.209 56.3373
152.6 67.6205 3.4267 13.161 56.3613
152.7 67.6381 3.4028 13.113 56.3852
152.8 67.6554 3.37897 13.0651 56.409
152.9 67.6726 3.35523 13.0171 56.4328
153 67.6895 3.33157 12.9691 56.4564
153.1 67.7061 3.30799 12.9212 56.48
153.2 67.7225 3.28449 12.8732 56.5035
153.3 67.7387 3.26107 12.8252 56.5269
153.4 67.7547 3.23773 12.7773 56.5503
153.5 67.7704 3.21448 12.7293 56.5735
153.6 67.7858 3.1913 12.6813 56.5967
153.7 67.801 3.16821 12.6334 56.6198
153.8 67.8159 3.1452 12.5854 56.6428
153.9 67.8306 3.12226 12.5374 56.6657
154 67.8451 3.09941 12.4894 56.6886
154.1 67.8592 3.07665 12.4415 56.7114
154.2 67.8731 3.05396 12.3935 56.734
154.3 67.8867 3.03136 12.3455 56.7566
154.4 67.9001 3.00883 12.2975 56.7792
154.5 67.9132 2.98639 12.2496 56.8016
154.6 67.926 2.96403 12.2016 56.824
154.7 67.9385 2.94176 12.1536 56.8462
154.8 67.9507 2.91956 12.1056 56.8684
154.9 67.9626 2.89745 12.0576 56.8905
155 67.9743 2.87542 12.0097 56.9126
155.1 67.9857 2.85347 11.9617 56.9345
155.2 67.9967 2.83161 11.9137 56.9564
155.3 68.0075 2.80982 11.8657 56.9782
155.4 68.0179 2.78812 11.8177 56.9999
155.5 68.0281 2.76651 11.7697 57.0215
155.6 68.0379 2.74497 11.7218 57.043
155.7 68.0474 2.72352 11.6738 57.0645
155.8 68.0566 2.70215 11.6258 57.0859
155.9 68.0655 2.68086 11.5778 57.1071
156 68.074 2.65966 11.5298 57.1283
156.1 68.0822 2.63854 11.4818 57.1495
156.2 68.0901 2.6175 11.4338 57.1705
156.3 68.0976 2.59654 11.3858 57.1915
156.4 68.1048 2.57567 11.3379 57.2123
156.5 68.1117 2.55488 11.2899 57.2331
156.6 68.1182 2.53418 11.2419 57.2538
156.7 68.1243 2.51355 11.1939 57.2744
156.8 68.1301 2.49302 11.1459 57.295
156.9 68.1355 2.47256 11.0979 57.3154
157 68.1405 2.45219 11.0499 57.3358
157.1 68.1452 2.4319 11.0019 57.3561
157.2 68.1495 2.4117 10.9539 57.3763
157.3 68.1534 2.39158 10.9059 57.3964
157.4 68.1569 2.37154 10.8579 57.4165
157.5 68.16 2.35159 10.8099 57.4364
157.6 68.1627 2.33172 10.7619 57.4563
157.7 68.165 2.31193 10.7139 57.4761
157.8 68.1669 2.29223 10.6659 57.4958
157.9 68.1684 2.27261 10.6179 57.5154
158 68.1695 2.25308 10.5699 57.5349
158.1 68.1701 2.23363 10.5219 57.5544
158.2 68.1703 2.21427 10.4739 57.5737
158.3 68.1701 2.19499 10.4259 57.593
158.4 68.1694 2.17579 10.3779 57.6122
158.5 68.1683 2.15668 10.3299 57.6313
158.6 68.1668 2.13765 10.2819 57.6503
158.7 68.1647 2.11871 10.2339 57.6693
158.8 68.1622 2.09985 10.1859 57.6881
158.9 68.1593 2.08108 10.1379 57.7069
159 68.1558 2.06239 10.0899 57.7256
159.1 68.1519 2.04379 10.0419 57.7442
159.2 68.1474 2.02527 9.99386 57.7627
159.3 68.1425 2.00683 9.94585 57.7812
159.4 68.1371 1.98849 9.89784 57.7995
159.5 68.1311 1.97022 9.84983 57.8178
159.6 68.1247 1.95204 9.80182 57.836
159.7 68.1177 1.93395 9.75381 57.8541
159.8 68.1101 1.91594 9.7058 57.8721
159.9 68.1021 1.89802 9.65779 57.89
160 68.0934 1.88018 9.60978 57.9078
160.1 68.0843 1.86243 9.56176 57.9256
160.2 68.0745 1.84476 9.51375 57.9432
160.3 68.0642 1.82718 9.46574 57.9608
160.4 68.0533 1.80968 9.41772 57.9783
160.5 68.0418 1.79227 9.36971 57.9957
160.6 68.0297 1.77494 9.32169 58.0131
160.7 68.017 1.7577 9.27368 58.0303
160.8 68.0037 1.74055 9.22566 58.0474
160.9 67.9897 1.72348 9.17764 58.0645
161 67.9751 1.7065 9.12962 58.0815
161.1 67.9599 1.6896 9.0816 58.0984
161.2 67.944 1.67279 9.03359 58.1152
161.3 67.9275 1.65607 8.98557 58.1319
161.4 67.9103 1.63943 8.93755 58.1486
161.5 67.8924 1.62288 8.88953 58.1651
161.6 67.8738 1.60641 8.84151 58.1816
161.7 67.8545 1.59003 8.79348 58.198
161.8 67.8345 1.57374 8.74546 58.2143
161.9 67.8137 1.55753 8.69744 58.2305
162 67.7922 1.54141 8.64942 58.2466
162.1 67.77 1.52537 8.60139 58.2626
162.2 67.747 1.50942 8.55337 58.2786
162.3 67.7232 1.49356 8.50534 58.2944
162.4 67.6987 1.47779 8.45732 58.3102
162.5 67.6733 1.4621 8.40929 58.3259
162.6 67.6471 1.44649 8.36127 58.3415
162.7 67.6201 1.43098 8.31324 58.357
162.8 67.5923 1.41555 8.26522 58.3725
162.9 67.5636 1.40021 8.21719 58.3878
163 67.5341 1.38495 8.16916 58.403
163.1 67.5036 1.36978 8.12113 58.4182
163.2 67.4723 1.3547 8.0731 58.4333
163.3 67.4401 1.33971 8.02507 58.4483
163.4 67.4069 1.3248 7.97704 58.4632
163.5 67.3729 1.30998 7.92901 58.478
163.6 67.3378 1.29524 7.88098 58.4928
163.7 67.3018 1.2806 7.83295 58.5074
163.8 67.2648 1.26604 7.78492 58.522
163.9 67.2268 1.25156 7.73689 58.5364
164 67.1877 1.23718 7.68886 58.5508
164.1 67.1477 1.22288 7.64083 58.5651
164.2 67.1066 1.20867 7.59279 58.5793
164.3 67.0644 1.19455 7.54476 58.5935
164.4 67.0211 1.18051 7.49672 58.6075
164.5 66.9767 1.16656 7.44869 58.6214
164.6 66.9311 1.1527 7.40066 58.6353
164.7 66.8844 1.13893 7.35262 58.6491
164.8 66.8366 1.12524 7.30458 58.6628
164.9 66.7875 1.11165 7.25655 58.6764
165 66.7372 1.09813 7.20851 58.6899
165.1 66.6857 1.08471 7.16048 58.7033
165.2 66.6329 1.07138 7.11244 58.7166
165.3 66.5789 1.05813 7.0644 58.7299
165.4 66.5235 1.04497 7.01636 58.743
165.5 66.4668 1.0319 6.96832 58.7561
165.6 66.4088 1.01892 6.92028 58.7691
165.7 66.3493 1.00602 6.87225 58.782
165.8 66.2885 0.993214 6.82421 58.7948
165.9 66.2262 0.980494 6.77617 58.8075
166 66.1625 0.967863 6.72813 58.8201
166.1 66.0972 0.95532 6.68008 58.8327
166.2 66.0305 0.942865 6.63204 58.8451
166.3 65.9622 0.930498 6.584 58.8575
166.4 65.8923 0.918219 6.53596 58.8698
166.5 65.8208 0.906029 6.48792 58.882
166.6 65.7477 0.893927 6.43988 58.8941
166.7 65.6729 0.881913 6.39183 58.9061
166.8 65.5964 0.869987 6.34379 58.918
166.9 65.5182 0.85815 6.29575 58.9298
167 65.4382 0.846402 6.2477 58.9416
167.1 65.3563 0.834742 6.19966 58.9533
167.2 65.2727 0.82317 6.15161 58.9648
167.3 65.1871 0.811687 6.10357 58.9763
167.4 65.0996 0.800293 6.05552 58.9877
167.5 65.0102 0.788987 6.00748 58.999
167.6 64.9187 0.77777 5.95943 59.0102
167.7 64.8252 0.766642 5.91138 59.0214
167.8 64.7296 0.755602 5.86334 59.0324
167.9 64.6319 0.744651 5.81529 59.0433
168 64.532 0.733789 5.76724 59.0542
168.1 64.4298 0.723016 5.71919 59.065
168.2 64.3254 0.712331 5.67115 59.0757
168.3 64.2187 0.701736 5.6231 59.0863
168.4 64.1095 0.691229 5.57505 59.0968
168.5 63.998 0.680811 5.527 59.1072
168.6 63.884 0.670483 5.47895 59.1175
168.7 63.7674 0.660243 5.4309 59.1278
168.8 63.6483 0.650092 5.38285 59.1379
168.9 63.5265 0.640031 5.3348 59.148
169 63.402 0.630058 5.28675 59.1579
169.1 63.2747 0.620175 5.2387 59.1678
169.2 63.1445 0.610381 5.19065 59.1776
169.3 63.0115 0.600676 5.1426 59.1873
169.4 62.8755 0.59106 5.09455 59.1969
169.5 62.7365 0.581534 5.04649 59.2065
169.6 62.5943 0.572097 4.99844 59.2159
169.7 62.449 0.562749 4.95039 59.2253
169.8 62.3005 0.55349 4.90234 59.2345
169.9 62.1485 0.544321 4.85428 59.2437
170 61.9932 0.535242 4.80623 59.2528
170.1 61.8344 0.526251 4.75818 59.2617
170.2 61.672 0.517351 4.71012 59.2706
170.3 61.5059 0.508539 4.66207 59.2795
170.4 61.3361 0.499818 4.61401 59.2882
170.5 61.1624 0.491185 4.56596 59.2968
170.6 60.9848 0.482643 4.5179 59.3054
170.7 60.8031 0.474189 4.46985 59.3138
170.8 60.6173 0.465826 4.42179 59.3222
170.9 60.4272 0.457552 4.37374 59.3304
171 60.2328 0.449368 4.32568 59.3386
171.1 60.0339 0.441273 4.27763 59.3467
171.2 59.8304 0.433269 4.22957 59.3547
171.3 59.6222 0.425354 4.18151 59.3626
171.4 59.4092 0.417528 4.13346 59.3705
171.5 59.1913 0.409793 4.0854 59.3782
171.6 58.9682 0.402147 4.03734 59.3859
171.7 58.74 0.394591 3.98929 59.3934
171.8 58.5064 0.387125 3.94123 59.4009
171.9 58.2673 0.379749 3.89317 59.4083
172 58.0226 0.372463 3.84511 59.4155
172.1 57.7721 0.365267 3.79705 59.4227
172.2 57.5157 0.35816 3.74899 59.4298
172.3 57.2531 0.351144 3.70094 59.4369
172.4 56.9843 0.344218 3.65288 59.4438
172.5 56.7091 0.337381 3.60482 59.4506
172.6 56.4272 0.330635 3.55676 59.4574
172.7 56.1385 0.323979 3.5087 59.464
172.8 55.8429 0.317413 3.46064 59.4706
172.9 55.5401 0.310937 3.41258 59.4771
173 55.2299 0.304551 3.36452 59.4834
173.1 54.9121 0.298255 3.31646 59.4897
173.2 54.5865 0.292049 3.2684 59.496
173.3 54.2529 0.285934 3.22034 59.5021
173.4 53.9111 0.279908 3.17228 59.5081
173.5 53.5608 0.273973 3.12422 59.514
173.6 53.2019 0.268128 3.07615 59.5199
173.7 52.834 0.262374 3.02809 59.5256
173.8 52.4568 0.256709 2.98003 59.5313
173.9 52.0703 0.251135 2.93197 59.5369
174 51.674 0.245651 2.88391 59.5423
174.1 51.2677 0.240258 2.83585 59.5477
174.2 50.8512 0.234955 2.78778 59.553
174.3 50.4241 0.229742 2.73972 59.5583
174.4 49.9861 0.224619 2.69166 59.5634
174.5 49.537 0.219587 2.6436 59.5684
174.6 49.0764 0.214646 2.59553 59.5734
174.7 48.604 0.209794 2.54747 59.5782
174.8 48.1195 0.205033 2.49941 59.583
174.9 47.6226 0.200363 2.45134 59.5876
175 47.1129 0.195783 2.40328 59.5922
175.1 46.5901 0.191293 2.35522 59.5967
175.2 46.0539 0.186894 2.30715 59.6011
175.3 45.5038 0.182586 2.25909 59.6054
175.4 44.9395 0.178368 2.21103 59.6096
175.5 44.3607 0.17424 2.16296 59.6138
175.6 43.767 0.170203 2.1149 59.6178
175.7 43.158 0.166257 2.06683 59.6217
175.8 42.5334 0.162401 2.01877 59.6256
175.9 41.8927 0.158636 1.9707 59.6294
176 41.2357 0.154961 1.92264 59.633
176.1 40.5619 0.151377 1.87458 59.6366
176.2 39.871 0.147883 1.82651 59.6401
176.3 39.1626 0.14448 1.77845 59.6435
176.4 38.4363 0.141168 1.73038 59.6468
176.5 37.6919 0.137946 1.68232 59.6501
176.6 36.929 0.134815 1.63425 59.6532
176.7 36.1473 0.131775 1.58619 59.6562
176.8 35.3464 0.128825 1.53812 59.6592
176.9 34.5262 0.125966 1.49005 59.662
177 33.6863 0.123198 1.44199 59.6648
177.1 32.8265 0.12052 1.39392 59.6675
177.2 31.9466 0.117933 1.34586 59.6701
177.3 31.0465 0.115437 1.29779 59.6726
177.4 30.126 0.113031 1.24973 59.675
177.5 29.185 0.110716 1.20166 59.6773
177.6 28.2234 0.108492 1.15359 59.6795
177.7 27.2414 0.106358 1.10553 59.6816
177.8 26.2389 0.104316 1.05746 59.6837
177.9 25.216 0.102364 1.0094 59.6856
178 24.173 0.100503 0.961331 59.6875
178.1 23.1101 0.0987321 0.913264 59.6893
178.2 22.0276 0.0970524 0.865198 59.6909
178.3 20.9258 0.0954634 0.817132 59.6925
178.4 19.8052 0.0939653 0.769066 59.694
178.5 18.6664 0.0925579 0.720999 59.6954
178.6 17.51 0.0912413 0.672933 59.6968
178.7 16.3367 0.0900155 0.624866 59.698
178.8 15.1473 0.0888804 0.5768 59.6991
178.9 13.9425 0.0878362 0.528733 59.7002
179 12.7234 0.0868827 0.480667 59.7011
179.1 11.491 0.0860201 0.4326 59.702
179.2 10.2463 0.0852482 0.384533 59.7028
179.3 8.99056 0.0845671 0.336467 59.7034
179.4 7.72497 0.0839769 0.2884 59.704
179.5 6.45081 0.0834774 0.240334 59.7045
179.6 5.16944 0.0830688 0.192267 59.7049
179.7 3.88223 0.082751 0.1442 59.7052
179.8 2.59062 0.0825239 0.0961334 59.7055
179.9 1.29605 0.0823877 0.0480667 59.7056
180 9.09575e-14 0.0823423 3.3727e-15 59.7057
