#kinematics calculation of gsgs
#vertex z = 800 mm, E_reaction = 7.705 MeV
#theta_cm, theta3_lab, Ek3_lab, theta4_lab, Ek4_lab
0 0 7.705 0 0
0.1 0.0499914 7.70499 89.95 5.86769e-06
0.2 0.0999828 7.70498 89.9 2.34707e-05
0.3 0.149974 7.70495 89.85 5.28091e-05
0.4 0.199966 7.70491 89.8 9.38827e-05
0.5 0.249957 7.70485 89.75 0.000146691
0.6 0.299948 7.70479 89.6999 0.000211235
0.7 0.34994 7.70471 89.6499 0.000287513
0.8 0.399931 7.70462 89.5999 0.000375526
0.9 0.449922 7.70452 89.5499 0.000475273
1 0.499914 7.70441 89.4999 0.000586754
1.1 0.549905 7.70429 89.4499 0.000709969
1.2 0.599897 7.70416 89.3999 0.000844917
1.3 0.649888 7.70401 89.3499 0.000991598
1.4 0.699879 7.70385 89.2999 0.00115001
1.5 0.749871 7.70368 89.2499 0.00132016
1.6 0.799862 7.7035 89.1999 0.00150203
1.7 0.849854 7.7033 89.1499 0.00169564
1.8 0.899845 7.7031 89.0998 0.00190098
1.9 0.949836 7.70288 89.0498 0.00211804
2 0.999828 7.70265 88.9998 0.00234684
2.1 1.04982 7.70241 88.9498 0.00258736
2.2 1.09981 7.70216 88.8998 0.00283961
2.3 1.1498 7.7019 88.8498 0.00310359
2.4 1.19979 7.70162 88.7998 0.0033793
2.5 1.24978 7.70133 88.7498 0.00366673
2.6 1.29978 7.70103 88.6998 0.00396588
2.7 1.34977 7.70072 88.6498 0.00427676
2.8 1.39976 7.7004 88.5998 0.00459936
2.9 1.44975 7.70007 88.5498 0.00493368
3 1.49974 7.69972 88.4997 0.00527972
3.1 1.54973 7.69936 88.4497 0.00563748
3.2 1.59972 7.69899 88.3997 0.00600696
3.3 1.64972 7.69861 88.3497 0.00638815
3.4 1.69971 7.69822 88.2997 0.00678106
3.5 1.7497 7.69781 88.2497 0.00718569
3.6 1.79969 7.6974 88.1997 0.00760203
3.7 1.84968 7.69697 88.1497 0.00803008
3.8 1.89967 7.69653 88.0997 0.00846984
3.9 1.94966 7.69608 88.0497 0.00892132
4 1.99966 7.69562 87.9997 0.0093845
4.1 2.04965 7.69514 87.9496 0.00985938
4.2 2.09964 7.69465 87.8996 0.010346
4.3 2.14963 7.69416 87.8496 0.0108443
4.4 2.19962 7.69365 87.7996 0.0113543
4.5 2.24961 7.69312 87.7496 0.011876
4.6 2.2996 7.69259 87.6996 0.0124094
4.7 2.3496 7.69205 87.6496 0.0129545
4.8 2.39959 7.69149 87.5996 0.0135113
4.9 2.44958 7.69092 87.5496 0.0140797
5 2.49957 7.69034 87.4996 0.0146599
5.1 2.54956 7.68975 87.4496 0.0152518
5.2 2.59955 7.68914 87.3996 0.0158554
5.3 2.64954 7.68853 87.3495 0.0164706
5.4 2.69954 7.6879 87.2995 0.0170975
5.5 2.74953 7.68726 87.2495 0.0177361
5.6 2.79952 7.68661 87.1995 0.0183864
5.7 2.84951 7.68595 87.1495 0.0190484
5.8 2.8995 7.68528 87.0995 0.0197221
5.9 2.94949 7.68459 87.0495 0.0204074
6 2.99948 7.6839 86.9995 0.0211044
6.1 3.04948 7.68319 86.9495 0.0218131
6.2 3.09947 7.68247 86.8995 0.0225334
6.3 3.14946 7.68173 86.8495 0.0232654
6.4 3.19945 7.68099 86.7994 0.0240091
6.5 3.24944 7.68024 86.7494 0.0247644
6.6 3.29943 7.67947 86.6994 0.0255314
6.7 3.34942 7.67869 86.6494 0.0263101
6.8 3.39942 7.6779 86.5994 0.0271004
6.9 3.44941 7.6771 86.5494 0.0279023
7 3.4994 7.67628 86.4994 0.028716
7.1 3.54939 7.67546 86.4494 0.0295412
7.2 3.59938 7.67462 86.3994 0.0303781
7.3 3.64937 7.67377 86.3494 0.0312267
7.4 3.69936 7.67291 86.2994 0.0320868
7.5 3.74936 7.67204 86.2494 0.0329587
7.6 3.79935 7.67116 86.1993 0.0338421
7.7 3.84934 7.67026 86.1493 0.0347372
7.8 3.89933 7.66936 86.0993 0.0356439
7.9 3.94932 7.66844 86.0493 0.0365623
8 3.99931 7.66751 85.9993 0.0374923
8.1 4.0493 7.66657 85.9493 0.0384339
8.2 4.0993 7.66561 85.8993 0.0393871
8.3 4.14929 7.66465 85.8493 0.0403519
8.4 4.19928 7.66367 85.7993 0.0413283
8.5 4.24927 7.66268 85.7493 0.0423164
8.6 4.29926 7.66168 85.6993 0.043316
8.7 4.34925 7.66067 85.6493 0.0443273
8.8 4.39924 7.65965 85.5992 0.0453502
8.9 4.44924 7.65862 85.5492 0.0463846
9 4.49923 7.65757 85.4992 0.0474307
9.1 4.54922 7.65651 85.4492 0.0484883
9.2 4.59921 7.65544 85.3992 0.0495575
9.3 4.6492 7.65436 85.3492 0.0506384
9.4 4.69919 7.65327 85.2992 0.0517307
9.5 4.74919 7.65217 85.2492 0.0528347
9.6 4.79918 7.65105 85.1992 0.0539503
9.7 4.84917 7.64992 85.1492 0.0550774
9.8 4.89916 7.64878 85.0992 0.0562161
9.9 4.94915 7.64763 85.0492 0.0573663
10 4.99914 7.64647 84.9991 0.0585281
10.1 5.04913 7.6453 84.9491 0.0597015
10.2 5.09913 7.64411 84.8991 0.0608864
10.3 5.14912 7.64292 84.8491 0.0620829
10.4 5.19911 7.64171 84.7991 0.0632909
10.5 5.2491 7.64049 84.7491 0.0645105
10.6 5.29909 7.63926 84.6991 0.0657416
10.7 5.34908 7.63802 84.6491 0.0669842
10.8 5.39907 7.63676 84.5991 0.0682384
10.9 5.44907 7.6355 84.5491 0.0695041
11 5.49906 7.63422 84.4991 0.0707813
11.1 5.54905 7.63293 84.449 0.07207
11.2 5.59904 7.63163 84.399 0.0733703
11.3 5.64903 7.63032 84.349 0.074682
11.4 5.69902 7.62899 84.299 0.0760053
11.5 5.74902 7.62766 84.249 0.0773401
11.6 5.79901 7.62631 84.199 0.0786864
11.7 5.849 7.62496 84.149 0.0800441
11.8 5.89899 7.62359 84.099 0.0814134
11.9 5.94898 7.62221 84.049 0.0827941
12 5.99897 7.62081 83.999 0.0841864
12.1 6.04897 7.61941 83.949 0.0855901
12.2 6.09896 7.61799 83.899 0.0870053
12.3 6.14895 7.61657 83.8489 0.0884319
12.4 6.19894 7.61513 83.7989 0.08987
12.5 6.24893 7.61368 83.7489 0.0913196
12.6 6.29892 7.61222 83.6989 0.0927807
12.7 6.34891 7.61075 83.6489 0.0942532
12.8 6.39891 7.60926 83.5989 0.0957371
12.9 6.4489 7.60777 83.5489 0.0972325
13 6.49889 7.60626 83.4989 0.0987393
13.1 6.54888 7.60474 83.4489 0.100258
13.2 6.59887 7.60321 83.3989 0.101787
13.3 6.64886 7.60167 83.3489 0.103328
13.4 6.69886 7.60012 83.2989 0.104881
13.5 6.74885 7.59856 83.2488 0.106445
13.6 6.79884 7.59698 83.1988 0.10802
13.7 6.84883 7.59539 83.1488 0.109607
13.8 6.89882 7.59379 83.0988 0.111205
13.9 6.94881 7.59219 83.0488 0.112815
14 6.99881 7.59056 82.9988 0.114436
14.1 7.0488 7.58893 82.9488 0.116068
14.2 7.09879 7.58729 82.8988 0.117712
14.3 7.14878 7.58563 82.8488 0.119367
14.4 7.19877 7.58397 82.7988 0.121033
14.5 7.24876 7.58229 82.7488 0.122711
14.6 7.29876 7.5806 82.6988 0.1244
14.7 7.34875 7.5789 82.6487 0.126101
14.8 7.39874 7.57719 82.5987 0.127813
14.9 7.44873 7.57546 82.5487 0.129536
15 7.49872 7.57373 82.4987 0.131271
15.1 7.54871 7.57198 82.4487 0.133017
15.2 7.59871 7.57023 82.3987 0.134774
15.3 7.6487 7.56846 82.3487 0.136543
15.4 7.69869 7.56668 82.2987 0.138322
15.5 7.74868 7.56489 82.2487 0.140114
15.6 7.79867 7.56308 82.1987 0.141916
15.7 7.84866 7.56127 82.1487 0.14373
15.8 7.89866 7.55944 82.0987 0.145555
15.9 7.94865 7.55761 82.0486 0.147392
16 7.99864 7.55576 81.9986 0.149239
16.1 8.04863 7.5539 81.9486 0.151098
16.2 8.09862 7.55203 81.8986 0.152969
16.3 8.14861 7.55015 81.8486 0.15485
16.4 8.19861 7.54826 81.7986 0.156743
16.5 8.2486 7.54635 81.7486 0.158647
16.6 8.29859 7.54444 81.6986 0.160562
16.7 8.34858 7.54251 81.6486 0.162489
16.8 8.39857 7.54057 81.5986 0.164427
16.9 8.44856 7.53862 81.5486 0.166376
17 8.49856 7.53666 81.4986 0.168336
17.1 8.54855 7.53469 81.4485 0.170307
17.2 8.59854 7.53271 81.3985 0.17229
17.3 8.64853 7.53072 81.3485 0.174284
17.4 8.69852 7.52871 81.2985 0.176289
17.5 8.74852 7.52669 81.2485 0.178305
17.6 8.79851 7.52467 81.1985 0.180333
17.7 8.8485 7.52263 81.1485 0.182372
17.8 8.89849 7.52058 81.0985 0.184422
17.9 8.94848 7.51852 81.0485 0.186483
18 8.99847 7.51645 80.9985 0.188555
18.1 9.04847 7.51436 80.9485 0.190638
18.2 9.09846 7.51227 80.8985 0.192733
18.3 9.14845 7.51016 80.8484 0.194838
18.4 9.19844 7.50804 80.7984 0.196955
18.5 9.24843 7.50592 80.7484 0.199083
18.6 9.29843 7.50378 80.6984 0.201222
18.7 9.34842 7.50163 80.6484 0.203372
18.8 9.39841 7.49947 80.5984 0.205534
18.9 9.4484 7.49729 80.5484 0.207706
19 9.49839 7.49511 80.4984 0.20989
19.1 9.54838 7.49292 80.4484 0.212084
19.2 9.59838 7.49071 80.3984 0.21429
19.3 9.64837 7.48849 80.3484 0.216507
19.4 9.69836 7.48627 80.2984 0.218735
19.5 9.74835 7.48403 80.2484 0.220974
19.6 9.79834 7.48178 80.1983 0.223224
19.7 9.84834 7.47952 80.1483 0.225485
19.8 9.89833 7.47724 80.0983 0.227757
19.9 9.94832 7.47496 80.0483 0.23004
20 9.99831 7.47267 79.9983 0.232334
20.1 10.0483 7.47036 79.9483 0.234639
20.2 10.0983 7.46804 79.8983 0.236956
20.3 10.1483 7.46572 79.8483 0.239283
20.4 10.1983 7.46338 79.7983 0.241621
20.5 10.2483 7.46103 79.7483 0.24397
20.6 10.2983 7.45867 79.6983 0.246331
20.7 10.3483 7.4563 79.6483 0.248702
20.8 10.3982 7.45392 79.5982 0.251084
20.9 10.4482 7.45152 79.5482 0.253477
21 10.4982 7.44912 79.4982 0.255881
21.1 10.5482 7.4467 79.4482 0.258297
21.2 10.5982 7.44428 79.3982 0.260723
21.3 10.6482 7.44184 79.3482 0.26316
21.4 10.6982 7.43939 79.2982 0.265607
21.5 10.7482 7.43693 79.2482 0.268066
21.6 10.7982 7.43446 79.1982 0.270536
21.7 10.8482 7.43198 79.1482 0.273017
21.8 10.8982 7.42949 79.0982 0.275508
21.9 10.9482 7.42699 79.0482 0.278011
22 10.9982 7.42448 78.9982 0.280524
22.1 11.0481 7.42195 78.9481 0.283048
22.2 11.0981 7.41942 78.8981 0.285584
22.3 11.1481 7.41687 78.8481 0.28813
22.4 11.1981 7.41431 78.7981 0.290686
22.5 11.2481 7.41175 78.7481 0.293254
22.6 11.2981 7.40917 78.6981 0.295833
22.7 11.3481 7.40658 78.6481 0.298422
22.8 11.3981 7.40398 78.5981 0.301022
22.9 11.4481 7.40137 78.5481 0.303633
23 11.4981 7.39874 78.4981 0.306255
23.1 11.5481 7.39611 78.4481 0.308888
23.2 11.5981 7.39347 78.3981 0.311531
23.3 11.648 7.39081 78.348 0.314185
23.4 11.698 7.38815 78.298 0.31685
23.5 11.748 7.38547 78.248 0.319526
23.6 11.798 7.38279 78.198 0.322213
23.7 11.848 7.38009 78.148 0.32491
23.8 11.898 7.37738 78.098 0.327618
23.9 11.948 7.37466 78.048 0.330337
24 11.998 7.37193 77.998 0.333066
24.1 12.048 7.36919 77.948 0.335806
24.2 12.098 7.36644 77.898 0.338557
24.3 12.148 7.36368 77.848 0.341319
24.4 12.198 7.36091 77.798 0.344091
24.5 12.248 7.35813 77.748 0.346874
24.6 12.2979 7.35533 77.6979 0.349668
24.7 12.3479 7.35253 77.6479 0.352472
24.8 12.3979 7.34971 77.5979 0.355287
24.9 12.4479 7.34689 77.5479 0.358113
25 12.4979 7.34405 77.4979 0.360949
25.1 12.5479 7.3412 77.4479 0.363796
25.2 12.5979 7.33835 77.3979 0.366654
25.3 12.6479 7.33548 77.3479 0.369522
25.4 12.6979 7.3326 77.2979 0.372401
25.5 12.7479 7.32971 77.2479 0.37529
25.6 12.7979 7.32681 77.1979 0.37819
25.7 12.8479 7.3239 77.1479 0.381101
25.8 12.8979 7.32098 77.0979 0.384022
25.9 12.9478 7.31805 77.0478 0.386954
26 12.9978 7.3151 76.9978 0.389896
26.1 13.0478 7.31215 76.9478 0.392849
26.2 13.0978 7.30919 76.8978 0.395812
26.3 13.1478 7.30621 76.8478 0.398786
26.4 13.1978 7.30323 76.7978 0.40177
26.5 13.2478 7.30023 76.7478 0.404765
26.6 13.2978 7.29723 76.6978 0.407771
26.7 13.3478 7.29421 76.6478 0.410787
26.8 13.3978 7.29119 76.5978 0.413813
26.9 13.4478 7.28815 76.5478 0.41685
27 13.4978 7.2851 76.4978 0.419897
27.1 13.5478 7.28204 76.4478 0.422955
27.2 13.5977 7.27898 76.3977 0.426023
27.3 13.6477 7.2759 76.3477 0.429102
27.4 13.6977 7.27281 76.2977 0.432191
27.5 13.7477 7.26971 76.2477 0.435291
27.6 13.7977 7.2666 76.1977 0.438401
27.7 13.8477 7.26348 76.1477 0.441521
27.8 13.8977 7.26035 76.0977 0.444652
27.9 13.9477 7.25721 76.0477 0.447793
28 13.9977 7.25406 75.9977 0.450944
28.1 14.0477 7.25089 75.9477 0.454106
28.2 14.0977 7.24772 75.8977 0.457278
28.3 14.1477 7.24454 75.8477 0.460461
28.4 14.1977 7.24135 75.7977 0.463654
28.5 14.2476 7.23814 75.7476 0.466857
28.6 14.2976 7.23493 75.6976 0.470071
28.7 14.3476 7.23171 75.6476 0.473294
28.8 14.3976 7.22847 75.5976 0.476529
28.9 14.4476 7.22523 75.5476 0.479773
29 14.4976 7.22197 75.4976 0.483028
29.1 14.5476 7.21871 75.4476 0.486293
29.2 14.5976 7.21543 75.3976 0.489568
29.3 14.6476 7.21215 75.3476 0.492853
29.4 14.6976 7.20885 75.2976 0.496149
29.5 14.7476 7.20555 75.2476 0.499455
29.6 14.7976 7.20223 75.1976 0.502771
29.7 14.8476 7.1989 75.1476 0.506097
29.8 14.8975 7.19557 75.0975 0.509434
29.9 14.9475 7.19222 75.0475 0.51278
30 14.9975 7.18886 74.9975 0.516137
30.1 15.0475 7.1855 74.9475 0.519504
30.2 15.0975 7.18212 74.8975 0.522881
30.3 15.1475 7.17873 74.8475 0.526269
30.4 15.1975 7.17533 74.7975 0.529666
30.5 15.2475 7.17193 74.7475 0.533074
30.6 15.2975 7.16851 74.6975 0.536491
30.7 15.3475 7.16508 74.6475 0.539919
30.8 15.3975 7.16164 74.5975 0.543357
30.9 15.4475 7.1582 74.5475 0.546805
31 15.4975 7.15474 74.4975 0.550263
31.1 15.5474 7.15127 74.4474 0.553731
31.2 15.5974 7.14779 74.3974 0.557209
31.3 15.6474 7.1443 74.3474 0.560697
31.4 15.6974 7.1408 74.2974 0.564196
31.5 15.7474 7.1373 74.2474 0.567704
31.6 15.7974 7.13378 74.1974 0.571222
31.7 15.8474 7.13025 74.1474 0.57475
31.8 15.8974 7.12671 74.0974 0.578288
31.9 15.9474 7.12316 74.0474 0.581837
32 15.9974 7.11961 73.9974 0.585395
32.1 16.0474 7.11604 73.9474 0.588963
32.2 16.0974 7.11246 73.8974 0.592541
32.3 16.1474 7.10887 73.8474 0.596129
32.4 16.1974 7.10527 73.7974 0.599727
32.5 16.2473 7.10167 73.7473 0.603334
32.6 16.2973 7.09805 73.6973 0.606952
32.7 16.3473 7.09442 73.6473 0.61058
32.8 16.3973 7.09078 73.5973 0.614217
32.9 16.4473 7.08714 73.5473 0.617864
33 16.4973 7.08348 73.4973 0.621522
33.1 16.5473 7.07981 73.4473 0.625189
33.2 16.5973 7.07613 73.3973 0.628865
33.3 16.6473 7.07245 73.3473 0.632552
33.4 16.6973 7.06875 73.2973 0.636249
33.5 16.7473 7.06505 73.2473 0.639955
33.6 16.7973 7.06133 73.1973 0.643671
33.7 16.8473 7.0576 73.1473 0.647397
33.8 16.8973 7.05387 73.0973 0.651132
33.9 16.9472 7.05012 73.0472 0.654878
34 16.9972 7.04637 72.9972 0.658633
34.1 17.0472 7.0426 72.9472 0.662398
34.2 17.0972 7.03883 72.8972 0.666172
34.3 17.1472 7.03504 72.8472 0.669956
34.4 17.1972 7.03125 72.7972 0.67375
34.5 17.2472 7.02745 72.7472 0.677554
34.6 17.2972 7.02363 72.6972 0.681367
34.7 17.3472 7.01981 72.6472 0.68519
34.8 17.3972 7.01598 72.5972 0.689023
34.9 17.4472 7.01214 72.5472 0.692865
35 17.4972 7.00828 72.4972 0.696717
35.1 17.5472 7.00442 72.4472 0.700578
35.2 17.5972 7.00055 72.3972 0.704449
35.3 17.6471 6.99667 72.3471 0.70833
35.4 17.6971 6.99278 72.2971 0.71222
35.5 17.7471 6.98888 72.2471 0.71612
35.6 17.7971 6.98497 72.1971 0.720029
35.7 17.8471 6.98105 72.1471 0.723948
35.8 17.8971 6.97712 72.0971 0.727877
35.9 17.9471 6.97319 72.0471 0.731815
36 17.9971 6.96924 71.9971 0.735762
36.1 18.0471 6.96528 71.9471 0.739719
36.2 18.0971 6.96131 71.8971 0.743685
36.3 18.1471 6.95734 71.8471 0.747661
36.4 18.1971 6.95335 71.7971 0.751647
36.5 18.2471 6.94936 71.7471 0.755641
36.6 18.2971 6.94535 71.6971 0.759646
36.7 18.347 6.94134 71.647 0.763659
36.8 18.397 6.93732 71.597 0.767682
36.9 18.447 6.93329 71.547 0.771715
37 18.497 6.92924 71.497 0.775757
37.1 18.547 6.92519 71.447 0.779808
37.2 18.597 6.92113 71.397 0.783868
37.3 18.647 6.91706 71.347 0.787938
37.4 18.697 6.91298 71.297 0.792018
37.5 18.747 6.90889 71.247 0.796106
37.6 18.797 6.9048 71.197 0.800204
37.7 18.847 6.90069 71.147 0.804311
37.8 18.897 6.89657 71.097 0.808428
37.9 18.947 6.89245 71.047 0.812554
38 18.997 6.88831 70.997 0.816689
38.1 19.047 6.88417 70.947 0.820833
38.2 19.0969 6.88001 70.8969 0.824986
38.3 19.1469 6.87585 70.8469 0.829149
38.4 19.1969 6.87168 70.7969 0.833321
38.5 19.2469 6.8675 70.7469 0.837502
38.6 19.2969 6.86331 70.6969 0.841692
38.7 19.3469 6.85911 70.6469 0.845892
38.8 19.3969 6.8549 70.5969 0.8501
38.9 19.4469 6.85068 70.5469 0.854318
39 19.4969 6.84645 70.4969 0.858545
39.1 19.5469 6.84222 70.4469 0.862781
39.2 19.5969 6.83797 70.3969 0.867026
39.3 19.6469 6.83372 70.3469 0.871281
39.4 19.6969 6.82946 70.2969 0.875544
39.5 19.7469 6.82518 70.2469 0.879816
39.6 19.7969 6.8209 70.1969 0.884098
39.7 19.8468 6.81661 70.1468 0.888388
39.8 19.8968 6.81231 70.0968 0.892688
39.9 19.9468 6.808 70.0468 0.896996
40 19.9968 6.80369 69.9968 0.901314
40.1 20.0468 6.79936 69.9468 0.90564
40.2 20.0968 6.79502 69.8968 0.909976
40.3 20.1468 6.79068 69.8468 0.91432
40.4 20.1968 6.78633 69.7968 0.918674
40.5 20.2468 6.78196 69.7468 0.923036
40.6 20.2968 6.77759 69.6968 0.927407
40.7 20.3468 6.77321 69.6468 0.931787
40.8 20.3968 6.76882 69.5968 0.936177
40.9 20.4468 6.76443 69.5468 0.940575
41 20.4968 6.76002 69.4968 0.944981
41.1 20.5468 6.7556 69.4468 0.949397
41.2 20.5967 6.75118 69.3967 0.953822
41.3 20.6467 6.74675 69.3467 0.958255
41.4 20.6967 6.7423 69.2967 0.962697
41.5 20.7467 6.73785 69.2467 0.967148
41.6 20.7967 6.73339 69.1967 0.971608
41.7 20.8467 6.72892 69.1467 0.976076
41.8 20.8967 6.72445 69.0967 0.980554
41.9 20.9467 6.71996 69.0467 0.98504
42 20.9967 6.71547 68.9967 0.989535
42.1 21.0467 6.71096 68.9467 0.994038
42.2 21.0967 6.70645 68.8967 0.99855
42.3 21.1467 6.70193 68.8467 1.00307
42.4 21.1967 6.6974 68.7967 1.0076
42.5 21.2467 6.69286 68.7467 1.01214
42.6 21.2967 6.68831 68.6967 1.01669
42.7 21.3467 6.68376 68.6467 1.02124
42.8 21.3966 6.67919 68.5966 1.02581
42.9 21.4466 6.67462 68.5466 1.03038
43 21.4966 6.67004 68.4966 1.03496
43.1 21.5466 6.66545 68.4466 1.03955
43.2 21.5966 6.66085 68.3966 1.04415
43.3 21.6466 6.65624 68.3466 1.04876
43.4 21.6966 6.65163 68.2966 1.05337
43.5 21.7466 6.647 68.2466 1.058
43.6 21.7966 6.64237 68.1966 1.06263
43.7 21.8466 6.63773 68.1466 1.06727
43.8 21.8966 6.63308 68.0966 1.07192
43.9 21.9466 6.62842 68.0466 1.07658
44 21.9966 6.62376 67.9966 1.08124
44.1 22.0466 6.61908 67.9466 1.08592
44.2 22.0966 6.6144 67.8966 1.0906
44.3 22.1466 6.60971 67.8466 1.09529
44.4 22.1965 6.60501 67.7965 1.09999
44.5 22.2465 6.6003 67.7465 1.1047
44.6 22.2965 6.59558 67.6965 1.10942
44.7 22.3465 6.59085 67.6465 1.11415
44.8 22.3965 6.58612 67.5965 1.11888
44.9 22.4465 6.58138 67.5465 1.12362
45 22.4965 6.57663 67.4965 1.12837
45.1 22.5465 6.57187 67.4465 1.13313
45.2 22.5965 6.5671 67.3965 1.1379
45.3 22.6465 6.56233 67.3465 1.14267
45.4 22.6965 6.55754 67.2965 1.14746
45.5 22.7465 6.55275 67.2465 1.15225
45.6 22.7965 6.54795 67.1965 1.15705
45.7 22.8465 6.54314 67.1465 1.16186
45.8 22.8965 6.53833 67.0965 1.16667
45.9 22.9465 6.5335 67.0465 1.1715
46 22.9964 6.52867 66.9964 1.17633
46.1 23.0464 6.52383 66.9464 1.18117
46.2 23.0964 6.51898 66.8964 1.18602
46.3 23.1464 6.51412 66.8464 1.19088
46.4 23.1964 6.50926 66.7964 1.19574
46.5 23.2464 6.50439 66.7464 1.20061
46.6 23.2964 6.4995 66.6964 1.2055
46.7 23.3464 6.49462 66.6464 1.21038
46.8 23.3964 6.48972 66.5964 1.21528
46.9 23.4464 6.48481 66.5464 1.22019
47 23.4964 6.4799 66.4964 1.2251
47.1 23.5464 6.47498 66.4464 1.23002
47.2 23.5964 6.47005 66.3964 1.23495
47.3 23.6464 6.46511 66.3464 1.23989
47.4 23.6964 6.46016 66.2964 1.24484
47.5 23.7464 6.45521 66.2464 1.24979
47.6 23.7964 6.45025 66.1964 1.25475
47.7 23.8463 6.44528 66.1463 1.25972
47.8 23.8963 6.4403 66.0963 1.2647
47.9 23.9463 6.43532 66.0463 1.26968
48 23.9963 6.43033 65.9963 1.27467
48.1 24.0463 6.42532 65.9463 1.27968
48.2 24.0963 6.42032 65.8963 1.28468
48.3 24.1463 6.4153 65.8463 1.2897
48.4 24.1963 6.41028 65.7963 1.29472
48.5 24.2463 6.40524 65.7463 1.29976
48.6 24.2963 6.4002 65.6963 1.3048
48.7 24.3463 6.39516 65.6463 1.30984
48.8 24.3963 6.3901 65.5963 1.3149
48.9 24.4463 6.38504 65.5463 1.31996
49 24.4963 6.37997 65.4963 1.32503
49.1 24.5463 6.37489 65.4463 1.33011
49.2 24.5963 6.3698 65.3963 1.3352
49.3 24.6463 6.36471 65.3463 1.34029
49.4 24.6963 6.35961 65.2963 1.34539
49.5 24.7462 6.3545 65.2462 1.3505
49.6 24.7962 6.34938 65.1962 1.35562
49.7 24.8462 6.34426 65.1462 1.36074
49.8 24.8962 6.33913 65.0962 1.36587
49.9 24.9462 6.33399 65.0462 1.37101
50 24.9962 6.32884 64.9962 1.37616
50.1 25.0462 6.32368 64.9462 1.38132
50.2 25.0962 6.31852 64.8962 1.38648
50.3 25.1462 6.31335 64.8462 1.39165
50.4 25.1962 6.30818 64.7962 1.39682
50.5 25.2462 6.30299 64.7462 1.40201
50.6 25.2962 6.2978 64.6962 1.4072
50.7 25.3462 6.2926 64.6462 1.4124
50.8 25.3962 6.28739 64.5962 1.41761
50.9 25.4462 6.28218 64.5462 1.42282
51 25.4962 6.27696 64.4962 1.42804
51.1 25.5462 6.27173 64.4462 1.43327
51.2 25.5962 6.26649 64.3962 1.43851
51.3 25.6461 6.26125 64.3461 1.44375
51.4 25.6961 6.256 64.2961 1.449
51.5 25.7461 6.25074 64.2461 1.45426
51.6 25.7961 6.24547 64.1961 1.45953
51.7 25.8461 6.2402 64.1461 1.4648
51.8 25.8961 6.23492 64.0961 1.47008
51.9 25.9461 6.22963 64.0461 1.47537
52 25.9961 6.22434 63.9961 1.48066
52.1 26.0461 6.21903 63.9461 1.48597
52.2 26.0961 6.21372 63.8961 1.49128
52.3 26.1461 6.20841 63.8461 1.49659
52.4 26.1961 6.20308 63.7961 1.50192
52.5 26.2461 6.19775 63.7461 1.50725
52.6 26.2961 6.19242 63.6961 1.51258
52.7 26.3461 6.18707 63.6461 1.51793
52.8 26.3961 6.18172 63.5961 1.52328
52.9 26.4461 6.17636 63.5461 1.52864
53 26.4961 6.17099 63.4961 1.53401
53.1 26.5461 6.16562 63.4461 1.53938
53.2 26.596 6.16024 63.396 1.54476
53.3 26.646 6.15485 63.346 1.55015
53.4 26.696 6.14946 63.296 1.55554
53.5 26.746 6.14405 63.246 1.56095
53.6 26.796 6.13865 63.196 1.56635
53.7 26.846 6.13323 63.146 1.57177
53.8 26.896 6.12781 63.096 1.57719
53.9 26.946 6.12238 63.046 1.58262
54 26.996 6.11694 62.996 1.58806
54.1 27.046 6.1115 62.946 1.5935
54.2 27.096 6.10605 62.896 1.59895
54.3 27.146 6.10059 62.846 1.60441
54.4 27.196 6.09513 62.796 1.60987
54.5 27.246 6.08966 62.746 1.61534
54.6 27.296 6.08418 62.696 1.62082
54.7 27.346 6.0787 62.646 1.6263
54.8 27.396 6.07321 62.596 1.63179
54.9 27.446 6.06771 62.546 1.63729
55 27.496 6.0622 62.496 1.6428
55.1 27.546 6.05669 62.446 1.64831
55.2 27.5959 6.05117 62.3959 1.65383
55.3 27.6459 6.04565 62.3459 1.65935
55.4 27.6959 6.04012 62.2959 1.66488
55.5 27.7459 6.03458 62.2459 1.67042
55.6 27.7959 6.02904 62.1959 1.67596
55.7 27.8459 6.02348 62.1459 1.68152
55.8 27.8959 6.01793 62.0959 1.68707
55.9 27.9459 6.01236 62.0459 1.69264
56 27.9959 6.00679 61.9959 1.69821
56.1 28.0459 6.00121 61.9459 1.70379
56.2 28.0959 5.99563 61.8959 1.70937
56.3 28.1459 5.99004 61.8459 1.71496
56.4 28.1959 5.98444 61.7959 1.72056
56.5 28.2459 5.97884 61.7459 1.72616
56.6 28.2959 5.97323 61.6959 1.73177
56.7 28.3459 5.96761 61.6459 1.73739
56.8 28.3959 5.96199 61.5959 1.74301
56.9 28.4459 5.95636 61.5459 1.74864
57 28.4959 5.95072 61.4959 1.75428
57.1 28.5459 5.94508 61.4459 1.75992
57.2 28.5959 5.93943 61.3958 1.76557
57.3 28.6458 5.93378 61.3458 1.77122
57.4 28.6958 5.92811 61.2958 1.77689
57.5 28.7458 5.92245 61.2458 1.78255
57.6 28.7958 5.91677 61.1958 1.78823
57.7 28.8458 5.91109 61.1458 1.79391
57.8 28.8958 5.90541 61.0958 1.79959
57.9 28.9458 5.89971 61.0458 1.80529
58 28.9958 5.89401 60.9958 1.81099
58.1 29.0458 5.88831 60.9458 1.81669
58.2 29.0958 5.8826 60.8958 1.8224
58.3 29.1458 5.87688 60.8458 1.82812
58.4 29.1958 5.87116 60.7958 1.83384
58.5 29.2458 5.86543 60.7458 1.83957
58.6 29.2958 5.85969 60.6958 1.84531
58.7 29.3458 5.85395 60.6458 1.85105
58.8 29.3958 5.8482 60.5958 1.8568
58.9 29.4458 5.84244 60.5458 1.86256
59 29.4958 5.83668 60.4958 1.86832
59.1 29.5458 5.83092 60.4458 1.87408
59.2 29.5958 5.82515 60.3958 1.87985
59.3 29.6458 5.81937 60.3458 1.88563
59.4 29.6958 5.81358 60.2958 1.89142
59.5 29.7457 5.80779 60.2457 1.89721
59.6 29.7957 5.802 60.1957 1.903
59.7 29.8457 5.79619 60.1457 1.90881
59.8 29.8957 5.79038 60.0957 1.91462
59.9 29.9457 5.78457 60.0457 1.92043
60 29.9957 5.77875 59.9957 1.92625
60.1 30.0457 5.77292 59.9457 1.93208
60.2 30.0957 5.76709 59.8957 1.93791
60.3 30.1457 5.76125 59.8457 1.94375
60.4 30.1957 5.75541 59.7957 1.94959
60.5 30.2457 5.74956 59.7457 1.95544
60.6 30.2957 5.74371 59.6957 1.96129
60.7 30.3457 5.73785 59.6457 1.96715
60.8 30.3957 5.73198 59.5957 1.97302
60.9 30.4457 5.72611 59.5457 1.97889
61 30.4957 5.72023 59.4957 1.98477
61.1 30.5457 5.71435 59.4457 1.99065
61.2 30.5957 5.70846 59.3957 1.99654
61.3 30.6457 5.70256 59.3457 2.00244
61.4 30.6957 5.69666 59.2957 2.00834
61.5 30.7457 5.69075 59.2457 2.01425
61.6 30.7957 5.68484 59.1957 2.02016
61.7 30.8457 5.67892 59.1457 2.02608
61.8 30.8956 5.673 59.0956 2.032
61.9 30.9456 5.66707 59.0456 2.03793
62 30.9956 5.66114 58.9956 2.04386
62.1 31.0456 5.6552 58.9456 2.0498
62.2 31.0956 5.64925 58.8956 2.05575
62.3 31.1456 5.6433 58.8456 2.0617
62.4 31.1956 5.63735 58.7956 2.06765
62.5 31.2456 5.63139 58.7456 2.07361
62.6 31.2956 5.62542 58.6956 2.07958
62.7 31.3456 5.61945 58.6456 2.08555
62.8 31.3956 5.61347 58.5956 2.09153
62.9 31.4456 5.60749 58.5456 2.09751
63 31.4956 5.6015 58.4956 2.1035
63.1 31.5456 5.5955 58.4456 2.1095
63.2 31.5956 5.58951 58.3956 2.11549
63.3 31.6456 5.5835 58.3456 2.1215
63.4 31.6956 5.57749 58.2956 2.12751
63.5 31.7456 5.57148 58.2456 2.13352
63.6 31.7956 5.56546 58.1956 2.13954
63.7 31.8456 5.55943 58.1456 2.14557
63.8 31.8956 5.5534 58.0956 2.1516
63.9 31.9456 5.54737 58.0456 2.15763
64 31.9956 5.54132 57.9956 2.16368
64.1 32.0456 5.53528 57.9456 2.16972
64.2 32.0956 5.52923 57.8956 2.17577
64.3 32.1456 5.52317 57.8456 2.18183
64.4 32.1955 5.51711 57.7955 2.18789
64.5 32.2455 5.51104 57.7455 2.19396
64.6 32.2955 5.50497 57.6955 2.20003
64.7 32.3455 5.4989 57.6455 2.2061
64.8 32.3955 5.49281 57.5955 2.21219
64.9 32.4455 5.48673 57.5455 2.21827
65 32.4955 5.48064 57.4955 2.22436
65.1 32.5455 5.47454 57.4455 2.23046
65.2 32.5955 5.46844 57.3955 2.23656
65.3 32.6455 5.46233 57.3455 2.24267
65.4 32.6955 5.45622 57.2955 2.24878
65.5 32.7455 5.45011 57.2455 2.25489
65.6 32.7955 5.44398 57.1955 2.26102
65.7 32.8455 5.43786 57.1455 2.26714
65.8 32.8955 5.43173 57.0955 2.27327
65.9 32.9455 5.42559 57.0455 2.27941
66 32.9955 5.41945 56.9955 2.28555
66.1 33.0455 5.41331 56.9455 2.29169
66.2 33.0955 5.40716 56.8955 2.29784
66.3 33.1455 5.401 56.8455 2.304
66.4 33.1955 5.39484 56.7955 2.31016
66.5 33.2455 5.38868 56.7455 2.31632
66.6 33.2955 5.38251 56.6955 2.32249
66.7 33.3455 5.37634 56.6455 2.32866
66.8 33.3955 5.37016 56.5955 2.33484
66.9 33.4455 5.36398 56.5455 2.34102
67 33.4955 5.35779 56.4955 2.34721
67.1 33.5455 5.3516 56.4455 2.3534
67.2 33.5954 5.3454 56.3954 2.3596
67.3 33.6454 5.3392 56.3454 2.3658
67.4 33.6954 5.333 56.2954 2.372
67.5 33.7454 5.32679 56.2454 2.37821
67.6 33.7954 5.32057 56.1954 2.38443
67.7 33.8454 5.31435 56.1454 2.39065
67.8 33.8954 5.30813 56.0954 2.39687
67.9 33.9454 5.3019 56.0454 2.4031
68 33.9954 5.29567 55.9954 2.40933
68.1 34.0454 5.28944 55.9454 2.41556
68.2 34.0954 5.28319 55.8954 2.42181
68.3 34.1454 5.27695 55.8454 2.42805
68.4 34.1954 5.2707 55.7954 2.4343
68.5 34.2454 5.26445 55.7454 2.44055
68.6 34.2954 5.25819 55.6954 2.44681
68.7 34.3454 5.25193 55.6454 2.45307
68.8 34.3954 5.24566 55.5954 2.45934
68.9 34.4454 5.23939 55.5454 2.46561
69 34.4954 5.23311 55.4954 2.47189
69.1 34.5454 5.22683 55.4454 2.47817
69.2 34.5954 5.22055 55.3954 2.48445
69.3 34.6454 5.21426 55.3454 2.49074
69.4 34.6954 5.20797 55.2954 2.49703
69.5 34.7454 5.20167 55.2454 2.50333
69.6 34.7954 5.19537 55.1954 2.50963
69.7 34.8454 5.18907 55.1454 2.51593
69.8 34.8954 5.18276 55.0954 2.52224
69.9 34.9454 5.17645 55.0454 2.52855
70 34.9954 5.17013 54.9954 2.53487
70.1 35.0454 5.16381 54.9454 2.54119
70.2 35.0954 5.15749 54.8954 2.54751
70.3 35.1454 5.15116 54.8454 2.55384
70.4 35.1953 5.14483 54.7953 2.56017
70.5 35.2453 5.13849 54.7453 2.56651
70.6 35.2953 5.13215 54.6953 2.57285
70.7 35.3453 5.12581 54.6453 2.57919
70.8 35.3953 5.11946 54.5953 2.58554
70.9 35.4453 5.11311 54.5453 2.59189
71 35.4953 5.10675 54.4953 2.59825
71.1 35.5453 5.10039 54.4453 2.60461
71.2 35.5953 5.09403 54.3953 2.61097
71.3 35.6453 5.08766 54.3453 2.61734
71.4 35.6953 5.08129 54.2953 2.62371
71.5 35.7453 5.07492 54.2453 2.63008
71.6 35.7953 5.06854 54.1953 2.63646
71.7 35.8453 5.06216 54.1453 2.64284
71.8 35.8953 5.05577 54.0953 2.64923
71.9 35.9453 5.04938 54.0453 2.65562
72 35.9953 5.04299 53.9953 2.66201
72.1 36.0453 5.03659 53.9453 2.66841
72.2 36.0953 5.03019 53.8953 2.67481
72.3 36.1453 5.02379 53.8453 2.68121
72.4 36.1953 5.01738 53.7953 2.68762
72.5 36.2453 5.01097 53.7453 2.69403
72.6 36.2953 5.00455 53.6953 2.70045
72.7 36.3453 4.99814 53.6453 2.70686
72.8 36.3953 4.99172 53.5953 2.71328
72.9 36.4453 4.98529 53.5453 2.71971
73 36.4953 4.97886 53.4953 2.72614
73.1 36.5453 4.97243 53.4453 2.73257
73.2 36.5953 4.96599 53.3953 2.73901
73.3 36.6453 4.95956 53.3453 2.74544
73.4 36.6953 4.95311 53.2953 2.75189
73.5 36.7453 4.94667 53.2453 2.75833
73.6 36.7953 4.94022 53.1953 2.76478
73.7 36.8453 4.93377 53.1453 2.77123
73.8 36.8953 4.92731 53.0953 2.77769
73.9 36.9453 4.92085 53.0453 2.78415
74 36.9953 4.91439 52.9953 2.79061
74.1 37.0453 4.90793 52.9453 2.79707
74.2 37.0952 4.90146 52.8952 2.80354
74.3 37.1452 4.89499 52.8452 2.81001
74.4 37.1952 4.88851 52.7952 2.81649
74.5 37.2452 4.88204 52.7452 2.82296
74.6 37.2952 4.87555 52.6952 2.82945
74.7 37.3452 4.86907 52.6452 2.83593
74.8 37.3952 4.86258 52.5952 2.84242
74.9 37.4452 4.85609 52.5452 2.84891
75 37.4952 4.8496 52.4952 2.8554
75.1 37.5452 4.8431 52.4452 2.8619
75.2 37.5952 4.8366 52.3952 2.8684
75.3 37.6452 4.8301 52.3452 2.8749
75.4 37.6952 4.8236 52.2952 2.8814
75.5 37.7452 4.81709 52.2452 2.88791
75.6 37.7952 4.81058 52.1952 2.89442
75.7 37.8452 4.80406 52.1452 2.90094
75.8 37.8952 4.79755 52.0952 2.90745
75.9 37.9452 4.79103 52.0452 2.91397
76 37.9952 4.7845 51.9952 2.9205
76.1 38.0452 4.77798 51.9452 2.92702
76.2 38.0952 4.77145 51.8952 2.93355
76.3 38.1452 4.76492 51.8452 2.94008
76.4 38.1952 4.75838 51.7952 2.94662
76.5 38.2452 4.75185 51.7452 2.95315
76.6 38.2952 4.74531 51.6952 2.95969
76.7 38.3452 4.73877 51.6452 2.96623
76.8 38.3952 4.73222 51.5952 2.97278
76.9 38.4452 4.72567 51.5452 2.97933
77 38.4952 4.71912 51.4952 2.98588
77.1 38.5452 4.71257 51.4452 2.99243
77.2 38.5952 4.70602 51.3952 2.99898
77.3 38.6452 4.69946 51.3452 3.00554
77.4 38.6952 4.6929 51.2952 3.0121
77.5 38.7452 4.68633 51.2452 3.01867
77.6 38.7952 4.67977 51.1952 3.02523
77.7 38.8452 4.6732 51.1452 3.0318
77.8 38.8952 4.66663 51.0952 3.03837
77.9 38.9452 4.66006 51.0452 3.04494
78 38.9952 4.65348 50.9952 3.05152
78.1 39.0452 4.6469 50.9452 3.0581
78.2 39.0952 4.64032 50.8952 3.06468
78.3 39.1452 4.63374 50.8452 3.07126
78.4 39.1952 4.62715 50.7952 3.07785
78.5 39.2452 4.62056 50.7452 3.08444
78.6 39.2952 4.61397 50.6952 3.09103
78.7 39.3452 4.60738 50.6452 3.09762
78.8 39.3952 4.60079 50.5952 3.10421
78.9 39.4452 4.59419 50.5452 3.11081
79 39.4952 4.58759 50.4952 3.11741
79.1 39.5452 4.58099 50.4452 3.12401
79.2 39.5952 4.57439 50.3952 3.13061
79.3 39.6451 4.56778 50.3451 3.13722
79.4 39.6951 4.56117 50.2951 3.14383
79.5 39.7451 4.55456 50.2451 3.15044
79.6 39.7951 4.54795 50.1951 3.15705
79.7 39.8451 4.54134 50.1451 3.16366
79.8 39.8951 4.53472 50.0951 3.17028
79.9 39.9451 4.5281 50.0451 3.1769
80 39.9951 4.52148 49.9951 3.18352
80.1 40.0451 4.51486 49.9451 3.19014
80.2 40.0951 4.50823 49.8951 3.19677
80.3 40.1451 4.50161 49.8451 3.20339
80.4 40.1951 4.49498 49.7951 3.21002
80.5 40.2451 4.48835 49.7451 3.21665
80.6 40.2951 4.48171 49.6951 3.22329
80.7 40.3451 4.47508 49.6451 3.22992
80.8 40.3951 4.46844 49.5951 3.23656
80.9 40.4451 4.4618 49.5451 3.2432
81 40.4951 4.45516 49.4951 3.24984
81.1 40.5451 4.44852 49.4451 3.25648
81.2 40.5951 4.44188 49.3951 3.26312
81.3 40.6451 4.43523 49.3451 3.26977
81.4 40.6951 4.42858 49.2951 3.27642
81.5 40.7451 4.42194 49.2451 3.28306
81.6 40.7951 4.41528 49.1951 3.28972
81.7 40.8451 4.40863 49.1451 3.29637
81.8 40.8951 4.40198 49.0951 3.30302
81.9 40.9451 4.39532 49.0451 3.30968
82 40.9951 4.38866 48.9951 3.31634
82.1 41.0451 4.38201 48.9451 3.32299
82.2 41.0951 4.37534 48.8951 3.32966
82.3 41.1451 4.36868 48.8451 3.33632
82.4 41.1951 4.36202 48.7951 3.34298
82.5 41.2451 4.35535 48.7451 3.34965
82.6 41.2951 4.34869 48.6951 3.35631
82.7 41.3451 4.34202 48.6451 3.36298
82.8 41.3951 4.33535 48.5951 3.36965
82.9 41.4451 4.32867 48.5451 3.37633
83 41.4951 4.322 48.4951 3.383
83.1 41.5451 4.31533 48.4451 3.38967
83.2 41.5951 4.30865 48.3951 3.39635
83.3 41.6451 4.30197 48.3451 3.40303
83.4 41.6951 4.2953 48.2951 3.4097
83.5 41.7451 4.28862 48.2451 3.41638
83.6 41.7951 4.28193 48.1951 3.42307
83.7 41.8451 4.27525 48.1451 3.42975
83.8 41.8951 4.26857 48.0951 3.43643
83.9 41.9451 4.26188 48.0451 3.44312
84 41.9951 4.2552 47.9951 3.4498
84.1 42.0451 4.24851 47.9451 3.45649
84.2 42.0951 4.24182 47.8951 3.46318
84.3 42.1451 4.23513 47.8451 3.46987
84.4 42.1951 4.22844 47.7951 3.47656
84.5 42.2451 4.22175 47.7451 3.48325
84.6 42.2951 4.21505 47.6951 3.48995
84.7 42.3451 4.20836 47.6451 3.49664
84.8 42.3951 4.20166 47.5951 3.50334
84.9 42.4451 4.19497 47.5451 3.51003
85 42.4951 4.18827 47.4951 3.51673
85.1 42.5451 4.18157 47.4451 3.52343
85.2 42.5951 4.17487 47.3951 3.53013
85.3 42.6451 4.16817 47.3451 3.53683
85.4 42.6951 4.16147 47.2951 3.54353
85.5 42.7451 4.15476 47.2451 3.55024
85.6 42.7951 4.14806 47.1951 3.55694
85.7 42.8451 4.14136 47.1451 3.56364
85.8 42.8951 4.13465 47.0951 3.57035
85.9 42.9451 4.12794 47.0451 3.57706
86 42.9951 4.12124 46.9951 3.58376
86.1 43.0451 4.11453 46.9451 3.59047
86.2 43.0951 4.10782 46.8951 3.59718
86.3 43.1451 4.10111 46.8451 3.60389
86.4 43.1951 4.0944 46.7951 3.6106
86.5 43.2451 4.08769 46.7451 3.61731
86.6 43.2951 4.08098 46.6951 3.62402
86.7 43.3451 4.07427 46.6451 3.63073
86.8 43.3951 4.06755 46.5951 3.63745
86.9 43.4451 4.06084 46.5451 3.64416
87 43.4951 4.05412 46.4951 3.65088
87.1 43.5451 4.04741 46.4451 3.65759
87.2 43.5951 4.04069 46.3951 3.66431
87.3 43.6451 4.03398 46.3451 3.67102
87.4 43.6951 4.02726 46.2951 3.67774
87.5 43.7451 4.02054 46.2451 3.68446
87.6 43.7951 4.01383 46.1951 3.69117
87.7 43.8451 4.00711 46.1451 3.69789
87.8 43.8951 4.00039 46.0951 3.70461
87.9 43.9451 3.99367 46.0451 3.71133
88 43.9951 3.98695 45.9951 3.71805
88.1 44.0451 3.98023 45.9451 3.72477
88.2 44.0951 3.97351 45.8951 3.73149
88.3 44.1451 3.96679 45.8451 3.73821
88.4 44.1951 3.96007 45.7951 3.74493
88.5 44.2451 3.95335 45.7451 3.75165
88.6 44.2951 3.94662 45.6951 3.75838
88.7 44.3451 3.9399 45.6451 3.7651
88.8 44.3951 3.93318 45.5951 3.77182
88.9 44.4451 3.92646 45.5451 3.77854
89 44.4951 3.91974 45.4951 3.78526
89.1 44.5451 3.91301 45.4451 3.79199
89.2 44.5951 3.90629 45.3951 3.79871
89.3 44.6451 3.89957 45.3451 3.80543
89.4 44.6951 3.89284 45.2951 3.81216
89.5 44.7451 3.88612 45.2451 3.81888
89.6 44.7951 3.8794 45.1951 3.8256
89.7 44.8451 3.87267 45.1451 3.83233
89.8 44.8951 3.86595 45.0951 3.83905
89.9 44.9451 3.85922 45.0451 3.84578
90 44.9951 3.8525 44.9951 3.8525
90.1 45.0451 3.84578 44.9451 3.85922
90.2 45.0951 3.83905 44.8951 3.86595
90.3 45.1451 3.83233 44.8451 3.87267
90.4 45.1951 3.8256 44.7951 3.8794
90.5 45.2451 3.81888 44.7451 3.88612
90.6 45.2951 3.81216 44.6951 3.89284
90.7 45.3451 3.80543 44.6451 3.89957
90.8 45.3951 3.79871 44.5951 3.90629
90.9 45.4451 3.79199 44.5451 3.91301
91 45.4951 3.78526 44.4951 3.91974
91.1 45.5451 3.77854 44.4451 3.92646
91.2 45.5951 3.77182 44.3951 3.93318
91.3 45.6451 3.7651 44.3451 3.9399
91.4 45.6951 3.75838 44.2951 3.94662
91.5 45.7451 3.75165 44.2451 3.95335
91.6 45.7951 3.74493 44.1951 3.96007
91.7 45.8451 3.73821 44.1451 3.96679
91.8 45.8951 3.73149 44.0951 3.97351
91.9 45.9451 3.72477 44.0451 3.98023
92 45.9951 3.71805 43.9951 3.98695
92.1 46.0451 3.71133 43.9451 3.99367
92.2 46.0951 3.70461 43.8951 4.00039
92.3 46.1451 3.69789 43.8451 4.00711
92.4 46.1951 3.69117 43.7951 4.01383
92.5 46.2451 3.68446 43.7451 4.02054
92.6 46.2951 3.67774 43.6951 4.02726
92.7 46.3451 3.67102 43.6451 4.03398
92.8 46.3951 3.66431 43.5951 4.04069
92.9 46.4451 3.65759 43.5451 4.04741
93 46.4951 3.65088 43.4951 4.05412
93.1 46.5451 3.64416 43.4451 4.06084
93.2 46.5951 3.63745 43.3951 4.06755
93.3 46.6451 3.63073 43.3451 4.07427
93.4 46.6951 3.62402 43.2951 4.08098
93.5 46.7451 3.61731 43.2451 4.08769
93.6 46.7951 3.6106 43.1951 4.0944
93.7 46.8451 3.60389 43.1451 4.10111
93.8 46.8951 3.59718 43.0951 4.10782
93.9 46.9451 3.59047 43.0451 4.11453
94 46.9951 3.58376 42.9951 4.12124
94.1 47.0451 3.57706 42.9451 4.12794
94.2 47.0951 3.57035 42.8951 4.13465
94.3 47.1451 3.56364 42.8451 4.14136
94.4 47.1951 3.55694 42.7951 4.14806
94.5 47.2451 3.55024 42.7451 4.15476
94.6 47.2951 3.54353 42.6951 4.16147
94.7 47.3451 3.53683 42.6451 4.16817
94.8 47.3951 3.53013 42.5951 4.17487
94.9 47.4451 3.52343 42.5451 4.18157
95 47.4951 3.51673 42.4951 4.18827
95.1 47.5451 3.51003 42.4451 4.19497
95.2 47.5951 3.50334 42.3951 4.20166
95.3 47.6451 3.49664 42.3451 4.20836
95.4 47.6951 3.48995 42.2951 4.21505
95.5 47.7451 3.48325 42.2451 4.22175
95.6 47.7951 3.47656 42.1951 4.22844
95.7 47.8451 3.46987 42.1451 4.23513
95.8 47.8951 3.46318 42.0951 4.24182
95.9 47.9451 3.45649 42.0451 4.24851
96 47.9951 3.4498 41.9951 4.2552
96.1 48.0451 3.44312 41.9451 4.26188
96.2 48.0951 3.43643 41.8951 4.26857
96.3 48.1451 3.42975 41.8451 4.27525
96.4 48.1951 3.42307 41.7951 4.28193
96.5 48.2451 3.41638 41.7451 4.28862
96.6 48.2951 3.4097 41.6951 4.2953
96.7 48.3451 3.40303 41.6451 4.30197
96.8 48.3951 3.39635 41.5951 4.30865
96.9 48.4451 3.38967 41.5451 4.31533
97 48.4951 3.383 41.4951 4.322
97.1 48.5451 3.37633 41.4451 4.32867
97.2 48.5951 3.36965 41.3951 4.33535
97.3 48.6451 3.36298 41.3451 4.34202
97.4 48.6951 3.35631 41.2951 4.34869
97.5 48.7451 3.34965 41.2451 4.35535
97.6 48.7951 3.34298 41.1951 4.36202
97.7 48.8451 3.33632 41.1451 4.36868
97.8 48.8951 3.32966 41.0951 4.37534
97.9 48.9451 3.32299 41.0451 4.38201
98 48.9951 3.31634 40.9951 4.38866
98.1 49.0451 3.30968 40.9451 4.39532
98.2 49.0951 3.30302 40.8951 4.40198
98.3 49.1451 3.29637 40.8451 4.40863
98.4 49.1951 3.28972 40.7951 4.41528
98.5 49.2451 3.28306 40.7451 4.42194
98.6 49.2951 3.27642 40.6951 4.42858
98.7 49.3451 3.26977 40.6451 4.43523
98.8 49.3951 3.26312 40.5951 4.44188
98.9 49.4451 3.25648 40.5451 4.44852
99 49.4951 3.24984 40.4951 4.45516
99.1 49.5451 3.2432 40.4451 4.4618
99.2 49.5951 3.23656 40.3951 4.46844
99.3 49.6451 3.22992 40.3451 4.47508
99.4 49.6951 3.22329 40.2951 4.48171
99.5 49.7451 3.21665 40.2451 4.48835
99.6 49.7951 3.21002 40.1951 4.49498
99.7 49.8451 3.20339 40.1451 4.50161
99.8 49.8951 3.19677 40.0951 4.50823
99.9 49.9451 3.19014 40.0451 4.51486
100 49.9951 3.18352 39.9951 4.52148
100.1 50.0451 3.1769 39.9451 4.5281
100.2 50.0951 3.17028 39.8951 4.53472
100.3 50.1451 3.16366 39.8451 4.54134
100.4 50.1951 3.15705 39.7951 4.54795
100.5 50.2451 3.15044 39.7451 4.55456
100.6 50.2951 3.14383 39.6951 4.56117
100.7 50.3451 3.13722 39.6451 4.56778
100.8 50.3952 3.13061 39.5952 4.57439
100.9 50.4452 3.12401 39.5452 4.58099
101 50.4952 3.11741 39.4952 4.58759
101.1 50.5452 3.11081 39.4452 4.59419
101.2 50.5952 3.10421 39.3952 4.60079
101.3 50.6452 3.09762 39.3452 4.60738
101.4 50.6952 3.09103 39.2952 4.61397
101.5 50.7452 3.08444 39.2452 4.62056
101.6 50.7952 3.07785 39.1952 4.62715
101.7 50.8452 3.07126 39.1452 4.63374
101.8 50.8952 3.06468 39.0952 4.64032
101.9 50.9452 3.0581 39.0452 4.6469
102 50.9952 3.05152 38.9952 4.65348
102.1 51.0452 3.04494 38.9452 4.66006
102.2 51.0952 3.03837 38.8952 4.66663
102.3 51.1452 3.0318 38.8452 4.6732
102.4 51.1952 3.02523 38.7952 4.67977
102.5 51.2452 3.01867 38.7452 4.68633
102.6 51.2952 3.0121 38.6952 4.6929
102.7 51.3452 3.00554 38.6452 4.69946
102.8 51.3952 2.99898 38.5952 4.70602
102.9 51.4452 2.99243 38.5452 4.71257
103 51.4952 2.98588 38.4952 4.71912
103.1 51.5452 2.97933 38.4452 4.72567
103.2 51.5952 2.97278 38.3952 4.73222
103.3 51.6452 2.96623 38.3452 4.73877
103.4 51.6952 2.95969 38.2952 4.74531
103.5 51.7452 2.95315 38.2452 4.75185
103.6 51.7952 2.94662 38.1952 4.75838
103.7 51.8452 2.94008 38.1452 4.76492
103.8 51.8952 2.93355 38.0952 4.77145
103.9 51.9452 2.92702 38.0452 4.77798
104 51.9952 2.9205 37.9952 4.7845
104.1 52.0452 2.91397 37.9452 4.79103
104.2 52.0952 2.90745 37.8952 4.79755
104.3 52.1452 2.90094 37.8452 4.80406
104.4 52.1952 2.89442 37.7952 4.81058
104.5 52.2452 2.88791 37.7452 4.81709
104.6 52.2952 2.8814 37.6952 4.8236
104.7 52.3452 2.8749 37.6452 4.8301
104.8 52.3952 2.8684 37.5952 4.8366
104.9 52.4452 2.8619 37.5452 4.8431
105 52.4952 2.8554 37.4952 4.8496
105.1 52.5452 2.84891 37.4452 4.85609
105.2 52.5952 2.84242 37.3952 4.86258
105.3 52.6452 2.83593 37.3452 4.86907
105.4 52.6952 2.82945 37.2952 4.87555
105.5 52.7452 2.82296 37.2452 4.88204
105.6 52.7952 2.81649 37.1952 4.88851
105.7 52.8452 2.81001 37.1452 4.89499
105.8 52.8952 2.80354 37.0952 4.90146
105.9 52.9453 2.79707 37.0453 4.90793
106 52.9953 2.79061 36.9953 4.91439
106.1 53.0453 2.78415 36.9453 4.92085
106.2 53.0953 2.77769 36.8953 4.92731
106.3 53.1453 2.77123 36.8453 4.93377
106.4 53.1953 2.76478 36.7953 4.94022
106.5 53.2453 2.75833 36.7453 4.94667
106.6 53.2953 2.75189 36.6953 4.95311
106.7 53.3453 2.74544 36.6453 4.95956
106.8 53.3953 2.73901 36.5953 4.96599
106.9 53.4453 2.73257 36.5453 4.97243
107 53.4953 2.72614 36.4953 4.97886
107.1 53.5453 2.71971 36.4453 4.98529
107.2 53.5953 2.71328 36.3953 4.99172
107.3 53.6453 2.70686 36.3453 4.99814
107.4 53.6953 2.70045 36.2953 5.00455
107.5 53.7453 2.69403 36.2453 5.01097
107.6 53.7953 2.68762 36.1953 5.01738
107.7 53.8453 2.68121 36.1453 5.02379
107.8 53.8953 2.67481 36.0953 5.03019
107.9 53.9453 2.66841 36.0453 5.03659
108 53.9953 2.66201 35.9953 5.04299
108.1 54.0453 2.65562 35.9453 5.04938
108.2 54.0953 2.64923 35.8953 5.05577
108.3 54.1453 2.64284 35.8453 5.06216
108.4 54.1953 2.63646 35.7953 5.06854
108.5 54.2453 2.63008 35.7453 5.07492
108.6 54.2953 2.62371 35.6953 5.08129
108.7 54.3453 2.61734 35.6453 5.08766
108.8 54.3953 2.61097 35.5953 5.09403
108.9 54.4453 2.60461 35.5453 5.10039
109 54.4953 2.59825 35.4953 5.10675
109.1 54.5453 2.59189 35.4453 5.11311
109.2 54.5953 2.58554 35.3953 5.11946
109.3 54.6453 2.57919 35.3453 5.12581
109.4 54.6953 2.57285 35.2953 5.13215
109.5 54.7453 2.56651 35.2453 5.13849
109.6 54.7953 2.56017 35.1953 5.14483
109.7 54.8454 2.55384 35.1454 5.15116
109.8 54.8954 2.54751 35.0954 5.15749
109.9 54.9454 2.54119 35.0454 5.16381
110 54.9954 2.53487 34.9954 5.17013
110.1 55.0454 2.52855 34.9454 5.17645
110.2 55.0954 2.52224 34.8954 5.18276
110.3 55.1454 2.51593 34.8454 5.18907
110.4 55.1954 2.50963 34.7954 5.19537
110.5 55.2454 2.50333 34.7454 5.20167
110.6 55.2954 2.49703 34.6954 5.20797
110.7 55.3454 2.49074 34.6454 5.21426
110.8 55.3954 2.48445 34.5954 5.22055
110.9 55.4454 2.47817 34.5454 5.22683
111 55.4954 2.47189 34.4954 5.23311
111.1 55.5454 2.46561 34.4454 5.23939
111.2 55.5954 2.45934 34.3954 5.24566
111.3 55.6454 2.45307 34.3454 5.25193
111.4 55.6954 2.44681 34.2954 5.25819
111.5 55.7454 2.44055 34.2454 5.26445
111.6 55.7954 2.4343 34.1954 5.2707
111.7 55.8454 2.42805 34.1454 5.27695
111.8 55.8954 2.42181 34.0954 5.28319
111.9 55.9454 2.41556 34.0454 5.28944
112 55.9954 2.40933 33.9954 5.29567
112.1 56.0454 2.4031 33.9454 5.3019
112.2 56.0954 2.39687 33.8954 5.30813
112.3 56.1454 2.39065 33.8454 5.31435
112.4 56.1954 2.38443 33.7954 5.32057
112.5 56.2454 2.37821 33.7454 5.32679
112.6 56.2954 2.372 33.6954 5.333
112.7 56.3454 2.3658 33.6454 5.3392
112.8 56.3954 2.3596 33.5954 5.3454
112.9 56.4455 2.3534 33.5455 5.3516
113 56.4955 2.34721 33.4955 5.35779
113.1 56.5455 2.34102 33.4455 5.36398
113.2 56.5955 2.33484 33.3955 5.37016
113.3 56.6455 2.32866 33.3455 5.37634
113.4 56.6955 2.32249 33.2955 5.38251
113.5 56.7455 2.31632 33.2455 5.38868
113.6 56.7955 2.31016 33.1955 5.39484
113.7 56.8455 2.304 33.1455 5.401
113.8 56.8955 2.29784 33.0955 5.40716
113.9 56.9455 2.29169 33.0455 5.41331
114 56.9955 2.28555 32.9955 5.41945
114.1 57.0455 2.27941 32.9455 5.42559
114.2 57.0955 2.27327 32.8955 5.43173
114.3 57.1455 2.26714 32.8455 5.43786
114.4 57.1955 2.26102 32.7955 5.44398
114.5 57.2455 2.25489 32.7455 5.45011
114.6 57.2955 2.24878 32.6955 5.45622
114.7 57.3455 2.24267 32.6455 5.46233
114.8 57.3955 2.23656 32.5955 5.46844
114.9 57.4455 2.23046 32.5455 5.47454
115 57.4955 2.22436 32.4955 5.48064
115.1 57.5455 2.21827 32.4455 5.48673
115.2 57.5955 2.21219 32.3955 5.49281
115.3 57.6455 2.2061 32.3455 5.4989
115.4 57.6955 2.20003 32.2955 5.50497
115.5 57.7455 2.19396 32.2455 5.51104
115.6 57.7955 2.18789 32.1955 5.51711
115.7 57.8456 2.18183 32.1456 5.52317
115.8 57.8956 2.17577 32.0956 5.52923
115.9 57.9456 2.16972 32.0456 5.53528
116 57.9956 2.16368 31.9956 5.54132
116.1 58.0456 2.15763 31.9456 5.54737
116.2 58.0956 2.1516 31.8956 5.5534
116.3 58.1456 2.14557 31.8456 5.55943
116.4 58.1956 2.13954 31.7956 5.56546
116.5 58.2456 2.13352 31.7456 5.57148
116.6 58.2956 2.12751 31.6956 5.57749
116.7 58.3456 2.1215 31.6456 5.5835
116.8 58.3956 2.11549 31.5956 5.58951
116.9 58.4456 2.1095 31.5456 5.5955
117 58.4956 2.1035 31.4956 5.6015
117.1 58.5456 2.09751 31.4456 5.60749
117.2 58.5956 2.09153 31.3956 5.61347
117.3 58.6456 2.08555 31.3456 5.61945
117.4 58.6956 2.07958 31.2956 5.62542
117.5 58.7456 2.07361 31.2456 5.63139
117.6 58.7956 2.06765 31.1956 5.63735
117.7 58.8456 2.0617 31.1456 5.6433
117.8 58.8956 2.05575 31.0956 5.64925
117.9 58.9456 2.0498 31.0456 5.6552
118 58.9956 2.04386 30.9956 5.66114
118.1 59.0456 2.03793 30.9456 5.66707
118.2 59.0956 2.032 30.8956 5.673
118.3 59.1457 2.02608 30.8457 5.67892
118.4 59.1957 2.02016 30.7957 5.68484
118.5 59.2457 2.01425 30.7457 5.69075
118.6 59.2957 2.00834 30.6957 5.69666
118.7 59.3457 2.00244 30.6457 5.70256
118.8 59.3957 1.99654 30.5957 5.70846
118.9 59.4457 1.99065 30.5457 5.71435
119 59.4957 1.98477 30.4957 5.72023
119.1 59.5457 1.97889 30.4457 5.72611
119.2 59.5957 1.97302 30.3957 5.73198
119.3 59.6457 1.96715 30.3457 5.73785
119.4 59.6957 1.96129 30.2957 5.74371
119.5 59.7457 1.95544 30.2457 5.74956
119.6 59.7957 1.94959 30.1957 5.75541
119.7 59.8457 1.94375 30.1457 5.76125
119.8 59.8957 1.93791 30.0957 5.76709
119.9 59.9457 1.93208 30.0457 5.77292
120 59.9957 1.92625 29.9957 5.77875
120.1 60.0457 1.92043 29.9457 5.78457
120.2 60.0957 1.91462 29.8957 5.79038
120.3 60.1457 1.90881 29.8457 5.79619
120.4 60.1957 1.903 29.7957 5.802
120.5 60.2457 1.89721 29.7457 5.80779
120.6 60.2958 1.89142 29.6958 5.81358
120.7 60.3458 1.88563 29.6458 5.81937
120.8 60.3958 1.87985 29.5958 5.82515
120.9 60.4458 1.87408 29.5458 5.83092
121 60.4958 1.86832 29.4958 5.83668
121.1 60.5458 1.86256 29.4458 5.84244
121.2 60.5958 1.8568 29.3958 5.8482
121.3 60.6458 1.85105 29.3458 5.85395
121.4 60.6958 1.84531 29.2958 5.85969
121.5 60.7458 1.83957 29.2458 5.86543
121.6 60.7958 1.83384 29.1958 5.87116
121.7 60.8458 1.82812 29.1458 5.87688
121.8 60.8958 1.8224 29.0958 5.8826
121.9 60.9458 1.81669 29.0458 5.88831
122 60.9958 1.81099 28.9958 5.89401
122.1 61.0458 1.80529 28.9458 5.89971
122.2 61.0958 1.79959 28.8958 5.90541
122.3 61.1458 1.79391 28.8458 5.91109
122.4 61.1958 1.78823 28.7958 5.91677
122.5 61.2458 1.78255 28.7458 5.92245
122.6 61.2958 1.77689 28.6958 5.92811
122.7 61.3458 1.77122 28.6458 5.93378
122.8 61.3958 1.76557 28.5959 5.93943
122.9 61.4459 1.75992 28.5459 5.94508
123 61.4959 1.75428 28.4959 5.95072
123.1 61.5459 1.74864 28.4459 5.95636
123.2 61.5959 1.74301 28.3959 5.96199
123.3 61.6459 1.73739 28.3459 5.96761
123.4 61.6959 1.73177 28.2959 5.97323
123.5 61.7459 1.72616 28.2459 5.97884
123.6 61.7959 1.72056 28.1959 5.98444
123.7 61.8459 1.71496 28.1459 5.99004
123.8 61.8959 1.70937 28.0959 5.99563
123.9 61.9459 1.70379 28.0459 6.00121
124 61.9959 1.69821 27.9959 6.00679
124.1 62.0459 1.69264 27.9459 6.01236
124.2 62.0959 1.68707 27.8959 6.01793
124.3 62.1459 1.68152 27.8459 6.02348
124.4 62.1959 1.67596 27.7959 6.02904
124.5 62.2459 1.67042 27.7459 6.03458
124.6 62.2959 1.66488 27.6959 6.04012
124.7 62.3459 1.65935 27.6459 6.04565
124.8 62.3959 1.65383 27.5959 6.05117
124.9 62.446 1.64831 27.546 6.05669
125 62.496 1.6428 27.496 6.0622
125.1 62.546 1.63729 27.446 6.06771
125.2 62.596 1.63179 27.396 6.07321
125.3 62.646 1.6263 27.346 6.0787
125.4 62.696 1.62082 27.296 6.08418
125.5 62.746 1.61534 27.246 6.08966
125.6 62.796 1.60987 27.196 6.09513
125.7 62.846 1.60441 27.146 6.10059
125.8 62.896 1.59895 27.096 6.10605
125.9 62.946 1.5935 27.046 6.1115
126 62.996 1.58806 26.996 6.11694
126.1 63.046 1.58262 26.946 6.12238
126.2 63.096 1.57719 26.896 6.12781
126.3 63.146 1.57177 26.846 6.13323
126.4 63.196 1.56635 26.796 6.13865
126.5 63.246 1.56095 26.746 6.14405
126.6 63.296 1.55554 26.696 6.14946
126.7 63.346 1.55015 26.646 6.15485
126.8 63.396 1.54476 26.596 6.16024
126.9 63.4461 1.53938 26.5461 6.16562
127 63.4961 1.53401 26.4961 6.17099
127.1 63.5461 1.52864 26.4461 6.17636
127.2 63.5961 1.52328 26.3961 6.18172
127.3 63.6461 1.51793 26.3461 6.18707
127.4 63.6961 1.51258 26.2961 6.19242
127.5 63.7461 1.50725 26.2461 6.19775
127.6 63.7961 1.50192 26.1961 6.20308
127.7 63.8461 1.49659 26.1461 6.20841
127.8 63.8961 1.49128 26.0961 6.21372
127.9 63.9461 1.48597 26.0461 6.21903
128 63.9961 1.48066 25.9961 6.22434
128.1 64.0461 1.47537 25.9461 6.22963
128.2 64.0961 1.47008 25.8961 6.23492
128.3 64.1461 1.4648 25.8461 6.2402
128.4 64.1961 1.45953 25.7961 6.24547
128.5 64.2461 1.45426 25.7461 6.25074
128.6 64.2961 1.449 25.6961 6.256
128.7 64.3461 1.44375 25.6461 6.26125
128.8 64.3962 1.43851 25.5962 6.26649
128.9 64.4462 1.43327 25.5462 6.27173
129 64.4962 1.42804 25.4962 6.27696
129.1 64.5462 1.42282 25.4462 6.28218
129.2 64.5962 1.41761 25.3962 6.28739
129.3 64.6462 1.4124 25.3462 6.2926
129.4 64.6962 1.4072 25.2962 6.2978
129.5 64.7462 1.40201 25.2462 6.30299
129.6 64.7962 1.39682 25.1962 6.30818
129.7 64.8462 1.39165 25.1462 6.31335
129.8 64.8962 1.38648 25.0962 6.31852
129.9 64.9462 1.38132 25.0462 6.32368
130 64.9962 1.37616 24.9962 6.32884
130.1 65.0462 1.37101 24.9462 6.33399
130.2 65.0962 1.36587 24.8962 6.33913
130.3 65.1462 1.36074 24.8462 6.34426
130.4 65.1962 1.35562 24.7962 6.34938
130.5 65.2462 1.3505 24.7462 6.3545
130.6 65.2963 1.34539 24.6963 6.35961
130.7 65.3463 1.34029 24.6463 6.36471
130.8 65.3963 1.3352 24.5963 6.3698
130.9 65.4463 1.33011 24.5463 6.37489
131 65.4963 1.32503 24.4963 6.37997
131.1 65.5463 1.31996 24.4463 6.38504
131.2 65.5963 1.3149 24.3963 6.3901
131.3 65.6463 1.30984 24.3463 6.39516
131.4 65.6963 1.3048 24.2963 6.4002
131.5 65.7463 1.29976 24.2463 6.40524
131.6 65.7963 1.29472 24.1963 6.41028
131.7 65.8463 1.2897 24.1463 6.4153
131.8 65.8963 1.28468 24.0963 6.42032
131.9 65.9463 1.27968 24.0463 6.42532
132 65.9963 1.27467 23.9963 6.43033
132.1 66.0463 1.26968 23.9463 6.43532
132.2 66.0963 1.2647 23.8963 6.4403
132.3 66.1463 1.25972 23.8463 6.44528
132.4 66.1964 1.25475 23.7964 6.45025
132.5 66.2464 1.24979 23.7464 6.45521
132.6 66.2964 1.24484 23.6964 6.46016
132.7 66.3464 1.23989 23.6464 6.46511
132.8 66.3964 1.23495 23.5964 6.47005
132.9 66.4464 1.23002 23.5464 6.47498
133 66.4964 1.2251 23.4964 6.4799
133.1 66.5464 1.22019 23.4464 6.48481
133.2 66.5964 1.21528 23.3964 6.48972
133.3 66.6464 1.21038 23.3464 6.49462
133.4 66.6964 1.2055 23.2964 6.4995
133.5 66.7464 1.20061 23.2464 6.50439
133.6 66.7964 1.19574 23.1964 6.50926
133.7 66.8464 1.19088 23.1464 6.51412
133.8 66.8964 1.18602 23.0964 6.51898
133.9 66.9464 1.18117 23.0464 6.52383
134 66.9964 1.17633 22.9964 6.52867
134.1 67.0465 1.1715 22.9465 6.5335
134.2 67.0965 1.16667 22.8965 6.53833
134.3 67.1465 1.16186 22.8465 6.54314
134.4 67.1965 1.15705 22.7965 6.54795
134.5 67.2465 1.15225 22.7465 6.55275
134.6 67.2965 1.14746 22.6965 6.55754
134.7 67.3465 1.14267 22.6465 6.56233
134.8 67.3965 1.1379 22.5965 6.5671
134.9 67.4465 1.13313 22.5465 6.57187
135 67.4965 1.12837 22.4965 6.57663
135.1 67.5465 1.12362 22.4465 6.58138
135.2 67.5965 1.11888 22.3965 6.58612
135.3 67.6465 1.11415 22.3465 6.59085
135.4 67.6965 1.10942 22.2965 6.59558
135.5 67.7465 1.1047 22.2465 6.6003
135.6 67.7965 1.09999 22.1965 6.60501
135.7 67.8466 1.09529 22.1466 6.60971
135.8 67.8966 1.0906 22.0966 6.6144
135.9 67.9466 1.08592 22.0466 6.61908
136 67.9966 1.08124 21.9966 6.62376
136.1 68.0466 1.07658 21.9466 6.62842
136.2 68.0966 1.07192 21.8966 6.63308
136.3 68.1466 1.06727 21.8466 6.63773
136.4 68.1966 1.06263 21.7966 6.64237
136.5 68.2466 1.058 21.7466 6.647
136.6 68.2966 1.05337 21.6966 6.65163
136.7 68.3466 1.04876 21.6466 6.65624
136.8 68.3966 1.04415 21.5966 6.66085
136.9 68.4466 1.03955 21.5466 6.66545
137 68.4966 1.03496 21.4966 6.67004
137.1 68.5466 1.03038 21.4466 6.67462
137.2 68.5966 1.02581 21.3966 6.67919
137.3 68.6467 1.02124 21.3467 6.68376
137.4 68.6967 1.01669 21.2967 6.68831
137.5 68.7467 1.01214 21.2467 6.69286
137.6 68.7967 1.0076 21.1967 6.6974
137.7 68.8467 1.00307 21.1467 6.70193
137.8 68.8967 0.99855 21.0967 6.70645
137.9 68.9467 0.994038 21.0467 6.71096
138 68.9967 0.989535 20.9967 6.71547
138.1 69.0467 0.98504 20.9467 6.71996
138.2 69.0967 0.980554 20.8967 6.72445
138.3 69.1467 0.976076 20.8467 6.72892
138.4 69.1967 0.971608 20.7967 6.73339
138.5 69.2467 0.967148 20.7467 6.73785
138.6 69.2967 0.962697 20.6967 6.7423
138.7 69.3467 0.958255 20.6467 6.74675
138.8 69.3967 0.953822 20.5967 6.75118
138.9 69.4468 0.949397 20.5468 6.7556
139 69.4968 0.944981 20.4968 6.76002
139.1 69.5468 0.940575 20.4468 6.76443
139.2 69.5968 0.936177 20.3968 6.76882
139.3 69.6468 0.931787 20.3468 6.77321
139.4 69.6968 0.927407 20.2968 6.77759
139.5 69.7468 0.923036 20.2468 6.78196
139.6 69.7968 0.918674 20.1968 6.78633
139.7 69.8468 0.91432 20.1468 6.79068
139.8 69.8968 0.909976 20.0968 6.79502
139.9 69.9468 0.90564 20.0468 6.79936
140 69.9968 0.901314 19.9968 6.80369
140.1 70.0468 0.896996 19.9468 6.808
140.2 70.0968 0.892688 19.8968 6.81231
140.3 70.1468 0.888388 19.8468 6.81661
140.4 70.1969 0.884098 19.7969 6.8209
140.5 70.2469 0.879816 19.7469 6.82518
140.6 70.2969 0.875544 19.6969 6.82946
140.7 70.3469 0.871281 19.6469 6.83372
140.8 70.3969 0.867026 19.5969 6.83797
140.9 70.4469 0.862781 19.5469 6.84222
141 70.4969 0.858545 19.4969 6.84645
141.1 70.5469 0.854318 19.4469 6.85068
141.2 70.5969 0.8501 19.3969 6.8549
141.3 70.6469 0.845892 19.3469 6.85911
141.4 70.6969 0.841692 19.2969 6.86331
141.5 70.7469 0.837502 19.2469 6.8675
141.6 70.7969 0.833321 19.1969 6.87168
141.7 70.8469 0.829149 19.1469 6.87585
141.8 70.8969 0.824986 19.0969 6.88001
141.9 70.947 0.820833 19.047 6.88417
142 70.997 0.816689 18.997 6.88831
142.1 71.047 0.812554 18.947 6.89245
142.2 71.097 0.808428 18.897 6.89657
142.3 71.147 0.804311 18.847 6.90069
142.4 71.197 0.800204 18.797 6.9048
142.5 71.247 0.796106 18.747 6.90889
142.6 71.297 0.792018 18.697 6.91298
142.7 71.347 0.787938 18.647 6.91706
142.8 71.397 0.783868 18.597 6.92113
142.9 71.447 0.779808 18.547 6.92519
143 71.497 0.775757 18.497 6.92924
143.1 71.547 0.771715 18.447 6.93329
143.2 71.597 0.767682 18.397 6.93732
143.3 71.647 0.763659 18.347 6.94134
143.4 71.6971 0.759646 18.2971 6.94535
143.5 71.7471 0.755641 18.2471 6.94936
143.6 71.7971 0.751647 18.1971 6.95335
143.7 71.8471 0.747661 18.1471 6.95734
143.8 71.8971 0.743685 18.0971 6.96131
143.9 71.9471 0.739719 18.0471 6.96528
144 71.9971 0.735762 17.9971 6.96924
144.1 72.0471 0.731815 17.9471 6.97319
144.2 72.0971 0.727877 17.8971 6.97712
144.3 72.1471 0.723948 17.8471 6.98105
144.4 72.1971 0.720029 17.7971 6.98497
144.5 72.2471 0.71612 17.7471 6.98888
144.6 72.2971 0.71222 17.6971 6.99278
144.7 72.3471 0.70833 17.6471 6.99667
144.8 72.3972 0.704449 17.5972 7.00055
144.9 72.4472 0.700578 17.5472 7.00442
145 72.4972 0.696717 17.4972 7.00828
145.1 72.5472 0.692865 17.4472 7.01214
145.2 72.5972 0.689023 17.3972 7.01598
145.3 72.6472 0.68519 17.3472 7.01981
145.4 72.6972 0.681367 17.2972 7.02363
145.5 72.7472 0.677554 17.2472 7.02745
145.6 72.7972 0.67375 17.1972 7.03125
145.7 72.8472 0.669956 17.1472 7.03504
145.8 72.8972 0.666172 17.0972 7.03883
145.9 72.9472 0.662398 17.0472 7.0426
146 72.9972 0.658633 16.9972 7.04637
146.1 73.0472 0.654878 16.9472 7.05012
146.2 73.0973 0.651132 16.8973 7.05387
146.3 73.1473 0.647397 16.8473 7.0576
146.4 73.1973 0.643671 16.7973 7.06133
146.5 73.2473 0.639955 16.7473 7.06505
146.6 73.2973 0.636249 16.6973 7.06875
146.7 73.3473 0.632552 16.6473 7.07245
146.8 73.3973 0.628865 16.5973 7.07613
146.9 73.4473 0.625189 16.5473 7.07981
147 73.4973 0.621522 16.4973 7.08348
147.1 73.5473 0.617864 16.4473 7.08714
147.2 73.5973 0.614217 16.3973 7.09078
147.3 73.6473 0.61058 16.3473 7.09442
147.4 73.6973 0.606952 16.2973 7.09805
147.5 73.7473 0.603334 16.2473 7.10167
147.6 73.7974 0.599727 16.1974 7.10527
147.7 73.8474 0.596129 16.1474 7.10887
147.8 73.8974 0.592541 16.0974 7.11246
147.9 73.9474 0.588963 16.0474 7.11604
148 73.9974 0.585395 15.9974 7.11961
148.1 74.0474 0.581837 15.9474 7.12316
148.2 74.0974 0.578288 15.8974 7.12671
148.3 74.1474 0.57475 15.8474 7.13025
148.4 74.1974 0.571222 15.7974 7.13378
148.5 74.2474 0.567704 15.7474 7.1373
148.6 74.2974 0.564196 15.6974 7.1408
148.7 74.3474 0.560697 15.6474 7.1443
148.8 74.3974 0.557209 15.5974 7.14779
148.9 74.4474 0.553731 15.5474 7.15127
149 74.4975 0.550263 15.4975 7.15474
149.1 74.5475 0.546805 15.4475 7.1582
149.2 74.5975 0.543357 15.3975 7.16164
149.3 74.6475 0.539919 15.3475 7.16508
149.4 74.6975 0.536491 15.2975 7.16851
149.5 74.7475 0.533074 15.2475 7.17193
149.6 74.7975 0.529666 15.1975 7.17533
149.7 74.8475 0.526269 15.1475 7.17873
149.8 74.8975 0.522881 15.0975 7.18212
149.9 74.9475 0.519504 15.0475 7.1855
150 74.9975 0.516137 14.9975 7.18886
150.1 75.0475 0.51278 14.9475 7.19222
150.2 75.0975 0.509434 14.8975 7.19557
150.3 75.1476 0.506097 14.8476 7.1989
150.4 75.1976 0.502771 14.7976 7.20223
150.5 75.2476 0.499455 14.7476 7.20555
150.6 75.2976 0.496149 14.6976 7.20885
150.7 75.3476 0.492853 14.6476 7.21215
150.8 75.3976 0.489568 14.5976 7.21543
150.9 75.4476 0.486293 14.5476 7.21871
151 75.4976 0.483028 14.4976 7.22197
151.1 75.5476 0.479773 14.4476 7.22523
151.2 75.5976 0.476529 14.3976 7.22847
151.3 75.6476 0.473294 14.3476 7.23171
151.4 75.6976 0.470071 14.2976 7.23493
151.5 75.7476 0.466857 14.2476 7.23814
151.6 75.7977 0.463654 14.1977 7.24135
151.7 75.8477 0.460461 14.1477 7.24454
151.8 75.8977 0.457278 14.0977 7.24772
151.9 75.9477 0.454106 14.0477 7.25089
152 75.9977 0.450944 13.9977 7.25406
152.1 76.0477 0.447793 13.9477 7.25721
152.2 76.0977 0.444652 13.8977 7.26035
152.3 76.1477 0.441521 13.8477 7.26348
152.4 76.1977 0.438401 13.7977 7.2666
152.5 76.2477 0.435291 13.7477 7.26971
152.6 76.2977 0.432191 13.6977 7.27281
152.7 76.3477 0.429102 13.6477 7.2759
152.8 76.3977 0.426023 13.5977 7.27898
152.9 76.4478 0.422955 13.5478 7.28204
153 76.4978 0.419897 13.4978 7.2851
153.1 76.5478 0.41685 13.4478 7.28815
153.2 76.5978 0.413813 13.3978 7.29119
153.3 76.6478 0.410787 13.3478 7.29421
153.4 76.6978 0.407771 13.2978 7.29723
153.5 76.7478 0.404765 13.2478 7.30023
153.6 76.7978 0.40177 13.1978 7.30323
153.7 76.8478 0.398786 13.1478 7.30621
153.8 76.8978 0.395812 13.0978 7.30919
153.9 76.9478 0.392849 13.0478 7.31215
154 76.9978 0.389896 12.9978 7.3151
154.1 77.0478 0.386954 12.9478 7.31805
154.2 77.0979 0.384022 12.8979 7.32098
154.3 77.1479 0.381101 12.8479 7.3239
154.4 77.1979 0.37819 12.7979 7.32681
154.5 77.2479 0.37529 12.7479 7.32971
154.6 77.2979 0.372401 12.6979 7.3326
154.7 77.3479 0.369522 12.6479 7.33548
154.8 77.3979 0.366654 12.5979 7.33835
154.9 77.4479 0.363796 12.5479 7.3412
155 77.4979 0.360949 12.4979 7.34405
155.1 77.5479 0.358113 12.4479 7.34689
155.2 77.5979 0.355287 12.3979 7.34971
155.3 77.6479 0.352472 12.3479 7.35253
155.4 77.6979 0.349668 12.2979 7.35533
155.5 77.748 0.346874 12.248 7.35813
155.6 77.798 0.344091 12.198 7.36091
155.7 77.848 0.341319 12.148 7.36368
155.8 77.898 0.338557 12.098 7.36644
155.9 77.948 0.335806 12.048 7.36919
156 77.998 0.333066 11.998 7.37193
156.1 78.048 0.330337 11.948 7.37466
156.2 78.098 0.327618 11.898 7.37738
156.3 78.148 0.32491 11.848 7.38009
156.4 78.198 0.322213 11.798 7.38279
156.5 78.248 0.319526 11.748 7.38547
156.6 78.298 0.31685 11.698 7.38815
156.7 78.348 0.314185 11.648 7.39081
156.8 78.3981 0.311531 11.5981 7.39347
156.9 78.4481 0.308888 11.5481 7.39611
157 78.4981 0.306255 11.4981 7.39874
157.1 78.5481 0.303633 11.4481 7.40137
157.2 78.5981 0.301022 11.3981 7.40398
157.3 78.6481 0.298422 11.3481 7.40658
157.4 78.6981 0.295833 11.2981 7.40917
157.5 78.7481 0.293254 11.2481 7.41175
157.6 78.7981 0.290686 11.1981 7.41431
157.7 78.8481 0.28813 11.1481 7.41687
157.8 78.8981 0.285584 11.0981 7.41942
157.9 78.9481 0.283048 11.0481 7.42195
158 78.9982 0.280524 10.9982 7.42448
158.1 79.0482 0.278011 10.9482 7.42699
158.2 79.0982 0.275508 10.8982 7.42949
158.3 79.1482 0.273017 10.8482 7.43198
158.4 79.1982 0.270536 10.7982 7.43446
158.5 79.2482 0.268066 10.7482 7.43693
158.6 79.2982 0.265607 10.6982 7.43939
158.7 79.3482 0.26316 10.6482 7.44184
158.8 79.3982 0.260723 10.5982 7.44428
158.9 79.4482 0.258297 10.5482 7.4467
159 79.4982 0.255881 10.4982 7.44912
159.1 79.5482 0.253477 10.4482 7.45152
159.2 79.5982 0.251084 10.3982 7.45392
159.3 79.6483 0.248702 10.3483 7.4563
159.4 79.6983 0.246331 10.2983 7.45867
159.5 79.7483 0.24397 10.2483 7.46103
159.6 79.7983 0.241621 10.1983 7.46338
159.7 79.8483 0.239283 10.1483 7.46572
159.8 79.8983 0.236956 10.0983 7.46804
159.9 79.9483 0.234639 10.0483 7.47036
160 79.9983 0.232334 9.99831 7.47267
160.1 80.0483 0.23004 9.94832 7.47496
160.2 80.0983 0.227757 9.89833 7.47724
160.3 80.1483 0.225485 9.84834 7.47952
160.4 80.1983 0.223224 9.79834 7.48178
160.5 80.2484 0.220974 9.74835 7.48403
160.6 80.2984 0.218735 9.69836 7.48627
160.7 80.3484 0.216507 9.64837 7.48849
160.8 80.3984 0.21429 9.59838 7.49071
160.9 80.4484 0.212084 9.54838 7.49292
161 80.4984 0.20989 9.49839 7.49511
161.1 80.5484 0.207706 9.4484 7.49729
161.2 80.5984 0.205534 9.39841 7.49947
161.3 80.6484 0.203372 9.34842 7.50163
161.4 80.6984 0.201222 9.29843 7.50378
161.5 80.7484 0.199083 9.24843 7.50592
161.6 80.7984 0.196955 9.19844 7.50804
161.7 80.8484 0.194838 9.14845 7.51016
161.8 80.8985 0.192733 9.09846 7.51227
161.9 80.9485 0.190638 9.04847 7.51436
162 80.9985 0.188555 8.99847 7.51645
162.1 81.0485 0.186483 8.94848 7.51852
162.2 81.0985 0.184422 8.89849 7.52058
162.3 81.1485 0.182372 8.8485 7.52263
162.4 81.1985 0.180333 8.79851 7.52467
162.5 81.2485 0.178305 8.74852 7.52669
162.6 81.2985 0.176289 8.69852 7.52871
162.7 81.3485 0.174284 8.64853 7.53072
162.8 81.3985 0.17229 8.59854 7.53271
162.9 81.4485 0.170307 8.54855 7.53469
163 81.4986 0.168336 8.49856 7.53666
163.1 81.5486 0.166376 8.44856 7.53862
163.2 81.5986 0.164427 8.39857 7.54057
163.3 81.6486 0.162489 8.34858 7.54251
163.4 81.6986 0.160562 8.29859 7.54444
163.5 81.7486 0.158647 8.2486 7.54635
163.6 81.7986 0.156743 8.19861 7.54826
163.7 81.8486 0.15485 8.14861 7.55015
163.8 81.8986 0.152969 8.09862 7.55203
163.9 81.9486 0.151098 8.04863 7.5539
164 81.9986 0.149239 7.99864 7.55576
164.1 82.0486 0.147392 7.94865 7.55761
164.2 82.0987 0.145555 7.89866 7.55944
164.3 82.1487 0.14373 7.84866 7.56127
164.4 82.1987 0.141916 7.79867 7.56308
164.5 82.2487 0.140114 7.74868 7.56489
164.6 82.2987 0.138322 7.69869 7.56668
164.7 82.3487 0.136543 7.6487 7.56846
164.8 82.3987 0.134774 7.59871 7.57023
164.9 82.4487 0.133017 7.54871 7.57198
165 82.4987 0.131271 7.49872 7.57373
165.1 82.5487 0.129536 7.44873 7.57546
165.2 82.5987 0.127813 7.39874 7.57719
165.3 82.6487 0.126101 7.34875 7.5789
165.4 82.6988 0.1244 7.29876 7.5806
165.5 82.7488 0.122711 7.24876 7.58229
165.6 82.7988 0.121033 7.19877 7.58397
165.7 82.8488 0.119367 7.14878 7.58563
165.8 82.8988 0.117712 7.09879 7.58729
165.9 82.9488 0.116068 7.0488 7.58893
166 82.9988 0.114436 6.99881 7.59056
166.1 83.0488 0.112815 6.94881 7.59219
166.2 83.0988 0.111205 6.89882 7.59379
166.3 83.1488 0.109607 6.84883 7.59539
166.4 83.1988 0.10802 6.79884 7.59698
166.5 83.2488 0.106445 6.74885 7.59856
166.6 83.2989 0.104881 6.69886 7.60012
166.7 83.3489 0.103328 6.64886 7.60167
166.8 83.3989 0.101787 6.59887 7.60321
166.9 83.4489 0.100258 6.54888 7.60474
167 83.4989 0.0987393 6.49889 7.60626
167.1 83.5489 0.0972325 6.4489 7.60777
167.2 83.5989 0.0957371 6.39891 7.60926
167.3 83.6489 0.0942532 6.34891 7.61075
167.4 83.6989 0.0927807 6.29892 7.61222
167.5 83.7489 0.0913196 6.24893 7.61368
167.6 83.7989 0.08987 6.19894 7.61513
167.7 83.8489 0.0884319 6.14895 7.61657
167.8 83.899 0.0870053 6.09896 7.61799
167.9 83.949 0.0855901 6.04897 7.61941
168 83.999 0.0841864 5.99897 7.62081
168.1 84.049 0.0827941 5.94898 7.62221
168.2 84.099 0.0814134 5.89899 7.62359
168.3 84.149 0.0800441 5.849 7.62496
168.4 84.199 0.0786864 5.79901 7.62631
168.5 84.249 0.0773401 5.74902 7.62766
168.6 84.299 0.0760053 5.69902 7.62899
168.7 84.349 0.074682 5.64903 7.63032
168.8 84.399 0.0733703 5.59904 7.63163
168.9 84.449 0.07207 5.54905 7.63293
169 84.4991 0.0707813 5.49906 7.63422
169.1 84.5491 0.0695041 5.44907 7.6355
169.2 84.5991 0.0682384 5.39907 7.63676
169.3 84.6491 0.0669842 5.34908 7.63802
169.4 84.6991 0.0657416 5.29909 7.63926
169.5 84.7491 0.0645105 5.2491 7.64049
169.6 84.7991 0.0632909 5.19911 7.64171
169.7 84.8491 0.0620829 5.14912 7.64292
169.8 84.8991 0.0608864 5.09913 7.64411
169.9 84.9491 0.0597015 5.04913 7.6453
170 84.9991 0.0585281 4.99914 7.64647
170.1 85.0492 0.0573663 4.94915 7.64763
170.2 85.0992 0.0562161 4.89916 7.64878
170.3 85.1492 0.0550774 4.84917 7.64992
170.4 85.1992 0.0539503 4.79918 7.65105
170.5 85.2492 0.0528347 4.74919 7.65217
170.6 85.2992 0.0517307 4.69919 7.65327
170.7 85.3492 0.0506384 4.6492 7.65436
170.8 85.3992 0.0495575 4.59921 7.65544
170.9 85.4492 0.0484883 4.54922 7.65651
171 85.4992 0.0474307 4.49923 7.65757
171.1 85.5492 0.0463846 4.44924 7.65862
171.2 85.5992 0.0453502 4.39924 7.65965
171.3 85.6493 0.0443273 4.34925 7.66067
171.4 85.6993 0.043316 4.29926 7.66168
171.5 85.7493 0.0423164 4.24927 7.66268
171.6 85.7993 0.0413283 4.19928 7.66367
171.7 85.8493 0.0403519 4.14929 7.66465
171.8 85.8993 0.0393871 4.0993 7.66561
171.9 85.9493 0.0384339 4.0493 7.66657
172 85.9993 0.0374923 3.99931 7.66751
172.1 86.0493 0.0365623 3.94932 7.66844
172.2 86.0993 0.0356439 3.89933 7.66936
172.3 86.1493 0.0347372 3.84934 7.67026
172.4 86.1993 0.0338421 3.79935 7.67116
172.5 86.2494 0.0329587 3.74936 7.67204
172.6 86.2994 0.0320868 3.69936 7.67291
172.7 86.3494 0.0312267 3.64937 7.67377
172.8 86.3994 0.0303781 3.59938 7.67462
172.9 86.4494 0.0295412 3.54939 7.67546
173 86.4994 0.028716 3.4994 7.67628
173.1 86.5494 0.0279023 3.44941 7.6771
173.2 86.5994 0.0271004 3.39942 7.6779
173.3 86.6494 0.0263101 3.34942 7.67869
173.4 86.6994 0.0255314 3.29943 7.67947
173.5 86.7494 0.0247644 3.24944 7.68024
173.6 86.7994 0.0240091 3.19945 7.68099
173.7 86.8495 0.0232654 3.14946 7.68173
173.8 86.8995 0.0225334 3.09947 7.68247
173.9 86.9495 0.0218131 3.04948 7.68319
174 86.9995 0.0211044 2.99948 7.6839
174.1 87.0495 0.0204074 2.94949 7.68459
174.2 87.0995 0.0197221 2.8995 7.68528
174.3 87.1495 0.0190484 2.84951 7.68595
174.4 87.1995 0.0183864 2.79952 7.68661
174.5 87.2495 0.0177361 2.74953 7.68726
174.6 87.2995 0.0170975 2.69954 7.6879
174.7 87.3495 0.0164706 2.64954 7.68853
174.8 87.3996 0.0158554 2.59955 7.68914
174.9 87.4496 0.0152518 2.54956 7.68975
175 87.4996 0.0146599 2.49957 7.69034
175.1 87.5496 0.0140797 2.44958 7.69092
175.2 87.5996 0.0135113 2.39959 7.69149
175.3 87.6496 0.0129545 2.3496 7.69205
175.4 87.6996 0.0124094 2.2996 7.69259
175.5 87.7496 0.011876 2.24961 7.69312
175.6 87.7996 0.0113543 2.19962 7.69365
175.7 87.8496 0.0108443 2.14963 7.69416
175.8 87.8996 0.010346 2.09964 7.69465
175.9 87.9496 0.00985938 2.04965 7.69514
176 87.9997 0.0093845 1.99966 7.69562
176.1 88.0497 0.00892132 1.94966 7.69608
176.2 88.0997 0.00846984 1.89967 7.69653
176.3 88.1497 0.00803008 1.84968 7.69697
176.4 88.1997 0.00760203 1.79969 7.6974
176.5 88.2497 0.00718569 1.7497 7.69781
176.6 88.2997 0.00678106 1.69971 7.69822
176.7 88.3497 0.00638815 1.64972 7.69861
176.8 88.3997 0.00600696 1.59972 7.69899
176.9 88.4497 0.00563748 1.54973 7.69936
177 88.4997 0.00527972 1.49974 7.69972
177.1 88.5498 0.00493368 1.44975 7.70007
177.2 88.5998 0.00459936 1.39976 7.7004
177.3 88.6498 0.00427676 1.34977 7.70072
177.4 88.6998 0.00396588 1.29978 7.70103
177.5 88.7498 0.00366673 1.24978 7.70133
177.6 88.7998 0.0033793 1.19979 7.70162
177.7 88.8498 0.00310359 1.1498 7.7019
177.8 88.8998 0.00283961 1.09981 7.70216
177.9 88.9498 0.00258736 1.04982 7.70241
178 88.9998 0.00234684 0.999828 7.70265
178.1 89.0498 0.00211804 0.949836 7.70288
178.2 89.0998 0.00190098 0.899845 7.7031
178.3 89.1499 0.00169564 0.849854 7.7033
178.4 89.1999 0.00150203 0.799862 7.7035
178.5 89.2499 0.00132016 0.749871 7.70368
178.6 89.2999 0.00115001 0.699879 7.70385
178.7 89.3499 0.000991598 0.649888 7.70401
178.8 89.3999 0.000844917 0.599897 7.70416
178.9 89.4499 0.000709969 0.549905 7.70429
179 89.4999 0.000586754 0.499914 7.70441
179.1 89.5499 0.000475273 0.449922 7.70452
179.2 89.5999 0.000375526 0.399931 7.70462
179.3 89.6499 0.000287513 0.34994 7.70471
179.4 89.6999 0.000211235 0.299948 7.70479
179.5 89.75 0.000146691 0.249957 7.70485
179.6 89.8 9.38827e-05 0.199966 7.70491
179.7 89.85 5.28091e-05 0.149974 7.70495
179.8 89.9 2.34707e-05 0.0999828 7.70498
179.9 89.95 5.86769e-06 0.0499914 7.70499
180 0.136211 0 3.50775e-15 7.705
