#kinematics calculation of exex
#vertex z = 400 mm, E_reaction = 46.046 MeV
#theta_cm, theta3_lab, Ek3_lab, theta4_lab, Ek4_lab
0 0 36.6267 0 0.53934
0.1 0.0438923 36.6266 0.361991 0.539367
0.2 0.0877846 36.6266 0.72394 0.53945
0.3 0.131677 36.6264 1.0858 0.539587
0.4 0.175569 36.6262 1.44754 0.539779
0.5 0.219461 36.626 1.80911 0.540027
0.6 0.263353 36.6257 2.17048 0.540329
0.7 0.307246 36.6253 2.53159 0.540686
0.8 0.351138 36.6249 2.89241 0.541099
0.9 0.39503 36.6244 3.25289 0.541566
1 0.438922 36.6239 3.613 0.542088
1.1 0.482813 36.6233 3.9727 0.542665
1.2 0.526705 36.6227 4.33193 0.543297
1.3 0.570597 36.622 4.69068 0.543984
1.4 0.614488 36.6213 5.04888 0.544726
1.5 0.658379 36.6205 5.40651 0.545523
1.6 0.702271 36.6196 5.76352 0.546375
1.7 0.746162 36.6187 6.11988 0.547282
1.8 0.790053 36.6178 6.47555 0.548243
1.9 0.833943 36.6167 6.83048 0.54926
2 0.877834 36.6157 7.18465 0.550331
2.1 0.921724 36.6145 7.53801 0.551458
2.2 0.965615 36.6134 7.89052 0.552639
2.3 1.0095 36.6121 8.24216 0.553876
2.4 1.05339 36.6108 8.59288 0.555167
2.5 1.09728 36.6095 8.94265 0.556513
2.6 1.14117 36.6081 9.29143 0.557914
2.7 1.18506 36.6066 9.6392 0.559371
2.8 1.22895 36.6051 9.98591 0.560881
2.9 1.27284 36.6036 10.3315 0.562447
3 1.31673 36.6019 10.676 0.564068
3.1 1.36062 36.6003 11.0194 0.565744
3.2 1.4045 36.5985 11.3616 0.567474
3.3 1.44839 36.5967 11.7025 0.569259
3.4 1.49228 36.5949 12.0422 0.5711
3.5 1.53617 36.593 12.3807 0.572995
3.6 1.58005 36.5911 12.7178 0.574945
3.7 1.62394 36.5891 13.0536 0.57695
3.8 1.66783 36.587 13.3881 0.579009
3.9 1.71171 36.5849 13.7212 0.581124
4 1.7556 36.5827 14.0528 0.583293
4.1 1.79948 36.5805 14.383 0.585517
4.2 1.84337 36.5782 14.7118 0.587796
4.3 1.88725 36.5759 15.0391 0.59013
4.4 1.93113 36.5735 15.3649 0.592519
4.5 1.97502 36.571 15.6891 0.594962
4.6 2.0189 36.5685 16.0118 0.597461
4.7 2.06278 36.566 16.333 0.600014
4.8 2.10666 36.5634 16.6525 0.602621
4.9 2.15055 36.5607 16.9704 0.605284
5 2.19443 36.558 17.2867 0.608001
5.1 2.23831 36.5552 17.6013 0.610773
5.2 2.28219 36.5524 17.9143 0.6136
5.3 2.32607 36.5495 18.2256 0.616482
5.4 2.36995 36.5466 18.5352 0.619418
5.5 2.41383 36.5436 18.843 0.622409
5.6 2.45771 36.5405 19.1492 0.625455
5.7 2.50158 36.5374 19.4536 0.628555
5.8 2.54546 36.5343 19.7562 0.631711
5.9 2.58934 36.5311 20.0571 0.63492
6 2.63321 36.5278 20.3561 0.638185
6.1 2.67709 36.5245 20.6534 0.641504
6.2 2.72097 36.5211 20.9489 0.644878
6.3 2.76484 36.5177 21.2425 0.648306
6.4 2.80871 36.5142 21.5344 0.651789
6.5 2.85259 36.5107 21.8244 0.655327
6.6 2.89646 36.5071 22.1125 0.658919
6.7 2.94033 36.5034 22.3988 0.662566
6.8 2.98421 36.4997 22.6832 0.666268
6.9 3.02808 36.496 22.9658 0.670024
7 3.07195 36.4922 23.2465 0.673834
7.1 3.11582 36.4883 23.5253 0.6777
7.2 3.15969 36.4844 23.8023 0.681619
7.3 3.20355 36.4804 24.0773 0.685594
7.4 3.24742 36.4764 24.3505 0.689622
7.5 3.29129 36.4723 24.6217 0.693706
7.6 3.33516 36.4682 24.8911 0.697844
7.7 3.37902 36.464 25.1585 0.702036
7.8 3.42289 36.4597 25.4241 0.706283
7.9 3.46675 36.4554 25.6877 0.710584
8 3.51062 36.4511 25.9495 0.714939
8.1 3.55448 36.4467 26.2093 0.71935
8.2 3.59834 36.4422 26.4673 0.723814
8.3 3.6422 36.4377 26.7233 0.728333
8.4 3.68606 36.4331 26.9774 0.732906
8.5 3.72992 36.4285 27.2297 0.737534
8.6 3.77378 36.4238 27.48 0.742216
8.7 3.81764 36.419 27.7284 0.746952
8.8 3.8615 36.4143 27.9749 0.751743
8.9 3.90536 36.4094 28.2196 0.756588
9 3.94921 36.4045 28.4623 0.761487
9.1 3.99307 36.3996 28.7032 0.766441
9.2 4.03692 36.3946 28.9421 0.771449
9.3 4.08078 36.3895 29.1792 0.776511
9.4 4.12463 36.3844 29.4144 0.781627
9.5 4.16848 36.3792 29.6478 0.786798
9.6 4.21233 36.374 29.8792 0.792023
9.7 4.25618 36.3687 30.1088 0.797302
9.8 4.30003 36.3634 30.3366 0.802635
9.9 4.34388 36.358 30.5625 0.808022
10 4.38773 36.3525 30.7866 0.813464
10.1 4.43158 36.347 31.0088 0.818959
10.2 4.47542 36.3415 31.2292 0.824509
10.3 4.51927 36.3359 31.4478 0.830113
10.4 4.56311 36.3302 31.6646 0.835771
10.5 4.60695 36.3245 31.8795 0.841483
10.6 4.65079 36.3188 32.0927 0.847249
10.7 4.69464 36.3129 32.304 0.853069
10.8 4.73848 36.3071 32.5136 0.858943
10.9 4.78231 36.3011 32.7214 0.864871
11 4.82615 36.2951 32.9274 0.870853
11.1 4.86999 36.2891 33.1317 0.876889
11.2 4.91383 36.283 33.3342 0.882978
11.3 4.95766 36.2769 33.535 0.889122
11.4 5.0015 36.2707 33.734 0.89532
11.5 5.04533 36.2644 33.9313 0.901572
11.6 5.08916 36.2581 34.1269 0.907877
11.7 5.13299 36.2518 34.3208 0.914236
11.8 5.17682 36.2454 34.513 0.920649
11.9 5.22065 36.2389 34.7035 0.927116
12 5.26448 36.2324 34.8923 0.933637
12.1 5.3083 36.2258 35.0795 0.940212
12.2 5.35213 36.2192 35.265 0.94684
12.3 5.39595 36.2125 35.4488 0.953522
12.4 5.43978 36.2057 35.631 0.960257
12.5 5.4836 36.199 35.8116 0.967047
12.6 5.52742 36.1921 35.9905 0.97389
12.7 5.57124 36.1852 36.1679 0.980786
12.8 5.61506 36.1783 36.3436 0.987736
12.9 5.65888 36.1713 36.5178 0.99474
13 5.70269 36.1642 36.6904 1.0018
13.1 5.74651 36.1571 36.8614 1.00891
13.2 5.79032 36.1499 37.0308 1.01607
13.3 5.83413 36.1427 37.1987 1.02329
13.4 5.87795 36.1354 37.3651 1.03056
13.5 5.92176 36.1281 37.5299 1.03789
13.6 5.96557 36.1207 37.6932 1.04527
13.7 6.00937 36.1133 37.855 1.0527
13.8 6.05318 36.1058 38.0154 1.06018
13.9 6.09699 36.0983 38.1742 1.06772
14 6.14079 36.0907 38.3316 1.07531
14.1 6.18459 36.083 38.4875 1.08296
14.2 6.22839 36.0753 38.6419 1.09066
14.3 6.27219 36.0676 38.7949 1.09841
14.4 6.31599 36.0598 38.9465 1.10621
14.5 6.35979 36.0519 39.0966 1.11407
14.6 6.40359 36.044 39.2453 1.12198
14.7 6.44738 36.0361 39.3927 1.12995
14.8 6.49117 36.028 39.5386 1.13797
14.9 6.53497 36.02 39.6832 1.14604
15 6.57876 36.0118 39.8263 1.15416
15.1 6.62255 36.0037 39.9682 1.16234
15.2 6.66633 35.9954 40.1086 1.17057
15.3 6.71012 35.9871 40.2478 1.17885
15.4 6.75391 35.9788 40.3856 1.18719
15.5 6.79769 35.9704 40.5221 1.19558
15.6 6.84147 35.962 40.6573 1.20402
15.7 6.88525 35.9535 40.7912 1.21252
15.8 6.92903 35.9449 40.9238 1.22107
15.9 6.97281 35.9363 41.0551 1.22967
16 7.01659 35.9277 41.1851 1.23832
16.1 7.06036 35.919 41.3139 1.24703
16.2 7.10414 35.9102 41.4415 1.25579
16.3 7.14791 35.9014 41.5678 1.2646
16.4 7.19168 35.8925 41.6929 1.27346
16.5 7.23545 35.8836 41.8167 1.28238
16.6 7.27922 35.8746 41.9394 1.29135
16.7 7.32298 35.8656 42.0608 1.30038
16.8 7.36675 35.8565 42.1811 1.30945
16.9 7.41051 35.8474 42.3002 1.31858
17 7.45427 35.8382 42.4181 1.32776
17.1 7.49803 35.829 42.5348 1.337
17.2 7.54179 35.8197 42.6504 1.34628
17.3 7.58555 35.8104 42.7649 1.35562
17.4 7.6293 35.801 42.8782 1.36501
17.5 7.67305 35.7915 42.9904 1.37446
17.6 7.71681 35.782 43.1015 1.38395
17.7 7.76056 35.7725 43.2115 1.3935
17.8 7.8043 35.7629 43.3204 1.4031
17.9 7.84805 35.7532 43.4282 1.41275
18 7.8918 35.7435 43.5349 1.42246
18.1 7.93554 35.7338 43.6406 1.43222
18.2 7.97928 35.724 43.7452 1.44203
18.3 8.02302 35.7141 43.8487 1.45189
18.4 8.06676 35.7042 43.9512 1.4618
18.5 8.1105 35.6942 44.0527 1.47177
18.6 8.15423 35.6842 44.1531 1.48179
18.7 8.19797 35.6741 44.2526 1.49186
18.8 8.2417 35.664 44.351 1.50198
18.9 8.28543 35.6538 44.4484 1.51216
19 8.32915 35.6436 44.5448 1.52238
19.1 8.37288 35.6333 44.6403 1.53266
19.2 8.41661 35.623 44.7348 1.54299
19.3 8.46033 35.6126 44.8283 1.55338
19.4 8.50405 35.6022 44.9208 1.56381
19.5 8.54777 35.5917 45.0124 1.5743
19.6 8.59149 35.5812 45.1031 1.58484
19.7 8.6352 35.5706 45.1928 1.59543
19.8 8.67891 35.5599 45.2816 1.60607
19.9 8.72263 35.5492 45.3694 1.61676
20 8.76634 35.5385 45.4564 1.62751
20.1 8.81004 35.5277 45.5425 1.6383
20.2 8.85375 35.5168 45.6276 1.64915
20.3 8.89745 35.5059 45.7119 1.66005
20.4 8.94116 35.495 45.7953 1.671
20.5 8.98486 35.484 45.8778 1.68201
20.6 9.02856 35.4729 45.9595 1.69306
20.7 9.07225 35.4618 46.0402 1.70417
20.8 9.11595 35.4507 46.1202 1.71532
20.9 9.15964 35.4395 46.1993 1.72653
21 9.20333 35.4282 46.2775 1.73779
21.1 9.24702 35.4169 46.355 1.7491
21.2 9.29071 35.4055 46.4316 1.76047
21.3 9.33439 35.3941 46.5074 1.77188
21.4 9.37807 35.3827 46.5823 1.78335
21.5 9.42175 35.3711 46.6565 1.79486
21.6 9.46543 35.3596 46.7299 1.80643
21.7 9.50911 35.348 46.8025 1.81805
21.8 9.55278 35.3363 46.8743 1.82972
21.9 9.59646 35.3246 46.9453 1.84144
22 9.64013 35.3128 47.0156 1.85321
22.1 9.6838 35.301 47.0851 1.86503
22.2 9.72746 35.2891 47.1538 1.87691
22.3 9.77113 35.2772 47.2218 1.88883
22.4 9.81479 35.2652 47.2891 1.90081
22.5 9.85845 35.2532 47.3556 1.91283
22.6 9.90211 35.2411 47.4213 1.92491
22.7 9.94576 35.229 47.4864 1.93704
22.8 9.98942 35.2168 47.5507 1.94921
22.9 10.0331 35.2046 47.6143 1.96144
23 10.0767 35.1923 47.6772 1.97372
23.1 10.1204 35.1799 47.7395 1.98605
23.2 10.164 35.1676 47.801 1.99843
23.3 10.2077 35.1551 47.8618 2.01087
23.4 10.2513 35.1427 47.9219 2.02335
23.5 10.2949 35.1301 47.9814 2.03588
23.6 10.3386 35.1175 48.0402 2.04846
23.7 10.3822 35.1049 48.0983 2.0611
23.8 10.4258 35.0922 48.1557 2.07378
23.9 10.4695 35.0795 48.2125 2.08651
24 10.5131 35.0667 48.2687 2.0993
24.1 10.5567 35.0539 48.3242 2.11213
24.2 10.6003 35.041 48.379 2.12501
24.3 10.644 35.0281 48.4333 2.13795
24.4 10.6876 35.0151 48.4868 2.15093
24.5 10.7312 35.002 48.5398 2.16397
24.6 10.7748 34.9889 48.5922 2.17705
24.7 10.8184 34.9758 48.6439 2.19019
24.8 10.862 34.9626 48.695 2.20337
24.9 10.9056 34.9494 48.7455 2.21661
25 10.9492 34.9361 48.7955 2.22989
25.1 10.9928 34.9228 48.8448 2.24322
25.2 11.0364 34.9094 48.8935 2.25661
25.3 11.08 34.896 48.9417 2.27004
25.4 11.1236 34.8825 48.9892 2.28352
25.5 11.1672 34.8689 49.0362 2.29706
25.6 11.2108 34.8554 49.0827 2.31064
25.7 11.2544 34.8417 49.1285 2.32427
25.8 11.298 34.828 49.1738 2.33795
25.9 11.3416 34.8143 49.2186 2.35169
26 11.3851 34.8005 49.2627 2.36547
26.1 11.4287 34.7867 49.3064 2.3793
26.2 11.4723 34.7728 49.3495 2.39317
26.3 11.5159 34.7589 49.392 2.4071
26.4 11.5594 34.7449 49.434 2.42108
26.5 11.603 34.7309 49.4755 2.43511
26.6 11.6466 34.7168 49.5165 2.44918
26.7 11.6901 34.7027 49.5569 2.46331
26.8 11.7337 34.6885 49.5969 2.47748
26.9 11.7772 34.6743 49.6363 2.49171
27 11.8208 34.66 49.6752 2.50598
27.1 11.8643 34.6457 49.7136 2.5203
27.2 11.9079 34.6313 49.7514 2.53467
27.3 11.9514 34.6169 49.7888 2.54909
27.4 11.995 34.6024 49.8257 2.56356
27.5 12.0385 34.5879 49.8621 2.57808
27.6 12.0821 34.5734 49.8981 2.59264
27.7 12.1256 34.5587 49.9335 2.60726
27.8 12.1691 34.5441 49.9685 2.62192
27.9 12.2127 34.5294 50.0029 2.63663
28 12.2562 34.5146 50.037 2.65139
28.1 12.2997 34.4998 50.0705 2.6662
28.2 12.3432 34.4849 50.1036 2.68106
28.3 12.3867 34.47 50.1362 2.69597
28.4 12.4303 34.4551 50.1684 2.71092
28.5 12.4738 34.4401 50.2001 2.72592
28.6 12.5173 34.425 50.2314 2.74097
28.7 12.5608 34.4099 50.2622 2.75607
28.8 12.6043 34.3948 50.2926 2.77122
28.9 12.6478 34.3796 50.3225 2.78642
29 12.6913 34.3643 50.352 2.80166
29.1 12.7348 34.349 50.3811 2.81695
29.2 12.7783 34.3337 50.4097 2.83229
29.3 12.8218 34.3183 50.4379 2.84768
29.4 12.8653 34.3029 50.4657 2.86311
29.5 12.9088 34.2874 50.4931 2.8786
29.6 12.9522 34.2719 50.52 2.89413
29.7 12.9957 34.2563 50.5466 2.90971
29.8 13.0392 34.2407 50.5727 2.92534
29.9 13.0827 34.225 50.5984 2.94101
30 13.1261 34.2093 50.6238 2.95673
30.1 13.1696 34.1935 50.6487 2.9725
30.2 13.2131 34.1777 50.6732 2.98832
30.3 13.2565 34.1618 50.6974 3.00418
30.4 13.3 34.1459 50.7211 3.0201
30.5 13.3434 34.1299 50.7445 3.03606
30.6 13.3869 34.1139 50.7674 3.05206
30.7 13.4303 34.0979 50.79 3.06812
30.8 13.4738 34.0818 50.8122 3.08422
30.9 13.5172 34.0656 50.8341 3.10037
31 13.5607 34.0494 50.8555 3.11656
31.1 13.6041 34.0332 50.8766 3.13281
31.2 13.6475 34.0169 50.8973 3.1491
31.3 13.691 34.0006 50.9177 3.16544
31.4 13.7344 33.9842 50.9377 3.18182
31.5 13.7778 33.9677 50.9573 3.19825
31.6 13.8212 33.9513 50.9766 3.21473
31.7 13.8647 33.9347 50.9955 3.23125
31.8 13.9081 33.9182 51.014 3.24783
31.9 13.9515 33.9016 51.0323 3.26444
32 13.9949 33.8849 51.0501 3.28111
32.1 14.0383 33.8682 51.0676 3.29782
32.2 14.0817 33.8514 51.0848 3.31458
32.3 14.1251 33.8346 51.1017 3.33138
32.4 14.1685 33.8178 51.1182 3.34823
32.5 14.2119 33.8009 51.1343 3.36513
32.6 14.2553 33.7839 51.1502 3.38208
32.7 14.2987 33.7669 51.1657 3.39907
32.8 14.3421 33.7499 51.1809 3.4161
32.9 14.3854 33.7328 51.1957 3.43318
33 14.4288 33.7157 51.2103 3.45031
33.1 14.4722 33.6985 51.2245 3.46749
33.2 14.5156 33.6813 51.2384 3.48471
33.3 14.5589 33.664 51.252 3.50198
33.4 14.6023 33.6467 51.2652 3.51929
33.5 14.6457 33.6294 51.2782 3.53665
33.6 14.689 33.6119 51.2908 3.55405
33.7 14.7324 33.5945 51.3032 3.5715
33.8 14.7757 33.577 51.3152 3.589
33.9 14.8191 33.5595 51.327 3.60654
34 14.8624 33.5419 51.3384 3.62413
34.1 14.9057 33.5242 51.3495 3.64176
34.2 14.9491 33.5066 51.3604 3.65944
34.3 14.9924 33.4888 51.3709 3.67716
34.4 15.0357 33.4711 51.3812 3.69493
34.5 15.0791 33.4533 51.3911 3.71275
34.6 15.1224 33.4354 51.4008 3.73061
34.7 15.1657 33.4175 51.4102 3.74851
34.8 15.209 33.3995 51.4193 3.76646
34.9 15.2523 33.3815 51.4281 3.78446
35 15.2956 33.3635 51.4367 3.8025
35.1 15.3389 33.3454 51.445 3.82058
35.2 15.3822 33.3273 51.453 3.83872
35.3 15.4255 33.3091 51.4607 3.85689
35.4 15.4688 33.2909 51.4681 3.87511
35.5 15.5121 33.2726 51.4753 3.89338
35.6 15.5554 33.2543 51.4822 3.91169
35.7 15.5987 33.236 51.4889 3.93004
35.8 15.642 33.2176 51.4953 3.94844
35.9 15.6852 33.1991 51.5014 3.96688
36 15.7285 33.1806 51.5072 3.98537
36.1 15.7718 33.1621 51.5128 4.00391
36.2 15.8151 33.1435 51.5182 4.02248
36.3 15.8583 33.1249 51.5233 4.0411
36.4 15.9016 33.1062 51.5281 4.05977
36.5 15.9448 33.0875 51.5327 4.07848
36.6 15.9881 33.0688 51.537 4.09723
36.7 16.0313 33.05 51.5411 4.11603
36.8 16.0746 33.0311 51.5449 4.13488
36.9 16.1178 33.0122 51.5485 4.15376
37 16.161 32.9933 51.5519 4.17269
37.1 16.2043 32.9743 51.555 4.19167
37.2 16.2475 32.9553 51.5578 4.21068
37.3 16.2907 32.9363 51.5605 4.22975
37.4 16.3339 32.9171 51.5628 4.24885
37.5 16.3771 32.898 51.565 4.268
37.6 16.4204 32.8788 51.5669 4.28719
37.7 16.4636 32.8596 51.5686 4.30643
37.8 16.5068 32.8403 51.5701 4.32571
37.9 16.55 32.821 51.5713 4.34503
38 16.5932 32.8016 51.5723 4.3644
38.1 16.6363 32.7822 51.5731 4.38381
38.2 16.6795 32.7627 51.5736 4.40327
38.3 16.7227 32.7432 51.5739 4.42276
38.4 16.7659 32.7237 51.574 4.4423
38.5 16.8091 32.7041 51.5739 4.46188
38.6 16.8522 32.6845 51.5736 4.48151
38.7 16.8954 32.6648 51.573 4.50118
38.8 16.9386 32.6451 51.5723 4.52089
38.9 16.9817 32.6254 51.5713 4.54065
39 17.0249 32.6056 51.5701 4.56044
39.1 17.068 32.5857 51.5687 4.58028
39.2 17.1112 32.5658 51.5671 4.60016
39.3 17.1543 32.5459 51.5652 4.62009
39.4 17.1975 32.5259 51.5632 4.64006
39.5 17.2406 32.5059 51.561 4.66007
39.6 17.2837 32.4859 51.5585 4.68012
39.7 17.3269 32.4658 51.5559 4.70022
39.8 17.37 32.4456 51.553 4.72035
39.9 17.4131 32.4255 51.55 4.74053
40 17.4562 32.4052 51.5467 4.76075
40.1 17.4993 32.385 51.5433 4.78102
40.2 17.5424 32.3647 51.5396 4.80132
40.3 17.5855 32.3443 51.5358 4.82167
40.4 17.6286 32.3239 51.5317 4.84206
40.5 17.6717 32.3035 51.5275 4.86249
40.6 17.7148 32.283 51.5231 4.88297
40.7 17.7579 32.2625 51.5185 4.90348
40.8 17.801 32.242 51.5137 4.92404
40.9 17.844 32.2214 51.5087 4.94464
41 17.8871 32.2007 51.5035 4.96528
41.1 17.9302 32.18 51.4981 4.98596
41.2 17.9732 32.1593 51.4926 5.00668
41.3 18.0163 32.1386 51.4868 5.02745
41.4 18.0594 32.1177 51.4809 5.04825
41.5 18.1024 32.0969 51.4748 5.0691
41.6 18.1454 32.076 51.4685 5.08999
41.7 18.1885 32.0551 51.4621 5.11091
41.8 18.2315 32.0341 51.4554 5.13188
41.9 18.2745 32.0131 51.4486 5.1529
42 18.3176 31.9921 51.4416 5.17395
42.1 18.3606 31.971 51.4345 5.19504
42.2 18.4036 31.9498 51.4271 5.21617
42.3 18.4466 31.9287 51.4196 5.23735
42.4 18.4896 31.9074 51.4119 5.25856
42.5 18.5326 31.8862 51.4041 5.27982
42.6 18.5756 31.8649 51.3961 5.30111
42.7 18.6186 31.8435 51.3879 5.32245
42.8 18.6616 31.8222 51.3795 5.34383
42.9 18.7046 31.8008 51.371 5.36524
43 18.7476 31.7793 51.3623 5.3867
43.1 18.7906 31.7578 51.3534 5.4082
43.2 18.8335 31.7363 51.3444 5.42974
43.3 18.8765 31.7147 51.3352 5.45132
43.4 18.9195 31.6931 51.3259 5.47293
43.5 18.9624 31.6714 51.3164 5.49459
43.6 19.0054 31.6497 51.3067 5.51629
43.7 19.0483 31.628 51.2969 5.53803
43.8 19.0913 31.6062 51.2869 5.5598
43.9 19.1342 31.5844 51.2768 5.58162
44 19.1771 31.5625 51.2665 5.60348
44.1 19.22 31.5406 51.256 5.62537
44.2 19.263 31.5187 51.2454 5.64731
44.3 19.3059 31.4967 51.2347 5.66928
44.4 19.3488 31.4747 51.2238 5.6913
44.5 19.3917 31.4526 51.2127 5.71335
44.6 19.4346 31.4306 51.2015 5.73544
44.7 19.4775 31.4084 51.1901 5.75758
44.8 19.5204 31.3863 51.1786 5.77975
44.9 19.5633 31.364 51.167 5.80196
45 19.6062 31.3418 51.1552 5.82421
45.1 19.6491 31.3195 51.1432 5.84649
45.2 19.6919 31.2972 51.1312 5.86882
45.3 19.7348 31.2748 51.1189 5.89118
45.4 19.7777 31.2524 51.1065 5.91359
45.5 19.8205 31.23 51.094 5.93603
45.6 19.8634 31.2075 51.0814 5.95851
45.7 19.9062 31.185 51.0686 5.98103
45.8 19.9491 31.1624 51.0556 6.00359
45.9 19.9919 31.1398 51.0425 6.02619
46 20.0347 31.1172 51.0293 6.04882
46.1 20.0776 31.0945 51.016 6.07149
46.2 20.1204 31.0718 51.0025 6.0942
46.3 20.1632 31.049 50.9888 6.11695
46.4 20.206 31.0263 50.9751 6.13974
46.5 20.2488 31.0034 50.9612 6.16256
46.6 20.2916 30.9806 50.9471 6.18543
46.7 20.3344 30.9577 50.933 6.20833
46.8 20.3772 30.9347 50.9187 6.23126
46.9 20.42 30.9118 50.9042 6.25424
47 20.4628 30.8887 50.8897 6.27725
47.1 20.5056 30.8657 50.875 6.3003
47.2 20.5483 30.8426 50.8602 6.32339
47.3 20.5911 30.8195 50.8452 6.34652
47.4 20.6338 30.7963 50.8301 6.36968
47.5 20.6766 30.7731 50.8149 6.39288
47.6 20.7194 30.7499 50.7996 6.41612
47.7 20.7621 30.7266 50.7842 6.43939
47.8 20.8048 30.7033 50.7686 6.4627
47.9 20.8476 30.68 50.7529 6.48605
48 20.8903 30.6566 50.7371 6.50943
48.1 20.933 30.6331 50.7211 6.53286
48.2 20.9757 30.6097 50.705 6.55631
48.3 21.0184 30.5862 50.6888 6.57981
48.4 21.0611 30.5627 50.6725 6.60334
48.5 21.1038 30.5391 50.6561 6.62691
48.6 21.1465 30.5155 50.6395 6.65051
48.7 21.1892 30.4918 50.6229 6.67415
48.8 21.2319 30.4682 50.6061 6.69783
48.9 21.2746 30.4445 50.5892 6.72154
49 21.3173 30.4207 50.5722 6.74529
49.1 21.3599 30.3969 50.555 6.76908
49.2 21.4026 30.3731 50.5378 6.7929
49.3 21.4452 30.3492 50.5204 6.81676
49.4 21.4879 30.3253 50.5029 6.84065
49.5 21.5305 30.3014 50.4853 6.86458
49.6 21.5732 30.2775 50.4676 6.88854
49.7 21.6158 30.2535 50.4498 6.91254
49.8 21.6584 30.2294 50.4319 6.93658
49.9 21.701 30.2053 50.4138 6.96065
50 21.7437 30.1812 50.3957 6.98476
50.1 21.7863 30.1571 50.3774 7.0089
50.2 21.8289 30.1329 50.359 7.03308
50.3 21.8715 30.1087 50.3405 7.05729
50.4 21.914 30.0845 50.3219 7.08154
50.5 21.9566 30.0602 50.3032 7.10582
50.6 21.9992 30.0359 50.2844 7.13014
50.7 22.0418 30.0115 50.2655 7.15449
50.8 22.0844 29.9871 50.2465 7.17888
50.9 22.1269 29.9627 50.2274 7.2033
51 22.1695 29.9382 50.2082 7.22776
51.1 22.212 29.9138 50.1888 7.25225
51.2 22.2546 29.8892 50.1694 7.27677
51.3 22.2971 29.8647 50.1499 7.30133
51.4 22.3396 29.8401 50.1302 7.32593
51.5 22.3822 29.8154 50.1105 7.35056
51.6 22.4247 29.7908 50.0906 7.37522
51.7 22.4672 29.7661 50.0707 7.39992
51.8 22.5097 29.7414 50.0507 7.42465
51.9 22.5522 29.7166 50.0305 7.44941
52 22.5947 29.6918 50.0103 7.47421
52.1 22.6372 29.667 49.9899 7.49905
52.2 22.6796 29.6421 49.9695 7.52391
52.3 22.7221 29.6172 49.9489 7.54881
52.4 22.7646 29.5923 49.9283 7.57375
52.5 22.8071 29.5673 49.9076 7.59872
52.6 22.8495 29.5423 49.8868 7.62372
52.7 22.892 29.5172 49.8658 7.64875
52.8 22.9344 29.4922 49.8448 7.67382
52.9 22.9768 29.4671 49.8237 7.69892
53 23.0193 29.4419 49.8025 7.72405
53.1 23.0617 29.4168 49.7812 7.74922
53.2 23.1041 29.3916 49.7598 7.77442
53.3 23.1465 29.3663 49.7383 7.79965
53.4 23.1889 29.3411 49.7167 7.82492
53.5 23.2313 29.3158 49.6951 7.85022
53.6 23.2737 29.2904 49.6733 7.87555
53.7 23.3161 29.2651 49.6515 7.90092
53.8 23.3585 29.2397 49.6295 7.92631
53.9 23.4009 29.2143 49.6075 7.95174
54 23.4432 29.1888 49.5854 7.9772
54.1 23.4856 29.1633 49.5632 8.0027
54.2 23.5279 29.1378 49.5409 8.02822
54.3 23.5703 29.1122 49.5185 8.05378
54.4 23.6126 29.0866 49.496 8.07937
54.5 23.655 29.061 49.4734 8.10499
54.6 23.6973 29.0354 49.4508 8.13065
54.7 23.7396 29.0097 49.428 8.15633
54.8 23.7819 28.9839 49.4052 8.18205
54.9 23.8242 28.9582 49.3823 8.2078
55 23.8665 28.9324 49.3593 8.23358
55.1 23.9088 28.9066 49.3363 8.25939
55.2 23.9511 28.8808 49.3131 8.28524
55.3 23.9934 28.8549 49.2899 8.31111
55.4 24.0357 28.829 49.2665 8.33702
55.5 24.0779 28.803 49.2431 8.36296
55.6 24.1202 28.7771 49.2196 8.38893
55.7 24.1624 28.7511 49.1961 8.41493
55.8 24.2047 28.725 49.1724 8.44096
55.9 24.2469 28.699 49.1487 8.46702
56 24.2891 28.6729 49.1249 8.49311
56.1 24.3314 28.6468 49.101 8.51924
56.2 24.3736 28.6206 49.077 8.54539
56.3 24.4158 28.5944 49.0529 8.57158
56.4 24.458 28.5682 49.0288 8.59779
56.5 24.5002 28.542 49.0046 8.62404
56.6 24.5424 28.5157 48.9803 8.65031
56.7 24.5846 28.4894 48.9559 8.67662
56.8 24.6267 28.463 48.9315 8.70296
56.9 24.6689 28.4367 48.9069 8.72932
57 24.7111 28.4103 48.8823 8.75572
57.1 24.7532 28.3839 48.8577 8.78214
57.2 24.7954 28.3574 48.8329 8.8086
57.3 24.8375 28.3309 48.8081 8.83509
57.4 24.8796 28.3044 48.7832 8.8616
57.5 24.9217 28.2779 48.7582 8.88815
57.6 24.9639 28.2513 48.7331 8.91472
57.7 25.006 28.2247 48.708 8.94133
57.8 25.0481 28.198 48.6828 8.96796
57.9 25.0902 28.1714 48.6575 8.99462
58 25.1323 28.1447 48.6322 9.02132
58.1 25.1743 28.118 48.6067 9.04804
58.2 25.2164 28.0912 48.5812 9.07479
58.3 25.2585 28.0644 48.5557 9.10157
58.4 25.3005 28.0376 48.53 9.12838
58.5 25.3426 28.0108 48.5043 9.15521
58.6 25.3846 27.9839 48.4785 9.18208
58.7 25.4266 27.957 48.4527 9.20897
58.8 25.4687 27.9301 48.4268 9.2359
58.9 25.5107 27.9032 48.4008 9.26285
59 25.5527 27.8762 48.3747 9.28983
59.1 25.5947 27.8492 48.3486 9.31684
59.2 25.6367 27.8221 48.3224 9.34387
59.3 25.6787 27.7951 48.2961 9.37094
59.4 25.7207 27.768 48.2697 9.39803
59.5 25.7626 27.7408 48.2433 9.42515
59.6 25.8046 27.7137 48.2169 9.4523
59.7 25.8466 27.6865 48.1903 9.47947
59.8 25.8885 27.6593 48.1637 9.50668
59.9 25.9305 27.6321 48.137 9.53391
60 25.9724 27.6048 48.1103 9.56117
60.1 26.0143 27.5775 48.0835 9.58846
60.2 26.0562 27.5502 48.0566 9.61577
60.3 26.0981 27.5229 48.0297 9.64311
60.4 26.14 27.4955 48.0027 9.67048
60.5 26.1819 27.4681 47.9756 9.69788
60.6 26.2238 27.4407 47.9484 9.7253
60.7 26.2657 27.4133 47.9212 9.75275
60.8 26.3076 27.3858 47.894 9.78023
60.9 26.3494 27.3583 47.8666 9.80773
61 26.3913 27.3307 47.8393 9.83526
61.1 26.4331 27.3032 47.8118 9.86282
61.2 26.475 27.2756 47.7843 9.8904
61.3 26.5168 27.248 47.7567 9.91801
61.4 26.5586 27.2204 47.7291 9.94565
61.5 26.6004 27.1927 47.7013 9.97331
61.6 26.6422 27.165 47.6736 10.001
61.7 26.684 27.1373 47.6457 10.0287
61.8 26.7258 27.1095 47.6179 10.0565
61.9 26.7676 27.0818 47.5899 10.0842
62 26.8094 27.054 47.5619 10.112
62.1 26.8511 27.0262 47.5338 10.1398
62.2 26.8929 26.9983 47.5057 10.1677
62.3 26.9346 26.9705 47.4775 10.1955
62.4 26.9764 26.9426 47.4492 10.2234
62.5 27.0181 26.9146 47.4209 10.2514
62.6 27.0598 26.8867 47.3926 10.2793
62.7 27.1015 26.8587 47.3641 10.3073
62.8 27.1432 26.8307 47.3356 10.3353
62.9 27.1849 26.8027 47.3071 10.3633
63 27.2266 26.7747 47.2785 10.3913
63.1 27.2683 26.7466 47.2498 10.4194
63.2 27.31 26.7185 47.2211 10.4475
63.3 27.3516 26.6904 47.1923 10.4756
63.4 27.3933 26.6622 47.1635 10.5038
63.5 27.4349 26.634 47.1346 10.532
63.6 27.4765 26.6058 47.1057 10.5602
63.7 27.5182 26.5776 47.0767 10.5884
63.8 27.5598 26.5494 47.0476 10.6166
63.9 27.6014 26.5211 47.0185 10.6449
64 27.643 26.4928 46.9893 10.6732
64.1 27.6846 26.4645 46.9601 10.7015
64.2 27.7262 26.4362 46.9308 10.7298
64.3 27.7677 26.4078 46.9015 10.7582
64.4 27.8093 26.3794 46.8721 10.7866
64.5 27.8509 26.351 46.8427 10.815
64.6 27.8924 26.3226 46.8132 10.8434
64.7 27.9339 26.2941 46.7836 10.8719
64.8 27.9755 26.2656 46.754 10.9004
64.9 28.017 26.2371 46.7244 10.9289
65 28.0585 26.2086 46.6947 10.9574
65.1 28.1 26.18 46.6649 10.986
65.2 28.1415 26.1515 46.6351 11.0145
65.3 28.183 26.1229 46.6052 11.0431
65.4 28.2244 26.0942 46.5753 11.0718
65.5 28.2659 26.0656 46.5453 11.1004
65.6 28.3073 26.0369 46.5153 11.1291
65.7 28.3488 26.0082 46.4852 11.1578
65.8 28.3902 25.9795 46.4551 11.1865
65.9 28.4316 25.9508 46.4249 11.2152
66 28.4731 25.922 46.3947 11.244
66.1 28.5145 25.8932 46.3644 11.2728
66.2 28.5559 25.8644 46.3341 11.3016
66.3 28.5972 25.8356 46.3037 11.3304
66.4 28.6386 25.8068 46.2733 11.3592
66.5 28.68 25.7779 46.2428 11.3881
66.6 28.7214 25.749 46.2123 11.417
66.7 28.7627 25.7201 46.1817 11.4459
66.8 28.804 25.6912 46.1511 11.4748
66.9 28.8454 25.6622 46.1204 11.5038
67 28.8867 25.6332 46.0897 11.5328
67.1 28.928 25.6042 46.0589 11.5618
67.2 28.9693 25.5752 46.0281 11.5908
67.3 29.0106 25.5462 45.9972 11.6198
67.4 29.0519 25.5171 45.9663 11.6489
67.5 29.0931 25.488 45.9354 11.678
67.6 29.1344 25.4589 45.9043 11.7071
67.7 29.1756 25.4298 45.8733 11.7362
67.8 29.2169 25.4006 45.8422 11.7654
67.9 29.2581 25.3715 45.811 11.7945
68 29.2993 25.3423 45.7798 11.8237
68.1 29.3406 25.3131 45.7486 11.8529
68.2 29.3818 25.2838 45.7173 11.8822
68.3 29.4229 25.2546 45.686 11.9114
68.4 29.4641 25.2253 45.6546 11.9407
68.5 29.5053 25.196 45.6232 11.97
68.6 29.5465 25.1667 45.5917 11.9993
68.7 29.5876 25.1374 45.5602 12.0286
68.8 29.6287 25.108 45.5286 12.058
68.9 29.6699 25.0787 45.497 12.0873
69 29.711 25.0493 45.4653 12.1167
69.1 29.7521 25.0199 45.4337 12.1461
69.2 29.7932 24.9904 45.4019 12.1756
69.3 29.8343 24.961 45.3701 12.205
69.4 29.8754 24.9315 45.3383 12.2345
69.5 29.9164 24.902 45.3064 12.264
69.6 29.9575 24.8725 45.2745 12.2935
69.7 29.9985 24.843 45.2426 12.323
69.8 30.0396 24.8134 45.2106 12.3526
69.9 30.0806 24.7839 45.1785 12.3821
70 30.1216 24.7543 45.1464 12.4117
70.1 30.1626 24.7247 45.1143 12.4413
70.2 30.2036 24.6951 45.0821 12.4709
70.3 30.2446 24.6654 45.0499 12.5006
70.4 30.2856 24.6358 45.0176 12.5302
70.5 30.3265 24.6061 44.9853 12.5599
70.6 30.3675 24.5764 44.953 12.5896
70.7 30.4084 24.5467 44.9206 12.6193
70.8 30.4493 24.517 44.8882 12.649
70.9 30.4903 24.4872 44.8557 12.6788
71 30.5312 24.4574 44.8232 12.7086
71.1 30.5721 24.4277 44.7907 12.7383
71.2 30.6129 24.3979 44.7581 12.7681
71.3 30.6538 24.368 44.7255 12.798
71.4 30.6947 24.3382 44.6928 12.8278
71.5 30.7355 24.3083 44.6601 12.8577
71.6 30.7764 24.2785 44.6273 12.8875
71.7 30.8172 24.2486 44.5945 12.9174
71.8 30.858 24.2187 44.5617 12.9473
71.9 30.8988 24.1887 44.5289 12.9773
72 30.9396 24.1588 44.4959 13.0072
72.1 30.9804 24.1288 44.463 13.0372
72.2 31.0212 24.0989 44.43 13.0671
72.3 31.0619 24.0689 44.397 13.0971
72.4 31.1027 24.0389 44.3639 13.1271
72.5 31.1434 24.0088 44.3308 13.1572
72.6 31.1841 23.9788 44.2977 13.1872
72.7 31.2249 23.9487 44.2645 13.2173
72.8 31.2656 23.9187 44.2313 13.2473
72.9 31.3062 23.8886 44.198 13.2774
73 31.3469 23.8585 44.1647 13.3075
73.1 31.3876 23.8283 44.1314 13.3377
73.2 31.4282 23.7982 44.098 13.3678
73.3 31.4689 23.768 44.0646 13.398
73.4 31.5095 23.7379 44.0312 13.4281
73.5 31.5501 23.7077 43.9977 13.4583
73.6 31.5908 23.6775 43.9642 13.4885
73.7 31.6314 23.6473 43.9306 13.5187
73.8 31.6719 23.617 43.897 13.549
73.9 31.7125 23.5868 43.8634 13.5792
74 31.7531 23.5565 43.8297 13.6095
74.1 31.7936 23.5262 43.796 13.6398
74.2 31.8342 23.4959 43.7623 13.6701
74.3 31.8747 23.4656 43.7285 13.7004
74.4 31.9152 23.4353 43.6947 13.7307
74.5 31.9557 23.405 43.6609 13.761
74.6 31.9962 23.3746 43.627 13.7914
74.7 32.0367 23.3442 43.5931 13.8218
74.8 32.0771 23.3139 43.5591 13.8521
74.9 32.1176 23.2835 43.5252 13.8825
75 32.158 23.253 43.4911 13.913
75.1 32.1984 23.2226 43.4571 13.9434
75.2 32.2389 23.1922 43.423 13.9738
75.3 32.2793 23.1617 43.3889 14.0043
75.4 32.3196 23.1313 43.3547 14.0347
75.5 32.36 23.1008 43.3205 14.0652
75.6 32.4004 23.0703 43.2863 14.0957
75.7 32.4407 23.0398 43.252 14.1262
75.8 32.4811 23.0092 43.2177 14.1568
75.9 32.5214 22.9787 43.1834 14.1873
76 32.5617 22.9482 43.149 14.2178
76.1 32.602 22.9176 43.1146 14.2484
76.2 32.6423 22.887 43.0802 14.279
76.3 32.6826 22.8564 43.0458 14.3096
76.4 32.7228 22.8258 43.0113 14.3402
76.5 32.7631 22.7952 42.9767 14.3708
76.6 32.8033 22.7646 42.9422 14.4014
76.7 32.8435 22.7339 42.9076 14.4321
76.8 32.8837 22.7033 42.8729 14.4627
76.9 32.9239 22.6726 42.8383 14.4934
77 32.9641 22.6419 42.8036 14.5241
77.1 33.0043 22.6112 42.7689 14.5548
77.2 33.0445 22.5805 42.7341 14.5855
77.3 33.0846 22.5498 42.6993 14.6162
77.4 33.1247 22.5191 42.6645 14.6469
77.5 33.1648 22.4884 42.6296 14.6776
77.6 33.2049 22.4576 42.5948 14.7084
77.7 33.245 22.4268 42.5598 14.7392
77.8 33.2851 22.3961 42.5249 14.7699
77.9 33.3252 22.3653 42.4899 14.8007
78 33.3652 22.3345 42.4549 14.8315
78.1 33.4053 22.3037 42.4199 14.8623
78.2 33.4453 22.2729 42.3848 14.8931
78.3 33.4853 22.242 42.3497 14.924
78.4 33.5253 22.2112 42.3146 14.9548
78.5 33.5653 22.1803 42.2794 14.9857
78.6 33.6052 22.1495 42.2442 15.0165
78.7 33.6452 22.1186 42.209 15.0474
78.8 33.6851 22.0877 42.1737 15.0783
78.9 33.725 22.0568 42.1384 15.1092
79 33.7649 22.0259 42.1031 15.1401
79.1 33.8048 21.995 42.0678 15.171
79.2 33.8447 21.964 42.0324 15.202
79.3 33.8846 21.9331 41.997 15.2329
79.4 33.9244 21.9022 41.9616 15.2638
79.5 33.9643 21.8712 41.9261 15.2948
79.6 34.0041 21.8402 41.8906 15.3258
79.7 34.0439 21.8092 41.8551 15.3568
79.8 34.0837 21.7783 41.8195 15.3877
79.9 34.1235 21.7473 41.784 15.4187
80 34.1633 21.7162 41.7484 15.4498
80.1 34.203 21.6852 41.7127 15.4808
80.2 34.2427 21.6542 41.6771 15.5118
80.3 34.2825 21.6232 41.6414 15.5428
80.4 34.3222 21.5921 41.6056 15.5739
80.5 34.3619 21.5611 41.5699 15.6049
80.6 34.4016 21.53 41.5341 15.636
80.7 34.4412 21.4989 41.4983 15.6671
80.8 34.4809 21.4678 41.4625 15.6982
80.9 34.5205 21.4368 41.4266 15.7292
81 34.5601 21.4057 41.3907 15.7603
81.1 34.5997 21.3745 41.3548 15.7915
81.2 34.6393 21.3434 41.3188 15.8226
81.3 34.6789 21.3123 41.2829 15.8537
81.4 34.7184 21.2812 41.2469 15.8848
81.5 34.758 21.25 41.2108 15.916
81.6 34.7975 21.2189 41.1748 15.9471
81.7 34.837 21.1877 41.1387 15.9783
81.8 34.8765 21.1565 41.1026 16.0095
81.9 34.916 21.1254 41.0664 16.0406
82 34.9555 21.0942 41.0303 16.0718
82.1 34.9949 21.063 40.9941 16.103
82.2 35.0344 21.0318 40.9579 16.1342
82.3 35.0738 21.0006 40.9216 16.1654
82.4 35.1132 20.9694 40.8854 16.1966
82.5 35.1526 20.9382 40.8491 16.2278
82.6 35.192 20.9069 40.8127 16.2591
82.7 35.2313 20.8757 40.7764 16.2903
82.8 35.2707 20.8445 40.74 16.3215
82.9 35.31 20.8132 40.7036 16.3528
83 35.3493 20.782 40.6672 16.384
83.1 35.3886 20.7507 40.6307 16.4153
83.2 35.4279 20.7194 40.5942 16.4466
83.3 35.4671 20.6882 40.5577 16.4778
83.4 35.5064 20.6569 40.5212 16.5091
83.5 35.5456 20.6256 40.4846 16.5404
83.6 35.5848 20.5943 40.4481 16.5717
83.7 35.624 20.563 40.4115 16.603
83.8 35.6632 20.5317 40.3748 16.6343
83.9 35.7024 20.5004 40.3382 16.6656
84 35.7415 20.4691 40.3015 16.6969
84.1 35.7806 20.4378 40.2648 16.7282
84.2 35.8197 20.4064 40.228 16.7596
84.3 35.8588 20.3751 40.1913 16.7909
84.4 35.8979 20.3438 40.1545 16.8222
84.5 35.937 20.3124 40.1177 16.8536
84.6 35.976 20.2811 40.0809 16.8849
84.7 36.0151 20.2497 40.044 16.9163
84.8 36.0541 20.2183 40.0071 16.9477
84.9 36.0931 20.187 39.9702 16.979
85 36.1321 20.1556 39.9333 17.0104
85.1 36.171 20.1242 39.8964 17.0418
85.2 36.21 20.0929 39.8594 17.0731
85.3 36.2489 20.0615 39.8224 17.1045
85.4 36.2878 20.0301 39.7854 17.1359
85.5 36.3267 19.9987 39.7483 17.1673
85.6 36.3656 19.9673 39.7112 17.1987
85.7 36.4044 19.9359 39.6742 17.2301
85.8 36.4433 19.9045 39.637 17.2615
85.9 36.4821 19.8731 39.5999 17.2929
86 36.5209 19.8417 39.5627 17.3243
86.1 36.5597 19.8102 39.5255 17.3558
86.2 36.5985 19.7788 39.4883 17.3872
86.3 36.6372 19.7474 39.4511 17.4186
86.4 36.6759 19.716 39.4138 17.45
86.5 36.7147 19.6845 39.3766 17.4815
86.6 36.7534 19.6531 39.3393 17.5129
86.7 36.792 19.6217 39.3019 17.5443
86.8 36.8307 19.5902 39.2646 17.5758
86.9 36.8693 19.5588 39.2272 17.6072
87 36.908 19.5273 39.1898 17.6387
87.1 36.9466 19.4959 39.1524 17.6701
87.2 36.9852 19.4644 39.115 17.7016
87.3 37.0237 19.433 39.0775 17.733
87.4 37.0623 19.4015 39.04 17.7645
87.5 37.1008 19.3701 39.0025 17.7959
87.6 37.1393 19.3386 38.965 17.8274
87.7 37.1778 19.3071 38.9275 17.8589
87.8 37.2163 19.2757 38.8899 17.8903
87.9 37.2548 19.2442 38.8523 17.9218
88 37.2932 19.2127 38.8147 17.9533
88.1 37.3316 19.1812 38.7771 17.9848
88.2 37.3701 19.1498 38.7394 18.0162
88.3 37.4084 19.1183 38.7017 18.0477
88.4 37.4468 19.0868 38.664 18.0792
88.5 37.4851 19.0553 38.6263 18.1107
88.6 37.5235 19.0238 38.5886 18.1422
88.7 37.5618 18.9924 38.5508 18.1736
88.8 37.6001 18.9609 38.513 18.2051
88.9 37.6383 18.9294 38.4752 18.2366
89 37.6766 18.8979 38.4374 18.2681
89.1 37.7148 18.8664 38.3995 18.2996
89.2 37.753 18.8349 38.3617 18.3311
89.3 37.7912 18.8034 38.3238 18.3626
89.4 37.8294 18.7719 38.2859 18.3941
89.5 37.8675 18.7405 38.248 18.4255
89.6 37.9057 18.709 38.21 18.457
89.7 37.9438 18.6775 38.172 18.4885
89.8 37.9819 18.646 38.134 18.52
89.9 38.0199 18.6145 38.096 18.5515
90 38.058 18.583 38.058 18.583
90.1 38.096 18.5515 38.0199 18.6145
90.2 38.134 18.52 37.9819 18.646
90.3 38.172 18.4885 37.9438 18.6775
90.4 38.21 18.457 37.9057 18.709
90.5 38.248 18.4255 37.8675 18.7405
90.6 38.2859 18.3941 37.8294 18.7719
90.7 38.3238 18.3626 37.7912 18.8034
90.8 38.3617 18.3311 37.753 18.8349
90.9 38.3995 18.2996 37.7148 18.8664
91 38.4374 18.2681 37.6766 18.8979
91.1 38.4752 18.2366 37.6383 18.9294
91.2 38.513 18.2051 37.6001 18.9609
91.3 38.5508 18.1736 37.5618 18.9924
91.4 38.5886 18.1422 37.5235 19.0238
91.5 38.6263 18.1107 37.4851 19.0553
91.6 38.664 18.0792 37.4468 19.0868
91.7 38.7017 18.0477 37.4084 19.1183
91.8 38.7394 18.0162 37.3701 19.1498
91.9 38.7771 17.9848 37.3316 19.1812
92 38.8147 17.9533 37.2932 19.2127
92.1 38.8523 17.9218 37.2548 19.2442
92.2 38.8899 17.8903 37.2163 19.2757
92.3 38.9275 17.8589 37.1778 19.3071
92.4 38.965 17.8274 37.1393 19.3386
92.5 39.0025 17.7959 37.1008 19.3701
92.6 39.04 17.7645 37.0623 19.4015
92.7 39.0775 17.733 37.0237 19.433
92.8 39.115 17.7016 36.9852 19.4644
92.9 39.1524 17.6701 36.9466 19.4959
93 39.1898 17.6387 36.908 19.5273
93.1 39.2272 17.6072 36.8693 19.5588
93.2 39.2646 17.5758 36.8307 19.5902
93.3 39.3019 17.5443 36.792 19.6217
93.4 39.3393 17.5129 36.7534 19.6531
93.5 39.3766 17.4815 36.7147 19.6845
93.6 39.4138 17.45 36.6759 19.716
93.7 39.4511 17.4186 36.6372 19.7474
93.8 39.4883 17.3872 36.5985 19.7788
93.9 39.5255 17.3558 36.5597 19.8102
94 39.5627 17.3243 36.5209 19.8417
94.1 39.5999 17.2929 36.4821 19.8731
94.2 39.637 17.2615 36.4433 19.9045
94.3 39.6742 17.2301 36.4044 19.9359
94.4 39.7112 17.1987 36.3656 19.9673
94.5 39.7483 17.1673 36.3267 19.9987
94.6 39.7854 17.1359 36.2878 20.0301
94.7 39.8224 17.1045 36.2489 20.0615
94.8 39.8594 17.0731 36.21 20.0929
94.9 39.8964 17.0418 36.171 20.1242
95 39.9333 17.0104 36.1321 20.1556
95.1 39.9702 16.979 36.0931 20.187
95.2 40.0071 16.9477 36.0541 20.2183
95.3 40.044 16.9163 36.0151 20.2497
95.4 40.0809 16.8849 35.976 20.2811
95.5 40.1177 16.8536 35.937 20.3124
95.6 40.1545 16.8222 35.8979 20.3438
95.7 40.1913 16.7909 35.8588 20.3751
95.8 40.228 16.7596 35.8197 20.4064
95.9 40.2648 16.7282 35.7806 20.4378
96 40.3015 16.6969 35.7415 20.4691
96.1 40.3382 16.6656 35.7024 20.5004
96.2 40.3748 16.6343 35.6632 20.5317
96.3 40.4115 16.603 35.624 20.563
96.4 40.4481 16.5717 35.5848 20.5943
96.5 40.4846 16.5404 35.5456 20.6256
96.6 40.5212 16.5091 35.5064 20.6569
96.7 40.5577 16.4778 35.4671 20.6882
96.8 40.5942 16.4466 35.4279 20.7194
96.9 40.6307 16.4153 35.3886 20.7507
97 40.6672 16.384 35.3493 20.782
97.1 40.7036 16.3528 35.31 20.8132
97.2 40.74 16.3215 35.2707 20.8445
97.3 40.7764 16.2903 35.2313 20.8757
97.4 40.8127 16.2591 35.192 20.9069
97.5 40.8491 16.2278 35.1526 20.9382
97.6 40.8854 16.1966 35.1132 20.9694
97.7 40.9216 16.1654 35.0738 21.0006
97.8 40.9579 16.1342 35.0344 21.0318
97.9 40.9941 16.103 34.9949 21.063
98 41.0303 16.0718 34.9555 21.0942
98.1 41.0664 16.0406 34.916 21.1254
98.2 41.1026 16.0095 34.8765 21.1565
98.3 41.1387 15.9783 34.837 21.1877
98.4 41.1748 15.9471 34.7975 21.2189
98.5 41.2108 15.916 34.758 21.25
98.6 41.2469 15.8848 34.7184 21.2812
98.7 41.2829 15.8537 34.6789 21.3123
98.8 41.3188 15.8226 34.6393 21.3434
98.9 41.3548 15.7915 34.5997 21.3745
99 41.3907 15.7603 34.5601 21.4057
99.1 41.4266 15.7292 34.5205 21.4368
99.2 41.4625 15.6982 34.4809 21.4678
99.3 41.4983 15.6671 34.4412 21.4989
99.4 41.5341 15.636 34.4016 21.53
99.5 41.5699 15.6049 34.3619 21.5611
99.6 41.6056 15.5739 34.3222 21.5921
99.7 41.6414 15.5428 34.2825 21.6232
99.8 41.6771 15.5118 34.2427 21.6542
99.9 41.7127 15.4808 34.203 21.6852
100 41.7484 15.4498 34.1633 21.7162
100.1 41.784 15.4187 34.1235 21.7473
100.2 41.8195 15.3877 34.0837 21.7783
100.3 41.8551 15.3568 34.0439 21.8092
100.4 41.8906 15.3258 34.0041 21.8402
100.5 41.9261 15.2948 33.9643 21.8712
100.6 41.9616 15.2638 33.9244 21.9022
100.7 41.997 15.2329 33.8846 21.9331
100.8 42.0324 15.202 33.8447 21.964
100.9 42.0678 15.171 33.8048 21.995
101 42.1031 15.1401 33.7649 22.0259
101.1 42.1384 15.1092 33.725 22.0568
101.2 42.1737 15.0783 33.6851 22.0877
101.3 42.209 15.0474 33.6452 22.1186
101.4 42.2442 15.0165 33.6052 22.1495
101.5 42.2794 14.9857 33.5653 22.1803
101.6 42.3146 14.9548 33.5253 22.2112
101.7 42.3497 14.924 33.4853 22.242
101.8 42.3848 14.8931 33.4453 22.2729
101.9 42.4199 14.8623 33.4053 22.3037
102 42.4549 14.8315 33.3652 22.3345
102.1 42.4899 14.8007 33.3252 22.3653
102.2 42.5249 14.7699 33.2851 22.3961
102.3 42.5598 14.7392 33.245 22.4268
102.4 42.5948 14.7084 33.2049 22.4576
102.5 42.6296 14.6776 33.1648 22.4884
102.6 42.6645 14.6469 33.1247 22.5191
102.7 42.6993 14.6162 33.0846 22.5498
102.8 42.7341 14.5855 33.0445 22.5805
102.9 42.7689 14.5548 33.0043 22.6112
103 42.8036 14.5241 32.9641 22.6419
103.1 42.8383 14.4934 32.9239 22.6726
103.2 42.8729 14.4627 32.8837 22.7033
103.3 42.9076 14.4321 32.8435 22.7339
103.4 42.9422 14.4014 32.8033 22.7646
103.5 42.9767 14.3708 32.7631 22.7952
103.6 43.0113 14.3402 32.7228 22.8258
103.7 43.0458 14.3096 32.6826 22.8564
103.8 43.0802 14.279 32.6423 22.887
103.9 43.1146 14.2484 32.602 22.9176
104 43.149 14.2178 32.5617 22.9482
104.1 43.1834 14.1873 32.5214 22.9787
104.2 43.2177 14.1568 32.4811 23.0092
104.3 43.252 14.1262 32.4407 23.0398
104.4 43.2863 14.0957 32.4004 23.0703
104.5 43.3205 14.0652 32.36 23.1008
104.6 43.3547 14.0347 32.3196 23.1313
104.7 43.3889 14.0043 32.2793 23.1617
104.8 43.423 13.9738 32.2389 23.1922
104.9 43.4571 13.9434 32.1984 23.2226
105 43.4911 13.913 32.158 23.253
105.1 43.5252 13.8825 32.1176 23.2835
105.2 43.5591 13.8521 32.0771 23.3139
105.3 43.5931 13.8218 32.0367 23.3442
105.4 43.627 13.7914 31.9962 23.3746
105.5 43.6609 13.761 31.9557 23.405
105.6 43.6947 13.7307 31.9152 23.4353
105.7 43.7285 13.7004 31.8747 23.4656
105.8 43.7623 13.6701 31.8342 23.4959
105.9 43.796 13.6398 31.7936 23.5262
106 43.8297 13.6095 31.7531 23.5565
106.1 43.8634 13.5792 31.7125 23.5868
106.2 43.897 13.549 31.6719 23.617
106.3 43.9306 13.5187 31.6314 23.6473
106.4 43.9642 13.4885 31.5908 23.6775
106.5 43.9977 13.4583 31.5501 23.7077
106.6 44.0312 13.4281 31.5095 23.7379
106.7 44.0646 13.398 31.4689 23.768
106.8 44.098 13.3678 31.4282 23.7982
106.9 44.1314 13.3377 31.3876 23.8283
107 44.1647 13.3075 31.3469 23.8585
107.1 44.198 13.2774 31.3062 23.8886
107.2 44.2313 13.2473 31.2656 23.9187
107.3 44.2645 13.2173 31.2249 23.9487
107.4 44.2977 13.1872 31.1841 23.9788
107.5 44.3308 13.1572 31.1434 24.0088
107.6 44.3639 13.1271 31.1027 24.0389
107.7 44.397 13.0971 31.0619 24.0689
107.8 44.43 13.0671 31.0212 24.0989
107.9 44.463 13.0372 30.9804 24.1288
108 44.4959 13.0072 30.9396 24.1588
108.1 44.5289 12.9773 30.8988 24.1887
108.2 44.5617 12.9473 30.858 24.2187
108.3 44.5945 12.9174 30.8172 24.2486
108.4 44.6273 12.8875 30.7764 24.2785
108.5 44.6601 12.8577 30.7355 24.3083
108.6 44.6928 12.8278 30.6947 24.3382
108.7 44.7255 12.798 30.6538 24.368
108.8 44.7581 12.7681 30.6129 24.3979
108.9 44.7907 12.7383 30.5721 24.4277
109 44.8232 12.7086 30.5312 24.4574
109.1 44.8557 12.6788 30.4903 24.4872
109.2 44.8882 12.649 30.4493 24.517
109.3 44.9206 12.6193 30.4084 24.5467
109.4 44.953 12.5896 30.3675 24.5764
109.5 44.9853 12.5599 30.3265 24.6061
109.6 45.0176 12.5302 30.2856 24.6358
109.7 45.0499 12.5006 30.2446 24.6654
109.8 45.0821 12.4709 30.2036 24.6951
109.9 45.1143 12.4413 30.1626 24.7247
110 45.1464 12.4117 30.1216 24.7543
110.1 45.1785 12.3821 30.0806 24.7839
110.2 45.2106 12.3526 30.0396 24.8134
110.3 45.2426 12.323 29.9985 24.843
110.4 45.2745 12.2935 29.9575 24.8725
110.5 45.3064 12.264 29.9164 24.902
110.6 45.3383 12.2345 29.8754 24.9315
110.7 45.3701 12.205 29.8343 24.961
110.8 45.4019 12.1756 29.7932 24.9904
110.9 45.4337 12.1461 29.7521 25.0199
111 45.4653 12.1167 29.711 25.0493
111.1 45.497 12.0873 29.6699 25.0787
111.2 45.5286 12.058 29.6287 25.108
111.3 45.5602 12.0286 29.5876 25.1374
111.4 45.5917 11.9993 29.5465 25.1667
111.5 45.6232 11.97 29.5053 25.196
111.6 45.6546 11.9407 29.4641 25.2253
111.7 45.686 11.9114 29.4229 25.2546
111.8 45.7173 11.8822 29.3818 25.2838
111.9 45.7486 11.8529 29.3406 25.3131
112 45.7798 11.8237 29.2993 25.3423
112.1 45.811 11.7945 29.2581 25.3715
112.2 45.8422 11.7654 29.2169 25.4006
112.3 45.8733 11.7362 29.1756 25.4298
112.4 45.9043 11.7071 29.1344 25.4589
112.5 45.9354 11.678 29.0931 25.488
112.6 45.9663 11.6489 29.0519 25.5171
112.7 45.9972 11.6198 29.0106 25.5462
112.8 46.0281 11.5908 28.9693 25.5752
112.9 46.0589 11.5618 28.928 25.6042
113 46.0897 11.5328 28.8867 25.6332
113.1 46.1204 11.5038 28.8454 25.6622
113.2 46.1511 11.4748 28.804 25.6912
113.3 46.1817 11.4459 28.7627 25.7201
113.4 46.2123 11.417 28.7214 25.749
113.5 46.2428 11.3881 28.68 25.7779
113.6 46.2733 11.3592 28.6386 25.8068
113.7 46.3037 11.3304 28.5972 25.8356
113.8 46.3341 11.3016 28.5559 25.8644
113.9 46.3644 11.2728 28.5145 25.8932
114 46.3947 11.244 28.4731 25.922
114.1 46.4249 11.2152 28.4316 25.9508
114.2 46.4551 11.1865 28.3902 25.9795
114.3 46.4852 11.1578 28.3488 26.0082
114.4 46.5153 11.1291 28.3073 26.0369
114.5 46.5453 11.1004 28.2659 26.0656
114.6 46.5753 11.0718 28.2244 26.0942
114.7 46.6052 11.0431 28.183 26.1229
114.8 46.6351 11.0145 28.1415 26.1515
114.9 46.6649 10.986 28.1 26.18
115 46.6947 10.9574 28.0585 26.2086
115.1 46.7244 10.9289 28.017 26.2371
115.2 46.754 10.9004 27.9755 26.2656
115.3 46.7836 10.8719 27.9339 26.2941
115.4 46.8132 10.8434 27.8924 26.3226
115.5 46.8427 10.815 27.8509 26.351
115.6 46.8721 10.7866 27.8093 26.3794
115.7 46.9015 10.7582 27.7677 26.4078
115.8 46.9308 10.7298 27.7262 26.4362
115.9 46.9601 10.7015 27.6846 26.4645
116 46.9893 10.6732 27.643 26.4928
116.1 47.0185 10.6449 27.6014 26.5211
116.2 47.0476 10.6166 27.5598 26.5494
116.3 47.0767 10.5884 27.5182 26.5776
116.4 47.1057 10.5602 27.4765 26.6058
116.5 47.1346 10.532 27.4349 26.634
116.6 47.1635 10.5038 27.3933 26.6622
116.7 47.1923 10.4756 27.3516 26.6904
116.8 47.2211 10.4475 27.31 26.7185
116.9 47.2498 10.4194 27.2683 26.7466
117 47.2785 10.3913 27.2266 26.7747
117.1 47.3071 10.3633 27.1849 26.8027
117.2 47.3356 10.3353 27.1432 26.8307
117.3 47.3641 10.3073 27.1015 26.8587
117.4 47.3926 10.2793 27.0598 26.8867
117.5 47.4209 10.2514 27.0181 26.9146
117.6 47.4492 10.2234 26.9764 26.9426
117.7 47.4775 10.1955 26.9346 26.9705
117.8 47.5057 10.1677 26.8929 26.9983
117.9 47.5338 10.1398 26.8511 27.0262
118 47.5619 10.112 26.8094 27.054
118.1 47.5899 10.0842 26.7676 27.0818
118.2 47.6179 10.0565 26.7258 27.1095
118.3 47.6457 10.0287 26.684 27.1373
118.4 47.6736 10.001 26.6422 27.165
118.5 47.7013 9.97331 26.6004 27.1927
118.6 47.7291 9.94565 26.5586 27.2204
118.7 47.7567 9.91801 26.5168 27.248
118.8 47.7843 9.8904 26.475 27.2756
118.9 47.8118 9.86282 26.4331 27.3032
119 47.8393 9.83526 26.3913 27.3307
119.1 47.8666 9.80773 26.3494 27.3583
119.2 47.894 9.78023 26.3076 27.3858
119.3 47.9212 9.75275 26.2657 27.4133
119.4 47.9484 9.7253 26.2238 27.4407
119.5 47.9756 9.69788 26.1819 27.4681
119.6 48.0027 9.67048 26.14 27.4955
119.7 48.0297 9.64311 26.0981 27.5229
119.8 48.0566 9.61577 26.0562 27.5502
119.9 48.0835 9.58846 26.0143 27.5775
120 48.1103 9.56117 25.9724 27.6048
120.1 48.137 9.53391 25.9305 27.6321
120.2 48.1637 9.50668 25.8885 27.6593
120.3 48.1903 9.47947 25.8466 27.6865
120.4 48.2169 9.4523 25.8046 27.7137
120.5 48.2433 9.42515 25.7626 27.7408
120.6 48.2697 9.39803 25.7207 27.768
120.7 48.2961 9.37094 25.6787 27.7951
120.8 48.3224 9.34387 25.6367 27.8221
120.9 48.3486 9.31684 25.5947 27.8492
121 48.3747 9.28983 25.5527 27.8762
121.1 48.4008 9.26285 25.5107 27.9032
121.2 48.4268 9.2359 25.4687 27.9301
121.3 48.4527 9.20897 25.4266 27.957
121.4 48.4785 9.18208 25.3846 27.9839
121.5 48.5043 9.15521 25.3426 28.0108
121.6 48.53 9.12838 25.3005 28.0376
121.7 48.5557 9.10157 25.2585 28.0644
121.8 48.5812 9.07479 25.2164 28.0912
121.9 48.6067 9.04804 25.1743 28.118
122 48.6322 9.02132 25.1323 28.1447
122.1 48.6575 8.99462 25.0902 28.1714
122.2 48.6828 8.96796 25.0481 28.198
122.3 48.708 8.94133 25.006 28.2247
122.4 48.7331 8.91472 24.9639 28.2513
122.5 48.7582 8.88815 24.9217 28.2779
122.6 48.7832 8.8616 24.8796 28.3044
122.7 48.8081 8.83509 24.8375 28.3309
122.8 48.8329 8.8086 24.7954 28.3574
122.9 48.8577 8.78214 24.7532 28.3839
123 48.8823 8.75572 24.7111 28.4103
123.1 48.9069 8.72932 24.6689 28.4367
123.2 48.9315 8.70296 24.6267 28.463
123.3 48.9559 8.67662 24.5846 28.4894
123.4 48.9803 8.65031 24.5424 28.5157
123.5 49.0046 8.62404 24.5002 28.542
123.6 49.0288 8.59779 24.458 28.5682
123.7 49.0529 8.57158 24.4158 28.5944
123.8 49.077 8.54539 24.3736 28.6206
123.9 49.101 8.51924 24.3314 28.6468
124 49.1249 8.49311 24.2891 28.6729
124.1 49.1487 8.46702 24.2469 28.699
124.2 49.1724 8.44096 24.2047 28.725
124.3 49.1961 8.41493 24.1624 28.7511
124.4 49.2196 8.38893 24.1202 28.7771
124.5 49.2431 8.36296 24.0779 28.803
124.6 49.2665 8.33702 24.0357 28.829
124.7 49.2899 8.31111 23.9934 28.8549
124.8 49.3131 8.28524 23.9511 28.8808
124.9 49.3363 8.25939 23.9088 28.9066
125 49.3593 8.23358 23.8665 28.9324
125.1 49.3823 8.2078 23.8242 28.9582
125.2 49.4052 8.18205 23.7819 28.9839
125.3 49.428 8.15633 23.7396 29.0097
125.4 49.4508 8.13065 23.6973 29.0354
125.5 49.4734 8.10499 23.655 29.061
125.6 49.496 8.07937 23.6126 29.0866
125.7 49.5185 8.05378 23.5703 29.1122
125.8 49.5409 8.02822 23.5279 29.1378
125.9 49.5632 8.0027 23.4856 29.1633
126 49.5854 7.9772 23.4432 29.1888
126.1 49.6075 7.95174 23.4009 29.2143
126.2 49.6295 7.92631 23.3585 29.2397
126.3 49.6515 7.90092 23.3161 29.2651
126.4 49.6733 7.87555 23.2737 29.2904
126.5 49.6951 7.85022 23.2313 29.3158
126.6 49.7167 7.82492 23.1889 29.3411
126.7 49.7383 7.79965 23.1465 29.3663
126.8 49.7598 7.77442 23.1041 29.3916
126.9 49.7812 7.74922 23.0617 29.4168
127 49.8025 7.72405 23.0193 29.4419
127.1 49.8237 7.69892 22.9768 29.4671
127.2 49.8448 7.67382 22.9344 29.4922
127.3 49.8658 7.64875 22.892 29.5172
127.4 49.8868 7.62372 22.8495 29.5423
127.5 49.9076 7.59872 22.8071 29.5673
127.6 49.9283 7.57375 22.7646 29.5923
127.7 49.9489 7.54881 22.7221 29.6172
127.8 49.9695 7.52391 22.6796 29.6421
127.9 49.9899 7.49905 22.6372 29.667
128 50.0103 7.47421 22.5947 29.6918
128.1 50.0305 7.44941 22.5522 29.7166
128.2 50.0507 7.42465 22.5097 29.7414
128.3 50.0707 7.39992 22.4672 29.7661
128.4 50.0906 7.37522 22.4247 29.7908
128.5 50.1105 7.35056 22.3822 29.8154
128.6 50.1302 7.32593 22.3396 29.8401
128.7 50.1499 7.30133 22.2971 29.8647
128.8 50.1694 7.27677 22.2546 29.8892
128.9 50.1888 7.25225 22.212 29.9138
129 50.2082 7.22776 22.1695 29.9382
129.1 50.2274 7.2033 22.1269 29.9627
129.2 50.2465 7.17888 22.0844 29.9871
129.3 50.2655 7.15449 22.0418 30.0115
129.4 50.2844 7.13014 21.9992 30.0359
129.5 50.3032 7.10582 21.9566 30.0602
129.6 50.3219 7.08154 21.914 30.0845
129.7 50.3405 7.05729 21.8715 30.1087
129.8 50.359 7.03308 21.8289 30.1329
129.9 50.3774 7.0089 21.7863 30.1571
130 50.3957 6.98476 21.7437 30.1812
130.1 50.4138 6.96065 21.701 30.2053
130.2 50.4319 6.93658 21.6584 30.2294
130.3 50.4498 6.91254 21.6158 30.2535
130.4 50.4676 6.88854 21.5732 30.2775
130.5 50.4853 6.86458 21.5305 30.3014
130.6 50.5029 6.84065 21.4879 30.3253
130.7 50.5204 6.81676 21.4452 30.3492
130.8 50.5378 6.7929 21.4026 30.3731
130.9 50.555 6.76908 21.3599 30.3969
131 50.5722 6.74529 21.3173 30.4207
131.1 50.5892 6.72154 21.2746 30.4445
131.2 50.6061 6.69783 21.2319 30.4682
131.3 50.6229 6.67415 21.1892 30.4918
131.4 50.6395 6.65051 21.1465 30.5155
131.5 50.6561 6.62691 21.1038 30.5391
131.6 50.6725 6.60334 21.0611 30.5627
131.7 50.6888 6.57981 21.0184 30.5862
131.8 50.705 6.55631 20.9757 30.6097
131.9 50.7211 6.53286 20.933 30.6331
132 50.7371 6.50943 20.8903 30.6566
132.1 50.7529 6.48605 20.8476 30.68
132.2 50.7686 6.4627 20.8048 30.7033
132.3 50.7842 6.43939 20.7621 30.7266
132.4 50.7996 6.41612 20.7194 30.7499
132.5 50.8149 6.39288 20.6766 30.7731
132.6 50.8301 6.36968 20.6338 30.7963
132.7 50.8452 6.34652 20.5911 30.8195
132.8 50.8602 6.32339 20.5483 30.8426
132.9 50.875 6.3003 20.5056 30.8657
133 50.8897 6.27725 20.4628 30.8887
133.1 50.9042 6.25424 20.42 30.9118
133.2 50.9187 6.23126 20.3772 30.9347
133.3 50.933 6.20833 20.3344 30.9577
133.4 50.9471 6.18543 20.2916 30.9806
133.5 50.9612 6.16256 20.2488 31.0034
133.6 50.9751 6.13974 20.206 31.0263
133.7 50.9888 6.11695 20.1632 31.049
133.8 51.0025 6.0942 20.1204 31.0718
133.9 51.016 6.07149 20.0776 31.0945
134 51.0293 6.04882 20.0347 31.1172
134.1 51.0425 6.02619 19.9919 31.1398
134.2 51.0556 6.00359 19.9491 31.1624
134.3 51.0686 5.98103 19.9062 31.185
134.4 51.0814 5.95851 19.8634 31.2075
134.5 51.094 5.93603 19.8205 31.23
134.6 51.1065 5.91359 19.7777 31.2524
134.7 51.1189 5.89118 19.7348 31.2748
134.8 51.1312 5.86882 19.6919 31.2972
134.9 51.1432 5.84649 19.6491 31.3195
135 51.1552 5.82421 19.6062 31.3418
135.1 51.167 5.80196 19.5633 31.364
135.2 51.1786 5.77975 19.5204 31.3863
135.3 51.1901 5.75758 19.4775 31.4084
135.4 51.2015 5.73544 19.4346 31.4306
135.5 51.2127 5.71335 19.3917 31.4526
135.6 51.2238 5.6913 19.3488 31.4747
135.7 51.2347 5.66928 19.3059 31.4967
135.8 51.2454 5.64731 19.263 31.5187
135.9 51.256 5.62537 19.22 31.5406
136 51.2665 5.60348 19.1771 31.5625
136.1 51.2768 5.58162 19.1342 31.5844
136.2 51.2869 5.5598 19.0913 31.6062
136.3 51.2969 5.53803 19.0483 31.628
136.4 51.3067 5.51629 19.0054 31.6497
136.5 51.3164 5.49459 18.9624 31.6714
136.6 51.3259 5.47293 18.9195 31.6931
136.7 51.3352 5.45132 18.8765 31.7147
136.8 51.3444 5.42974 18.8335 31.7363
136.9 51.3534 5.4082 18.7906 31.7578
137 51.3623 5.3867 18.7476 31.7793
137.1 51.371 5.36524 18.7046 31.8008
137.2 51.3795 5.34383 18.6616 31.8222
137.3 51.3879 5.32245 18.6186 31.8435
137.4 51.3961 5.30111 18.5756 31.8649
137.5 51.4041 5.27982 18.5326 31.8862
137.6 51.4119 5.25856 18.4896 31.9074
137.7 51.4196 5.23735 18.4466 31.9287
137.8 51.4271 5.21617 18.4036 31.9498
137.9 51.4345 5.19504 18.3606 31.971
138 51.4416 5.17395 18.3176 31.9921
138.1 51.4486 5.1529 18.2745 32.0131
138.2 51.4554 5.13188 18.2315 32.0341
138.3 51.4621 5.11091 18.1885 32.0551
138.4 51.4685 5.08999 18.1454 32.076
138.5 51.4748 5.0691 18.1024 32.0969
138.6 51.4809 5.04825 18.0594 32.1177
138.7 51.4868 5.02745 18.0163 32.1386
138.8 51.4926 5.00668 17.9732 32.1593
138.9 51.4981 4.98596 17.9302 32.18
139 51.5035 4.96528 17.8871 32.2007
139.1 51.5087 4.94464 17.844 32.2214
139.2 51.5137 4.92404 17.801 32.242
139.3 51.5185 4.90348 17.7579 32.2625
139.4 51.5231 4.88297 17.7148 32.283
139.5 51.5275 4.86249 17.6717 32.3035
139.6 51.5317 4.84206 17.6286 32.3239
139.7 51.5358 4.82167 17.5855 32.3443
139.8 51.5396 4.80132 17.5424 32.3647
139.9 51.5433 4.78102 17.4993 32.385
140 51.5467 4.76075 17.4562 32.4052
140.1 51.55 4.74053 17.4131 32.4255
140.2 51.553 4.72035 17.37 32.4456
140.3 51.5559 4.70022 17.3269 32.4658
140.4 51.5585 4.68012 17.2837 32.4859
140.5 51.561 4.66007 17.2406 32.5059
140.6 51.5632 4.64006 17.1975 32.5259
140.7 51.5652 4.62009 17.1543 32.5459
140.8 51.5671 4.60016 17.1112 32.5658
140.9 51.5687 4.58028 17.068 32.5857
141 51.5701 4.56044 17.0249 32.6056
141.1 51.5713 4.54065 16.9817 32.6254
141.2 51.5723 4.52089 16.9386 32.6451
141.3 51.573 4.50118 16.8954 32.6648
141.4 51.5736 4.48151 16.8522 32.6845
141.5 51.5739 4.46188 16.8091 32.7041
141.6 51.574 4.4423 16.7659 32.7237
141.7 51.5739 4.42276 16.7227 32.7432
141.8 51.5736 4.40327 16.6795 32.7627
141.9 51.5731 4.38381 16.6363 32.7822
142 51.5723 4.3644 16.5932 32.8016
142.1 51.5713 4.34503 16.55 32.821
142.2 51.5701 4.32571 16.5068 32.8403
142.3 51.5686 4.30643 16.4636 32.8596
142.4 51.5669 4.28719 16.4204 32.8788
142.5 51.565 4.268 16.3771 32.898
142.6 51.5628 4.24885 16.3339 32.9171
142.7 51.5605 4.22975 16.2907 32.9363
142.8 51.5578 4.21068 16.2475 32.9553
142.9 51.555 4.19167 16.2043 32.9743
143 51.5519 4.17269 16.161 32.9933
143.1 51.5485 4.15376 16.1178 33.0122
143.2 51.5449 4.13488 16.0746 33.0311
143.3 51.5411 4.11603 16.0313 33.05
143.4 51.537 4.09723 15.9881 33.0688
143.5 51.5327 4.07848 15.9448 33.0875
143.6 51.5281 4.05977 15.9016 33.1062
143.7 51.5233 4.0411 15.8583 33.1249
143.8 51.5182 4.02248 15.8151 33.1435
143.9 51.5128 4.00391 15.7718 33.1621
144 51.5072 3.98537 15.7285 33.1806
144.1 51.5014 3.96688 15.6852 33.1991
144.2 51.4953 3.94844 15.642 33.2176
144.3 51.4889 3.93004 15.5987 33.236
144.4 51.4822 3.91169 15.5554 33.2543
144.5 51.4753 3.89338 15.5121 33.2726
144.6 51.4681 3.87511 15.4688 33.2909
144.7 51.4607 3.85689 15.4255 33.3091
144.8 51.453 3.83872 15.3822 33.3273
144.9 51.445 3.82058 15.3389 33.3454
145 51.4367 3.8025 15.2956 33.3635
145.1 51.4281 3.78446 15.2523 33.3815
145.2 51.4193 3.76646 15.209 33.3995
145.3 51.4102 3.74851 15.1657 33.4175
145.4 51.4008 3.73061 15.1224 33.4354
145.5 51.3911 3.71275 15.0791 33.4533
145.6 51.3812 3.69493 15.0357 33.4711
145.7 51.3709 3.67716 14.9924 33.4888
145.8 51.3604 3.65944 14.9491 33.5066
145.9 51.3495 3.64176 14.9057 33.5242
146 51.3384 3.62413 14.8624 33.5419
146.1 51.327 3.60654 14.8191 33.5595
146.2 51.3152 3.589 14.7757 33.577
146.3 51.3032 3.5715 14.7324 33.5945
146.4 51.2908 3.55405 14.689 33.6119
146.5 51.2782 3.53665 14.6457 33.6294
146.6 51.2652 3.51929 14.6023 33.6467
146.7 51.252 3.50198 14.5589 33.664
146.8 51.2384 3.48471 14.5156 33.6813
146.9 51.2245 3.46749 14.4722 33.6985
147 51.2103 3.45031 14.4288 33.7157
147.1 51.1957 3.43318 14.3854 33.7328
147.2 51.1809 3.4161 14.3421 33.7499
147.3 51.1657 3.39907 14.2987 33.7669
147.4 51.1502 3.38208 14.2553 33.7839
147.5 51.1343 3.36513 14.2119 33.8009
147.6 51.1182 3.34823 14.1685 33.8178
147.7 51.1017 3.33138 14.1251 33.8346
147.8 51.0848 3.31458 14.0817 33.8514
147.9 51.0676 3.29782 14.0383 33.8682
148 51.0501 3.28111 13.9949 33.8849
148.1 51.0323 3.26444 13.9515 33.9016
148.2 51.014 3.24783 13.9081 33.9182
148.3 50.9955 3.23125 13.8647 33.9347
148.4 50.9766 3.21473 13.8212 33.9513
148.5 50.9573 3.19825 13.7778 33.9677
148.6 50.9377 3.18182 13.7344 33.9842
148.7 50.9177 3.16544 13.691 34.0006
148.8 50.8973 3.1491 13.6475 34.0169
148.9 50.8766 3.13281 13.6041 34.0332
149 50.8555 3.11656 13.5607 34.0494
149.1 50.8341 3.10037 13.5172 34.0656
149.2 50.8122 3.08422 13.4738 34.0818
149.3 50.79 3.06812 13.4303 34.0979
149.4 50.7674 3.05206 13.3869 34.1139
149.5 50.7445 3.03606 13.3434 34.1299
149.6 50.7211 3.0201 13.3 34.1459
149.7 50.6974 3.00418 13.2565 34.1618
149.8 50.6732 2.98832 13.2131 34.1777
149.9 50.6487 2.9725 13.1696 34.1935
150 50.6238 2.95673 13.1261 34.2093
150.1 50.5984 2.94101 13.0827 34.225
150.2 50.5727 2.92534 13.0392 34.2407
150.3 50.5466 2.90971 12.9957 34.2563
150.4 50.52 2.89413 12.9522 34.2719
150.5 50.4931 2.8786 12.9088 34.2874
150.6 50.4657 2.86311 12.8653 34.3029
150.7 50.4379 2.84768 12.8218 34.3183
150.8 50.4097 2.83229 12.7783 34.3337
150.9 50.3811 2.81695 12.7348 34.349
151 50.352 2.80166 12.6913 34.3643
151.1 50.3225 2.78642 12.6478 34.3796
151.2 50.2926 2.77122 12.6043 34.3948
151.3 50.2622 2.75607 12.5608 34.4099
151.4 50.2314 2.74097 12.5173 34.425
151.5 50.2001 2.72592 12.4738 34.4401
151.6 50.1684 2.71092 12.4303 34.4551
151.7 50.1362 2.69597 12.3867 34.47
151.8 50.1036 2.68106 12.3432 34.4849
151.9 50.0705 2.6662 12.2997 34.4998
152 50.037 2.65139 12.2562 34.5146
152.1 50.0029 2.63663 12.2127 34.5294
152.2 49.9685 2.62192 12.1691 34.5441
152.3 49.9335 2.60726 12.1256 34.5587
152.4 49.8981 2.59264 12.0821 34.5734
152.5 49.8621 2.57808 12.0385 34.5879
152.6 49.8257 2.56356 11.995 34.6024
152.7 49.7888 2.54909 11.9514 34.6169
152.8 49.7514 2.53467 11.9079 34.6313
152.9 49.7136 2.5203 11.8643 34.6457
153 49.6752 2.50598 11.8208 34.66
153.1 49.6363 2.49171 11.7772 34.6743
153.2 49.5969 2.47748 11.7337 34.6885
153.3 49.5569 2.46331 11.6901 34.7027
153.4 49.5165 2.44918 11.6466 34.7168
153.5 49.4755 2.43511 11.603 34.7309
153.6 49.434 2.42108 11.5594 34.7449
153.7 49.392 2.4071 11.5159 34.7589
153.8 49.3495 2.39317 11.4723 34.7728
153.9 49.3064 2.3793 11.4287 34.7867
154 49.2627 2.36547 11.3851 34.8005
154.1 49.2186 2.35169 11.3416 34.8143
154.2 49.1738 2.33795 11.298 34.828
154.3 49.1285 2.32427 11.2544 34.8417
154.4 49.0827 2.31064 11.2108 34.8554
154.5 49.0362 2.29706 11.1672 34.8689
154.6 48.9892 2.28352 11.1236 34.8825
154.7 48.9417 2.27004 11.08 34.896
154.8 48.8935 2.25661 11.0364 34.9094
154.9 48.8448 2.24322 10.9928 34.9228
155 48.7955 2.22989 10.9492 34.9361
155.1 48.7455 2.21661 10.9056 34.9494
155.2 48.695 2.20337 10.862 34.9626
155.3 48.6439 2.19019 10.8184 34.9758
155.4 48.5922 2.17705 10.7748 34.9889
155.5 48.5398 2.16397 10.7312 35.002
155.6 48.4868 2.15093 10.6876 35.0151
155.7 48.4333 2.13795 10.644 35.0281
155.8 48.379 2.12501 10.6003 35.041
155.9 48.3242 2.11213 10.5567 35.0539
156 48.2687 2.0993 10.5131 35.0667
156.1 48.2125 2.08651 10.4695 35.0795
156.2 48.1557 2.07378 10.4258 35.0922
156.3 48.0983 2.0611 10.3822 35.1049
156.4 48.0402 2.04846 10.3386 35.1175
156.5 47.9814 2.03588 10.2949 35.1301
156.6 47.9219 2.02335 10.2513 35.1427
156.7 47.8618 2.01087 10.2077 35.1551
156.8 47.801 1.99843 10.164 35.1676
156.9 47.7395 1.98605 10.1204 35.1799
157 47.6772 1.97372 10.0767 35.1923
157.1 47.6143 1.96144 10.0331 35.2046
157.2 47.5507 1.94921 9.98942 35.2168
157.3 47.4864 1.93704 9.94576 35.229
157.4 47.4213 1.92491 9.90211 35.2411
157.5 47.3556 1.91283 9.85845 35.2532
157.6 47.2891 1.90081 9.81479 35.2652
157.7 47.2218 1.88883 9.77113 35.2772
157.8 47.1538 1.87691 9.72746 35.2891
157.9 47.0851 1.86503 9.6838 35.301
158 47.0156 1.85321 9.64013 35.3128
158.1 46.9453 1.84144 9.59646 35.3246
158.2 46.8743 1.82972 9.55278 35.3363
158.3 46.8025 1.81805 9.50911 35.348
158.4 46.7299 1.80643 9.46543 35.3596
158.5 46.6565 1.79486 9.42175 35.3711
158.6 46.5823 1.78335 9.37807 35.3827
158.7 46.5074 1.77188 9.33439 35.3941
158.8 46.4316 1.76047 9.29071 35.4055
158.9 46.355 1.7491 9.24702 35.4169
159 46.2775 1.73779 9.20333 35.4282
159.1 46.1993 1.72653 9.15964 35.4395
159.2 46.1202 1.71532 9.11595 35.4507
159.3 46.0402 1.70417 9.07225 35.4618
159.4 45.9595 1.69306 9.02856 35.4729
159.5 45.8778 1.68201 8.98486 35.484
159.6 45.7953 1.671 8.94116 35.495
159.7 45.7119 1.66005 8.89745 35.5059
159.8 45.6276 1.64915 8.85375 35.5168
159.9 45.5425 1.6383 8.81004 35.5277
160 45.4564 1.62751 8.76634 35.5385
160.1 45.3694 1.61676 8.72263 35.5492
160.2 45.2816 1.60607 8.67891 35.5599
160.3 45.1928 1.59543 8.6352 35.5706
160.4 45.1031 1.58484 8.59149 35.5812
160.5 45.0124 1.5743 8.54777 35.5917
160.6 44.9208 1.56381 8.50405 35.6022
160.7 44.8283 1.55338 8.46033 35.6126
160.8 44.7348 1.54299 8.41661 35.623
160.9 44.6403 1.53266 8.37288 35.6333
161 44.5448 1.52238 8.32915 35.6436
161.1 44.4484 1.51216 8.28543 35.6538
161.2 44.351 1.50198 8.2417 35.664
161.3 44.2526 1.49186 8.19797 35.6741
161.4 44.1531 1.48179 8.15423 35.6842
161.5 44.0527 1.47177 8.1105 35.6942
161.6 43.9512 1.4618 8.06676 35.7042
161.7 43.8487 1.45189 8.02302 35.7141
161.8 43.7452 1.44203 7.97928 35.724
161.9 43.6406 1.43222 7.93554 35.7338
162 43.5349 1.42246 7.8918 35.7435
162.1 43.4282 1.41275 7.84805 35.7532
162.2 43.3204 1.4031 7.8043 35.7629
162.3 43.2115 1.3935 7.76056 35.7725
162.4 43.1015 1.38395 7.71681 35.782
162.5 42.9904 1.37446 7.67305 35.7915
162.6 42.8782 1.36501 7.6293 35.801
162.7 42.7649 1.35562 7.58555 35.8104
162.8 42.6504 1.34628 7.54179 35.8197
162.9 42.5348 1.337 7.49803 35.829
163 42.4181 1.32776 7.45427 35.8382
163.1 42.3002 1.31858 7.41051 35.8474
163.2 42.1811 1.30945 7.36675 35.8565
163.3 42.0608 1.30038 7.32298 35.8656
163.4 41.9394 1.29135 7.27922 35.8746
163.5 41.8167 1.28238 7.23545 35.8836
163.6 41.6929 1.27346 7.19168 35.8925
163.7 41.5678 1.2646 7.14791 35.9014
163.8 41.4415 1.25579 7.10414 35.9102
163.9 41.3139 1.24703 7.06036 35.919
164 41.1851 1.23832 7.01659 35.9277
164.1 41.0551 1.22967 6.97281 35.9363
164.2 40.9238 1.22107 6.92903 35.9449
164.3 40.7912 1.21252 6.88525 35.9535
164.4 40.6573 1.20402 6.84147 35.962
164.5 40.5221 1.19558 6.79769 35.9704
164.6 40.3856 1.18719 6.75391 35.9788
164.7 40.2478 1.17885 6.71012 35.9871
164.8 40.1086 1.17057 6.66633 35.9954
164.9 39.9682 1.16234 6.62255 36.0037
165 39.8263 1.15416 6.57876 36.0118
165.1 39.6832 1.14604 6.53497 36.02
165.2 39.5386 1.13797 6.49117 36.028
165.3 39.3927 1.12995 6.44738 36.0361
165.4 39.2453 1.12198 6.40359 36.044
165.5 39.0966 1.11407 6.35979 36.0519
165.6 38.9465 1.10621 6.31599 36.0598
165.7 38.7949 1.09841 6.27219 36.0676
165.8 38.6419 1.09066 6.22839 36.0753
165.9 38.4875 1.08296 6.18459 36.083
166 38.3316 1.07531 6.14079 36.0907
166.1 38.1742 1.06772 6.09699 36.0983
166.2 38.0154 1.06018 6.05318 36.1058
166.3 37.855 1.0527 6.00937 36.1133
166.4 37.6932 1.04527 5.96557 36.1207
166.5 37.5299 1.03789 5.92176 36.1281
166.6 37.3651 1.03056 5.87795 36.1354
166.7 37.1987 1.02329 5.83413 36.1427
166.8 37.0308 1.01607 5.79032 36.1499
166.9 36.8614 1.00891 5.74651 36.1571
167 36.6904 1.0018 5.70269 36.1642
167.1 36.5178 0.99474 5.65888 36.1713
167.2 36.3436 0.987736 5.61506 36.1783
167.3 36.1679 0.980786 5.57124 36.1852
167.4 35.9905 0.97389 5.52742 36.1921
167.5 35.8116 0.967047 5.4836 36.199
167.6 35.631 0.960257 5.43978 36.2057
167.7 35.4488 0.953522 5.39595 36.2125
167.8 35.265 0.94684 5.35213 36.2192
167.9 35.0795 0.940212 5.3083 36.2258
168 34.8923 0.933637 5.26448 36.2324
168.1 34.7035 0.927116 5.22065 36.2389
168.2 34.513 0.920649 5.17682 36.2454
168.3 34.3208 0.914236 5.13299 36.2518
168.4 34.1269 0.907877 5.08916 36.2581
168.5 33.9313 0.901572 5.04533 36.2644
168.6 33.734 0.89532 5.0015 36.2707
168.7 33.535 0.889122 4.95766 36.2769
168.8 33.3342 0.882978 4.91383 36.283
168.9 33.1317 0.876889 4.86999 36.2891
169 32.9274 0.870853 4.82615 36.2951
169.1 32.7214 0.864871 4.78231 36.3011
169.2 32.5136 0.858943 4.73848 36.3071
169.3 32.304 0.853069 4.69464 36.3129
169.4 32.0927 0.847249 4.65079 36.3188
169.5 31.8795 0.841483 4.60695 36.3245
169.6 31.6646 0.835771 4.56311 36.3302
169.7 31.4478 0.830113 4.51927 36.3359
169.8 31.2292 0.824509 4.47542 36.3415
169.9 31.0088 0.818959 4.43158 36.347
170 30.7866 0.813464 4.38773 36.3525
170.1 30.5625 0.808022 4.34388 36.358
170.2 30.3366 0.802635 4.30003 36.3634
170.3 30.1088 0.797302 4.25618 36.3687
170.4 29.8792 0.792023 4.21233 36.374
170.5 29.6478 0.786798 4.16848 36.3792
170.6 29.4144 0.781627 4.12463 36.3844
170.7 29.1792 0.776511 4.08078 36.3895
170.8 28.9421 0.771449 4.03692 36.3946
170.9 28.7032 0.766441 3.99307 36.3996
171 28.4623 0.761487 3.94921 36.4045
171.1 28.2196 0.756588 3.90536 36.4094
171.2 27.9749 0.751743 3.8615 36.4143
171.3 27.7284 0.746952 3.81764 36.419
171.4 27.48 0.742216 3.77378 36.4238
171.5 27.2297 0.737534 3.72992 36.4285
171.6 26.9774 0.732906 3.68606 36.4331
171.7 26.7233 0.728333 3.6422 36.4377
171.8 26.4673 0.723814 3.59834 36.4422
171.9 26.2093 0.71935 3.55448 36.4467
172 25.9495 0.714939 3.51062 36.4511
172.1 25.6877 0.710584 3.46675 36.4554
172.2 25.4241 0.706283 3.42289 36.4597
172.3 25.1585 0.702036 3.37902 36.464
172.4 24.8911 0.697844 3.33516 36.4682
172.5 24.6217 0.693706 3.29129 36.4723
172.6 24.3505 0.689622 3.24742 36.4764
172.7 24.0773 0.685594 3.20355 36.4804
172.8 23.8023 0.681619 3.15969 36.4844
172.9 23.5253 0.6777 3.11582 36.4883
173 23.2465 0.673834 3.07195 36.4922
173.1 22.9658 0.670024 3.02808 36.496
173.2 22.6832 0.666268 2.98421 36.4997
173.3 22.3988 0.662566 2.94033 36.5034
173.4 22.1125 0.658919 2.89646 36.5071
173.5 21.8244 0.655327 2.85259 36.5107
173.6 21.5344 0.651789 2.80871 36.5142
173.7 21.2425 0.648306 2.76484 36.5177
173.8 20.9489 0.644878 2.72097 36.5211
173.9 20.6534 0.641504 2.67709 36.5245
174 20.3561 0.638185 2.63321 36.5278
174.1 20.0571 0.63492 2.58934 36.5311
174.2 19.7562 0.631711 2.54546 36.5343
174.3 19.4536 0.628555 2.50158 36.5374
174.4 19.1492 0.625455 2.45771 36.5405
174.5 18.843 0.622409 2.41383 36.5436
174.6 18.5352 0.619418 2.36995 36.5466
174.7 18.2256 0.616482 2.32607 36.5495
174.8 17.9143 0.6136 2.28219 36.5524
174.9 17.6013 0.610773 2.23831 36.5552
175 17.2867 0.608001 2.19443 36.558
175.1 16.9704 0.605284 2.15055 36.5607
175.2 16.6525 0.602621 2.10666 36.5634
175.3 16.333 0.600014 2.06278 36.566
175.4 16.0118 0.597461 2.0189 36.5685
175.5 15.6891 0.594962 1.97502 36.571
175.6 15.3649 0.592519 1.93113 36.5735
175.7 15.0391 0.59013 1.88725 36.5759
175.8 14.7118 0.587796 1.84337 36.5782
175.9 14.383 0.585517 1.79948 36.5805
176 14.0528 0.583293 1.7556 36.5827
176.1 13.7212 0.581124 1.71171 36.5849
176.2 13.3881 0.579009 1.66783 36.587
176.3 13.0536 0.57695 1.62394 36.5891
176.4 12.7178 0.574945 1.58005 36.5911
176.5 12.3807 0.572995 1.53617 36.593
176.6 12.0422 0.5711 1.49228 36.5949
176.7 11.7025 0.569259 1.44839 36.5967
176.8 11.3616 0.567474 1.4045 36.5985
176.9 11.0194 0.565744 1.36062 36.6003
177 10.676 0.564068 1.31673 36.6019
177.1 10.3315 0.562447 1.27284 36.6036
177.2 9.98591 0.560881 1.22895 36.6051
177.3 9.6392 0.559371 1.18506 36.6066
177.4 9.29143 0.557914 1.14117 36.6081
177.5 8.94265 0.556513 1.09728 36.6095
177.6 8.59288 0.555167 1.05339 36.6108
177.7 8.24216 0.553876 1.0095 36.6121
177.8 7.89052 0.552639 0.965615 36.6134
177.9 7.53801 0.551458 0.921724 36.6145
178 7.18465 0.550331 0.877834 36.6157
178.1 6.83048 0.54926 0.833943 36.6167
178.2 6.47555 0.548243 0.790053 36.6178
178.3 6.11988 0.547282 0.746162 36.6187
178.4 5.76352 0.546375 0.702271 36.6196
178.5 5.40651 0.545523 0.658379 36.6205
178.6 5.04888 0.544726 0.614488 36.6213
178.7 4.69068 0.543984 0.570597 36.622
178.8 4.33193 0.543297 0.526705 36.6227
178.9 3.9727 0.542665 0.482813 36.6233
179 3.613 0.542088 0.438922 36.6239
179.1 3.25289 0.541566 0.39503 36.6244
179.2 2.89241 0.541099 0.351138 36.6249
179.3 2.53159 0.540686 0.307246 36.6253
179.4 2.17048 0.540329 0.263353 36.6257
179.5 1.80911 0.540027 0.219461 36.626
179.6 1.44754 0.539779 0.175569 36.6262
179.7 1.0858 0.539587 0.131677 36.6264
179.8 0.72394 0.53945 0.0877846 36.6266
179.9 0.361991 0.539367 0.0438923 36.6266
