#kinematics calculation of gsgs
#vertex z = 400 mm, E_reaction = 46.046 MeV
#theta_cm, theta3_lab, Ek3_lab, theta4_lab, Ek4_lab
0 0 46.046 0 1.81899e-12
0.1 0.0499486 46.046 89.9499 3.5066e-05
0.2 0.0998971 46.0459 89.8999 0.000140264
0.3 0.149846 46.0457 89.8498 0.000315594
0.4 0.199794 46.0454 89.7998 0.000561054
0.5 0.249743 46.0451 89.7497 0.000876645
0.6 0.299691 46.0447 89.6997 0.00126237
0.7 0.34964 46.0443 89.6496 0.00171821
0.8 0.399589 46.0438 89.5996 0.00224419
0.9 0.449537 46.0432 89.5495 0.00284029
1 0.499486 46.0425 89.4995 0.00350651
1.1 0.549434 46.0418 89.4494 0.00424286
1.2 0.599383 46.041 89.3994 0.00504932
1.3 0.649332 46.0401 89.3493 0.00592591
1.4 0.69928 46.0391 89.2993 0.0068726
1.5 0.749229 46.0381 89.2492 0.00788941
1.6 0.799177 46.037 89.1992 0.00897632
1.7 0.849126 46.0359 89.1491 0.0101333
1.8 0.899074 46.0346 89.0991 0.0113605
1.9 0.949023 46.0333 89.049 0.0126577
2 0.998972 46.032 88.999 0.014025
2.1 1.04892 46.0305 88.9489 0.0154624
2.2 1.09887 46.029 88.8989 0.0169699
2.3 1.14882 46.0275 88.8488 0.0185474
2.4 1.19877 46.0258 88.7988 0.0201951
2.5 1.24871 46.0241 88.7487 0.0219128
2.6 1.29866 46.0223 88.6987 0.0237006
2.7 1.34861 46.0204 88.6486 0.0255584
2.8 1.39856 46.0185 88.5986 0.0274863
2.9 1.44851 46.0165 88.5485 0.0294842
3 1.49846 46.0144 88.4985 0.0315522
3.1 1.54841 46.0123 88.4484 0.0336902
3.2 1.59836 46.0101 88.3984 0.0358983
3.3 1.6483 46.0078 88.3483 0.0381764
3.4 1.69825 46.0055 88.2983 0.0405244
3.5 1.7482 46.0031 88.2482 0.0429425
3.6 1.79815 46.0006 88.1981 0.0454306
3.7 1.8481 45.998 88.1481 0.0479887
3.8 1.89805 45.9954 88.098 0.0506168
3.9 1.948 45.9927 88.048 0.0533148
4 1.99794 45.9899 87.9979 0.0560829
4.1 2.04789 45.9871 87.9479 0.0589209
4.2 2.09784 45.9842 87.8978 0.0618288
4.3 2.14779 45.9812 87.8478 0.0648067
4.4 2.19774 45.9781 87.7977 0.0678545
4.5 2.24769 45.975 87.7477 0.0709722
4.6 2.29764 45.9718 87.6976 0.0741599
4.7 2.34759 45.9686 87.6476 0.0774174
4.8 2.39753 45.9653 87.5975 0.0807449
4.9 2.44748 45.9619 87.5475 0.0841422
5 2.49743 45.9584 87.4974 0.0876095
5.1 2.54738 45.9549 87.4474 0.0911466
5.2 2.59733 45.9512 87.3973 0.0947535
5.3 2.64728 45.9476 87.3473 0.0984303
5.4 2.69723 45.9438 87.2972 0.102177
5.5 2.74718 45.94 87.2472 0.105993
5.6 2.79712 45.9361 87.1971 0.10988
5.7 2.84707 45.9322 87.1471 0.113836
5.8 2.89702 45.9281 87.097 0.117861
5.9 2.94697 45.924 87.047 0.121957
6 2.99692 45.9199 86.9969 0.126122
6.1 3.04687 45.9156 86.9469 0.130358
6.2 3.09682 45.9113 86.8968 0.134662
6.3 3.14677 45.907 86.8468 0.139037
6.4 3.19672 45.9025 86.7967 0.143481
6.5 3.24666 45.898 86.7467 0.147995
6.6 3.29661 45.8934 86.6966 0.152579
6.7 3.34656 45.8888 86.6466 0.157232
6.8 3.39651 45.884 86.5965 0.161955
6.9 3.44646 45.8793 86.5465 0.166748
7 3.49641 45.8744 86.4964 0.17161
7.1 3.54636 45.8695 86.4464 0.176542
7.2 3.59631 45.8645 86.3963 0.181543
7.3 3.64626 45.8594 86.3463 0.186614
7.4 3.6962 45.8542 86.2962 0.191755
7.5 3.74615 45.849 86.2462 0.196965
7.6 3.7961 45.8438 86.1961 0.202245
7.7 3.84605 45.8384 86.146 0.207594
7.8 3.896 45.833 86.096 0.213012
7.9 3.94595 45.8275 86.0459 0.218501
8 3.9959 45.8219 85.9959 0.224058
8.1 4.04585 45.8163 85.9458 0.229685
8.2 4.0958 45.8106 85.8958 0.235382
8.3 4.14575 45.8049 85.8457 0.241148
8.4 4.1957 45.799 85.7957 0.246983
8.5 4.24564 45.7931 85.7456 0.252888
8.6 4.29559 45.7871 85.6956 0.258862
8.7 4.34554 45.7811 85.6455 0.264905
8.8 4.39549 45.775 85.5955 0.271018
8.9 4.44544 45.7688 85.5454 0.2772
9 4.49539 45.7625 85.4954 0.283451
9.1 4.54534 45.7562 85.4453 0.289772
9.2 4.59529 45.7498 85.3953 0.296162
9.3 4.64524 45.7434 85.3452 0.302621
9.4 4.69519 45.7369 85.2952 0.309149
9.5 4.74514 45.7303 85.2451 0.315747
9.6 4.79509 45.7236 85.1951 0.322413
9.7 4.84504 45.7169 85.145 0.329149
9.8 4.89498 45.71 85.095 0.335954
9.9 4.94493 45.7032 85.0449 0.342828
10 4.99488 45.6962 84.9949 0.349771
10.1 5.04483 45.6892 84.9448 0.356783
10.2 5.09478 45.6821 84.8948 0.363865
10.3 5.14473 45.675 84.8447 0.371015
10.4 5.19468 45.6678 84.7947 0.378234
10.5 5.24463 45.6605 84.7446 0.385522
10.6 5.29458 45.6531 84.6946 0.392879
10.7 5.34453 45.6457 84.6445 0.400306
10.8 5.39448 45.6382 84.5945 0.407801
10.9 5.44443 45.6306 84.5444 0.415365
11 5.49438 45.623 84.4944 0.422997
11.1 5.54433 45.6153 84.4443 0.430699
11.2 5.59428 45.6075 84.3943 0.438469
11.3 5.64423 45.5997 84.3442 0.446309
11.4 5.69418 45.5918 84.2942 0.454217
11.5 5.74413 45.5838 84.2441 0.462194
11.6 5.79408 45.5758 84.1941 0.470239
11.7 5.84402 45.5676 84.144 0.478353
11.8 5.89397 45.5595 84.094 0.486536
11.9 5.94392 45.5512 84.0439 0.494788
12 5.99387 45.5429 83.9939 0.503108
12.1 6.04382 45.5345 83.9438 0.511497
12.2 6.09377 45.526 83.8938 0.519954
12.3 6.14372 45.5175 83.8437 0.52848
12.4 6.19367 45.5089 83.7937 0.537074
12.5 6.24362 45.5003 83.7436 0.545737
12.6 6.29357 45.4915 83.6936 0.554468
12.7 6.34352 45.4827 83.6435 0.563268
12.8 6.39347 45.4739 83.5935 0.572136
12.9 6.44342 45.4649 83.5434 0.581073
13 6.49337 45.4559 83.4934 0.590078
13.1 6.54332 45.4468 83.4433 0.599151
13.2 6.59327 45.4377 83.3933 0.608293
13.3 6.64322 45.4285 83.3432 0.617503
13.4 6.69317 45.4192 83.2932 0.626781
13.5 6.74312 45.4099 83.2431 0.636127
13.6 6.79307 45.4005 83.1931 0.645542
13.7 6.84302 45.391 83.143 0.655025
13.8 6.89297 45.3814 83.093 0.664575
13.9 6.94292 45.3718 83.0429 0.674194
14 6.99287 45.3621 82.9929 0.683881
14.1 7.04282 45.3524 82.9428 0.693637
14.2 7.09277 45.3425 82.8928 0.70346
14.3 7.14272 45.3326 82.8427 0.713351
14.4 7.19267 45.3227 82.7927 0.72331
14.5 7.24262 45.3127 82.7426 0.733337
14.6 7.29257 45.3026 82.6926 0.743432
14.7 7.34252 45.2924 82.6425 0.753595
14.8 7.39247 45.2822 82.5925 0.763825
14.9 7.44242 45.2719 82.5424 0.774124
15 7.49237 45.2615 82.4924 0.78449
15.1 7.54232 45.2511 82.4423 0.794924
15.2 7.59227 45.2406 82.3923 0.805425
15.3 7.64222 45.23 82.3422 0.815995
15.4 7.69218 45.2194 82.2922 0.826632
15.5 7.74213 45.2087 82.2421 0.837336
15.6 7.79208 45.1979 82.1921 0.848108
15.7 7.84203 45.1871 82.142 0.858948
15.8 7.89198 45.1761 82.092 0.869855
15.9 7.94193 45.1652 82.0419 0.88083
16 7.99188 45.1541 81.9919 0.891872
16.1 8.04183 45.143 81.9418 0.902982
16.2 8.09178 45.1318 81.8918 0.914158
16.3 8.14173 45.1206 81.8417 0.925403
16.4 8.19168 45.1093 81.7917 0.936714
16.5 8.24163 45.0979 81.7416 0.948093
16.6 8.29158 45.0865 81.6916 0.959539
16.7 8.34153 45.0749 81.6415 0.971053
16.8 8.39148 45.0634 81.5915 0.982633
16.9 8.44143 45.0517 81.5414 0.994281
17 8.49138 45.04 81.4914 1.006
17.1 8.54134 45.0282 81.4413 1.01778
17.2 8.59129 45.0164 81.3913 1.02963
17.3 8.64124 45.0045 81.3412 1.04154
17.4 8.69119 44.9925 81.2912 1.05352
17.5 8.74114 44.9804 81.2411 1.06557
17.6 8.79109 44.9683 81.1911 1.07769
17.7 8.84104 44.9561 81.141 1.08987
17.8 8.89099 44.9439 81.091 1.10212
17.9 8.94094 44.9316 81.0409 1.11444
18 8.99089 44.9192 80.9909 1.12683
18.1 9.04085 44.9067 80.9408 1.13928
18.2 9.0908 44.8942 80.8908 1.15179
18.3 9.14075 44.8816 80.8407 1.16438
18.4 9.1907 44.869 80.7907 1.17703
18.5 9.24065 44.8563 80.7406 1.18974
18.6 9.2906 44.8435 80.6906 1.20253
18.7 9.34055 44.8306 80.6405 1.21538
18.8 9.3905 44.8177 80.5905 1.22829
18.9 9.44046 44.8047 80.5404 1.24128
19 9.49041 44.7917 80.4904 1.25433
19.1 9.54036 44.7786 80.4403 1.26744
19.2 9.59031 44.7654 80.3903 1.28062
19.3 9.64026 44.7521 80.3403 1.29387
19.4 9.69021 44.7388 80.2902 1.30718
19.5 9.74016 44.7254 80.2402 1.32056
19.6 9.79012 44.712 80.1901 1.33401
19.7 9.84007 44.6985 80.1401 1.34752
19.8 9.89002 44.6849 80.09 1.3611
19.9 9.93997 44.6713 80.04 1.37475
20 9.98992 44.6575 79.9899 1.38846
20.1 10.0399 44.6438 79.9399 1.40223
20.2 10.0898 44.6299 79.8898 1.41608
20.3 10.1398 44.616 79.8398 1.42998
20.4 10.1897 44.602 79.7897 1.44396
20.5 10.2397 44.588 79.7397 1.458
20.6 10.2896 44.5739 79.6896 1.4721
20.7 10.3396 44.5597 79.6396 1.48627
20.8 10.3895 44.5455 79.5895 1.50051
20.9 10.4395 44.5312 79.5395 1.51481
21 10.4894 44.5168 79.4894 1.52918
21.1 10.5394 44.5024 79.4394 1.54361
21.2 10.5893 44.4879 79.3893 1.55811
21.3 10.6393 44.4733 79.3393 1.57267
21.4 10.6892 44.4587 79.2892 1.5873
21.5 10.7392 44.444 79.2392 1.602
21.6 10.7892 44.4292 79.1891 1.61676
21.7 10.8391 44.4144 79.1391 1.63158
21.8 10.8891 44.3995 79.089 1.64647
21.9 10.939 44.3846 79.039 1.66143
22 10.989 44.3696 78.989 1.67645
22.1 11.0389 44.3545 78.9389 1.69153
22.2 11.0889 44.3393 78.8889 1.70668
22.3 11.1388 44.3241 78.8388 1.7219
22.4 11.1888 44.3088 78.7888 1.73718
22.5 11.2387 44.2935 78.7387 1.75252
22.6 11.2887 44.2781 78.6887 1.76793
22.7 11.3386 44.2626 78.6386 1.78341
22.8 11.3886 44.2471 78.5886 1.79894
22.9 11.4385 44.2315 78.5385 1.81455
23 11.4885 44.2158 78.4885 1.83022
23.1 11.5384 44.2001 78.4384 1.84595
23.2 11.5884 44.1843 78.3884 1.86175
23.3 11.6383 44.1684 78.3383 1.87761
23.4 11.6883 44.1525 78.2883 1.89354
23.5 11.7383 44.1365 78.2382 1.90953
23.6 11.7882 44.1204 78.1882 1.92558
23.7 11.8382 44.1043 78.1381 1.9417
23.8 11.8881 44.0881 78.0881 1.95788
23.9 11.9381 44.0719 78.0381 1.97413
24 11.988 44.0556 77.988 1.99044
24.1 12.038 44.0392 77.938 2.00682
24.2 12.0879 44.0227 77.8879 2.02326
24.3 12.1379 44.0062 77.8379 2.03976
24.4 12.1878 43.9897 77.7878 2.05633
24.5 12.2378 43.973 77.7378 2.07296
24.6 12.2877 43.9563 77.6877 2.08966
24.7 12.3377 43.9396 77.6377 2.10642
24.8 12.3876 43.9228 77.5876 2.12324
24.9 12.4376 43.9059 77.5376 2.14013
25 12.4875 43.8889 77.4875 2.15708
25.1 12.5375 43.8719 77.4375 2.17409
25.2 12.5875 43.8548 77.3874 2.19117
25.3 12.6374 43.8377 77.3374 2.20831
25.4 12.6874 43.8205 77.2873 2.22551
25.5 12.7373 43.8032 77.2373 2.24278
25.6 12.7873 43.7859 77.1873 2.26011
25.7 12.8372 43.7685 77.1372 2.2775
25.8 12.8872 43.751 77.0872 2.29496
25.9 12.9371 43.7335 77.0371 2.31248
26 12.9871 43.7159 76.9871 2.33006
26.1 13.037 43.6983 76.937 2.34771
26.2 13.087 43.6806 76.887 2.36542
26.3 13.1369 43.6628 76.8369 2.38319
26.4 13.1869 43.645 76.7869 2.40103
26.5 13.2369 43.6271 76.7368 2.41893
26.6 13.2868 43.6091 76.6868 2.43689
26.7 13.3368 43.5911 76.6367 2.45491
26.8 13.3867 43.573 76.5867 2.473
26.9 13.4367 43.5549 76.5367 2.49115
27 13.4866 43.5366 76.4866 2.50936
27.1 13.5366 43.5184 76.4366 2.52763
27.2 13.5865 43.5 76.3865 2.54597
27.3 13.6365 43.4816 76.3365 2.56437
27.4 13.6864 43.4632 76.2864 2.58283
27.5 13.7364 43.4447 76.2364 2.60135
27.6 13.7863 43.4261 76.1863 2.61993
27.7 13.8363 43.4074 76.1363 2.63858
27.8 13.8863 43.3887 76.0862 2.65729
27.9 13.9362 43.3699 76.0362 2.67606
28 13.9862 43.3511 75.9862 2.6949
28.1 14.0361 43.3322 75.9361 2.71379
28.2 14.0861 43.3132 75.8861 2.73275
28.3 14.136 43.2942 75.836 2.75177
28.4 14.186 43.2751 75.786 2.77085
28.5 14.2359 43.256 75.7359 2.78999
28.6 14.2859 43.2368 75.6859 2.8092
28.7 14.3358 43.2175 75.6358 2.82846
28.8 14.3858 43.1982 75.5858 2.84779
28.9 14.4358 43.1788 75.5357 2.86718
29 14.4857 43.1594 75.4857 2.88663
29.1 14.5357 43.1399 75.4357 2.90614
29.2 14.5856 43.1203 75.3856 2.92572
29.3 14.6356 43.1007 75.3356 2.94535
29.4 14.6855 43.081 75.2855 2.96504
29.5 14.7355 43.0612 75.2355 2.9848
29.6 14.7854 43.0414 75.1854 3.00462
29.7 14.8354 43.0215 75.1354 3.0245
29.8 14.8854 43.0016 75.0853 3.04444
29.9 14.9353 42.9816 75.0353 3.06444
30 14.9853 42.9615 74.9853 3.0845
30.1 15.0352 42.9414 74.9352 3.10462
30.2 15.0852 42.9212 74.8852 3.1248
30.3 15.1351 42.901 74.8351 3.14504
30.4 15.1851 42.8807 74.7851 3.16535
30.5 15.235 42.8603 74.735 3.18571
30.6 15.285 42.8399 74.685 3.20614
30.7 15.335 42.8194 74.6349 3.22662
30.8 15.3849 42.7988 74.5849 3.24717
30.9 15.4349 42.7782 74.5349 3.26777
31 15.4848 42.7576 74.4848 3.28844
31.1 15.5348 42.7368 74.4348 3.30916
31.2 15.5847 42.7161 74.3847 3.32995
31.3 15.6347 42.6952 74.3347 3.35079
31.4 15.6846 42.6743 74.2846 3.3717
31.5 15.7346 42.6533 74.2346 3.39267
31.6 15.7846 42.6323 74.1845 3.41369
31.7 15.8345 42.6112 74.1345 3.43478
31.8 15.8845 42.5901 74.0845 3.45592
31.9 15.9344 42.5689 74.0344 3.47712
32 15.9844 42.5476 73.9844 3.49839
32.1 16.0343 42.5263 73.9343 3.51971
32.2 16.0843 42.5049 73.8843 3.54109
32.3 16.1343 42.4835 73.8342 3.56254
32.4 16.1842 42.462 73.7842 3.58404
32.5 16.2342 42.4404 73.7342 3.6056
32.6 16.2841 42.4188 73.6841 3.62722
32.7 16.3341 42.3971 73.6341 3.6489
32.8 16.384 42.3754 73.584 3.67064
32.9 16.434 42.3536 73.534 3.69243
33 16.484 42.3317 73.4839 3.71429
33.1 16.5339 42.3098 73.4339 3.7362
33.2 16.5839 42.2878 73.3839 3.75818
33.3 16.6338 42.2658 73.3338 3.78021
33.4 16.6838 42.2437 73.2838 3.8023
33.5 16.7337 42.2216 73.2337 3.82445
33.6 16.7837 42.1993 73.1837 3.84665
33.7 16.8336 42.1771 73.1336 3.86892
33.8 16.8836 42.1548 73.0836 3.89124
33.9 16.9336 42.1324 73.0336 3.91363
34 16.9835 42.1099 72.9835 3.93607
34.1 17.0335 42.0874 72.9335 3.95857
34.2 17.0834 42.0649 72.8834 3.98112
34.3 17.1334 42.0423 72.8334 4.00374
34.4 17.1834 42.0196 72.7833 4.02641
34.5 17.2333 41.9969 72.7333 4.04914
34.6 17.2833 41.9741 72.6833 4.07193
34.7 17.3332 41.9512 72.6332 4.09478
34.8 17.3832 41.9283 72.5832 4.11768
34.9 17.4331 41.9054 72.5331 4.14064
35 17.4831 41.8823 72.4831 4.16366
35.1 17.5331 41.8593 72.433 4.18674
35.2 17.583 41.8361 72.383 4.20987
35.3 17.633 41.8129 72.333 4.23306
35.4 17.6829 41.7897 72.2829 4.25631
35.5 17.7329 41.7664 72.2329 4.27962
35.6 17.7828 41.743 72.1828 4.30298
35.7 17.8328 41.7196 72.1328 4.3264
35.8 17.8828 41.6961 72.0827 4.34988
35.9 17.9327 41.6726 72.0327 4.37341
36 17.9827 41.649 71.9827 4.397
36.1 18.0326 41.6254 71.9326 4.42065
36.2 18.0826 41.6016 71.8826 4.44435
36.3 18.1326 41.5779 71.8325 4.46811
36.4 18.1825 41.5541 71.7825 4.49193
36.5 18.2325 41.5302 71.7325 4.5158
36.6 18.2824 41.5063 71.6824 4.53973
36.7 18.3324 41.4823 71.6324 4.56372
36.8 18.3823 41.4582 71.5823 4.58776
36.9 18.4323 41.4341 71.5323 4.61186
37 18.4823 41.41 71.4823 4.63601
37.1 18.5322 41.3858 71.4322 4.66023
37.2 18.5822 41.3615 71.3822 4.68449
37.3 18.6321 41.3372 71.3321 4.70881
37.4 18.6821 41.3128 71.2821 4.73319
37.5 18.7321 41.2884 71.232 4.75763
37.6 18.782 41.2639 71.182 4.78212
37.7 18.832 41.2393 71.132 4.80666
37.8 18.8819 41.2147 71.0819 4.83126
37.9 18.9319 41.1901 71.0319 4.85592
38 18.9819 41.1654 70.9818 4.88063
38.1 19.0318 41.1406 70.9318 4.90539
38.2 19.0818 41.1158 70.8818 4.93022
38.3 19.1317 41.0909 70.8317 4.95509
38.4 19.1817 41.066 70.7817 4.98003
38.5 19.2317 41.041 70.7316 5.00501
38.6 19.2816 41.0159 70.6816 5.03005
38.7 19.3316 40.9908 70.6316 5.05515
38.8 19.3815 40.9657 70.5815 5.0803
38.9 19.4315 40.9405 70.5315 5.10551
39 19.4815 40.9152 70.4814 5.13077
39.1 19.5314 40.8899 70.4314 5.15608
39.2 19.5814 40.8645 70.3814 5.18145
39.3 19.6313 40.8391 70.3313 5.20688
39.4 19.6813 40.8136 70.2813 5.23235
39.5 19.7313 40.7881 70.2312 5.25789
39.6 19.7812 40.7625 70.1812 5.28347
39.7 19.8312 40.7369 70.1312 5.30911
39.8 19.8811 40.7112 70.0811 5.33481
39.9 19.9311 40.6854 70.0311 5.36056
40 19.9811 40.6596 69.981 5.38636
40.1 20.031 40.6338 69.931 5.41221
40.2 20.081 40.6079 69.881 5.43812
40.3 20.1309 40.5819 69.8309 5.46409
40.4 20.1809 40.5559 69.7809 5.4901
40.5 20.2309 40.5298 69.7308 5.51617
40.6 20.2808 40.5037 69.6808 5.5423
40.7 20.3308 40.4775 69.6308 5.56847
40.8 20.3807 40.4513 69.5807 5.5947
40.9 20.4307 40.425 69.5307 5.62099
41 20.4807 40.3987 69.4807 5.64732
41.1 20.5306 40.3723 69.4306 5.67371
41.2 20.5806 40.3458 69.3806 5.70015
41.3 20.6306 40.3194 69.3305 5.72665
41.4 20.6805 40.2928 69.2805 5.75319
41.5 20.7305 40.2662 69.2305 5.77979
41.6 20.7804 40.2396 69.1804 5.80644
41.7 20.8304 40.2129 69.1304 5.83315
41.8 20.8804 40.1861 69.0803 5.85991
41.9 20.9303 40.1593 69.0303 5.88672
42 20.9803 40.1324 68.9803 5.91358
42.1 21.0302 40.1055 68.9302 5.94049
42.2 21.0802 40.0785 68.8802 5.96746
42.3 21.1302 40.0515 68.8302 5.99447
42.4 21.1801 40.0245 68.7801 6.02154
42.5 21.2301 39.9973 68.7301 6.04866
42.6 21.2801 39.9702 68.68 6.07584
42.7 21.33 39.9429 68.63 6.10306
42.8 21.38 39.9157 68.58 6.13034
42.9 21.4299 39.8883 68.5299 6.15766
43 21.4799 39.861 68.4799 6.18504
43.1 21.5299 39.8335 68.4298 6.21247
43.2 21.5798 39.806 68.3798 6.23996
43.3 21.6298 39.7785 68.3298 6.26749
43.4 21.6798 39.7509 68.2797 6.29507
43.5 21.7297 39.7233 68.2297 6.32271
43.6 21.7797 39.6956 68.1797 6.35039
43.7 21.8296 39.6679 68.1296 6.37813
43.8 21.8796 39.6401 68.0796 6.40591
43.9 21.9296 39.6122 68.0296 6.43375
44 21.9795 39.5844 67.9795 6.46164
44.1 22.0295 39.5564 67.9295 6.48958
44.2 22.0795 39.5284 67.8794 6.51757
44.3 22.1294 39.5004 67.8294 6.54561
44.4 22.1794 39.4723 67.7794 6.5737
44.5 22.2293 39.4442 67.7293 6.60183
44.6 22.2793 39.416 67.6793 6.63002
44.7 22.3293 39.3877 67.6293 6.65826
44.8 22.3792 39.3594 67.5792 6.68655
44.9 22.4292 39.3311 67.5292 6.71489
45 22.4792 39.3027 67.4791 6.74328
45.1 22.5291 39.2743 67.4291 6.77172
45.2 22.5791 39.2458 67.3791 6.80021
45.3 22.6291 39.2173 67.329 6.82874
45.4 22.679 39.1887 67.279 6.85733
45.5 22.729 39.16 67.229 6.88597
45.6 22.7789 39.1313 67.1789 6.91465
45.7 22.8289 39.1026 67.1289 6.94338
45.8 22.8789 39.0738 67.0789 6.97217
45.9 22.9288 39.045 67.0288 7.001
46 22.9788 39.0161 66.9788 7.02988
46.1 23.0288 38.9872 66.9288 7.05881
46.2 23.0787 38.9582 66.8787 7.08779
46.3 23.1287 38.9292 66.8287 7.11681
46.4 23.1787 38.9001 66.7786 7.14589
46.5 23.2286 38.871 66.7286 7.17501
46.6 23.2786 38.8418 66.6786 7.20418
46.7 23.3286 38.8126 66.6285 7.2334
46.8 23.3785 38.7833 66.5785 7.26267
46.9 23.4285 38.754 66.5285 7.29199
47 23.4784 38.7246 66.4784 7.32135
47.1 23.5284 38.6952 66.4284 7.35076
47.2 23.5784 38.6658 66.3784 7.38022
47.3 23.6283 38.6363 66.3283 7.40973
47.4 23.6783 38.6067 66.2783 7.43928
47.5 23.7283 38.5771 66.2283 7.46889
47.6 23.7782 38.5475 66.1782 7.49854
47.7 23.8282 38.5178 66.1282 7.52823
47.8 23.8782 38.488 66.0782 7.55798
47.9 23.9281 38.4582 66.0281 7.58777
48 23.9781 38.4284 65.9781 7.61761
48.1 24.0281 38.3985 65.928 7.64749
48.2 24.078 38.3686 65.878 7.67742
48.3 24.128 38.3386 65.828 7.7074
48.4 24.178 38.3086 65.7779 7.73743
48.5 24.2279 38.2785 65.7279 7.7675
48.6 24.2779 38.2484 65.6779 7.79762
48.7 24.3279 38.2182 65.6278 7.82778
48.8 24.3778 38.188 65.5778 7.85799
48.9 24.4278 38.1578 65.5278 7.88825
49 24.4778 38.1274 65.4777 7.91855
49.1 24.5277 38.0971 65.4277 7.9489
49.2 24.5777 38.0667 65.3777 7.9793
49.3 24.6277 38.0363 65.3276 8.00974
49.4 24.6776 38.0058 65.2776 8.04023
49.5 24.7276 37.9752 65.2276 8.07076
49.6 24.7776 37.9447 65.1775 8.10134
49.7 24.8275 37.914 65.1275 8.13196
49.8 24.8775 37.8834 65.0775 8.16263
49.9 24.9275 37.8527 65.0274 8.19334
50 24.9774 37.8219 64.9774 8.2241
50.1 25.0274 37.7911 64.9274 8.25491
50.2 25.0774 37.7602 64.8773 8.28575
50.3 25.1273 37.7294 64.8273 8.31665
50.4 25.1773 37.6984 64.7773 8.34759
50.5 25.2273 37.6674 64.7272 8.37857
50.6 25.2772 37.6364 64.6772 8.4096
50.7 25.3272 37.6053 64.6272 8.44067
50.8 25.3772 37.5742 64.5771 8.47179
50.9 25.4271 37.543 64.5271 8.50295
51 25.4771 37.5118 64.4771 8.53416
51.1 25.5271 37.4806 64.427 8.56541
51.2 25.577 37.4493 64.377 8.5967
51.3 25.627 37.418 64.327 8.62804
51.4 25.677 37.3866 64.277 8.65942
51.5 25.7269 37.3552 64.2269 8.69085
51.6 25.7769 37.3237 64.1769 8.72231
51.7 25.8269 37.2922 64.1269 8.75383
51.8 25.8768 37.2606 64.0768 8.78538
51.9 25.9268 37.229 64.0268 8.81698
52 25.9768 37.1974 63.9768 8.84863
52.1 26.0267 37.1657 63.9267 8.88031
52.2 26.0767 37.134 63.8767 8.91204
52.3 26.1267 37.1022 63.8267 8.94381
52.4 26.1767 37.0704 63.7766 8.97563
52.5 26.2266 37.0385 63.7266 9.00749
52.6 26.2766 37.0066 63.6766 9.03939
52.7 26.3266 36.9747 63.6265 9.07133
52.8 26.3765 36.9427 63.5765 9.10331
52.9 26.4265 36.9107 63.5265 9.13534
53 26.4765 36.8786 63.4764 9.16741
53.1 26.5264 36.8465 63.4264 9.19953
53.2 26.5764 36.8143 63.3764 9.23168
53.3 26.6264 36.7821 63.3264 9.26388
53.4 26.6763 36.7499 63.2763 9.29611
53.5 26.7263 36.7176 63.2263 9.32839
53.6 26.7763 36.6853 63.1763 9.36072
53.7 26.8262 36.6529 63.1262 9.39308
53.8 26.8762 36.6205 63.0762 9.42549
53.9 26.9262 36.5881 63.0262 9.45793
54 26.9762 36.5556 62.9761 9.49042
54.1 27.0261 36.5231 62.9261 9.52295
54.2 27.0761 36.4905 62.8761 9.55552
54.3 27.1261 36.4579 62.8261 9.58813
54.4 27.176 36.4252 62.776 9.62078
54.5 27.226 36.3925 62.726 9.65348
54.6 27.276 36.3598 62.676 9.68621
54.7 27.3259 36.327 62.6259 9.71898
54.8 27.3759 36.2942 62.5759 9.7518
54.9 27.4259 36.2613 62.5259 9.78465
55 27.4759 36.2285 62.4758 9.81755
55.1 27.5258 36.1955 62.4258 9.85049
55.2 27.5758 36.1625 62.3758 9.88346
55.3 27.6258 36.1295 62.3258 9.91648
55.4 27.6757 36.0965 62.2757 9.94953
55.5 27.7257 36.0634 62.2257 9.98263
55.6 27.7757 36.0302 62.1757 10.0158
55.7 27.8257 35.9971 62.1256 10.0489
55.8 27.8756 35.9638 62.0756 10.0822
55.9 27.9256 35.9306 62.0256 10.1154
56 27.9756 35.8973 61.9756 10.1487
56.1 28.0255 35.864 61.9255 10.182
56.2 28.0755 35.8306 61.8755 10.2154
56.3 28.1255 35.7972 61.8255 10.2488
56.4 28.1755 35.7637 61.7754 10.2823
56.5 28.2254 35.7302 61.7254 10.3158
56.6 28.2754 35.6967 61.6754 10.3493
56.7 28.3254 35.6632 61.6254 10.3828
56.8 28.3753 35.6295 61.5753 10.4165
56.9 28.4253 35.5959 61.5253 10.4501
57 28.4753 35.5622 61.4753 10.4838
57.1 28.5253 35.5285 61.4252 10.5175
57.2 28.5752 35.4947 61.3752 10.5513
57.3 28.6252 35.461 61.3252 10.585
57.4 28.6752 35.4271 61.2752 10.6189
57.5 28.7251 35.3932 61.2251 10.6528
57.6 28.7751 35.3593 61.1751 10.6867
57.7 28.8251 35.3254 61.1251 10.7206
57.8 28.8751 35.2914 61.075 10.7546
57.9 28.925 35.2574 61.025 10.7886
58 28.975 35.2233 60.975 10.8227
58.1 29.025 35.1892 60.925 10.8568
58.2 29.075 35.1551 60.8749 10.8909
58.3 29.1249 35.1209 60.8249 10.9251
58.4 29.1749 35.0867 60.7749 10.9593
58.5 29.2249 35.0525 60.7249 10.9935
58.6 29.2748 35.0182 60.6748 11.0278
58.7 29.3248 34.9839 60.6248 11.0621
58.8 29.3748 34.9495 60.5748 11.0965
58.9 29.4248 34.9151 60.5248 11.1309
59 29.4747 34.8807 60.4747 11.1653
59.1 29.5247 34.8463 60.4247 11.1997
59.2 29.5747 34.8118 60.3747 11.2342
59.3 29.6247 34.7772 60.3246 11.2688
59.4 29.6746 34.7427 60.2746 11.3033
59.5 29.7246 34.7081 60.2246 11.3379
59.6 29.7746 34.6734 60.1746 11.3726
59.7 29.8246 34.6387 60.1245 11.4073
59.8 29.8745 34.604 60.0745 11.442
59.9 29.9245 34.5693 60.0245 11.4767
60 29.9745 34.5345 59.9745 11.5115
60.1 30.0244 34.4997 59.9244 11.5463
60.2 30.0744 34.4648 59.8744 11.5812
60.3 30.1244 34.4299 59.8244 11.6161
60.4 30.1744 34.395 59.7744 11.651
60.5 30.2243 34.3601 59.7243 11.6859
60.6 30.2743 34.3251 59.6743 11.7209
60.7 30.3243 34.2901 59.6243 11.7559
60.8 30.3743 34.255 59.5743 11.791
60.9 30.4242 34.2199 59.5242 11.8261
61 30.4742 34.1848 59.4742 11.8612
61.1 30.5242 34.1496 59.4242 11.8964
61.2 30.5742 34.1144 59.3742 11.9316
61.3 30.6241 34.0792 59.3241 11.9668
61.4 30.6741 34.0439 59.2741 12.0021
61.5 30.7241 34.0086 59.2241 12.0374
61.6 30.7741 33.9733 59.1741 12.0727
61.7 30.824 33.9379 59.124 12.1081
61.8 30.874 33.9025 59.074 12.1435
61.9 30.924 33.8671 59.024 12.1789
62 30.974 33.8316 58.974 12.2144
62.1 31.024 33.7961 58.9239 12.2499
62.2 31.0739 33.7606 58.8739 12.2854
62.3 31.1239 33.7251 58.8239 12.3209
62.4 31.1739 33.6895 58.7739 12.3565
62.5 31.2239 33.6538 58.7238 12.3922
62.6 31.2738 33.6182 58.6738 12.4278
62.7 31.3238 33.5825 58.6238 12.4635
62.8 31.3738 33.5468 58.5738 12.4992
62.9 31.4238 33.511 58.5237 12.535
63 31.4737 33.4752 58.4737 12.5708
63.1 31.5237 33.4394 58.4237 12.6066
63.2 31.5737 33.4036 58.3737 12.6424
63.3 31.6237 33.3677 58.3237 12.6783
63.4 31.6736 33.3318 58.2736 12.7142
63.5 31.7236 33.2958 58.2236 12.7502
63.6 31.7736 33.2598 58.1736 12.7862
63.7 31.8236 33.2238 58.1236 12.8222
63.8 31.8736 33.1878 58.0735 12.8582
63.9 31.9235 33.1517 58.0235 12.8943
64 31.9735 33.1156 57.9735 12.9304
64.1 32.0235 33.0795 57.9235 12.9665
64.2 32.0735 33.0433 57.8735 13.0027
64.3 32.1234 33.0071 57.8234 13.0389
64.4 32.1734 32.9709 57.7734 13.0751
64.5 32.2234 32.9347 57.7234 13.1113
64.6 32.2734 32.8984 57.6734 13.1476
64.7 32.3234 32.8621 57.6233 13.1839
64.8 32.3733 32.8257 57.5733 13.2203
64.9 32.4233 32.7893 57.5233 13.2567
65 32.4733 32.7529 57.4733 13.2931
65.1 32.5233 32.7165 57.4233 13.3295
65.2 32.5732 32.68 57.3732 13.366
65.3 32.6232 32.6436 57.3232 13.4024
65.4 32.6732 32.607 57.2732 13.439
65.5 32.7232 32.5705 57.2232 13.4755
65.6 32.7732 32.5339 57.1731 13.5121
65.7 32.8231 32.4973 57.1231 13.5487
65.8 32.8731 32.4607 57.0731 13.5853
65.9 32.9231 32.424 57.0231 13.622
66 32.9731 32.3873 56.9731 13.6587
66.1 33.0231 32.3506 56.923 13.6954
66.2 33.073 32.3138 56.873 13.7322
66.3 33.123 32.277 56.823 13.769
66.4 33.173 32.2402 56.773 13.8058
66.5 33.223 32.2034 56.723 13.8426
66.6 33.2729 32.1665 56.6729 13.8795
66.7 33.3229 32.1296 56.6229 13.9164
66.8 33.3729 32.0927 56.5729 13.9533
66.9 33.4229 32.0558 56.5229 13.9902
67 33.4729 32.0188 56.4729 14.0272
67.1 33.5228 31.9818 56.4228 14.0642
67.2 33.5728 31.9448 56.3728 14.1012
67.3 33.6228 31.9077 56.3228 14.1383
67.4 33.6728 31.8706 56.2728 14.1754
67.5 33.7228 31.8335 56.2228 14.2125
67.6 33.7727 31.7964 56.1727 14.2496
67.7 33.8227 31.7592 56.1227 14.2868
67.8 33.8727 31.722 56.0727 14.324
67.9 33.9227 31.6848 56.0227 14.3612
68 33.9727 31.6476 55.9727 14.3984
68.1 34.0227 31.6103 55.9226 14.4357
68.2 34.0726 31.573 55.8726 14.473
68.3 34.1226 31.5357 55.8226 14.5103
68.4 34.1726 31.4983 55.7726 14.5477
68.5 34.2226 31.461 55.7226 14.585
68.6 34.2726 31.4236 55.6725 14.6224
68.7 34.3225 31.3861 55.6225 14.6599
68.8 34.3725 31.3487 55.5725 14.6973
68.9 34.4225 31.3112 55.5225 14.7348
69 34.4725 31.2737 55.4725 14.7723
69.1 34.5225 31.2362 55.4225 14.8098
69.2 34.5724 31.1986 55.3724 14.8474
69.3 34.6224 31.1611 55.3224 14.8849
69.4 34.6724 31.1235 55.2724 14.9225
69.5 34.7224 31.0858 55.2224 14.9602
69.6 34.7724 31.0482 55.1724 14.9978
69.7 34.8224 31.0105 55.1223 15.0355
69.8 34.8723 30.9728 55.0723 15.0732
69.9 34.9223 30.9351 55.0223 15.1109
70 34.9723 30.8973 54.9723 15.1487
70.1 35.0223 30.8596 54.9223 15.1864
70.2 35.0723 30.8218 54.8723 15.2242
70.3 35.1222 30.7839 54.8222 15.2621
70.4 35.1722 30.7461 54.7722 15.2999
70.5 35.2222 30.7082 54.7222 15.3378
70.6 35.2722 30.6703 54.6722 15.3757
70.7 35.3222 30.6324 54.6222 15.4136
70.8 35.3722 30.5945 54.5722 15.4515
70.9 35.4221 30.5565 54.5221 15.4895
71 35.4721 30.5186 54.4721 15.5274
71.1 35.5221 30.4806 54.4221 15.5654
71.2 35.5721 30.4425 54.3721 15.6035
71.3 35.6221 30.4045 54.3221 15.6415
71.4 35.6721 30.3664 54.2721 15.6796
71.5 35.722 30.3283 54.222 15.7177
71.6 35.772 30.2902 54.172 15.7558
71.7 35.822 30.252 54.122 15.794
71.8 35.872 30.2139 54.072 15.8321
71.9 35.922 30.1757 54.022 15.8703
72 35.972 30.1375 53.972 15.9085
72.1 36.022 30.0993 53.9219 15.9467
72.2 36.0719 30.061 53.8719 15.985
72.3 36.1219 30.0228 53.8219 16.0232
72.4 36.1719 29.9845 53.7719 16.0615
72.5 36.2219 29.9461 53.7219 16.0999
72.6 36.2719 29.9078 53.6719 16.1382
72.7 36.3219 29.8695 53.6218 16.1765
72.8 36.3718 29.8311 53.5718 16.2149
72.9 36.4218 29.7927 53.5218 16.2533
73 36.4718 29.7543 53.4718 16.2917
73.1 36.5218 29.7158 53.4218 16.3302
73.2 36.5718 29.6774 53.3718 16.3686
73.3 36.6218 29.6389 53.3218 16.4071
73.4 36.6718 29.6004 53.2717 16.4456
73.5 36.7217 29.5619 53.2217 16.4841
73.6 36.7717 29.5233 53.1717 16.5227
73.7 36.8217 29.4848 53.1217 16.5612
73.8 36.8717 29.4462 53.0717 16.5998
73.9 36.9217 29.4076 53.0217 16.6384
74 36.9717 29.369 52.9717 16.677
74.1 37.0217 29.3304 52.9216 16.7156
74.2 37.0716 29.2917 52.8716 16.7543
74.3 37.1216 29.253 52.8216 16.793
74.4 37.1716 29.2143 52.7716 16.8317
74.5 37.2216 29.1756 52.7216 16.8704
74.6 37.2716 29.1369 52.6716 16.9091
74.7 37.3216 29.0981 52.6216 16.9479
74.8 37.3716 29.0594 52.5715 16.9866
74.9 37.4215 29.0206 52.5215 17.0254
75 37.4715 28.9818 52.4715 17.0642
75.1 37.5215 28.943 52.4215 17.103
75.2 37.5715 28.9041 52.3715 17.1419
75.3 37.6215 28.8653 52.3215 17.1807
75.4 37.6715 28.8264 52.2715 17.2196
75.5 37.7215 28.7875 52.2215 17.2585
75.6 37.7714 28.7486 52.1714 17.2974
75.7 37.8214 28.7097 52.1214 17.3363
75.8 37.8714 28.6707 52.0714 17.3753
75.9 37.9214 28.6317 52.0214 17.4143
76 37.9714 28.5928 51.9714 17.4532
76.1 38.0214 28.5538 51.9214 17.4922
76.2 38.0714 28.5148 51.8714 17.5312
76.3 38.1214 28.4757 51.8214 17.5703
76.4 38.1713 28.4367 51.7713 17.6093
76.5 38.2213 28.3976 51.7213 17.6484
76.6 38.2713 28.3585 51.6713 17.6875
76.7 38.3213 28.3194 51.6213 17.7266
76.8 38.3713 28.2803 51.5713 17.7657
76.9 38.4213 28.2412 51.5213 17.8048
77 38.4713 28.202 51.4713 17.844
77.1 38.5213 28.1629 51.4213 17.8831
77.2 38.5713 28.1237 51.3712 17.9223
77.3 38.6212 28.0845 51.3212 17.9615
77.4 38.6712 28.0453 51.2712 18.0007
77.5 38.7212 28.0061 51.2212 18.0399
77.6 38.7712 27.9669 51.1712 18.0791
77.7 38.8212 27.9276 51.1212 18.1184
77.8 38.8712 27.8883 51.0712 18.1577
77.9 38.9212 27.849 51.0212 18.197
78 38.9712 27.8098 50.9712 18.2362
78.1 39.0212 27.7704 50.9211 18.2756
78.2 39.0711 27.7311 50.8711 18.3149
78.3 39.1211 27.6918 50.8211 18.3542
78.4 39.1711 27.6524 50.7711 18.3936
78.5 39.2211 27.613 50.7211 18.433
78.6 39.2711 27.5737 50.6711 18.4723
78.7 39.3211 27.5343 50.6211 18.5117
78.8 39.3711 27.4949 50.5711 18.5511
78.9 39.4211 27.4554 50.5211 18.5906
79 39.4711 27.416 50.4711 18.63
79.1 39.5211 27.3765 50.421 18.6695
79.2 39.571 27.3371 50.371 18.7089
79.3 39.621 27.2976 50.321 18.7484
79.4 39.671 27.2581 50.271 18.7879
79.5 39.721 27.2186 50.221 18.8274
79.6 39.771 27.1791 50.171 18.8669
79.7 39.821 27.1396 50.121 18.9064
79.8 39.871 27.1 50.071 18.946
79.9 39.921 27.0605 50.021 18.9855
80 39.971 27.0209 49.971 19.0251
80.1 40.021 26.9813 49.921 19.0647
80.2 40.071 26.9417 49.8709 19.1043
80.3 40.1209 26.9021 49.8209 19.1439
80.4 40.1709 26.8625 49.7709 19.1835
80.5 40.2209 26.8229 49.7209 19.2231
80.6 40.2709 26.7833 49.6709 19.2627
80.7 40.3209 26.7436 49.6209 19.3024
80.8 40.3709 26.7039 49.5709 19.3421
80.9 40.4209 26.6643 49.5209 19.3817
81 40.4709 26.6246 49.4709 19.4214
81.1 40.5209 26.5849 49.4209 19.4611
81.2 40.5709 26.5452 49.3709 19.5008
81.3 40.6209 26.5055 49.3209 19.5405
81.4 40.6709 26.4658 49.2708 19.5802
81.5 40.7208 26.426 49.2208 19.62
81.6 40.7708 26.3863 49.1708 19.6597
81.7 40.8208 26.3465 49.1208 19.6995
81.8 40.8708 26.3067 49.0708 19.7393
81.9 40.9208 26.267 49.0208 19.779
82 40.9708 26.2272 48.9708 19.8188
82.1 41.0208 26.1874 48.9208 19.8586
82.2 41.0708 26.1476 48.8708 19.8984
82.3 41.1208 26.1078 48.8208 19.9382
82.4 41.1708 26.0679 48.7708 19.9781
82.5 41.2208 26.0281 48.7208 20.0179
82.6 41.2708 25.9883 48.6708 20.0577
82.7 41.3208 25.9484 48.6208 20.0976
82.8 41.3708 25.9085 48.5708 20.1375
82.9 41.4207 25.8687 48.5207 20.1773
83 41.4707 25.8288 48.4707 20.2172
83.1 41.5207 25.7889 48.4207 20.2571
83.2 41.5707 25.749 48.3707 20.297
83.3 41.6207 25.7091 48.3207 20.3369
83.4 41.6707 25.6692 48.2707 20.3768
83.5 41.7207 25.6293 48.2207 20.4167
83.6 41.7707 25.5893 48.1707 20.4567
83.7 41.8207 25.5494 48.1207 20.4966
83.8 41.8707 25.5095 48.0707 20.5365
83.9 41.9207 25.4695 48.0207 20.5765
84 41.9707 25.4296 47.9707 20.6164
84.1 42.0207 25.3896 47.9207 20.6564
84.2 42.0707 25.3496 47.8707 20.6964
84.3 42.1207 25.3096 47.8207 20.7364
84.4 42.1707 25.2697 47.7707 20.7763
84.5 42.2207 25.2297 47.7207 20.8163
84.6 42.2707 25.1897 47.6706 20.8563
84.7 42.3206 25.1496 47.6206 20.8964
84.8 42.3706 25.1096 47.5706 20.9364
84.9 42.4206 25.0696 47.5206 20.9764
85 42.4706 25.0296 47.4706 21.0164
85.1 42.5206 24.9896 47.4206 21.0564
85.2 42.5706 24.9495 47.3706 21.0965
85.3 42.6206 24.9095 47.3206 21.1365
85.4 42.6706 24.8694 47.2706 21.1766
85.5 42.7206 24.8294 47.2206 21.2166
85.6 42.7706 24.7893 47.1706 21.2567
85.7 42.8206 24.7492 47.1206 21.2968
85.8 42.8706 24.7092 47.0706 21.3368
85.9 42.9206 24.6691 47.0206 21.3769
86 42.9706 24.629 46.9706 21.417
86.1 43.0206 24.5889 46.9206 21.4571
86.2 43.0706 24.5488 46.8706 21.4972
86.3 43.1206 24.5087 46.8206 21.5373
86.4 43.1706 24.4686 46.7706 21.5774
86.5 43.2206 24.4285 46.7206 21.6175
86.6 43.2706 24.3884 46.6706 21.6576
86.7 43.3206 24.3483 46.6206 21.6977
86.8 43.3706 24.3082 46.5706 21.7378
86.9 43.4206 24.2681 46.5206 21.7779
87 43.4706 24.2279 46.4706 21.8181
87.1 43.5206 24.1878 46.4206 21.8582
87.2 43.5706 24.1477 46.3706 21.8983
87.3 43.6206 24.1075 46.3206 21.9385
87.4 43.6706 24.0674 46.2705 21.9786
87.5 43.7205 24.0272 46.2205 22.0188
87.6 43.7705 23.9871 46.1705 22.0589
87.7 43.8205 23.947 46.1205 22.099
87.8 43.8705 23.9068 46.0705 22.1392
87.9 43.9205 23.8666 46.0205 22.1794
88 43.9705 23.8265 45.9705 22.2195
88.1 44.0205 23.7863 45.9205 22.2597
88.2 44.0705 23.7462 45.8705 22.2998
88.3 44.1205 23.706 45.8205 22.34
88.4 44.1705 23.6658 45.7705 22.3802
88.5 44.2205 23.6257 45.7205 22.4203
88.6 44.2705 23.5855 45.6705 22.4605
88.7 44.3205 23.5453 45.6205 22.5007
88.8 44.3705 23.5052 45.5705 22.5408
88.9 44.4205 23.465 45.5205 22.581
89 44.4705 23.4248 45.4705 22.6212
89.1 44.5205 23.3846 45.4205 22.6614
89.2 44.5705 23.3445 45.3705 22.7015
89.3 44.6205 23.3043 45.3205 22.7417
89.4 44.6705 23.2641 45.2705 22.7819
89.5 44.7205 23.2239 45.2205 22.8221
89.6 44.7705 23.1837 45.1705 22.8623
89.7 44.8205 23.1435 45.1205 22.9025
89.8 44.8705 23.1034 45.0705 22.9426
89.9 44.9205 23.0632 45.0205 22.9828
90 44.9705 23.023 44.9705 23.023
90.1 45.0205 22.9828 44.9205 23.0632
90.2 45.0705 22.9426 44.8705 23.1034
90.3 45.1205 22.9025 44.8205 23.1435
90.4 45.1705 22.8623 44.7705 23.1837
90.5 45.2205 22.8221 44.7205 23.2239
90.6 45.2705 22.7819 44.6705 23.2641
90.7 45.3205 22.7417 44.6205 23.3043
90.8 45.3705 22.7015 44.5705 23.3445
90.9 45.4205 22.6614 44.5205 23.3846
91 45.4705 22.6212 44.4705 23.4248
91.1 45.5205 22.581 44.4205 23.465
91.2 45.5705 22.5408 44.3705 23.5052
91.3 45.6205 22.5007 44.3205 23.5453
91.4 45.6705 22.4605 44.2705 23.5855
91.5 45.7205 22.4203 44.2205 23.6257
91.6 45.7705 22.3802 44.1705 23.6658
91.7 45.8205 22.34 44.1205 23.706
91.8 45.8705 22.2998 44.0705 23.7462
91.9 45.9205 22.2597 44.0205 23.7863
92 45.9705 22.2195 43.9705 23.8265
92.1 46.0205 22.1794 43.9205 23.8666
92.2 46.0705 22.1392 43.8705 23.9068
92.3 46.1205 22.099 43.8205 23.947
92.4 46.1705 22.0589 43.7705 23.9871
92.5 46.2205 22.0188 43.7205 24.0272
92.6 46.2705 21.9786 43.6706 24.0674
92.7 46.3206 21.9385 43.6206 24.1075
92.8 46.3706 21.8983 43.5706 24.1477
92.9 46.4206 21.8582 43.5206 24.1878
93 46.4706 21.8181 43.4706 24.2279
93.1 46.5206 21.7779 43.4206 24.2681
93.2 46.5706 21.7378 43.3706 24.3082
93.3 46.6206 21.6977 43.3206 24.3483
93.4 46.6706 21.6576 43.2706 24.3884
93.5 46.7206 21.6175 43.2206 24.4285
93.6 46.7706 21.5774 43.1706 24.4686
93.7 46.8206 21.5373 43.1206 24.5087
93.8 46.8706 21.4972 43.0706 24.5488
93.9 46.9206 21.4571 43.0206 24.5889
94 46.9706 21.417 42.9706 24.629
94.1 47.0206 21.3769 42.9206 24.6691
94.2 47.0706 21.3368 42.8706 24.7092
94.3 47.1206 21.2968 42.8206 24.7492
94.4 47.1706 21.2567 42.7706 24.7893
94.5 47.2206 21.2166 42.7206 24.8294
94.6 47.2706 21.1766 42.6706 24.8694
94.7 47.3206 21.1365 42.6206 24.9095
94.8 47.3706 21.0965 42.5706 24.9495
94.9 47.4206 21.0564 42.5206 24.9896
95 47.4706 21.0164 42.4706 25.0296
95.1 47.5206 20.9764 42.4206 25.0696
95.2 47.5706 20.9364 42.3706 25.1096
95.3 47.6206 20.8964 42.3206 25.1496
95.4 47.6706 20.8563 42.2707 25.1897
95.5 47.7207 20.8163 42.2207 25.2297
95.6 47.7707 20.7763 42.1707 25.2697
95.7 47.8207 20.7364 42.1207 25.3096
95.8 47.8707 20.6964 42.0707 25.3496
95.9 47.9207 20.6564 42.0207 25.3896
96 47.9707 20.6164 41.9707 25.4296
96.1 48.0207 20.5765 41.9207 25.4695
96.2 48.0707 20.5365 41.8707 25.5095
96.3 48.1207 20.4966 41.8207 25.5494
96.4 48.1707 20.4567 41.7707 25.5893
96.5 48.2207 20.4167 41.7207 25.6293
96.6 48.2707 20.3768 41.6707 25.6692
96.7 48.3207 20.3369 41.6207 25.7091
96.8 48.3707 20.297 41.5707 25.749
96.9 48.4207 20.2571 41.5207 25.7889
97 48.4707 20.2172 41.4707 25.8288
97.1 48.5207 20.1773 41.4207 25.8687
97.2 48.5708 20.1375 41.3708 25.9085
97.3 48.6208 20.0976 41.3208 25.9484
97.4 48.6708 20.0577 41.2708 25.9883
97.5 48.7208 20.0179 41.2208 26.0281
97.6 48.7708 19.9781 41.1708 26.0679
97.7 48.8208 19.9382 41.1208 26.1078
97.8 48.8708 19.8984 41.0708 26.1476
97.9 48.9208 19.8586 41.0208 26.1874
98 48.9708 19.8188 40.9708 26.2272
98.1 49.0208 19.779 40.9208 26.267
98.2 49.0708 19.7393 40.8708 26.3067
98.3 49.1208 19.6995 40.8208 26.3465
98.4 49.1708 19.6597 40.7708 26.3863
98.5 49.2208 19.62 40.7208 26.426
98.6 49.2708 19.5802 40.6709 26.4658
98.7 49.3209 19.5405 40.6209 26.5055
98.8 49.3709 19.5008 40.5709 26.5452
98.9 49.4209 19.4611 40.5209 26.5849
99 49.4709 19.4214 40.4709 26.6246
99.1 49.5209 19.3817 40.4209 26.6643
99.2 49.5709 19.3421 40.3709 26.7039
99.3 49.6209 19.3024 40.3209 26.7436
99.4 49.6709 19.2627 40.2709 26.7833
99.5 49.7209 19.2231 40.2209 26.8229
99.6 49.7709 19.1835 40.1709 26.8625
99.7 49.8209 19.1439 40.1209 26.9021
99.8 49.8709 19.1043 40.071 26.9417
99.9 49.921 19.0647 40.021 26.9813
100 49.971 19.0251 39.971 27.0209
100.1 50.021 18.9855 39.921 27.0605
100.2 50.071 18.946 39.871 27.1
100.3 50.121 18.9064 39.821 27.1396
100.4 50.171 18.8669 39.771 27.1791
100.5 50.221 18.8274 39.721 27.2186
100.6 50.271 18.7879 39.671 27.2581
100.7 50.321 18.7484 39.621 27.2976
100.8 50.371 18.7089 39.571 27.3371
100.9 50.421 18.6695 39.5211 27.3765
101 50.4711 18.63 39.4711 27.416
101.1 50.5211 18.5906 39.4211 27.4554
101.2 50.5711 18.5511 39.3711 27.4949
101.3 50.6211 18.5117 39.3211 27.5343
101.4 50.6711 18.4723 39.2711 27.5737
101.5 50.7211 18.433 39.2211 27.613
101.6 50.7711 18.3936 39.1711 27.6524
101.7 50.8211 18.3542 39.1211 27.6918
101.8 50.8711 18.3149 39.0711 27.7311
101.9 50.9211 18.2756 39.0212 27.7704
102 50.9712 18.2362 38.9712 27.8098
102.1 51.0212 18.197 38.9212 27.849
102.2 51.0712 18.1577 38.8712 27.8883
102.3 51.1212 18.1184 38.8212 27.9276
102.4 51.1712 18.0791 38.7712 27.9669
102.5 51.2212 18.0399 38.7212 28.0061
102.6 51.2712 18.0007 38.6712 28.0453
102.7 51.3212 17.9615 38.6212 28.0845
102.8 51.3712 17.9223 38.5713 28.1237
102.9 51.4213 17.8831 38.5213 28.1629
103 51.4713 17.844 38.4713 28.202
103.1 51.5213 17.8048 38.4213 28.2412
103.2 51.5713 17.7657 38.3713 28.2803
103.3 51.6213 17.7266 38.3213 28.3194
103.4 51.6713 17.6875 38.2713 28.3585
103.5 51.7213 17.6484 38.2213 28.3976
103.6 51.7713 17.6093 38.1713 28.4367
103.7 51.8214 17.5703 38.1214 28.4757
103.8 51.8714 17.5312 38.0714 28.5148
103.9 51.9214 17.4922 38.0214 28.5538
104 51.9714 17.4532 37.9714 28.5928
104.1 52.0214 17.4143 37.9214 28.6317
104.2 52.0714 17.3753 37.8714 28.6707
104.3 52.1214 17.3363 37.8214 28.7097
104.4 52.1714 17.2974 37.7714 28.7486
104.5 52.2215 17.2585 37.7215 28.7875
104.6 52.2715 17.2196 37.6715 28.8264
104.7 52.3215 17.1807 37.6215 28.8653
104.8 52.3715 17.1419 37.5715 28.9041
104.9 52.4215 17.103 37.5215 28.943
105 52.4715 17.0642 37.4715 28.9818
105.1 52.5215 17.0254 37.4215 29.0206
105.2 52.5715 16.9866 37.3716 29.0594
105.3 52.6216 16.9479 37.3216 29.0981
105.4 52.6716 16.9091 37.2716 29.1369
105.5 52.7216 16.8704 37.2216 29.1756
105.6 52.7716 16.8317 37.1716 29.2143
105.7 52.8216 16.793 37.1216 29.253
105.8 52.8716 16.7543 37.0716 29.2917
105.9 52.9216 16.7156 37.0217 29.3304
106 52.9717 16.677 36.9717 29.369
106.1 53.0217 16.6384 36.9217 29.4076
106.2 53.0717 16.5998 36.8717 29.4462
106.3 53.1217 16.5612 36.8217 29.4848
106.4 53.1717 16.5227 36.7717 29.5233
106.5 53.2217 16.4841 36.7217 29.5619
106.6 53.2717 16.4456 36.6718 29.6004
106.7 53.3218 16.4071 36.6218 29.6389
106.8 53.3718 16.3686 36.5718 29.6774
106.9 53.4218 16.3302 36.5218 29.7158
107 53.4718 16.2917 36.4718 29.7543
107.1 53.5218 16.2533 36.4218 29.7927
107.2 53.5718 16.2149 36.3718 29.8311
107.3 53.6218 16.1765 36.3219 29.8695
107.4 53.6719 16.1382 36.2719 29.9078
107.5 53.7219 16.0999 36.2219 29.9461
107.6 53.7719 16.0615 36.1719 29.9845
107.7 53.8219 16.0232 36.1219 30.0228
107.8 53.8719 15.985 36.0719 30.061
107.9 53.9219 15.9467 36.022 30.0993
108 53.972 15.9085 35.972 30.1375
108.1 54.022 15.8703 35.922 30.1757
108.2 54.072 15.8321 35.872 30.2139
108.3 54.122 15.794 35.822 30.252
108.4 54.172 15.7558 35.772 30.2902
108.5 54.222 15.7177 35.722 30.3283
108.6 54.2721 15.6796 35.6721 30.3664
108.7 54.3221 15.6415 35.6221 30.4045
108.8 54.3721 15.6035 35.5721 30.4425
108.9 54.4221 15.5654 35.5221 30.4806
109 54.4721 15.5274 35.4721 30.5186
109.1 54.5221 15.4895 35.4221 30.5565
109.2 54.5722 15.4515 35.3722 30.5945
109.3 54.6222 15.4136 35.3222 30.6324
109.4 54.6722 15.3757 35.2722 30.6703
109.5 54.7222 15.3378 35.2222 30.7082
109.6 54.7722 15.2999 35.1722 30.7461
109.7 54.8222 15.2621 35.1222 30.7839
109.8 54.8723 15.2242 35.0723 30.8218
109.9 54.9223 15.1864 35.0223 30.8596
110 54.9723 15.1487 34.9723 30.8973
110.1 55.0223 15.1109 34.9223 30.9351
110.2 55.0723 15.0732 34.8723 30.9728
110.3 55.1223 15.0355 34.8224 31.0105
110.4 55.1724 14.9978 34.7724 31.0482
110.5 55.2224 14.9602 34.7224 31.0858
110.6 55.2724 14.9225 34.6724 31.1235
110.7 55.3224 14.8849 34.6224 31.1611
110.8 55.3724 14.8474 34.5724 31.1986
110.9 55.4225 14.8098 34.5225 31.2362
111 55.4725 14.7723 34.4725 31.2737
111.1 55.5225 14.7348 34.4225 31.3112
111.2 55.5725 14.6973 34.3725 31.3487
111.3 55.6225 14.6599 34.3225 31.3861
111.4 55.6725 14.6224 34.2726 31.4236
111.5 55.7226 14.585 34.2226 31.461
111.6 55.7726 14.5477 34.1726 31.4983
111.7 55.8226 14.5103 34.1226 31.5357
111.8 55.8726 14.473 34.0726 31.573
111.9 55.9226 14.4357 34.0227 31.6103
112 55.9727 14.3984 33.9727 31.6476
112.1 56.0227 14.3612 33.9227 31.6848
112.2 56.0727 14.324 33.8727 31.722
112.3 56.1227 14.2868 33.8227 31.7592
112.4 56.1727 14.2496 33.7727 31.7964
112.5 56.2228 14.2125 33.7228 31.8335
112.6 56.2728 14.1754 33.6728 31.8706
112.7 56.3228 14.1383 33.6228 31.9077
112.8 56.3728 14.1012 33.5728 31.9448
112.9 56.4228 14.0642 33.5228 31.9818
113 56.4729 14.0272 33.4729 32.0188
113.1 56.5229 13.9902 33.4229 32.0558
113.2 56.5729 13.9533 33.3729 32.0927
113.3 56.6229 13.9164 33.3229 32.1296
113.4 56.6729 13.8795 33.2729 32.1665
113.5 56.723 13.8426 33.223 32.2034
113.6 56.773 13.8058 33.173 32.2402
113.7 56.823 13.769 33.123 32.277
113.8 56.873 13.7322 33.073 32.3138
113.9 56.923 13.6954 33.0231 32.3506
114 56.9731 13.6587 32.9731 32.3873
114.1 57.0231 13.622 32.9231 32.424
114.2 57.0731 13.5853 32.8731 32.4607
114.3 57.1231 13.5487 32.8231 32.4973
114.4 57.1731 13.5121 32.7732 32.5339
114.5 57.2232 13.4755 32.7232 32.5705
114.6 57.2732 13.439 32.6732 32.607
114.7 57.3232 13.4024 32.6232 32.6436
114.8 57.3732 13.366 32.5732 32.68
114.9 57.4233 13.3295 32.5233 32.7165
115 57.4733 13.2931 32.4733 32.7529
115.1 57.5233 13.2567 32.4233 32.7893
115.2 57.5733 13.2203 32.3733 32.8257
115.3 57.6233 13.1839 32.3234 32.8621
115.4 57.6734 13.1476 32.2734 32.8984
115.5 57.7234 13.1113 32.2234 32.9347
115.6 57.7734 13.0751 32.1734 32.9709
115.7 57.8234 13.0389 32.1234 33.0071
115.8 57.8735 13.0027 32.0735 33.0433
115.9 57.9235 12.9665 32.0235 33.0795
116 57.9735 12.9304 31.9735 33.1156
116.1 58.0235 12.8943 31.9235 33.1517
116.2 58.0735 12.8582 31.8736 33.1878
116.3 58.1236 12.8222 31.8236 33.2238
116.4 58.1736 12.7862 31.7736 33.2598
116.5 58.2236 12.7502 31.7236 33.2958
116.6 58.2736 12.7142 31.6736 33.3318
116.7 58.3237 12.6783 31.6237 33.3677
116.8 58.3737 12.6424 31.5737 33.4036
116.9 58.4237 12.6066 31.5237 33.4394
117 58.4737 12.5708 31.4737 33.4752
117.1 58.5237 12.535 31.4238 33.511
117.2 58.5738 12.4992 31.3738 33.5468
117.3 58.6238 12.4635 31.3238 33.5825
117.4 58.6738 12.4278 31.2738 33.6182
117.5 58.7238 12.3922 31.2239 33.6538
117.6 58.7739 12.3565 31.1739 33.6895
117.7 58.8239 12.3209 31.1239 33.7251
117.8 58.8739 12.2854 31.0739 33.7606
117.9 58.9239 12.2499 31.024 33.7961
118 58.974 12.2144 30.974 33.8316
118.1 59.024 12.1789 30.924 33.8671
118.2 59.074 12.1435 30.874 33.9025
118.3 59.124 12.1081 30.824 33.9379
118.4 59.1741 12.0727 30.7741 33.9733
118.5 59.2241 12.0374 30.7241 34.0086
118.6 59.2741 12.0021 30.6741 34.0439
118.7 59.3241 11.9668 30.6241 34.0792
118.8 59.3742 11.9316 30.5742 34.1144
118.9 59.4242 11.8964 30.5242 34.1496
119 59.4742 11.8612 30.4742 34.1848
119.1 59.5242 11.8261 30.4242 34.2199
119.2 59.5743 11.791 30.3743 34.255
119.3 59.6243 11.7559 30.3243 34.2901
119.4 59.6743 11.7209 30.2743 34.3251
119.5 59.7243 11.6859 30.2243 34.3601
119.6 59.7744 11.651 30.1744 34.395
119.7 59.8244 11.6161 30.1244 34.4299
119.8 59.8744 11.5812 30.0744 34.4648
119.9 59.9244 11.5463 30.0244 34.4997
120 59.9745 11.5115 29.9745 34.5345
120.1 60.0245 11.4767 29.9245 34.5693
120.2 60.0745 11.442 29.8745 34.604
120.3 60.1245 11.4073 29.8246 34.6387
120.4 60.1746 11.3726 29.7746 34.6734
120.5 60.2246 11.3379 29.7246 34.7081
120.6 60.2746 11.3033 29.6746 34.7427
120.7 60.3246 11.2688 29.6247 34.7772
120.8 60.3747 11.2342 29.5747 34.8118
120.9 60.4247 11.1997 29.5247 34.8463
121 60.4747 11.1653 29.4747 34.8807
121.1 60.5248 11.1309 29.4248 34.9151
121.2 60.5748 11.0965 29.3748 34.9495
121.3 60.6248 11.0621 29.3248 34.9839
121.4 60.6748 11.0278 29.2748 35.0182
121.5 60.7249 10.9935 29.2249 35.0525
121.6 60.7749 10.9593 29.1749 35.0867
121.7 60.8249 10.9251 29.1249 35.1209
121.8 60.8749 10.8909 29.075 35.1551
121.9 60.925 10.8568 29.025 35.1892
122 60.975 10.8227 28.975 35.2233
122.1 61.025 10.7886 28.925 35.2574
122.2 61.075 10.7546 28.8751 35.2914
122.3 61.1251 10.7206 28.8251 35.3254
122.4 61.1751 10.6867 28.7751 35.3593
122.5 61.2251 10.6528 28.7251 35.3932
122.6 61.2752 10.6189 28.6752 35.4271
122.7 61.3252 10.585 28.6252 35.461
122.8 61.3752 10.5513 28.5752 35.4947
122.9 61.4252 10.5175 28.5253 35.5285
123 61.4753 10.4838 28.4753 35.5622
123.1 61.5253 10.4501 28.4253 35.5959
123.2 61.5753 10.4165 28.3753 35.6295
123.3 61.6254 10.3828 28.3254 35.6632
123.4 61.6754 10.3493 28.2754 35.6967
123.5 61.7254 10.3158 28.2254 35.7302
123.6 61.7754 10.2823 28.1755 35.7637
123.7 61.8255 10.2488 28.1255 35.7972
123.8 61.8755 10.2154 28.0755 35.8306
123.9 61.9255 10.182 28.0255 35.864
124 61.9756 10.1487 27.9756 35.8973
124.1 62.0256 10.1154 27.9256 35.9306
124.2 62.0756 10.0822 27.8756 35.9638
124.3 62.1256 10.0489 27.8257 35.9971
124.4 62.1757 10.0158 27.7757 36.0302
124.5 62.2257 9.98263 27.7257 36.0634
124.6 62.2757 9.94953 27.6757 36.0965
124.7 62.3258 9.91648 27.6258 36.1295
124.8 62.3758 9.88346 27.5758 36.1625
124.9 62.4258 9.85049 27.5258 36.1955
125 62.4758 9.81755 27.4759 36.2285
125.1 62.5259 9.78465 27.4259 36.2613
125.2 62.5759 9.7518 27.3759 36.2942
125.3 62.6259 9.71898 27.3259 36.327
125.4 62.676 9.68621 27.276 36.3598
125.5 62.726 9.65348 27.226 36.3925
125.6 62.776 9.62078 27.176 36.4252
125.7 62.8261 9.58813 27.1261 36.4579
125.8 62.8761 9.55552 27.0761 36.4905
125.9 62.9261 9.52295 27.0261 36.5231
126 62.9761 9.49042 26.9762 36.5556
126.1 63.0262 9.45793 26.9262 36.5881
126.2 63.0762 9.42549 26.8762 36.6205
126.3 63.1262 9.39308 26.8262 36.6529
126.4 63.1763 9.36072 26.7763 36.6853
126.5 63.2263 9.32839 26.7263 36.7176
126.6 63.2763 9.29611 26.6763 36.7499
126.7 63.3264 9.26388 26.6264 36.7821
126.8 63.3764 9.23168 26.5764 36.8143
126.9 63.4264 9.19953 26.5264 36.8465
127 63.4764 9.16741 26.4765 36.8786
127.1 63.5265 9.13534 26.4265 36.9107
127.2 63.5765 9.10331 26.3765 36.9427
127.3 63.6265 9.07133 26.3266 36.9747
127.4 63.6766 9.03939 26.2766 37.0066
127.5 63.7266 9.00749 26.2266 37.0385
127.6 63.7766 8.97563 26.1767 37.0704
127.7 63.8267 8.94381 26.1267 37.1022
127.8 63.8767 8.91204 26.0767 37.134
127.9 63.9267 8.88031 26.0267 37.1657
128 63.9768 8.84863 25.9768 37.1974
128.1 64.0268 8.81698 25.9268 37.229
128.2 64.0768 8.78538 25.8768 37.2606
128.3 64.1269 8.75383 25.8269 37.2922
128.4 64.1769 8.72231 25.7769 37.3237
128.5 64.2269 8.69085 25.7269 37.3552
128.6 64.277 8.65942 25.677 37.3866
128.7 64.327 8.62804 25.627 37.418
128.8 64.377 8.5967 25.577 37.4493
128.9 64.427 8.56541 25.5271 37.4806
129 64.4771 8.53416 25.4771 37.5118
129.1 64.5271 8.50295 25.4271 37.543
129.2 64.5771 8.47179 25.3772 37.5742
129.3 64.6272 8.44067 25.3272 37.6053
129.4 64.6772 8.4096 25.2772 37.6364
129.5 64.7272 8.37857 25.2273 37.6674
129.6 64.7773 8.34759 25.1773 37.6984
129.7 64.8273 8.31665 25.1273 37.7294
129.8 64.8773 8.28575 25.0774 37.7602
129.9 64.9274 8.25491 25.0274 37.7911
130 64.9774 8.2241 24.9774 37.8219
130.1 65.0274 8.19334 24.9275 37.8527
130.2 65.0775 8.16263 24.8775 37.8834
130.3 65.1275 8.13196 24.8275 37.914
130.4 65.1775 8.10134 24.7776 37.9447
130.5 65.2276 8.07076 24.7276 37.9752
130.6 65.2776 8.04023 24.6776 38.0058
130.7 65.3276 8.00974 24.6277 38.0363
130.8 65.3777 7.9793 24.5777 38.0667
130.9 65.4277 7.9489 24.5277 38.0971
131 65.4777 7.91855 24.4778 38.1274
131.1 65.5278 7.88825 24.4278 38.1578
131.2 65.5778 7.85799 24.3778 38.188
131.3 65.6278 7.82778 24.3279 38.2182
131.4 65.6779 7.79762 24.2779 38.2484
131.5 65.7279 7.7675 24.2279 38.2785
131.6 65.7779 7.73743 24.178 38.3086
131.7 65.828 7.7074 24.128 38.3386
131.8 65.878 7.67742 24.078 38.3686
131.9 65.928 7.64749 24.0281 38.3985
132 65.9781 7.61761 23.9781 38.4284
132.1 66.0281 7.58777 23.9281 38.4582
132.2 66.0782 7.55798 23.8782 38.488
132.3 66.1282 7.52823 23.8282 38.5178
132.4 66.1782 7.49854 23.7782 38.5475
132.5 66.2283 7.46889 23.7283 38.5771
132.6 66.2783 7.43928 23.6783 38.6067
132.7 66.3283 7.40973 23.6283 38.6363
132.8 66.3784 7.38022 23.5784 38.6658
132.9 66.4284 7.35076 23.5284 38.6952
133 66.4784 7.32135 23.4784 38.7246
133.1 66.5285 7.29199 23.4285 38.754
133.2 66.5785 7.26267 23.3785 38.7833
133.3 66.6285 7.2334 23.3286 38.8126
133.4 66.6786 7.20418 23.2786 38.8418
133.5 66.7286 7.17501 23.2286 38.871
133.6 66.7786 7.14589 23.1787 38.9001
133.7 66.8287 7.11681 23.1287 38.9292
133.8 66.8787 7.08779 23.0787 38.9582
133.9 66.9288 7.05881 23.0288 38.9872
134 66.9788 7.02988 22.9788 39.0161
134.1 67.0288 7.001 22.9288 39.045
134.2 67.0789 6.97217 22.8789 39.0738
134.3 67.1289 6.94338 22.8289 39.1026
134.4 67.1789 6.91465 22.7789 39.1313
134.5 67.229 6.88597 22.729 39.16
134.6 67.279 6.85733 22.679 39.1887
134.7 67.329 6.82874 22.6291 39.2173
134.8 67.3791 6.80021 22.5791 39.2458
134.9 67.4291 6.77172 22.5291 39.2743
135 67.4791 6.74328 22.4792 39.3027
135.1 67.5292 6.71489 22.4292 39.3311
135.2 67.5792 6.68655 22.3792 39.3594
135.3 67.6293 6.65826 22.3293 39.3877
135.4 67.6793 6.63002 22.2793 39.416
135.5 67.7293 6.60183 22.2293 39.4442
135.6 67.7794 6.5737 22.1794 39.4723
135.7 67.8294 6.54561 22.1294 39.5004
135.8 67.8794 6.51757 22.0795 39.5284
135.9 67.9295 6.48958 22.0295 39.5564
136 67.9795 6.46164 21.9795 39.5844
136.1 68.0296 6.43375 21.9296 39.6122
136.2 68.0796 6.40591 21.8796 39.6401
136.3 68.1296 6.37813 21.8296 39.6679
136.4 68.1797 6.35039 21.7797 39.6956
136.5 68.2297 6.32271 21.7297 39.7233
136.6 68.2797 6.29507 21.6798 39.7509
136.7 68.3298 6.26749 21.6298 39.7785
136.8 68.3798 6.23996 21.5798 39.806
136.9 68.4298 6.21247 21.5299 39.8335
137 68.4799 6.18504 21.4799 39.861
137.1 68.5299 6.15766 21.4299 39.8883
137.2 68.58 6.13034 21.38 39.9157
137.3 68.63 6.10306 21.33 39.9429
137.4 68.68 6.07584 21.2801 39.9702
137.5 68.7301 6.04866 21.2301 39.9973
137.6 68.7801 6.02154 21.1801 40.0245
137.7 68.8302 5.99447 21.1302 40.0515
137.8 68.8802 5.96746 21.0802 40.0785
137.9 68.9302 5.94049 21.0302 40.1055
138 68.9803 5.91358 20.9803 40.1324
138.1 69.0303 5.88672 20.9303 40.1593
138.2 69.0803 5.85991 20.8804 40.1861
138.3 69.1304 5.83315 20.8304 40.2129
138.4 69.1804 5.80644 20.7804 40.2396
138.5 69.2305 5.77979 20.7305 40.2662
138.6 69.2805 5.75319 20.6805 40.2928
138.7 69.3305 5.72665 20.6306 40.3194
138.8 69.3806 5.70015 20.5806 40.3458
138.9 69.4306 5.67371 20.5306 40.3723
139 69.4807 5.64732 20.4807 40.3987
139.1 69.5307 5.62099 20.4307 40.425
139.2 69.5807 5.5947 20.3807 40.4513
139.3 69.6308 5.56847 20.3308 40.4775
139.4 69.6808 5.5423 20.2808 40.5037
139.5 69.7308 5.51617 20.2309 40.5298
139.6 69.7809 5.4901 20.1809 40.5559
139.7 69.8309 5.46409 20.1309 40.5819
139.8 69.881 5.43812 20.081 40.6079
139.9 69.931 5.41221 20.031 40.6338
140 69.981 5.38636 19.9811 40.6596
140.1 70.0311 5.36056 19.9311 40.6854
140.2 70.0811 5.33481 19.8811 40.7112
140.3 70.1312 5.30911 19.8312 40.7369
140.4 70.1812 5.28347 19.7812 40.7625
140.5 70.2312 5.25789 19.7313 40.7881
140.6 70.2813 5.23235 19.6813 40.8136
140.7 70.3313 5.20688 19.6313 40.8391
140.8 70.3814 5.18145 19.5814 40.8645
140.9 70.4314 5.15608 19.5314 40.8899
141 70.4814 5.13077 19.4815 40.9152
141.1 70.5315 5.10551 19.4315 40.9405
141.2 70.5815 5.0803 19.3815 40.9657
141.3 70.6316 5.05515 19.3316 40.9908
141.4 70.6816 5.03005 19.2816 41.0159
141.5 70.7316 5.00501 19.2317 41.041
141.6 70.7817 4.98003 19.1817 41.066
141.7 70.8317 4.95509 19.1317 41.0909
141.8 70.8818 4.93022 19.0818 41.1158
141.9 70.9318 4.90539 19.0318 41.1406
142 70.9818 4.88063 18.9819 41.1654
142.1 71.0319 4.85592 18.9319 41.1901
142.2 71.0819 4.83126 18.8819 41.2147
142.3 71.132 4.80666 18.832 41.2393
142.4 71.182 4.78212 18.782 41.2639
142.5 71.232 4.75763 18.7321 41.2884
142.6 71.2821 4.73319 18.6821 41.3128
142.7 71.3321 4.70881 18.6321 41.3372
142.8 71.3822 4.68449 18.5822 41.3615
142.9 71.4322 4.66023 18.5322 41.3858
143 71.4823 4.63601 18.4823 41.41
143.1 71.5323 4.61186 18.4323 41.4341
143.2 71.5823 4.58776 18.3823 41.4582
143.3 71.6324 4.56372 18.3324 41.4823
143.4 71.6824 4.53973 18.2824 41.5063
143.5 71.7325 4.5158 18.2325 41.5302
143.6 71.7825 4.49193 18.1825 41.5541
143.7 71.8325 4.46811 18.1326 41.5779
143.8 71.8826 4.44435 18.0826 41.6016
143.9 71.9326 4.42065 18.0326 41.6254
144 71.9827 4.397 17.9827 41.649
144.1 72.0327 4.37341 17.9327 41.6726
144.2 72.0827 4.34988 17.8828 41.6961
144.3 72.1328 4.3264 17.8328 41.7196
144.4 72.1828 4.30298 17.7828 41.743
144.5 72.2329 4.27962 17.7329 41.7664
144.6 72.2829 4.25631 17.6829 41.7897
144.7 72.333 4.23306 17.633 41.8129
144.8 72.383 4.20987 17.583 41.8361
144.9 72.433 4.18674 17.5331 41.8593
145 72.4831 4.16366 17.4831 41.8823
145.1 72.5331 4.14064 17.4331 41.9054
145.2 72.5832 4.11768 17.3832 41.9283
145.3 72.6332 4.09478 17.3332 41.9512
145.4 72.6833 4.07193 17.2833 41.9741
145.5 72.7333 4.04914 17.2333 41.9969
145.6 72.7833 4.02641 17.1834 42.0196
145.7 72.8334 4.00374 17.1334 42.0423
145.8 72.8834 3.98112 17.0834 42.0649
145.9 72.9335 3.95857 17.0335 42.0874
146 72.9835 3.93607 16.9835 42.1099
146.1 73.0336 3.91363 16.9336 42.1324
146.2 73.0836 3.89124 16.8836 42.1548
146.3 73.1336 3.86892 16.8336 42.1771
146.4 73.1837 3.84665 16.7837 42.1993
146.5 73.2337 3.82445 16.7337 42.2216
146.6 73.2838 3.8023 16.6838 42.2437
146.7 73.3338 3.78021 16.6338 42.2658
146.8 73.3839 3.75818 16.5839 42.2878
146.9 73.4339 3.7362 16.5339 42.3098
147 73.4839 3.71429 16.484 42.3317
147.1 73.534 3.69243 16.434 42.3536
147.2 73.584 3.67064 16.384 42.3754
147.3 73.6341 3.6489 16.3341 42.3971
147.4 73.6841 3.62722 16.2841 42.4188
147.5 73.7342 3.6056 16.2342 42.4404
147.6 73.7842 3.58404 16.1842 42.462
147.7 73.8342 3.56254 16.1343 42.4835
147.8 73.8843 3.54109 16.0843 42.5049
147.9 73.9343 3.51971 16.0343 42.5263
148 73.9844 3.49839 15.9844 42.5476
148.1 74.0344 3.47712 15.9344 42.5689
148.2 74.0845 3.45592 15.8845 42.5901
148.3 74.1345 3.43478 15.8345 42.6112
148.4 74.1845 3.41369 15.7846 42.6323
148.5 74.2346 3.39267 15.7346 42.6533
148.6 74.2846 3.3717 15.6846 42.6743
148.7 74.3347 3.35079 15.6347 42.6952
148.8 74.3847 3.32995 15.5847 42.7161
148.9 74.4348 3.30916 15.5348 42.7368
149 74.4848 3.28844 15.4848 42.7576
149.1 74.5349 3.26777 15.4349 42.7782
149.2 74.5849 3.24717 15.3849 42.7988
149.3 74.6349 3.22662 15.335 42.8194
149.4 74.685 3.20614 15.285 42.8399
149.5 74.735 3.18571 15.235 42.8603
149.6 74.7851 3.16535 15.1851 42.8807
149.7 74.8351 3.14504 15.1351 42.901
149.8 74.8852 3.1248 15.0852 42.9212
149.9 74.9352 3.10462 15.0352 42.9414
150 74.9853 3.0845 14.9853 42.9615
150.1 75.0353 3.06444 14.9353 42.9816
150.2 75.0853 3.04444 14.8854 43.0016
150.3 75.1354 3.0245 14.8354 43.0215
150.4 75.1854 3.00462 14.7854 43.0414
150.5 75.2355 2.9848 14.7355 43.0612
150.6 75.2855 2.96504 14.6855 43.081
150.7 75.3356 2.94535 14.6356 43.1007
150.8 75.3856 2.92572 14.5856 43.1203
150.9 75.4357 2.90614 14.5357 43.1399
151 75.4857 2.88663 14.4857 43.1594
151.1 75.5357 2.86718 14.4358 43.1788
151.2 75.5858 2.84779 14.3858 43.1982
151.3 75.6358 2.82846 14.3358 43.2175
151.4 75.6859 2.8092 14.2859 43.2368
151.5 75.7359 2.78999 14.2359 43.256
151.6 75.786 2.77085 14.186 43.2751
151.7 75.836 2.75177 14.136 43.2942
151.8 75.8861 2.73275 14.0861 43.3132
151.9 75.9361 2.71379 14.0361 43.3322
152 75.9862 2.6949 13.9862 43.3511
152.1 76.0362 2.67606 13.9362 43.3699
152.2 76.0862 2.65729 13.8863 43.3887
152.3 76.1363 2.63858 13.8363 43.4074
152.4 76.1863 2.61993 13.7863 43.4261
152.5 76.2364 2.60135 13.7364 43.4447
152.6 76.2864 2.58283 13.6864 43.4632
152.7 76.3365 2.56437 13.6365 43.4816
152.8 76.3865 2.54597 13.5865 43.5
152.9 76.4366 2.52763 13.5366 43.5184
153 76.4866 2.50936 13.4866 43.5366
153.1 76.5367 2.49115 13.4367 43.5549
153.2 76.5867 2.473 13.3867 43.573
153.3 76.6367 2.45491 13.3368 43.5911
153.4 76.6868 2.43689 13.2868 43.6091
153.5 76.7368 2.41893 13.2369 43.6271
153.6 76.7869 2.40103 13.1869 43.645
153.7 76.8369 2.38319 13.1369 43.6628
153.8 76.887 2.36542 13.087 43.6806
153.9 76.937 2.34771 13.037 43.6983
154 76.9871 2.33006 12.9871 43.7159
154.1 77.0371 2.31248 12.9371 43.7335
154.2 77.0872 2.29496 12.8872 43.751
154.3 77.1372 2.2775 12.8372 43.7685
154.4 77.1873 2.26011 12.7873 43.7859
154.5 77.2373 2.24278 12.7373 43.8032
154.6 77.2873 2.22551 12.6874 43.8205
154.7 77.3374 2.20831 12.6374 43.8377
154.8 77.3874 2.19117 12.5875 43.8548
154.9 77.4375 2.17409 12.5375 43.8719
155 77.4875 2.15708 12.4875 43.8889
155.1 77.5376 2.14013 12.4376 43.9059
155.2 77.5876 2.12324 12.3876 43.9228
155.3 77.6377 2.10642 12.3377 43.9396
155.4 77.6877 2.08966 12.2877 43.9563
155.5 77.7378 2.07296 12.2378 43.973
155.6 77.7878 2.05633 12.1878 43.9897
155.7 77.8379 2.03976 12.1379 44.0062
155.8 77.8879 2.02326 12.0879 44.0227
155.9 77.938 2.00682 12.038 44.0392
156 77.988 1.99044 11.988 44.0556
156.1 78.0381 1.97413 11.9381 44.0719
156.2 78.0881 1.95788 11.8881 44.0881
156.3 78.1381 1.9417 11.8382 44.1043
156.4 78.1882 1.92558 11.7882 44.1204
156.5 78.2382 1.90953 11.7383 44.1365
156.6 78.2883 1.89354 11.6883 44.1525
156.7 78.3383 1.87761 11.6383 44.1684
156.8 78.3884 1.86175 11.5884 44.1843
156.9 78.4384 1.84595 11.5384 44.2001
157 78.4885 1.83022 11.4885 44.2158
157.1 78.5385 1.81455 11.4385 44.2315
157.2 78.5886 1.79894 11.3886 44.2471
157.3 78.6386 1.78341 11.3386 44.2626
157.4 78.6887 1.76793 11.2887 44.2781
157.5 78.7387 1.75252 11.2387 44.2935
157.6 78.7888 1.73718 11.1888 44.3088
157.7 78.8388 1.7219 11.1388 44.3241
157.8 78.8889 1.70668 11.0889 44.3393
157.9 78.9389 1.69153 11.0389 44.3545
158 78.989 1.67645 10.989 44.3696
158.1 79.039 1.66143 10.939 44.3846
158.2 79.089 1.64647 10.8891 44.3995
158.3 79.1391 1.63158 10.8391 44.4144
158.4 79.1891 1.61676 10.7892 44.4292
158.5 79.2392 1.602 10.7392 44.444
158.6 79.2892 1.5873 10.6892 44.4587
158.7 79.3393 1.57267 10.6393 44.4733
158.8 79.3893 1.55811 10.5893 44.4879
158.9 79.4394 1.54361 10.5394 44.5024
159 79.4894 1.52918 10.4894 44.5168
159.1 79.5395 1.51481 10.4395 44.5312
159.2 79.5895 1.50051 10.3895 44.5455
159.3 79.6396 1.48627 10.3396 44.5597
159.4 79.6896 1.4721 10.2896 44.5739
159.5 79.7397 1.458 10.2397 44.588
159.6 79.7897 1.44396 10.1897 44.602
159.7 79.8398 1.42998 10.1398 44.616
159.8 79.8898 1.41608 10.0898 44.6299
159.9 79.9399 1.40223 10.0399 44.6438
160 79.9899 1.38846 9.98992 44.6575
160.1 80.04 1.37475 9.93997 44.6713
160.2 80.09 1.3611 9.89002 44.6849
160.3 80.1401 1.34752 9.84007 44.6985
160.4 80.1901 1.33401 9.79012 44.712
160.5 80.2402 1.32056 9.74016 44.7254
160.6 80.2902 1.30718 9.69021 44.7388
160.7 80.3403 1.29387 9.64026 44.7521
160.8 80.3903 1.28062 9.59031 44.7654
160.9 80.4403 1.26744 9.54036 44.7786
161 80.4904 1.25433 9.49041 44.7917
161.1 80.5404 1.24128 9.44046 44.8047
161.2 80.5905 1.22829 9.3905 44.8177
161.3 80.6405 1.21538 9.34055 44.8306
161.4 80.6906 1.20253 9.2906 44.8435
161.5 80.7406 1.18974 9.24065 44.8563
161.6 80.7907 1.17703 9.1907 44.869
161.7 80.8407 1.16438 9.14075 44.8816
161.8 80.8908 1.15179 9.0908 44.8942
161.9 80.9408 1.13928 9.04085 44.9067
162 80.9909 1.12683 8.99089 44.9192
162.1 81.0409 1.11444 8.94094 44.9316
162.2 81.091 1.10212 8.89099 44.9439
162.3 81.141 1.08987 8.84104 44.9561
162.4 81.1911 1.07769 8.79109 44.9683
162.5 81.2411 1.06557 8.74114 44.9804
162.6 81.2912 1.05352 8.69119 44.9925
162.7 81.3412 1.04154 8.64124 45.0045
162.8 81.3913 1.02963 8.59129 45.0164
162.9 81.4413 1.01778 8.54134 45.0282
163 81.4914 1.006 8.49138 45.04
163.1 81.5414 0.994281 8.44143 45.0517
163.2 81.5915 0.982633 8.39148 45.0634
163.3 81.6415 0.971053 8.34153 45.0749
163.4 81.6916 0.959539 8.29158 45.0865
163.5 81.7416 0.948093 8.24163 45.0979
163.6 81.7917 0.936714 8.19168 45.1093
163.7 81.8417 0.925403 8.14173 45.1206
163.8 81.8918 0.914158 8.09178 45.1318
163.9 81.9418 0.902982 8.04183 45.143
164 81.9919 0.891872 7.99188 45.1541
164.1 82.0419 0.88083 7.94193 45.1652
164.2 82.092 0.869855 7.89198 45.1761
164.3 82.142 0.858948 7.84203 45.1871
164.4 82.1921 0.848108 7.79208 45.1979
164.5 82.2421 0.837336 7.74213 45.2087
164.6 82.2922 0.826632 7.69218 45.2194
164.7 82.3422 0.815995 7.64222 45.23
164.8 82.3923 0.805425 7.59227 45.2406
164.9 82.4423 0.794924 7.54232 45.2511
165 82.4924 0.78449 7.49237 45.2615
165.1 82.5424 0.774124 7.44242 45.2719
165.2 82.5925 0.763825 7.39247 45.2822
165.3 82.6425 0.753595 7.34252 45.2924
165.4 82.6926 0.743432 7.29257 45.3026
165.5 82.7426 0.733337 7.24262 45.3127
165.6 82.7927 0.72331 7.19267 45.3227
165.7 82.8427 0.713351 7.14272 45.3326
165.8 82.8928 0.70346 7.09277 45.3425
165.9 82.9428 0.693637 7.04282 45.3524
166 82.9929 0.683881 6.99287 45.3621
166.1 83.0429 0.674194 6.94292 45.3718
166.2 83.093 0.664575 6.89297 45.3814
166.3 83.143 0.655025 6.84302 45.391
166.4 83.1931 0.645542 6.79307 45.4005
166.5 83.2431 0.636127 6.74312 45.4099
166.6 83.2932 0.626781 6.69317 45.4192
166.7 83.3432 0.617503 6.64322 45.4285
166.8 83.3933 0.608293 6.59327 45.4377
166.9 83.4433 0.599151 6.54332 45.4468
167 83.4934 0.590078 6.49337 45.4559
167.1 83.5434 0.581073 6.44342 45.4649
167.2 83.5935 0.572136 6.39347 45.4739
167.3 83.6435 0.563268 6.34352 45.4827
167.4 83.6936 0.554468 6.29357 45.4915
167.5 83.7436 0.545737 6.24362 45.5003
167.6 83.7937 0.537074 6.19367 45.5089
167.7 83.8437 0.52848 6.14372 45.5175
167.8 83.8938 0.519954 6.09377 45.526
167.9 83.9438 0.511497 6.04382 45.5345
168 83.9939 0.503108 5.99387 45.5429
168.1 84.0439 0.494788 5.94392 45.5512
168.2 84.094 0.486536 5.89397 45.5595
168.3 84.144 0.478353 5.84402 45.5676
168.4 84.1941 0.470239 5.79408 45.5758
168.5 84.2441 0.462194 5.74413 45.5838
168.6 84.2942 0.454217 5.69418 45.5918
168.7 84.3442 0.446309 5.64423 45.5997
168.8 84.3943 0.438469 5.59428 45.6075
168.9 84.4443 0.430699 5.54433 45.6153
169 84.4944 0.422997 5.49438 45.623
169.1 84.5444 0.415365 5.44443 45.6306
169.2 84.5945 0.407801 5.39448 45.6382
169.3 84.6445 0.400306 5.34453 45.6457
169.4 84.6946 0.392879 5.29458 45.6531
169.5 84.7446 0.385522 5.24463 45.6605
169.6 84.7947 0.378234 5.19468 45.6678
169.7 84.8447 0.371015 5.14473 45.675
169.8 84.8948 0.363865 5.09478 45.6821
169.9 84.9448 0.356783 5.04483 45.6892
170 84.9949 0.349771 4.99488 45.6962
170.1 85.0449 0.342828 4.94493 45.7032
170.2 85.095 0.335954 4.89498 45.71
170.3 85.145 0.329149 4.84504 45.7169
170.4 85.1951 0.322413 4.79509 45.7236
170.5 85.2451 0.315747 4.74514 45.7303
170.6 85.2952 0.309149 4.69519 45.7369
170.7 85.3452 0.302621 4.64524 45.7434
170.8 85.3953 0.296162 4.59529 45.7498
170.9 85.4453 0.289772 4.54534 45.7562
171 85.4954 0.283451 4.49539 45.7625
171.1 85.5454 0.2772 4.44544 45.7688
171.2 85.5955 0.271018 4.39549 45.775
171.3 85.6455 0.264905 4.34554 45.7811
171.4 85.6956 0.258862 4.29559 45.7871
171.5 85.7456 0.252888 4.24564 45.7931
171.6 85.7957 0.246983 4.1957 45.799
171.7 85.8457 0.241148 4.14575 45.8049
171.8 85.8958 0.235382 4.0958 45.8106
171.9 85.9458 0.229685 4.04585 45.8163
172 85.9959 0.224058 3.9959 45.8219
172.1 86.0459 0.218501 3.94595 45.8275
172.2 86.096 0.213012 3.896 45.833
172.3 86.146 0.207594 3.84605 45.8384
172.4 86.1961 0.202245 3.7961 45.8438
172.5 86.2462 0.196965 3.74615 45.849
172.6 86.2962 0.191755 3.6962 45.8542
172.7 86.3463 0.186614 3.64626 45.8594
172.8 86.3963 0.181543 3.59631 45.8645
172.9 86.4464 0.176542 3.54636 45.8695
173 86.4964 0.17161 3.49641 45.8744
173.1 86.5465 0.166748 3.44646 45.8793
173.2 86.5965 0.161955 3.39651 45.884
173.3 86.6466 0.157232 3.34656 45.8888
173.4 86.6966 0.152579 3.29661 45.8934
173.5 86.7467 0.147995 3.24666 45.898
173.6 86.7967 0.143481 3.19672 45.9025
173.7 86.8468 0.139037 3.14677 45.907
173.8 86.8968 0.134662 3.09682 45.9113
173.9 86.9469 0.130358 3.04687 45.9156
174 86.9969 0.126122 2.99692 45.9199
174.1 87.047 0.121957 2.94697 45.924
174.2 87.097 0.117861 2.89702 45.9281
174.3 87.1471 0.113836 2.84707 45.9322
174.4 87.1971 0.10988 2.79712 45.9361
174.5 87.2472 0.105993 2.74718 45.94
174.6 87.2972 0.102177 2.69723 45.9438
174.7 87.3473 0.0984303 2.64728 45.9476
174.8 87.3973 0.0947535 2.59733 45.9512
174.9 87.4474 0.0911466 2.54738 45.9549
175 87.4974 0.0876095 2.49743 45.9584
175.1 87.5475 0.0841422 2.44748 45.9619
175.2 87.5975 0.0807449 2.39753 45.9653
175.3 87.6476 0.0774174 2.34759 45.9686
175.4 87.6976 0.0741599 2.29764 45.9718
175.5 87.7477 0.0709722 2.24769 45.975
175.6 87.7977 0.0678545 2.19774 45.9781
175.7 87.8478 0.0648067 2.14779 45.9812
175.8 87.8978 0.0618288 2.09784 45.9842
175.9 87.9479 0.0589209 2.04789 45.9871
176 87.9979 0.0560829 1.99794 45.9899
176.1 88.048 0.0533148 1.948 45.9927
176.2 88.098 0.0506168 1.89805 45.9954
176.3 88.1481 0.0479887 1.8481 45.998
176.4 88.1981 0.0454306 1.79815 46.0006
176.5 88.2482 0.0429425 1.7482 46.0031
176.6 88.2983 0.0405244 1.69825 46.0055
176.7 88.3483 0.0381764 1.6483 46.0078
176.8 88.3984 0.0358983 1.59836 46.0101
176.9 88.4484 0.0336902 1.54841 46.0123
177 88.4985 0.0315522 1.49846 46.0144
177.1 88.5485 0.0294842 1.44851 46.0165
177.2 88.5986 0.0274863 1.39856 46.0185
177.3 88.6486 0.0255584 1.34861 46.0204
177.4 88.6987 0.0237006 1.29866 46.0223
177.5 88.7487 0.0219128 1.24871 46.0241
177.6 88.7988 0.0201951 1.19877 46.0258
177.7 88.8488 0.0185474 1.14882 46.0275
177.8 88.8989 0.0169699 1.09887 46.029
177.9 88.9489 0.0154624 1.04892 46.0305
178 88.999 0.014025 0.998972 46.032
178.1 89.049 0.0126577 0.949023 46.0333
178.2 89.0991 0.0113605 0.899074 46.0346
178.3 89.1491 0.0101333 0.849126 46.0359
178.4 89.1992 0.00897632 0.799177 46.037
178.5 89.2492 0.00788941 0.749229 46.0381
178.6 89.2993 0.0068726 0.69928 46.0391
178.7 89.3493 0.00592591 0.649332 46.0401
178.8 89.3994 0.00504932 0.599383 46.041
178.9 89.4494 0.00424286 0.549434 46.0418
179 89.4995 0.00350651 0.499486 46.0425
179.1 89.5495 0.00284029 0.449537 46.0432
179.2 89.5996 0.00224419 0.399589 46.0438
179.3 89.6496 0.00171821 0.34964 46.0443
179.4 89.6997 0.00126237 0.299691 46.0447
179.5 89.7497 0.000876645 0.249743 46.0451
179.6 89.7998 0.000561054 0.199794 46.0454
179.7 89.8498 0.000315594 0.149846 46.0457
179.8 89.8999 0.000140264 0.0998971 46.0459
179.9 89.9499 3.5066e-05 0.0499486 46.046
