#kinematics calculation of gsex
#vertex z = 450 mm, E_reaction = 42.514 MeV
#theta_cm, theta3_lab, Ek3_lab, theta4_lab, Ek4_lab
0 0 37.9434 0 0.130575
0.1 0.0470345 37.9434 0.802236 0.130604
0.2 0.0940691 37.9433 1.6041 0.13069
0.3 0.141104 37.9432 2.40521 0.130834
0.4 0.188138 37.943 3.20519 0.131036
0.5 0.235173 37.9427 4.00369 0.131295
0.6 0.282207 37.9424 4.80032 0.131612
0.7 0.329242 37.942 5.59474 0.131986
0.8 0.376276 37.9416 6.38658 0.132418
0.9 0.42331 37.9411 7.17549 0.132908
1 0.470345 37.9405 7.96114 0.133455
1.1 0.517379 37.9399 8.7432 0.134059
1.2 0.564413 37.9393 9.52133 0.134722
1.3 0.611448 37.9386 10.2952 0.135442
1.4 0.658482 37.9378 11.0646 0.136219
1.5 0.705516 37.9369 11.8291 0.137054
1.6 0.75255 37.9361 12.5885 0.137947
1.7 0.799584 37.9351 13.3425 0.138897
1.8 0.846618 37.9341 14.0909 0.139904
1.9 0.893651 37.933 14.8333 0.14097
2 0.940685 37.9319 15.5697 0.142093
2.1 0.987719 37.9307 16.2997 0.143273
2.2 1.03475 37.9295 17.0231 0.144511
2.3 1.08179 37.9282 17.7398 0.145807
2.4 1.12882 37.9268 18.4496 0.14716
2.5 1.17585 37.9254 19.1523 0.14857
2.6 1.22289 37.924 19.8477 0.150038
2.7 1.26992 37.9224 20.5357 0.151564
2.8 1.31695 37.9209 21.2162 0.153147
2.9 1.36398 37.9192 21.889 0.154788
3 1.41102 37.9175 22.5541 0.156486
3.1 1.45805 37.9158 23.2113 0.158242
3.2 1.50508 37.9139 23.8606 0.160055
3.3 1.55211 37.9121 24.5019 0.161926
3.4 1.59915 37.9101 25.1351 0.163854
3.5 1.64618 37.9082 25.7602 0.16584
3.6 1.69321 37.9061 26.3772 0.167883
3.7 1.74024 37.904 26.986 0.169984
3.8 1.78727 37.9019 27.5866 0.172142
3.9 1.8343 37.8996 28.179 0.174358
4 1.88134 37.8974 28.7631 0.176631
4.1 1.92837 37.895 29.3391 0.178962
4.2 1.9754 37.8927 29.9068 0.18135
4.3 2.02243 37.8902 30.4664 0.183795
4.4 2.06946 37.8877 31.0178 0.186298
4.5 2.11649 37.8851 31.5611 0.188859
4.6 2.16352 37.8825 32.0964 0.191476
4.7 2.21055 37.8798 32.6236 0.194152
4.8 2.25758 37.8771 33.1428 0.196884
4.9 2.30461 37.8743 33.654 0.199674
5 2.35164 37.8715 34.1575 0.202521
5.1 2.39867 37.8686 34.6531 0.205426
5.2 2.4457 37.8656 35.1409 0.208388
5.3 2.49272 37.8626 35.6212 0.211408
5.4 2.53975 37.8595 36.0938 0.214484
5.5 2.58678 37.8564 36.5589 0.217619
5.6 2.63381 37.8532 37.0166 0.22081
5.7 2.68084 37.8499 37.4669 0.224059
5.8 2.72786 37.8466 37.9099 0.227365
5.9 2.77489 37.8433 38.3458 0.230728
6 2.82192 37.8399 38.7746 0.234149
6.1 2.86894 37.8364 39.1964 0.237627
6.2 2.91597 37.8328 39.6113 0.241162
6.3 2.963 37.8292 40.0193 0.244754
6.4 3.01002 37.8256 40.4207 0.248404
6.5 3.05705 37.8219 40.8154 0.252111
6.6 3.10407 37.8181 41.2035 0.255875
6.7 3.1511 37.8143 41.5852 0.259697
6.8 3.19812 37.8104 41.9606 0.263575
6.9 3.24515 37.8065 42.3297 0.267511
7 3.29217 37.8025 42.6926 0.271504
7.1 3.3392 37.7984 43.0494 0.275554
7.2 3.38622 37.7943 43.4003 0.279661
7.3 3.43324 37.7902 43.7453 0.283826
7.4 3.48026 37.786 44.0845 0.288047
7.5 3.52729 37.7817 44.418 0.292326
7.6 3.57431 37.7773 44.7459 0.296662
7.7 3.62133 37.7729 45.0683 0.301055
7.8 3.66835 37.7685 45.3852 0.305504
7.9 3.71537 37.764 45.6968 0.310011
8 3.7624 37.7594 46.0032 0.314575
8.1 3.80942 37.7548 46.3043 0.319196
8.2 3.85644 37.7501 46.6004 0.323875
8.3 3.90346 37.7454 46.8915 0.32861
8.4 3.95048 37.7406 47.1778 0.333402
8.5 3.99749 37.7357 47.4591 0.338251
8.6 4.04451 37.7308 47.7358 0.343157
8.7 4.09153 37.7259 48.0077 0.34812
8.8 4.13855 37.7209 48.2751 0.353139
8.9 4.18557 37.7158 48.538 0.358216
9 4.23258 37.7107 48.7964 0.36335
9.1 4.2796 37.7055 49.0505 0.368541
9.2 4.32662 37.7002 49.3003 0.373788
9.3 4.37363 37.6949 49.546 0.379092
9.4 4.42065 37.6895 49.7874 0.384453
9.5 4.46766 37.6841 50.0249 0.389871
9.6 4.51468 37.6787 50.2583 0.395346
9.7 4.56169 37.6731 50.4878 0.400878
9.8 4.60871 37.6675 50.7135 0.406466
9.9 4.65572 37.6619 50.9354 0.412111
10 4.70273 37.6562 51.1536 0.417813
10.1 4.74975 37.6504 51.3681 0.423571
10.2 4.79676 37.6446 51.579 0.429387
10.3 4.84377 37.6387 51.7864 0.435259
10.4 4.89078 37.6328 51.9903 0.441187
10.5 4.93779 37.6268 52.1909 0.447172
10.6 4.9848 37.6208 52.388 0.453214
10.7 5.03181 37.6147 52.5819 0.459313
10.8 5.07882 37.6085 52.7726 0.465468
10.9 5.12583 37.6023 52.9601 0.471679
11 5.17284 37.5961 53.1444 0.477947
11.1 5.21985 37.5897 53.3257 0.484272
11.2 5.26686 37.5833 53.504 0.490653
11.3 5.31386 37.5769 53.6793 0.497091
11.4 5.36087 37.5704 53.8517 0.503585
11.5 5.40788 37.5639 54.0213 0.510136
11.6 5.45488 37.5573 54.188 0.516743
11.7 5.50189 37.5506 54.3519 0.523407
11.8 5.54889 37.5439 54.5132 0.530127
11.9 5.5959 37.5371 54.6718 0.536903
12 5.6429 37.5303 54.8277 0.543735
12.1 5.6899 37.5234 54.9811 0.550624
12.2 5.7369 37.5164 55.1319 0.55757
12.3 5.78391 37.5094 55.2802 0.564571
12.4 5.83091 37.5024 55.4261 0.571629
12.5 5.87791 37.4953 55.5695 0.578743
12.6 5.92491 37.4881 55.7106 0.585914
12.7 5.97191 37.4809 55.8494 0.59314
12.8 6.01891 37.4736 55.9858 0.600423
12.9 6.06591 37.4662 56.12 0.607762
13 6.1129 37.4588 56.252 0.615157
13.1 6.1599 37.4514 56.3818 0.622608
13.2 6.2069 37.4439 56.5094 0.630115
13.3 6.2539 37.4363 56.635 0.637679
13.4 6.30089 37.4287 56.7584 0.645298
13.5 6.34789 37.421 56.8798 0.652973
13.6 6.39488 37.4133 56.9992 0.660705
13.7 6.44188 37.4055 57.1167 0.668492
13.8 6.48887 37.3977 57.2321 0.676335
13.9 6.53586 37.3898 57.3457 0.684235
14 6.58285 37.3818 57.4574 0.69219
14.1 6.62985 37.3738 57.5672 0.700201
14.2 6.67684 37.3657 57.6752 0.708268
14.3 6.72383 37.3576 57.7814 0.71639
14.4 6.77082 37.3494 57.8858 0.724569
14.5 6.81781 37.3412 57.9885 0.732803
14.6 6.86479 37.3329 58.0895 0.741093
14.7 6.91178 37.3246 58.1888 0.749439
14.8 6.95877 37.3162 58.2864 0.757841
14.9 7.00576 37.3077 58.3824 0.766298
15 7.05274 37.2992 58.4768 0.774811
15.1 7.09973 37.2906 58.5696 0.783379
15.2 7.14671 37.282 58.6609 0.792004
15.3 7.19369 37.2733 58.7506 0.800683
15.4 7.24068 37.2646 58.8388 0.809418
15.5 7.28766 37.2558 58.9255 0.818209
15.6 7.33464 37.2469 59.0108 0.827055
15.7 7.38162 37.238 59.0946 0.835957
15.8 7.4286 37.2291 59.177 0.844914
15.9 7.47558 37.2201 59.258 0.853927
16 7.52256 37.211 59.3376 0.862995
16.1 7.56954 37.2019 59.4158 0.872118
16.2 7.61652 37.1927 59.4927 0.881297
16.3 7.66349 37.1835 59.5683 0.890531
16.4 7.71047 37.1742 59.6426 0.89982
16.5 7.75745 37.1648 59.7156 0.909165
16.6 7.80442 37.1554 59.7874 0.918565
16.7 7.85139 37.146 59.8579 0.92802
16.8 7.89837 37.1365 59.9271 0.93753
16.9 7.94534 37.1269 59.9952 0.947095
17 7.99231 37.1173 60.0621 0.956715
17.1 8.03928 37.1076 60.1278 0.966391
17.2 8.08625 37.0979 60.1923 0.976121
17.3 8.13322 37.0881 60.2558 0.985907
17.4 8.18019 37.0783 60.318 0.995747
17.5 8.22716 37.0684 60.3792 1.00564
17.6 8.27413 37.0584 60.4393 1.01559
17.7 8.32109 37.0484 60.4983 1.0256
17.8 8.36806 37.0383 60.5563 1.03566
17.9 8.41502 37.0282 60.6132 1.04577
18 8.46199 37.0181 60.669 1.05594
18.1 8.50895 37.0078 60.7239 1.06617
18.2 8.55591 36.9976 60.7777 1.07645
18.3 8.60287 36.9872 60.8306 1.08678
18.4 8.64983 36.9768 60.8825 1.09717
18.5 8.69679 36.9664 60.9334 1.10761
18.6 8.74375 36.9559 60.9834 1.11811
18.7 8.79071 36.9453 61.0324 1.12866
18.8 8.83767 36.9347 61.0805 1.13927
18.9 8.88463 36.9241 61.1277 1.14993
19 8.93158 36.9134 61.174 1.16065
19.1 8.97854 36.9026 61.2194 1.17142
19.2 9.02549 36.8918 61.2639 1.18224
19.3 9.07244 36.8809 61.3076 1.19312
19.4 9.1194 36.8699 61.3504 1.20406
19.5 9.16635 36.859 61.3924 1.21504
19.6 9.2133 36.8479 61.4335 1.22609
19.7 9.26025 36.8368 61.4739 1.23718
19.8 9.3072 36.8257 61.5134 1.24833
19.9 9.35414 36.8145 61.5521 1.25954
20 9.40109 36.8032 61.59 1.2708
20.1 9.44804 36.7919 61.6272 1.28211
20.2 9.49498 36.7805 61.6636 1.29348
20.3 9.54193 36.7691 61.6992 1.3049
20.4 9.58887 36.7576 61.7341 1.31638
20.5 9.63581 36.7461 61.7682 1.32791
20.6 9.68275 36.7345 61.8016 1.33949
20.7 9.72969 36.7229 61.8343 1.35113
20.8 9.77663 36.7112 61.8663 1.36282
20.9 9.82357 36.6994 61.8975 1.37456
21 9.87051 36.6876 61.9281 1.38636
21.1 9.91745 36.6758 61.958 1.39821
21.2 9.96438 36.6639 61.9872 1.41012
21.3 10.0113 36.6519 62.0158 1.42208
21.4 10.0583 36.6399 62.0437 1.43409
21.5 10.1052 36.6278 62.0709 1.44616
21.6 10.1521 36.6157 62.0975 1.45828
21.7 10.199 36.6035 62.1235 1.47046
21.8 10.246 36.5913 62.1488 1.48268
21.9 10.2929 36.579 62.1735 1.49497
22 10.3398 36.5667 62.1977 1.5073
22.1 10.3868 36.5543 62.2211 1.51969
22.2 10.4337 36.5419 62.244 1.53213
22.3 10.4806 36.5294 62.2664 1.54462
22.4 10.5275 36.5168 62.2881 1.55717
22.5 10.5745 36.5042 62.3092 1.56977
22.6 10.6214 36.4916 62.3298 1.58243
22.7 10.6683 36.4789 62.3498 1.59514
22.8 10.7152 36.4661 62.3693 1.6079
22.9 10.7621 36.4533 62.3882 1.62071
23 10.8091 36.4404 62.4065 1.63358
23.1 10.856 36.4275 62.4243 1.6465
23.2 10.9029 36.4145 62.4416 1.65947
23.3 10.9498 36.4015 62.4584 1.6725
23.4 10.9967 36.3884 62.4747 1.68558
23.5 11.0436 36.3753 62.4904 1.69871
23.6 11.0905 36.3621 62.5056 1.71189
23.7 11.1375 36.3489 62.5203 1.72513
23.8 11.1844 36.3356 62.5346 1.73842
23.9 11.2313 36.3222 62.5483 1.75176
24 11.2782 36.3088 62.5616 1.76516
24.1 11.3251 36.2954 62.5743 1.77861
24.2 11.372 36.2819 62.5866 1.79211
24.3 11.4189 36.2683 62.5985 1.80566
24.4 11.4658 36.2547 62.6098 1.81927
24.5 11.5127 36.2411 62.6207 1.83293
24.6 11.5596 36.2274 62.6312 1.84664
24.7 11.6065 36.2136 62.6412 1.8604
24.8 11.6534 36.1998 62.6508 1.87421
24.9 11.7003 36.1859 62.6599 1.88808
25 11.7472 36.172 62.6686 1.902
25.1 11.7941 36.158 62.6768 1.91597
25.2 11.841 36.144 62.6847 1.93
25.3 11.8879 36.1299 62.6921 1.94407
25.4 11.9348 36.1158 62.6991 1.9582
25.5 11.9817 36.1016 62.7057 1.97238
25.6 12.0285 36.0874 62.7119 1.98661
25.7 12.0754 36.0731 62.7177 2.0009
25.8 12.1223 36.0588 62.723 2.01523
25.9 12.1692 36.0444 62.728 2.02962
26 12.2161 36.0299 62.7326 2.04406
26.1 12.263 36.0154 62.7369 2.05855
26.2 12.3098 36.0009 62.7407 2.0731
26.3 12.3567 35.9863 62.7442 2.08769
26.4 12.4036 35.9717 62.7472 2.10234
26.5 12.4505 35.957 62.75 2.11704
26.6 12.4974 35.9422 62.7523 2.13179
26.7 12.5442 35.9274 62.7543 2.14659
26.8 12.5911 35.9126 62.7559 2.16144
26.9 12.638 35.8977 62.7572 2.17634
27 12.6849 35.8827 62.7581 2.1913
27.1 12.7317 35.8677 62.7587 2.20631
27.2 12.7786 35.8526 62.7589 2.22136
27.3 12.8255 35.8375 62.7588 2.23647
27.4 12.8723 35.8224 62.7584 2.25163
27.5 12.9192 35.8072 62.7576 2.26685
27.6 12.9661 35.7919 62.7565 2.28211
27.7 13.0129 35.7766 62.7551 2.29742
27.8 13.0598 35.7612 62.7533 2.31279
27.9 13.1066 35.7458 62.7512 2.3282
28 13.1535 35.7303 62.7489 2.34367
28.1 13.2004 35.7148 62.7462 2.35919
28.2 13.2472 35.6992 62.7431 2.37475
28.3 13.2941 35.6836 62.7398 2.39037
28.4 13.3409 35.668 62.7362 2.40604
28.5 13.3878 35.6522 62.7322 2.42176
28.6 13.4346 35.6365 62.728 2.43753
28.7 13.4815 35.6206 62.7235 2.45336
28.8 13.5283 35.6048 62.7187 2.46923
28.9 13.5752 35.5888 62.7136 2.48515
29 13.622 35.5729 62.7082 2.50112
29.1 13.6689 35.5569 62.7025 2.51715
29.2 13.7157 35.5408 62.6965 2.53322
29.3 13.7626 35.5247 62.6903 2.54934
29.4 13.8094 35.5085 62.6838 2.56552
29.5 13.8562 35.4923 62.677 2.58174
29.6 13.9031 35.476 62.6699 2.59802
29.7 13.9499 35.4597 62.6626 2.61434
29.8 13.9967 35.4433 62.655 2.63072
29.9 14.0436 35.4269 62.6471 2.64714
30 14.0904 35.4104 62.639 2.66361
30.1 14.1372 35.3939 62.6306 2.68014
30.2 14.1841 35.3773 62.622 2.69671
30.3 14.2309 35.3607 62.6131 2.71334
30.4 14.2777 35.344 62.6039 2.73001
30.5 14.3245 35.3273 62.5945 2.74673
30.6 14.3714 35.3105 62.5849 2.76351
30.7 14.4182 35.2937 62.575 2.78033
30.8 14.465 35.2768 62.5649 2.7972
30.9 14.5118 35.2599 62.5545 2.81412
31 14.5586 35.2429 62.5439 2.83109
31.1 14.6055 35.2259 62.5331 2.84811
31.2 14.6523 35.2088 62.522 2.86518
31.3 14.6991 35.1917 62.5107 2.8823
31.4 14.7459 35.1745 62.4991 2.89947
31.5 14.7927 35.1573 62.4874 2.91669
31.6 14.8395 35.14 62.4754 2.93395
31.7 14.8863 35.1227 62.4632 2.95127
31.8 14.9331 35.1054 62.4507 2.96863
31.9 14.9799 35.088 62.4381 2.98605
32 15.0267 35.0705 62.4252 3.00351
32.1 15.0735 35.053 62.4121 3.02102
32.2 15.1203 35.0354 62.3988 3.03858
32.3 15.1671 35.0178 62.3853 3.05619
32.4 15.2139 35.0002 62.3716 3.07385
32.5 15.2607 34.9824 62.3576 3.09155
32.6 15.3075 34.9647 62.3435 3.10931
32.7 15.3543 34.9469 62.3292 3.12711
32.8 15.4011 34.929 62.3146 3.14496
32.9 15.4479 34.9111 62.2999 3.16286
33 15.4947 34.8932 62.2849 3.18081
33.1 15.5415 34.8752 62.2698 3.19881
33.2 15.5882 34.8571 62.2544 3.21685
33.3 15.635 34.8391 62.2389 3.23494
33.4 15.6818 34.8209 62.2232 3.25308
33.5 15.7286 34.8027 62.2073 3.27127
33.6 15.7754 34.7845 62.1912 3.28951
33.7 15.8221 34.7662 62.1749 3.3078
33.8 15.8689 34.7479 62.1584 3.32613
33.9 15.9157 34.7295 62.1417 3.34451
34 15.9625 34.7111 62.1249 3.36294
34.1 16.0092 34.6926 62.1078 3.38142
34.2 16.056 34.6741 62.0906 3.39994
34.3 16.1028 34.6555 62.0732 3.41851
34.4 16.1495 34.6369 62.0557 3.43713
34.5 16.1963 34.6182 62.0379 3.4558
34.6 16.243 34.5995 62.02 3.47451
34.7 16.2898 34.5807 62.0019 3.49327
34.8 16.3366 34.5619 61.9836 3.51208
34.9 16.3833 34.5431 61.9652 3.53094
35 16.4301 34.5242 61.9466 3.54984
35.1 16.4768 34.5052 61.9279 3.56879
35.2 16.5236 34.4862 61.9089 3.58779
35.3 16.5703 34.4672 61.8898 3.60684
35.4 16.6171 34.4481 61.8706 3.62593
35.5 16.6638 34.4289 61.8511 3.64507
35.6 16.7105 34.4097 61.8316 3.66425
35.7 16.7573 34.3905 61.8118 3.68349
35.8 16.804 34.3712 61.7919 3.70277
35.9 16.8508 34.3519 61.7719 3.72209
36 16.8975 34.3325 61.7517 3.74147
36.1 16.9442 34.3131 61.7313 3.76088
36.2 16.991 34.2936 61.7108 3.78035
36.3 17.0377 34.2741 61.6901 3.79986
36.4 17.0844 34.2546 61.6693 3.81942
36.5 17.1312 34.235 61.6483 3.83903
36.6 17.1779 34.2153 61.6272 3.85868
36.7 17.2246 34.1956 61.6059 3.87838
36.8 17.2713 34.1759 61.5845 3.89812
36.9 17.318 34.1561 61.563 3.91791
37 17.3648 34.1363 61.5413 3.93775
37.1 17.4115 34.1164 61.5194 3.95763
37.2 17.4582 34.0964 61.4974 3.97756
37.3 17.5049 34.0765 61.4753 3.99753
37.4 17.5516 34.0564 61.4531 4.01755
37.5 17.5983 34.0364 61.4307 4.03762
37.6 17.645 34.0163 61.4081 4.05773
37.7 17.6917 33.9961 61.3854 4.07788
37.8 17.7384 33.9759 61.3626 4.09809
37.9 17.7851 33.9557 61.3397 4.11833
38 17.8318 33.9354 61.3166 4.13863
38.1 17.8785 33.915 61.2934 4.15897
38.2 17.9252 33.8946 61.2701 4.17935
38.3 17.9719 33.8742 61.2466 4.19978
38.4 18.0186 33.8537 61.223 4.22025
38.5 18.0653 33.8332 61.1993 4.24077
38.6 18.112 33.8127 61.1754 4.26134
38.7 18.1587 33.7921 61.1515 4.28195
38.8 18.2054 33.7714 61.1274 4.3026
38.9 18.252 33.7507 61.1031 4.3233
39 18.2987 33.73 61.0788 4.34405
39.1 18.3454 33.7092 61.0543 4.36484
39.2 18.3921 33.6883 61.0297 4.38567
39.3 18.4388 33.6675 61.005 4.40655
39.4 18.4854 33.6465 60.9801 4.42747
39.5 18.5321 33.6256 60.9552 4.44844
39.6 18.5788 33.6045 60.9301 4.46945
39.7 18.6254 33.5835 60.9049 4.49051
39.8 18.6721 33.5624 60.8796 4.51161
39.9 18.7188 33.5412 60.8542 4.53275
40 18.7654 33.5201 60.8287 4.55394
40.1 18.8121 33.4988 60.803 4.57517
40.2 18.8587 33.4775 60.7773 4.59645
40.3 18.9054 33.4562 60.7514 4.61777
40.4 18.952 33.4349 60.7254 4.63914
40.5 18.9987 33.4135 60.6993 4.66055
40.6 19.0453 33.392 60.6731 4.682
40.7 19.092 33.3705 60.6468 4.7035
40.8 19.1386 33.349 60.6204 4.72504
40.9 19.1853 33.3274 60.5938 4.74662
41 19.2319 33.3058 60.5672 4.76825
41.1 19.2785 33.2841 60.5404 4.78992
41.2 19.3252 33.2624 60.5136 4.81163
41.3 19.3718 33.2406 60.4866 4.83339
41.4 19.4184 33.2188 60.4596 4.85519
41.5 19.4651 33.197 60.4324 4.87704
41.6 19.5117 33.1751 60.4052 4.89892
41.7 19.5583 33.1531 60.3778 4.92085
41.8 19.6049 33.1312 60.3503 4.94283
41.9 19.6516 33.1092 60.3228 4.96484
42 19.6982 33.0871 60.2951 4.9869
42.1 19.7448 33.065 60.2673 5.009
42.2 19.7914 33.0429 60.2395 5.03115
42.3 19.838 33.0207 60.2115 5.05334
42.4 19.8846 32.9984 60.1835 5.07556
42.5 19.9312 32.9762 60.1553 5.09784
42.6 19.9778 32.9538 60.1271 5.12015
42.7 20.0244 32.9315 60.0987 5.14251
42.8 20.071 32.9091 60.0703 5.16491
42.9 20.1176 32.8866 60.0418 5.18735
43 20.1642 32.8642 60.0131 5.20983
43.1 20.2108 32.8416 59.9844 5.23236
43.2 20.2574 32.8191 59.9556 5.25493
43.3 20.304 32.7965 59.9267 5.27754
43.4 20.3506 32.7738 59.8977 5.30019
43.5 20.3972 32.7511 59.8686 5.32289
43.6 20.4437 32.7284 59.8395 5.34562
43.7 20.4903 32.7056 59.8102 5.3684
43.8 20.5369 32.6828 59.7809 5.39122
43.9 20.5835 32.6599 59.7515 5.41408
44 20.63 32.637 59.7219 5.43698
44.1 20.6766 32.6141 59.6923 5.45992
44.2 20.7232 32.5911 59.6626 5.48291
44.3 20.7698 32.5681 59.6329 5.50593
44.4 20.8163 32.545 59.603 5.529
44.5 20.8629 32.5219 59.5731 5.55211
44.6 20.9094 32.4987 59.543 5.57526
44.7 20.956 32.4755 59.5129 5.59845
44.8 21.0025 32.4523 59.4827 5.62168
44.9 21.0491 32.429 59.4525 5.64495
45 21.0956 32.4057 59.4221 5.66827
45.1 21.1422 32.3824 59.3917 5.69162
45.2 21.1887 32.359 59.3612 5.71502
45.3 21.2353 32.3355 59.3306 5.73845
45.4 21.2818 32.3121 59.2999 5.76193
45.5 21.3283 32.2886 59.2691 5.78544
45.6 21.3749 32.265 59.2383 5.809
45.7 21.4214 32.2414 59.2074 5.8326
45.8 21.4679 32.2178 59.1764 5.85623
45.9 21.5145 32.1941 59.1453 5.87991
46 21.561 32.1704 59.1142 5.90363
46.1 21.6075 32.1466 59.083 5.92739
46.2 21.654 32.1228 59.0517 5.95118
46.3 21.7006 32.099 59.0203 5.97502
46.4 21.7471 32.0751 58.9889 5.9989
46.5 21.7936 32.0512 58.9574 6.02281
46.6 21.8401 32.0272 58.9258 6.04677
46.7 21.8866 32.0032 58.8941 6.07077
46.8 21.9331 31.9792 58.8624 6.0948
46.9 21.9796 31.9551 58.8306 6.11888
47 22.0261 31.931 58.7987 6.14299
47.1 22.0726 31.9069 58.7668 6.16714
47.2 22.1191 31.8827 58.7348 6.19134
47.3 22.1656 31.8584 58.7027 6.21557
47.4 22.2121 31.8342 58.6705 6.23984
47.5 22.2586 31.8099 58.6383 6.26415
47.6 22.305 31.7855 58.606 6.2885
47.7 22.3515 31.7611 58.5736 6.31288
47.8 22.398 31.7367 58.5412 6.33731
47.9 22.4445 31.7122 58.5087 6.36177
48 22.4909 31.6877 58.4761 6.38628
48.1 22.5374 31.6632 58.4435 6.41082
48.2 22.5839 31.6386 58.4108 6.4354
48.3 22.6303 31.614 58.378 6.46002
48.4 22.6768 31.5893 58.3452 6.48468
48.5 22.7233 31.5646 58.3123 6.50937
48.6 22.7697 31.5399 58.2793 6.53411
48.7 22.8162 31.5151 58.2463 6.55888
48.8 22.8626 31.4903 58.2132 6.58369
48.9 22.9091 31.4655 58.1801 6.60854
49 22.9555 31.4406 58.1468 6.63342
49.1 23.002 31.4157 58.1136 6.65834
49.2 23.0484 31.3907 58.0802 6.68331
49.3 23.0948 31.3657 58.0468 6.7083
49.4 23.1413 31.3407 58.0133 6.73334
49.5 23.1877 31.3156 57.9798 6.75841
49.6 23.2341 31.2905 57.9462 6.78352
49.7 23.2806 31.2653 57.9126 6.80867
49.8 23.327 31.2401 57.8789 6.83386
49.9 23.3734 31.2149 57.8451 6.85908
50 23.4198 31.1897 57.8113 6.88434
50.1 23.4662 31.1644 57.7774 6.90964
50.2 23.5127 31.139 57.7434 6.93497
50.3 23.5591 31.1137 57.7094 6.96034
50.4 23.6055 31.0882 57.6753 6.98575
50.5 23.6519 31.0628 57.6412 7.0112
50.6 23.6983 31.0373 57.607 7.03668
50.7 23.7447 31.0118 57.5728 7.06219
50.8 23.7911 30.9863 57.5385 7.08775
50.9 23.8375 30.9607 57.5041 7.11334
51 23.8839 30.935 57.4697 7.13896
51.1 23.9302 30.9094 57.4353 7.16463
51.2 23.9766 30.8837 57.4007 7.19033
51.3 24.023 30.8579 57.3662 7.21606
51.4 24.0694 30.8322 57.3315 7.24183
51.5 24.1158 30.8064 57.2969 7.26764
51.6 24.1621 30.7805 57.2621 7.29348
51.7 24.2085 30.7546 57.2273 7.31936
51.8 24.2549 30.7287 57.1925 7.34528
51.9 24.3012 30.7028 57.1576 7.37123
52 24.3476 30.6768 57.1226 7.39721
52.1 24.3939 30.6508 57.0876 7.42323
52.2 24.4403 30.6247 57.0526 7.44929
52.3 24.4866 30.5986 57.0174 7.47538
52.4 24.533 30.5725 56.9823 7.50151
52.5 24.5793 30.5463 56.9471 7.52767
52.6 24.6257 30.5201 56.9118 7.55387
52.7 24.672 30.4939 56.8765 7.5801
52.8 24.7184 30.4676 56.8411 7.60637
52.9 24.7647 30.4413 56.8057 7.63267
53 24.811 30.415 56.7702 7.65901
53.1 24.8573 30.3886 56.7347 7.68538
53.2 24.9037 30.3622 56.6991 7.71178
53.3 24.95 30.3358 56.6635 7.73822
53.4 24.9963 30.3093 56.6278 7.7647
53.5 25.0426 30.2828 56.5921 7.79121
53.6 25.0889 30.2563 56.5564 7.81775
53.7 25.1352 30.2297 56.5206 7.84433
53.8 25.1815 30.2031 56.4847 7.87094
53.9 25.2278 30.1764 56.4488 7.89758
54 25.2741 30.1497 56.4128 7.92426
54.1 25.3204 30.123 56.3768 7.95098
54.2 25.3667 30.0963 56.3408 7.97772
54.3 25.413 30.0695 56.3047 8.00451
54.4 25.4593 30.0427 56.2685 8.03132
54.5 25.5056 30.0158 56.2323 8.05817
54.6 25.5519 29.989 56.1961 8.08505
54.7 25.5981 29.962 56.1598 8.11196
54.8 25.6444 29.9351 56.1235 8.13891
54.9 25.6907 29.9081 56.0871 8.16589
55 25.7369 29.8811 56.0507 8.19291
55.1 25.7832 29.854 56.0142 8.21996
55.2 25.8295 29.827 55.9777 8.24704
55.3 25.8757 29.7999 55.9412 8.27415
55.4 25.922 29.7727 55.9046 8.3013
55.5 25.9682 29.7455 55.868 8.32847
55.6 26.0145 29.7183 55.8313 8.35569
55.7 26.0607 29.6911 55.7945 8.38293
55.8 26.1069 29.6638 55.7578 8.41021
55.9 26.1532 29.6365 55.721 8.43751
56 26.1994 29.6091 55.6841 8.46486
56.1 26.2456 29.5818 55.6472 8.49223
56.2 26.2919 29.5544 55.6103 8.51963
56.3 26.3381 29.5269 55.5733 8.54707
56.4 26.3843 29.4995 55.5363 8.57454
56.5 26.4305 29.472 55.4992 8.60204
56.6 26.4767 29.4444 55.4621 8.62958
56.7 26.5229 29.4169 55.425 8.65714
56.8 26.5691 29.3893 55.3878 8.68474
56.9 26.6153 29.3616 55.3505 8.71236
57 26.6615 29.334 55.3133 8.74002
57.1 26.7077 29.3063 55.276 8.76771
57.2 26.7539 29.2786 55.2386 8.79544
57.3 26.8001 29.2508 55.2012 8.82319
57.4 26.8463 29.223 55.1638 8.85097
57.5 26.8925 29.1952 55.1263 8.87879
57.6 26.9387 29.1674 55.0888 8.90664
57.7 26.9848 29.1395 55.0513 8.93451
57.8 27.031 29.1116 55.0137 8.96242
57.9 27.0772 29.0836 54.9761 8.99036
58 27.1233 29.0557 54.9384 9.01833
58.1 27.1695 29.0277 54.9007 9.04633
58.2 27.2156 28.9996 54.863 9.07436
58.3 27.2618 28.9716 54.8252 9.10242
58.4 27.3079 28.9435 54.7874 9.13051
58.5 27.3541 28.9154 54.7495 9.15863
58.6 27.4002 28.8872 54.7116 9.18678
58.7 27.4464 28.859 54.6737 9.21496
58.8 27.4925 28.8308 54.6357 9.24317
58.9 27.5386 28.8026 54.5977 9.27141
59 27.5847 28.7743 54.5597 9.29969
59.1 27.6309 28.746 54.5216 9.32799
59.2 27.677 28.7177 54.4835 9.35632
59.3 27.7231 28.6893 54.4454 9.38467
59.4 27.7692 28.6609 54.4072 9.41306
59.5 27.8153 28.6325 54.369 9.44148
59.6 27.8614 28.6041 54.3307 9.46993
59.7 27.9075 28.5756 54.2924 9.4984
59.8 27.9536 28.5471 54.2541 9.52691
59.9 27.9997 28.5186 54.2158 9.55544
60 28.0458 28.49 54.1774 9.58401
60.1 28.0919 28.4614 54.1389 9.6126
60.2 28.138 28.4328 54.1005 9.64122
60.3 28.184 28.4041 54.062 9.66987
60.4 28.2301 28.3755 54.0235 9.69855
60.5 28.2762 28.3467 53.9849 9.72725
60.6 28.3222 28.318 53.9463 9.75599
60.7 28.3683 28.2892 53.9077 9.78475
60.8 28.4143 28.2605 53.869 9.81354
60.9 28.4604 28.2316 53.8303 9.84236
61 28.5065 28.2028 53.7916 9.87121
61.1 28.5525 28.1739 53.7528 9.90009
61.2 28.5985 28.145 53.714 9.92899
61.3 28.6446 28.1161 53.6752 9.95792
61.4 28.6906 28.0871 53.6363 9.98688
61.5 28.7366 28.0581 53.5975 10.0159
61.6 28.7827 28.0291 53.5585 10.0449
61.7 28.8287 28.0001 53.5196 10.0739
61.8 28.8747 27.971 53.4806 10.103
61.9 28.9207 27.9419 53.4416 10.1321
62 28.9667 27.9128 53.4025 10.1612
62.1 29.0127 27.8836 53.3634 10.1904
62.2 29.0587 27.8545 53.3243 10.2195
62.3 29.1047 27.8253 53.2852 10.2487
62.4 29.1507 27.796 53.246 10.278
62.5 29.1967 27.7668 53.2068 10.3072
62.6 29.2427 27.7375 53.1676 10.3365
62.7 29.2887 27.7082 53.1283 10.3658
62.8 29.3346 27.6788 53.089 10.3952
62.9 29.3806 27.6495 53.0497 10.4245
63 29.4266 27.6201 53.0103 10.4539
63.1 29.4725 27.5907 52.9709 10.4833
63.2 29.5185 27.5612 52.9315 10.5128
63.3 29.5645 27.5318 52.892 10.5422
63.4 29.6104 27.5023 52.8526 10.5717
63.5 29.6563 27.4728 52.8131 10.6012
63.6 29.7023 27.4432 52.7735 10.6308
63.7 29.7482 27.4136 52.734 10.6604
63.8 29.7942 27.3841 52.6944 10.6899
63.9 29.8401 27.3544 52.6548 10.7196
64 29.886 27.3248 52.6151 10.7492
64.1 29.9319 27.2951 52.5754 10.7789
64.2 29.9778 27.2654 52.5357 10.8086
64.3 30.0238 27.2357 52.496 10.8383
64.4 30.0697 27.2059 52.4562 10.8681
64.5 30.1156 27.1762 52.4164 10.8978
64.6 30.1615 27.1464 52.3766 10.9276
64.7 30.2074 27.1166 52.3368 10.9574
64.8 30.2533 27.0867 52.2969 10.9873
64.9 30.2991 27.0568 52.257 11.0172
65 30.345 27.0269 52.217 11.0471
65.1 30.3909 26.997 52.1771 11.077
65.2 30.4368 26.9671 52.1371 11.1069
65.3 30.4826 26.9371 52.0971 11.1369
65.4 30.5285 26.9071 52.0571 11.1669
65.5 30.5744 26.8771 52.017 11.1969
65.6 30.6202 26.8471 51.9769 11.2269
65.7 30.6661 26.817 51.9368 11.257
65.8 30.7119 26.7869 51.8966 11.2871
65.9 30.7577 26.7568 51.8565 11.3172
66 30.8036 26.7267 51.8163 11.3473
66.1 30.8494 26.6965 51.7761 11.3775
66.2 30.8952 26.6663 51.7358 11.4077
66.3 30.9411 26.6361 51.6955 11.4379
66.4 30.9869 26.6059 51.6552 11.4681
66.5 31.0327 26.5757 51.6149 11.4983
66.6 31.0785 26.5454 51.5746 11.5286
66.7 31.1243 26.5151 51.5342 11.5589
66.8 31.1701 26.4848 51.4938 11.5892
66.9 31.2159 26.4544 51.4534 11.6196
67 31.2617 26.4241 51.4129 11.6499
67.1 31.3075 26.3937 51.3724 11.6803
67.2 31.3532 26.3633 51.3319 11.7107
67.3 31.399 26.3328 51.2914 11.7412
67.4 31.4448 26.3024 51.2509 11.7716
67.5 31.4905 26.2719 51.2103 11.8021
67.6 31.5363 26.2414 51.1697 11.8326
67.7 31.5821 26.2109 51.1291 11.8631
67.8 31.6278 26.1803 51.0884 11.8937
67.9 31.6735 26.1498 51.0477 11.9242
68 31.7193 26.1192 51.007 11.9548
68.1 31.765 26.0886 50.9663 11.9854
68.2 31.8108 26.058 50.9256 12.016
68.3 31.8565 26.0273 50.8848 12.0467
68.4 31.9022 25.9966 50.844 12.0774
68.5 31.9479 25.9659 50.8032 12.1081
68.6 31.9936 25.9352 50.7624 12.1388
68.7 32.0393 25.9045 50.7215 12.1695
68.8 32.085 25.8737 50.6806 12.2003
68.9 32.1307 25.843 50.6397 12.231
69 32.1764 25.8122 50.5988 12.2618
69.1 32.2221 25.7814 50.5579 12.2926
69.2 32.2678 25.7505 50.5169 12.3235
69.3 32.3135 25.7197 50.4759 12.3543
69.4 32.3591 25.6888 50.4349 12.3852
69.5 32.4048 25.6579 50.3938 12.4161
69.6 32.4504 25.627 50.3528 12.447
69.7 32.4961 25.596 50.3117 12.478
69.8 32.5418 25.5651 50.2706 12.5089
69.9 32.5874 25.5341 50.2295 12.5399
70 32.633 25.5031 50.1883 12.5709
70.1 32.6787 25.4721 50.1471 12.6019
70.2 32.7243 25.441 50.1059 12.633
70.3 32.7699 25.41 50.0647 12.664
70.4 32.8155 25.3789 50.0235 12.6951
70.5 32.8612 25.3478 49.9822 12.7262
70.6 32.9068 25.3167 49.941 12.7573
70.7 32.9524 25.2856 49.8997 12.7884
70.8 32.998 25.2544 49.8583 12.8196
70.9 33.0436 25.2232 49.817 12.8508
71 33.0891 25.192 49.7756 12.882
71.1 33.1347 25.1608 49.7342 12.9132
71.2 33.1803 25.1296 49.6928 12.9444
71.3 33.2259 25.0983 49.6514 12.9757
71.4 33.2714 25.0671 49.61 13.0069
71.5 33.317 25.0358 49.5685 13.0382
71.6 33.3625 25.0045 49.527 13.0695
71.7 33.4081 24.9732 49.4855 13.1008
71.8 33.4536 24.9418 49.444 13.1322
71.9 33.4992 24.9105 49.4024 13.1635
72 33.5447 24.8791 49.3609 13.1949
72.1 33.5902 24.8477 49.3193 13.2263
72.2 33.6357 24.8163 49.2777 13.2577
72.3 33.6813 24.7849 49.236 13.2891
72.4 33.7268 24.7534 49.1944 13.3206
72.5 33.7723 24.722 49.1527 13.352
72.6 33.8178 24.6905 49.111 13.3835
72.7 33.8633 24.659 49.0693 13.415
72.8 33.9087 24.6275 49.0276 13.4465
72.9 33.9542 24.5959 48.9858 13.4781
73 33.9997 24.5644 48.9441 13.5096
73.1 34.0452 24.5328 48.9023 13.5412
73.2 34.0906 24.5012 48.8605 13.5728
73.3 34.1361 24.4696 48.8187 13.6044
73.4 34.1815 24.438 48.7768 13.636
73.5 34.227 24.4064 48.735 13.6676
73.6 34.2724 24.3748 48.6931 13.6992
73.7 34.3179 24.3431 48.6512 13.7309
73.8 34.3633 24.3114 48.6093 13.7626
73.9 34.4087 24.2797 48.5674 13.7943
74 34.4541 24.248 48.5254 13.826
74.1 34.4995 24.2163 48.4834 13.8577
74.2 34.545 24.1845 48.4414 13.8895
74.3 34.5904 24.1528 48.3994 13.9212
74.4 34.6357 24.121 48.3574 13.953
74.5 34.6811 24.0892 48.3154 13.9848
74.6 34.7265 24.0574 48.2733 14.0166
74.7 34.7719 24.0256 48.2312 14.0484
74.8 34.8173 23.9937 48.1891 14.0803
74.9 34.8626 23.9619 48.147 14.1121
75 34.908 23.93 48.1049 14.144
75.1 34.9533 23.8981 48.0627 14.1759
75.2 34.9987 23.8662 48.0206 14.2078
75.3 35.044 23.8343 47.9784 14.2397
75.4 35.0893 23.8024 47.9362 14.2716
75.5 35.1347 23.7705 47.8939 14.3035
75.6 35.18 23.7385 47.8517 14.3355
75.7 35.2253 23.7065 47.8094 14.3675
75.8 35.2706 23.6746 47.7672 14.3994
75.9 35.3159 23.6426 47.7249 14.4314
76 35.3612 23.6105 47.6826 14.4635
76.1 35.4065 23.5785 47.6403 14.4955
76.2 35.4518 23.5465 47.5979 14.5275
76.3 35.4971 23.5144 47.5556 14.5596
76.4 35.5423 23.4824 47.5132 14.5916
76.5 35.5876 23.4503 47.4708 14.6237
76.6 35.6328 23.4182 47.4284 14.6558
76.7 35.6781 23.3861 47.386 14.6879
76.8 35.7233 23.354 47.3435 14.72
76.9 35.7686 23.3218 47.3011 14.7522
77 35.8138 23.2897 47.2586 14.7843
77.1 35.859 23.2575 47.2161 14.8165
77.2 35.9043 23.2253 47.1736 14.8487
77.3 35.9495 23.1932 47.1311 14.8808
77.4 35.9947 23.161 47.0885 14.913
77.5 36.0399 23.1288 47.046 14.9452
77.6 36.0851 23.0965 47.0034 14.9775
77.7 36.1302 23.0643 46.9608 15.0097
77.8 36.1754 23.032 46.9182 15.042
77.9 36.2206 22.9998 46.8756 15.0742
78 36.2658 22.9675 46.833 15.1065
78.1 36.3109 22.9352 46.7903 15.1388
78.2 36.3561 22.9029 46.7477 15.1711
78.3 36.4012 22.8706 46.705 15.2034
78.4 36.4464 22.8383 46.6623 15.2357
78.5 36.4915 22.806 46.6196 15.268
78.6 36.5366 22.7736 46.5768 15.3004
78.7 36.5817 22.7413 46.5341 15.3327
78.8 36.6268 22.7089 46.4913 15.3651
78.9 36.6719 22.6765 46.4486 15.3975
79 36.717 22.6442 46.4058 15.4298
79.1 36.7621 22.6118 46.363 15.4622
79.2 36.8072 22.5794 46.3202 15.4946
79.3 36.8523 22.5469 46.2773 15.5271
79.4 36.8974 22.5145 46.2345 15.5595
79.5 36.9424 22.4821 46.1916 15.5919
79.6 36.9875 22.4496 46.1487 15.6244
79.7 37.0325 22.4171 46.1058 15.6569
79.8 37.0776 22.3847 46.0629 15.6893
79.9 37.1226 22.3522 46.02 15.7218
80 37.1676 22.3197 45.9771 15.7543
80.1 37.2127 22.2872 45.9341 15.7868
80.2 37.2577 22.2547 45.8912 15.8193
80.3 37.3027 22.2222 45.8482 15.8518
80.4 37.3477 22.1896 45.8052 15.8844
80.5 37.3927 22.1571 45.7622 15.9169
80.6 37.4376 22.1245 45.7192 15.9495
80.7 37.4826 22.092 45.6761 15.982
80.8 37.5276 22.0594 45.6331 16.0146
80.9 37.5725 22.0268 45.59 16.0472
81 37.6175 21.9942 45.5469 16.0798
81.1 37.6624 21.9616 45.5038 16.1124
81.2 37.7074 21.929 45.4607 16.145
81.3 37.7523 21.8964 45.4176 16.1776
81.4 37.7972 21.8638 45.3745 16.2102
81.5 37.8422 21.8312 45.3313 16.2428
81.6 37.8871 21.7985 45.2882 16.2755
81.7 37.932 21.7659 45.245 16.3081
81.8 37.9769 21.7332 45.2018 16.3408
81.9 38.0218 21.7006 45.1586 16.3734
82 38.0666 21.6679 45.1154 16.4061
82.1 38.1115 21.6352 45.0722 16.4388
82.2 38.1564 21.6025 45.0289 16.4715
82.3 38.2012 21.5698 44.9857 16.5042
82.4 38.2461 21.5371 44.9424 16.5369
82.5 38.2909 21.5044 44.8991 16.5696
82.6 38.3357 21.4717 44.8558 16.6023
82.7 38.3806 21.439 44.8125 16.635
82.8 38.4254 21.4062 44.7692 16.6678
82.9 38.4702 21.3735 44.7259 16.7005
83 38.515 21.3407 44.6825 16.7333
83.1 38.5598 21.308 44.6392 16.766
83.2 38.6046 21.2752 44.5958 16.7988
83.3 38.6494 21.2424 44.5524 16.8316
83.4 38.6941 21.2097 44.509 16.8643
83.5 38.7389 21.1769 44.4656 16.8971
83.6 38.7836 21.1441 44.4222 16.9299
83.7 38.8284 21.1113 44.3787 16.9627
83.8 38.8731 21.0785 44.3353 16.9955
83.9 38.9178 21.0457 44.2918 17.0283
84 38.9626 21.0129 44.2483 17.0611
84.1 39.0073 20.98 44.2048 17.094
84.2 39.052 20.9472 44.1613 17.1268
84.3 39.0967 20.9144 44.1178 17.1596
84.4 39.1414 20.8815 44.0743 17.1925
84.5 39.1861 20.8487 44.0308 17.2253
84.6 39.2307 20.8159 43.9872 17.2581
84.7 39.2754 20.783 43.9437 17.291
84.8 39.32 20.7501 43.9001 17.3239
84.9 39.3647 20.7173 43.8565 17.3567
85 39.4093 20.6844 43.8129 17.3896
85.1 39.454 20.6515 43.7693 17.4225
85.2 39.4986 20.6186 43.7257 17.4554
85.3 39.5432 20.5858 43.682 17.4882
85.4 39.5878 20.5529 43.6384 17.5211
85.5 39.6324 20.52 43.5947 17.554
85.6 39.677 20.4871 43.5511 17.5869
85.7 39.7216 20.4542 43.5074 17.6198
85.8 39.7661 20.4213 43.4637 17.6527
85.9 39.8107 20.3884 43.42 17.6856
86 39.8552 20.3554 43.3763 17.7186
86.1 39.8998 20.3225 43.3325 17.7515
86.2 39.9443 20.2896 43.2888 17.7844
86.3 39.9888 20.2567 43.2451 17.8173
86.4 40.0334 20.2237 43.2013 17.8503
86.5 40.0779 20.1908 43.1575 17.8832
86.6 40.1224 20.1579 43.1137 17.9161
86.7 40.1669 20.1249 43.0699 17.9491
86.8 40.2113 20.092 43.0261 17.982
86.9 40.2558 20.059 42.9823 18.015
87 40.3003 20.0261 42.9385 18.0479
87.1 40.3447 19.9931 42.8946 18.0809
87.2 40.3892 19.9602 42.8508 18.1138
87.3 40.4336 19.9272 42.8069 18.1468
87.4 40.478 19.8942 42.7631 18.1798
87.5 40.5225 19.8613 42.7192 18.2127
87.6 40.5669 19.8283 42.6753 18.2457
87.7 40.6113 19.7953 42.6314 18.2787
87.8 40.6557 19.7624 42.5874 18.3116
87.9 40.7 19.7294 42.5435 18.3446
88 40.7444 19.6964 42.4996 18.3776
88.1 40.7888 19.6634 42.4556 18.4106
88.2 40.8331 19.6304 42.4117 18.4436
88.3 40.8775 19.5975 42.3677 18.4765
88.4 40.9218 19.5645 42.3237 18.5095
88.5 40.9661 19.5315 42.2797 18.5425
88.6 41.0104 19.4985 42.2357 18.5755
88.7 41.0548 19.4655 42.1917 18.6085
88.8 41.099 19.4325 42.1477 18.6415
88.9 41.1433 19.3995 42.1036 18.6745
89 41.1876 19.3665 42.0596 18.7075
89.1 41.2319 19.3335 42.0155 18.7405
89.2 41.2761 19.3005 41.9715 18.7735
89.3 41.3204 19.2675 41.9274 18.8065
89.4 41.3646 19.2345 41.8833 18.8395
89.5 41.4089 19.2016 41.8392 18.8724
89.6 41.4531 19.1686 41.7951 18.9054
89.7 41.4973 19.1356 41.751 18.9384
89.8 41.5415 19.1026 41.7068 18.9714
89.9 41.5857 19.0696 41.6627 19.0044
90 41.6298 19.0366 41.6186 19.0374
90.1 41.674 19.0036 41.5744 19.0704
90.2 41.7182 18.9706 41.5302 19.1034
90.3 41.7623 18.9376 41.4861 19.1364
90.4 41.8065 18.9046 41.4419 19.1694
90.5 41.8506 18.8716 41.3977 19.2024
90.6 41.8947 18.8386 41.3535 19.2354
90.7 41.9388 18.8056 41.3092 19.2684
90.8 41.9829 18.7726 41.265 19.3014
90.9 42.027 18.7396 41.2208 19.3344
91 42.0711 18.7066 41.1765 19.3674
91.1 42.1151 18.6736 41.1323 19.4004
91.2 42.1592 18.6406 41.088 19.4334
91.3 42.2032 18.6076 41.0437 19.4664
91.4 42.2473 18.5746 40.9994 19.4994
91.5 42.2913 18.5416 40.9551 19.5324
91.6 42.3353 18.5086 40.9108 19.5654
91.7 42.3793 18.4757 40.8665 19.5983
91.8 42.4233 18.4427 40.8222 19.6313
91.9 42.4673 18.4097 40.7779 19.6643
92 42.5113 18.3767 40.7335 19.6973
92.1 42.5552 18.3437 40.6892 19.7303
92.2 42.5992 18.3108 40.6448 19.7632
92.3 42.6431 18.2778 40.6004 19.7962
92.4 42.687 18.2448 40.556 19.8292
92.5 42.731 18.2119 40.5117 19.8621
92.6 42.7749 18.1789 40.4673 19.8951
92.7 42.8188 18.1459 40.4228 19.9281
92.8 42.8626 18.113 40.3784 19.961
92.9 42.9065 18.08 40.334 19.994
93 42.9504 18.0471 40.2896 20.0269
93.1 42.9942 18.0141 40.2451 20.0599
93.2 43.0381 17.9811 40.2007 20.0929
93.3 43.0819 17.9482 40.1562 20.1258
93.4 43.1257 17.9153 40.1117 20.1587
93.5 43.1695 17.8823 40.0673 20.1917
93.6 43.2133 17.8494 40.0228 20.2246
93.7 43.2571 17.8165 39.9783 20.2575
93.8 43.3009 17.7835 39.9338 20.2905
93.9 43.3446 17.7506 39.8892 20.3234
94 43.3884 17.7177 39.8447 20.3563
94.1 43.4321 17.6848 39.8002 20.3892
94.2 43.4758 17.6519 39.7556 20.4221
94.3 43.5195 17.6189 39.7111 20.4551
94.4 43.5632 17.586 39.6665 20.488
94.5 43.6069 17.5531 39.622 20.5209
94.6 43.6506 17.5202 39.5774 20.5538
94.7 43.6943 17.4874 39.5328 20.5866
94.8 43.7379 17.4545 39.4882 20.6195
94.9 43.7816 17.4216 39.4436 20.6524
95 43.8252 17.3887 39.399 20.6853
95.1 43.8688 17.3558 39.3544 20.7182
95.2 43.9124 17.323 39.3097 20.751
95.3 43.956 17.2901 39.2651 20.7839
95.4 43.9996 17.2573 39.2205 20.8167
95.5 44.0432 17.2244 39.1758 20.8496
95.6 44.0867 17.1916 39.1311 20.8824
95.7 44.1303 17.1587 39.0865 20.9153
95.8 44.1738 17.1259 39.0418 20.9481
95.9 44.2173 17.0931 38.9971 20.9809
96 44.2609 17.0603 38.9524 21.0137
96.1 44.3044 17.0274 38.9077 21.0466
96.2 44.3478 16.9946 38.863 21.0794
96.3 44.3913 16.9618 38.8183 21.1122
96.4 44.4348 16.929 38.7735 21.145
96.5 44.4782 16.8962 38.7288 21.1778
96.6 44.5216 16.8635 38.6841 21.2105
96.7 44.5651 16.8307 38.6393 21.2433
96.8 44.6085 16.7979 38.5946 21.2761
96.9 44.6519 16.7651 38.5498 21.3089
97 44.6953 16.7324 38.505 21.3416
97.1 44.7386 16.6996 38.4602 21.3744
97.2 44.782 16.6669 38.4154 21.4071
97.3 44.8253 16.6342 38.3706 21.4398
97.4 44.8687 16.6014 38.3258 21.4726
97.5 44.912 16.5687 38.281 21.5053
97.6 44.9553 16.536 38.2362 21.538
97.7 44.9986 16.5033 38.1914 21.5707
97.8 45.0418 16.4706 38.1465 21.6034
97.9 45.0851 16.4379 38.1017 21.6361
98 45.1284 16.4052 38.0568 21.6688
98.1 45.1716 16.3726 38.012 21.7014
98.2 45.2148 16.3399 37.9671 21.7341
98.3 45.258 16.3072 37.9222 21.7668
98.4 45.3012 16.2746 37.8773 21.7994
98.5 45.3444 16.2419 37.8324 21.8321
98.6 45.3876 16.2093 37.7875 21.8647
98.7 45.4307 16.1767 37.7426 21.8973
98.8 45.4739 16.1441 37.6977 21.9299
98.9 45.517 16.1115 37.6528 21.9625
99 45.5601 16.0789 37.6079 21.9951
99.1 45.6032 16.0463 37.5629 22.0277
99.2 45.6463 16.0137 37.518 22.0603
99.3 45.6894 15.9811 37.473 22.0929
99.4 45.7325 15.9486 37.4281 22.1254
99.5 45.7755 15.916 37.3831 22.158
99.6 45.8185 15.8835 37.3381 22.1905
99.7 45.8615 15.851 37.2931 22.223
99.8 45.9046 15.8184 37.2482 22.2556
99.9 45.9475 15.7859 37.2032 22.2881
100 45.9905 15.7534 37.1582 22.3206
100.1 46.0335 15.7209 37.1131 22.3531
100.2 46.0764 15.6884 37.0681 22.3856
100.3 46.1193 15.656 37.0231 22.418
100.4 46.1623 15.6235 36.9781 22.4505
100.5 46.2052 15.5911 36.933 22.4829
100.6 46.2481 15.5586 36.888 22.5154
100.7 46.2909 15.5262 36.8429 22.5478
100.8 46.3338 15.4938 36.7979 22.5802
100.9 46.3766 15.4614 36.7528 22.6126
101 46.4194 15.429 36.7077 22.645
101.1 46.4623 15.3966 36.6627 22.6774
101.2 46.5051 15.3642 36.6176 22.7098
101.3 46.5478 15.3318 36.5725 22.7422
101.4 46.5906 15.2995 36.5274 22.7745
101.5 46.6334 15.2671 36.4823 22.8069
101.6 46.6761 15.2348 36.4371 22.8392
101.7 46.7188 15.2025 36.392 22.8715
101.8 46.7615 15.1702 36.3469 22.9038
101.9 46.8042 15.1379 36.3018 22.9361
102 46.8469 15.1056 36.2566 22.9684
102.1 46.8895 15.0733 36.2115 23.0007
102.2 46.9322 15.0411 36.1663 23.0329
102.3 46.9748 15.0088 36.1212 23.0652
102.4 47.0174 14.9766 36.076 23.0974
102.5 47.06 14.9444 36.0308 23.1296
102.6 47.1026 14.9122 35.9856 23.1618
102.7 47.1452 14.88 35.9404 23.194
102.8 47.1877 14.8478 35.8952 23.2262
102.9 47.2302 14.8156 35.85 23.2584
103 47.2727 14.7834 35.8048 23.2906
103.1 47.3152 14.7513 35.7596 23.3227
103.2 47.3577 14.7192 35.7144 23.3548
103.3 47.4002 14.687 35.6692 23.387
103.4 47.4426 14.6549 35.6239 23.4191
103.5 47.4851 14.6228 35.5787 23.4512
103.6 47.5275 14.5908 35.5334 23.4832
103.7 47.5699 14.5587 35.4882 23.5153
103.8 47.6123 14.5266 35.4429 23.5474
103.9 47.6546 14.4946 35.3977 23.5794
104 47.697 14.4626 35.3524 23.6114
104.1 47.7393 14.4306 35.3071 23.6434
104.2 47.7816 14.3986 35.2618 23.6754
104.3 47.8239 14.3666 35.2165 23.7074
104.4 47.8662 14.3346 35.1712 23.7394
104.5 47.9085 14.3027 35.1259 23.7713
104.6 47.9507 14.2707 35.0806 23.8033
104.7 47.993 14.2388 35.0353 23.8352
104.8 48.0352 14.2069 34.99 23.8671
104.9 48.0774 14.175 34.9446 23.899
105 48.1195 14.1431 34.8993 23.9309
105.1 48.1617 14.1112 34.854 23.9628
105.2 48.2038 14.0794 34.8086 23.9946
105.3 48.246 14.0475 34.7633 24.0265
105.4 48.2881 14.0157 34.7179 24.0583
105.5 48.3302 13.9839 34.6725 24.0901
105.6 48.3722 13.9521 34.6272 24.1219
105.7 48.4143 13.9204 34.5818 24.1536
105.8 48.4563 13.8886 34.5364 24.1854
105.9 48.4983 13.8568 34.491 24.2172
106 48.5403 13.8251 34.4456 24.2489
106.1 48.5823 13.7934 34.4002 24.2806
106.2 48.6243 13.7617 34.3548 24.3123
106.3 48.6662 13.73 34.3094 24.344
106.4 48.7081 13.6984 34.264 24.3756
106.5 48.7501 13.6667 34.2186 24.4073
106.6 48.7919 13.6351 34.1731 24.4389
106.7 48.8338 13.6035 34.1277 24.4705
106.8 48.8757 13.5719 34.0822 24.5021
106.9 48.9175 13.5403 34.0368 24.5337
107 48.9593 13.5087 33.9913 24.5653
107.1 49.0011 13.4772 33.9459 24.5968
107.2 49.0429 13.4456 33.9004 24.6284
107.3 49.0846 13.4141 33.8549 24.6599
107.4 49.1263 13.3826 33.8095 24.6914
107.5 49.1681 13.3512 33.764 24.7228
107.6 49.2098 13.3197 33.7185 24.7543
107.7 49.2514 13.2882 33.673 24.7858
107.8 49.2931 13.2568 33.6275 24.8172
107.9 49.3347 13.2254 33.582 24.8486
108 49.3763 13.194 33.5365 24.88
108.1 49.4179 13.1626 33.491 24.9114
108.2 49.4595 13.1313 33.4455 24.9427
108.3 49.5011 13.0999 33.3999 24.9741
108.4 49.5426 13.0686 33.3544 25.0054
108.5 49.5841 13.0373 33.3089 25.0367
108.6 49.6256 13.006 33.2633 25.068
108.7 49.6671 12.9748 33.2178 25.0992
108.8 49.7085 12.9435 33.1722 25.1305
108.9 49.75 12.9123 33.1266 25.1617
109 49.7914 12.8811 33.0811 25.1929
109.1 49.8328 12.8499 33.0355 25.2241
109.2 49.8742 12.8187 32.9899 25.2553
109.3 49.9155 12.7876 32.9443 25.2864
109.4 49.9568 12.7564 32.8988 25.3176
109.5 49.9981 12.7253 32.8532 25.3487
109.6 50.0394 12.6942 32.8076 25.3798
109.7 50.0807 12.6631 32.762 25.4109
109.8 50.1219 12.6321 32.7164 25.4419
109.9 50.1632 12.601 32.6707 25.473
110 50.2044 12.57 32.6251 25.504
110.1 50.2456 12.539 32.5795 25.535
110.2 50.2867 12.5081 32.5339 25.5659
110.3 50.3278 12.4771 32.4882 25.5969
110.4 50.369 12.4462 32.4426 25.6278
110.5 50.4101 12.4152 32.397 25.6588
110.6 50.4511 12.3843 32.3513 25.6897
110.7 50.4922 12.3535 32.3056 25.7205
110.8 50.5332 12.3226 32.26 25.7514
110.9 50.5742 12.2918 32.2143 25.7822
111 50.6152 12.2609 32.1686 25.8131
111.1 50.6561 12.2301 32.123 25.8439
111.2 50.6971 12.1994 32.0773 25.8746
111.3 50.738 12.1686 32.0316 25.9054
111.4 50.7789 12.1379 31.9859 25.9361
111.5 50.8197 12.1072 31.9402 25.9668
111.6 50.8606 12.0765 31.8945 25.9975
111.7 50.9014 12.0458 31.8488 26.0282
111.8 50.9422 12.0152 31.8031 26.0588
111.9 50.983 11.9845 31.7574 26.0895
112 51.0237 11.9539 31.7117 26.1201
112.1 51.0644 11.9233 31.6659 26.1507
112.2 51.1051 11.8928 31.6202 26.1812
112.3 51.1458 11.8622 31.5745 26.2118
112.4 51.1865 11.8317 31.5287 26.2423
112.5 51.2271 11.8012 31.483 26.2728
112.6 51.2677 11.7707 31.4372 26.3033
112.7 51.3083 11.7403 31.3915 26.3337
112.8 51.3488 11.7099 31.3457 26.3641
112.9 51.3894 11.6794 31.3 26.3946
113 51.4299 11.6491 31.2542 26.4249
113.1 51.4704 11.6187 31.2084 26.4553
113.2 51.5108 11.5884 31.1626 26.4856
113.3 51.5513 11.558 31.1168 26.516
113.4 51.5917 11.5277 31.0711 26.5463
113.5 51.632 11.4975 31.0253 26.5765
113.6 51.6724 11.4672 30.9795 26.6068
113.7 51.7127 11.437 30.9337 26.637
113.8 51.753 11.4068 30.8879 26.6672
113.9 51.7933 11.3766 30.842 26.6974
114 51.8336 11.3464 30.7962 26.7276
114.1 51.8738 11.3163 30.7504 26.7577
114.2 51.914 11.2862 30.7046 26.7878
114.3 51.9542 11.2561 30.6588 26.8179
114.4 51.9943 11.226 30.6129 26.848
114.5 52.0345 11.196 30.5671 26.878
114.6 52.0746 11.166 30.5212 26.908
114.7 52.1146 11.136 30.4754 26.938
114.8 52.1547 11.106 30.4295 26.968
114.9 52.1947 11.0761 30.3837 26.9979
115 52.2347 11.0462 30.3378 27.0278
115.1 52.2746 11.0163 30.2919 27.0577
115.2 52.3146 10.9864 30.2461 27.0876
115.3 52.3545 10.9566 30.2002 27.1174
115.4 52.3944 10.9267 30.1543 27.1473
115.5 52.4342 10.8969 30.1084 27.1771
115.6 52.474 10.8672 30.0625 27.2068
115.7 52.5138 10.8374 30.0167 27.2366
115.8 52.5536 10.8077 29.9708 27.2663
115.9 52.5934 10.778 29.9249 27.296
116 52.6331 10.7483 29.879 27.3257
116.1 52.6728 10.7187 29.833 27.3553
116.2 52.7124 10.6891 29.7871 27.3849
116.3 52.752 10.6595 29.7412 27.4145
116.4 52.7916 10.6299 29.6953 27.4441
116.5 52.8312 10.6004 29.6494 27.4736
116.6 52.8707 10.5708 29.6034 27.5032
116.7 52.9103 10.5413 29.5575 27.5327
116.8 52.9497 10.5119 29.5115 27.5621
116.9 52.9892 10.4824 29.4656 27.5916
117 53.0286 10.453 29.4196 27.621
117.1 53.068 10.4236 29.3737 27.6504
117.2 53.1074 10.3943 29.3277 27.6797
117.3 53.1467 10.3649 29.2818 27.7091
117.4 53.186 10.3356 29.2358 27.7384
117.5 53.2253 10.3063 29.1898 27.7677
117.6 53.2645 10.2771 29.1439 27.7969
117.7 53.3037 10.2479 29.0979 27.8261
117.8 53.3429 10.2186 29.0519 27.8554
117.9 53.3821 10.1895 29.0059 27.8845
118 53.4212 10.1603 28.9599 27.9137
118.1 53.4603 10.1312 28.9139 27.9428
118.2 53.4993 10.1021 28.8679 27.9719
118.3 53.5384 10.073 28.8219 28.001
118.4 53.5773 10.044 28.7759 28.03
118.5 53.6163 10.015 28.7299 28.059
118.6 53.6552 9.986 28.6839 28.088
118.7 53.6941 9.95704 28.6379 28.117
118.8 53.733 9.92811 28.5919 28.1459
118.9 53.7718 9.8992 28.5458 28.1748
119 53.8106 9.87033 28.4998 28.2037
119.1 53.8494 9.84148 28.4538 28.2325
119.2 53.8881 9.81266 28.4077 28.2613
119.3 53.9268 9.78387 28.3617 28.2901
119.4 53.9655 9.75511 28.3156 28.3189
119.5 54.0041 9.72637 28.2696 28.3476
119.6 54.0427 9.69767 28.2235 28.3763
119.7 54.0813 9.66899 28.1775 28.405
119.8 54.1198 9.64034 28.1314 28.4337
119.9 54.1583 9.61172 28.0853 28.4623
120 54.1968 9.58313 28.0393 28.4909
120.1 54.2352 9.55456 27.9932 28.5194
120.2 54.2736 9.52603 27.9471 28.548
120.3 54.312 9.49752 27.901 28.5765
120.4 54.3503 9.46905 27.8549 28.605
120.5 54.3886 9.4406 27.8089 28.6334
120.6 54.4269 9.41218 27.7628 28.6618
120.7 54.4651 9.38379 27.7167 28.6902
120.8 54.5033 9.35543 27.6706 28.7186
120.9 54.5414 9.3271 27.6245 28.7469
121 54.5795 9.2988 27.5783 28.7752
121.1 54.6176 9.27053 27.5322 28.8035
121.2 54.6556 9.24229 27.4861 28.8317
121.3 54.6936 9.21408 27.44 28.8599
121.4 54.7316 9.1859 27.3939 28.8881
121.5 54.7695 9.15775 27.3477 28.9163
121.6 54.8074 9.12963 27.3016 28.9444
121.7 54.8453 9.10154 27.2555 28.9725
121.8 54.8831 9.07348 27.2093 29.0005
121.9 54.9209 9.04545 27.1632 29.0286
122 54.9586 9.01745 27.1171 29.0566
122.1 54.9963 8.98948 27.0709 29.0845
122.2 55.034 8.96154 27.0248 29.1125
122.3 55.0716 8.93363 26.9786 29.1404
122.4 55.1092 8.90575 26.9324 29.1682
122.5 55.1467 8.87791 26.8863 29.1961
122.6 55.1842 8.85009 26.8401 29.2239
122.7 55.2217 8.82231 26.7939 29.2517
122.8 55.2591 8.79455 26.7478 29.2794
122.9 55.2965 8.76683 26.7016 29.3072
123 55.3339 8.73914 26.6554 29.3349
123.1 55.3712 8.71148 26.6092 29.3625
123.2 55.4085 8.68385 26.563 29.3901
123.3 55.4457 8.65626 26.5168 29.4177
123.4 55.4829 8.62869 26.4706 29.4453
123.5 55.52 8.60116 26.4244 29.4728
123.6 55.5571 8.57366 26.3782 29.5003
123.7 55.5942 8.54619 26.332 29.5278
123.8 55.6312 8.51875 26.2858 29.5552
123.9 55.6682 8.49135 26.2396 29.5827
124 55.7052 8.46397 26.1934 29.61
124.1 55.7421 8.43663 26.1472 29.6374
124.2 55.7789 8.40932 26.101 29.6647
124.3 55.8157 8.38205 26.0547 29.692
124.4 55.8525 8.3548 26.0085 29.7192
124.5 55.8892 8.32759 25.9623 29.7464
124.6 55.9259 8.30041 25.916 29.7736
124.7 55.9625 8.27327 25.8698 29.8007
124.8 55.9991 8.24615 25.8235 29.8278
124.9 56.0357 8.21907 25.7773 29.8549
125 56.0722 8.19203 25.7311 29.882
125.1 56.1087 8.16501 25.6848 29.909
125.2 56.1451 8.13803 25.6385 29.936
125.3 56.1814 8.11108 25.5923 29.9629
125.4 56.2178 8.08417 25.546 29.9898
125.5 56.2541 8.05729 25.4998 30.0167
125.6 56.2903 8.03044 25.4535 30.0436
125.7 56.3265 8.00362 25.4072 30.0704
125.8 56.3626 7.97684 25.3609 30.0972
125.9 56.3987 7.9501 25.3147 30.1239
126 56.4348 7.92338 25.2684 30.1506
126.1 56.4708 7.8967 25.2221 30.1773
126.2 56.5067 7.87006 25.1758 30.2039
126.3 56.5426 7.84345 25.1295 30.2306
126.4 56.5785 7.81687 25.0832 30.2571
126.5 56.6143 7.79032 25.0369 30.2837
126.6 56.6501 7.76382 24.9906 30.3102
126.7 56.6858 7.73734 24.9443 30.3367
126.8 56.7215 7.7109 24.898 30.3631
126.9 56.7571 7.68449 24.8517 30.3895
127 56.7926 7.65812 24.8054 30.4159
127.1 56.8282 7.63179 24.7591 30.4422
127.2 56.8636 7.60548 24.7127 30.4685
127.3 56.899 7.57922 24.6664 30.4948
127.4 56.9344 7.55299 24.6201 30.521
127.5 56.9697 7.52679 24.5738 30.5472
127.6 57.005 7.50063 24.5274 30.5734
127.7 57.0402 7.4745 24.4811 30.5995
127.8 57.0754 7.44841 24.4348 30.6256
127.9 57.1105 7.42235 24.3884 30.6516
128 57.1455 7.39633 24.3421 30.6777
128.1 57.1805 7.37034 24.2957 30.7037
128.2 57.2155 7.34439 24.2494 30.7296
128.3 57.2504 7.31848 24.203 30.7555
128.4 57.2852 7.2926 24.1567 30.7814
128.5 57.32 7.26676 24.1103 30.8072
128.6 57.3547 7.24095 24.0639 30.833
128.7 57.3894 7.21518 24.0176 30.8588
128.8 57.424 7.18944 23.9712 30.8846
128.9 57.4586 7.16375 23.9248 30.9103
129 57.4931 7.13808 23.8785 30.9359
129.1 57.5276 7.11246 23.8321 30.9615
129.2 57.562 7.08687 23.7857 30.9871
129.3 57.5963 7.06131 23.7393 31.0127
129.4 57.6306 7.03579 23.6929 31.0382
129.5 57.6649 7.01031 23.6465 31.0637
129.6 57.699 6.98487 23.6002 31.0891
129.7 57.7332 6.95946 23.5538 31.1145
129.8 57.7672 6.93409 23.5074 31.1399
129.9 57.8012 6.90876 23.461 31.1652
130 57.8352 6.88346 23.4146 31.1905
130.1 57.8691 6.8582 23.3681 31.2158
130.2 57.9029 6.83298 23.3217 31.241
130.3 57.9366 6.80779 23.2753 31.2662
130.4 57.9703 6.78264 23.2289 31.2914
130.5 58.004 6.75753 23.1825 31.3165
130.6 58.0376 6.73246 23.1361 31.3415
130.7 58.0711 6.70742 23.0897 31.3666
130.8 58.1046 6.68242 23.0432 31.3916
130.9 58.138 6.65746 22.9968 31.4165
131 58.1713 6.63254 22.9504 31.4415
131.1 58.2046 6.60765 22.9039 31.4663
131.2 58.2378 6.58281 22.8575 31.4912
131.3 58.2709 6.558 22.8111 31.516
131.4 58.304 6.53322 22.7646 31.5408
131.5 58.337 6.50849 22.7182 31.5655
131.6 58.37 6.4838 22.6717 31.5902
131.7 58.4029 6.45914 22.6253 31.6149
131.8 58.4357 6.43452 22.5788 31.6395
131.9 58.4684 6.40994 22.5324 31.6641
132 58.5011 6.3854 22.4859 31.6886
132.1 58.5338 6.36089 22.4394 31.7131
132.2 58.5663 6.33643 22.393 31.7376
132.3 58.5988 6.312 22.3465 31.762
132.4 58.6312 6.28761 22.3 31.7864
132.5 58.6636 6.26327 22.2536 31.8107
132.6 58.6959 6.23896 22.2071 31.835
132.7 58.7281 6.21469 22.1606 31.8593
132.8 58.7602 6.19045 22.1141 31.8835
132.9 58.7923 6.16626 22.0677 31.9077
133 58.8243 6.14211 22.0212 31.9319
133.1 58.8562 6.11799 21.9747 31.956
133.2 58.8881 6.09392 21.9282 31.9801
133.3 58.9199 6.06988 21.8817 32.0041
133.4 58.9516 6.04589 21.8352 32.0281
133.5 58.9833 6.02193 21.7887 32.0521
133.6 59.0148 5.99801 21.7422 32.076
133.7 59.0463 5.97414 21.6957 32.0999
133.8 59.0778 5.9503 21.6492 32.1237
133.9 59.1091 5.9265 21.6027 32.1475
134 59.1404 5.90275 21.5562 32.1713
134.1 59.1716 5.87903 21.5097 32.195
134.2 59.2027 5.85535 21.4632 32.2186
134.3 59.2338 5.83171 21.4166 32.2423
134.4 59.2647 5.80812 21.3701 32.2659
134.5 59.2956 5.78456 21.3236 32.2894
134.6 59.3265 5.76105 21.2771 32.313
134.7 59.3572 5.73757 21.2306 32.3364
134.8 59.3878 5.71413 21.184 32.3599
134.9 59.4184 5.69074 21.1375 32.3833
135 59.4489 5.66739 21.091 32.4066
135.1 59.4793 5.64407 21.0444 32.4299
135.2 59.5097 5.6208 20.9979 32.4532
135.3 59.5399 5.59757 20.9513 32.4764
135.4 59.5701 5.57438 20.9048 32.4996
135.5 59.6002 5.55123 20.8582 32.5228
135.6 59.6302 5.52812 20.8117 32.5459
135.7 59.6601 5.50505 20.7651 32.5689
135.8 59.69 5.48203 20.7186 32.592
135.9 59.7197 5.45904 20.672 32.615
136 59.7494 5.4361 20.6255 32.6379
136.1 59.779 5.4132 20.5789 32.6608
136.2 59.8085 5.39034 20.5324 32.6837
136.3 59.8379 5.36752 20.4858 32.7065
136.4 59.8672 5.34474 20.4392 32.7293
136.5 59.8964 5.322 20.3927 32.752
136.6 59.9256 5.29931 20.3461 32.7747
136.7 59.9546 5.27666 20.2995 32.7973
136.8 59.9836 5.25405 20.2529 32.82
136.9 60.0125 5.23148 20.2063 32.8425
137 60.0413 5.20895 20.1598 32.865
137.1 60.07 5.18647 20.1132 32.8875
137.2 60.0986 5.16403 20.0666 32.91
137.3 60.1271 5.14163 20.02 32.9324
137.4 60.1555 5.11927 19.9734 32.9547
137.5 60.1838 5.09696 19.9268 32.977
137.6 60.212 5.07468 19.8802 32.9993
137.7 60.2401 5.05245 19.8336 33.0215
137.8 60.2682 5.03027 19.787 33.0437
137.9 60.2961 5.00812 19.7404 33.0659
138 60.3239 4.98602 19.6938 33.088
138.1 60.3517 4.96396 19.6472 33.11
138.2 60.3793 4.94194 19.6006 33.1321
138.3 60.4069 4.91997 19.554 33.154
138.4 60.4343 4.89804 19.5074 33.176
138.5 60.4616 4.87615 19.4608 33.1978
138.6 60.4889 4.85431 19.4142 33.2197
138.7 60.516 4.83251 19.3675 33.2415
138.8 60.543 4.81075 19.3209 33.2632
138.9 60.5699 4.78904 19.2743 33.285
139 60.5968 4.76737 19.2277 33.3066
139.1 60.6235 4.74574 19.181 33.3283
139.2 60.6501 4.72415 19.1344 33.3498
139.3 60.6766 4.70261 19.0878 33.3714
139.4 60.703 4.68112 19.0411 33.3929
139.5 60.7293 4.65967 18.9945 33.4143
139.6 60.7554 4.63826 18.9479 33.4357
139.7 60.7815 4.61689 18.9012 33.4571
139.8 60.8074 4.59557 18.8546 33.4784
139.9 60.8333 4.57429 18.8079 33.4997
140 60.859 4.55306 18.7613 33.5209
140.1 60.8846 4.53187 18.7146 33.5421
140.2 60.9101 4.51073 18.668 33.5633
140.3 60.9355 4.48962 18.6213 33.5844
140.4 60.9608 4.46857 18.5747 33.6054
140.5 60.9859 4.44756 18.528 33.6264
140.6 61.011 4.42659 18.4814 33.6474
140.7 61.0359 4.40567 18.4347 33.6683
140.8 61.0607 4.38479 18.3881 33.6892
140.9 61.0854 4.36395 18.3414 33.71
141 61.1099 4.34316 18.2947 33.7308
141.1 61.1343 4.32242 18.2481 33.7516
141.2 61.1587 4.30172 18.2014 33.7723
141.3 61.1828 4.28107 18.1547 33.7929
141.4 61.2069 4.26046 18.108 33.8135
141.5 61.2308 4.23989 18.0614 33.8341
141.6 61.2547 4.21937 18.0147 33.8546
141.7 61.2783 4.1989 17.968 33.8751
141.8 61.3019 4.17847 17.9213 33.8955
141.9 61.3253 4.15808 17.8746 33.9159
142 61.3486 4.13775 17.8279 33.9363
142.1 61.3718 4.11745 17.7813 33.9565
142.2 61.3948 4.0972 17.7346 33.9768
142.3 61.4177 4.077 17.6879 33.997
142.4 61.4404 4.05684 17.6412 34.0172
142.5 61.4631 4.03673 17.5945 34.0373
142.6 61.4856 4.01667 17.5478 34.0573
142.7 61.5079 3.99665 17.5011 34.0774
142.8 61.5301 3.97667 17.4544 34.0973
142.9 61.5522 3.95675 17.4077 34.1173
143 61.5741 3.93686 17.361 34.1371
143.1 61.5959 3.91703 17.3143 34.157
143.2 61.6176 3.89724 17.2676 34.1768
143.3 61.6391 3.87749 17.2209 34.1965
143.4 61.6604 3.8578 17.1741 34.2162
143.5 61.6816 3.83815 17.1274 34.2359
143.6 61.7027 3.81854 17.0807 34.2555
143.7 61.7236 3.79898 17.034 34.275
143.8 61.7444 3.77947 16.9873 34.2945
143.9 61.765 3.76 16.9406 34.314
144 61.7854 3.74058 16.8938 34.3334
144.1 61.8057 3.72121 16.8471 34.3528
144.2 61.8259 3.70188 16.8004 34.3721
144.3 61.8459 3.6826 16.7536 34.3914
144.4 61.8657 3.66337 16.7069 34.4106
144.5 61.8854 3.64419 16.6602 34.4298
144.6 61.9049 3.62505 16.6134 34.449
144.7 61.9243 3.60595 16.5667 34.468
144.8 61.9435 3.58691 16.52 34.4871
144.9 61.9625 3.56791 16.4732 34.5061
145 61.9814 3.54896 16.4265 34.525
145.1 62.0001 3.53006 16.3798 34.5439
145.2 62.0186 3.5112 16.333 34.5628
145.3 62.0369 3.49239 16.2863 34.5816
145.4 62.0551 3.47363 16.2395 34.6004
145.5 62.0732 3.45492 16.1928 34.6191
145.6 62.091 3.43625 16.146 34.6378
145.7 62.1087 3.41763 16.0993 34.6564
145.8 62.1262 3.39906 16.0525 34.6749
145.9 62.1435 3.38053 16.0058 34.6935
146 62.1606 3.36206 15.959 34.7119
146.1 62.1776 3.34363 15.9122 34.7304
146.2 62.1943 3.32525 15.8655 34.7488
146.3 62.2109 3.30691 15.8187 34.7671
146.4 62.2273 3.28863 15.7719 34.7854
146.5 62.2435 3.27039 15.7252 34.8036
146.6 62.2596 3.2522 15.6784 34.8218
146.7 62.2754 3.23406 15.6316 34.8399
146.8 62.291 3.21597 15.5849 34.858
146.9 62.3065 3.19792 15.5381 34.8761
147 62.3217 3.17993 15.4913 34.8941
147.1 62.3368 3.16198 15.4445 34.912
147.2 62.3517 3.14408 15.3978 34.9299
147.3 62.3663 3.12623 15.351 34.9478
147.4 62.3808 3.10842 15.3042 34.9656
147.5 62.395 3.09067 15.2574 34.9833
147.6 62.4091 3.07296 15.2106 35.001
147.7 62.4229 3.05531 15.1639 35.0187
147.8 62.4365 3.0377 15.1171 35.0363
147.9 62.4499 3.02014 15.0703 35.0539
148 62.4631 3.00263 15.0235 35.0714
148.1 62.4761 2.98517 14.9767 35.0888
148.2 62.4889 2.96775 14.9299 35.1062
148.3 62.5015 2.95039 14.8831 35.1236
148.4 62.5138 2.93307 14.8363 35.1409
148.5 62.5259 2.91581 14.7895 35.1582
148.6 62.5378 2.89859 14.7427 35.1754
148.7 62.5494 2.88142 14.6959 35.1926
148.8 62.5609 2.8643 14.6491 35.2097
148.9 62.5721 2.84723 14.6023 35.2268
149 62.583 2.83021 14.5555 35.2438
149.1 62.5938 2.81324 14.5087 35.2608
149.2 62.6042 2.79632 14.4619 35.2777
149.3 62.6145 2.77945 14.4151 35.2946
149.4 62.6245 2.76262 14.3683 35.3114
149.5 62.6343 2.74585 14.3215 35.3281
149.6 62.6438 2.72913 14.2746 35.3449
149.7 62.6531 2.71246 14.2278 35.3615
149.8 62.6621 2.69583 14.181 35.3782
149.9 62.6708 2.67926 14.1342 35.3947
150 62.6793 2.66273 14.0874 35.4113
150.1 62.6876 2.64626 14.0406 35.4277
150.2 62.6956 2.62983 13.9937 35.4442
150.3 62.7033 2.61346 13.9469 35.4605
150.4 62.7108 2.59713 13.9001 35.4769
150.5 62.718 2.58086 13.8533 35.4931
150.6 62.7249 2.56464 13.8064 35.5094
150.7 62.7316 2.54846 13.7596 35.5255
150.8 62.7379 2.53234 13.7128 35.5417
150.9 62.744 2.51626 13.6659 35.5577
151 62.7498 2.50024 13.6191 35.5738
151.1 62.7554 2.48427 13.5723 35.5897
151.2 62.7606 2.46835 13.5254 35.6057
151.3 62.7656 2.45247 13.4786 35.6215
151.4 62.7702 2.43665 13.4318 35.6373
151.5 62.7746 2.42088 13.3849 35.6531
151.6 62.7787 2.40516 13.3381 35.6688
151.7 62.7825 2.38949 13.2912 35.6845
151.8 62.7859 2.37387 13.2444 35.7001
151.9 62.7891 2.3583 13.1975 35.7157
152 62.7919 2.34279 13.1507 35.7312
152.1 62.7945 2.32732 13.1038 35.7467
152.2 62.7967 2.31191 13.057 35.7621
152.3 62.7986 2.29654 13.0101 35.7775
152.4 62.8002 2.28123 12.9633 35.7928
152.5 62.8014 2.26596 12.9164 35.808
152.6 62.8023 2.25075 12.8696 35.8232
152.7 62.8029 2.23559 12.8227 35.8384
152.8 62.8032 2.22048 12.7759 35.8535
152.9 62.8031 2.20542 12.729 35.8686
153 62.8027 2.19042 12.6821 35.8836
153.1 62.8019 2.17546 12.6353 35.8985
153.2 62.8008 2.16056 12.5884 35.9134
153.3 62.7993 2.14571 12.5416 35.9283
153.4 62.7975 2.1309 12.4947 35.9431
153.5 62.7953 2.11615 12.4478 35.9578
153.6 62.7927 2.10146 12.401 35.9725
153.7 62.7898 2.08681 12.3541 35.9872
153.8 62.7865 2.07222 12.3072 36.0018
153.9 62.7828 2.05767 12.2603 36.0163
154 62.7788 2.04318 12.2135 36.0308
154.1 62.7743 2.02874 12.1666 36.0453
154.2 62.7695 2.01435 12.1197 36.0596
154.3 62.7643 2.00002 12.0728 36.074
154.4 62.7586 1.98573 12.026 36.0883
154.5 62.7526 1.9715 11.9791 36.1025
154.6 62.7462 1.95732 11.9322 36.1167
154.7 62.7394 1.94319 11.8853 36.1308
154.8 62.7321 1.92912 11.8384 36.1449
154.9 62.7244 1.91509 11.7916 36.1589
155 62.7164 1.90112 11.7447 36.1729
155.1 62.7078 1.8872 11.6978 36.1868
155.2 62.6989 1.87333 11.6509 36.2007
155.3 62.6895 1.85952 11.604 36.2145
155.4 62.6797 1.84575 11.5571 36.2282
155.5 62.6694 1.83204 11.5102 36.242
155.6 62.6587 1.81839 11.4634 36.2556
155.7 62.6475 1.80478 11.4165 36.2692
155.8 62.6358 1.79123 11.3696 36.2828
155.9 62.6237 1.77773 11.3227 36.2963
156 62.6111 1.76428 11.2758 36.3097
156.1 62.598 1.75088 11.2289 36.3231
156.2 62.5845 1.73754 11.182 36.3365
156.3 62.5704 1.72425 11.1351 36.3498
156.4 62.5559 1.71101 11.0882 36.363
156.5 62.5409 1.69783 11.0413 36.3762
156.6 62.5253 1.6847 10.9944 36.3893
156.7 62.5093 1.67162 10.9475 36.4024
156.8 62.4927 1.65859 10.9006 36.4154
156.9 62.4756 1.64562 10.8537 36.4284
157 62.458 1.6327 10.8068 36.4413
157.1 62.4398 1.61983 10.7599 36.4542
157.2 62.4211 1.60702 10.7129 36.467
157.3 62.4018 1.59425 10.666 36.4797
157.4 62.382 1.58155 10.6191 36.4925
157.5 62.3616 1.56889 10.5722 36.5051
157.6 62.3407 1.55629 10.5253 36.5177
157.7 62.3192 1.54374 10.4784 36.5303
157.8 62.2971 1.53125 10.4315 36.5428
157.9 62.2744 1.51881 10.3846 36.5552
158 62.2511 1.50642 10.3376 36.5676
158.1 62.2272 1.49408 10.2907 36.5799
158.2 62.2027 1.4818 10.2438 36.5922
158.3 62.1776 1.46957 10.1969 36.6044
158.4 62.1518 1.4574 10.15 36.6166
158.5 62.1254 1.44528 10.103 36.6287
158.6 62.0984 1.43321 10.0561 36.6408
158.7 62.0707 1.4212 10.0092 36.6528
158.8 62.0424 1.40924 9.96227 36.6648
158.9 62.0134 1.39733 9.91534 36.6767
159 61.9837 1.38548 9.86841 36.6885
159.1 61.9534 1.37368 9.82149 36.7003
159.2 61.9223 1.36194 9.77456 36.7121
159.3 61.8906 1.35024 9.72763 36.7238
159.4 61.8581 1.33861 9.6807 36.7354
159.5 61.8249 1.32702 9.63377 36.747
159.6 61.791 1.31549 9.58683 36.7585
159.7 61.7564 1.30402 9.5399 36.77
159.8 61.721 1.2926 9.49297 36.7814
159.9 61.6848 1.28123 9.44603 36.7928
160 61.6479 1.26992 9.3991 36.8041
160.1 61.6102 1.25866 9.35216 36.8153
160.2 61.5717 1.24745 9.30522 36.8265
160.3 61.5325 1.2363 9.25828 36.8377
160.4 61.4924 1.2252 9.21134 36.8488
160.5 61.4515 1.21416 9.1644 36.8598
160.6 61.4097 1.20317 9.11746 36.8708
160.7 61.3672 1.19224 9.07052 36.8818
160.8 61.3238 1.18136 9.02358 36.8926
160.9 61.2795 1.17054 8.97663 36.9035
161 61.2343 1.15977 8.92969 36.9142
161.1 61.1883 1.14905 8.88274 36.925
161.2 61.1413 1.13839 8.8358 36.9356
161.3 61.0935 1.12778 8.78885 36.9462
161.4 61.0447 1.11723 8.7419 36.9568
161.5 60.995 1.10673 8.69495 36.9673
161.6 60.9443 1.09629 8.648 36.9777
161.7 60.8927 1.0859 8.60105 36.9881
161.8 60.8401 1.07556 8.5541 36.9984
161.9 60.7866 1.06529 8.50715 37.0087
162 60.732 1.05506 8.4602 37.0189
162.1 60.6764 1.04489 8.41324 37.0291
162.2 60.6197 1.03478 8.36629 37.0392
162.3 60.5621 1.02472 8.31933 37.0493
162.4 60.5033 1.01471 8.27238 37.0593
162.5 60.4435 1.00476 8.22542 37.0692
162.6 60.3826 0.994865 8.17846 37.0791
162.7 60.3206 0.985025 8.1315 37.089
162.8 60.2575 0.975239 8.08454 37.0988
162.9 60.1932 0.965509 8.03758 37.1085
163 60.1278 0.955833 7.99062 37.1182
163.1 60.0612 0.946213 7.94366 37.1278
163.2 59.9935 0.936648 7.8967 37.1374
163.3 59.9245 0.927137 7.84973 37.1469
163.4 59.8543 0.917683 7.80277 37.1563
163.5 59.7828 0.908283 7.75581 37.1657
163.6 59.7101 0.898938 7.70884 37.1751
163.7 59.6361 0.889649 7.66187 37.1844
163.8 59.5608 0.880415 7.61491 37.1936
163.9 59.4842 0.871236 7.56794 37.2028
164 59.4063 0.862113 7.52097 37.2119
164.1 59.327 0.853045 7.474 37.221
164.2 59.2463 0.844032 7.42703 37.23
164.3 59.1642 0.835075 7.38006 37.2389
164.4 59.0807 0.826173 7.33309 37.2478
164.5 58.9958 0.817327 7.28612 37.2567
164.6 58.9094 0.808536 7.23915 37.2655
164.7 58.8215 0.799801 7.19217 37.2742
164.8 58.7321 0.791121 7.1452 37.2829
164.9 58.6412 0.782497 7.09823 37.2915
165 58.5487 0.773929 7.05125 37.3001
165.1 58.4546 0.765416 7.00428 37.3086
165.2 58.3589 0.756959 6.9573 37.317
165.3 58.2616 0.748557 6.91032 37.3254
165.4 58.1627 0.740211 6.86334 37.3338
165.5 58.062 0.731921 6.81637 37.3421
165.6 57.9597 0.723687 6.76939 37.3503
165.7 57.8556 0.715508 6.72241 37.3585
165.8 57.7497 0.707386 6.67543 37.3666
165.9 57.642 0.699319 6.62845 37.3747
166 57.5326 0.691308 6.58146 37.3827
166.1 57.4212 0.683353 6.53448 37.3906
166.2 57.308 0.675453 6.4875 37.3985
166.3 57.1929 0.66761 6.44052 37.4064
166.4 57.0758 0.659823 6.39353 37.4142
166.5 56.9567 0.652091 6.34655 37.4219
166.6 56.8357 0.644416 6.29956 37.4296
166.7 56.7126 0.636796 6.25258 37.4372
166.8 56.5874 0.629233 6.20559 37.4448
166.9 56.4601 0.621726 6.1586 37.4523
167 56.3307 0.614275 6.11162 37.4597
167.1 56.199 0.60688 6.06463 37.4671
167.2 56.0652 0.599541 6.01764 37.4745
167.3 55.9291 0.592258 5.97065 37.4817
167.4 55.7907 0.585032 5.92366 37.489
167.5 55.65 0.577861 5.87667 37.4961
167.6 55.5069 0.570747 5.82968 37.5033
167.7 55.3614 0.563689 5.78269 37.5103
167.8 55.2134 0.556688 5.7357 37.5173
167.9 55.063 0.549742 5.6887 37.5243
168 54.91 0.542853 5.64171 37.5311
168.1 54.7544 0.536021 5.59472 37.538
168.2 54.5962 0.529244 5.54772 37.5448
168.3 54.4353 0.522525 5.50073 37.5515
168.4 54.2717 0.515861 5.45373 37.5581
168.5 54.1054 0.509254 5.40674 37.5647
168.6 53.9362 0.502703 5.35974 37.5713
168.7 53.7641 0.496209 5.31274 37.5778
168.8 53.5892 0.489771 5.26575 37.5842
168.9 53.4113 0.48339 5.21875 37.5906
169 53.2303 0.477065 5.17175 37.5969
169.1 53.0463 0.470797 5.12475 37.6032
169.2 52.8592 0.464586 5.07775 37.6094
169.3 52.6689 0.458431 5.03075 37.6156
169.4 52.4754 0.452332 4.98375 37.6217
169.5 52.2786 0.44629 4.93675 37.6277
169.6 52.0784 0.440305 4.88975 37.6337
169.7 51.8748 0.434376 4.84275 37.6396
169.8 51.6678 0.428505 4.79575 37.6455
169.9 51.4572 0.422689 4.74875 37.6513
170 51.243 0.416931 4.70174 37.6571
170.1 51.0252 0.411229 4.65474 37.6628
170.2 50.8036 0.405584 4.60774 37.6684
170.3 50.5783 0.399996 4.56073 37.674
170.4 50.3491 0.394464 4.51373 37.6795
170.5 50.116 0.388989 4.46672 37.685
170.6 49.8789 0.383571 4.41972 37.6904
170.7 49.6377 0.37821 4.37271 37.6958
170.8 49.3924 0.372906 4.32571 37.7011
170.9 49.1429 0.367658 4.2787 37.7063
171 48.8891 0.362468 4.23169 37.7115
171.1 48.6309 0.357334 4.18469 37.7167
171.2 48.3684 0.352257 4.13768 37.7217
171.3 48.1013 0.347238 4.09067 37.7268
171.4 47.8296 0.342275 4.04366 37.7317
171.5 47.5532 0.337369 3.99665 37.7366
171.6 47.2721 0.33252 3.94964 37.7415
171.7 46.9861 0.327728 3.90263 37.7463
171.8 46.6953 0.322992 3.85563 37.751
171.9 46.3994 0.318314 3.80861 37.7557
172 46.0984 0.313693 3.7616 37.7603
172.1 45.7923 0.309129 3.71459 37.7649
172.2 45.4809 0.304622 3.66758 37.7694
172.3 45.1641 0.300172 3.62057 37.7738
172.4 44.8419 0.29578 3.57356 37.7782
172.5 44.5142 0.291444 3.52655 37.7826
172.6 44.1808 0.287165 3.47953 37.7868
172.7 43.8417 0.282944 3.43252 37.7911
172.8 43.4968 0.278779 3.38551 37.7952
172.9 43.146 0.274672 3.33849 37.7993
173 42.7892 0.270622 3.29148 37.8034
173.1 42.4264 0.266629 3.24447 37.8074
173.2 42.0573 0.262693 3.19745 37.8113
173.3 41.682 0.258815 3.15044 37.8152
173.4 41.3002 0.254993 3.10342 37.819
173.5 40.9121 0.251229 3.05641 37.8228
173.6 40.5173 0.247522 3.00939 37.8265
173.7 40.1159 0.243872 2.96237 37.8301
173.8 39.7077 0.24028 2.91536 37.8337
173.9 39.2927 0.236745 2.86834 37.8373
174 38.8708 0.233267 2.82132 37.8407
174.1 38.4418 0.229846 2.77431 37.8442
174.2 38.0057 0.226483 2.72729 37.8475
174.3 37.5624 0.223177 2.68027 37.8508
174.4 37.1118 0.219928 2.63326 37.8541
174.5 36.6538 0.216736 2.58624 37.8573
174.6 36.1883 0.213602 2.53922 37.8604
174.7 35.7153 0.210526 2.4922 37.8635
174.8 35.2347 0.207506 2.44518 37.8665
174.9 34.7463 0.204544 2.39816 37.8695
175 34.2502 0.201639 2.35114 37.8724
175.1 33.7462 0.198792 2.30412 37.8752
175.2 33.2343 0.196002 2.2571 37.878
175.3 32.7145 0.19327 2.21008 37.8807
175.4 32.1866 0.190594 2.16306 37.8834
175.5 31.6507 0.187977 2.11604 37.886
175.6 31.1066 0.185416 2.06902 37.8886
175.7 30.5543 0.182913 2.022 37.8911
175.8 29.9939 0.180468 1.97498 37.8935
175.9 29.4252 0.17808 1.92796 37.8959
176 28.8483 0.175749 1.88094 37.8983
176.1 28.2631 0.173476 1.83392 37.9005
176.2 27.6696 0.17126 1.7869 37.9027
176.3 27.0678 0.169102 1.73988 37.9049
176.4 26.4578 0.167001 1.69285 37.907
176.5 25.8396 0.164958 1.64583 37.909
176.6 25.2132 0.162972 1.59881 37.911
176.7 24.5785 0.161044 1.55179 37.913
176.8 23.9358 0.159173 1.50477 37.9148
176.9 23.285 0.15736 1.45774 37.9166
177 22.6262 0.155604 1.41072 37.9184
177.1 21.9595 0.153906 1.3637 37.9201
177.2 21.2849 0.152265 1.31668 37.9217
177.3 20.6027 0.150682 1.26965 37.9233
177.4 19.9129 0.149156 1.22263 37.9248
177.5 19.2156 0.147688 1.17561 37.9263
177.6 18.511 0.146278 1.12858 37.9277
177.7 17.7992 0.144924 1.08156 37.9291
177.8 17.0804 0.143629 1.03454 37.9304
177.9 16.3549 0.142391 0.987511 37.9316
178 15.6227 0.141211 0.940488 37.9328
178.1 14.8841 0.140088 0.893464 37.9339
178.2 14.1393 0.139022 0.84644 37.935
178.3 13.3886 0.138015 0.799416 37.936
178.4 12.6322 0.137065 0.752392 37.9369
178.5 11.8703 0.136172 0.705368 37.9378
178.6 11.1033 0.135337 0.658343 37.9387
178.7 10.3314 0.134559 0.611319 37.9394
178.8 9.55486 0.13384 0.564295 37.9402
178.9 8.77409 0.133177 0.51727 37.9408
179 7.98935 0.132573 0.470246 37.9414
179.1 7.20099 0.132026 0.423222 37.942
179.2 6.40932 0.131536 0.376197 37.9425
179.3 5.6147 0.131104 0.329172 37.9429
179.4 4.81748 0.13073 0.282148 37.9433
179.5 4.01802 0.130413 0.235123 37.9436
179.6 3.21669 0.130154 0.188099 37.9438
179.7 2.41384 0.129952 0.141074 37.944
179.8 1.60986 0.129808 0.0940493 37.9442
179.9 0.805119 0.129722 0.0470247 37.9443
180 5.64973e-14 0.129693 3.29958e-15 37.9443
