#kinematics calculation of gsgs
#vertex z = 700 mm, E_reaction = 20.728 MeV
#theta_cm, theta3_lab, Ek3_lab, theta4_lab, Ek4_lab
0 0 20.728 0 0
0.1 0.0499768 20.728 89.95 1.57853e-05
0.2 0.0999537 20.7279 89.9 6.3141e-05
0.3 0.14993 20.7279 89.8499 0.000142067
0.4 0.199907 20.7277 89.7999 0.000252563
0.5 0.249884 20.7276 89.7499 0.000394629
0.6 0.299861 20.7274 89.6999 0.000568265
0.7 0.349838 20.7272 89.6498 0.000773469
0.8 0.399815 20.727 89.5998 0.00101024
0.9 0.449791 20.7267 89.5498 0.00127858
1 0.499768 20.7264 89.4998 0.00157849
1.1 0.549745 20.7261 89.4497 0.00190996
1.2 0.599722 20.7257 89.3997 0.002273
1.3 0.649699 20.7253 89.3497 0.0026676
1.4 0.699676 20.7249 89.2997 0.00309376
1.5 0.749652 20.7244 89.2497 0.00355148
1.6 0.799629 20.724 89.1996 0.00404077
1.7 0.849606 20.7234 89.1496 0.00456161
1.8 0.899583 20.7229 89.0996 0.00511401
1.9 0.94956 20.7223 89.0496 0.00569796
2 0.999537 20.7217 88.9995 0.00631347
2.1 1.04951 20.721 88.9495 0.00696053
2.2 1.09949 20.7204 88.8995 0.00763913
2.3 1.14947 20.7197 88.8495 0.00834929
2.4 1.19944 20.7189 88.7994 0.00909099
2.5 1.24942 20.7181 88.7494 0.00986423
2.6 1.2994 20.7173 88.6994 0.010669
2.7 1.34937 20.7165 88.6494 0.0115053
2.8 1.39935 20.7156 88.5994 0.0123732
2.9 1.44933 20.7147 88.5493 0.0132726
3 1.49931 20.7138 88.4993 0.0142035
3.1 1.54928 20.7128 88.4493 0.0151659
3.2 1.59926 20.7118 88.3993 0.0161599
3.3 1.64924 20.7108 88.3492 0.0171854
3.4 1.69921 20.7098 88.2992 0.0182424
3.5 1.74919 20.7087 88.2492 0.0193309
3.6 1.79917 20.7075 88.1992 0.020451
3.7 1.84914 20.7064 88.1491 0.0216025
3.8 1.89912 20.7052 88.0991 0.0227856
3.9 1.9491 20.704 88.0491 0.0240001
4 1.99907 20.7028 87.9991 0.0252462
4.1 2.04905 20.7015 87.9491 0.0265237
4.2 2.09903 20.7002 87.899 0.0278328
4.3 2.149 20.6988 87.849 0.0291733
4.4 2.19898 20.6975 87.799 0.0305453
4.5 2.24896 20.6961 87.749 0.0319488
4.6 2.29894 20.6946 87.6989 0.0333837
4.7 2.34891 20.6931 87.6489 0.0348501
4.8 2.39889 20.6917 87.5989 0.036348
4.9 2.44887 20.6901 87.5489 0.0378774
5 2.49884 20.6886 87.4988 0.0394381
5.1 2.54882 20.687 87.4488 0.0410304
5.2 2.5988 20.6853 87.3988 0.0426541
5.3 2.64877 20.6837 87.3488 0.0443092
5.4 2.69875 20.682 87.2988 0.0459958
5.5 2.74873 20.6803 87.2487 0.0477138
5.6 2.7987 20.6785 87.1987 0.0494632
5.7 2.84868 20.6768 87.1487 0.0512441
5.8 2.89866 20.6749 87.0987 0.0530563
5.9 2.94864 20.6731 87.0486 0.0549
6 2.99861 20.6712 86.9986 0.0567751
6.1 3.04859 20.6693 86.9486 0.0586815
6.2 3.09857 20.6674 86.8986 0.0606194
6.3 3.14854 20.6654 86.8485 0.0625887
6.4 3.19852 20.6634 86.7985 0.0645893
6.5 3.2485 20.6614 86.7485 0.0666213
6.6 3.29847 20.6593 86.6985 0.0686847
6.7 3.34845 20.6572 86.6485 0.0707794
6.8 3.39843 20.6551 86.5984 0.0729055
6.9 3.44841 20.6529 86.5484 0.0750629
7 3.49838 20.6507 86.4984 0.0772517
7.1 3.54836 20.6485 86.4484 0.0794718
7.2 3.59834 20.6463 86.3983 0.0817232
7.3 3.64831 20.644 86.3483 0.084006
7.4 3.69829 20.6417 86.2983 0.0863201
7.5 3.74827 20.6393 86.2483 0.0886655
7.6 3.79824 20.637 86.1982 0.0910421
7.7 3.84822 20.6345 86.1482 0.0934501
7.8 3.8982 20.6321 86.0982 0.0958894
7.9 3.94818 20.6296 86.0482 0.0983599
8 3.99815 20.6271 85.9982 0.100862
8.1 4.04813 20.6246 85.9481 0.103395
8.2 4.09811 20.622 85.8981 0.105959
8.3 4.14808 20.6194 85.8481 0.108555
8.4 4.19806 20.6168 85.7981 0.111182
8.5 4.24804 20.6142 85.748 0.11384
8.6 4.29801 20.6115 85.698 0.116529
8.7 4.34799 20.6088 85.648 0.119249
8.8 4.39797 20.606 85.598 0.122001
8.9 4.44795 20.6032 85.5479 0.124784
9 4.49792 20.6004 85.4979 0.127598
9.1 4.5479 20.5976 85.4479 0.130443
9.2 4.59788 20.5947 85.3979 0.13332
9.3 4.64785 20.5918 85.3479 0.136227
9.4 4.69783 20.5888 85.2978 0.139166
9.5 4.74781 20.5859 85.2478 0.142136
9.6 4.79779 20.5829 85.1978 0.145137
9.7 4.84776 20.5798 85.1478 0.148169
9.8 4.89774 20.5768 85.0977 0.151233
9.9 4.94772 20.5737 85.0477 0.154327
10 4.99769 20.5705 84.9977 0.157452
10.1 5.04767 20.5674 84.9477 0.160609
10.2 5.09765 20.5642 84.8976 0.163797
10.3 5.14763 20.561 84.8476 0.167015
10.4 5.1976 20.5577 84.7976 0.170265
10.5 5.24758 20.5545 84.7476 0.173546
10.6 5.29756 20.5511 84.6976 0.176858
10.7 5.34754 20.5478 84.6475 0.180201
10.8 5.39751 20.5444 84.5975 0.183575
10.9 5.44749 20.541 84.5475 0.18698
11 5.49747 20.5376 84.4975 0.190416
11.1 5.54744 20.5341 84.4474 0.193883
11.2 5.59742 20.5306 84.3974 0.197381
11.3 5.6474 20.5271 84.3474 0.20091
11.4 5.69738 20.5235 84.2974 0.20447
11.5 5.74735 20.5199 84.2474 0.20806
11.6 5.79733 20.5163 84.1973 0.211682
11.7 5.84731 20.5127 84.1473 0.215335
11.8 5.89729 20.509 84.0973 0.219018
11.9 5.94726 20.5053 84.0473 0.222733
12 5.99724 20.5015 83.9972 0.226478
12.1 6.04722 20.4977 83.9472 0.230255
12.2 6.09719 20.4939 83.8972 0.234062
12.3 6.14717 20.4901 83.8472 0.2379
12.4 6.19715 20.4862 83.7971 0.241769
12.5 6.24713 20.4823 83.7471 0.245668
12.6 6.2971 20.4784 83.6971 0.249599
12.7 6.34708 20.4744 83.6471 0.25356
12.8 6.39706 20.4704 83.5971 0.257552
12.9 6.44704 20.4664 83.547 0.261575
13 6.49701 20.4624 83.497 0.265629
13.1 6.54699 20.4583 83.447 0.269713
13.2 6.59697 20.4542 83.397 0.273828
13.3 6.64695 20.45 83.3469 0.277974
13.4 6.69692 20.4458 83.2969 0.282151
13.5 6.7469 20.4416 83.2469 0.286358
13.6 6.79688 20.4374 83.1969 0.290596
13.7 6.84686 20.4331 83.1469 0.294865
13.8 6.89683 20.4288 83.0968 0.299164
13.9 6.94681 20.4245 83.0468 0.303494
14 6.99679 20.4201 82.9968 0.307855
14.1 7.04677 20.4158 82.9468 0.312246
14.2 7.09674 20.4113 82.8967 0.316668
14.3 7.14672 20.4069 82.8467 0.321121
14.4 7.1967 20.4024 82.7967 0.325604
14.5 7.24668 20.3979 82.7467 0.330118
14.6 7.29665 20.3933 82.6967 0.334662
14.7 7.34663 20.3888 82.6466 0.339237
14.8 7.39661 20.3842 82.5966 0.343842
14.9 7.44659 20.3795 82.5466 0.348478
15 7.49656 20.3749 82.4966 0.353145
15.1 7.54654 20.3702 82.4465 0.357842
15.2 7.59652 20.3654 82.3965 0.362569
15.3 7.6465 20.3607 82.3465 0.367327
15.4 7.69647 20.3559 82.2965 0.372115
15.5 7.74645 20.3511 82.2465 0.376934
15.6 7.79643 20.3462 82.1964 0.381783
15.7 7.84641 20.3413 82.1464 0.386663
15.8 7.89639 20.3364 82.0964 0.391573
15.9 7.94636 20.3315 82.0464 0.396513
16 7.99634 20.3265 81.9963 0.401484
16.1 8.04632 20.3215 81.9463 0.406485
16.2 8.0963 20.3165 81.8963 0.411516
16.3 8.14627 20.3114 81.8463 0.416578
16.4 8.19625 20.3063 81.7963 0.42167
16.5 8.24623 20.3012 81.7462 0.426792
16.6 8.29621 20.2961 81.6962 0.431945
16.7 8.34619 20.2909 81.6462 0.437128
16.8 8.39616 20.2857 81.5962 0.442341
16.9 8.44614 20.2804 81.5461 0.447584
17 8.49612 20.2751 81.4961 0.452858
17.1 8.5461 20.2698 81.4461 0.458161
17.2 8.59607 20.2645 81.3961 0.463495
17.3 8.64605 20.2591 81.3461 0.468859
17.4 8.69603 20.2537 81.296 0.474253
17.5 8.74601 20.2483 81.246 0.479678
17.6 8.79599 20.2429 81.196 0.485132
17.7 8.84596 20.2374 81.146 0.490616
17.8 8.89594 20.2319 81.0959 0.496131
17.9 8.94592 20.2263 81.0459 0.501676
18 8.9959 20.2207 80.9959 0.50725
18.1 9.04588 20.2151 80.9459 0.512855
18.2 9.09585 20.2095 80.8959 0.51849
18.3 9.14583 20.2038 80.8458 0.524154
18.4 9.19581 20.1982 80.7958 0.529849
18.5 9.24579 20.1924 80.7458 0.535574
18.6 9.29577 20.1867 80.6958 0.541328
18.7 9.34574 20.1809 80.6457 0.547113
18.8 9.39572 20.1751 80.5957 0.552927
18.9 9.4457 20.1692 80.5457 0.558771
19 9.49568 20.1634 80.4957 0.564645
19.1 9.54566 20.1575 80.4457 0.570549
19.2 9.59563 20.1515 80.3956 0.576483
19.3 9.64561 20.1456 80.3456 0.582447
19.4 9.69559 20.1396 80.2956 0.58844
19.5 9.74557 20.1335 80.2456 0.594464
19.6 9.79555 20.1275 80.1955 0.600517
19.7 9.84552 20.1214 80.1455 0.606599
19.8 9.8955 20.1153 80.0955 0.612712
19.9 9.94548 20.1091 80.0455 0.618854
20 9.99546 20.103 79.9955 0.625026
20.1 10.0454 20.0968 79.9454 0.631227
20.2 10.0954 20.0905 79.8954 0.637458
20.3 10.1454 20.0843 79.8454 0.643719
20.4 10.1954 20.078 79.7954 0.650009
20.5 10.2454 20.0717 79.7453 0.656329
20.6 10.2953 20.0653 79.6953 0.662679
20.7 10.3453 20.0589 79.6453 0.669058
20.8 10.3953 20.0525 79.5953 0.675467
20.9 10.4453 20.0461 79.5453 0.681905
21 10.4952 20.0396 79.4952 0.688372
21.1 10.5452 20.0331 79.4452 0.69487
21.2 10.5952 20.0266 79.3952 0.701396
21.3 10.6452 20.02 79.3452 0.707952
21.4 10.6952 20.0135 79.2952 0.714538
21.5 10.7451 20.0068 79.2451 0.721152
21.6 10.7951 20.0002 79.1951 0.727797
21.7 10.8451 19.9935 79.1451 0.73447
21.8 10.8951 19.9868 79.0951 0.741173
21.9 10.945 19.9801 79.045 0.747905
22 10.995 19.9733 78.995 0.754667
22.1 11.045 19.9665 78.945 0.761457
22.2 11.095 19.9597 78.895 0.768277
22.3 11.145 19.9529 78.845 0.775126
22.4 11.1949 19.946 78.7949 0.782005
22.5 11.2449 19.9391 78.7449 0.788913
22.6 11.2949 19.9322 78.6949 0.795849
22.7 11.3449 19.9252 78.6449 0.802815
22.8 11.3949 19.9182 78.5949 0.80981
22.9 11.4448 19.9112 78.5448 0.816834
23 11.4948 19.9041 78.4948 0.823888
23.1 11.5448 19.897 78.4448 0.83097
23.2 11.5948 19.8899 78.3948 0.838081
23.3 11.6447 19.8828 78.3447 0.845222
23.4 11.6947 19.8756 78.2947 0.852391
23.5 11.7447 19.8684 78.2447 0.859589
23.6 11.7947 19.8612 78.1947 0.866817
23.7 11.8447 19.8539 78.1447 0.874073
23.8 11.8946 19.8466 78.0946 0.881358
23.9 11.9446 19.8393 78.0446 0.888672
24 11.9946 19.832 77.9946 0.896015
24.1 12.0446 19.8246 77.9446 0.903387
24.2 12.0946 19.8172 77.8946 0.910787
24.3 12.1445 19.8098 77.8445 0.918216
24.4 12.1945 19.8023 77.7945 0.925675
24.5 12.2445 19.7948 77.7445 0.933161
24.6 12.2945 19.7873 77.6945 0.940677
24.7 12.3445 19.7798 77.6445 0.948221
24.8 12.3944 19.7722 77.5944 0.955794
24.9 12.4444 19.7646 77.5444 0.963396
25 12.4944 19.757 77.4944 0.971026
25.1 12.5444 19.7493 77.4444 0.978685
25.2 12.5943 19.7416 77.3943 0.986372
25.3 12.6443 19.7339 77.3443 0.994088
25.4 12.6943 19.7262 77.2943 1.00183
25.5 12.7443 19.7184 77.2443 1.00961
25.6 12.7943 19.7106 77.1943 1.01741
25.7 12.8442 19.7028 77.1442 1.02524
25.8 12.8942 19.6949 77.0942 1.0331
25.9 12.9442 19.687 77.0442 1.04098
26 12.9942 19.6791 76.9942 1.0489
26.1 13.0442 19.6712 76.9442 1.05684
26.2 13.0941 19.6632 76.8941 1.06481
26.3 13.1441 19.6552 76.8441 1.07281
26.4 13.1941 19.6472 76.7941 1.08084
26.5 13.2441 19.6391 76.7441 1.0889
26.6 13.2941 19.631 76.6941 1.09699
26.7 13.344 19.6229 76.644 1.1051
26.8 13.394 19.6148 76.594 1.11324
26.9 13.444 19.6066 76.544 1.12141
27 13.494 19.5984 76.494 1.12961
27.1 13.544 19.5902 76.4439 1.13783
27.2 13.5939 19.5819 76.3939 1.14609
27.3 13.6439 19.5736 76.3439 1.15437
27.4 13.6939 19.5653 76.2939 1.16268
27.5 13.7439 19.557 76.2439 1.17102
27.6 13.7938 19.5486 76.1938 1.17939
27.7 13.8438 19.5402 76.1438 1.18778
27.8 13.8938 19.5318 76.0938 1.1962
27.9 13.9438 19.5233 76.0438 1.20465
28 13.9938 19.5149 75.9938 1.21313
28.1 14.0437 19.5064 75.9437 1.22164
28.2 14.0937 19.4978 75.8937 1.23017
28.3 14.1437 19.4893 75.8437 1.23873
28.4 14.1937 19.4807 75.7937 1.24732
28.5 14.2437 19.4721 75.7437 1.25594
28.6 14.2936 19.4634 75.6936 1.26458
28.7 14.3436 19.4547 75.6436 1.27326
28.8 14.3936 19.446 75.5936 1.28196
28.9 14.4436 19.4373 75.5436 1.29069
29 14.4936 19.4286 75.4936 1.29944
29.1 14.5435 19.4198 75.4435 1.30822
29.2 14.5935 19.411 75.3935 1.31704
29.3 14.6435 19.4021 75.3435 1.32587
29.4 14.6935 19.3933 75.2935 1.33474
29.5 14.7435 19.3844 75.2435 1.34363
29.6 14.7934 19.3754 75.1934 1.35255
29.7 14.8434 19.3665 75.1434 1.3615
29.8 14.8934 19.3575 75.0934 1.37048
29.9 14.9434 19.3485 75.0434 1.37948
30 14.9934 19.3395 74.9934 1.38851
30.1 15.0433 19.3304 74.9433 1.39757
30.2 15.0933 19.3213 74.8933 1.40666
30.3 15.1433 19.3122 74.8433 1.41577
30.4 15.1933 19.3031 74.7933 1.42491
30.5 15.2433 19.2939 74.7433 1.43408
30.6 15.2932 19.2847 74.6932 1.44327
30.7 15.3432 19.2755 74.6432 1.45249
30.8 15.3932 19.2663 74.5932 1.46174
30.9 15.4432 19.257 74.5432 1.47102
31 15.4932 19.2477 74.4932 1.48032
31.1 15.5431 19.2384 74.4431 1.48965
31.2 15.5931 19.229 74.3931 1.499
31.3 15.6431 19.2196 74.3431 1.50839
31.4 15.6931 19.2102 74.2931 1.5178
31.5 15.7431 19.2008 74.2431 1.52724
31.6 15.793 19.1913 74.193 1.5367
31.7 15.843 19.1818 74.143 1.54619
31.8 15.893 19.1723 74.093 1.55571
31.9 15.943 19.1627 74.043 1.56526
32 15.993 19.1532 73.993 1.57483
32.1 16.0429 19.1436 73.9429 1.58443
32.2 16.0929 19.1339 73.8929 1.59405
32.3 16.1429 19.1243 73.8429 1.60371
32.4 16.1929 19.1146 73.7929 1.61339
32.5 16.2429 19.1049 73.7429 1.62309
32.6 16.2928 19.0952 73.6928 1.63282
32.7 16.3428 19.0854 73.6428 1.64258
32.8 16.3928 19.0756 73.5928 1.65237
32.9 16.4428 19.0658 73.5428 1.66218
33 16.4928 19.056 73.4928 1.67202
33.1 16.5428 19.0461 73.4427 1.68188
33.2 16.5927 19.0362 73.3927 1.69177
33.3 16.6427 19.0263 73.3427 1.70169
33.4 16.6927 19.0164 73.2927 1.71164
33.5 16.7427 19.0064 73.2427 1.72161
33.6 16.7927 18.9964 73.1927 1.7316
33.7 16.8426 18.9864 73.1426 1.74163
33.8 16.8926 18.9763 73.0926 1.75168
33.9 16.9426 18.9662 73.0426 1.76175
34 16.9926 18.9561 72.9926 1.77185
34.1 17.0426 18.946 72.9426 1.78198
34.2 17.0925 18.9359 72.8925 1.79214
34.3 17.1425 18.9257 72.8425 1.80232
34.4 17.1925 18.9155 72.7925 1.81252
34.5 17.2425 18.9052 72.7425 1.82276
34.6 17.2925 18.895 72.6925 1.83301
34.7 17.3424 18.8847 72.6424 1.8433
34.8 17.3924 18.8744 72.5924 1.85361
34.9 17.4424 18.8641 72.5424 1.86395
35 17.4924 18.8537 72.4924 1.87431
35.1 17.5424 18.8433 72.4424 1.8847
35.2 17.5923 18.8329 72.3923 1.89511
35.3 17.6423 18.8224 72.3423 1.90555
35.4 17.6923 18.812 72.2923 1.91602
35.5 17.7423 18.8015 72.2423 1.92651
35.6 17.7923 18.791 72.1923 1.93702
35.7 17.8423 18.7804 72.1423 1.94757
35.8 17.8922 18.7699 72.0922 1.95813
35.9 17.9422 18.7593 72.0422 1.96873
36 17.9922 18.7487 71.9922 1.97935
36.1 18.0422 18.738 71.9422 1.98999
36.2 18.0922 18.7273 71.8922 2.00066
36.3 18.1421 18.7166 71.8421 2.01136
36.4 18.1921 18.7059 71.7921 2.02208
36.5 18.2421 18.6952 71.7421 2.03283
36.6 18.2921 18.6844 71.6921 2.0436
36.7 18.3421 18.6736 71.6421 2.0544
36.8 18.392 18.6628 71.592 2.06522
36.9 18.442 18.6519 71.542 2.07607
37 18.492 18.6411 71.492 2.08694
37.1 18.542 18.6302 71.442 2.09784
37.2 18.592 18.6192 71.392 2.10876
37.3 18.642 18.6083 71.342 2.11971
37.4 18.6919 18.5973 71.2919 2.13069
37.5 18.7419 18.5863 71.2419 2.14169
37.6 18.7919 18.5753 71.1919 2.15271
37.7 18.8419 18.5642 71.1419 2.16376
37.8 18.8919 18.5532 71.0919 2.17483
37.9 18.9418 18.5421 71.0418 2.18593
38 18.9918 18.5309 70.9918 2.19706
38.1 19.0418 18.5198 70.9418 2.20821
38.2 19.0918 18.5086 70.8918 2.21938
38.3 19.1418 18.4974 70.8418 2.23058
38.4 19.1918 18.4862 70.7918 2.2418
38.5 19.2417 18.475 70.7417 2.25305
38.6 19.2917 18.4637 70.6917 2.26432
38.7 19.3417 18.4524 70.6417 2.27562
38.8 19.3917 18.4411 70.5917 2.28694
38.9 19.4417 18.4297 70.5417 2.29829
39 19.4916 18.4183 70.4916 2.30966
39.1 19.5416 18.4069 70.4416 2.32106
39.2 19.5916 18.3955 70.3916 2.33248
39.3 19.6416 18.3841 70.3416 2.34392
39.4 19.6916 18.3726 70.2916 2.35539
39.5 19.7416 18.3611 70.2416 2.36688
39.6 19.7915 18.3496 70.1915 2.3784
39.7 19.8415 18.3381 70.1415 2.38994
39.8 19.8915 18.3265 70.0915 2.40151
39.9 19.9415 18.3149 70.0415 2.4131
40 19.9915 18.3033 69.9915 2.42472
40.1 20.0414 18.2916 69.9414 2.43635
40.2 20.0914 18.28 69.8914 2.44802
40.3 20.1414 18.2683 69.8414 2.45971
40.4 20.1914 18.2566 69.7914 2.47142
40.5 20.2414 18.2448 69.7414 2.48315
40.6 20.2914 18.2331 69.6914 2.49491
40.7 20.3413 18.2213 69.6413 2.5067
40.8 20.3913 18.2095 69.5913 2.5185
40.9 20.4413 18.1977 69.5413 2.53033
41 20.4913 18.1858 69.4913 2.54219
41.1 20.5413 18.1739 69.4413 2.55407
41.2 20.5913 18.162 69.3913 2.56597
41.3 20.6412 18.1501 69.3412 2.5779
41.4 20.6912 18.1382 69.2912 2.58985
41.5 20.7412 18.1262 69.2412 2.60182
41.6 20.7912 18.1142 69.1912 2.61382
41.7 20.8412 18.1022 69.1412 2.62584
41.8 20.8912 18.0901 69.0911 2.63789
41.9 20.9411 18.078 69.0411 2.64996
42 20.9911 18.066 68.9911 2.66205
42.1 21.0411 18.0538 68.9411 2.67416
42.2 21.0911 18.0417 68.8911 2.6863
42.3 21.1411 18.0295 68.8411 2.69846
42.4 21.191 18.0174 68.791 2.71065
42.5 21.241 18.0051 68.741 2.72286
42.6 21.291 17.9929 68.691 2.73509
42.7 21.341 17.9807 68.641 2.74735
42.8 21.391 17.9684 68.591 2.75962
42.9 21.441 17.9561 68.541 2.77193
43 21.4909 17.9437 68.4909 2.78425
43.1 21.5409 17.9314 68.4409 2.7966
43.2 21.5909 17.919 68.3909 2.80897
43.3 21.6409 17.9066 68.3409 2.82136
43.4 21.6909 17.8942 68.2909 2.83378
43.5 21.7409 17.8818 68.2409 2.84622
43.6 21.7908 17.8693 68.1908 2.85868
43.7 21.8408 17.8568 68.1408 2.87117
43.8 21.8908 17.8443 68.0908 2.88368
43.9 21.9408 17.8318 68.0408 2.89621
44 21.9908 17.8192 67.9908 2.90876
44.1 22.0408 17.8067 67.9408 2.92134
44.2 22.0907 17.7941 67.8907 2.93394
44.3 22.1407 17.7814 67.8407 2.94656
44.4 22.1907 17.7688 67.7907 2.95921
44.5 22.2407 17.7561 67.7407 2.97187
44.6 22.2907 17.7434 67.6907 2.98456
44.7 22.3407 17.7307 67.6407 2.99727
44.8 22.3906 17.718 67.5906 3.01001
44.9 22.4406 17.7052 67.5406 3.02277
45 22.4906 17.6925 67.4906 3.03555
45.1 22.5406 17.6797 67.4406 3.04835
45.2 22.5906 17.6668 67.3906 3.06117
45.3 22.6406 17.654 67.3406 3.07402
45.4 22.6905 17.6411 67.2905 3.08689
45.5 22.7405 17.6282 67.2405 3.09978
45.6 22.7905 17.6153 67.1905 3.11269
45.7 22.8405 17.6024 67.1405 3.12562
45.8 22.8905 17.5894 67.0905 3.13858
45.9 22.9405 17.5764 67.0405 3.15156
46 22.9904 17.5634 66.9904 3.16456
46.1 23.0404 17.5504 66.9404 3.17758
46.2 23.0904 17.5374 66.8904 3.19063
46.3 23.1404 17.5243 66.8404 3.20369
46.4 23.1904 17.5112 66.7904 3.21678
46.5 23.2404 17.4981 66.7404 3.22989
46.6 23.2904 17.485 66.6904 3.24303
46.7 23.3403 17.4718 66.6403 3.25618
46.8 23.3903 17.4586 66.5903 3.26935
46.9 23.4403 17.4454 66.5403 3.28255
47 23.4903 17.4322 66.4903 3.29577
47.1 23.5403 17.419 66.4403 3.30901
47.2 23.5903 17.4057 66.3903 3.32227
47.3 23.6402 17.3924 66.3402 3.33555
47.4 23.6902 17.3791 66.2902 3.34886
47.5 23.7402 17.3658 66.2402 3.36218
47.6 23.7902 17.3525 66.1902 3.37553
47.7 23.8402 17.3391 66.1402 3.3889
47.8 23.8902 17.3257 66.0902 3.40229
47.9 23.9401 17.3123 66.0401 3.4157
48 23.9901 17.2989 65.9901 3.42913
48.1 24.0401 17.2854 65.9401 3.44258
48.2 24.0901 17.2719 65.8901 3.45606
48.3 24.1401 17.2584 65.8401 3.46955
48.4 24.1901 17.2449 65.7901 3.48307
48.5 24.2401 17.2314 65.7401 3.49661
48.6 24.29 17.2178 65.69 3.51016
48.7 24.34 17.2043 65.64 3.52374
48.8 24.39 17.1907 65.59 3.53734
48.9 24.44 17.177 65.54 3.55096
49 24.49 17.1634 65.49 3.5646
49.1 24.54 17.1497 65.44 3.57827
49.2 24.5899 17.1361 65.3899 3.59195
49.3 24.6399 17.1223 65.3399 3.60565
49.4 24.6899 17.1086 65.2899 3.61938
49.5 24.7399 17.0949 65.2399 3.63312
49.6 24.7899 17.0811 65.1899 3.64689
49.7 24.8399 17.0673 65.1399 3.66067
49.8 24.8899 17.0535 65.0899 3.67448
49.9 24.9398 17.0397 65.0398 3.6883
50 24.9898 17.0259 64.9898 3.70215
50.1 25.0398 17.012 64.9398 3.71602
50.2 25.0898 16.9981 64.8898 3.7299
50.3 25.1398 16.9842 64.8398 3.74381
50.4 25.1898 16.9703 64.7898 3.75774
50.5 25.2398 16.9563 64.7398 3.77169
50.6 25.2897 16.9423 64.6897 3.78565
50.7 25.3397 16.9284 64.6397 3.79964
50.8 25.3897 16.9144 64.5897 3.81365
50.9 25.4397 16.9003 64.5397 3.82768
51 25.4897 16.8863 64.4897 3.84172
51.1 25.5397 16.8722 64.4397 3.85579
51.2 25.5897 16.8581 64.3897 3.86988
51.3 25.6396 16.844 64.3396 3.88399
51.4 25.6896 16.8299 64.2896 3.89811
51.5 25.7396 16.8157 64.2396 3.91226
51.6 25.7896 16.8016 64.1896 3.92642
51.7 25.8396 16.7874 64.1396 3.94061
51.8 25.8896 16.7732 64.0896 3.95482
51.9 25.9396 16.759 64.0395 3.96904
52 25.9895 16.7447 63.9895 3.98328
52.1 26.0395 16.7305 63.9395 3.99755
52.2 26.0895 16.7162 63.8895 4.01183
52.3 26.1395 16.7019 63.8395 4.02613
52.4 26.1895 16.6875 63.7895 4.04046
52.5 26.2395 16.6732 63.7395 4.0548
52.6 26.2895 16.6588 63.6894 4.06916
52.7 26.3394 16.6445 63.6394 4.08354
52.8 26.3894 16.6301 63.5894 4.09793
52.9 26.4394 16.6156 63.5394 4.11235
53 26.4894 16.6012 63.4894 4.12679
53.1 26.5394 16.5868 63.4394 4.14124
53.2 26.5894 16.5723 63.3894 4.15572
53.3 26.6394 16.5578 63.3394 4.17021
53.4 26.6893 16.5433 63.2893 4.18473
53.5 26.7393 16.5287 63.2393 4.19926
53.6 26.7893 16.5142 63.1893 4.21381
53.7 26.8393 16.4996 63.1393 4.22838
53.8 26.8893 16.485 63.0893 4.24296
53.9 26.9393 16.4704 63.0393 4.25757
54 26.9893 16.4558 62.9893 4.27219
54.1 27.0392 16.4412 62.9392 4.28684
54.2 27.0892 16.4265 62.8892 4.3015
54.3 27.1392 16.4118 62.8392 4.31618
54.4 27.1892 16.3971 62.7892 4.33088
54.5 27.2392 16.3824 62.7392 4.34559
54.6 27.2892 16.3677 62.6892 4.36033
54.7 27.3392 16.3529 62.6392 4.37508
54.8 27.3892 16.3381 62.5891 4.38986
54.9 27.4391 16.3234 62.5391 4.40465
55 27.4891 16.3085 62.4891 4.41945
55.1 27.5391 16.2937 62.4391 4.43428
55.2 27.5891 16.2789 62.3891 4.44912
55.3 27.6391 16.264 62.3391 4.46399
55.4 27.6891 16.2491 62.2891 4.47887
55.5 27.7391 16.2342 62.2391 4.49377
55.6 27.789 16.2193 62.189 4.50868
55.7 27.839 16.2044 62.139 4.52362
55.8 27.889 16.1894 62.089 4.53857
55.9 27.939 16.1745 62.039 4.55354
56 27.989 16.1595 61.989 4.56852
56.1 28.039 16.1445 61.939 4.58353
56.2 28.089 16.1294 61.889 4.59855
56.3 28.139 16.1144 61.839 4.61359
56.4 28.1889 16.0994 61.7889 4.62865
56.5 28.2389 16.0843 61.7389 4.64373
56.6 28.2889 16.0692 61.6889 4.65882
56.7 28.3389 16.0541 61.6389 4.67393
56.8 28.3889 16.0389 61.5889 4.68905
56.9 28.4389 16.0238 61.5389 4.7042
57 28.4889 16.0086 61.4889 4.71936
57.1 28.5389 15.9935 61.4388 4.73454
57.2 28.5888 15.9783 61.3888 4.74974
57.3 28.6388 15.9631 61.3388 4.76495
57.4 28.6888 15.9478 61.2888 4.78018
57.5 28.7388 15.9326 61.2388 4.79543
57.6 28.7888 15.9173 61.1888 4.81069
57.7 28.8388 15.902 61.1388 4.82597
57.8 28.8888 15.8867 61.0888 4.84127
57.9 28.9388 15.8714 61.0388 4.85659
58 28.9887 15.8561 60.9887 4.87192
58.1 29.0387 15.8407 60.9387 4.88727
58.2 29.0887 15.8254 60.8887 4.90263
58.3 29.1387 15.81 60.8387 4.91801
58.4 29.1887 15.7946 60.7887 4.93341
58.5 29.2387 15.7792 60.7387 4.94882
58.6 29.2887 15.7637 60.6887 4.96426
58.7 29.3387 15.7483 60.6387 4.9797
58.8 29.3886 15.7328 60.5886 4.99517
58.9 29.4386 15.7174 60.5386 5.01065
59 29.4886 15.7019 60.4886 5.02615
59.1 29.5386 15.6863 60.4386 5.04166
59.2 29.5886 15.6708 60.3886 5.05719
59.3 29.6386 15.6553 60.3386 5.07273
59.4 29.6886 15.6397 60.2886 5.08829
59.5 29.7386 15.6241 60.2386 5.10387
59.6 29.7885 15.6085 60.1885 5.11947
59.7 29.8385 15.5929 60.1385 5.13508
59.8 29.8885 15.5773 60.0885 5.1507
59.9 29.9385 15.5617 60.0385 5.16634
60 29.9885 15.546 59.9885 5.182
60.1 30.0385 15.5303 59.9385 5.19767
60.2 30.0885 15.5146 59.8885 5.21336
60.3 30.1385 15.4989 59.8385 5.22907
60.4 30.1885 15.4832 59.7885 5.24479
60.5 30.2384 15.4675 59.7384 5.26052
60.6 30.2884 15.4517 59.6884 5.27627
60.7 30.3384 15.436 59.6384 5.29204
60.8 30.3884 15.4202 59.5884 5.30782
60.9 30.4384 15.4044 59.5384 5.32362
61 30.4884 15.3886 59.4884 5.33943
61.1 30.5384 15.3727 59.4384 5.35526
61.2 30.5884 15.3569 59.3884 5.3711
61.3 30.6384 15.341 59.3384 5.38696
61.4 30.6883 15.3252 59.2883 5.40284
61.5 30.7383 15.3093 59.2383 5.41873
61.6 30.7883 15.2934 59.1883 5.43463
61.7 30.8383 15.2775 59.1383 5.45055
61.8 30.8883 15.2615 59.0883 5.46648
61.9 30.9383 15.2456 59.0383 5.48243
62 30.9883 15.2296 58.9883 5.4984
62.1 31.0383 15.2136 58.9383 5.51438
62.2 31.0883 15.1976 58.8883 5.53037
62.3 31.1382 15.1816 58.8382 5.54638
62.4 31.1882 15.1656 58.7882 5.5624
62.5 31.2382 15.1496 58.7382 5.57844
62.6 31.2882 15.1335 58.6882 5.59449
62.7 31.3382 15.1174 58.6382 5.61056
62.8 31.3882 15.1014 58.5882 5.62664
62.9 31.4382 15.0853 58.5382 5.64273
63 31.4882 15.0692 58.4882 5.65884
63.1 31.5382 15.053 58.4382 5.67497
63.2 31.5881 15.0369 58.3881 5.69111
63.3 31.6381 15.0207 58.3381 5.70726
63.4 31.6881 15.0046 58.2881 5.72342
63.5 31.7381 14.9884 58.2381 5.73961
63.6 31.7881 14.9722 58.1881 5.7558
63.7 31.8381 14.956 58.1381 5.77201
63.8 31.8881 14.9398 58.0881 5.78823
63.9 31.9381 14.9235 58.0381 5.80447
64 31.9881 14.9073 57.9881 5.82072
64.1 32.0381 14.891 57.9381 5.83699
64.2 32.088 14.8747 57.888 5.85326
64.3 32.138 14.8584 57.838 5.86956
64.4 32.188 14.8421 57.788 5.88586
64.5 32.238 14.8258 57.738 5.90218
64.6 32.288 14.8095 57.688 5.91852
64.7 32.338 14.7931 57.638 5.93486
64.8 32.388 14.7768 57.588 5.95122
64.9 32.438 14.7604 57.538 5.9676
65 32.488 14.744 57.488 5.98398
65.1 32.538 14.7276 57.438 6.00038
65.2 32.5879 14.7112 57.3879 6.0168
65.3 32.6379 14.6948 57.3379 6.03323
65.4 32.6879 14.6783 57.2879 6.04967
65.5 32.7379 14.6619 57.2379 6.06612
65.6 32.7879 14.6454 57.1879 6.08259
65.7 32.8379 14.6289 57.1379 6.09907
65.8 32.8879 14.6124 57.0879 6.11556
65.9 32.9379 14.5959 57.0379 6.13206
66 32.9879 14.5794 56.9879 6.14858
66.1 33.0379 14.5629 56.9379 6.16511
66.2 33.0879 14.5463 56.8878 6.18166
66.3 33.1378 14.5298 56.8378 6.19821
66.4 33.1878 14.5132 56.7878 6.21478
66.5 33.2378 14.4966 56.7378 6.23136
66.6 33.2878 14.48 56.6878 6.24796
66.7 33.3378 14.4634 56.6378 6.26457
66.8 33.3878 14.4468 56.5878 6.28119
66.9 33.4378 14.4302 56.5378 6.29782
67 33.4878 14.4135 56.4878 6.31446
67.1 33.5378 14.3969 56.4378 6.33112
67.2 33.5878 14.3802 56.3878 6.34779
67.3 33.6378 14.3635 56.3377 6.36447
67.4 33.6877 14.3468 56.2877 6.38116
67.5 33.7377 14.3301 56.2377 6.39787
67.6 33.7877 14.3134 56.1877 6.41459
67.7 33.8377 14.2967 56.1377 6.43132
67.8 33.8877 14.2799 56.0877 6.44806
67.9 33.9377 14.2632 56.0377 6.46481
68 33.9877 14.2464 55.9877 6.48158
68.1 34.0377 14.2296 55.9377 6.49835
68.2 34.0877 14.2129 55.8877 6.51514
68.3 34.1377 14.1961 55.8377 6.53194
68.4 34.1877 14.1792 55.7877 6.54876
68.5 34.2376 14.1624 55.7376 6.56558
68.6 34.2876 14.1456 55.6876 6.58242
68.7 34.3376 14.1287 55.6376 6.59926
68.8 34.3876 14.1119 55.5876 6.61612
68.9 34.4376 14.095 55.5376 6.63299
69 34.4876 14.0781 55.4876 6.64987
69.1 34.5376 14.0612 55.4376 6.66677
69.2 34.5876 14.0443 55.3876 6.68367
69.3 34.6376 14.0274 55.3376 6.70059
69.4 34.6876 14.0105 55.2876 6.71751
69.5 34.7376 13.9935 55.2376 6.73445
69.6 34.7876 13.9766 55.1876 6.7514
69.7 34.8375 13.9596 55.1375 6.76836
69.8 34.8875 13.9427 55.0875 6.78533
69.9 34.9375 13.9257 55.0375 6.80231
70 34.9875 13.9087 54.9875 6.8193
70.1 35.0375 13.8917 54.9375 6.83631
70.2 35.0875 13.8747 54.8875 6.85332
70.3 35.1375 13.8577 54.8375 6.87034
70.4 35.1875 13.8406 54.7875 6.88738
70.5 35.2375 13.8236 54.7375 6.90443
70.6 35.2875 13.8065 54.6875 6.92148
70.7 35.3375 13.7895 54.6375 6.93855
70.8 35.3875 13.7724 54.5875 6.95563
70.9 35.4375 13.7553 54.5375 6.97271
71 35.4874 13.7382 54.4874 6.98981
71.1 35.5374 13.7211 54.4374 7.00692
71.2 35.5874 13.704 54.3874 7.02404
71.3 35.6374 13.6868 54.3374 7.04117
71.4 35.6874 13.6697 54.2874 7.05831
71.5 35.7374 13.6525 54.2374 7.07545
71.6 35.7874 13.6354 54.1874 7.09261
71.7 35.8374 13.6182 54.1374 7.10978
71.8 35.8874 13.601 54.0874 7.12696
71.9 35.9374 13.5839 54.0374 7.14415
72 35.9874 13.5667 53.9874 7.16135
72.1 36.0374 13.5494 53.9374 7.17856
72.2 36.0874 13.5322 53.8874 7.19577
72.3 36.1374 13.515 53.8373 7.213
72.4 36.1873 13.4978 53.7873 7.23024
72.5 36.2373 13.4805 53.7373 7.24749
72.6 36.2873 13.4633 53.6873 7.26474
72.7 36.3373 13.446 53.6373 7.28201
72.8 36.3873 13.4287 53.5873 7.29928
72.9 36.4373 13.4114 53.5373 7.31657
73 36.4873 13.3941 53.4873 7.33386
73.1 36.5373 13.3768 53.4373 7.35116
73.2 36.5873 13.3595 53.3873 7.36847
73.3 36.6373 13.3422 53.3373 7.3858
73.4 36.6873 13.3249 53.2873 7.40313
73.5 36.7373 13.3075 53.2373 7.42046
73.6 36.7873 13.2902 53.1873 7.43781
73.7 36.8373 13.2728 53.1373 7.45517
73.8 36.8872 13.2555 53.0872 7.47254
73.9 36.9372 13.2381 53.0372 7.48991
74 36.9872 13.2207 52.9872 7.50729
74.1 37.0372 13.2033 52.9372 7.52469
74.2 37.0872 13.1859 52.8872 7.54209
74.3 37.1372 13.1685 52.8372 7.5595
74.4 37.1872 13.1511 52.7872 7.57691
74.5 37.2372 13.1337 52.7372 7.59434
74.6 37.2872 13.1162 52.6872 7.61178
74.7 37.3372 13.0988 52.6372 7.62922
74.8 37.3872 13.0813 52.5872 7.64667
74.9 37.4372 13.0639 52.5372 7.66413
75 37.4872 13.0464 52.4872 7.6816
75.1 37.5372 13.0289 52.4372 7.69908
75.2 37.5872 13.0114 52.3872 7.71656
75.3 37.6372 12.9939 52.3372 7.73405
75.4 37.6872 12.9764 52.2871 7.75155
75.5 37.7371 12.9589 52.2371 7.76906
75.6 37.7871 12.9414 52.1871 7.78658
75.7 37.8371 12.9239 52.1371 7.8041
75.8 37.8871 12.9064 52.0871 7.82163
75.9 37.9371 12.8888 52.0371 7.83917
76 37.9871 12.8713 51.9871 7.85672
76.1 38.0371 12.8537 51.9371 7.87428
76.2 38.0871 12.8362 51.8871 7.89184
76.3 38.1371 12.8186 51.8371 7.90941
76.4 38.1871 12.801 51.7871 7.92699
76.5 38.2371 12.7834 51.7371 7.94457
76.6 38.2871 12.7658 51.6871 7.96216
76.7 38.3371 12.7482 51.6371 7.97976
76.8 38.3871 12.7306 51.5871 7.99737
76.9 38.4371 12.713 51.5371 8.01499
77 38.4871 12.6954 51.4871 8.03261
77.1 38.5371 12.6778 51.4371 8.05024
77.2 38.5871 12.6601 51.3871 8.06787
77.3 38.637 12.6425 51.337 8.08551
77.4 38.687 12.6248 51.287 8.10316
77.5 38.737 12.6072 51.237 8.12082
77.6 38.787 12.5895 51.187 8.13848
77.7 38.837 12.5718 51.137 8.15615
77.8 38.887 12.5542 51.087 8.17383
77.9 38.937 12.5365 51.037 8.19151
78 38.987 12.5188 50.987 8.2092
78.1 39.037 12.5011 50.937 8.2269
78.2 39.087 12.4834 50.887 8.2446
78.3 39.137 12.4657 50.837 8.26231
78.4 39.187 12.448 50.787 8.28003
78.5 39.237 12.4302 50.737 8.29775
78.6 39.287 12.4125 50.687 8.31548
78.7 39.337 12.3948 50.637 8.33321
78.8 39.387 12.377 50.587 8.35096
78.9 39.437 12.3593 50.537 8.3687
79 39.487 12.3415 50.487 8.38646
79.1 39.537 12.3238 50.437 8.40421
79.2 39.587 12.306 50.387 8.42198
79.3 39.637 12.2882 50.337 8.43975
79.4 39.6869 12.2705 50.2869 8.45753
79.5 39.7369 12.2527 50.2369 8.47531
79.6 39.7869 12.2349 50.1869 8.4931
79.7 39.8369 12.2171 50.1369 8.51089
79.8 39.8869 12.1993 50.0869 8.52869
79.9 39.9369 12.1815 50.0369 8.5465
80 39.9869 12.1637 49.9869 8.56431
80.1 40.0369 12.1459 49.9369 8.58213
80.2 40.0869 12.1281 49.8869 8.59995
80.3 40.1369 12.1102 49.8369 8.61778
80.4 40.1869 12.0924 49.7869 8.63561
80.5 40.2369 12.0746 49.7369 8.65345
80.6 40.2869 12.0567 49.6869 8.67129
80.7 40.3369 12.0389 49.6369 8.68914
80.8 40.3869 12.021 49.5869 8.70699
80.9 40.4369 12.0032 49.5369 8.72485
81 40.4869 11.9853 49.4869 8.74271
81.1 40.5369 11.9674 49.4369 8.76058
81.2 40.5869 11.9495 49.3869 8.77845
81.3 40.6369 11.9317 49.3369 8.79633
81.4 40.6869 11.9138 49.2869 8.81422
81.5 40.7369 11.8959 49.2369 8.8321
81.6 40.7869 11.878 49.1869 8.85
81.7 40.8369 11.8601 49.1369 8.86789
81.8 40.8869 11.8422 49.0869 8.88579
81.9 40.9369 11.8243 49.0369 8.9037
82 40.9869 11.8064 48.9869 8.92161
82.1 41.0368 11.7885 48.9368 8.93952
82.2 41.0868 11.7706 48.8868 8.95744
82.3 41.1368 11.7526 48.8368 8.97537
82.4 41.1868 11.7347 48.7868 8.99329
82.5 41.2368 11.7168 48.7368 9.01123
82.6 41.2868 11.6988 48.6868 9.02916
82.7 41.3368 11.6809 48.6368 9.0471
82.8 41.3868 11.663 48.5868 9.06505
82.9 41.4368 11.645 48.5368 9.08299
83 41.4868 11.6271 48.4868 9.10095
83.1 41.5368 11.6091 48.4368 9.1189
83.2 41.5868 11.5911 48.3868 9.13686
83.3 41.6368 11.5732 48.3368 9.15482
83.4 41.6868 11.5552 48.2868 9.17279
83.5 41.7368 11.5372 48.2368 9.19076
83.6 41.7868 11.5193 48.1868 9.20874
83.7 41.8368 11.5013 48.1368 9.22671
83.8 41.8868 11.4833 48.0868 9.24469
83.9 41.9368 11.4653 48.0368 9.26268
84 41.9868 11.4473 47.9868 9.28067
84.1 42.0368 11.4293 47.9368 9.29866
84.2 42.0868 11.4113 47.8868 9.31665
84.3 42.1368 11.3933 47.8368 9.33465
84.4 42.1868 11.3753 47.7868 9.35265
84.5 42.2368 11.3573 47.7368 9.37065
84.6 42.2868 11.3393 47.6868 9.38866
84.7 42.3368 11.3213 47.6368 9.40667
84.8 42.3868 11.3033 47.5868 9.42468
84.9 42.4368 11.2853 47.5368 9.4427
85 42.4868 11.2673 47.4868 9.46072
85.1 42.5368 11.2493 47.4368 9.47874
85.2 42.5868 11.2312 47.3868 9.49676
85.3 42.6368 11.2132 47.3368 9.51479
85.4 42.6868 11.1952 47.2868 9.53282
85.5 42.7368 11.1772 47.2368 9.55085
85.6 42.7868 11.1591 47.1868 9.56888
85.7 42.8368 11.1411 47.1368 9.58692
85.8 42.8868 11.123 47.0868 9.60496
85.9 42.9368 11.105 47.0368 9.623
86 42.9868 11.087 46.9868 9.64104
86.1 43.0368 11.0689 46.9368 9.65909
86.2 43.0868 11.0509 46.8868 9.67714
86.3 43.1367 11.0328 46.8367 9.69519
86.4 43.1867 11.0148 46.7867 9.71324
86.5 43.2367 10.9967 46.7367 9.73129
86.6 43.2867 10.9787 46.6867 9.74935
86.7 43.3367 10.9606 46.6367 9.76741
86.8 43.3867 10.9425 46.5867 9.78547
86.9 43.4367 10.9245 46.5367 9.80353
87 43.4867 10.9064 46.4867 9.82159
87.1 43.5367 10.8883 46.4367 9.83965
87.2 43.5867 10.8703 46.3867 9.85772
87.3 43.6367 10.8522 46.3367 9.87579
87.4 43.6867 10.8341 46.2867 9.89386
87.5 43.7367 10.8161 46.2367 9.91193
87.6 43.7867 10.798 46.1867 9.93
87.7 43.8367 10.7799 46.1367 9.94807
87.8 43.8867 10.7619 46.0867 9.96615
87.9 43.9367 10.7438 46.0367 9.98422
88 43.9867 10.7257 45.9867 10.0023
88.1 44.0367 10.7076 45.9367 10.0204
88.2 44.0867 10.6895 45.8867 10.0385
88.3 44.1367 10.6715 45.8367 10.0565
88.4 44.1867 10.6534 45.7867 10.0746
88.5 44.2367 10.6353 45.7367 10.0927
88.6 44.2867 10.6172 45.6867 10.1108
88.7 44.3367 10.5991 45.6367 10.1289
88.8 44.3867 10.581 45.5867 10.147
88.9 44.4367 10.563 45.5367 10.165
89 44.4867 10.5449 45.4867 10.1831
89.1 44.5367 10.5268 45.4367 10.2012
89.2 44.5867 10.5087 45.3867 10.2193
89.3 44.6367 10.4906 45.3367 10.2374
89.4 44.6867 10.4725 45.2867 10.2555
89.5 44.7367 10.4544 45.2367 10.2736
89.6 44.7867 10.4364 45.1867 10.2916
89.7 44.8367 10.4183 45.1367 10.3097
89.8 44.8867 10.4002 45.0867 10.3278
89.9 44.9367 10.3821 45.0367 10.3459
90 44.9867 10.364 44.9867 10.364
90.1 45.0367 10.3459 44.9367 10.3821
90.2 45.0867 10.3278 44.8867 10.4002
90.3 45.1367 10.3097 44.8367 10.4183
90.4 45.1867 10.2916 44.7867 10.4364
90.5 45.2367 10.2736 44.7367 10.4544
90.6 45.2867 10.2555 44.6867 10.4725
90.7 45.3367 10.2374 44.6367 10.4906
90.8 45.3867 10.2193 44.5867 10.5087
90.9 45.4367 10.2012 44.5367 10.5268
91 45.4867 10.1831 44.4867 10.5449
91.1 45.5367 10.165 44.4367 10.563
91.2 45.5867 10.147 44.3867 10.581
91.3 45.6367 10.1289 44.3367 10.5991
91.4 45.6867 10.1108 44.2867 10.6172
91.5 45.7367 10.0927 44.2367 10.6353
91.6 45.7867 10.0746 44.1867 10.6534
91.7 45.8367 10.0565 44.1367 10.6715
91.8 45.8867 10.0385 44.0867 10.6895
91.9 45.9367 10.0204 44.0367 10.7076
92 45.9867 10.0023 43.9867 10.7257
92.1 46.0367 9.98422 43.9367 10.7438
92.2 46.0867 9.96615 43.8867 10.7619
92.3 46.1367 9.94807 43.8367 10.7799
92.4 46.1867 9.93 43.7867 10.798
92.5 46.2367 9.91193 43.7367 10.8161
92.6 46.2867 9.89386 43.6867 10.8341
92.7 46.3367 9.87579 43.6367 10.8522
92.8 46.3867 9.85772 43.5867 10.8703
92.9 46.4367 9.83965 43.5367 10.8883
93 46.4867 9.82159 43.4867 10.9064
93.1 46.5367 9.80353 43.4367 10.9245
93.2 46.5867 9.78547 43.3867 10.9425
93.3 46.6367 9.76741 43.3367 10.9606
93.4 46.6867 9.74935 43.2867 10.9787
93.5 46.7367 9.73129 43.2367 10.9967
93.6 46.7867 9.71324 43.1867 11.0148
93.7 46.8367 9.69519 43.1367 11.0328
93.8 46.8868 9.67714 43.0868 11.0509
93.9 46.9368 9.65909 43.0368 11.0689
94 46.9868 9.64104 42.9868 11.087
94.1 47.0368 9.623 42.9368 11.105
94.2 47.0868 9.60496 42.8868 11.123
94.3 47.1368 9.58692 42.8368 11.1411
94.4 47.1868 9.56888 42.7868 11.1591
94.5 47.2368 9.55085 42.7368 11.1772
94.6 47.2868 9.53282 42.6868 11.1952
94.7 47.3368 9.51479 42.6368 11.2132
94.8 47.3868 9.49676 42.5868 11.2312
94.9 47.4368 9.47874 42.5368 11.2493
95 47.4868 9.46072 42.4868 11.2673
95.1 47.5368 9.4427 42.4368 11.2853
95.2 47.5868 9.42468 42.3868 11.3033
95.3 47.6368 9.40667 42.3368 11.3213
95.4 47.6868 9.38866 42.2868 11.3393
95.5 47.7368 9.37065 42.2368 11.3573
95.6 47.7868 9.35265 42.1868 11.3753
95.7 47.8368 9.33465 42.1368 11.3933
95.8 47.8868 9.31665 42.0868 11.4113
95.9 47.9368 9.29866 42.0368 11.4293
96 47.9868 9.28067 41.9868 11.4473
96.1 48.0368 9.26268 41.9368 11.4653
96.2 48.0868 9.24469 41.8868 11.4833
96.3 48.1368 9.22671 41.8368 11.5013
96.4 48.1868 9.20874 41.7868 11.5193
96.5 48.2368 9.19076 41.7368 11.5372
96.6 48.2868 9.17279 41.6868 11.5552
96.7 48.3368 9.15482 41.6368 11.5732
96.8 48.3868 9.13686 41.5868 11.5911
96.9 48.4368 9.1189 41.5368 11.6091
97 48.4868 9.10095 41.4868 11.6271
97.1 48.5368 9.08299 41.4368 11.645
97.2 48.5868 9.06505 41.3868 11.663
97.3 48.6368 9.0471 41.3368 11.6809
97.4 48.6868 9.02916 41.2868 11.6988
97.5 48.7368 9.01123 41.2368 11.7168
97.6 48.7868 8.99329 41.1868 11.7347
97.7 48.8368 8.97537 41.1368 11.7526
97.8 48.8868 8.95744 41.0868 11.7706
97.9 48.9368 8.93952 41.0368 11.7885
98 48.9869 8.92161 40.9869 11.8064
98.1 49.0369 8.9037 40.9369 11.8243
98.2 49.0869 8.88579 40.8869 11.8422
98.3 49.1369 8.86789 40.8369 11.8601
98.4 49.1869 8.85 40.7869 11.878
98.5 49.2369 8.8321 40.7369 11.8959
98.6 49.2869 8.81422 40.6869 11.9138
98.7 49.3369 8.79633 40.6369 11.9317
98.8 49.3869 8.77845 40.5869 11.9495
98.9 49.4369 8.76058 40.5369 11.9674
99 49.4869 8.74271 40.4869 11.9853
99.1 49.5369 8.72485 40.4369 12.0032
99.2 49.5869 8.70699 40.3869 12.021
99.3 49.6369 8.68914 40.3369 12.0389
99.4 49.6869 8.67129 40.2869 12.0567
99.5 49.7369 8.65345 40.2369 12.0746
99.6 49.7869 8.63561 40.1869 12.0924
99.7 49.8369 8.61778 40.1369 12.1102
99.8 49.8869 8.59995 40.0869 12.1281
99.9 49.9369 8.58213 40.0369 12.1459
100 49.9869 8.56431 39.9869 12.1637
100.1 50.0369 8.5465 39.9369 12.1815
100.2 50.0869 8.52869 39.8869 12.1993
100.3 50.1369 8.51089 39.8369 12.2171
100.4 50.1869 8.4931 39.7869 12.2349
100.5 50.2369 8.47531 39.7369 12.2527
100.6 50.2869 8.45753 39.6869 12.2705
100.7 50.337 8.43975 39.637 12.2882
100.8 50.387 8.42198 39.587 12.306
100.9 50.437 8.40421 39.537 12.3238
101 50.487 8.38646 39.487 12.3415
101.1 50.537 8.3687 39.437 12.3593
101.2 50.587 8.35096 39.387 12.377
101.3 50.637 8.33321 39.337 12.3948
101.4 50.687 8.31548 39.287 12.4125
101.5 50.737 8.29775 39.237 12.4302
101.6 50.787 8.28003 39.187 12.448
101.7 50.837 8.26231 39.137 12.4657
101.8 50.887 8.2446 39.087 12.4834
101.9 50.937 8.2269 39.037 12.5011
102 50.987 8.2092 38.987 12.5188
102.1 51.037 8.19151 38.937 12.5365
102.2 51.087 8.17383 38.887 12.5542
102.3 51.137 8.15615 38.837 12.5718
102.4 51.187 8.13848 38.787 12.5895
102.5 51.237 8.12082 38.737 12.6072
102.6 51.287 8.10316 38.687 12.6248
102.7 51.337 8.08551 38.637 12.6425
102.8 51.3871 8.06787 38.5871 12.6601
102.9 51.4371 8.05024 38.5371 12.6778
103 51.4871 8.03261 38.4871 12.6954
103.1 51.5371 8.01499 38.4371 12.713
103.2 51.5871 7.99737 38.3871 12.7306
103.3 51.6371 7.97976 38.3371 12.7482
103.4 51.6871 7.96216 38.2871 12.7658
103.5 51.7371 7.94457 38.2371 12.7834
103.6 51.7871 7.92699 38.1871 12.801
103.7 51.8371 7.90941 38.1371 12.8186
103.8 51.8871 7.89184 38.0871 12.8362
103.9 51.9371 7.87428 38.0371 12.8537
104 51.9871 7.85672 37.9871 12.8713
104.1 52.0371 7.83917 37.9371 12.8888
104.2 52.0871 7.82163 37.8871 12.9064
104.3 52.1371 7.8041 37.8371 12.9239
104.4 52.1871 7.78658 37.7871 12.9414
104.5 52.2371 7.76906 37.7371 12.9589
104.6 52.2871 7.75155 37.6872 12.9764
104.7 52.3372 7.73405 37.6372 12.9939
104.8 52.3872 7.71656 37.5872 13.0114
104.9 52.4372 7.69908 37.5372 13.0289
105 52.4872 7.6816 37.4872 13.0464
105.1 52.5372 7.66413 37.4372 13.0639
105.2 52.5872 7.64667 37.3872 13.0813
105.3 52.6372 7.62922 37.3372 13.0988
105.4 52.6872 7.61178 37.2872 13.1162
105.5 52.7372 7.59434 37.2372 13.1337
105.6 52.7872 7.57691 37.1872 13.1511
105.7 52.8372 7.5595 37.1372 13.1685
105.8 52.8872 7.54209 37.0872 13.1859
105.9 52.9372 7.52469 37.0372 13.2033
106 52.9872 7.50729 36.9872 13.2207
106.1 53.0372 7.48991 36.9372 13.2381
106.2 53.0872 7.47254 36.8872 13.2555
106.3 53.1373 7.45517 36.8373 13.2728
106.4 53.1873 7.43781 36.7873 13.2902
106.5 53.2373 7.42046 36.7373 13.3075
106.6 53.2873 7.40313 36.6873 13.3249
106.7 53.3373 7.3858 36.6373 13.3422
106.8 53.3873 7.36847 36.5873 13.3595
106.9 53.4373 7.35116 36.5373 13.3768
107 53.4873 7.33386 36.4873 13.3941
107.1 53.5373 7.31657 36.4373 13.4114
107.2 53.5873 7.29928 36.3873 13.4287
107.3 53.6373 7.28201 36.3373 13.446
107.4 53.6873 7.26474 36.2873 13.4633
107.5 53.7373 7.24749 36.2373 13.4805
107.6 53.7873 7.23024 36.1873 13.4978
107.7 53.8373 7.213 36.1374 13.515
107.8 53.8874 7.19577 36.0874 13.5322
107.9 53.9374 7.17856 36.0374 13.5494
108 53.9874 7.16135 35.9874 13.5667
108.1 54.0374 7.14415 35.9374 13.5839
108.2 54.0874 7.12696 35.8874 13.601
108.3 54.1374 7.10978 35.8374 13.6182
108.4 54.1874 7.09261 35.7874 13.6354
108.5 54.2374 7.07545 35.7374 13.6525
108.6 54.2874 7.05831 35.6874 13.6697
108.7 54.3374 7.04117 35.6374 13.6868
108.8 54.3874 7.02404 35.5874 13.704
108.9 54.4374 7.00692 35.5374 13.7211
109 54.4874 6.98981 35.4874 13.7382
109.1 54.5375 6.97271 35.4375 13.7553
109.2 54.5875 6.95563 35.3875 13.7724
109.3 54.6375 6.93855 35.3375 13.7895
109.4 54.6875 6.92148 35.2875 13.8065
109.5 54.7375 6.90443 35.2375 13.8236
109.6 54.7875 6.88738 35.1875 13.8406
109.7 54.8375 6.87034 35.1375 13.8577
109.8 54.8875 6.85332 35.0875 13.8747
109.9 54.9375 6.83631 35.0375 13.8917
110 54.9875 6.8193 34.9875 13.9087
110.1 55.0375 6.80231 34.9375 13.9257
110.2 55.0875 6.78533 34.8875 13.9427
110.3 55.1375 6.76836 34.8375 13.9596
110.4 55.1876 6.7514 34.7876 13.9766
110.5 55.2376 6.73445 34.7376 13.9935
110.6 55.2876 6.71751 34.6876 14.0105
110.7 55.3376 6.70059 34.6376 14.0274
110.8 55.3876 6.68367 34.5876 14.0443
110.9 55.4376 6.66677 34.5376 14.0612
111 55.4876 6.64987 34.4876 14.0781
111.1 55.5376 6.63299 34.4376 14.095
111.2 55.5876 6.61612 34.3876 14.1119
111.3 55.6376 6.59926 34.3376 14.1287
111.4 55.6876 6.58242 34.2876 14.1456
111.5 55.7376 6.56558 34.2376 14.1624
111.6 55.7877 6.54876 34.1877 14.1792
111.7 55.8377 6.53194 34.1377 14.1961
111.8 55.8877 6.51514 34.0877 14.2129
111.9 55.9377 6.49835 34.0377 14.2296
112 55.9877 6.48158 33.9877 14.2464
112.1 56.0377 6.46481 33.9377 14.2632
112.2 56.0877 6.44806 33.8877 14.2799
112.3 56.1377 6.43132 33.8377 14.2967
112.4 56.1877 6.41459 33.7877 14.3134
112.5 56.2377 6.39787 33.7377 14.3301
112.6 56.2877 6.38116 33.6877 14.3468
112.7 56.3377 6.36447 33.6378 14.3635
112.8 56.3878 6.34779 33.5878 14.3802
112.9 56.4378 6.33112 33.5378 14.3969
113 56.4878 6.31446 33.4878 14.4135
113.1 56.5378 6.29782 33.4378 14.4302
113.2 56.5878 6.28119 33.3878 14.4468
113.3 56.6378 6.26457 33.3378 14.4634
113.4 56.6878 6.24796 33.2878 14.48
113.5 56.7378 6.23136 33.2378 14.4966
113.6 56.7878 6.21478 33.1878 14.5132
113.7 56.8378 6.19821 33.1378 14.5298
113.8 56.8878 6.18166 33.0879 14.5463
113.9 56.9379 6.16511 33.0379 14.5629
114 56.9879 6.14858 32.9879 14.5794
114.1 57.0379 6.13206 32.9379 14.5959
114.2 57.0879 6.11556 32.8879 14.6124
114.3 57.1379 6.09907 32.8379 14.6289
114.4 57.1879 6.08259 32.7879 14.6454
114.5 57.2379 6.06612 32.7379 14.6619
114.6 57.2879 6.04967 32.6879 14.6783
114.7 57.3379 6.03323 32.6379 14.6948
114.8 57.3879 6.0168 32.5879 14.7112
114.9 57.438 6.00038 32.538 14.7276
115 57.488 5.98398 32.488 14.744
115.1 57.538 5.9676 32.438 14.7604
115.2 57.588 5.95122 32.388 14.7768
115.3 57.638 5.93486 32.338 14.7931
115.4 57.688 5.91852 32.288 14.8095
115.5 57.738 5.90218 32.238 14.8258
115.6 57.788 5.88586 32.188 14.8421
115.7 57.838 5.86956 32.138 14.8584
115.8 57.888 5.85326 32.088 14.8747
115.9 57.9381 5.83699 32.0381 14.891
116 57.9881 5.82072 31.9881 14.9073
116.1 58.0381 5.80447 31.9381 14.9235
116.2 58.0881 5.78823 31.8881 14.9398
116.3 58.1381 5.77201 31.8381 14.956
116.4 58.1881 5.7558 31.7881 14.9722
116.5 58.2381 5.73961 31.7381 14.9884
116.6 58.2881 5.72342 31.6881 15.0046
116.7 58.3381 5.70726 31.6381 15.0207
116.8 58.3881 5.69111 31.5881 15.0369
116.9 58.4382 5.67497 31.5382 15.053
117 58.4882 5.65884 31.4882 15.0692
117.1 58.5382 5.64273 31.4382 15.0853
117.2 58.5882 5.62664 31.3882 15.1014
117.3 58.6382 5.61056 31.3382 15.1174
117.4 58.6882 5.59449 31.2882 15.1335
117.5 58.7382 5.57844 31.2382 15.1496
117.6 58.7882 5.5624 31.1882 15.1656
117.7 58.8382 5.54638 31.1382 15.1816
117.8 58.8883 5.53037 31.0883 15.1976
117.9 58.9383 5.51438 31.0383 15.2136
118 58.9883 5.4984 30.9883 15.2296
118.1 59.0383 5.48243 30.9383 15.2456
118.2 59.0883 5.46648 30.8883 15.2615
118.3 59.1383 5.45055 30.8383 15.2775
118.4 59.1883 5.43463 30.7883 15.2934
118.5 59.2383 5.41873 30.7383 15.3093
118.6 59.2883 5.40284 30.6883 15.3252
118.7 59.3384 5.38696 30.6384 15.341
118.8 59.3884 5.3711 30.5884 15.3569
118.9 59.4384 5.35526 30.5384 15.3727
119 59.4884 5.33943 30.4884 15.3886
119.1 59.5384 5.32362 30.4384 15.4044
119.2 59.5884 5.30782 30.3884 15.4202
119.3 59.6384 5.29204 30.3384 15.436
119.4 59.6884 5.27627 30.2884 15.4517
119.5 59.7384 5.26052 30.2384 15.4675
119.6 59.7885 5.24479 30.1885 15.4832
119.7 59.8385 5.22907 30.1385 15.4989
119.8 59.8885 5.21336 30.0885 15.5146
119.9 59.9385 5.19767 30.0385 15.5303
120 59.9885 5.182 29.9885 15.546
120.1 60.0385 5.16634 29.9385 15.5617
120.2 60.0885 5.1507 29.8885 15.5773
120.3 60.1385 5.13508 29.8385 15.5929
120.4 60.1885 5.11947 29.7885 15.6085
120.5 60.2386 5.10387 29.7386 15.6241
120.6 60.2886 5.08829 29.6886 15.6397
120.7 60.3386 5.07273 29.6386 15.6553
120.8 60.3886 5.05719 29.5886 15.6708
120.9 60.4386 5.04166 29.5386 15.6863
121 60.4886 5.02615 29.4886 15.7019
121.1 60.5386 5.01065 29.4386 15.7174
121.2 60.5886 4.99517 29.3886 15.7328
121.3 60.6387 4.9797 29.3387 15.7483
121.4 60.6887 4.96426 29.2887 15.7637
121.5 60.7387 4.94882 29.2387 15.7792
121.6 60.7887 4.93341 29.1887 15.7946
121.7 60.8387 4.91801 29.1387 15.81
121.8 60.8887 4.90263 29.0887 15.8254
121.9 60.9387 4.88727 29.0387 15.8407
122 60.9887 4.87192 28.9887 15.8561
122.1 61.0388 4.85659 28.9388 15.8714
122.2 61.0888 4.84127 28.8888 15.8867
122.3 61.1388 4.82597 28.8388 15.902
122.4 61.1888 4.81069 28.7888 15.9173
122.5 61.2388 4.79543 28.7388 15.9326
122.6 61.2888 4.78018 28.6888 15.9478
122.7 61.3388 4.76495 28.6388 15.9631
122.8 61.3888 4.74974 28.5888 15.9783
122.9 61.4388 4.73454 28.5389 15.9935
123 61.4889 4.71936 28.4889 16.0086
123.1 61.5389 4.7042 28.4389 16.0238
123.2 61.5889 4.68905 28.3889 16.0389
123.3 61.6389 4.67393 28.3389 16.0541
123.4 61.6889 4.65882 28.2889 16.0692
123.5 61.7389 4.64373 28.2389 16.0843
123.6 61.7889 4.62865 28.1889 16.0994
123.7 61.839 4.61359 28.139 16.1144
123.8 61.889 4.59855 28.089 16.1294
123.9 61.939 4.58353 28.039 16.1445
124 61.989 4.56852 27.989 16.1595
124.1 62.039 4.55354 27.939 16.1745
124.2 62.089 4.53857 27.889 16.1894
124.3 62.139 4.52362 27.839 16.2044
124.4 62.189 4.50868 27.789 16.2193
124.5 62.2391 4.49377 27.7391 16.2342
124.6 62.2891 4.47887 27.6891 16.2491
124.7 62.3391 4.46399 27.6391 16.264
124.8 62.3891 4.44912 27.5891 16.2789
124.9 62.4391 4.43428 27.5391 16.2937
125 62.4891 4.41945 27.4891 16.3085
125.1 62.5391 4.40465 27.4391 16.3234
125.2 62.5891 4.38986 27.3892 16.3381
125.3 62.6392 4.37508 27.3392 16.3529
125.4 62.6892 4.36033 27.2892 16.3677
125.5 62.7392 4.34559 27.2392 16.3824
125.6 62.7892 4.33088 27.1892 16.3971
125.7 62.8392 4.31618 27.1392 16.4118
125.8 62.8892 4.3015 27.0892 16.4265
125.9 62.9392 4.28684 27.0392 16.4412
126 62.9893 4.27219 26.9893 16.4558
126.1 63.0393 4.25757 26.9393 16.4704
126.2 63.0893 4.24296 26.8893 16.485
126.3 63.1393 4.22838 26.8393 16.4996
126.4 63.1893 4.21381 26.7893 16.5142
126.5 63.2393 4.19926 26.7393 16.5287
126.6 63.2893 4.18473 26.6893 16.5433
126.7 63.3394 4.17021 26.6394 16.5578
126.8 63.3894 4.15572 26.5894 16.5723
126.9 63.4394 4.14124 26.5394 16.5868
127 63.4894 4.12679 26.4894 16.6012
127.1 63.5394 4.11235 26.4394 16.6156
127.2 63.5894 4.09793 26.3894 16.6301
127.3 63.6394 4.08354 26.3394 16.6445
127.4 63.6894 4.06916 26.2895 16.6588
127.5 63.7395 4.0548 26.2395 16.6732
127.6 63.7895 4.04046 26.1895 16.6875
127.7 63.8395 4.02613 26.1395 16.7019
127.8 63.8895 4.01183 26.0895 16.7162
127.9 63.9395 3.99755 26.0395 16.7305
128 63.9895 3.98328 25.9895 16.7447
128.1 64.0395 3.96904 25.9396 16.759
128.2 64.0896 3.95482 25.8896 16.7732
128.3 64.1396 3.94061 25.8396 16.7874
128.4 64.1896 3.92642 25.7896 16.8016
128.5 64.2396 3.91226 25.7396 16.8157
128.6 64.2896 3.89811 25.6896 16.8299
128.7 64.3396 3.88399 25.6396 16.844
128.8 64.3897 3.86988 25.5897 16.8581
128.9 64.4397 3.85579 25.5397 16.8722
129 64.4897 3.84172 25.4897 16.8863
129.1 64.5397 3.82768 25.4397 16.9003
129.2 64.5897 3.81365 25.3897 16.9144
129.3 64.6397 3.79964 25.3397 16.9284
129.4 64.6897 3.78565 25.2897 16.9423
129.5 64.7398 3.77169 25.2398 16.9563
129.6 64.7898 3.75774 25.1898 16.9703
129.7 64.8398 3.74381 25.1398 16.9842
129.8 64.8898 3.7299 25.0898 16.9981
129.9 64.9398 3.71602 25.0398 17.012
130 64.9898 3.70215 24.9898 17.0259
130.1 65.0398 3.6883 24.9398 17.0397
130.2 65.0899 3.67448 24.8899 17.0535
130.3 65.1399 3.66067 24.8399 17.0673
130.4 65.1899 3.64689 24.7899 17.0811
130.5 65.2399 3.63312 24.7399 17.0949
130.6 65.2899 3.61938 24.6899 17.1086
130.7 65.3399 3.60565 24.6399 17.1223
130.8 65.3899 3.59195 24.5899 17.1361
130.9 65.44 3.57827 24.54 17.1497
131 65.49 3.5646 24.49 17.1634
131.1 65.54 3.55096 24.44 17.177
131.2 65.59 3.53734 24.39 17.1907
131.3 65.64 3.52374 24.34 17.2043
131.4 65.69 3.51016 24.29 17.2178
131.5 65.7401 3.49661 24.2401 17.2314
131.6 65.7901 3.48307 24.1901 17.2449
131.7 65.8401 3.46955 24.1401 17.2584
131.8 65.8901 3.45606 24.0901 17.2719
131.9 65.9401 3.44258 24.0401 17.2854
132 65.9901 3.42913 23.9901 17.2989
132.1 66.0401 3.4157 23.9401 17.3123
132.2 66.0902 3.40229 23.8902 17.3257
132.3 66.1402 3.3889 23.8402 17.3391
132.4 66.1902 3.37553 23.7902 17.3525
132.5 66.2402 3.36218 23.7402 17.3658
132.6 66.2902 3.34886 23.6902 17.3791
132.7 66.3402 3.33555 23.6402 17.3924
132.8 66.3903 3.32227 23.5903 17.4057
132.9 66.4403 3.30901 23.5403 17.419
133 66.4903 3.29577 23.4903 17.4322
133.1 66.5403 3.28255 23.4403 17.4454
133.2 66.5903 3.26935 23.3903 17.4586
133.3 66.6403 3.25618 23.3403 17.4718
133.4 66.6904 3.24303 23.2904 17.485
133.5 66.7404 3.22989 23.2404 17.4981
133.6 66.7904 3.21678 23.1904 17.5112
133.7 66.8404 3.20369 23.1404 17.5243
133.8 66.8904 3.19063 23.0904 17.5374
133.9 66.9404 3.17758 23.0404 17.5504
134 66.9904 3.16456 22.9904 17.5634
134.1 67.0405 3.15156 22.9405 17.5764
134.2 67.0905 3.13858 22.8905 17.5894
134.3 67.1405 3.12562 22.8405 17.6024
134.4 67.1905 3.11269 22.7905 17.6153
134.5 67.2405 3.09978 22.7405 17.6282
134.6 67.2905 3.08689 22.6905 17.6411
134.7 67.3406 3.07402 22.6406 17.654
134.8 67.3906 3.06117 22.5906 17.6668
134.9 67.4406 3.04835 22.5406 17.6797
135 67.4906 3.03555 22.4906 17.6925
135.1 67.5406 3.02277 22.4406 17.7052
135.2 67.5906 3.01001 22.3906 17.718
135.3 67.6407 2.99727 22.3407 17.7307
135.4 67.6907 2.98456 22.2907 17.7434
135.5 67.7407 2.97187 22.2407 17.7561
135.6 67.7907 2.95921 22.1907 17.7688
135.7 67.8407 2.94656 22.1407 17.7814
135.8 67.8907 2.93394 22.0907 17.7941
135.9 67.9408 2.92134 22.0408 17.8067
136 67.9908 2.90876 21.9908 17.8192
136.1 68.0408 2.89621 21.9408 17.8318
136.2 68.0908 2.88368 21.8908 17.8443
136.3 68.1408 2.87117 21.8408 17.8568
136.4 68.1908 2.85868 21.7908 17.8693
136.5 68.2409 2.84622 21.7409 17.8818
136.6 68.2909 2.83378 21.6909 17.8942
136.7 68.3409 2.82136 21.6409 17.9066
136.8 68.3909 2.80897 21.5909 17.919
136.9 68.4409 2.7966 21.5409 17.9314
137 68.4909 2.78425 21.4909 17.9437
137.1 68.541 2.77193 21.441 17.9561
137.2 68.591 2.75962 21.391 17.9684
137.3 68.641 2.74735 21.341 17.9807
137.4 68.691 2.73509 21.291 17.9929
137.5 68.741 2.72286 21.241 18.0051
137.6 68.791 2.71065 21.191 18.0174
137.7 68.8411 2.69846 21.1411 18.0295
137.8 68.8911 2.6863 21.0911 18.0417
137.9 68.9411 2.67416 21.0411 18.0538
138 68.9911 2.66205 20.9911 18.066
138.1 69.0411 2.64996 20.9411 18.078
138.2 69.0911 2.63789 20.8912 18.0901
138.3 69.1412 2.62584 20.8412 18.1022
138.4 69.1912 2.61382 20.7912 18.1142
138.5 69.2412 2.60182 20.7412 18.1262
138.6 69.2912 2.58985 20.6912 18.1382
138.7 69.3412 2.5779 20.6412 18.1501
138.8 69.3913 2.56597 20.5913 18.162
138.9 69.4413 2.55407 20.5413 18.1739
139 69.4913 2.54219 20.4913 18.1858
139.1 69.5413 2.53033 20.4413 18.1977
139.2 69.5913 2.5185 20.3913 18.2095
139.3 69.6413 2.5067 20.3413 18.2213
139.4 69.6914 2.49491 20.2914 18.2331
139.5 69.7414 2.48315 20.2414 18.2448
139.6 69.7914 2.47142 20.1914 18.2566
139.7 69.8414 2.45971 20.1414 18.2683
139.8 69.8914 2.44802 20.0914 18.28
139.9 69.9414 2.43635 20.0414 18.2916
140 69.9915 2.42472 19.9915 18.3033
140.1 70.0415 2.4131 19.9415 18.3149
140.2 70.0915 2.40151 19.8915 18.3265
140.3 70.1415 2.38994 19.8415 18.3381
140.4 70.1915 2.3784 19.7915 18.3496
140.5 70.2416 2.36688 19.7416 18.3611
140.6 70.2916 2.35539 19.6916 18.3726
140.7 70.3416 2.34392 19.6416 18.3841
140.8 70.3916 2.33248 19.5916 18.3955
140.9 70.4416 2.32106 19.5416 18.4069
141 70.4916 2.30966 19.4916 18.4183
141.1 70.5417 2.29829 19.4417 18.4297
141.2 70.5917 2.28694 19.3917 18.4411
141.3 70.6417 2.27562 19.3417 18.4524
141.4 70.6917 2.26432 19.2917 18.4637
141.5 70.7417 2.25305 19.2417 18.475
141.6 70.7918 2.2418 19.1918 18.4862
141.7 70.8418 2.23058 19.1418 18.4974
141.8 70.8918 2.21938 19.0918 18.5086
141.9 70.9418 2.20821 19.0418 18.5198
142 70.9918 2.19706 18.9918 18.5309
142.1 71.0418 2.18593 18.9418 18.5421
142.2 71.0919 2.17483 18.8919 18.5532
142.3 71.1419 2.16376 18.8419 18.5642
142.4 71.1919 2.15271 18.7919 18.5753
142.5 71.2419 2.14169 18.7419 18.5863
142.6 71.2919 2.13069 18.6919 18.5973
142.7 71.342 2.11971 18.642 18.6083
142.8 71.392 2.10876 18.592 18.6192
142.9 71.442 2.09784 18.542 18.6302
143 71.492 2.08694 18.492 18.6411
143.1 71.542 2.07607 18.442 18.6519
143.2 71.592 2.06522 18.392 18.6628
143.3 71.6421 2.0544 18.3421 18.6736
143.4 71.6921 2.0436 18.2921 18.6844
143.5 71.7421 2.03283 18.2421 18.6952
143.6 71.7921 2.02208 18.1921 18.7059
143.7 71.8421 2.01136 18.1421 18.7166
143.8 71.8922 2.00066 18.0922 18.7273
143.9 71.9422 1.98999 18.0422 18.738
144 71.9922 1.97935 17.9922 18.7487
144.1 72.0422 1.96873 17.9422 18.7593
144.2 72.0922 1.95813 17.8922 18.7699
144.3 72.1423 1.94757 17.8423 18.7804
144.4 72.1923 1.93702 17.7923 18.791
144.5 72.2423 1.92651 17.7423 18.8015
144.6 72.2923 1.91602 17.6923 18.812
144.7 72.3423 1.90555 17.6423 18.8224
144.8 72.3923 1.89511 17.5923 18.8329
144.9 72.4424 1.8847 17.5424 18.8433
145 72.4924 1.87431 17.4924 18.8537
145.1 72.5424 1.86395 17.4424 18.8641
145.2 72.5924 1.85361 17.3924 18.8744
145.3 72.6424 1.8433 17.3424 18.8847
145.4 72.6925 1.83301 17.2925 18.895
145.5 72.7425 1.82276 17.2425 18.9052
145.6 72.7925 1.81252 17.1925 18.9155
145.7 72.8425 1.80232 17.1425 18.9257
145.8 72.8925 1.79214 17.0925 18.9359
145.9 72.9426 1.78198 17.0426 18.946
146 72.9926 1.77185 16.9926 18.9561
146.1 73.0426 1.76175 16.9426 18.9662
146.2 73.0926 1.75168 16.8926 18.9763
146.3 73.1426 1.74163 16.8426 18.9864
146.4 73.1927 1.7316 16.7927 18.9964
146.5 73.2427 1.72161 16.7427 19.0064
146.6 73.2927 1.71164 16.6927 19.0164
146.7 73.3427 1.70169 16.6427 19.0263
146.8 73.3927 1.69177 16.5927 19.0362
146.9 73.4427 1.68188 16.5428 19.0461
147 73.4928 1.67202 16.4928 19.056
147.1 73.5428 1.66218 16.4428 19.0658
147.2 73.5928 1.65237 16.3928 19.0756
147.3 73.6428 1.64258 16.3428 19.0854
147.4 73.6928 1.63282 16.2928 19.0952
147.5 73.7429 1.62309 16.2429 19.1049
147.6 73.7929 1.61339 16.1929 19.1146
147.7 73.8429 1.60371 16.1429 19.1243
147.8 73.8929 1.59405 16.0929 19.1339
147.9 73.9429 1.58443 16.0429 19.1436
148 73.993 1.57483 15.993 19.1532
148.1 74.043 1.56526 15.943 19.1627
148.2 74.093 1.55571 15.893 19.1723
148.3 74.143 1.54619 15.843 19.1818
148.4 74.193 1.5367 15.793 19.1913
148.5 74.2431 1.52724 15.7431 19.2008
148.6 74.2931 1.5178 15.6931 19.2102
148.7 74.3431 1.50839 15.6431 19.2196
148.8 74.3931 1.499 15.5931 19.229
148.9 74.4431 1.48965 15.5431 19.2384
149 74.4932 1.48032 15.4932 19.2477
149.1 74.5432 1.47102 15.4432 19.257
149.2 74.5932 1.46174 15.3932 19.2663
149.3 74.6432 1.45249 15.3432 19.2755
149.4 74.6932 1.44327 15.2932 19.2847
149.5 74.7433 1.43408 15.2433 19.2939
149.6 74.7933 1.42491 15.1933 19.3031
149.7 74.8433 1.41577 15.1433 19.3122
149.8 74.8933 1.40666 15.0933 19.3213
149.9 74.9433 1.39757 15.0433 19.3304
150 74.9934 1.38851 14.9934 19.3395
150.1 75.0434 1.37948 14.9434 19.3485
150.2 75.0934 1.37048 14.8934 19.3575
150.3 75.1434 1.3615 14.8434 19.3665
150.4 75.1934 1.35255 14.7934 19.3754
150.5 75.2435 1.34363 14.7435 19.3844
150.6 75.2935 1.33474 14.6935 19.3933
150.7 75.3435 1.32587 14.6435 19.4021
150.8 75.3935 1.31704 14.5935 19.411
150.9 75.4435 1.30822 14.5435 19.4198
151 75.4936 1.29944 14.4936 19.4286
151.1 75.5436 1.29069 14.4436 19.4373
151.2 75.5936 1.28196 14.3936 19.446
151.3 75.6436 1.27326 14.3436 19.4547
151.4 75.6936 1.26458 14.2936 19.4634
151.5 75.7437 1.25594 14.2437 19.4721
151.6 75.7937 1.24732 14.1937 19.4807
151.7 75.8437 1.23873 14.1437 19.4893
151.8 75.8937 1.23017 14.0937 19.4978
151.9 75.9437 1.22164 14.0437 19.5064
152 75.9938 1.21313 13.9938 19.5149
152.1 76.0438 1.20465 13.9438 19.5233
152.2 76.0938 1.1962 13.8938 19.5318
152.3 76.1438 1.18778 13.8438 19.5402
152.4 76.1938 1.17939 13.7938 19.5486
152.5 76.2439 1.17102 13.7439 19.557
152.6 76.2939 1.16268 13.6939 19.5653
152.7 76.3439 1.15437 13.6439 19.5736
152.8 76.3939 1.14609 13.5939 19.5819
152.9 76.4439 1.13783 13.544 19.5902
153 76.494 1.12961 13.494 19.5984
153.1 76.544 1.12141 13.444 19.6066
153.2 76.594 1.11324 13.394 19.6148
153.3 76.644 1.1051 13.344 19.6229
153.4 76.6941 1.09699 13.2941 19.631
153.5 76.7441 1.0889 13.2441 19.6391
153.6 76.7941 1.08084 13.1941 19.6472
153.7 76.8441 1.07281 13.1441 19.6552
153.8 76.8941 1.06481 13.0941 19.6632
153.9 76.9442 1.05684 13.0442 19.6712
154 76.9942 1.0489 12.9942 19.6791
154.1 77.0442 1.04098 12.9442 19.687
154.2 77.0942 1.0331 12.8942 19.6949
154.3 77.1442 1.02524 12.8442 19.7028
154.4 77.1943 1.01741 12.7943 19.7106
154.5 77.2443 1.00961 12.7443 19.7184
154.6 77.2943 1.00183 12.6943 19.7262
154.7 77.3443 0.994088 12.6443 19.7339
154.8 77.3943 0.986372 12.5943 19.7416
154.9 77.4444 0.978685 12.5444 19.7493
155 77.4944 0.971026 12.4944 19.757
155.1 77.5444 0.963396 12.4444 19.7646
155.2 77.5944 0.955794 12.3944 19.7722
155.3 77.6445 0.948221 12.3445 19.7798
155.4 77.6945 0.940677 12.2945 19.7873
155.5 77.7445 0.933161 12.2445 19.7948
155.6 77.7945 0.925675 12.1945 19.8023
155.7 77.8445 0.918216 12.1445 19.8098
155.8 77.8946 0.910787 12.0946 19.8172
155.9 77.9446 0.903387 12.0446 19.8246
156 77.9946 0.896015 11.9946 19.832
156.1 78.0446 0.888672 11.9446 19.8393
156.2 78.0946 0.881358 11.8946 19.8466
156.3 78.1447 0.874073 11.8447 19.8539
156.4 78.1947 0.866817 11.7947 19.8612
156.5 78.2447 0.859589 11.7447 19.8684
156.6 78.2947 0.852391 11.6947 19.8756
156.7 78.3447 0.845222 11.6447 19.8828
156.8 78.3948 0.838081 11.5948 19.8899
156.9 78.4448 0.83097 11.5448 19.897
157 78.4948 0.823888 11.4948 19.9041
157.1 78.5448 0.816834 11.4448 19.9112
157.2 78.5949 0.80981 11.3949 19.9182
157.3 78.6449 0.802815 11.3449 19.9252
157.4 78.6949 0.795849 11.2949 19.9322
157.5 78.7449 0.788913 11.2449 19.9391
157.6 78.7949 0.782005 11.1949 19.946
157.7 78.845 0.775126 11.145 19.9529
157.8 78.895 0.768277 11.095 19.9597
157.9 78.945 0.761457 11.045 19.9665
158 78.995 0.754667 10.995 19.9733
158.1 79.045 0.747905 10.945 19.9801
158.2 79.0951 0.741173 10.8951 19.9868
158.3 79.1451 0.73447 10.8451 19.9935
158.4 79.1951 0.727797 10.7951 20.0002
158.5 79.2451 0.721152 10.7451 20.0068
158.6 79.2952 0.714538 10.6952 20.0135
158.7 79.3452 0.707952 10.6452 20.02
158.8 79.3952 0.701396 10.5952 20.0266
158.9 79.4452 0.69487 10.5452 20.0331
159 79.4952 0.688372 10.4952 20.0396
159.1 79.5453 0.681905 10.4453 20.0461
159.2 79.5953 0.675467 10.3953 20.0525
159.3 79.6453 0.669058 10.3453 20.0589
159.4 79.6953 0.662679 10.2953 20.0653
159.5 79.7453 0.656329 10.2454 20.0717
159.6 79.7954 0.650009 10.1954 20.078
159.7 79.8454 0.643719 10.1454 20.0843
159.8 79.8954 0.637458 10.0954 20.0905
159.9 79.9454 0.631227 10.0454 20.0968
160 79.9955 0.625026 9.99546 20.103
160.1 80.0455 0.618854 9.94548 20.1091
160.2 80.0955 0.612712 9.8955 20.1153
160.3 80.1455 0.606599 9.84552 20.1214
160.4 80.1955 0.600517 9.79555 20.1275
160.5 80.2456 0.594464 9.74557 20.1335
160.6 80.2956 0.58844 9.69559 20.1396
160.7 80.3456 0.582447 9.64561 20.1456
160.8 80.3956 0.576483 9.59563 20.1515
160.9 80.4457 0.570549 9.54566 20.1575
161 80.4957 0.564645 9.49568 20.1634
161.1 80.5457 0.558771 9.4457 20.1692
161.2 80.5957 0.552927 9.39572 20.1751
161.3 80.6457 0.547113 9.34574 20.1809
161.4 80.6958 0.541328 9.29577 20.1867
161.5 80.7458 0.535574 9.24579 20.1924
161.6 80.7958 0.529849 9.19581 20.1982
161.7 80.8458 0.524154 9.14583 20.2038
161.8 80.8959 0.51849 9.09585 20.2095
161.9 80.9459 0.512855 9.04588 20.2151
162 80.9959 0.50725 8.9959 20.2207
162.1 81.0459 0.501676 8.94592 20.2263
162.2 81.0959 0.496131 8.89594 20.2319
162.3 81.146 0.490616 8.84596 20.2374
162.4 81.196 0.485132 8.79599 20.2429
162.5 81.246 0.479678 8.74601 20.2483
162.6 81.296 0.474253 8.69603 20.2537
162.7 81.3461 0.468859 8.64605 20.2591
162.8 81.3961 0.463495 8.59607 20.2645
162.9 81.4461 0.458161 8.5461 20.2698
163 81.4961 0.452858 8.49612 20.2751
163.1 81.5461 0.447584 8.44614 20.2804
163.2 81.5962 0.442341 8.39616 20.2857
163.3 81.6462 0.437128 8.34619 20.2909
163.4 81.6962 0.431945 8.29621 20.2961
163.5 81.7462 0.426792 8.24623 20.3012
163.6 81.7963 0.42167 8.19625 20.3063
163.7 81.8463 0.416578 8.14627 20.3114
163.8 81.8963 0.411516 8.0963 20.3165
163.9 81.9463 0.406485 8.04632 20.3215
164 81.9963 0.401484 7.99634 20.3265
164.1 82.0464 0.396513 7.94636 20.3315
164.2 82.0964 0.391573 7.89639 20.3364
164.3 82.1464 0.386663 7.84641 20.3413
164.4 82.1964 0.381783 7.79643 20.3462
164.5 82.2465 0.376934 7.74645 20.3511
164.6 82.2965 0.372115 7.69647 20.3559
164.7 82.3465 0.367327 7.6465 20.3607
164.8 82.3965 0.362569 7.59652 20.3654
164.9 82.4465 0.357842 7.54654 20.3702
165 82.4966 0.353145 7.49656 20.3749
165.1 82.5466 0.348478 7.44659 20.3795
165.2 82.5966 0.343842 7.39661 20.3842
165.3 82.6466 0.339237 7.34663 20.3888
165.4 82.6967 0.334662 7.29665 20.3933
165.5 82.7467 0.330118 7.24668 20.3979
165.6 82.7967 0.325604 7.1967 20.4024
165.7 82.8467 0.321121 7.14672 20.4069
165.8 82.8967 0.316668 7.09674 20.4113
165.9 82.9468 0.312246 7.04677 20.4158
166 82.9968 0.307855 6.99679 20.4201
166.1 83.0468 0.303494 6.94681 20.4245
166.2 83.0968 0.299164 6.89683 20.4288
166.3 83.1469 0.294865 6.84686 20.4331
166.4 83.1969 0.290596 6.79688 20.4374
166.5 83.2469 0.286358 6.7469 20.4416
166.6 83.2969 0.282151 6.69692 20.4458
166.7 83.3469 0.277974 6.64695 20.45
166.8 83.397 0.273828 6.59697 20.4542
166.9 83.447 0.269713 6.54699 20.4583
167 83.497 0.265629 6.49701 20.4624
167.1 83.547 0.261575 6.44704 20.4664
167.2 83.5971 0.257552 6.39706 20.4704
167.3 83.6471 0.25356 6.34708 20.4744
167.4 83.6971 0.249599 6.2971 20.4784
167.5 83.7471 0.245668 6.24713 20.4823
167.6 83.7971 0.241769 6.19715 20.4862
167.7 83.8472 0.2379 6.14717 20.4901
167.8 83.8972 0.234062 6.09719 20.4939
167.9 83.9472 0.230255 6.04722 20.4977
168 83.9972 0.226478 5.99724 20.5015
168.1 84.0473 0.222733 5.94726 20.5053
168.2 84.0973 0.219018 5.89729 20.509
168.3 84.1473 0.215335 5.84731 20.5127
168.4 84.1973 0.211682 5.79733 20.5163
168.5 84.2474 0.20806 5.74735 20.5199
168.6 84.2974 0.20447 5.69738 20.5235
168.7 84.3474 0.20091 5.6474 20.5271
168.8 84.3974 0.197381 5.59742 20.5306
168.9 84.4474 0.193883 5.54744 20.5341
169 84.4975 0.190416 5.49747 20.5376
169.1 84.5475 0.18698 5.44749 20.541
169.2 84.5975 0.183575 5.39751 20.5444
169.3 84.6475 0.180201 5.34754 20.5478
169.4 84.6976 0.176858 5.29756 20.5511
169.5 84.7476 0.173546 5.24758 20.5545
169.6 84.7976 0.170265 5.1976 20.5577
169.7 84.8476 0.167015 5.14763 20.561
169.8 84.8976 0.163797 5.09765 20.5642
169.9 84.9477 0.160609 5.04767 20.5674
170 84.9977 0.157452 4.99769 20.5705
170.1 85.0477 0.154327 4.94772 20.5737
170.2 85.0977 0.151233 4.89774 20.5768
170.3 85.1478 0.148169 4.84776 20.5798
170.4 85.1978 0.145137 4.79779 20.5829
170.5 85.2478 0.142136 4.74781 20.5859
170.6 85.2978 0.139166 4.69783 20.5888
170.7 85.3479 0.136227 4.64785 20.5918
170.8 85.3979 0.13332 4.59788 20.5947
170.9 85.4479 0.130443 4.5479 20.5976
171 85.4979 0.127598 4.49792 20.6004
171.1 85.5479 0.124784 4.44795 20.6032
171.2 85.598 0.122001 4.39797 20.606
171.3 85.648 0.119249 4.34799 20.6088
171.4 85.698 0.116529 4.29801 20.6115
171.5 85.748 0.11384 4.24804 20.6142
171.6 85.7981 0.111182 4.19806 20.6168
171.7 85.8481 0.108555 4.14808 20.6194
171.8 85.8981 0.105959 4.09811 20.622
171.9 85.9481 0.103395 4.04813 20.6246
172 85.9982 0.100862 3.99815 20.6271
172.1 86.0482 0.0983599 3.94818 20.6296
172.2 86.0982 0.0958894 3.8982 20.6321
172.3 86.1482 0.0934501 3.84822 20.6345
172.4 86.1982 0.0910421 3.79824 20.637
172.5 86.2483 0.0886655 3.74827 20.6393
172.6 86.2983 0.0863201 3.69829 20.6417
172.7 86.3483 0.084006 3.64831 20.644
172.8 86.3983 0.0817232 3.59834 20.6463
172.9 86.4484 0.0794718 3.54836 20.6485
173 86.4984 0.0772517 3.49838 20.6507
173.1 86.5484 0.0750629 3.44841 20.6529
173.2 86.5984 0.0729055 3.39843 20.6551
173.3 86.6485 0.0707794 3.34845 20.6572
173.4 86.6985 0.0686847 3.29847 20.6593
173.5 86.7485 0.0666213 3.2485 20.6614
173.6 86.7985 0.0645893 3.19852 20.6634
173.7 86.8485 0.0625887 3.14854 20.6654
173.8 86.8986 0.0606194 3.09857 20.6674
173.9 86.9486 0.0586815 3.04859 20.6693
174 86.9986 0.0567751 2.99861 20.6712
174.1 87.0486 0.0549 2.94864 20.6731
174.2 87.0987 0.0530563 2.89866 20.6749
174.3 87.1487 0.0512441 2.84868 20.6768
174.4 87.1987 0.0494632 2.7987 20.6785
174.5 87.2487 0.0477138 2.74873 20.6803
174.6 87.2988 0.0459958 2.69875 20.682
174.7 87.3488 0.0443092 2.64877 20.6837
174.8 87.3988 0.0426541 2.5988 20.6853
174.9 87.4488 0.0410304 2.54882 20.687
175 87.4988 0.0394381 2.49884 20.6886
175.1 87.5489 0.0378774 2.44887 20.6901
175.2 87.5989 0.036348 2.39889 20.6917
175.3 87.6489 0.0348501 2.34891 20.6931
175.4 87.6989 0.0333837 2.29894 20.6946
175.5 87.749 0.0319488 2.24896 20.6961
175.6 87.799 0.0305453 2.19898 20.6975
175.7 87.849 0.0291733 2.149 20.6988
175.8 87.899 0.0278328 2.09903 20.7002
175.9 87.9491 0.0265237 2.04905 20.7015
176 87.9991 0.0252462 1.99907 20.7028
176.1 88.0491 0.0240001 1.9491 20.704
176.2 88.0991 0.0227856 1.89912 20.7052
176.3 88.1491 0.0216025 1.84914 20.7064
176.4 88.1992 0.020451 1.79917 20.7075
176.5 88.2492 0.0193309 1.74919 20.7087
176.6 88.2992 0.0182424 1.69921 20.7098
176.7 88.3492 0.0171854 1.64924 20.7108
176.8 88.3993 0.0161599 1.59926 20.7118
176.9 88.4493 0.0151659 1.54928 20.7128
177 88.4993 0.0142035 1.49931 20.7138
177.1 88.5493 0.0132726 1.44933 20.7147
177.2 88.5994 0.0123732 1.39935 20.7156
177.3 88.6494 0.0115053 1.34937 20.7165
177.4 88.6994 0.010669 1.2994 20.7173
177.5 88.7494 0.00986423 1.24942 20.7181
177.6 88.7994 0.00909099 1.19944 20.7189
177.7 88.8495 0.00834929 1.14947 20.7197
177.8 88.8995 0.00763913 1.09949 20.7204
177.9 88.9495 0.00696053 1.04951 20.721
178 88.9995 0.00631347 0.999537 20.7217
178.1 89.0496 0.00569796 0.94956 20.7223
178.2 89.0996 0.00511401 0.899583 20.7229
178.3 89.1496 0.00456161 0.849606 20.7234
178.4 89.1996 0.00404077 0.799629 20.724
178.5 89.2497 0.00355148 0.749652 20.7244
178.6 89.2997 0.00309376 0.699676 20.7249
178.7 89.3497 0.0026676 0.649699 20.7253
178.8 89.3997 0.002273 0.599722 20.7257
178.9 89.4497 0.00190996 0.549745 20.7261
179 89.4998 0.00157849 0.499768 20.7264
179.1 89.5498 0.00127858 0.449791 20.7267
179.2 89.5998 0.00101024 0.399815 20.727
179.3 89.6498 0.000773469 0.349838 20.7272
179.4 89.6999 0.000568265 0.299861 20.7274
179.5 89.7499 0.000394629 0.249884 20.7276
179.6 89.7999 0.000252563 0.199907 20.7277
179.7 89.8499 0.000142067 0.14993 20.7279
179.8 89.9 6.3141e-05 0.0999537 20.7279
179.9 89.95 1.57853e-05 0.0499768 20.728
180 2.99649 0 3.50673e-15 20.728
