#kinematics calculation of gsex
#vertex z = 50 mm, E_reaction = 66.899 MeV
#theta_cm, theta3_lab, Ek3_lab, theta4_lab, Ek4_lab
0 0 62.3793 0 0.0796845
0.1 0.0481533 62.3793 1.34862 0.079732
0.2 0.0963066 62.3791 2.69557 0.0798743
0.3 0.14446 62.3789 4.03921 0.0801115
0.4 0.192613 62.3786 5.37791 0.0804436
0.5 0.240767 62.3781 6.71007 0.0808706
0.6 0.28892 62.3776 8.03415 0.0813925
0.7 0.337073 62.377 9.34866 0.0820093
0.8 0.385226 62.3763 10.6522 0.0827209
0.9 0.43338 62.3755 11.9433 0.0835275
1 0.481533 62.3746 13.2208 0.0844289
1.1 0.529686 62.3736 14.4835 0.0854251
1.2 0.577839 62.3725 15.7302 0.0865163
1.3 0.625992 62.3713 16.96 0.0877023
1.4 0.674145 62.37 18.1719 0.0889832
1.5 0.722298 62.3686 19.3652 0.0903589
1.6 0.770452 62.3672 20.539 0.0918295
1.7 0.818604 62.3656 21.6927 0.093395
1.8 0.866757 62.3639 22.8258 0.0950553
1.9 0.91491 62.3622 23.9379 0.0968104
2 0.963063 62.3603 25.0286 0.0986604
2.1 1.01122 62.3584 26.0975 0.100605
2.2 1.05937 62.3564 27.1445 0.102645
2.3 1.10752 62.3542 28.1694 0.104779
2.4 1.15567 62.352 29.1721 0.107009
2.5 1.20383 62.3497 30.1527 0.109333
2.6 1.25198 62.3472 31.1112 0.111752
2.7 1.30013 62.3447 32.0477 0.114265
2.8 1.34828 62.3421 32.9623 0.116874
2.9 1.39644 62.3394 33.8553 0.119577
3 1.44459 62.3366 34.7268 0.122375
3.1 1.49274 62.3337 35.5771 0.125268
3.2 1.54089 62.3307 36.4065 0.128255
3.3 1.58904 62.3277 37.2154 0.131337
3.4 1.6372 62.3245 38.0041 0.134514
3.5 1.68535 62.3212 38.7728 0.137786
3.6 1.7335 62.3178 39.5221 0.141152
3.7 1.78165 62.3144 40.2523 0.144614
3.8 1.8298 62.3108 40.9638 0.148169
3.9 1.87796 62.3072 41.657 0.15182
4 1.92611 62.3034 42.3324 0.155565
4.1 1.97426 62.2996 42.9902 0.159405
4.2 2.02241 62.2957 43.631 0.163339
4.3 2.07056 62.2916 44.2552 0.167368
4.4 2.11871 62.2875 44.8631 0.171492
4.5 2.16686 62.2833 45.4552 0.17571
4.6 2.21501 62.279 46.032 0.180023
4.7 2.26316 62.2746 46.5937 0.184431
4.8 2.31131 62.2701 47.1408 0.188933
4.9 2.35946 62.2655 47.6737 0.193529
5 2.40761 62.2608 48.1928 0.198221
5.1 2.45576 62.256 48.6985 0.203006
5.2 2.50391 62.2511 49.1911 0.207887
5.3 2.55206 62.2461 49.6709 0.212861
5.4 2.60021 62.2411 50.1385 0.21793
5.5 2.64836 62.2359 50.594 0.223094
5.6 2.69651 62.2306 51.0378 0.228352
5.7 2.74466 62.2253 51.4703 0.233705
5.8 2.79281 62.2198 51.8917 0.239152
5.9 2.84096 62.2143 52.3025 0.244693
6 2.88911 62.2087 52.7029 0.250329
6.1 2.93726 62.2029 53.0931 0.256059
6.2 2.98541 62.1971 53.4735 0.261883
6.3 3.03356 62.1912 53.8444 0.267802
6.4 3.0817 62.1852 54.206 0.273815
6.5 3.12985 62.1791 54.5586 0.279923
6.6 3.178 62.1729 54.9024 0.286125
6.7 3.22615 62.1666 55.2377 0.292421
6.8 3.2743 62.1602 55.5648 0.298811
6.9 3.32244 62.1537 55.8838 0.305295
7 3.37059 62.1471 56.195 0.311874
7.1 3.41874 62.1405 56.4986 0.318547
7.2 3.46688 62.1337 56.7948 0.325314
7.3 3.51503 62.1268 57.0839 0.332175
7.4 3.56318 62.1199 57.3659 0.33913
7.5 3.61132 62.1128 57.6412 0.346179
7.6 3.65947 62.1057 57.9099 0.353323
7.7 3.70762 62.0984 58.1722 0.36056
7.8 3.75576 62.0911 58.4282 0.367892
7.9 3.80391 62.0837 58.6781 0.375317
8 3.85205 62.0762 58.9221 0.382837
8.1 3.9002 62.0685 59.1604 0.39045
8.2 3.94834 62.0608 59.393 0.398158
8.3 3.99649 62.053 59.6203 0.405959
8.4 4.04463 62.0451 59.8422 0.413854
8.5 4.09278 62.0372 60.0589 0.421843
8.6 4.14092 62.0291 60.2706 0.429926
8.7 4.18907 62.0209 60.4774 0.438103
8.8 4.23721 62.0126 60.6794 0.446373
8.9 4.28535 62.0043 60.8767 0.454738
9 4.3335 61.9958 61.0696 0.463196
9.1 4.38164 61.9873 61.258 0.471748
9.2 4.42978 61.9786 61.4421 0.480393
9.3 4.47792 61.9699 61.622 0.489132
9.4 4.52607 61.961 61.7978 0.497965
9.5 4.57421 61.9521 61.9696 0.506892
9.6 4.62235 61.9431 62.1375 0.515912
9.7 4.67049 61.934 62.3016 0.525025
9.8 4.71863 61.9248 62.4621 0.534232
9.9 4.76677 61.9155 62.6189 0.543533
10 4.81492 61.9061 62.7721 0.552927
10.1 4.86306 61.8966 62.922 0.562414
10.2 4.9112 61.887 63.0685 0.571995
10.3 4.95934 61.8773 63.2116 0.58167
10.4 5.00748 61.8676 63.3516 0.591437
10.5 5.05562 61.8577 63.4885 0.601298
10.6 5.10376 61.8477 63.6223 0.611253
10.7 5.1519 61.8377 63.7531 0.6213
10.8 5.20003 61.8276 63.881 0.631441
10.9 5.24817 61.8173 64.0061 0.641675
11 5.29631 61.807 64.1284 0.652002
11.1 5.34445 61.7966 64.2479 0.662423
11.2 5.39259 61.7861 64.3648 0.672936
11.3 5.44072 61.7755 64.4791 0.683543
11.4 5.48886 61.7648 64.5909 0.694242
11.5 5.537 61.754 64.7002 0.705035
11.6 5.58513 61.7431 64.807 0.715921
11.7 5.63327 61.7321 64.9115 0.726899
11.8 5.68141 61.721 65.0136 0.737971
11.9 5.72954 61.7099 65.1134 0.749135
12 5.77768 61.6986 65.2111 0.760392
12.1 5.82581 61.6873 65.3065 0.771742
12.2 5.87395 61.6758 65.3999 0.783185
12.3 5.92208 61.6643 65.4911 0.794721
12.4 5.97022 61.6527 65.5803 0.806349
12.5 6.01835 61.6409 65.6675 0.81807
12.6 6.06648 61.6291 65.7527 0.829884
12.7 6.11462 61.6172 65.836 0.84179
12.8 6.16275 61.6052 65.9174 0.853789
12.9 6.21088 61.5931 65.997 0.86588
13 6.25901 61.5809 66.0748 0.878064
13.1 6.30715 61.5687 66.1508 0.89034
13.2 6.35528 61.5563 66.2251 0.902708
13.3 6.40341 61.5438 66.2976 0.91517
13.4 6.45154 61.5313 66.3686 0.927723
13.5 6.49967 61.5186 66.4378 0.940369
13.6 6.5478 61.5059 66.5055 0.953107
13.7 6.59593 61.4931 66.5716 0.965937
13.8 6.64406 61.4801 66.6362 0.978859
13.9 6.69219 61.4671 66.6993 0.991874
14 6.74032 61.454 66.7609 1.00498
14.1 6.78845 61.4408 66.821 1.01818
14.2 6.83657 61.4275 66.8797 1.03147
14.3 6.8847 61.4141 66.937 1.04485
14.4 6.93283 61.4007 66.993 1.05833
14.5 6.98096 61.3871 67.0476 1.07189
14.6 7.02908 61.3734 67.1008 1.08555
14.7 7.07721 61.3597 67.1528 1.0993
14.8 7.12534 61.3459 67.2035 1.11314
14.9 7.17346 61.3319 67.253 1.12708
15 7.22159 61.3179 67.3012 1.1411
15.1 7.26971 61.3038 67.3482 1.15522
15.2 7.31784 61.2896 67.3941 1.16943
15.3 7.36596 61.2753 67.4388 1.18373
15.4 7.41408 61.2609 67.4823 1.19812
15.5 7.46221 61.2464 67.5247 1.21261
15.6 7.51033 61.2318 67.566 1.22718
15.7 7.55845 61.2172 67.6063 1.24185
15.8 7.60657 61.2024 67.6454 1.2566
15.9 7.65469 61.1875 67.6836 1.27145
16 7.70282 61.1726 67.7207 1.28639
16.1 7.75094 61.1576 67.7567 1.30142
16.2 7.79906 61.1425 67.7918 1.31655
16.3 7.84718 61.1272 67.826 1.33176
16.4 7.8953 61.1119 67.8591 1.34706
16.5 7.94342 61.0965 67.8913 1.36246
16.6 7.99153 61.0811 67.9226 1.37795
16.7 8.03965 61.0655 67.953 1.39352
16.8 8.08777 61.0498 67.9825 1.40919
16.9 8.13589 61.034 68.0111 1.42495
17 8.184 61.0182 68.0388 1.4408
17.1 8.23212 61.0023 68.0657 1.45674
17.2 8.28024 60.9862 68.0918 1.47278
17.3 8.32835 60.9701 68.117 1.4889
17.4 8.37647 60.9539 68.1414 1.50511
17.5 8.42458 60.9376 68.165 1.52141
17.6 8.4727 60.9212 68.1878 1.53781
17.7 8.52081 60.9047 68.2098 1.55429
17.8 8.56892 60.8881 68.2311 1.57087
17.9 8.61704 60.8715 68.2516 1.58753
18 8.66515 60.8547 68.2714 1.60429
18.1 8.71326 60.8379 68.2905 1.62113
18.2 8.76137 60.8209 68.3088 1.63807
18.3 8.80948 60.8039 68.3264 1.65509
18.4 8.85759 60.7868 68.3434 1.67221
18.5 8.9057 60.7696 68.3596 1.68942
18.6 8.95381 60.7523 68.3752 1.70671
18.7 9.00192 60.7349 68.3901 1.7241
18.8 9.05003 60.7174 68.4044 1.74157
18.9 9.09814 60.6999 68.418 1.75914
19 9.14625 60.6822 68.431 1.77679
19.1 9.19435 60.6645 68.4434 1.79454
19.2 9.24246 60.6466 68.4551 1.81237
19.3 9.29057 60.6287 68.4663 1.8303
19.4 9.33867 60.6107 68.4768 1.84831
19.5 9.38678 60.5926 68.4868 1.86642
19.6 9.43488 60.5744 68.4961 1.88461
19.7 9.48299 60.5561 68.5049 1.90289
19.8 9.53109 60.5377 68.5132 1.92126
19.9 9.57919 60.5193 68.5209 1.93972
20 9.6273 60.5007 68.528 1.95827
20.1 9.6754 60.4821 68.5346 1.97691
20.2 9.7235 60.4634 68.5406 1.99564
20.3 9.7716 60.4445 68.5462 2.01446
20.4 9.8197 60.4256 68.5512 2.03337
20.5 9.8678 60.4066 68.5557 2.05236
20.6 9.9159 60.3876 68.5597 2.07145
20.7 9.964 60.3684 68.5632 2.09062
20.8 10.0121 60.3491 68.5662 2.10988
20.9 10.0602 60.3298 68.5687 2.12923
21 10.1083 60.3103 68.5708 2.14867
21.1 10.1564 60.2908 68.5724 2.1682
21.2 10.2045 60.2712 68.5735 2.18782
21.3 10.2526 60.2515 68.5741 2.20752
21.4 10.3007 60.2317 68.5744 2.22731
21.5 10.3488 60.2118 68.5741 2.2472
21.6 10.3969 60.1918 68.5734 2.26717
21.7 10.445 60.1718 68.5723 2.28722
21.8 10.4931 60.1516 68.5708 2.30737
21.9 10.5411 60.1314 68.5688 2.3276
22 10.5892 60.1111 68.5664 2.34793
22.1 10.6373 60.0907 68.5637 2.36834
22.2 10.6854 60.0702 68.5605 2.38883
22.3 10.7335 60.0496 68.5569 2.40942
22.4 10.7816 60.0289 68.5529 2.43009
22.5 10.8297 60.0081 68.5485 2.45086
22.6 10.8778 59.9873 68.5437 2.47171
22.7 10.9259 59.9664 68.5386 2.49264
22.8 10.9739 59.9453 68.533 2.51367
22.9 11.022 59.9242 68.5271 2.53478
23 11.0701 59.903 68.5209 2.55598
23.1 11.1182 59.8817 68.5142 2.57727
23.2 11.1663 59.8604 68.5072 2.59864
23.3 11.2144 59.8389 68.4999 2.6201
23.4 11.2625 59.8174 68.4922 2.64165
23.5 11.3105 59.7957 68.4842 2.66328
23.6 11.3586 59.774 68.4758 2.68501
23.7 11.4067 59.7522 68.4671 2.70682
23.8 11.4548 59.7303 68.458 2.72871
23.9 11.5029 59.7083 68.4487 2.7507
24 11.5509 59.6862 68.439 2.77277
24.1 11.599 59.6641 68.4289 2.79492
24.2 11.6471 59.6418 68.4186 2.81717
24.3 11.6952 59.6195 68.4079 2.8395
24.4 11.7433 59.5971 68.397 2.86191
24.5 11.7913 59.5746 68.3857 2.88441
24.6 11.8394 59.552 68.3742 2.907
24.7 11.8875 59.5293 68.3623 2.92968
24.8 11.9356 59.5066 68.3501 2.95244
24.9 11.9836 59.4837 68.3377 2.97529
25 12.0317 59.4608 68.3249 2.99822
25.1 12.0798 59.4378 68.3119 3.02124
25.2 12.1278 59.4147 68.2986 3.04435
25.3 12.1759 59.3915 68.285 3.06754
25.4 12.224 59.3682 68.2712 3.09081
25.5 12.2721 59.3448 68.257 3.11418
25.6 12.3201 59.3214 68.2426 3.13763
25.7 12.3682 59.2978 68.228 3.16116
25.8 12.4163 59.2742 68.213 3.18478
25.9 12.4643 59.2505 68.1979 3.20849
26 12.5124 59.2267 68.1824 3.23228
26.1 12.5605 59.2028 68.1667 3.25615
26.2 12.6085 59.1789 68.1508 3.28011
26.3 12.6566 59.1548 68.1346 3.30416
26.4 12.7046 59.1307 68.1181 3.32829
26.5 12.7527 59.1065 68.1014 3.35251
26.6 12.8008 59.0822 68.0845 3.37681
26.7 12.8488 59.0578 68.0673 3.40119
26.8 12.8969 59.0333 68.0499 3.42566
26.9 12.945 59.0088 68.0323 3.45022
27 12.993 58.9841 68.0144 3.47486
27.1 13.0411 58.9594 67.9963 3.49958
27.2 13.0891 58.9346 67.978 3.52439
27.3 13.1372 58.9097 67.9594 3.54929
27.4 13.1852 58.8847 67.9407 3.57426
27.5 13.2333 58.8597 67.9217 3.59933
27.6 13.2814 58.8345 67.9025 3.62447
27.7 13.3294 58.8093 67.8831 3.6497
27.8 13.3775 58.784 67.8635 3.67502
27.9 13.4255 58.7586 67.8436 3.70041
28 13.4736 58.7331 67.8236 3.7259
28.1 13.5216 58.7075 67.8034 3.75146
28.2 13.5697 58.6819 67.7829 3.77711
28.3 13.6177 58.6562 67.7623 3.80285
28.4 13.6658 58.6303 67.7414 3.82866
28.5 13.7138 58.6044 67.7204 3.85456
28.6 13.7619 58.5785 67.6991 3.88055
28.7 13.8099 58.5524 67.6777 3.90661
28.8 13.8579 58.5262 67.6561 3.93276
28.9 13.906 58.5 67.6343 3.959
29 13.954 58.4737 67.6123 3.98531
29.1 14.0021 58.4473 67.5901 4.01171
29.2 14.0501 58.4208 67.5677 4.03819
29.3 14.0982 58.3942 67.5452 4.06476
29.4 14.1462 58.3676 67.5225 4.09141
29.5 14.1942 58.3409 67.4996 4.11814
29.6 14.2423 58.314 67.4765 4.14495
29.7 14.2903 58.2872 67.4532 4.17185
29.8 14.3384 58.2602 67.4298 4.19882
29.9 14.3864 58.2331 67.4062 4.22588
30 14.4344 58.206 67.3824 4.25303
30.1 14.4825 58.1787 67.3585 4.28025
30.2 14.5305 58.1514 67.3344 4.30756
30.3 14.5785 58.1241 67.3101 4.33495
30.4 14.6266 58.0966 67.2857 4.36242
30.5 14.6746 58.069 67.2611 4.38997
30.6 14.7226 58.0414 67.2364 4.41761
30.7 14.7707 58.0137 67.2115 4.44532
30.8 14.8187 57.9859 67.1864 4.47312
30.9 14.8667 57.958 67.1612 4.501
31 14.9147 57.93 67.1358 4.52896
31.1 14.9628 57.902 67.1103 4.557
31.2 15.0108 57.8739 67.0846 4.58512
31.3 15.0588 57.8457 67.0588 4.61333
31.4 15.1068 57.8174 67.0328 4.64161
31.5 15.1549 57.789 67.0067 4.66998
31.6 15.2029 57.7606 66.9805 4.69843
31.7 15.2509 57.732 66.9541 4.72696
31.8 15.2989 57.7034 66.9275 4.75557
31.9 15.3469 57.6747 66.9008 4.78426
32 15.395 57.646 66.874 4.81303
32.1 15.443 57.6171 66.847 4.84188
32.2 15.491 57.5882 66.8199 4.87081
32.3 15.539 57.5592 66.7927 4.89982
32.4 15.587 57.5301 66.7653 4.92891
32.5 15.635 57.5009 66.7378 4.95808
32.6 15.6831 57.4717 66.7102 4.98733
32.7 15.7311 57.4423 66.6824 5.01666
32.8 15.7791 57.4129 66.6545 5.04608
32.9 15.8271 57.3834 66.6265 5.07557
33 15.8751 57.3539 66.5983 5.10514
33.1 15.9231 57.3242 66.57 5.13479
33.2 15.9711 57.2945 66.5416 5.16452
33.3 16.0191 57.2647 66.5131 5.19433
33.4 16.0671 57.2348 66.4844 5.22422
33.5 16.1151 57.2048 66.4556 5.25418
33.6 16.1631 57.1748 66.4267 5.28423
33.7 16.2111 57.1446 66.3977 5.31436
33.8 16.2591 57.1144 66.3686 5.34456
33.9 16.3071 57.0842 66.3393 5.37485
34 16.3551 57.0538 66.3099 5.40521
34.1 16.4031 57.0234 66.2804 5.43565
34.2 16.4511 56.9928 66.2508 5.46617
34.3 16.4991 56.9622 66.2211 5.49677
34.4 16.5471 56.9316 66.1913 5.52744
34.5 16.5951 56.9008 66.1613 5.5582
34.6 16.6431 56.87 66.1313 5.58903
34.7 16.6911 56.8391 66.1011 5.61994
34.8 16.7391 56.8081 66.0708 5.65093
34.9 16.7871 56.777 66.0405 5.682
35 16.8351 56.7459 66.01 5.71314
35.1 16.8831 56.7146 65.9794 5.74437
35.2 16.9311 56.6833 65.9487 5.77567
35.3 16.979 56.652 65.9178 5.80705
35.4 17.027 56.6205 65.8869 5.8385
35.5 17.075 56.589 65.8559 5.87003
35.6 17.123 56.5574 65.8248 5.90164
35.7 17.171 56.5257 65.7936 5.93333
35.8 17.219 56.4939 65.7623 5.9651
35.9 17.2669 56.4621 65.7309 5.99694
36 17.3149 56.4301 65.6993 6.02885
36.1 17.3629 56.3982 65.6677 6.06085
36.2 17.4109 56.3661 65.636 6.09292
36.3 17.4589 56.3339 65.6042 6.12507
36.4 17.5068 56.3017 65.5723 6.15729
36.5 17.5548 56.2694 65.5403 6.18959
36.6 17.6028 56.237 65.5082 6.22197
36.7 17.6508 56.2046 65.476 6.25442
36.8 17.6987 56.172 65.4437 6.28695
36.9 17.7467 56.1394 65.4114 6.31956
37 17.7947 56.1068 65.3789 6.35224
37.1 17.8426 56.074 65.3464 6.385
37.2 17.8906 56.0412 65.3137 6.41783
37.3 17.9386 56.0083 65.281 6.45074
37.4 17.9865 55.9753 65.2482 6.48372
37.5 18.0345 55.9422 65.2153 6.51678
37.6 18.0825 55.9091 65.1823 6.54992
37.7 18.1304 55.8759 65.1492 6.58313
37.8 18.1784 55.8426 65.116 6.61641
37.9 18.2263 55.8092 65.0828 6.64977
38 18.2743 55.7758 65.0494 6.6832
38.1 18.3223 55.7423 65.016 6.71671
38.2 18.3702 55.7087 64.9825 6.7503
38.3 18.4182 55.675 64.9489 6.78396
38.4 18.4661 55.6413 64.9153 6.81769
38.5 18.5141 55.6075 64.8815 6.8515
38.6 18.562 55.5736 64.8477 6.88538
38.7 18.61 55.5397 64.8138 6.91933
38.8 18.6579 55.5056 64.7798 6.95336
38.9 18.7059 55.4715 64.7458 6.98747
39 18.7538 55.4374 64.7116 7.02164
39.1 18.8018 55.4031 64.6774 7.0559
39.2 18.8497 55.3688 64.6431 7.09022
39.3 18.8977 55.3344 64.6087 7.12462
39.4 18.9456 55.2999 64.5743 7.15909
39.5 18.9935 55.2654 64.5398 7.19364
39.6 19.0415 55.2307 64.5052 7.22826
39.7 19.0894 55.1961 64.4705 7.26295
39.8 19.1373 55.1613 64.4358 7.29771
39.9 19.1853 55.1265 64.401 7.33255
40 19.2332 55.0915 64.3661 7.36746
40.1 19.2812 55.0566 64.3311 7.40244
40.2 19.3291 55.0215 64.2961 7.4375
40.3 19.377 54.9864 64.261 7.47263
40.4 19.4249 54.9512 64.2258 7.50783
40.5 19.4729 54.9159 64.1906 7.5431
40.6 19.5208 54.8806 64.1553 7.57845
40.7 19.5687 54.8451 64.1199 7.61386
40.8 19.6167 54.8096 64.0844 7.64935
40.9 19.6646 54.7741 64.0489 7.68491
41 19.7125 54.7385 64.0134 7.72054
41.1 19.7604 54.7028 63.9777 7.75625
41.2 19.8083 54.667 63.942 7.79202
41.3 19.8563 54.6311 63.9062 7.82787
41.4 19.9042 54.5952 63.8704 7.86379
41.5 19.9521 54.5592 63.8345 7.89978
41.6 20 54.5232 63.7985 7.93584
41.7 20.0479 54.487 63.7625 7.97197
41.8 20.0958 54.4508 63.7264 8.00817
41.9 20.1438 54.4146 63.6902 8.04445
42 20.1917 54.3782 63.654 8.08079
42.1 20.2396 54.3418 63.6177 8.1172
42.2 20.2875 54.3053 63.5813 8.15369
42.3 20.3354 54.2688 63.5449 8.19024
42.4 20.3833 54.2321 63.5084 8.22687
42.5 20.4312 54.1954 63.4719 8.26356
42.6 20.4791 54.1587 63.4353 8.30033
42.7 20.527 54.1218 63.3987 8.33716
42.8 20.5749 54.0849 63.362 8.37407
42.9 20.6228 54.048 63.3252 8.41104
43 20.6707 54.0109 63.2884 8.44809
43.1 20.7186 53.9738 63.2515 8.4852
43.2 20.7665 53.9366 63.2145 8.52238
43.3 20.8144 53.8994 63.1775 8.55963
43.4 20.8623 53.862 63.1405 8.59695
43.5 20.9102 53.8247 63.1034 8.63434
43.6 20.9581 53.7872 63.0662 8.6718
43.7 21.0059 53.7497 63.029 8.70933
43.8 21.0538 53.7121 62.9917 8.74692
43.9 21.1017 53.6744 62.9544 8.78459
44 21.1496 53.6367 62.917 8.82232
44.1 21.1975 53.5989 62.8795 8.86012
44.2 21.2454 53.561 62.8421 8.89799
44.3 21.2932 53.5231 62.8045 8.93593
44.4 21.3411 53.4851 62.7669 8.97393
44.5 21.389 53.447 62.7293 9.01201
44.6 21.4369 53.4089 62.6915 9.05015
44.7 21.4847 53.3706 62.6538 9.08836
44.8 21.5326 53.3324 62.616 9.12663
44.9 21.5805 53.294 62.5781 9.16497
45 21.6284 53.2556 62.5402 9.20338
45.1 21.6762 53.2171 62.5022 9.24186
45.2 21.7241 53.1786 62.4642 9.2804
45.3 21.772 53.14 62.4262 9.31902
45.4 21.8198 53.1013 62.3881 9.35769
45.5 21.8677 53.0626 62.3499 9.39644
45.6 21.9155 53.0238 62.3117 9.43525
45.7 21.9634 52.9849 62.2734 9.47413
45.8 22.0113 52.9459 62.2351 9.51307
45.9 22.0591 52.9069 62.1968 9.55208
46 22.107 52.8678 62.1584 9.59115
46.1 22.1548 52.8287 62.1199 9.6303
46.2 22.2027 52.7895 62.0814 9.6695
46.3 22.2505 52.7502 62.0429 9.70878
46.4 22.2984 52.7109 62.0043 9.74812
46.5 22.3462 52.6715 61.9657 9.78752
46.6 22.3941 52.632 61.927 9.82699
46.7 22.4419 52.5925 61.8882 9.86652
46.8 22.4898 52.5529 61.8495 9.90612
46.9 22.5376 52.5132 61.8107 9.94579
47 22.5855 52.4735 61.7718 9.98552
47.1 22.6333 52.4337 61.7329 10.0253
47.2 22.6811 52.3938 61.6939 10.0652
47.3 22.729 52.3539 61.6549 10.1051
47.4 22.7768 52.3139 61.6159 10.1451
47.5 22.8246 52.2739 61.5768 10.1851
47.6 22.8725 52.2338 61.5377 10.2252
47.7 22.9203 52.1936 61.4985 10.2654
47.8 22.9681 52.1533 61.4593 10.3057
47.9 23.016 52.113 61.4201 10.346
48 23.0638 52.0726 61.3808 10.3864
48.1 23.1116 52.0322 61.3415 10.4268
48.2 23.1594 51.9917 61.3021 10.4673
48.3 23.2072 51.9512 61.2627 10.5078
48.4 23.2551 51.9105 61.2232 10.5485
48.5 23.3029 51.8698 61.1837 10.5892
48.6 23.3507 51.8291 61.1442 10.6299
48.7 23.3985 51.7883 61.1046 10.6707
48.8 23.4463 51.7474 61.065 10.7116
48.9 23.4941 51.7065 61.0253 10.7525
49 23.5419 51.6655 60.9856 10.7935
49.1 23.5897 51.6244 60.9459 10.8346
49.2 23.6376 51.5833 60.9061 10.8757
49.3 23.6854 51.5421 60.8663 10.9169
49.4 23.7332 51.5008 60.8264 10.9582
49.5 23.781 51.4595 60.7865 10.9995
49.6 23.8288 51.4182 60.7466 11.0408
49.7 23.8766 51.3767 60.7066 11.0823
49.8 23.9244 51.3352 60.6666 11.1238
49.9 23.9722 51.2937 60.6266 11.1653
50 24.0199 51.2521 60.5865 11.2069
50.1 24.0677 51.2104 60.5464 11.2486
50.2 24.1155 51.1686 60.5062 11.2904
50.3 24.1633 51.1268 60.4661 11.3322
50.4 24.2111 51.085 60.4258 11.374
50.5 24.2589 51.0431 60.3856 11.4159
50.6 24.3067 51.0011 60.3453 11.4579
50.7 24.3545 50.959 60.3049 11.5
50.8 24.4022 50.9169 60.2646 11.5421
50.9 24.45 50.8748 60.2242 11.5842
51 24.4978 50.8326 60.1837 11.6264
51.1 24.5456 50.7903 60.1433 11.6687
51.2 24.5933 50.7479 60.1028 11.7111
51.3 24.6411 50.7055 60.0622 11.7535
51.4 24.6889 50.6631 60.0216 11.7959
51.5 24.7366 50.6205 59.981 11.8385
51.6 24.7844 50.578 59.9404 11.881
51.7 24.8322 50.5353 59.8997 11.9237
51.8 24.8799 50.4926 59.859 11.9664
51.9 24.9277 50.4499 59.8182 12.0091
52 24.9755 50.4071 59.7775 12.0519
52.1 25.0232 50.3642 59.7367 12.0948
52.2 25.071 50.3213 59.6958 12.1377
52.3 25.1187 50.2783 59.6549 12.1807
52.4 25.1665 50.2352 59.614 12.2238
52.5 25.2142 50.1921 59.5731 12.2669
52.6 25.262 50.149 59.5321 12.31
52.7 25.3097 50.1058 59.4911 12.3532
52.8 25.3575 50.0625 59.4501 12.3965
52.9 25.4052 50.0191 59.409 12.4399
53 25.4529 49.9758 59.3679 12.4832
53.1 25.5007 49.9323 59.3268 12.5267
53.2 25.5484 49.8888 59.2856 12.5702
53.3 25.5962 49.8452 59.2445 12.6138
53.4 25.6439 49.8016 59.2032 12.6574
53.5 25.6916 49.7579 59.162 12.7011
53.6 25.7393 49.7142 59.1207 12.7448
53.7 25.7871 49.6704 59.0794 12.7886
53.8 25.8348 49.6266 59.0381 12.8324
53.9 25.8825 49.5827 58.9967 12.8763
54 25.9302 49.5387 58.9553 12.9203
54.1 25.978 49.4947 58.9139 12.9643
54.2 26.0257 49.4506 58.8724 13.0084
54.3 26.0734 49.4065 58.8309 13.0525
54.4 26.1211 49.3623 58.7894 13.0967
54.5 26.1688 49.3181 58.7479 13.1409
54.6 26.2165 49.2738 58.7063 13.1852
54.7 26.2643 49.2295 58.6647 13.2295
54.8 26.312 49.1851 58.6231 13.2739
54.9 26.3597 49.1406 58.5814 13.3184
55 26.4074 49.0961 58.5397 13.3629
55.1 26.4551 49.0515 58.498 13.4075
55.2 26.5028 49.0069 58.4563 13.4521
55.3 26.5505 48.9623 58.4145 13.4967
55.4 26.5982 48.9175 58.3727 13.5415
55.5 26.6459 48.8728 58.3309 13.5862
55.6 26.6935 48.8279 58.289 13.6311
55.7 26.7412 48.783 58.2472 13.676
55.8 26.7889 48.7381 58.2053 13.7209
55.9 26.8366 48.6931 58.1633 13.7659
56 26.8843 48.6481 58.1214 13.8109
56.1 26.932 48.603 58.0794 13.856
56.2 26.9797 48.5578 58.0374 13.9012
56.3 27.0273 48.5126 57.9954 13.9464
56.4 27.075 48.4673 57.9533 13.9917
56.5 27.1227 48.422 57.9112 14.037
56.6 27.1703 48.3767 57.8691 14.0823
56.7 27.218 48.3313 57.827 14.1277
56.8 27.2657 48.2858 57.7848 14.1732
56.9 27.3133 48.2403 57.7426 14.2187
57 27.361 48.1947 57.7004 14.2643
57.1 27.4087 48.1491 57.6582 14.3099
57.2 27.4563 48.1034 57.6159 14.3556
57.3 27.504 48.0577 57.5736 14.4013
57.4 27.5516 48.0119 57.5313 14.4471
57.5 27.5993 47.9661 57.489 14.4929
57.6 27.6469 47.9202 57.4466 14.5388
57.7 27.6946 47.8743 57.4043 14.5847
57.8 27.7422 47.8283 57.3619 14.6307
57.9 27.7899 47.7823 57.3194 14.6767
58 27.8375 47.7362 57.277 14.7228
58.1 27.8852 47.69 57.2345 14.769
58.2 27.9328 47.6439 57.192 14.8151
58.3 27.9804 47.5976 57.1495 14.8614
58.4 28.0281 47.5514 57.1069 14.9076
58.5 28.0757 47.505 57.0644 14.954
58.6 28.1233 47.4586 57.0218 15.0004
58.7 28.171 47.4122 56.9791 15.0468
58.8 28.2186 47.3657 56.9365 15.0933
58.9 28.2662 47.3192 56.8938 15.1398
59 28.3138 47.2726 56.8512 15.1864
59.1 28.3614 47.226 56.8085 15.233
59.2 28.4091 47.1793 56.7657 15.2797
59.3 28.4567 47.1326 56.723 15.3264
59.4 28.5043 47.0858 56.6802 15.3732
59.5 28.5519 47.039 56.6374 15.42
59.6 28.5995 46.9921 56.5946 15.4669
59.7 28.6471 46.9452 56.5518 15.5138
59.8 28.6947 46.8983 56.5089 15.5607
59.9 28.7423 46.8512 56.466 15.6078
60 28.7899 46.8042 56.4231 15.6548
60.1 28.8375 46.7571 56.3802 15.7019
60.2 28.8851 46.7099 56.3372 15.7491
60.3 28.9327 46.6627 56.2943 15.7963
60.4 28.9803 46.6155 56.2513 15.8435
60.5 29.0279 46.5682 56.2083 15.8908
60.6 29.0754 46.5208 56.1652 15.9382
60.7 29.123 46.4734 56.1222 15.9856
60.8 29.1706 46.426 56.0791 16.033
60.9 29.2182 46.3785 56.036 16.0805
61 29.2658 46.331 55.9929 16.128
61.1 29.3133 46.2834 55.9498 16.1756
61.2 29.3609 46.2358 55.9066 16.2232
61.3 29.4085 46.1881 55.8635 16.2709
61.4 29.456 46.1404 55.8203 16.3186
61.5 29.5036 46.0927 55.7771 16.3663
61.6 29.5512 46.0449 55.7338 16.4141
61.7 29.5987 45.997 55.6906 16.462
61.8 29.6463 45.9491 55.6473 16.5099
61.9 29.6938 45.9012 55.604 16.5578
62 29.7414 45.8532 55.5607 16.6058
62.1 29.7889 45.8052 55.5174 16.6538
62.2 29.8365 45.7571 55.474 16.7019
62.3 29.884 45.709 55.4307 16.75
62.4 29.9316 45.6608 55.3873 16.7982
62.5 29.9791 45.6126 55.3439 16.8464
62.6 30.0266 45.5644 55.3004 16.8946
62.7 30.0742 45.5161 55.257 16.9429
62.8 30.1217 45.4678 55.2135 16.9912
62.9 30.1692 45.4194 55.1701 17.0396
63 30.2167 45.371 55.1266 17.088
63.1 30.2643 45.3225 55.083 17.1365
63.2 30.3118 45.274 55.0395 17.185
63.3 30.3593 45.2255 54.996 17.2335
63.4 30.4068 45.1769 54.9524 17.2821
63.5 30.4543 45.1282 54.9088 17.3308
63.6 30.5019 45.0796 54.8652 17.3794
63.7 30.5494 45.0308 54.8216 17.4282
63.8 30.5969 44.9821 54.7779 17.4769
63.9 30.6444 44.9333 54.7343 17.5257
64 30.6919 44.8844 54.6906 17.5746
64.1 30.7394 44.8355 54.6469 17.6235
64.2 30.7869 44.7866 54.6032 17.6724
64.3 30.8344 44.7377 54.5594 17.7213
64.4 30.8818 44.6886 54.5157 17.7704
64.5 30.9293 44.6396 54.4719 17.8194
64.6 30.9768 44.5905 54.4281 17.8685
64.7 31.0243 44.5414 54.3843 17.9176
64.8 31.0718 44.4922 54.3405 17.9668
64.9 31.1193 44.443 54.2967 18.016
65 31.1667 44.3937 54.2528 18.0653
65.1 31.2142 44.3444 54.209 18.1146
65.2 31.2617 44.2951 54.1651 18.1639
65.3 31.3091 44.2457 54.1212 18.2133
65.4 31.3566 44.1963 54.0773 18.2627
65.5 31.4041 44.1469 54.0333 18.3121
65.6 31.4515 44.0974 53.9894 18.3616
65.7 31.499 44.0478 53.9454 18.4112
65.8 31.5464 43.9983 53.9014 18.4607
65.9 31.5939 43.9487 53.8574 18.5103
66 31.6413 43.899 53.8134 18.56
66.1 31.6888 43.8493 53.7694 18.6097
66.2 31.7362 43.7996 53.7254 18.6594
66.3 31.7837 43.7498 53.6813 18.7092
66.4 31.8311 43.7 53.6372 18.759
66.5 31.8785 43.6502 53.5931 18.8088
66.6 31.926 43.6003 53.549 18.8587
66.7 31.9734 43.5504 53.5049 18.9086
66.8 32.0208 43.5005 53.4607 18.9585
66.9 32.0682 43.4505 53.4166 19.0085
67 32.1157 43.4004 53.3724 19.0586
67.1 32.1631 43.3504 53.3282 19.1086
67.2 32.2105 43.3003 53.284 19.1587
67.3 32.2579 43.2501 53.2398 19.2089
67.4 32.3053 43.2 53.1956 19.259
67.5 32.3527 43.1497 53.1513 19.3093
67.6 32.4001 43.0995 53.1071 19.3595
67.7 32.4475 43.0492 53.0628 19.4098
67.8 32.4949 42.9989 53.0185 19.4601
67.9 32.5423 42.9485 52.9742 19.5105
68 32.5897 42.8982 52.9299 19.5608
68.1 32.6371 42.8477 52.8856 19.6113
68.2 32.6845 42.7973 52.8412 19.6617
68.3 32.7319 42.7468 52.7968 19.7122
68.4 32.7792 42.6962 52.7525 19.7628
68.5 32.8266 42.6457 52.7081 19.8133
68.6 32.874 42.5951 52.6637 19.8639
68.7 32.9214 42.5444 52.6192 19.9146
68.8 32.9687 42.4938 52.5748 19.9652
68.9 33.0161 42.4431 52.5304 20.0159
69 33.0635 42.3923 52.4859 20.0667
69.1 33.1108 42.3415 52.4414 20.1175
69.2 33.1582 42.2907 52.3969 20.1683
69.3 33.2055 42.2399 52.3524 20.2191
69.4 33.2529 42.189 52.3079 20.27
69.5 33.3002 42.1381 52.2634 20.3209
69.6 33.3476 42.0872 52.2188 20.3718
69.7 33.3949 42.0362 52.1743 20.4228
69.8 33.4422 41.9852 52.1297 20.4738
69.9 33.4896 41.9341 52.0851 20.5249
70 33.5369 41.8831 52.0405 20.5759
70.1 33.5842 41.832 51.9959 20.627
70.2 33.6316 41.7808 51.9513 20.6782
70.3 33.6789 41.7297 51.9066 20.7293
70.4 33.7262 41.6785 51.862 20.7805
70.5 33.7735 41.6272 51.8173 20.8318
70.6 33.8208 41.576 51.7726 20.883
70.7 33.8681 41.5247 51.728 20.9343
70.8 33.9154 41.4733 51.6833 20.9857
70.9 33.9627 41.422 51.6385 21.037
71 34.01 41.3706 51.5938 21.0884
71.1 34.0573 41.3192 51.5491 21.1398
71.2 34.1046 41.2677 51.5043 21.1913
71.3 34.1519 41.2162 51.4595 21.2428
71.4 34.1992 41.1647 51.4148 21.2943
71.5 34.2465 41.1132 51.37 21.3458
71.6 34.2938 41.0616 51.3252 21.3974
71.7 34.341 41.01 51.2803 21.449
71.8 34.3883 40.9584 51.2355 21.5006
71.9 34.4356 40.9067 51.1907 21.5523
72 34.4829 40.855 51.1458 21.604
72.1 34.5301 40.8033 51.1009 21.6557
72.2 34.5774 40.7515 51.0561 21.7075
72.3 34.6246 40.6998 51.0112 21.7592
72.4 34.6719 40.648 50.9663 21.811
72.5 34.7191 40.5961 50.9214 21.8629
72.6 34.7664 40.5443 50.8764 21.9147
72.7 34.8136 40.4924 50.8315 21.9666
72.8 34.8609 40.4404 50.7865 22.0186
72.9 34.9081 40.3885 50.7416 22.0705
73 34.9553 40.3365 50.6966 22.1225
73.1 35.0026 40.2845 50.6516 22.1745
73.2 35.0498 40.2325 50.6066 22.2265
73.3 35.097 40.1804 50.5616 22.2786
73.4 35.1442 40.1283 50.5166 22.3307
73.5 35.1914 40.0762 50.4715 22.3828
73.6 35.2387 40.0241 50.4265 22.4349
73.7 35.2859 39.9719 50.3814 22.4871
73.8 35.3331 39.9197 50.3364 22.5393
73.9 35.3803 39.8675 50.2913 22.5915
74 35.4275 39.8152 50.2462 22.6438
74.1 35.4747 39.763 50.2011 22.696
74.2 35.5219 39.7107 50.156 22.7483
74.3 35.569 39.6583 50.1109 22.8007
74.4 35.6162 39.606 50.0657 22.853
74.5 35.6634 39.5536 50.0206 22.9054
74.6 35.7106 39.5012 49.9754 22.9578
74.7 35.7578 39.4488 49.9303 23.0102
74.8 35.8049 39.3963 49.8851 23.0627
74.9 35.8521 39.3438 49.8399 23.1152
75 35.8993 39.2913 49.7947 23.1677
75.1 35.9464 39.2388 49.7495 23.2202
75.2 35.9936 39.1863 49.7043 23.2727
75.3 36.0407 39.1337 49.659 23.3253
75.4 36.0879 39.0811 49.6138 23.3779
75.5 36.135 39.0285 49.5685 23.4305
75.6 36.1822 38.9758 49.5233 23.4832
75.7 36.2293 38.9231 49.478 23.5359
75.8 36.2764 38.8704 49.4327 23.5886
75.9 36.3236 38.8177 49.3874 23.6413
76 36.3707 38.765 49.3421 23.694
76.1 36.4178 38.7122 49.2968 23.7468
76.2 36.4649 38.6594 49.2514 23.7996
76.3 36.512 38.6066 49.2061 23.8524
76.4 36.5591 38.5538 49.1608 23.9052
76.5 36.6063 38.5009 49.1154 23.9581
76.6 36.6534 38.4481 49.07 24.0109
76.7 36.7005 38.3952 49.0247 24.0638
76.8 36.7475 38.3422 48.9793 24.1168
76.9 36.7946 38.2893 48.9339 24.1697
77 36.8417 38.2363 48.8885 24.2227
77.1 36.8888 38.1834 48.843 24.2756
77.2 36.9359 38.1304 48.7976 24.3286
77.3 36.983 38.0773 48.7522 24.3817
77.4 37.03 38.0243 48.7067 24.4347
77.5 37.0771 37.9712 48.6613 24.4878
77.6 37.1242 37.9181 48.6158 24.5409
77.7 37.1712 37.865 48.5703 24.594
77.8 37.2183 37.8119 48.5248 24.6471
77.9 37.2653 37.7587 48.4793 24.7003
78 37.3124 37.7056 48.4338 24.7534
78.1 37.3594 37.6524 48.3883 24.8066
78.2 37.4065 37.5992 48.3428 24.8598
78.3 37.4535 37.5459 48.2973 24.9131
78.4 37.5005 37.4927 48.2517 24.9663
78.5 37.5476 37.4394 48.2062 25.0196
78.6 37.5946 37.3861 48.1606 25.0729
78.7 37.6416 37.3328 48.115 25.1262
78.8 37.6886 37.2795 48.0694 25.1795
78.9 37.7356 37.2262 48.0239 25.2328
79 37.7826 37.1728 47.9783 25.2862
79.1 37.8296 37.1194 47.9326 25.3396
79.2 37.8766 37.066 47.887 25.393
79.3 37.9236 37.0126 47.8414 25.4464
79.4 37.9706 36.9592 47.7958 25.4998
79.5 38.0176 36.9057 47.7501 25.5533
79.6 38.0646 36.8523 47.7045 25.6067
79.7 38.1116 36.7988 47.6588 25.6602
79.8 38.1585 36.7453 47.6131 25.7137
79.9 38.2055 36.6918 47.5674 25.7672
80 38.2525 36.6382 47.5218 25.8208
80.1 38.2994 36.5847 47.4761 25.8743
80.2 38.3464 36.5311 47.4303 25.9279
80.3 38.3933 36.4775 47.3846 25.9815
80.4 38.4403 36.4239 47.3389 26.0351
80.5 38.4872 36.3703 47.2932 26.0887
80.6 38.5342 36.3167 47.2474 26.1423
80.7 38.5811 36.2631 47.2017 26.1959
80.8 38.628 36.2094 47.1559 26.2496
80.9 38.6749 36.1557 47.1101 26.3033
81 38.7219 36.102 47.0644 26.357
81.1 38.7688 36.0483 47.0186 26.4107
81.2 38.8157 35.9946 46.9728 26.4644
81.3 38.8626 35.9409 46.927 26.5181
81.4 38.9095 35.8871 46.8812 26.5719
81.5 38.9564 35.8334 46.8354 26.6256
81.6 39.0033 35.7796 46.7895 26.6794
81.7 39.0502 35.7258 46.7437 26.7332
81.8 39.0971 35.672 46.6978 26.787
81.9 39.144 35.6182 46.652 26.8408
82 39.1908 35.5643 46.6061 26.8947
82.1 39.2377 35.5105 46.5603 26.9485
82.2 39.2846 35.4566 46.5144 27.0024
82.3 39.3314 35.4028 46.4685 27.0562
82.4 39.3783 35.3489 46.4226 27.1101
82.5 39.4251 35.295 46.3767 27.164
82.6 39.472 35.2411 46.3308 27.2179
82.7 39.5188 35.1872 46.2849 27.2718
82.8 39.5657 35.1332 46.239 27.3258
82.9 39.6125 35.0793 46.193 27.3797
83 39.6593 35.0253 46.1471 27.4337
83.1 39.7062 34.9714 46.1011 27.4876
83.2 39.753 34.9174 46.0552 27.5416
83.3 39.7998 34.8634 46.0092 27.5956
83.4 39.8466 34.8094 45.9632 27.6496
83.5 39.8934 34.7554 45.9173 27.7036
83.6 39.9402 34.7013 45.8713 27.7577
83.7 39.987 34.6473 45.8253 27.8117
83.8 40.0338 34.5933 45.7793 27.8657
83.9 40.0806 34.5392 45.7333 27.9198
84 40.1274 34.4851 45.6872 27.9739
84.1 40.1741 34.4311 45.6412 28.0279
84.2 40.2209 34.377 45.5952 28.082
84.3 40.2677 34.3229 45.5491 28.1361
84.4 40.3144 34.2688 45.5031 28.1902
84.5 40.3612 34.2147 45.457 28.2443
84.6 40.4079 34.1606 45.411 28.2984
84.7 40.4547 34.1064 45.3649 28.3526
84.8 40.5014 34.0523 45.3188 28.4067
84.9 40.5482 33.9981 45.2727 28.4609
85 40.5949 33.944 45.2266 28.515
85.1 40.6416 33.8898 45.1805 28.5692
85.2 40.6883 33.8356 45.1344 28.6234
85.3 40.735 33.7815 45.0883 28.6775
85.4 40.7818 33.7273 45.0422 28.7317
85.5 40.8285 33.6731 44.9961 28.7859
85.6 40.8752 33.6189 44.9499 28.8401
85.7 40.9219 33.5647 44.9038 28.8943
85.8 40.9685 33.5104 44.8576 28.9486
85.9 41.0152 33.4562 44.8115 29.0028
86 41.0619 33.402 44.7653 29.057
86.1 41.1086 33.3478 44.7192 29.1112
86.2 41.1552 33.2935 44.673 29.1655
86.3 41.2019 33.2393 44.6268 29.2197
86.4 41.2486 33.185 44.5806 29.274
86.5 41.2952 33.1307 44.5344 29.3283
86.6 41.3419 33.0765 44.4882 29.3825
86.7 41.3885 33.0222 44.442 29.4368
86.8 41.4351 32.9679 44.3958 29.4911
86.9 41.4818 32.9136 44.3495 29.5454
87 41.5284 32.8593 44.3033 29.5997
87.1 41.575 32.805 44.2571 29.654
87.2 41.6216 32.7507 44.2108 29.7083
87.3 41.6682 32.6964 44.1645 29.7626
87.4 41.7149 32.6421 44.1183 29.8169
87.5 41.7614 32.5878 44.072 29.8712
87.6 41.808 32.5335 44.0257 29.9255
87.7 41.8546 32.4792 43.9795 29.9798
87.8 41.9012 32.4248 43.9332 30.0342
87.9 41.9478 32.3705 43.8869 30.0885
88 41.9944 32.3162 43.8406 30.1428
88.1 42.0409 32.2619 43.7943 30.1971
88.2 42.0875 32.2075 43.748 30.2515
88.3 42.134 32.1532 43.7016 30.3058
88.4 42.1806 32.0988 43.6553 30.3602
88.5 42.2271 32.0445 43.609 30.4145
88.6 42.2737 31.9901 43.5626 30.4689
88.7 42.3202 31.9358 43.5163 30.5232
88.8 42.3667 31.8814 43.4699 30.5776
88.9 42.4132 31.8271 43.4236 30.6319
89 42.4597 31.7727 43.3772 30.6863
89.1 42.5062 31.7183 43.3308 30.7407
89.2 42.5527 31.664 43.2845 30.795
89.3 42.5992 31.6096 43.2381 30.8494
89.4 42.6457 31.5553 43.1917 30.9037
89.5 42.6922 31.5009 43.1453 30.9581
89.6 42.7387 31.4465 43.0989 31.0125
89.7 42.7852 31.3922 43.0525 31.0668
89.8 42.8316 31.3378 43.0061 31.1212
89.9 42.8781 31.2834 42.9596 31.1756
90 42.9245 31.2291 42.9132 31.2299
90.1 42.971 31.1747 42.8668 31.2843
90.2 43.0174 31.1203 42.8203 31.3387
90.3 43.0639 31.066 42.7739 31.393
90.4 43.1103 31.0116 42.7275 31.4474
90.5 43.1567 30.9572 42.681 31.5018
90.6 43.2031 30.9029 42.6345 31.5561
90.7 43.2495 30.8485 42.5881 31.6105
90.8 43.2959 30.7941 42.5416 31.6649
90.9 43.3423 30.7398 42.4951 31.7192
91 43.3887 30.6854 42.4486 31.7736
91.1 43.4351 30.6311 42.4021 31.8279
91.2 43.4815 30.5767 42.3556 31.8823
91.3 43.5279 30.5223 42.3091 31.9367
91.4 43.5742 30.468 42.2626 31.991
91.5 43.6206 30.4136 42.2161 32.0454
91.6 43.667 30.3593 42.1696 32.0997
91.7 43.7133 30.3049 42.123 32.1541
91.8 43.7596 30.2506 42.0765 32.2084
91.9 43.806 30.1963 42.03 32.2627
92 43.8523 30.1419 41.9834 32.3171
92.1 43.8986 30.0876 41.9369 32.3714
92.2 43.9449 30.0333 41.8903 32.4257
92.3 43.9912 29.9789 41.8438 32.4801
92.4 44.0375 29.9246 41.7972 32.5344
92.5 44.0838 29.8703 41.7506 32.5887
92.6 44.1301 29.816 41.704 32.643
92.7 44.1764 29.7617 41.6574 32.6973
92.8 44.2227 29.7074 41.6109 32.7516
92.9 44.269 29.6531 41.5643 32.8059
93 44.3152 29.5988 41.5177 32.8602
93.1 44.3615 29.5445 41.4711 32.9145
93.2 44.4077 29.4902 41.4244 32.9688
93.3 44.454 29.4359 41.3778 33.0231
93.4 44.5002 29.3817 41.3312 33.0773
93.5 44.5464 29.3274 41.2846 33.1316
93.6 44.5926 29.2731 41.2379 33.1859
93.7 44.6389 29.2189 41.1913 33.2401
93.8 44.6851 29.1646 41.1447 33.2944
93.9 44.7313 29.1104 41.098 33.3486
94 44.7775 29.0561 41.0513 33.4029
94.1 44.8236 29.0019 41.0047 33.4571
94.2 44.8698 28.9477 40.958 33.5113
94.3 44.916 28.8935 40.9114 33.5655
94.4 44.9622 28.8392 40.8647 33.6198
94.5 45.0083 28.785 40.818 33.674
94.6 45.0545 28.7308 40.7713 33.7282
94.7 45.1006 28.6767 40.7246 33.7823
94.8 45.1468 28.6225 40.6779 33.8365
94.9 45.1929 28.5683 40.6312 33.8907
95 45.239 28.5141 40.5845 33.9449
95.1 45.2851 28.46 40.5378 33.999
95.2 45.3312 28.4058 40.4911 34.0532
95.3 45.3773 28.3517 40.4444 34.1073
95.4 45.4234 28.2976 40.3976 34.1614
95.5 45.4695 28.2434 40.3509 34.2156
95.6 45.5156 28.1893 40.3042 34.2697
95.7 45.5617 28.1352 40.2574 34.3238
95.8 45.6077 28.0811 40.2107 34.3779
95.9 45.6538 28.027 40.1639 34.432
96 45.6998 27.973 40.1172 34.486
96.1 45.7459 27.9189 40.0704 34.5401
96.2 45.7919 27.8649 40.0236 34.5941
96.3 45.8379 27.8108 39.9769 34.6482
96.4 45.8839 27.7568 39.9301 34.7022
96.5 45.9299 27.7027 39.8833 34.7563
96.6 45.9759 27.6487 39.8365 34.8103
96.7 46.0219 27.5947 39.7897 34.8643
96.8 46.0679 27.5407 39.7429 34.9183
96.9 46.1139 27.4868 39.6961 34.9722
97 46.1599 27.4328 39.6493 35.0262
97.1 46.2058 27.3788 39.6025 35.0802
97.2 46.2518 27.3249 39.5557 35.1341
97.3 46.2977 27.271 39.5089 35.188
97.4 46.3437 27.217 39.462 35.242
97.5 46.3896 27.1631 39.4152 35.2959
97.6 46.4355 27.1092 39.3684 35.3498
97.7 46.4815 27.0554 39.3215 35.4036
97.8 46.5274 27.0015 39.2747 35.4575
97.9 46.5733 26.9476 39.2278 35.5114
98 46.6192 26.8938 39.181 35.5652
98.1 46.665 26.8399 39.1341 35.6191
98.2 46.7109 26.7861 39.0873 35.6729
98.3 46.7568 26.7323 39.0404 35.7267
98.4 46.8026 26.6785 38.9935 35.7805
98.5 46.8485 26.6248 38.9467 35.8342
98.6 46.8943 26.571 38.8998 35.888
98.7 46.9402 26.5172 38.8529 35.9418
98.8 46.986 26.4635 38.806 35.9955
98.9 47.0318 26.4098 38.7591 36.0492
99 47.0776 26.3561 38.7122 36.1029
99.1 47.1234 26.3024 38.6653 36.1566
99.2 47.1692 26.2487 38.6184 36.2103
99.3 47.215 26.1951 38.5715 36.2639
99.4 47.2608 26.1414 38.5246 36.3176
99.5 47.3065 26.0878 38.4776 36.3712
99.6 47.3523 26.0342 38.4307 36.4248
99.7 47.398 25.9806 38.3838 36.4784
99.8 47.4438 25.927 38.3368 36.532
99.9 47.4895 25.8734 38.2899 36.5856
100 47.5352 25.8199 38.243 36.6391
100.1 47.581 25.7663 38.196 36.6927
100.2 47.6267 25.7128 38.1491 36.7462
100.3 47.6724 25.6593 38.1021 36.7997
100.4 47.718 25.6058 38.0551 36.8532
100.5 47.7637 25.5524 38.0082 36.9066
100.6 47.8094 25.4989 37.9612 36.9601
100.7 47.8551 25.4455 37.9142 37.0135
100.8 47.9007 25.3921 37.8673 37.0669
100.9 47.9463 25.3387 37.8203 37.1203
101 47.992 25.2853 37.7733 37.1737
101.1 48.0376 25.232 37.7263 37.227
101.2 48.0832 25.1786 37.6793 37.2804
101.3 48.1288 25.1253 37.6323 37.3337
101.4 48.1744 25.072 37.5853 37.387
101.5 48.22 25.0187 37.5383 37.4403
101.6 48.2656 24.9654 37.4913 37.4936
101.7 48.3112 24.9122 37.4443 37.5468
101.8 48.3567 24.859 37.3973 37.6
101.9 48.4023 24.8057 37.3502 37.6533
102 48.4478 24.7526 37.3032 37.7064
102.1 48.4933 24.6994 37.2562 37.7596
102.2 48.5389 24.6462 37.2091 37.8128
102.3 48.5844 24.5931 37.1621 37.8659
102.4 48.6299 24.54 37.1151 37.919
102.5 48.6754 24.4869 37.068 37.9721
102.6 48.7209 24.4338 37.021 38.0252
102.7 48.7663 24.3808 36.9739 38.0782
102.8 48.8118 24.3278 36.9269 38.1312
102.9 48.8572 24.2748 36.8798 38.1842
103 48.9027 24.2218 36.8327 38.2372
103.1 48.9481 24.1688 36.7856 38.2902
103.2 48.9935 24.1159 36.7386 38.3431
103.3 49.039 24.063 36.6915 38.396
103.4 49.0844 24.0101 36.6444 38.4489
103.5 49.1298 23.9572 36.5973 38.5018
103.6 49.1751 23.9043 36.5502 38.5547
103.7 49.2205 23.8515 36.5031 38.6075
103.8 49.2659 23.7987 36.456 38.6603
103.9 49.3112 23.7459 36.4089 38.7131
104 49.3566 23.6931 36.3618 38.7659
104.1 49.4019 23.6404 36.3147 38.8186
104.2 49.4472 23.5877 36.2676 38.8713
104.3 49.4925 23.535 36.2205 38.924
104.4 49.5378 23.4823 36.1734 38.9767
104.5 49.5831 23.4297 36.1263 39.0293
104.6 49.6284 23.377 36.0791 39.082
104.7 49.6737 23.3244 36.032 39.1346
104.8 49.7189 23.2719 35.9849 39.1871
104.9 49.7642 23.2193 35.9377 39.2397
105 49.8094 23.1668 35.8906 39.2922
105.1 49.8547 23.1143 35.8434 39.3447
105.2 49.8999 23.0618 35.7963 39.3972
105.3 49.9451 23.0093 35.7491 39.4497
105.4 49.9903 22.9569 35.702 39.5021
105.5 50.0355 22.9045 35.6548 39.5545
105.6 50.0806 22.8521 35.6076 39.6069
105.7 50.1258 22.7998 35.5605 39.6592
105.8 50.1709 22.7475 35.5133 39.7115
105.9 50.2161 22.6952 35.4661 39.7638
106 50.2612 22.6429 35.4189 39.8161
106.1 50.3063 22.5906 35.3718 39.8684
106.2 50.3514 22.5384 35.3246 39.9206
106.3 50.3965 22.4862 35.2774 39.9728
106.4 50.4416 22.4341 35.2302 40.0249
106.5 50.4867 22.3819 35.183 40.0771
106.6 50.5318 22.3298 35.1358 40.1292
106.7 50.5768 22.2777 35.0886 40.1813
106.8 50.6218 22.2256 35.0414 40.2334
106.9 50.6669 22.1736 34.9942 40.2854
107 50.7119 22.1216 34.947 40.3374
107.1 50.7569 22.0696 34.8997 40.3894
107.2 50.8019 22.0177 34.8525 40.4413
107.3 50.8469 21.9658 34.8053 40.4932
107.4 50.8918 21.9139 34.7581 40.5451
107.5 50.9368 21.862 34.7108 40.597
107.6 50.9817 21.8102 34.6636 40.6488
107.7 51.0267 21.7584 34.6164 40.7006
107.8 51.0716 21.7066 34.5691 40.7524
107.9 51.1165 21.6548 34.5219 40.8042
108 51.1614 21.6031 34.4746 40.8559
108.1 51.2063 21.5514 34.4274 40.9076
108.2 51.2511 21.4997 34.3801 40.9593
108.3 51.296 21.4481 34.3329 41.0109
108.4 51.3408 21.3965 34.2856 41.0625
108.5 51.3857 21.3449 34.2383 41.1141
108.6 51.4305 21.2934 34.1911 41.1656
108.7 51.4753 21.2419 34.1438 41.2171
108.8 51.5201 21.1904 34.0965 41.2686
108.9 51.5649 21.1389 34.0492 41.3201
109 51.6097 21.0875 34.002 41.3715
109.1 51.6544 21.0361 33.9547 41.4229
109.2 51.6992 20.9848 33.9074 41.4742
109.3 51.7439 20.9335 33.8601 41.5255
109.4 51.7886 20.8822 33.8128 41.5768
109.5 51.8333 20.8309 33.7655 41.6281
109.6 51.878 20.7797 33.7182 41.6793
109.7 51.9227 20.7285 33.6709 41.7305
109.8 51.9674 20.6773 33.6236 41.7817
109.9 52.012 20.6261 33.5763 41.8329
110 52.0567 20.575 33.529 41.884
110.1 52.1013 20.524 33.4817 41.935
110.2 52.1459 20.4729 33.4343 41.9861
110.3 52.1905 20.4219 33.387 42.0371
110.4 52.2351 20.371 33.3397 42.088
110.5 52.2797 20.32 33.2924 42.139
110.6 52.3242 20.2691 33.245 42.1899
110.7 52.3688 20.2182 33.1977 42.2408
110.8 52.4133 20.1674 33.1504 42.2916
110.9 52.4579 20.1166 33.103 42.3424
111 52.5024 20.0658 33.0557 42.3932
111.1 52.5469 20.0151 33.0083 42.4439
111.2 52.5913 19.9644 32.961 42.4946
111.3 52.6358 19.9137 32.9136 42.5453
111.4 52.6803 19.8631 32.8663 42.5959
111.5 52.7247 19.8125 32.8189 42.6465
111.6 52.7691 19.7619 32.7715 42.6971
111.7 52.8135 19.7114 32.7242 42.7476
111.8 52.8579 19.6609 32.6768 42.7981
111.9 52.9023 19.6104 32.6294 42.8486
112 52.9467 19.56 32.5821 42.899
112.1 52.991 19.5096 32.5347 42.9494
112.2 53.0353 19.4592 32.4873 42.9998
112.3 53.0797 19.4089 32.4399 43.0501
112.4 53.124 19.3586 32.3925 43.1004
112.5 53.1683 19.3084 32.3452 43.1506
112.6 53.2125 19.2582 32.2978 43.2008
112.7 53.2568 19.208 32.2504 43.251
112.8 53.3011 19.1578 32.203 43.3012
112.9 53.3453 19.1077 32.1556 43.3513
113 53.3895 19.0577 32.1082 43.4013
113.1 53.4337 19.0077 32.0608 43.4513
113.2 53.4779 18.9577 32.0134 43.5013
113.3 53.5221 18.9077 31.9659 43.5513
113.4 53.5662 18.8578 31.9185 43.6012
113.5 53.6104 18.8079 31.8711 43.6511
113.6 53.6545 18.7581 31.8237 43.7009
113.7 53.6986 18.7083 31.7763 43.7507
113.8 53.7427 18.6585 31.7288 43.8005
113.9 53.7868 18.6088 31.6814 43.8502
114 53.8308 18.5591 31.634 43.8999
114.1 53.8749 18.5095 31.5866 43.9495
114.2 53.9189 18.4599 31.5391 43.9991
114.3 53.9629 18.4103 31.4917 44.0487
114.4 54.0069 18.3608 31.4442 44.0982
114.5 54.0509 18.3113 31.3968 44.1477
114.6 54.0949 18.2618 31.3493 44.1972
114.7 54.1388 18.2124 31.3019 44.2466
114.8 54.1828 18.163 31.2544 44.296
114.9 54.2267 18.1137 31.207 44.3453
115 54.2706 18.0644 31.1595 44.3946
115.1 54.3145 18.0151 31.1121 44.4439
115.2 54.3583 17.9659 31.0646 44.4931
115.3 54.4022 17.9168 31.0171 44.5422
115.4 54.446 17.8676 30.9697 44.5914
115.5 54.4898 17.8185 30.9222 44.6405
115.6 54.5336 17.7695 30.8747 44.6895
115.7 54.5774 17.7205 30.8272 44.7385
115.8 54.6212 17.6715 30.7798 44.7875
115.9 54.6649 17.6226 30.7323 44.8364
116 54.7087 17.5737 30.6848 44.8853
116.1 54.7524 17.5248 30.6373 44.9342
116.2 54.7961 17.476 30.5898 44.983
116.3 54.8398 17.4273 30.5423 45.0317
116.4 54.8834 17.3786 30.4948 45.0804
116.5 54.9271 17.3299 30.4473 45.1291
116.6 54.9707 17.2812 30.3998 45.1778
116.7 55.0143 17.2327 30.3523 45.2263
116.8 55.0579 17.1841 30.3048 45.2749
116.9 55.1015 17.1356 30.2573 45.3234
117 55.145 17.0871 30.2098 45.3719
117.1 55.1885 17.0387 30.1623 45.4203
117.2 55.2321 16.9903 30.1148 45.4687
117.3 55.2756 16.942 30.0673 45.517
117.4 55.319 16.8937 30.0197 45.5653
117.5 55.3625 16.8455 29.9722 45.6135
117.6 55.4059 16.7973 29.9247 45.6617
117.7 55.4494 16.7491 29.8772 45.7099
117.8 55.4928 16.701 29.8296 45.758
117.9 55.5362 16.6529 29.7821 45.8061
118 55.5795 16.6049 29.7346 45.8541
118.1 55.6229 16.5569 29.687 45.9021
118.2 55.6662 16.509 29.6395 45.95
118.3 55.7095 16.4611 29.592 45.9979
118.4 55.7528 16.4132 29.5444 46.0458
118.5 55.7961 16.3654 29.4969 46.0936
118.6 55.8393 16.3177 29.4493 46.1413
118.7 55.8825 16.27 29.4018 46.189
118.8 55.9257 16.2223 29.3542 46.2367
118.9 55.9689 16.1747 29.3066 46.2843
119 56.0121 16.1271 29.2591 46.3319
119.1 56.0553 16.0796 29.2115 46.3794
119.2 56.0984 16.0321 29.164 46.4269
119.3 56.1415 15.9847 29.1164 46.4743
119.4 56.1846 15.9373 29.0688 46.5217
119.5 56.2277 15.8899 29.0213 46.5691
119.6 56.2707 15.8426 28.9737 46.6164
119.7 56.3137 15.7954 28.9261 46.6636
119.8 56.3567 15.7482 28.8785 46.7108
119.9 56.3997 15.701 28.831 46.758
120 56.4427 15.6539 28.7834 46.8051
120.1 56.4856 15.6069 28.7358 46.8521
120.2 56.5285 15.5599 28.6882 46.8991
120.3 56.5714 15.5129 28.6406 46.9461
120.4 56.6143 15.466 28.593 46.993
120.5 56.6572 15.4191 28.5454 47.0399
120.6 56.7 15.3723 28.4978 47.0867
120.7 56.7428 15.3255 28.4502 47.1335
120.8 56.7856 15.2788 28.4026 47.1802
120.9 56.8284 15.2321 28.355 47.2269
121 56.8711 15.1855 28.3074 47.2735
121.1 56.9139 15.1389 28.2598 47.3201
121.2 56.9566 15.0924 28.2122 47.3666
121.3 56.9992 15.0459 28.1646 47.4131
121.4 57.0419 14.9995 28.117 47.4595
121.5 57.0845 14.9531 28.0694 47.5059
121.6 57.1271 14.9068 28.0217 47.5522
121.7 57.1697 14.8605 27.9741 47.5985
121.8 57.2123 14.8143 27.9265 47.6447
121.9 57.2548 14.7681 27.8789 47.6909
122 57.2974 14.7219 27.8312 47.7371
122.1 57.3399 14.6759 27.7836 47.7831
122.2 57.3823 14.6298 27.736 47.8292
122.3 57.4248 14.5838 27.6884 47.8752
122.4 57.4672 14.5379 27.6407 47.9211
122.5 57.5096 14.492 27.5931 47.967
122.6 57.552 14.4462 27.5454 48.0128
122.7 57.5943 14.4004 27.4978 48.0586
122.8 57.6366 14.3547 27.4502 48.1043
122.9 57.679 14.309 27.4025 48.15
123 57.7212 14.2634 27.3549 48.1956
123.1 57.7635 14.2178 27.3072 48.2412
123.2 57.8057 14.1723 27.2596 48.2867
123.3 57.8479 14.1269 27.2119 48.3321
123.4 57.8901 14.0814 27.1643 48.3776
123.5 57.9322 14.0361 27.1166 48.4229
123.6 57.9744 13.9908 27.0689 48.4682
123.7 58.0165 13.9455 27.0213 48.5135
123.8 58.0586 13.9003 26.9736 48.5587
123.9 58.1006 13.8552 26.9259 48.6038
124 58.1426 13.8101 26.8783 48.6489
124.1 58.1846 13.765 26.8306 48.694
124.2 58.2266 13.72 26.7829 48.739
124.3 58.2685 13.6751 26.7353 48.7839
124.4 58.3105 13.6302 26.6876 48.8288
124.5 58.3524 13.5854 26.6399 48.8736
124.6 58.3942 13.5406 26.5922 48.9184
124.7 58.4361 13.4959 26.5445 48.9631
124.8 58.4779 13.4512 26.4968 49.0078
124.9 58.5197 13.4066 26.4492 49.0524
125 58.5614 13.362 26.4015 49.097
125.1 58.6031 13.3175 26.3538 49.1415
125.2 58.6448 13.273 26.3061 49.186
125.3 58.6865 13.2286 26.2584 49.2304
125.4 58.7282 13.1843 26.2107 49.2747
125.5 58.7698 13.14 26.163 49.319
125.6 58.8114 13.0958 26.1153 49.3632
125.7 58.8529 13.0516 26.0676 49.4074
125.8 58.8945 13.0075 26.0199 49.4515
125.9 58.936 12.9634 25.9722 49.4956
126 58.9774 12.9194 25.9245 49.5396
126.1 59.0189 12.8754 25.8768 49.5836
126.2 59.0603 12.8315 25.8291 49.6275
126.3 59.1017 12.7877 25.7813 49.6713
126.4 59.1431 12.7439 25.7336 49.7151
126.5 59.1844 12.7002 25.6859 49.7588
126.6 59.2257 12.6565 25.6382 49.8025
126.7 59.2669 12.6129 25.5905 49.8461
126.8 59.3082 12.5693 25.5427 49.8897
126.9 59.3494 12.5258 25.495 49.9332
127 59.3906 12.4824 25.4473 49.9766
127.1 59.4317 12.439 25.3996 50.02
127.2 59.4728 12.3956 25.3518 50.0634
127.3 59.5139 12.3524 25.3041 50.1066
127.4 59.555 12.3091 25.2564 50.1499
127.5 59.596 12.266 25.2086 50.193
127.6 59.637 12.2229 25.1609 50.2361
127.7 59.6779 12.1798 25.1132 50.2792
127.8 59.7189 12.1368 25.0654 50.3222
127.9 59.7597 12.0939 25.0177 50.3651
128 59.8006 12.051 24.9699 50.408
128.1 59.8414 12.0082 24.9222 50.4508
128.2 59.8822 11.9655 24.8744 50.4935
128.3 59.923 11.9228 24.8267 50.5362
128.4 59.9637 11.8801 24.7789 50.5789
128.5 60.0044 11.8376 24.7312 50.6214
128.6 60.0451 11.795 24.6834 50.664
128.7 60.0857 11.7526 24.6357 50.7064
128.8 60.1263 11.7102 24.5879 50.7488
128.9 60.1669 11.6678 24.5401 50.7912
129 60.2074 11.6256 24.4924 50.8334
129.1 60.2479 11.5833 24.4446 50.8757
129.2 60.2883 11.5412 24.3969 50.9178
129.3 60.3288 11.4991 24.3491 50.9599
129.4 60.3691 11.457 24.3013 51.002
129.5 60.4095 11.4151 24.2535 51.0439
129.6 60.4498 11.3731 24.2058 51.0859
129.7 60.4901 11.3313 24.158 51.1277
129.8 60.5303 11.2895 24.1102 51.1695
129.9 60.5705 11.2477 24.0624 51.2113
130 60.6107 11.2061 24.0147 51.2529
130.1 60.6508 11.1644 23.9669 51.2946
130.2 60.6909 11.1229 23.9191 51.3361
130.3 60.731 11.0814 23.8713 51.3776
130.4 60.771 11.04 23.8235 51.419
130.5 60.811 10.9986 23.7757 51.4604
130.6 60.8509 10.9573 23.728 51.5017
130.7 60.8909 10.916 23.6802 51.543
130.8 60.9307 10.8748 23.6324 51.5842
130.9 60.9706 10.8337 23.5846 51.6253
131 61.0104 10.7927 23.5368 51.6663
131.1 61.0501 10.7517 23.489 51.7073
131.2 61.0898 10.7107 23.4412 51.7483
131.3 61.1295 10.6698 23.3934 51.7892
131.4 61.1691 10.629 23.3456 51.83
131.5 61.2087 10.5883 23.2978 51.8707
131.6 61.2483 10.5476 23.25 51.9114
131.7 61.2878 10.507 23.2022 51.952
131.8 61.3273 10.4664 23.1544 51.9926
131.9 61.3667 10.4259 23.1065 52.0331
132 61.4061 10.3855 23.0587 52.0735
132.1 61.4455 10.3451 23.0109 52.1139
132.2 61.4848 10.3048 22.9631 52.1542
132.3 61.524 10.2645 22.9153 52.1945
132.4 61.5633 10.2244 22.8675 52.2346
132.5 61.6024 10.1843 22.8197 52.2747
132.6 61.6416 10.1442 22.7718 52.3148
132.7 61.6807 10.1042 22.724 52.3548
132.8 61.7197 10.0643 22.6762 52.3947
132.9 61.7587 10.0244 22.6284 52.4346
133 61.7977 9.98464 22.5805 52.4744
133.1 61.8366 9.94491 22.5327 52.5141
133.2 61.8755 9.90524 22.4849 52.5538
133.3 61.9144 9.86564 22.437 52.5934
133.4 61.9531 9.82611 22.3892 52.6329
133.5 61.9919 9.78664 22.3414 52.6724
133.6 62.0306 9.74723 22.2935 52.7118
133.7 62.0692 9.70789 22.2457 52.7511
133.8 62.1078 9.66862 22.1979 52.7904
133.9 62.1464 9.62941 22.15 52.8296
134 62.1849 9.59027 22.1022 52.8687
134.1 62.2234 9.5512 22.0543 52.9078
134.2 62.2618 9.51219 22.0065 52.9468
134.3 62.3002 9.47324 21.9586 52.9858
134.4 62.3385 9.43437 21.9108 53.0246
134.5 62.3768 9.39556 21.8629 53.0634
134.6 62.415 9.35681 21.8151 53.1022
134.7 62.4532 9.31813 21.7672 53.1409
134.8 62.4913 9.27952 21.7194 53.1795
134.9 62.5294 9.24098 21.6715 53.218
135 62.5674 9.2025 21.6237 53.2565
135.1 62.6054 9.16409 21.5758 53.2949
135.2 62.6433 9.12575 21.528 53.3333
135.3 62.6812 9.08747 21.4801 53.3715
135.4 62.719 9.04927 21.4322 53.4097
135.5 62.7568 9.01112 21.3844 53.4479
135.6 62.7945 8.97305 21.3365 53.4859
135.7 62.8322 8.93505 21.2886 53.524
135.8 62.8698 8.89711 21.2408 53.5619
135.9 62.9073 8.85924 21.1929 53.5998
136 62.9449 8.82144 21.145 53.6376
136.1 62.9823 8.78371 21.0971 53.6753
136.2 63.0197 8.74604 21.0493 53.713
136.3 63.0571 8.70845 21.0014 53.7506
136.4 63.0944 8.67092 20.9535 53.7881
136.5 63.1316 8.63346 20.9056 53.8255
136.6 63.1688 8.59607 20.8578 53.8629
136.7 63.2059 8.55875 20.8099 53.9002
136.8 63.243 8.5215 20.762 53.9375
136.9 63.28 8.48432 20.7141 53.9747
137 63.3169 8.4472 20.6662 54.0118
137.1 63.3538 8.41016 20.6184 54.0488
137.2 63.3907 8.37319 20.5705 54.0858
137.3 63.4275 8.33628 20.5226 54.1227
137.4 63.4642 8.29945 20.4747 54.1596
137.5 63.5009 8.26268 20.4268 54.1963
137.6 63.5375 8.22599 20.3789 54.233
137.7 63.574 8.18936 20.331 54.2696
137.8 63.6105 8.15281 20.2831 54.3062
137.9 63.6469 8.11632 20.2352 54.3427
138 63.6833 8.07991 20.1873 54.3791
138.1 63.7196 8.04356 20.1394 54.4154
138.2 63.7558 8.00729 20.0915 54.4517
138.3 63.792 7.97109 20.0436 54.4879
138.4 63.8281 7.93496 19.9957 54.524
138.5 63.8642 7.8989 19.9478 54.5601
138.6 63.9001 7.86291 19.8999 54.5961
138.7 63.9361 7.82699 19.852 54.632
138.8 63.9719 7.79114 19.8041 54.6679
138.9 64.0077 7.75537 19.7562 54.7036
139 64.0434 7.71966 19.7083 54.7393
139.1 64.0791 7.68403 19.6604 54.775
139.2 64.1147 7.64847 19.6124 54.8105
139.3 64.1502 7.61298 19.5645 54.846
139.4 64.1857 7.57756 19.5166 54.8814
139.5 64.2211 7.54222 19.4687 54.9168
139.6 64.2564 7.50695 19.4208 54.9521
139.7 64.2916 7.47174 19.3729 54.9873
139.8 64.3268 7.43662 19.3249 55.0224
139.9 64.3619 7.40156 19.277 55.0574
140 64.397 7.36658 19.2291 55.0924
140.1 64.4319 7.33167 19.1812 55.1273
140.2 64.4668 7.29683 19.1333 55.1622
140.3 64.5017 7.26207 19.0853 55.1969
140.4 64.5364 7.22737 19.0374 55.2316
140.5 64.5711 7.19276 18.9895 55.2662
140.6 64.6057 7.15821 18.9415 55.3008
140.7 64.6402 7.12374 18.8936 55.3353
140.8 64.6747 7.08934 18.8457 55.3697
140.9 64.709 7.05501 18.7977 55.404
141 64.7434 7.02076 18.7498 55.4382
141.1 64.7776 6.98659 18.7019 55.4724
141.2 64.8117 6.95248 18.6539 55.5065
141.3 64.8458 6.91845 18.606 55.5405
141.4 64.8798 6.8845 18.5581 55.5745
141.5 64.9137 6.85061 18.5101 55.6084
141.6 64.9475 6.81681 18.4622 55.6422
141.7 64.9813 6.78307 18.4142 55.6759
141.8 65.015 6.74942 18.3663 55.7096
141.9 65.0485 6.71583 18.3183 55.7432
142 65.0821 6.68232 18.2704 55.7767
142.1 65.1155 6.64889 18.2225 55.8101
142.2 65.1488 6.61553 18.1745 55.8435
142.3 65.1821 6.58224 18.1266 55.8768
142.4 65.2152 6.54903 18.0786 55.91
142.5 65.2483 6.5159 18.0307 55.9431
142.6 65.2813 6.48284 17.9827 55.9762
142.7 65.3142 6.44986 17.9347 56.0091
142.8 65.3471 6.41695 17.8868 56.0421
142.9 65.3798 6.38412 17.8388 56.0749
143 65.4124 6.35136 17.7909 56.1076
143.1 65.445 6.31868 17.7429 56.1403
143.2 65.4775 6.28607 17.695 56.1729
143.3 65.5098 6.25354 17.647 56.2055
143.4 65.5421 6.22109 17.599 56.2379
143.5 65.5743 6.18871 17.5511 56.2703
143.6 65.6064 6.15641 17.5031 56.3026
143.7 65.6384 6.12419 17.4551 56.3348
143.8 65.6703 6.09204 17.4072 56.367
143.9 65.7021 6.05997 17.3592 56.399
144 65.7338 6.02797 17.3112 56.431
144.1 65.7655 5.99605 17.2633 56.4629
144.2 65.797 5.96421 17.2153 56.4948
144.3 65.8284 5.93245 17.1673 56.5266
144.4 65.8597 5.90076 17.1194 56.5582
144.5 65.8909 5.86915 17.0714 56.5898
144.6 65.9221 5.83762 17.0234 56.6214
144.7 65.9531 5.80616 16.9754 56.6528
144.8 65.984 5.77479 16.9275 56.6842
144.9 66.0148 5.74349 16.8795 56.7155
145 66.0455 5.71226 16.8315 56.7467
145.1 66.0761 5.68112 16.7835 56.7779
145.2 66.1066 5.65005 16.7356 56.8089
145.3 66.137 5.61906 16.6876 56.8399
145.4 66.1672 5.58815 16.6396 56.8709
145.5 66.1974 5.55732 16.5916 56.9017
145.6 66.2275 5.52656 16.5436 56.9324
145.7 66.2574 5.49589 16.4956 56.9631
145.8 66.2872 5.46529 16.4477 56.9937
145.9 66.3169 5.43477 16.3997 57.0242
146 66.3466 5.40433 16.3517 57.0547
146.1 66.376 5.37396 16.3037 57.085
146.2 66.4054 5.34368 16.2557 57.1153
146.3 66.4347 5.31347 16.2077 57.1455
146.4 66.4638 5.28335 16.1597 57.1757
146.5 66.4928 5.2533 16.1117 57.2057
146.6 66.5217 5.22333 16.0637 57.2357
146.7 66.5505 5.19345 16.0157 57.2656
146.8 66.5791 5.16364 15.9677 57.2954
146.9 66.6077 5.13391 15.9197 57.3251
147 66.6361 5.10426 15.8717 57.3547
147.1 66.6643 5.07468 15.8237 57.3843
147.2 66.6925 5.04519 15.7757 57.4138
147.3 66.7205 5.01578 15.7277 57.4432
147.4 66.7484 4.98645 15.6797 57.4725
147.5 66.7762 4.9572 15.6317 57.5018
147.6 66.8038 4.92803 15.5837 57.531
147.7 66.8313 4.89894 15.5357 57.5601
147.8 66.8587 4.86992 15.4877 57.5891
147.9 66.8859 4.84099 15.4397 57.618
148 66.913 4.81214 15.3917 57.6469
148.1 66.9399 4.78337 15.3437 57.6756
148.2 66.9667 4.75468 15.2957 57.7043
148.3 66.9934 4.72607 15.2477 57.7329
148.4 67.0199 4.69755 15.1997 57.7615
148.5 67.0463 4.6691 15.1517 57.7899
148.6 67.0726 4.64073 15.1037 57.8183
148.7 67.0987 4.61245 15.0556 57.8466
148.8 67.1246 4.58424 15.0076 57.8748
148.9 67.1504 4.55612 14.9596 57.9029
149 67.1761 4.52808 14.9116 57.9309
149.1 67.2016 4.50012 14.8636 57.9589
149.2 67.2269 4.47224 14.8156 57.9868
149.3 67.2521 4.44444 14.7675 58.0146
149.4 67.2772 4.41672 14.7195 58.0423
149.5 67.3021 4.38909 14.6715 58.0699
149.6 67.3268 4.36154 14.6235 58.0975
149.7 67.3513 4.33407 14.5755 58.1249
149.8 67.3757 4.30668 14.5274 58.1523
149.9 67.4 4.27937 14.4794 58.1796
150 67.4241 4.25215 14.4314 58.2069
150.1 67.448 4.225 14.3834 58.234
150.2 67.4717 4.19794 14.3353 58.2611
150.3 67.4953 4.17096 14.2873 58.288
150.4 67.5187 4.14407 14.2393 58.3149
150.5 67.5419 4.11726 14.1913 58.3417
150.6 67.5649 4.09053 14.1432 58.3685
150.7 67.5878 4.06388 14.0952 58.3951
150.8 67.6105 4.03731 14.0472 58.4217
150.9 67.633 4.01083 13.9991 58.4482
151 67.6553 3.98443 13.9511 58.4746
151.1 67.6775 3.95811 13.9031 58.5009
151.2 67.6994 3.93188 13.855 58.5271
151.3 67.7212 3.90573 13.807 58.5533
151.4 67.7428 3.87966 13.759 58.5793
151.5 67.7642 3.85368 13.7109 58.6053
151.6 67.7854 3.82778 13.6629 58.6312
151.7 67.8064 3.80196 13.6149 58.657
151.8 67.8272 3.77623 13.5668 58.6828
151.9 67.8478 3.75058 13.5188 58.7084
152 67.8682 3.72501 13.4707 58.734
152.1 67.8884 3.69953 13.4227 58.7595
152.2 67.9084 3.67413 13.3747 58.7849
152.3 67.9282 3.64882 13.3266 58.8102
152.4 67.9478 3.62359 13.2786 58.8354
152.5 67.9671 3.59844 13.2305 58.8606
152.6 67.9863 3.57338 13.1825 58.8856
152.7 68.0052 3.5484 13.1344 58.9106
152.8 68.0239 3.52351 13.0864 58.9355
152.9 68.0424 3.4987 13.0383 58.9603
153 68.0607 3.47398 12.9903 58.985
153.1 68.0787 3.44934 12.9422 59.0097
153.2 68.0965 3.42478 12.8942 59.0342
153.3 68.1141 3.40031 12.8461 59.0587
153.4 68.1314 3.37593 12.7981 59.0831
153.5 68.1485 3.35162 12.75 59.1074
153.6 68.1654 3.32741 12.702 59.1316
153.7 68.182 3.30328 12.6539 59.1557
153.8 68.1984 3.27923 12.6059 59.1798
153.9 68.2145 3.25527 12.5578 59.2037
154 68.2304 3.23139 12.5098 59.2276
154.1 68.246 3.2076 12.4617 59.2514
154.2 68.2614 3.1839 12.4137 59.2751
154.3 68.2765 3.16028 12.3656 59.2987
154.4 68.2914 3.13674 12.3176 59.3223
154.5 68.306 3.1133 12.2695 59.3457
154.6 68.3203 3.08993 12.2214 59.3691
154.7 68.3344 3.06666 12.1734 59.3923
154.8 68.3481 3.04346 12.1253 59.4155
154.9 68.3616 3.02036 12.0773 59.4386
155 68.3748 2.99734 12.0292 59.4617
155.1 68.3878 2.97441 11.9811 59.4846
155.2 68.4004 2.95156 11.9331 59.5074
155.3 68.4128 2.9288 11.885 59.5302
155.4 68.4249 2.90612 11.8369 59.5529
155.5 68.4366 2.88353 11.7889 59.5755
155.6 68.4481 2.86103 11.7408 59.598
155.7 68.4593 2.83861 11.6927 59.6204
155.8 68.4701 2.81628 11.6447 59.6427
155.9 68.4807 2.79404 11.5966 59.665
156 68.4909 2.77188 11.5485 59.6871
156.1 68.5008 2.74981 11.5005 59.7092
156.2 68.5104 2.72783 11.4524 59.7312
156.3 68.5196 2.70593 11.4043 59.7531
156.4 68.5286 2.68412 11.3563 59.7749
156.5 68.5372 2.6624 11.3082 59.7966
156.6 68.5454 2.64077 11.2601 59.8182
156.7 68.5533 2.61922 11.212 59.8398
156.8 68.5609 2.59776 11.164 59.8612
156.9 68.5681 2.57638 11.1159 59.8826
157 68.575 2.5551 11.0678 59.9039
157.1 68.5815 2.5339 11.0197 59.9251
157.2 68.5876 2.51279 10.9717 59.9462
157.3 68.5934 2.49176 10.9236 59.9672
157.4 68.5988 2.47082 10.8755 59.9882
157.5 68.6038 2.44997 10.8274 60.009
157.6 68.6084 2.42921 10.7794 60.0298
157.7 68.6126 2.40854 10.7313 60.0505
157.8 68.6165 2.38795 10.6832 60.071
157.9 68.6199 2.36745 10.6351 60.0915
158 68.6229 2.34704 10.587 60.112
158.1 68.6256 2.32672 10.539 60.1323
158.2 68.6278 2.30649 10.4909 60.1525
158.3 68.6296 2.28634 10.4428 60.1727
158.4 68.6309 2.26628 10.3947 60.1927
158.5 68.6319 2.24631 10.3466 60.2127
158.6 68.6324 2.22643 10.2985 60.2326
158.7 68.6324 2.20664 10.2505 60.2524
158.8 68.632 2.18693 10.2024 60.2721
158.9 68.6312 2.16732 10.1543 60.2917
159 68.6298 2.14779 10.1062 60.3112
159.1 68.6281 2.12835 10.0581 60.3307
159.2 68.6258 2.109 10.01 60.35
159.3 68.6231 2.08974 9.96193 60.3693
159.4 68.6198 2.07056 9.91384 60.3884
159.5 68.6161 2.05148 9.86575 60.4075
159.6 68.6119 2.03248 9.81766 60.4265
159.7 68.6071 2.01358 9.76957 60.4454
159.8 68.6019 1.99476 9.72148 60.4642
159.9 68.5961 1.97603 9.67339 60.483
160 68.5898 1.95739 9.6253 60.5016
160.1 68.583 1.93884 9.57721 60.5202
160.2 68.5756 1.92038 9.52912 60.5386
160.3 68.5677 1.90201 9.48102 60.557
160.4 68.5592 1.88373 9.43293 60.5753
160.5 68.5501 1.86553 9.38483 60.5935
160.6 68.5404 1.84743 9.33674 60.6116
160.7 68.5302 1.82942 9.28864 60.6296
160.8 68.5194 1.81149 9.24055 60.6475
160.9 68.5079 1.79366 9.19245 60.6653
161 68.4959 1.77591 9.14435 60.6831
161.1 68.4832 1.75826 9.09626 60.7007
161.2 68.4699 1.74069 9.04816 60.7183
161.3 68.456 1.72322 9.00006 60.7358
161.4 68.4414 1.70583 8.95196 60.7532
161.5 68.4261 1.68853 8.90386 60.7705
161.6 68.4102 1.67133 8.85576 60.7877
161.7 68.3936 1.65421 8.80766 60.8048
161.8 68.3763 1.63719 8.75956 60.8218
161.9 68.3583 1.62025 8.71146 60.8387
162 68.3396 1.6034 8.66336 60.8556
162.1 68.3202 1.58665 8.61525 60.8724
162.2 68.3 1.56998 8.56715 60.889
162.3 68.2791 1.55341 8.51905 60.9056
162.4 68.2574 1.53693 8.47094 60.9221
162.5 68.235 1.52053 8.42284 60.9385
162.6 68.2117 1.50423 8.37474 60.9548
162.7 68.1877 1.48802 8.32663 60.971
162.8 68.1629 1.47189 8.27853 60.9871
162.9 68.1372 1.45586 8.23042 61.0031
163 68.1107 1.43992 8.18231 61.0191
163.1 68.0833 1.42407 8.13421 61.0349
163.2 68.0551 1.40831 8.0861 61.0507
163.3 68.026 1.39264 8.03799 61.0664
163.4 67.9961 1.37706 7.98988 61.0819
163.5 67.9652 1.36158 7.94177 61.0974
163.6 67.9333 1.34618 7.89367 61.1128
163.7 67.9006 1.33088 7.84556 61.1281
163.8 67.8669 1.31566 7.79745 61.1433
163.9 67.8322 1.30054 7.74934 61.1585
164 67.7965 1.28551 7.70123 61.1735
164.1 67.7599 1.27057 7.65311 61.1884
164.2 67.7222 1.25572 7.605 61.2033
164.3 67.6834 1.24096 7.55689 61.218
164.4 67.6436 1.2263 7.50878 61.2327
164.5 67.6028 1.21172 7.46067 61.2473
164.6 67.5608 1.19724 7.41255 61.2618
164.7 67.5177 1.18285 7.36444 61.2762
164.8 67.4735 1.16855 7.31632 61.2905
164.9 67.4281 1.15434 7.26821 61.3047
165 67.3815 1.14022 7.2201 61.3188
165.1 67.3338 1.1262 7.17198 61.3328
165.2 67.2848 1.11226 7.12387 61.3467
165.3 67.2346 1.09842 7.07575 61.3606
165.4 67.1831 1.08467 7.02763 61.3743
165.5 67.1303 1.07101 6.97952 61.388
165.6 67.0762 1.05745 6.9314 61.4016
165.7 67.0207 1.04397 6.88328 61.415
165.8 66.9639 1.03059 6.83516 61.4284
165.9 66.9057 1.0173 6.78705 61.4417
166 66.8461 1.0041 6.73893 61.4549
166.1 66.7851 0.990992 6.69081 61.468
166.2 66.7225 0.977977 6.64269 61.481
166.3 66.6585 0.965055 6.59457 61.4939
166.4 66.5929 0.952224 6.54645 61.5068
166.5 66.5258 0.939487 6.49833 61.5195
166.6 66.457 0.926841 6.45021 61.5322
166.7 66.3867 0.914287 6.40209 61.5447
166.8 66.3147 0.901826 6.35397 61.5572
166.9 66.241 0.889458 6.30585 61.5695
167 66.1655 0.877182 6.25772 61.5818
167.1 66.0883 0.864998 6.2096 61.594
167.2 66.0093 0.852906 6.16148 61.6061
167.3 65.9285 0.840908 6.11336 61.6181
167.4 65.8458 0.829002 6.06523 61.63
167.5 65.7612 0.817188 6.01711 61.6418
167.6 65.6746 0.805467 5.96899 61.6535
167.7 65.586 0.793839 5.92086 61.6652
167.8 65.4954 0.782303 5.87274 61.6767
167.9 65.4027 0.77086 5.82461 61.6881
168 65.3079 0.75951 5.77649 61.6995
168.1 65.211 0.748253 5.72836 61.7107
168.2 65.1118 0.737089 5.68024 61.7219
168.3 65.0103 0.726017 5.63211 61.733
168.4 64.9065 0.715039 5.58398 61.744
168.5 64.8003 0.704153 5.53586 61.7548
168.6 64.6917 0.69336 5.48773 61.7656
168.7 64.5807 0.682661 5.4396 61.7763
168.8 64.4671 0.672054 5.39148 61.7869
168.9 64.3509 0.661541 5.34335 61.7975
169 64.2321 0.65112 5.29522 61.8079
169.1 64.1105 0.640793 5.24709 61.8182
169.2 63.9862 0.630559 5.19896 61.8284
169.3 63.859 0.620418 5.15084 61.8386
169.4 63.7289 0.610371 5.10271 61.8486
169.5 63.5959 0.600416 5.05458 61.8586
169.6 63.4598 0.590555 5.00645 61.8684
169.7 63.3206 0.580788 4.95832 61.8782
169.8 63.1781 0.571113 4.91019 61.8879
169.9 63.0325 0.561532 4.86206 61.8975
170 62.8834 0.552045 4.81393 61.907
170.1 62.7309 0.542651 4.76579 61.9163
170.2 62.575 0.53335 4.71766 61.9256
170.3 62.4154 0.524143 4.66953 61.9349
170.4 62.2521 0.51503 4.6214 61.944
170.5 62.085 0.50601 4.57327 61.953
170.6 61.914 0.497083 4.52514 61.9619
170.7 61.7391 0.48825 4.477 61.9707
170.8 61.56 0.479511 4.42887 61.9795
170.9 61.3768 0.470866 4.38074 61.9881
171 61.1893 0.462314 4.3326 61.9967
171.1 60.9973 0.453856 4.28447 62.0051
171.2 60.8008 0.445491 4.23634 62.0135
171.3 60.5997 0.437221 4.1882 62.0218
171.4 60.3938 0.429044 4.14007 62.03
171.5 60.1831 0.420961 4.09194 62.038
171.6 59.9673 0.412972 4.0438 62.046
171.7 59.7463 0.405077 3.99567 62.0539
171.8 59.52 0.397276 3.94753 62.0617
171.9 59.2883 0.389568 3.8994 62.0694
172 59.051 0.381955 3.85126 62.077
172.1 58.8079 0.374435 3.80313 62.0846
172.2 58.5589 0.36701 3.75499 62.092
172.3 58.3039 0.359678 3.70685 62.0993
172.4 58.0426 0.352441 3.65872 62.1066
172.5 57.7749 0.345297 3.61058 62.1137
172.6 57.5006 0.338248 3.56245 62.1208
172.7 57.2195 0.331293 3.51431 62.1277
172.8 56.9314 0.324432 3.46617 62.1346
172.9 56.6362 0.317665 3.41803 62.1413
173 56.3335 0.310992 3.3699 62.148
173.1 56.0233 0.304413 3.32176 62.1546
173.2 55.7053 0.297929 3.27362 62.1611
173.3 55.3792 0.291538 3.22549 62.1675
173.4 55.0448 0.285243 3.17735 62.1738
173.5 54.702 0.279041 3.12921 62.18
173.6 54.3503 0.272933 3.08107 62.1861
173.7 53.9897 0.26692 3.03293 62.1921
173.8 53.6198 0.261001 2.98479 62.198
173.9 53.2403 0.255177 2.93666 62.2038
174 52.8509 0.249447 2.88852 62.2096
174.1 52.4515 0.243811 2.84038 62.2152
174.2 52.0416 0.23827 2.79224 62.2207
174.3 51.621 0.232823 2.7441 62.2262
174.4 51.1894 0.22747 2.69596 62.2315
174.5 50.7464 0.222212 2.64782 62.2368
174.6 50.2917 0.217048 2.59968 62.242
174.7 49.8249 0.211979 2.55154 62.247
174.8 49.3458 0.207005 2.5034 62.252
174.9 48.8539 0.202124 2.45526 62.2569
175 48.3489 0.197339 2.40712 62.2617
175.1 47.8304 0.192647 2.35898 62.2664
175.2 47.298 0.188051 2.31084 62.2709
175.3 46.7514 0.183549 2.2627 62.2755
175.4 46.1901 0.179141 2.21456 62.2799
175.5 45.6137 0.174828 2.16642 62.2842
175.6 45.0219 0.17061 2.11828 62.2884
175.7 44.4142 0.166486 2.07014 62.2925
175.8 43.7902 0.162457 2.02199 62.2965
175.9 43.1495 0.158523 1.97385 62.3005
176 42.4916 0.154683 1.92571 62.3043
176.1 41.8161 0.150938 1.87757 62.3081
176.2 41.1227 0.147287 1.82943 62.3117
176.3 40.4108 0.143732 1.78129 62.3153
176.4 39.6801 0.14027 1.73314 62.3187
176.5 38.9302 0.136904 1.685 62.3221
176.6 38.1607 0.133632 1.63686 62.3254
176.7 37.3711 0.130455 1.58872 62.3285
176.8 36.5612 0.127373 1.54058 62.3316
176.9 35.7305 0.124386 1.49243 62.3346
177 34.8787 0.121493 1.44429 62.3375
177.1 34.0056 0.118695 1.39615 62.3403
177.2 33.1109 0.115992 1.34801 62.343
177.3 32.1942 0.113383 1.29986 62.3456
177.4 31.2555 0.110869 1.25172 62.3481
177.5 30.2946 0.108451 1.20358 62.3505
177.6 29.3113 0.106127 1.15544 62.3529
177.7 28.3056 0.103897 1.10729 62.3551
177.8 27.2774 0.101763 1.05915 62.3572
177.9 26.227 0.0997232 1.01101 62.3593
178 25.1544 0.0977784 0.962866 62.3612
178.1 24.0597 0.0959284 0.914723 62.3631
178.2 22.9434 0.0941732 0.86658 62.3648
178.3 21.8057 0.0925129 0.818437 62.3665
178.4 20.6471 0.0909475 0.770293 62.3681
178.5 19.4682 0.0894769 0.72215 62.3695
178.6 18.2696 0.0881011 0.674007 62.3709
178.7 17.0521 0.0868203 0.625864 62.3722
178.8 15.8164 0.0856342 0.577721 62.3734
178.9 14.5635 0.0845431 0.529577 62.3745
179 13.2944 0.0835468 0.481434 62.3755
179.1 12.0102 0.0826454 0.433291 62.3764
179.2 10.7122 0.0818389 0.385147 62.3772
179.3 9.40168 0.0811272 0.337004 62.3779
179.4 8.07995 0.0805105 0.288861 62.3785
179.5 6.74848 0.0799886 0.240717 62.379
179.6 5.4088 0.0795616 0.192574 62.3794
179.7 4.06248 0.0792295 0.14443 62.3798
179.8 2.71113 0.0789923 0.0962869 62.38
179.9 1.35641 0.0788499 0.0481434 62.3802
