#kinematics calculation of gsgs
#vertex z = 0 mm, E_reaction = 69.5 MeV
#theta_cm, theta3_lab, Ek3_lab, theta4_lab, Ek4_lab
0 0 69.5 0 1.81899e-12
0.1 0.0499224 69.4999 89.9499 5.29273e-05
0.2 0.0998449 69.4998 89.8998 0.000211709
0.3 0.149767 69.4995 89.8498 0.000476344
0.4 0.19969 69.4992 89.7997 0.000846833
0.5 0.249612 69.4987 89.7496 0.00132317
0.6 0.299535 69.4981 89.6995 0.00190536
0.7 0.349457 69.4974 89.6495 0.0025934
0.8 0.39938 69.4966 89.5994 0.00338729
0.9 0.449302 69.4957 89.5493 0.00428702
1 0.499224 69.4947 89.4992 0.00529259
1.1 0.549147 69.4936 89.4491 0.006404
1.2 0.599069 69.4924 89.3991 0.00762125
1.3 0.648992 69.4911 89.349 0.00894433
1.4 0.698914 69.4896 89.2989 0.0103732
1.5 0.748837 69.4881 89.2488 0.011908
1.6 0.798759 69.4865 89.1988 0.0135485
1.7 0.848682 69.4847 89.1487 0.0152949
1.8 0.898604 69.4829 89.0986 0.017147
1.9 0.948527 69.4809 89.0485 0.019105
2 0.998449 69.4788 88.9984 0.0211688
2.1 1.04837 69.4767 88.9484 0.0233383
2.2 1.09829 69.4744 88.8983 0.0256137
2.3 1.14822 69.472 88.8482 0.0279948
2.4 1.19814 69.4695 88.7981 0.0304817
2.5 1.24806 69.4669 88.7481 0.0330743
2.6 1.29798 69.4642 88.698 0.0357727
2.7 1.34791 69.4614 88.6479 0.0385768
2.8 1.39783 69.4585 88.5978 0.0414867
2.9 1.44775 69.4555 88.5477 0.0445023
3 1.49767 69.4524 88.4977 0.0476237
3.1 1.5476 69.4491 88.4476 0.0508507
3.2 1.59752 69.4458 88.3975 0.0541834
3.3 1.64744 69.4424 88.3474 0.0576219
3.4 1.69736 69.4388 88.2974 0.061166
3.5 1.74729 69.4352 88.2473 0.0648158
3.6 1.79721 69.4314 88.1972 0.0685712
3.7 1.84713 69.4276 88.1471 0.0724323
3.8 1.89705 69.4236 88.0971 0.076399
3.9 1.94698 69.4195 88.047 0.0804713
4 1.9969 69.4154 87.9969 0.0846493
4.1 2.04682 69.4111 87.9468 0.0889328
4.2 2.09675 69.4067 87.8967 0.0933219
4.3 2.14667 69.4022 87.8467 0.0978166
4.4 2.19659 69.3976 87.7966 0.102417
4.5 2.24651 69.3929 87.7465 0.107123
4.6 2.29644 69.3881 87.6964 0.111934
4.7 2.34636 69.3831 87.6464 0.116851
4.8 2.39628 69.3781 87.5963 0.121873
4.9 2.4462 69.373 87.5462 0.127001
5 2.49613 69.3678 87.4961 0.132234
5.1 2.54605 69.3624 87.446 0.137573
5.2 2.59597 69.357 87.396 0.143017
5.3 2.6459 69.3514 87.3459 0.148567
5.4 2.69582 69.3458 87.2958 0.154222
5.5 2.74574 69.34 87.2457 0.159982
5.6 2.79566 69.3342 87.1957 0.165848
5.7 2.84559 69.3282 87.1456 0.171819
5.8 2.89551 69.3221 87.0955 0.177895
5.9 2.94543 69.3159 87.0454 0.184077
6 2.99535 69.3096 86.9953 0.190364
6.1 3.04528 69.3032 86.9453 0.196756
6.2 3.0952 69.2967 86.8952 0.203254
6.3 3.14512 69.2901 86.8451 0.209857
6.4 3.19505 69.2834 86.795 0.216565
6.5 3.24497 69.2766 86.745 0.223378
6.6 3.29489 69.2697 86.6949 0.230296
6.7 3.34482 69.2627 86.6448 0.23732
6.8 3.39474 69.2556 86.5947 0.244449
6.9 3.44466 69.2483 86.5447 0.251682
7 3.49458 69.241 86.4946 0.259021
7.1 3.54451 69.2335 86.4445 0.266465
7.2 3.59443 69.226 86.3944 0.274014
7.3 3.64435 69.2183 86.3443 0.281668
7.4 3.69428 69.2106 86.2943 0.289427
7.5 3.7442 69.2027 86.2442 0.297291
7.6 3.79412 69.1947 86.1941 0.30526
7.7 3.84405 69.1867 86.144 0.313334
7.8 3.89397 69.1785 86.094 0.321513
7.9 3.94389 69.1702 86.0439 0.329796
8 3.99382 69.1618 85.9938 0.338185
8.1 4.04374 69.1533 85.9437 0.346678
8.2 4.09366 69.1447 85.8937 0.355276
8.3 4.14358 69.136 85.8436 0.363979
8.4 4.19351 69.1272 85.7935 0.372786
8.5 4.24343 69.1183 85.7434 0.381699
8.6 4.29335 69.1093 85.6933 0.390716
8.7 4.34328 69.1002 85.6433 0.399837
8.8 4.3932 69.0909 85.5932 0.409064
8.9 4.44312 69.0816 85.5431 0.418395
9 4.49305 69.0722 85.493 0.42783
9.1 4.54297 69.0626 85.443 0.43737
9.2 4.59289 69.053 85.3929 0.447015
9.3 4.64282 69.0432 85.3428 0.456764
9.4 4.69274 69.0334 85.2927 0.466617
9.5 4.74267 69.0234 85.2427 0.476575
9.6 4.79259 69.0134 85.1926 0.486638
9.7 4.84251 69.0032 85.1425 0.496804
9.8 4.89244 68.9929 85.0924 0.507076
9.9 4.94236 68.9825 85.0423 0.517451
10 4.99228 68.9721 84.9923 0.527931
10.1 5.04221 68.9615 84.9422 0.538514
10.2 5.09213 68.9508 84.8921 0.549203
10.3 5.14205 68.94 84.842 0.559995
10.4 5.19198 68.9291 84.792 0.570891
10.5 5.2419 68.9181 84.7419 0.581892
10.6 5.29183 68.907 84.6918 0.592997
10.7 5.34175 68.8958 84.6417 0.604205
10.8 5.39167 68.8845 84.5917 0.615518
10.9 5.4416 68.8731 84.5416 0.626935
11 5.49152 68.8615 84.4915 0.638455
11.1 5.54144 68.8499 84.4414 0.65008
11.2 5.59137 68.8382 84.3914 0.661808
11.3 5.64129 68.8264 84.3413 0.673641
11.4 5.69122 68.8144 84.2912 0.685577
11.5 5.74114 68.8024 84.2411 0.697617
11.6 5.79106 68.7902 84.1911 0.70976
11.7 5.84099 68.778 84.141 0.722007
11.8 5.89091 68.7656 84.0909 0.734358
11.9 5.94084 68.7532 84.0408 0.746813
12 5.99076 68.7406 83.9907 0.759371
12.1 6.04068 68.728 83.9407 0.772033
12.2 6.09061 68.7152 83.8906 0.784798
12.3 6.14053 68.7023 83.8405 0.797666
12.4 6.19046 68.6894 83.7904 0.810638
12.5 6.24038 68.6763 83.7404 0.823714
12.6 6.29031 68.6631 83.6903 0.836893
12.7 6.34023 68.6498 83.6402 0.850175
12.8 6.39015 68.6364 83.5901 0.86356
12.9 6.44008 68.623 83.5401 0.877049
13 6.49 68.6094 83.49 0.89064
13.1 6.53993 68.5957 83.4399 0.904335
13.2 6.58985 68.5819 83.3898 0.918133
13.3 6.63978 68.568 83.3398 0.932034
13.4 6.6897 68.554 83.2897 0.946038
13.5 6.73963 68.5399 83.2396 0.960145
13.6 6.78955 68.5256 83.1895 0.974355
13.7 6.83947 68.5113 83.1395 0.988668
13.8 6.8894 68.4969 83.0894 1.00308
13.9 6.93932 68.4824 83.0393 1.0176
14 6.98925 68.4678 82.9892 1.03222
14.1 7.03917 68.4531 82.9392 1.04695
14.2 7.0891 68.4382 82.8891 1.06177
14.3 7.13902 68.4233 82.839 1.0767
14.4 7.18895 68.4083 82.7889 1.09174
14.5 7.23887 68.3931 82.7389 1.10687
14.6 7.2888 68.3779 82.6888 1.12211
14.7 7.33872 68.3626 82.6387 1.13745
14.8 7.38865 68.3471 82.5886 1.15289
14.9 7.43857 68.3316 82.5386 1.16843
15 7.4885 68.3159 82.4885 1.18408
15.1 7.53842 68.3002 82.4384 1.19983
15.2 7.58835 68.2843 82.3883 1.21568
15.3 7.63827 68.2684 82.3383 1.23163
15.4 7.6882 68.2523 82.2882 1.24768
15.5 7.73812 68.2362 82.2381 1.26384
15.6 7.78805 68.2199 82.188 1.2801
15.7 7.83797 68.2035 82.138 1.29646
15.8 7.8879 68.1871 82.0879 1.31292
15.9 7.93783 68.1705 82.0378 1.32949
16 7.98775 68.1538 81.9877 1.34616
16.1 8.03768 68.1371 81.9377 1.36292
16.2 8.0876 68.1202 81.8876 1.37979
16.3 8.13753 68.1032 81.8375 1.39677
16.4 8.18745 68.0862 81.7874 1.41384
16.5 8.23738 68.069 81.7374 1.43101
16.6 8.2873 68.0517 81.6873 1.44829
16.7 8.33723 68.0343 81.6372 1.46567
16.8 8.38716 68.0169 81.5871 1.48315
16.9 8.43708 67.9993 81.5371 1.50073
17 8.48701 67.9816 81.487 1.51841
17.1 8.53693 67.9638 81.4369 1.53619
17.2 8.58686 67.9459 81.3868 1.55408
17.3 8.63678 67.9279 81.3368 1.57206
17.4 8.68671 67.9099 81.2867 1.59015
17.5 8.73664 67.8917 81.2366 1.60834
17.6 8.78656 67.8734 81.1865 1.62662
17.7 8.83649 67.855 81.1365 1.64501
17.8 8.88641 67.8365 81.0864 1.6635
17.9 8.93634 67.8179 81.0363 1.68209
18 8.98627 67.7992 80.9862 1.70079
18.1 9.03619 67.7804 80.9362 1.71958
18.2 9.08612 67.7615 80.8861 1.73847
18.3 9.13605 67.7425 80.836 1.75746
18.4 9.18597 67.7234 80.786 1.77656
18.5 9.2359 67.7042 80.7359 1.79575
18.6 9.28583 67.685 80.6858 1.81505
18.7 9.33575 67.6656 80.6357 1.83444
18.8 9.38568 67.6461 80.5857 1.85394
18.9 9.4356 67.6265 80.5356 1.87353
19 9.48553 67.6068 80.4855 1.89323
19.1 9.53546 67.587 80.4354 1.91303
19.2 9.58538 67.5671 80.3854 1.93292
19.3 9.63531 67.5471 80.3353 1.95292
19.4 9.68524 67.527 80.2852 1.97301
19.5 9.73517 67.5068 80.2351 1.99321
19.6 9.78509 67.4865 80.1851 2.0135
19.7 9.83502 67.4661 80.135 2.0339
19.8 9.88495 67.4456 80.0849 2.05439
19.9 9.93487 67.425 80.0349 2.07499
20 9.9848 67.4043 79.9848 2.09568
20.1 10.0347 67.3835 79.9347 2.11647
20.2 10.0847 67.3626 79.8846 2.13737
20.3 10.1346 67.3416 79.8346 2.15836
20.4 10.1845 67.3205 79.7845 2.17945
20.5 10.2344 67.2994 79.7344 2.20064
20.6 10.2844 67.2781 79.6843 2.22193
20.7 10.3343 67.2567 79.6343 2.24332
20.8 10.3842 67.2352 79.5842 2.26481
20.9 10.4341 67.2136 79.5341 2.28639
21 10.4841 67.1919 79.4841 2.30808
21.1 10.534 67.1701 79.434 2.32986
21.2 10.5839 67.1483 79.3839 2.35175
21.3 10.6339 67.1263 79.3338 2.37373
21.4 10.6838 67.1042 79.2838 2.39581
21.5 10.7337 67.082 79.2337 2.41799
21.6 10.7836 67.0597 79.1836 2.44027
21.7 10.8336 67.0374 79.1335 2.46264
21.8 10.8835 67.0149 79.0835 2.48512
21.9 10.9334 66.9923 79.0334 2.50769
22 10.9834 66.9696 78.9833 2.53036
22.1 11.0333 66.9469 78.9333 2.55313
22.2 11.0832 66.924 78.8832 2.576
22.3 11.1331 66.901 78.8331 2.59896
22.4 11.1831 66.878 78.783 2.62203
22.5 11.233 66.8548 78.733 2.64519
22.6 11.2829 66.8316 78.6829 2.66844
22.7 11.3328 66.8082 78.6328 2.6918
22.8 11.3828 66.7847 78.5828 2.71526
22.9 11.4327 66.7612 78.5327 2.73881
23 11.4826 66.7375 78.4826 2.76246
23.1 11.5326 66.7138 78.4325 2.7862
23.2 11.5825 66.69 78.3825 2.81005
23.3 11.6324 66.666 78.3324 2.83399
23.4 11.6824 66.642 78.2823 2.85803
23.5 11.7323 66.6178 78.2323 2.88216
23.6 11.7822 66.5936 78.1822 2.9064
23.7 11.8321 66.5693 78.1321 2.93072
23.8 11.8821 66.5448 78.082 2.95515
23.9 11.932 66.5203 78.032 2.97968
24 11.9819 66.4957 77.9819 3.0043
24.1 12.0319 66.471 77.9318 3.02901
24.2 12.0818 66.4462 77.8818 3.05383
24.3 12.1317 66.4213 77.8317 3.07874
24.4 12.1816 66.3963 77.7816 3.10374
24.5 12.2316 66.3712 77.7315 3.12885
24.6 12.2815 66.346 77.6815 3.15405
24.7 12.3314 66.3207 77.6314 3.17934
24.8 12.3814 66.2953 77.5813 3.20473
24.9 12.4313 66.2698 77.5313 3.23022
25 12.4812 66.2442 77.4812 3.2558
25.1 12.5311 66.2185 77.4311 3.28148
25.2 12.5811 66.1927 77.3811 3.30726
25.3 12.631 66.1669 77.331 3.33313
25.4 12.6809 66.1409 77.2809 3.3591
25.5 12.7309 66.1148 77.2308 3.38516
25.6 12.7808 66.0887 77.1808 3.41132
25.7 12.8307 66.0624 77.1307 3.43757
25.8 12.8807 66.0361 77.0806 3.46392
25.9 12.9306 66.0096 77.0306 3.49037
26 12.9805 65.9831 76.9805 3.51691
26.1 13.0304 65.9565 76.9304 3.54354
26.2 13.0804 65.9297 76.8804 3.57027
26.3 13.1303 65.9029 76.8303 3.5971
26.4 13.1802 65.876 76.7802 3.62402
26.5 13.2302 65.849 76.7301 3.65103
26.6 13.2801 65.8219 76.6801 3.67814
26.7 13.33 65.7947 76.63 3.70534
26.8 13.38 65.7674 76.5799 3.73264
26.9 13.4299 65.74 76.5299 3.76004
27 13.4798 65.7125 76.4798 3.78752
27.1 13.5298 65.6849 76.4297 3.81511
27.2 13.5797 65.6572 76.3797 3.84278
27.3 13.6296 65.6294 76.3296 3.87055
27.4 13.6795 65.6016 76.2795 3.89842
27.5 13.7295 65.5736 76.2295 3.92637
27.6 13.7794 65.5456 76.1794 3.95443
27.7 13.8293 65.5174 76.1293 3.98257
27.8 13.8793 65.4892 76.0792 4.01081
27.9 13.9292 65.4609 76.0292 4.03914
28 13.9791 65.4324 75.9791 4.06757
28.1 14.0291 65.4039 75.929 4.09609
28.2 14.079 65.3753 75.879 4.12471
28.3 14.1289 65.3466 75.8289 4.15341
28.4 14.1789 65.3178 75.7788 4.18221
28.5 14.2288 65.2889 75.7288 4.21111
28.6 14.2787 65.2599 75.6787 4.24009
28.7 14.3287 65.2308 75.6286 4.26917
28.8 14.3786 65.2017 75.5786 4.29834
28.9 14.4285 65.1724 75.5285 4.32761
29 14.4785 65.143 75.4784 4.35697
29.1 14.5284 65.1136 75.4284 4.38642
29.2 14.5783 65.084 75.3783 4.41596
29.3 14.6283 65.0544 75.3282 4.44559
29.4 14.6782 65.0247 75.2782 4.47532
29.5 14.7281 64.9949 75.2281 4.50514
29.6 14.778 64.9649 75.178 4.53505
29.7 14.828 64.9349 75.128 4.56505
29.8 14.8779 64.9048 75.0779 4.59515
29.9 14.9278 64.8747 75.0278 4.62534
30 14.9778 64.8444 74.9777 4.65562
30.1 15.0277 64.814 74.9277 4.68599
30.2 15.0776 64.7835 74.8776 4.71645
30.3 15.1276 64.753 74.8275 4.747
30.4 15.1775 64.7224 74.7775 4.77765
30.5 15.2274 64.6916 74.7274 4.80839
30.6 15.2774 64.6608 74.6773 4.83921
30.7 15.3273 64.6299 74.6273 4.87013
30.8 15.3772 64.5989 74.5772 4.90114
30.9 15.4272 64.5678 74.5271 4.93224
31 15.4771 64.5366 74.4771 4.96344
31.1 15.527 64.5053 74.427 4.99472
31.2 15.577 64.4739 74.3769 5.02609
31.3 15.6269 64.4424 74.3269 5.05756
31.4 15.6768 64.4109 74.2768 5.08911
31.5 15.7268 64.3792 74.2267 5.12075
31.6 15.7767 64.3475 74.1767 5.15249
31.7 15.8266 64.3157 74.1266 5.18431
31.8 15.8766 64.2838 74.0765 5.21623
31.9 15.9265 64.2518 74.0265 5.24823
32 15.9764 64.2197 73.9764 5.28033
32.1 16.0264 64.1875 73.9264 5.31251
32.2 16.0763 64.1552 73.8763 5.34479
32.3 16.1263 64.1228 73.8262 5.37715
32.4 16.1762 64.0904 73.7762 5.4096
32.5 16.2261 64.0579 73.7261 5.44215
32.6 16.2761 64.0252 73.676 5.47478
32.7 16.326 63.9925 73.626 5.5075
32.8 16.3759 63.9597 73.5759 5.54031
32.9 16.4259 63.9268 73.5258 5.57321
33 16.4758 63.8938 73.4758 5.6062
33.1 16.5257 63.8607 73.4257 5.63927
33.2 16.5757 63.8276 73.3756 5.67244
33.3 16.6256 63.7943 73.3256 5.70569
33.4 16.6755 63.761 73.2755 5.73904
33.5 16.7255 63.7275 73.2254 5.77247
33.6 16.7754 63.694 73.1754 5.80599
33.7 16.8253 63.6604 73.1253 5.83959
33.8 16.8753 63.6267 73.0752 5.87329
33.9 16.9252 63.5929 73.0252 5.90707
34 16.9751 63.5591 72.9751 5.94094
34.1 17.0251 63.5251 72.9251 5.9749
34.2 17.075 63.491 72.875 6.00895
34.3 17.125 63.4569 72.8249 6.04308
34.4 17.1749 63.4227 72.7749 6.07731
34.5 17.2248 63.3884 72.7248 6.11161
34.6 17.2748 63.354 72.6747 6.14601
34.7 17.3247 63.3195 72.6247 6.18049
34.8 17.3746 63.2849 72.5746 6.21506
34.9 17.4246 63.2503 72.5245 6.24972
35 17.4745 63.2155 72.4745 6.28447
35.1 17.5244 63.1807 72.4244 6.3193
35.2 17.5744 63.1458 72.3743 6.35421
35.3 17.6243 63.1108 72.3243 6.38922
35.4 17.6743 63.0757 72.2742 6.42431
35.5 17.7242 63.0405 72.2242 6.45949
35.6 17.7741 63.0053 72.1741 6.49475
35.7 17.8241 62.9699 72.124 6.5301
35.8 17.874 62.9345 72.074 6.56553
35.9 17.9239 62.8989 72.0239 6.60105
36 17.9739 62.8633 71.9738 6.63666
36.1 18.0238 62.8276 71.9238 6.67235
36.2 18.0738 62.7919 71.8737 6.70813
36.3 18.1237 62.756 71.8237 6.74399
36.4 18.1736 62.7201 71.7736 6.77994
36.5 18.2236 62.684 71.7235 6.81597
36.6 18.2735 62.6479 71.6735 6.85209
36.7 18.3234 62.6117 71.6234 6.8883
36.8 18.3734 62.5754 71.5733 6.92458
36.9 18.4233 62.539 71.5233 6.96096
37 18.4733 62.5026 71.4732 6.99742
37.1 18.5232 62.466 71.4232 7.03396
37.2 18.5731 62.4294 71.3731 7.07059
37.3 18.6231 62.3927 71.323 7.1073
37.4 18.673 62.3559 71.273 7.14409
37.5 18.7229 62.319 71.2229 7.18097
37.6 18.7729 62.2821 71.1728 7.21793
37.7 18.8228 62.245 71.1228 7.25498
37.8 18.8728 62.2079 71.0727 7.29211
37.9 18.9227 62.1707 71.0227 7.32933
38 18.9726 62.1334 70.9726 7.36663
38.1 19.0226 62.096 70.9225 7.40401
38.2 19.0725 62.0585 70.8725 7.44147
38.3 19.1225 62.021 70.8224 7.47902
38.4 19.1724 61.9833 70.7724 7.51665
38.5 19.2223 61.9456 70.7223 7.55437
38.6 19.2723 61.9078 70.6722 7.59216
38.7 19.3222 61.87 70.6222 7.63004
38.8 19.3721 61.832 70.5721 7.66801
38.9 19.4221 61.7939 70.5221 7.70605
39 19.472 61.7558 70.472 7.74418
39.1 19.522 61.7176 70.4219 7.78239
39.2 19.5719 61.6793 70.3719 7.82068
39.3 19.6218 61.6409 70.3218 7.85905
39.4 19.6718 61.6025 70.2718 7.89751
39.5 19.7217 61.564 70.2217 7.93605
39.6 19.7717 61.5253 70.1716 7.97466
39.7 19.8216 61.4866 70.1216 8.01337
39.8 19.8715 61.4479 70.0715 8.05215
39.9 19.9215 61.409 70.0215 8.09101
40 19.9714 61.37 69.9714 8.12996
40.1 20.0214 61.331 69.9213 8.16898
40.2 20.0713 61.2919 69.8713 8.20809
40.3 20.1213 61.2527 69.8212 8.24728
40.4 20.1712 61.2135 69.7712 8.28654
40.5 20.2211 61.1741 69.7211 8.32589
40.6 20.2711 61.1347 69.671 8.36532
40.7 20.321 61.0952 69.621 8.40483
40.8 20.371 61.0556 69.5709 8.44442
40.9 20.4209 61.0159 69.5209 8.48409
41 20.4708 60.9762 69.4708 8.52384
41.1 20.5208 60.9363 69.4207 8.56367
41.2 20.5707 60.8964 69.3707 8.60358
41.3 20.6207 60.8564 69.3206 8.64357
41.4 20.6706 60.8164 69.2706 8.68364
41.5 20.7205 60.7762 69.2205 8.72379
41.6 20.7705 60.736 69.1705 8.76402
41.7 20.8204 60.6957 69.1204 8.80432
41.8 20.8704 60.6553 69.0703 8.84471
41.9 20.9203 60.6148 69.0203 8.88517
42 20.9703 60.5743 68.9702 8.92572
42.1 21.0202 60.5337 68.9202 8.96634
42.2 21.0701 60.493 68.8701 9.00704
42.3 21.1201 60.4522 68.8201 9.04782
42.4 21.17 60.4113 68.77 9.08868
42.5 21.22 60.3704 68.7199 9.12961
42.6 21.2699 60.3294 68.6699 9.17063
42.7 21.3199 60.2883 68.6198 9.21172
42.8 21.3698 60.2471 68.5698 9.25289
42.9 21.4197 60.2059 68.5197 9.29413
43 21.4697 60.1645 68.4697 9.33546
43.1 21.5196 60.1231 68.4196 9.37686
43.2 21.5696 60.0817 68.3695 9.41834
43.3 21.6195 60.0401 68.3195 9.4599
43.4 21.6695 59.9985 68.2694 9.50153
43.5 21.7194 59.9568 68.2194 9.54324
43.6 21.7693 59.915 68.1693 9.58503
43.7 21.8193 59.8731 68.1193 9.62689
43.8 21.8692 59.8312 68.0692 9.66883
43.9 21.9192 59.7892 68.0191 9.71085
44 21.9691 59.7471 67.9691 9.75294
44.1 22.0191 59.7049 67.919 9.79511
44.2 22.069 59.6626 67.869 9.83736
44.3 22.119 59.6203 67.8189 9.87968
44.4 22.1689 59.5779 67.7689 9.92207
44.5 22.2188 59.5355 67.7188 9.96455
44.6 22.2688 59.4929 67.6688 10.0071
44.7 22.3187 59.4503 67.6187 10.0497
44.8 22.3687 59.4076 67.5686 10.0924
44.9 22.4186 59.3648 67.5186 10.1352
45 22.4686 59.322 67.4685 10.178
45.1 22.5185 59.279 67.4185 10.221
45.2 22.5685 59.236 67.3684 10.264
45.3 22.6184 59.193 67.3184 10.307
45.4 22.6684 59.1498 67.2683 10.3502
45.5 22.7183 59.1066 67.2183 10.3934
45.6 22.7682 59.0633 67.1682 10.4367
45.7 22.8182 59.0199 67.1182 10.4801
45.8 22.8681 58.9765 67.0681 10.5235
45.9 22.9181 58.933 67.018 10.567
46 22.968 58.8894 66.968 10.6106
46.1 23.018 58.8457 66.9179 10.6543
46.2 23.0679 58.802 66.8679 10.698
46.3 23.1179 58.7582 66.8178 10.7418
46.4 23.1678 58.7143 66.7678 10.7857
46.5 23.2178 58.6703 66.7177 10.8297
46.6 23.2677 58.6263 66.6677 10.8737
46.7 23.3177 58.5822 66.6176 10.9178
46.8 23.3676 58.538 66.5676 10.962
46.9 23.4175 58.4938 66.5175 11.0062
47 23.4675 58.4494 66.4675 11.0506
47.1 23.5174 58.4051 66.4174 11.0949
47.2 23.5674 58.3606 66.3674 11.1394
47.3 23.6173 58.316 66.3173 11.184
47.4 23.6673 58.2714 66.2672 11.2286
47.5 23.7172 58.2268 66.2172 11.2732
47.6 23.7672 58.182 66.1671 11.318
47.7 23.8171 58.1372 66.1171 11.3628
47.8 23.8671 58.0923 66.067 11.4077
47.9 23.917 58.0473 66.017 11.4527
48 23.967 58.0023 65.9669 11.4977
48.1 24.0169 57.9572 65.9169 11.5428
48.2 24.0669 57.912 65.8668 11.588
48.3 24.1168 57.8668 65.8168 11.6332
48.4 24.1668 57.8214 65.7667 11.6786
48.5 24.2167 57.776 65.7167 11.724
48.6 24.2667 57.7306 65.6666 11.7694
48.7 24.3166 57.6851 65.6166 11.8149
48.8 24.3666 57.6395 65.5665 11.8605
48.9 24.4165 57.5938 65.5165 11.9062
49 24.4665 57.5481 65.4664 11.9519
49.1 24.5164 57.5022 65.4164 11.9978
49.2 24.5664 57.4564 65.3663 12.0436
49.3 24.6163 57.4104 65.3163 12.0896
49.4 24.6662 57.3644 65.2662 12.1356
49.5 24.7162 57.3183 65.2162 12.1817
49.6 24.7661 57.2722 65.1661 12.2278
49.7 24.8161 57.2259 65.1161 12.2741
49.8 24.866 57.1797 65.066 12.3203
49.9 24.916 57.1333 65.016 12.3667
50 24.9659 57.0869 64.9659 12.4131
50.1 25.0159 57.0404 64.9159 12.4596
50.2 25.0658 56.9938 64.8658 12.5062
50.3 25.1158 56.9472 64.8158 12.5528
50.4 25.1657 56.9005 64.7657 12.5995
50.5 25.2157 56.8537 64.7157 12.6463
50.6 25.2657 56.8069 64.6656 12.6931
50.7 25.3156 56.76 64.6156 12.74
50.8 25.3656 56.713 64.5655 12.787
50.9 25.4155 56.666 64.5155 12.834
51 25.4655 56.6189 64.4654 12.8811
51.1 25.5154 56.5717 64.4154 12.9283
51.2 25.5654 56.5245 64.3653 12.9755
51.3 25.6153 56.4772 64.3153 13.0228
51.4 25.6653 56.4298 64.2652 13.0702
51.5 25.7152 56.3824 64.2152 13.1176
51.6 25.7652 56.3349 64.1651 13.1651
51.7 25.8151 56.2873 64.1151 13.2127
51.8 25.8651 56.2397 64.065 13.2603
51.9 25.915 56.192 64.015 13.308
52 25.965 56.1442 63.9649 13.3558
52.1 26.0149 56.0964 63.9149 13.4036
52.2 26.0649 56.0485 63.8648 13.4515
52.3 26.1148 56.0006 63.8148 13.4994
52.4 26.1648 55.9525 63.7647 13.5475
52.5 26.2147 55.9045 63.7147 13.5955
52.6 26.2647 55.8563 63.6647 13.6437
52.7 26.3146 55.8081 63.6146 13.6919
52.8 26.3646 55.7598 63.5646 13.7402
52.9 26.4145 55.7115 63.5145 13.7885
53 26.4645 55.6631 63.4645 13.8369
53.1 26.5145 55.6146 63.4144 13.8854
53.2 26.5644 55.5661 63.3644 13.9339
53.3 26.6144 55.5175 63.3143 13.9825
53.4 26.6643 55.4688 63.2643 14.0312
53.5 26.7143 55.4201 63.2142 14.0799
53.6 26.7642 55.3713 63.1642 14.1287
53.7 26.8142 55.3225 63.1141 14.1775
53.8 26.8641 55.2735 63.0641 14.2265
53.9 26.9141 55.2246 63.014 14.2754
54 26.964 55.1755 62.964 14.3245
54.1 27.014 55.1264 62.914 14.3736
54.2 27.0639 55.0773 62.8639 14.4227
54.3 27.1139 55.0281 62.8139 14.4719
54.4 27.1639 54.9788 62.7638 14.5212
54.5 27.2138 54.9294 62.7138 14.5706
54.6 27.2638 54.88 62.6637 14.62
54.7 27.3137 54.8306 62.6137 14.6694
54.8 27.3637 54.781 62.5636 14.719
54.9 27.4136 54.7314 62.5136 14.7686
55 27.4636 54.6818 62.4636 14.8182
55.1 27.5135 54.6321 62.4135 14.8679
55.2 27.5635 54.5823 62.3635 14.9177
55.3 27.6135 54.5325 62.3134 14.9675
55.4 27.6634 54.4826 62.2634 15.0174
55.5 27.7134 54.4326 62.2133 15.0674
55.6 27.7633 54.3826 62.1633 15.1174
55.7 27.8133 54.3325 62.1132 15.1675
55.8 27.8632 54.2824 62.0632 15.2176
55.9 27.9132 54.2322 62.0132 15.2678
56 27.9631 54.182 61.9631 15.318
56.1 28.0131 54.1316 61.9131 15.3684
56.2 28.0631 54.0813 61.863 15.4187
56.3 28.113 54.0308 61.813 15.4692
56.4 28.163 53.9804 61.7629 15.5196
56.5 28.2129 53.9298 61.7129 15.5702
56.6 28.2629 53.8792 61.6629 15.6208
56.7 28.3128 53.8285 61.6128 15.6715
56.8 28.3628 53.7778 61.5628 15.7222
56.9 28.4128 53.727 61.5127 15.773
57 28.4627 53.6762 61.4627 15.8238
57.1 28.5127 53.6253 61.4126 15.8747
57.2 28.5626 53.5744 61.3626 15.9256
57.3 28.6126 53.5234 61.3126 15.9766
57.4 28.6625 53.4723 61.2625 16.0277
57.5 28.7125 53.4212 61.2125 16.0788
57.6 28.7625 53.37 61.1624 16.13
57.7 28.8124 53.3187 61.1124 16.1813
57.8 28.8624 53.2675 61.0624 16.2325
57.9 28.9123 53.2161 61.0123 16.2839
58 28.9623 53.1647 60.9623 16.3353
58.1 29.0123 53.1132 60.9122 16.3868
58.2 29.0622 53.0617 60.8622 16.4383
58.3 29.1122 53.0101 60.8121 16.4899
58.4 29.1621 52.9585 60.7621 16.5415
58.5 29.2121 52.9068 60.7121 16.5932
58.6 29.2621 52.8551 60.662 16.6449
58.7 29.312 52.8033 60.612 16.6967
58.8 29.362 52.7514 60.5619 16.7486
58.9 29.4119 52.6995 60.5119 16.8005
59 29.4619 52.6476 60.4619 16.8524
59.1 29.5119 52.5956 60.4118 16.9044
59.2 29.5618 52.5435 60.3618 16.9565
59.3 29.6118 52.4914 60.3117 17.0086
59.4 29.6617 52.4392 60.2617 17.0608
59.5 29.7117 52.387 60.2117 17.113
59.6 29.7617 52.3347 60.1616 17.1653
59.7 29.8116 52.2823 60.1116 17.2177
59.8 29.8616 52.2299 60.0615 17.2701
59.9 29.9115 52.1775 60.0115 17.3225
60 29.9615 52.125 59.9615 17.375
60.1 30.0115 52.0724 59.9114 17.4276
60.2 30.0614 52.0198 59.8614 17.4802
60.3 30.1114 51.9672 59.8114 17.5328
60.4 30.1613 51.9145 59.7613 17.5855
60.5 30.2113 51.8617 59.7113 17.6383
60.6 30.2613 51.8089 59.6612 17.6911
60.7 30.3112 51.756 59.6112 17.744
60.8 30.3612 51.7031 59.5612 17.7969
60.9 30.4112 51.6502 59.5111 17.8498
61 30.4611 51.5971 59.4611 17.9029
61.1 30.5111 51.5441 59.4111 17.9559
61.2 30.561 51.4909 59.361 18.0091
61.3 30.611 51.4378 59.311 18.0622
61.4 30.661 51.3845 59.2609 18.1155
61.5 30.7109 51.3313 59.2109 18.1687
61.6 30.7609 51.2779 59.1609 18.2221
61.7 30.8109 51.2246 59.1108 18.2754
61.8 30.8608 51.1711 59.0608 18.3289
61.9 30.9108 51.1177 59.0108 18.3823
62 30.9607 51.0641 58.9607 18.4359
62.1 31.0107 51.0106 58.9107 18.4894
62.2 31.0607 50.9569 58.8606 18.5431
62.3 31.1106 50.9033 58.8106 18.5967
62.4 31.1606 50.8495 58.7606 18.6505
62.5 31.2106 50.7958 58.7105 18.7042
62.6 31.2605 50.7419 58.6605 18.7581
62.7 31.3105 50.6881 58.6105 18.8119
62.8 31.3605 50.6342 58.5604 18.8658
62.9 31.4104 50.5802 58.5104 18.9198
63 31.4604 50.5262 58.4604 18.9738
63.1 31.5104 50.4721 58.4103 19.0279
63.2 31.5603 50.418 58.3603 19.082
63.3 31.6103 50.3638 58.3103 19.1362
63.4 31.6602 50.3096 58.2602 19.1904
63.5 31.7102 50.2554 58.2102 19.2446
63.6 31.7602 50.2011 58.1602 19.2989
63.7 31.8101 50.1467 58.1101 19.3533
63.8 31.8601 50.0923 58.0601 19.4077
63.9 31.9101 50.0379 58.01 19.4621
64 31.96 49.9834 57.96 19.5166
64.1 32.01 49.9289 57.91 19.5711
64.2 32.06 49.8743 57.8599 19.6257
64.3 32.1099 49.8197 57.8099 19.6803
64.4 32.1599 49.765 57.7599 19.735
64.5 32.2099 49.7103 57.7098 19.7897
64.6 32.2598 49.6555 57.6598 19.8445
64.7 32.3098 49.6007 57.6098 19.8993
64.8 32.3598 49.5458 57.5597 19.9542
64.9 32.4097 49.4909 57.5097 20.0091
65 32.4597 49.436 57.4597 20.064
65.1 32.5097 49.381 57.4096 20.119
65.2 32.5596 49.326 57.3596 20.174
65.3 32.6096 49.2709 57.3096 20.2291
65.4 32.6596 49.2158 57.2596 20.2842
65.5 32.7095 49.1606 57.2095 20.3394
65.6 32.7595 49.1054 57.1595 20.3946
65.7 32.8095 49.0501 57.1095 20.4499
65.8 32.8594 48.9948 57.0594 20.5052
65.9 32.9094 48.9395 57.0094 20.5605
66 32.9594 48.8841 56.9594 20.6159
66.1 33.0094 48.8287 56.9093 20.6713
66.2 33.0593 48.7732 56.8593 20.7268
66.3 33.1093 48.7177 56.8093 20.7823
66.4 33.1593 48.6621 56.7592 20.8379
66.5 33.2092 48.6065 56.7092 20.8935
66.6 33.2592 48.5509 56.6592 20.9491
66.7 33.3092 48.4952 56.6091 21.0048
66.8 33.3591 48.4395 56.5591 21.0605
66.9 33.4091 48.3837 56.5091 21.1163
67 33.4591 48.3279 56.459 21.1721
67.1 33.509 48.2721 56.409 21.2279
67.2 33.559 48.2162 56.359 21.2838
67.3 33.609 48.1602 56.309 21.3398
67.4 33.659 48.1043 56.2589 21.3957
67.5 33.7089 48.0482 56.2089 21.4518
67.6 33.7589 47.9922 56.1589 21.5078
67.7 33.8089 47.9361 56.1088 21.5639
67.8 33.8588 47.88 56.0588 21.62
67.9 33.9088 47.8238 56.0088 21.6762
68 33.9588 47.7676 55.9588 21.7324
68.1 34.0087 47.7113 55.9087 21.7887
68.2 34.0587 47.655 55.8587 21.845
68.3 34.1087 47.5987 55.8087 21.9013
68.4 34.1587 47.5423 55.7586 21.9577
68.5 34.2086 47.4859 55.7086 22.0141
68.6 34.2586 47.4295 55.6586 22.0705
68.7 34.3086 47.373 55.6086 22.127
68.8 34.3585 47.3165 55.5585 22.1835
68.9 34.4085 47.2599 55.5085 22.2401
69 34.4585 47.2033 55.4585 22.2967
69.1 34.5085 47.1466 55.4084 22.3534
69.2 34.5584 47.09 55.3584 22.41
69.3 34.6084 47.0333 55.3084 22.4667
69.4 34.6584 46.9765 55.2584 22.5235
69.5 34.7084 46.9197 55.2083 22.5803
69.6 34.7583 46.8629 55.1583 22.6371
69.7 34.8083 46.806 55.1083 22.694
69.8 34.8583 46.7491 55.0583 22.7509
69.9 34.9082 46.6922 55.0082 22.8078
70 34.9582 46.6352 54.9582 22.8648
70.1 35.0082 46.5782 54.9082 22.9218
70.2 35.0582 46.5211 54.8581 22.9789
70.3 35.1081 46.4641 54.8081 23.0359
70.4 35.1581 46.4069 54.7581 23.0931
70.5 35.2081 46.3498 54.7081 23.1502
70.6 35.2581 46.2926 54.658 23.2074
70.7 35.308 46.2354 54.608 23.2646
70.8 35.358 46.1781 54.558 23.3219
70.9 35.408 46.1208 54.508 23.3792
71 35.458 46.0635 54.4579 23.4365
71.1 35.5079 46.0061 54.4079 23.4939
71.2 35.5579 45.9487 54.3579 23.5513
71.3 35.6079 45.8913 54.3079 23.6087
71.4 35.6579 45.8338 54.2578 23.6662
71.5 35.7078 45.7763 54.2078 23.7237
71.6 35.7578 45.7188 54.1578 23.7812
71.7 35.8078 45.6612 54.1078 23.8388
71.8 35.8578 45.6036 54.0577 23.8964
71.9 35.9077 45.546 54.0077 23.954
72 35.9577 45.4883 53.9577 24.0117
72.1 36.0077 45.4306 53.9077 24.0694
72.2 36.0577 45.3729 53.8576 24.1271
72.3 36.1076 45.3151 53.8076 24.1849
72.4 36.1576 45.2574 53.7576 24.2426
72.5 36.2076 45.1995 53.7076 24.3005
72.6 36.2576 45.1417 53.6576 24.3583
72.7 36.3075 45.0838 53.6075 24.4162
72.8 36.3575 45.0259 53.5575 24.4741
72.9 36.4075 44.9679 53.5075 24.5321
73 36.4575 44.9099 53.4575 24.5901
73.1 36.5075 44.8519 53.4074 24.6481
73.2 36.5574 44.7939 53.3574 24.7061
73.3 36.6074 44.7358 53.3074 24.7642
73.4 36.6574 44.6777 53.2574 24.8223
73.5 36.7074 44.6195 53.2073 24.8805
73.6 36.7573 44.5614 53.1573 24.9386
73.7 36.8073 44.5032 53.1073 24.9968
73.8 36.8573 44.4449 53.0573 25.0551
73.9 36.9073 44.3867 53.0073 25.1133
74 36.9573 44.3284 52.9572 25.1716
74.1 37.0072 44.2701 52.9072 25.2299
74.2 37.0572 44.2117 52.8572 25.2883
74.3 37.1072 44.1534 52.8072 25.3466
74.4 37.1572 44.095 52.7572 25.405
74.5 37.2072 44.0365 52.7071 25.4635
74.6 37.2571 43.9781 52.6571 25.5219
74.7 37.3071 43.9196 52.6071 25.5804
74.8 37.3571 43.8611 52.5571 25.6389
74.9 37.4071 43.8025 52.5071 25.6975
75 37.4571 43.744 52.457 25.756
75.1 37.507 43.6854 52.407 25.8146
75.2 37.557 43.6267 52.357 25.8733
75.3 37.607 43.5681 52.307 25.9319
75.4 37.657 43.5094 52.257 25.9906
75.5 37.707 43.4507 52.2069 26.0493
75.6 37.7569 43.392 52.1569 26.108
75.7 37.8069 43.3332 52.1069 26.1668
75.8 37.8569 43.2744 52.0569 26.2256
75.9 37.9069 43.2156 52.0069 26.2844
76 37.9569 43.1568 51.9568 26.3432
76.1 38.0068 43.0979 51.9068 26.4021
76.2 38.0568 43.039 51.8568 26.461
76.3 38.1068 42.9801 51.8068 26.5199
76.4 38.1568 42.9212 51.7568 26.5788
76.5 38.2068 42.8622 51.7067 26.6378
76.6 38.2567 42.8032 51.6567 26.6968
76.7 38.3067 42.7442 51.6067 26.7558
76.8 38.3567 42.6852 51.5567 26.8148
76.9 38.4067 42.6261 51.5067 26.8739
77 38.4567 42.567 51.4567 26.933
77.1 38.5067 42.5079 51.4066 26.9921
77.2 38.5566 42.4488 51.3566 27.0512
77.3 38.6066 42.3897 51.3066 27.1103
77.4 38.6566 42.3305 51.2566 27.1695
77.5 38.7066 42.2713 51.2066 27.2287
77.6 38.7566 42.2121 51.1566 27.2879
77.7 38.8066 42.1528 51.1065 27.3472
77.8 38.8565 42.0935 51.0565 27.4065
77.9 38.9065 42.0342 51.0065 27.4658
78 38.9565 41.9749 50.9565 27.5251
78.1 39.0065 41.9156 50.9065 27.5844
78.2 39.0565 41.8562 50.8565 27.6438
78.3 39.1065 41.7969 50.8064 27.7031
78.4 39.1564 41.7375 50.7564 27.7625
78.5 39.2064 41.678 50.7064 27.822
78.6 39.2564 41.6186 50.6564 27.8814
78.7 39.3064 41.5591 50.6064 27.9409
78.8 39.3564 41.4996 50.5564 28.0004
78.9 39.4064 41.4401 50.5064 28.0599
79 39.4564 41.3806 50.4563 28.1194
79.1 39.5063 41.3211 50.4063 28.1789
79.2 39.5563 41.2615 50.3563 28.2385
79.3 39.6063 41.2019 50.3063 28.2981
79.4 39.6563 41.1423 50.2563 28.3577
79.5 39.7063 41.0827 50.2063 28.4173
79.6 39.7563 41.023 50.1563 28.477
79.7 39.8062 40.9634 50.1062 28.5366
79.8 39.8562 40.9037 50.0562 28.5963
79.9 39.9062 40.844 50.0062 28.656
80 39.9562 40.7843 49.9562 28.7157
80.1 40.0062 40.7245 49.9062 28.7755
80.2 40.0562 40.6648 49.8562 28.8352
80.3 40.1062 40.605 49.8062 28.895
80.4 40.1562 40.5452 49.7561 28.9548
80.5 40.2061 40.4854 49.7061 29.0146
80.6 40.2561 40.4256 49.6561 29.0744
80.7 40.3061 40.3657 49.6061 29.1343
80.8 40.3561 40.3059 49.5561 29.1941
80.9 40.4061 40.246 49.5061 29.254
81 40.4561 40.1861 49.4561 29.3139
81.1 40.5061 40.1262 49.4061 29.3738
81.2 40.5561 40.0663 49.356 29.4337
81.3 40.606 40.0063 49.306 29.4937
81.4 40.656 39.9464 49.256 29.5536
81.5 40.706 39.8864 49.206 29.6136
81.6 40.756 39.8264 49.156 29.6736
81.7 40.806 39.7664 49.106 29.7336
81.8 40.856 39.7064 49.056 29.7936
81.9 40.906 39.6463 49.006 29.8537
82 40.956 39.5863 48.956 29.9137
82.1 41.006 39.5262 48.9059 29.9738
82.2 41.0559 39.4661 48.8559 30.0339
82.3 41.1059 39.406 48.8059 30.094
82.4 41.1559 39.3459 48.7559 30.1541
82.5 41.2059 39.2858 48.7059 30.2142
82.6 41.2559 39.2256 48.6559 30.2744
82.7 41.3059 39.1655 48.6059 30.3345
82.8 41.3559 39.1053 48.5559 30.3947
82.9 41.4059 39.0452 48.5059 30.4548
83 41.4559 38.985 48.4559 30.515
83.1 41.5059 38.9248 48.4058 30.5752
83.2 41.5558 38.8645 48.3558 30.6355
83.3 41.6058 38.8043 48.3058 30.6957
83.4 41.6558 38.7441 48.2558 30.7559
83.5 41.7058 38.6838 48.2058 30.8162
83.6 41.7558 38.6235 48.1558 30.8765
83.7 41.8058 38.5633 48.1058 30.9367
83.8 41.8558 38.503 48.0558 30.997
83.9 41.9058 38.4427 48.0058 31.0573
84 41.9558 38.3824 47.9558 31.1176
84.1 42.0058 38.322 47.9058 31.178
84.2 42.0558 38.2617 47.8558 31.2383
84.3 42.1057 38.2014 47.8057 31.2986
84.4 42.1557 38.141 47.7557 31.359
84.5 42.2057 38.0806 47.7057 31.4194
84.6 42.2557 38.0203 47.6557 31.4797
84.7 42.3057 37.9599 47.6057 31.5401
84.8 42.3557 37.8995 47.5557 31.6005
84.9 42.4057 37.8391 47.5057 31.6609
85 42.4557 37.7787 47.4557 31.7213
85.1 42.5057 37.7182 47.4057 31.7818
85.2 42.5557 37.6578 47.3557 31.8422
85.3 42.6057 37.5974 47.3057 31.9026
85.4 42.6557 37.5369 47.2557 31.9631
85.5 42.7057 37.4765 47.2057 32.0235
85.6 42.7557 37.416 47.1557 32.084
85.7 42.8057 37.3555 47.1056 32.1445
85.8 42.8556 37.295 47.0556 32.205
85.9 42.9056 37.2345 47.0056 32.2655
86 42.9556 37.174 46.9556 32.326
86.1 43.0056 37.1135 46.9056 32.3865
86.2 43.0556 37.053 46.8556 32.447
86.3 43.1056 36.9925 46.8056 32.5075
86.4 43.1556 36.932 46.7556 32.568
86.5 43.2056 36.8714 46.7056 32.6286
86.6 43.2556 36.8109 46.6556 32.6891
86.7 43.3056 36.7503 46.6056 32.7497
86.8 43.3556 36.6898 46.5556 32.8102
86.9 43.4056 36.6292 46.5056 32.8708
87 43.4556 36.5687 46.4556 32.9313
87.1 43.5056 36.5081 46.4056 32.9919
87.2 43.5556 36.4475 46.3556 33.0525
87.3 43.6056 36.3869 46.3056 33.1131
87.4 43.6556 36.3264 46.2556 33.1736
87.5 43.7056 36.2658 46.2056 33.2342
87.6 43.7556 36.2052 46.1556 33.2948
87.7 43.8056 36.1446 46.1056 33.3554
87.8 43.8556 36.084 46.0556 33.416
87.9 43.9056 36.0234 46.0056 33.4766
88 43.9556 35.9628 45.9556 33.5372
88.1 44.0056 35.9021 45.9055 33.5979
88.2 44.0555 35.8415 45.8555 33.6585
88.3 44.1055 35.7809 45.8055 33.7191
88.4 44.1555 35.7203 45.7555 33.7797
88.5 44.2055 35.6596 45.7055 33.8404
88.6 44.2555 35.599 45.6555 33.901
88.7 44.3055 35.5384 45.6055 33.9616
88.8 44.3555 35.4777 45.5555 34.0223
88.9 44.4055 35.4171 45.5055 34.0829
89 44.4555 35.3565 45.4555 34.1435
89.1 44.5055 35.2958 45.4055 34.2042
89.2 44.5555 35.2352 45.3555 34.2648
89.3 44.6055 35.1745 45.3055 34.3255
89.4 44.6555 35.1139 45.2555 34.3861
89.5 44.7055 35.0532 45.2055 34.4468
89.6 44.7555 34.9926 45.1555 34.5074
89.7 44.8055 34.9319 45.1055 34.5681
89.8 44.8555 34.8713 45.0555 34.6287
89.9 44.9055 34.8107 45.0055 34.6893
90 44.9555 34.75 44.9555 34.75
90.1 45.0055 34.6893 44.9055 34.8107
90.2 45.0555 34.6287 44.8555 34.8713
90.3 45.1055 34.5681 44.8055 34.9319
90.4 45.1555 34.5074 44.7555 34.9926
90.5 45.2055 34.4468 44.7055 35.0532
90.6 45.2555 34.3861 44.6555 35.1139
90.7 45.3055 34.3255 44.6055 35.1745
90.8 45.3555 34.2648 44.5555 35.2352
90.9 45.4055 34.2042 44.5055 35.2958
91 45.4555 34.1435 44.4555 35.3565
91.1 45.5055 34.0829 44.4055 35.4171
91.2 45.5555 34.0223 44.3555 35.4777
91.3 45.6055 33.9616 44.3055 35.5384
91.4 45.6555 33.901 44.2555 35.599
91.5 45.7055 33.8404 44.2055 35.6596
91.6 45.7555 33.7797 44.1555 35.7203
91.7 45.8055 33.7191 44.1055 35.7809
91.8 45.8555 33.6585 44.0555 35.8415
91.9 45.9055 33.5979 44.0056 35.9021
92 45.9556 33.5372 43.9556 35.9628
92.1 46.0056 33.4766 43.9056 36.0234
92.2 46.0556 33.416 43.8556 36.084
92.3 46.1056 33.3554 43.8056 36.1446
92.4 46.1556 33.2948 43.7556 36.2052
92.5 46.2056 33.2342 43.7056 36.2658
92.6 46.2556 33.1736 43.6556 36.3264
92.7 46.3056 33.1131 43.6056 36.3869
92.8 46.3556 33.0525 43.5556 36.4475
92.9 46.4056 32.9919 43.5056 36.5081
93 46.4556 32.9313 43.4556 36.5687
93.1 46.5056 32.8708 43.4056 36.6292
93.2 46.5556 32.8102 43.3556 36.6898
93.3 46.6056 32.7497 43.3056 36.7503
93.4 46.6556 32.6891 43.2556 36.8109
93.5 46.7056 32.6286 43.2056 36.8714
93.6 46.7556 32.568 43.1556 36.932
93.7 46.8056 32.5075 43.1056 36.9925
93.8 46.8556 32.447 43.0556 37.053
93.9 46.9056 32.3865 43.0056 37.1135
94 46.9556 32.326 42.9556 37.174
94.1 47.0056 32.2655 42.9056 37.2345
94.2 47.0556 32.205 42.8556 37.295
94.3 47.1056 32.1445 42.8057 37.3555
94.4 47.1557 32.084 42.7557 37.416
94.5 47.2057 32.0235 42.7057 37.4765
94.6 47.2557 31.9631 42.6557 37.5369
94.7 47.3057 31.9026 42.6057 37.5974
94.8 47.3557 31.8422 42.5557 37.6578
94.9 47.4057 31.7818 42.5057 37.7182
95 47.4557 31.7213 42.4557 37.7787
95.1 47.5057 31.6609 42.4057 37.8391
95.2 47.5557 31.6005 42.3557 37.8995
95.3 47.6057 31.5401 42.3057 37.9599
95.4 47.6557 31.4797 42.2557 38.0203
95.5 47.7057 31.4194 42.2057 38.0806
95.6 47.7557 31.359 42.1557 38.141
95.7 47.8057 31.2986 42.1057 38.2014
95.8 47.8558 31.2383 42.0558 38.2617
95.9 47.9058 31.178 42.0058 38.322
96 47.9558 31.1176 41.9558 38.3824
96.1 48.0058 31.0573 41.9058 38.4427
96.2 48.0558 30.997 41.8558 38.503
96.3 48.1058 30.9367 41.8058 38.5633
96.4 48.1558 30.8765 41.7558 38.6235
96.5 48.2058 30.8162 41.7058 38.6838
96.6 48.2558 30.7559 41.6558 38.7441
96.7 48.3058 30.6957 41.6058 38.8043
96.8 48.3558 30.6355 41.5558 38.8645
96.9 48.4058 30.5752 41.5059 38.9248
97 48.4559 30.515 41.4559 38.985
97.1 48.5059 30.4548 41.4059 39.0452
97.2 48.5559 30.3947 41.3559 39.1053
97.3 48.6059 30.3345 41.3059 39.1655
97.4 48.6559 30.2744 41.2559 39.2256
97.5 48.7059 30.2142 41.2059 39.2858
97.6 48.7559 30.1541 41.1559 39.3459
97.7 48.8059 30.094 41.1059 39.406
97.8 48.8559 30.0339 41.0559 39.4661
97.9 48.9059 29.9738 41.006 39.5262
98 48.956 29.9137 40.956 39.5863
98.1 49.006 29.8537 40.906 39.6463
98.2 49.056 29.7936 40.856 39.7064
98.3 49.106 29.7336 40.806 39.7664
98.4 49.156 29.6736 40.756 39.8264
98.5 49.206 29.6136 40.706 39.8864
98.6 49.256 29.5536 40.656 39.9464
98.7 49.306 29.4937 40.606 40.0063
98.8 49.356 29.4337 40.5561 40.0663
98.9 49.4061 29.3738 40.5061 40.1262
99 49.4561 29.3139 40.4561 40.1861
99.1 49.5061 29.254 40.4061 40.246
99.2 49.5561 29.1941 40.3561 40.3059
99.3 49.6061 29.1343 40.3061 40.3657
99.4 49.6561 29.0744 40.2561 40.4256
99.5 49.7061 29.0146 40.2061 40.4854
99.6 49.7561 28.9548 40.1562 40.5452
99.7 49.8062 28.895 40.1062 40.605
99.8 49.8562 28.8352 40.0562 40.6648
99.9 49.9062 28.7755 40.0062 40.7245
100 49.9562 28.7157 39.9562 40.7843
100.1 50.0062 28.656 39.9062 40.844
100.2 50.0562 28.5963 39.8562 40.9037
100.3 50.1062 28.5366 39.8062 40.9634
100.4 50.1563 28.477 39.7563 41.023
100.5 50.2063 28.4173 39.7063 41.0827
100.6 50.2563 28.3577 39.6563 41.1423
100.7 50.3063 28.2981 39.6063 41.2019
100.8 50.3563 28.2385 39.5563 41.2615
100.9 50.4063 28.1789 39.5063 41.3211
101 50.4563 28.1194 39.4564 41.3806
101.1 50.5064 28.0599 39.4064 41.4401
101.2 50.5564 28.0004 39.3564 41.4996
101.3 50.6064 27.9409 39.3064 41.5591
101.4 50.6564 27.8814 39.2564 41.6186
101.5 50.7064 27.822 39.2064 41.678
101.6 50.7564 27.7625 39.1564 41.7375
101.7 50.8064 27.7031 39.1065 41.7969
101.8 50.8565 27.6438 39.0565 41.8562
101.9 50.9065 27.5844 39.0065 41.9156
102 50.9565 27.5251 38.9565 41.9749
102.1 51.0065 27.4658 38.9065 42.0342
102.2 51.0565 27.4065 38.8565 42.0935
102.3 51.1065 27.3472 38.8066 42.1528
102.4 51.1566 27.2879 38.7566 42.2121
102.5 51.2066 27.2287 38.7066 42.2713
102.6 51.2566 27.1695 38.6566 42.3305
102.7 51.3066 27.1103 38.6066 42.3897
102.8 51.3566 27.0512 38.5566 42.4488
102.9 51.4066 26.9921 38.5067 42.5079
103 51.4567 26.933 38.4567 42.567
103.1 51.5067 26.8739 38.4067 42.6261
103.2 51.5567 26.8148 38.3567 42.6852
103.3 51.6067 26.7558 38.3067 42.7442
103.4 51.6567 26.6968 38.2567 42.8032
103.5 51.7067 26.6378 38.2068 42.8622
103.6 51.7568 26.5788 38.1568 42.9212
103.7 51.8068 26.5199 38.1068 42.9801
103.8 51.8568 26.461 38.0568 43.039
103.9 51.9068 26.4021 38.0068 43.0979
104 51.9568 26.3432 37.9569 43.1568
104.1 52.0069 26.2844 37.9069 43.2156
104.2 52.0569 26.2256 37.8569 43.2744
104.3 52.1069 26.1668 37.8069 43.3332
104.4 52.1569 26.108 37.7569 43.392
104.5 52.2069 26.0493 37.707 43.4507
104.6 52.257 25.9906 37.657 43.5094
104.7 52.307 25.9319 37.607 43.5681
104.8 52.357 25.8733 37.557 43.6267
104.9 52.407 25.8146 37.507 43.6854
105 52.457 25.756 37.4571 43.744
105.1 52.5071 25.6975 37.4071 43.8025
105.2 52.5571 25.6389 37.3571 43.8611
105.3 52.6071 25.5804 37.3071 43.9196
105.4 52.6571 25.5219 37.2571 43.9781
105.5 52.7071 25.4635 37.2072 44.0365
105.6 52.7572 25.405 37.1572 44.095
105.7 52.8072 25.3466 37.1072 44.1534
105.8 52.8572 25.2883 37.0572 44.2117
105.9 52.9072 25.2299 37.0072 44.2701
106 52.9572 25.1716 36.9573 44.3284
106.1 53.0073 25.1133 36.9073 44.3867
106.2 53.0573 25.0551 36.8573 44.4449
106.3 53.1073 24.9968 36.8073 44.5032
106.4 53.1573 24.9386 36.7573 44.5614
106.5 53.2073 24.8805 36.7074 44.6195
106.6 53.2574 24.8223 36.6574 44.6777
106.7 53.3074 24.7642 36.6074 44.7358
106.8 53.3574 24.7061 36.5574 44.7939
106.9 53.4074 24.6481 36.5075 44.8519
107 53.4575 24.5901 36.4575 44.9099
107.1 53.5075 24.5321 36.4075 44.9679
107.2 53.5575 24.4741 36.3575 45.0259
107.3 53.6075 24.4162 36.3075 45.0838
107.4 53.6576 24.3583 36.2576 45.1417
107.5 53.7076 24.3005 36.2076 45.1995
107.6 53.7576 24.2426 36.1576 45.2574
107.7 53.8076 24.1849 36.1076 45.3151
107.8 53.8576 24.1271 36.0577 45.3729
107.9 53.9077 24.0694 36.0077 45.4306
108 53.9577 24.0117 35.9577 45.4883
108.1 54.0077 23.954 35.9077 45.546
108.2 54.0577 23.8964 35.8578 45.6036
108.3 54.1078 23.8388 35.8078 45.6612
108.4 54.1578 23.7812 35.7578 45.7188
108.5 54.2078 23.7237 35.7078 45.7763
108.6 54.2578 23.6662 35.6579 45.8338
108.7 54.3079 23.6087 35.6079 45.8913
108.8 54.3579 23.5513 35.5579 45.9487
108.9 54.4079 23.4939 35.5079 46.0061
109 54.4579 23.4365 35.458 46.0635
109.1 54.508 23.3792 35.408 46.1208
109.2 54.558 23.3219 35.358 46.1781
109.3 54.608 23.2646 35.308 46.2354
109.4 54.658 23.2074 35.2581 46.2926
109.5 54.7081 23.1502 35.2081 46.3498
109.6 54.7581 23.0931 35.1581 46.4069
109.7 54.8081 23.0359 35.1081 46.4641
109.8 54.8581 22.9789 35.0582 46.5211
109.9 54.9082 22.9218 35.0082 46.5782
110 54.9582 22.8648 34.9582 46.6352
110.1 55.0082 22.8078 34.9082 46.6922
110.2 55.0583 22.7509 34.8583 46.7491
110.3 55.1083 22.694 34.8083 46.806
110.4 55.1583 22.6371 34.7583 46.8629
110.5 55.2083 22.5803 34.7084 46.9197
110.6 55.2584 22.5235 34.6584 46.9765
110.7 55.3084 22.4667 34.6084 47.0333
110.8 55.3584 22.41 34.5584 47.09
110.9 55.4084 22.3534 34.5085 47.1466
111 55.4585 22.2967 34.4585 47.2033
111.1 55.5085 22.2401 34.4085 47.2599
111.2 55.5585 22.1835 34.3585 47.3165
111.3 55.6086 22.127 34.3086 47.373
111.4 55.6586 22.0705 34.2586 47.4295
111.5 55.7086 22.0141 34.2086 47.4859
111.6 55.7586 21.9577 34.1587 47.5423
111.7 55.8087 21.9013 34.1087 47.5987
111.8 55.8587 21.845 34.0587 47.655
111.9 55.9087 21.7887 34.0087 47.7113
112 55.9588 21.7324 33.9588 47.7676
112.1 56.0088 21.6762 33.9088 47.8238
112.2 56.0588 21.62 33.8588 47.88
112.3 56.1088 21.5639 33.8089 47.9361
112.4 56.1589 21.5078 33.7589 47.9922
112.5 56.2089 21.4518 33.7089 48.0482
112.6 56.2589 21.3957 33.659 48.1043
112.7 56.309 21.3398 33.609 48.1602
112.8 56.359 21.2838 33.559 48.2162
112.9 56.409 21.2279 33.509 48.2721
113 56.459 21.1721 33.4591 48.3279
113.1 56.5091 21.1163 33.4091 48.3837
113.2 56.5591 21.0605 33.3591 48.4395
113.3 56.6091 21.0048 33.3092 48.4952
113.4 56.6592 20.9491 33.2592 48.5509
113.5 56.7092 20.8935 33.2092 48.6065
113.6 56.7592 20.8379 33.1593 48.6621
113.7 56.8093 20.7823 33.1093 48.7177
113.8 56.8593 20.7268 33.0593 48.7732
113.9 56.9093 20.6713 33.0094 48.8287
114 56.9594 20.6159 32.9594 48.8841
114.1 57.0094 20.5605 32.9094 48.9395
114.2 57.0594 20.5052 32.8594 48.9948
114.3 57.1095 20.4499 32.8095 49.0501
114.4 57.1595 20.3946 32.7595 49.1054
114.5 57.2095 20.3394 32.7095 49.1606
114.6 57.2596 20.2842 32.6596 49.2158
114.7 57.3096 20.2291 32.6096 49.2709
114.8 57.3596 20.174 32.5596 49.326
114.9 57.4096 20.119 32.5097 49.381
115 57.4597 20.064 32.4597 49.436
115.1 57.5097 20.0091 32.4097 49.4909
115.2 57.5597 19.9542 32.3598 49.5458
115.3 57.6098 19.8993 32.3098 49.6007
115.4 57.6598 19.8445 32.2598 49.6555
115.5 57.7098 19.7897 32.2099 49.7103
115.6 57.7599 19.735 32.1599 49.765
115.7 57.8099 19.6803 32.1099 49.8197
115.8 57.8599 19.6257 32.06 49.8743
115.9 57.91 19.5711 32.01 49.9289
116 57.96 19.5166 31.96 49.9834
116.1 58.01 19.4621 31.9101 50.0379
116.2 58.0601 19.4077 31.8601 50.0923
116.3 58.1101 19.3533 31.8101 50.1467
116.4 58.1602 19.2989 31.7602 50.2011
116.5 58.2102 19.2446 31.7102 50.2554
116.6 58.2602 19.1904 31.6602 50.3096
116.7 58.3103 19.1362 31.6103 50.3638
116.8 58.3603 19.082 31.5603 50.418
116.9 58.4103 19.0279 31.5104 50.4721
117 58.4604 18.9738 31.4604 50.5262
117.1 58.5104 18.9198 31.4104 50.5802
117.2 58.5604 18.8658 31.3605 50.6342
117.3 58.6105 18.8119 31.3105 50.6881
117.4 58.6605 18.7581 31.2605 50.7419
117.5 58.7105 18.7042 31.2106 50.7958
117.6 58.7606 18.6505 31.1606 50.8495
117.7 58.8106 18.5967 31.1106 50.9033
117.8 58.8606 18.5431 31.0607 50.9569
117.9 58.9107 18.4894 31.0107 51.0106
118 58.9607 18.4359 30.9607 51.0641
118.1 59.0108 18.3823 30.9108 51.1177
118.2 59.0608 18.3289 30.8608 51.1711
118.3 59.1108 18.2754 30.8109 51.2246
118.4 59.1609 18.2221 30.7609 51.2779
118.5 59.2109 18.1687 30.7109 51.3313
118.6 59.2609 18.1155 30.661 51.3845
118.7 59.311 18.0622 30.611 51.4378
118.8 59.361 18.0091 30.561 51.4909
118.9 59.4111 17.9559 30.5111 51.5441
119 59.4611 17.9029 30.4611 51.5971
119.1 59.5111 17.8498 30.4112 51.6502
119.2 59.5612 17.7969 30.3612 51.7031
119.3 59.6112 17.744 30.3112 51.756
119.4 59.6612 17.6911 30.2613 51.8089
119.5 59.7113 17.6383 30.2113 51.8617
119.6 59.7613 17.5855 30.1613 51.9145
119.7 59.8114 17.5328 30.1114 51.9672
119.8 59.8614 17.4802 30.0614 52.0198
119.9 59.9114 17.4276 30.0115 52.0724
120 59.9615 17.375 29.9615 52.125
120.1 60.0115 17.3225 29.9115 52.1775
120.2 60.0615 17.2701 29.8616 52.2299
120.3 60.1116 17.2177 29.8116 52.2823
120.4 60.1616 17.1653 29.7617 52.3347
120.5 60.2117 17.113 29.7117 52.387
120.6 60.2617 17.0608 29.6617 52.4392
120.7 60.3117 17.0086 29.6118 52.4914
120.8 60.3618 16.9565 29.5618 52.5435
120.9 60.4118 16.9044 29.5119 52.5956
121 60.4619 16.8524 29.4619 52.6476
121.1 60.5119 16.8005 29.4119 52.6995
121.2 60.5619 16.7486 29.362 52.7514
121.3 60.612 16.6967 29.312 52.8033
121.4 60.662 16.6449 29.2621 52.8551
121.5 60.7121 16.5932 29.2121 52.9068
121.6 60.7621 16.5415 29.1621 52.9585
121.7 60.8121 16.4899 29.1122 53.0101
121.8 60.8622 16.4383 29.0622 53.0617
121.9 60.9122 16.3868 29.0123 53.1132
122 60.9623 16.3353 28.9623 53.1647
122.1 61.0123 16.2839 28.9123 53.2161
122.2 61.0624 16.2325 28.8624 53.2675
122.3 61.1124 16.1813 28.8124 53.3187
122.4 61.1624 16.13 28.7625 53.37
122.5 61.2125 16.0788 28.7125 53.4212
122.6 61.2625 16.0277 28.6625 53.4723
122.7 61.3126 15.9766 28.6126 53.5234
122.8 61.3626 15.9256 28.5626 53.5744
122.9 61.4126 15.8747 28.5127 53.6253
123 61.4627 15.8238 28.4627 53.6762
123.1 61.5127 15.773 28.4128 53.727
123.2 61.5628 15.7222 28.3628 53.7778
123.3 61.6128 15.6715 28.3128 53.8285
123.4 61.6629 15.6208 28.2629 53.8792
123.5 61.7129 15.5702 28.2129 53.9298
123.6 61.7629 15.5196 28.163 53.9804
123.7 61.813 15.4692 28.113 54.0308
123.8 61.863 15.4187 28.0631 54.0813
123.9 61.9131 15.3684 28.0131 54.1316
124 61.9631 15.318 27.9631 54.182
124.1 62.0132 15.2678 27.9132 54.2322
124.2 62.0632 15.2176 27.8632 54.2824
124.3 62.1132 15.1675 27.8133 54.3325
124.4 62.1633 15.1174 27.7633 54.3826
124.5 62.2133 15.0674 27.7134 54.4326
124.6 62.2634 15.0174 27.6634 54.4826
124.7 62.3134 14.9675 27.6135 54.5325
124.8 62.3635 14.9177 27.5635 54.5823
124.9 62.4135 14.8679 27.5135 54.6321
125 62.4636 14.8182 27.4636 54.6818
125.1 62.5136 14.7686 27.4136 54.7314
125.2 62.5636 14.719 27.3637 54.781
125.3 62.6137 14.6694 27.3137 54.8306
125.4 62.6637 14.62 27.2638 54.88
125.5 62.7138 14.5706 27.2138 54.9294
125.6 62.7638 14.5212 27.1639 54.9788
125.7 62.8139 14.4719 27.1139 55.0281
125.8 62.8639 14.4227 27.0639 55.0773
125.9 62.914 14.3736 27.014 55.1264
126 62.964 14.3245 26.964 55.1755
126.1 63.014 14.2754 26.9141 55.2246
126.2 63.0641 14.2265 26.8641 55.2735
126.3 63.1141 14.1775 26.8142 55.3225
126.4 63.1642 14.1287 26.7642 55.3713
126.5 63.2142 14.0799 26.7143 55.4201
126.6 63.2643 14.0312 26.6643 55.4688
126.7 63.3143 13.9825 26.6144 55.5175
126.8 63.3644 13.9339 26.5644 55.5661
126.9 63.4144 13.8854 26.5145 55.6146
127 63.4645 13.8369 26.4645 55.6631
127.1 63.5145 13.7885 26.4145 55.7115
127.2 63.5646 13.7402 26.3646 55.7598
127.3 63.6146 13.6919 26.3146 55.8081
127.4 63.6647 13.6437 26.2647 55.8563
127.5 63.7147 13.5955 26.2147 55.9045
127.6 63.7647 13.5475 26.1648 55.9525
127.7 63.8148 13.4994 26.1148 56.0006
127.8 63.8648 13.4515 26.0649 56.0485
127.9 63.9149 13.4036 26.0149 56.0964
128 63.9649 13.3558 25.965 56.1442
128.1 64.015 13.308 25.915 56.192
128.2 64.065 13.2603 25.8651 56.2397
128.3 64.1151 13.2127 25.8151 56.2873
128.4 64.1651 13.1651 25.7652 56.3349
128.5 64.2152 13.1176 25.7152 56.3824
128.6 64.2652 13.0702 25.6653 56.4298
128.7 64.3153 13.0228 25.6153 56.4772
128.8 64.3653 12.9755 25.5654 56.5245
128.9 64.4154 12.9283 25.5154 56.5717
129 64.4654 12.8811 25.4655 56.6189
129.1 64.5155 12.834 25.4155 56.666
129.2 64.5655 12.787 25.3656 56.713
129.3 64.6156 12.74 25.3156 56.76
129.4 64.6656 12.6931 25.2657 56.8069
129.5 64.7157 12.6463 25.2157 56.8537
129.6 64.7657 12.5995 25.1657 56.9005
129.7 64.8158 12.5528 25.1158 56.9472
129.8 64.8658 12.5062 25.0658 56.9938
129.9 64.9159 12.4596 25.0159 57.0404
130 64.9659 12.4131 24.9659 57.0869
130.1 65.016 12.3667 24.916 57.1333
130.2 65.066 12.3203 24.866 57.1797
130.3 65.1161 12.2741 24.8161 57.2259
130.4 65.1661 12.2278 24.7661 57.2722
130.5 65.2162 12.1817 24.7162 57.3183
130.6 65.2662 12.1356 24.6662 57.3644
130.7 65.3163 12.0896 24.6163 57.4104
130.8 65.3663 12.0436 24.5664 57.4564
130.9 65.4164 11.9978 24.5164 57.5022
131 65.4664 11.9519 24.4665 57.5481
131.1 65.5165 11.9062 24.4165 57.5938
131.2 65.5665 11.8605 24.3666 57.6395
131.3 65.6166 11.8149 24.3166 57.6851
131.4 65.6666 11.7694 24.2667 57.7306
131.5 65.7167 11.724 24.2167 57.776
131.6 65.7667 11.6786 24.1668 57.8214
131.7 65.8168 11.6332 24.1168 57.8668
131.8 65.8668 11.588 24.0669 57.912
131.9 65.9169 11.5428 24.0169 57.9572
132 65.9669 11.4977 23.967 58.0023
132.1 66.017 11.4527 23.917 58.0473
132.2 66.067 11.4077 23.8671 58.0923
132.3 66.1171 11.3628 23.8171 58.1372
132.4 66.1671 11.318 23.7672 58.182
132.5 66.2172 11.2732 23.7172 58.2268
132.6 66.2672 11.2286 23.6673 58.2714
132.7 66.3173 11.184 23.6173 58.316
132.8 66.3674 11.1394 23.5674 58.3606
132.9 66.4174 11.0949 23.5174 58.4051
133 66.4675 11.0506 23.4675 58.4494
133.1 66.5175 11.0062 23.4175 58.4938
133.2 66.5676 10.962 23.3676 58.538
133.3 66.6176 10.9178 23.3177 58.5822
133.4 66.6677 10.8737 23.2677 58.6263
133.5 66.7177 10.8297 23.2178 58.6703
133.6 66.7678 10.7857 23.1678 58.7143
133.7 66.8178 10.7418 23.1179 58.7582
133.8 66.8679 10.698 23.0679 58.802
133.9 66.9179 10.6543 23.018 58.8457
134 66.968 10.6106 22.968 58.8894
134.1 67.018 10.567 22.9181 58.933
134.2 67.0681 10.5235 22.8681 58.9765
134.3 67.1182 10.4801 22.8182 59.0199
134.4 67.1682 10.4367 22.7682 59.0633
134.5 67.2183 10.3934 22.7183 59.1066
134.6 67.2683 10.3502 22.6684 59.1498
134.7 67.3184 10.307 22.6184 59.193
134.8 67.3684 10.264 22.5685 59.236
134.9 67.4185 10.221 22.5185 59.279
135 67.4685 10.178 22.4686 59.322
135.1 67.5186 10.1352 22.4186 59.3648
135.2 67.5686 10.0924 22.3687 59.4076
135.3 67.6187 10.0497 22.3187 59.4503
135.4 67.6688 10.0071 22.2688 59.4929
135.5 67.7188 9.96455 22.2188 59.5355
135.6 67.7689 9.92207 22.1689 59.5779
135.7 67.8189 9.87968 22.119 59.6203
135.8 67.869 9.83736 22.069 59.6626
135.9 67.919 9.79511 22.0191 59.7049
136 67.9691 9.75294 21.9691 59.7471
136.1 68.0191 9.71085 21.9192 59.7892
136.2 68.0692 9.66883 21.8692 59.8312
136.3 68.1193 9.62689 21.8193 59.8731
136.4 68.1693 9.58503 21.7693 59.915
136.5 68.2194 9.54324 21.7194 59.9568
136.6 68.2694 9.50153 21.6695 59.9985
136.7 68.3195 9.4599 21.6195 60.0401
136.8 68.3695 9.41834 21.5696 60.0817
136.9 68.4196 9.37686 21.5196 60.1231
137 68.4697 9.33546 21.4697 60.1645
137.1 68.5197 9.29413 21.4197 60.2059
137.2 68.5698 9.25289 21.3698 60.2471
137.3 68.6198 9.21172 21.3199 60.2883
137.4 68.6699 9.17063 21.2699 60.3294
137.5 68.7199 9.12961 21.22 60.3704
137.6 68.77 9.08868 21.17 60.4113
137.7 68.8201 9.04782 21.1201 60.4522
137.8 68.8701 9.00704 21.0701 60.493
137.9 68.9202 8.96634 21.0202 60.5337
138 68.9702 8.92572 20.9703 60.5743
138.1 69.0203 8.88517 20.9203 60.6148
138.2 69.0703 8.84471 20.8704 60.6553
138.3 69.1204 8.80432 20.8204 60.6957
138.4 69.1705 8.76402 20.7705 60.736
138.5 69.2205 8.72379 20.7205 60.7762
138.6 69.2706 8.68364 20.6706 60.8164
138.7 69.3206 8.64357 20.6207 60.8564
138.8 69.3707 8.60358 20.5707 60.8964
138.9 69.4207 8.56367 20.5208 60.9363
139 69.4708 8.52384 20.4708 60.9762
139.1 69.5209 8.48409 20.4209 61.0159
139.2 69.5709 8.44442 20.371 61.0556
139.3 69.621 8.40483 20.321 61.0952
139.4 69.671 8.36532 20.2711 61.1347
139.5 69.7211 8.32589 20.2211 61.1741
139.6 69.7712 8.28654 20.1712 61.2135
139.7 69.8212 8.24728 20.1213 61.2527
139.8 69.8713 8.20809 20.0713 61.2919
139.9 69.9213 8.16898 20.0214 61.331
140 69.9714 8.12996 19.9714 61.37
140.1 70.0215 8.09101 19.9215 61.409
140.2 70.0715 8.05215 19.8715 61.4479
140.3 70.1216 8.01337 19.8216 61.4866
140.4 70.1716 7.97466 19.7717 61.5253
140.5 70.2217 7.93605 19.7217 61.564
140.6 70.2718 7.89751 19.6718 61.6025
140.7 70.3218 7.85905 19.6218 61.6409
140.8 70.3719 7.82068 19.5719 61.6793
140.9 70.4219 7.78239 19.522 61.7176
141 70.472 7.74418 19.472 61.7558
141.1 70.5221 7.70605 19.4221 61.7939
141.2 70.5721 7.66801 19.3721 61.832
141.3 70.6222 7.63004 19.3222 61.87
141.4 70.6722 7.59216 19.2723 61.9078
141.5 70.7223 7.55437 19.2223 61.9456
141.6 70.7724 7.51665 19.1724 61.9833
141.7 70.8224 7.47902 19.1225 62.021
141.8 70.8725 7.44147 19.0725 62.0585
141.9 70.9225 7.40401 19.0226 62.096
142 70.9726 7.36663 18.9726 62.1334
142.1 71.0227 7.32933 18.9227 62.1707
142.2 71.0727 7.29211 18.8728 62.2079
142.3 71.1228 7.25498 18.8228 62.245
142.4 71.1728 7.21793 18.7729 62.2821
142.5 71.2229 7.18097 18.7229 62.319
142.6 71.273 7.14409 18.673 62.3559
142.7 71.323 7.1073 18.6231 62.3927
142.8 71.3731 7.07059 18.5731 62.4294
142.9 71.4232 7.03396 18.5232 62.466
143 71.4732 6.99742 18.4733 62.5026
143.1 71.5233 6.96096 18.4233 62.539
143.2 71.5733 6.92458 18.3734 62.5754
143.3 71.6234 6.8883 18.3234 62.6117
143.4 71.6735 6.85209 18.2735 62.6479
143.5 71.7235 6.81597 18.2236 62.684
143.6 71.7736 6.77994 18.1736 62.7201
143.7 71.8237 6.74399 18.1237 62.756
143.8 71.8737 6.70813 18.0738 62.7919
143.9 71.9238 6.67235 18.0238 62.8276
144 71.9738 6.63666 17.9739 62.8633
144.1 72.0239 6.60105 17.9239 62.8989
144.2 72.074 6.56553 17.874 62.9345
144.3 72.124 6.5301 17.8241 62.9699
144.4 72.1741 6.49475 17.7741 63.0053
144.5 72.2242 6.45949 17.7242 63.0405
144.6 72.2742 6.42431 17.6743 63.0757
144.7 72.3243 6.38922 17.6243 63.1108
144.8 72.3743 6.35421 17.5744 63.1458
144.9 72.4244 6.3193 17.5244 63.1807
145 72.4745 6.28447 17.4745 63.2155
145.1 72.5245 6.24972 17.4246 63.2503
145.2 72.5746 6.21506 17.3746 63.2849
145.3 72.6247 6.18049 17.3247 63.3195
145.4 72.6747 6.14601 17.2748 63.354
145.5 72.7248 6.11161 17.2248 63.3884
145.6 72.7749 6.07731 17.1749 63.4227
145.7 72.8249 6.04308 17.125 63.4569
145.8 72.875 6.00895 17.075 63.491
145.9 72.9251 5.9749 17.0251 63.5251
146 72.9751 5.94094 16.9751 63.5591
146.1 73.0252 5.90707 16.9252 63.5929
146.2 73.0752 5.87329 16.8753 63.6267
146.3 73.1253 5.83959 16.8253 63.6604
146.4 73.1754 5.80599 16.7754 63.694
146.5 73.2254 5.77247 16.7255 63.7275
146.6 73.2755 5.73904 16.6755 63.761
146.7 73.3256 5.70569 16.6256 63.7943
146.8 73.3756 5.67244 16.5757 63.8276
146.9 73.4257 5.63927 16.5257 63.8607
147 73.4758 5.6062 16.4758 63.8938
147.1 73.5258 5.57321 16.4259 63.9268
147.2 73.5759 5.54031 16.3759 63.9597
147.3 73.626 5.5075 16.326 63.9925
147.4 73.676 5.47478 16.2761 64.0252
147.5 73.7261 5.44215 16.2261 64.0579
147.6 73.7762 5.4096 16.1762 64.0904
147.7 73.8262 5.37715 16.1263 64.1228
147.8 73.8763 5.34479 16.0763 64.1552
147.9 73.9264 5.31251 16.0264 64.1875
148 73.9764 5.28033 15.9764 64.2197
148.1 74.0265 5.24823 15.9265 64.2518
148.2 74.0765 5.21623 15.8766 64.2838
148.3 74.1266 5.18431 15.8266 64.3157
148.4 74.1767 5.15249 15.7767 64.3475
148.5 74.2267 5.12075 15.7268 64.3792
148.6 74.2768 5.08911 15.6768 64.4109
148.7 74.3269 5.05756 15.6269 64.4424
148.8 74.3769 5.02609 15.577 64.4739
148.9 74.427 4.99472 15.527 64.5053
149 74.4771 4.96344 15.4771 64.5366
149.1 74.5271 4.93224 15.4272 64.5678
149.2 74.5772 4.90114 15.3772 64.5989
149.3 74.6273 4.87013 15.3273 64.6299
149.4 74.6773 4.83921 15.2774 64.6608
149.5 74.7274 4.80839 15.2274 64.6916
149.6 74.7775 4.77765 15.1775 64.7224
149.7 74.8275 4.747 15.1276 64.753
149.8 74.8776 4.71645 15.0776 64.7835
149.9 74.9277 4.68599 15.0277 64.814
150 74.9777 4.65562 14.9778 64.8444
150.1 75.0278 4.62534 14.9278 64.8747
150.2 75.0779 4.59515 14.8779 64.9048
150.3 75.128 4.56505 14.828 64.9349
150.4 75.178 4.53505 14.778 64.9649
150.5 75.2281 4.50514 14.7281 64.9949
150.6 75.2782 4.47532 14.6782 65.0247
150.7 75.3282 4.44559 14.6283 65.0544
150.8 75.3783 4.41596 14.5783 65.084
150.9 75.4284 4.38642 14.5284 65.1136
151 75.4784 4.35697 14.4785 65.143
151.1 75.5285 4.32761 14.4285 65.1724
151.2 75.5786 4.29834 14.3786 65.2017
151.3 75.6286 4.26917 14.3287 65.2308
151.4 75.6787 4.24009 14.2787 65.2599
151.5 75.7288 4.21111 14.2288 65.2889
151.6 75.7788 4.18221 14.1789 65.3178
151.7 75.8289 4.15341 14.1289 65.3466
151.8 75.879 4.12471 14.079 65.3753
151.9 75.929 4.09609 14.0291 65.4039
152 75.9791 4.06757 13.9791 65.4324
152.1 76.0292 4.03914 13.9292 65.4609
152.2 76.0792 4.01081 13.8793 65.4892
152.3 76.1293 3.98257 13.8293 65.5174
152.4 76.1794 3.95443 13.7794 65.5456
152.5 76.2295 3.92637 13.7295 65.5736
152.6 76.2795 3.89842 13.6795 65.6016
152.7 76.3296 3.87055 13.6296 65.6294
152.8 76.3797 3.84278 13.5797 65.6572
152.9 76.4297 3.81511 13.5298 65.6849
153 76.4798 3.78752 13.4798 65.7125
153.1 76.5299 3.76004 13.4299 65.74
153.2 76.5799 3.73264 13.38 65.7674
153.3 76.63 3.70534 13.33 65.7947
153.4 76.6801 3.67814 13.2801 65.8219
153.5 76.7301 3.65103 13.2302 65.849
153.6 76.7802 3.62402 13.1802 65.876
153.7 76.8303 3.5971 13.1303 65.9029
153.8 76.8804 3.57027 13.0804 65.9297
153.9 76.9304 3.54354 13.0304 65.9565
154 76.9805 3.51691 12.9805 65.9831
154.1 77.0306 3.49037 12.9306 66.0096
154.2 77.0806 3.46392 12.8807 66.0361
154.3 77.1307 3.43757 12.8307 66.0624
154.4 77.1808 3.41132 12.7808 66.0887
154.5 77.2308 3.38516 12.7309 66.1148
154.6 77.2809 3.3591 12.6809 66.1409
154.7 77.331 3.33313 12.631 66.1669
154.8 77.3811 3.30726 12.5811 66.1927
154.9 77.4311 3.28148 12.5311 66.2185
155 77.4812 3.2558 12.4812 66.2442
155.1 77.5313 3.23022 12.4313 66.2698
155.2 77.5813 3.20473 12.3814 66.2953
155.3 77.6314 3.17934 12.3314 66.3207
155.4 77.6815 3.15405 12.2815 66.346
155.5 77.7315 3.12885 12.2316 66.3712
155.6 77.7816 3.10374 12.1816 66.3963
155.7 77.8317 3.07874 12.1317 66.4213
155.8 77.8818 3.05383 12.0818 66.4462
155.9 77.9318 3.02901 12.0319 66.471
156 77.9819 3.0043 11.9819 66.4957
156.1 78.032 2.97968 11.932 66.5203
156.2 78.082 2.95515 11.8821 66.5448
156.3 78.1321 2.93072 11.8321 66.5693
156.4 78.1822 2.9064 11.7822 66.5936
156.5 78.2323 2.88216 11.7323 66.6178
156.6 78.2823 2.85803 11.6824 66.642
156.7 78.3324 2.83399 11.6324 66.666
156.8 78.3825 2.81005 11.5825 66.69
156.9 78.4325 2.7862 11.5326 66.7138
157 78.4826 2.76246 11.4826 66.7375
157.1 78.5327 2.73881 11.4327 66.7612
157.2 78.5828 2.71526 11.3828 66.7847
157.3 78.6328 2.6918 11.3328 66.8082
157.4 78.6829 2.66844 11.2829 66.8316
157.5 78.733 2.64519 11.233 66.8548
157.6 78.783 2.62203 11.1831 66.878
157.7 78.8331 2.59896 11.1331 66.901
157.8 78.8832 2.576 11.0832 66.924
157.9 78.9333 2.55313 11.0333 66.9469
158 78.9833 2.53036 10.9834 66.9696
158.1 79.0334 2.50769 10.9334 66.9923
158.2 79.0835 2.48512 10.8835 67.0149
158.3 79.1335 2.46264 10.8336 67.0374
158.4 79.1836 2.44027 10.7836 67.0597
158.5 79.2337 2.41799 10.7337 67.082
158.6 79.2838 2.39581 10.6838 67.1042
158.7 79.3338 2.37373 10.6339 67.1263
158.8 79.3839 2.35175 10.5839 67.1483
158.9 79.434 2.32986 10.534 67.1701
159 79.4841 2.30808 10.4841 67.1919
159.1 79.5341 2.28639 10.4341 67.2136
159.2 79.5842 2.26481 10.3842 67.2352
159.3 79.6343 2.24332 10.3343 67.2567
159.4 79.6843 2.22193 10.2844 67.2781
159.5 79.7344 2.20064 10.2344 67.2994
159.6 79.7845 2.17945 10.1845 67.3205
159.7 79.8346 2.15836 10.1346 67.3416
159.8 79.8846 2.13737 10.0847 67.3626
159.9 79.9347 2.11647 10.0347 67.3835
160 79.9848 2.09568 9.9848 67.4043
160.1 80.0349 2.07499 9.93487 67.425
160.2 80.0849 2.05439 9.88495 67.4456
160.3 80.135 2.0339 9.83502 67.4661
160.4 80.1851 2.0135 9.78509 67.4865
160.5 80.2351 1.99321 9.73517 67.5068
160.6 80.2852 1.97301 9.68524 67.527
160.7 80.3353 1.95292 9.63531 67.5471
160.8 80.3854 1.93292 9.58538 67.5671
160.9 80.4354 1.91303 9.53546 67.587
161 80.4855 1.89323 9.48553 67.6068
161.1 80.5356 1.87353 9.4356 67.6265
161.2 80.5857 1.85394 9.38568 67.6461
161.3 80.6357 1.83444 9.33575 67.6656
161.4 80.6858 1.81505 9.28583 67.685
161.5 80.7359 1.79575 9.2359 67.7042
161.6 80.786 1.77656 9.18597 67.7234
161.7 80.836 1.75746 9.13605 67.7425
161.8 80.8861 1.73847 9.08612 67.7615
161.9 80.9362 1.71958 9.03619 67.7804
162 80.9862 1.70079 8.98627 67.7992
162.1 81.0363 1.68209 8.93634 67.8179
162.2 81.0864 1.6635 8.88641 67.8365
162.3 81.1365 1.64501 8.83649 67.855
162.4 81.1865 1.62662 8.78656 67.8734
162.5 81.2366 1.60834 8.73664 67.8917
162.6 81.2867 1.59015 8.68671 67.9099
162.7 81.3368 1.57206 8.63678 67.9279
162.8 81.3868 1.55408 8.58686 67.9459
162.9 81.4369 1.53619 8.53693 67.9638
163 81.487 1.51841 8.48701 67.9816
163.1 81.5371 1.50073 8.43708 67.9993
163.2 81.5871 1.48315 8.38716 68.0169
163.3 81.6372 1.46567 8.33723 68.0343
163.4 81.6873 1.44829 8.2873 68.0517
163.5 81.7374 1.43101 8.23738 68.069
163.6 81.7874 1.41384 8.18745 68.0862
163.7 81.8375 1.39677 8.13753 68.1032
163.8 81.8876 1.37979 8.0876 68.1202
163.9 81.9377 1.36292 8.03768 68.1371
164 81.9877 1.34616 7.98775 68.1538
164.1 82.0378 1.32949 7.93783 68.1705
164.2 82.0879 1.31292 7.8879 68.1871
164.3 82.138 1.29646 7.83797 68.2035
164.4 82.188 1.2801 7.78805 68.2199
164.5 82.2381 1.26384 7.73812 68.2362
164.6 82.2882 1.24768 7.6882 68.2523
164.7 82.3383 1.23163 7.63827 68.2684
164.8 82.3883 1.21568 7.58835 68.2843
164.9 82.4384 1.19983 7.53842 68.3002
165 82.4885 1.18408 7.4885 68.3159
165.1 82.5386 1.16843 7.43857 68.3316
165.2 82.5886 1.15289 7.38865 68.3471
165.3 82.6387 1.13745 7.33872 68.3626
165.4 82.6888 1.12211 7.2888 68.3779
165.5 82.7389 1.10687 7.23887 68.3931
165.6 82.7889 1.09174 7.18895 68.4083
165.7 82.839 1.0767 7.13902 68.4233
165.8 82.8891 1.06177 7.0891 68.4382
165.9 82.9392 1.04695 7.03917 68.4531
166 82.9892 1.03222 6.98925 68.4678
166.1 83.0393 1.0176 6.93932 68.4824
166.2 83.0894 1.00308 6.8894 68.4969
166.3 83.1395 0.988668 6.83947 68.5113
166.4 83.1895 0.974355 6.78955 68.5256
166.5 83.2396 0.960145 6.73963 68.5399
166.6 83.2897 0.946038 6.6897 68.554
166.7 83.3398 0.932034 6.63978 68.568
166.8 83.3898 0.918133 6.58985 68.5819
166.9 83.4399 0.904335 6.53993 68.5957
167 83.49 0.89064 6.49 68.6094
167.1 83.5401 0.877049 6.44008 68.623
167.2 83.5901 0.86356 6.39015 68.6364
167.3 83.6402 0.850175 6.34023 68.6498
167.4 83.6903 0.836893 6.29031 68.6631
167.5 83.7404 0.823714 6.24038 68.6763
167.6 83.7904 0.810638 6.19046 68.6894
167.7 83.8405 0.797666 6.14053 68.7023
167.8 83.8906 0.784798 6.09061 68.7152
167.9 83.9407 0.772033 6.04068 68.728
168 83.9907 0.759371 5.99076 68.7406
168.1 84.0408 0.746813 5.94084 68.7532
168.2 84.0909 0.734358 5.89091 68.7656
168.3 84.141 0.722007 5.84099 68.778
168.4 84.1911 0.70976 5.79106 68.7902
168.5 84.2411 0.697617 5.74114 68.8024
168.6 84.2912 0.685577 5.69122 68.8144
168.7 84.3413 0.673641 5.64129 68.8264
168.8 84.3914 0.661808 5.59137 68.8382
168.9 84.4414 0.65008 5.54144 68.8499
169 84.4915 0.638455 5.49152 68.8615
169.1 84.5416 0.626935 5.4416 68.8731
169.2 84.5917 0.615518 5.39167 68.8845
169.3 84.6417 0.604205 5.34175 68.8958
169.4 84.6918 0.592997 5.29183 68.907
169.5 84.7419 0.581892 5.2419 68.9181
169.6 84.792 0.570891 5.19198 68.9291
169.7 84.842 0.559995 5.14205 68.94
169.8 84.8921 0.549203 5.09213 68.9508
169.9 84.9422 0.538514 5.04221 68.9615
170 84.9923 0.527931 4.99228 68.9721
170.1 85.0423 0.517451 4.94236 68.9825
170.2 85.0924 0.507076 4.89244 68.9929
170.3 85.1425 0.496804 4.84251 69.0032
170.4 85.1926 0.486638 4.79259 69.0134
170.5 85.2427 0.476575 4.74267 69.0234
170.6 85.2927 0.466617 4.69274 69.0334
170.7 85.3428 0.456764 4.64282 69.0432
170.8 85.3929 0.447015 4.59289 69.053
170.9 85.443 0.43737 4.54297 69.0626
171 85.493 0.42783 4.49305 69.0722
171.1 85.5431 0.418395 4.44312 69.0816
171.2 85.5932 0.409064 4.3932 69.0909
171.3 85.6433 0.399837 4.34328 69.1002
171.4 85.6933 0.390716 4.29335 69.1093
171.5 85.7434 0.381699 4.24343 69.1183
171.6 85.7935 0.372786 4.19351 69.1272
171.7 85.8436 0.363979 4.14358 69.136
171.8 85.8937 0.355276 4.09366 69.1447
171.9 85.9437 0.346678 4.04374 69.1533
172 85.9938 0.338185 3.99382 69.1618
172.1 86.0439 0.329796 3.94389 69.1702
172.2 86.094 0.321513 3.89397 69.1785
172.3 86.144 0.313334 3.84405 69.1867
172.4 86.1941 0.30526 3.79412 69.1947
172.5 86.2442 0.297291 3.7442 69.2027
172.6 86.2943 0.289427 3.69428 69.2106
172.7 86.3443 0.281668 3.64435 69.2183
172.8 86.3944 0.274014 3.59443 69.226
172.9 86.4445 0.266465 3.54451 69.2335
173 86.4946 0.259021 3.49458 69.241
173.1 86.5447 0.251682 3.44466 69.2483
173.2 86.5947 0.244449 3.39474 69.2556
173.3 86.6448 0.23732 3.34482 69.2627
173.4 86.6949 0.230296 3.29489 69.2697
173.5 86.745 0.223378 3.24497 69.2766
173.6 86.795 0.216565 3.19505 69.2834
173.7 86.8451 0.209857 3.14512 69.2901
173.8 86.8952 0.203254 3.0952 69.2967
173.9 86.9453 0.196756 3.04528 69.3032
174 86.9953 0.190364 2.99535 69.3096
174.1 87.0454 0.184077 2.94543 69.3159
174.2 87.0955 0.177895 2.89551 69.3221
174.3 87.1456 0.171819 2.84559 69.3282
174.4 87.1957 0.165848 2.79566 69.3342
174.5 87.2457 0.159982 2.74574 69.34
174.6 87.2958 0.154222 2.69582 69.3458
174.7 87.3459 0.148567 2.6459 69.3514
174.8 87.396 0.143017 2.59597 69.357
174.9 87.446 0.137573 2.54605 69.3624
175 87.4961 0.132234 2.49613 69.3678
175.1 87.5462 0.127001 2.4462 69.373
175.2 87.5963 0.121873 2.39628 69.3781
175.3 87.6464 0.116851 2.34636 69.3831
175.4 87.6964 0.111934 2.29644 69.3881
175.5 87.7465 0.107123 2.24651 69.3929
175.6 87.7966 0.102417 2.19659 69.3976
175.7 87.8467 0.0978166 2.14667 69.4022
175.8 87.8967 0.0933219 2.09675 69.4067
175.9 87.9468 0.0889328 2.04682 69.4111
176 87.9969 0.0846493 1.9969 69.4154
176.1 88.047 0.0804713 1.94698 69.4195
176.2 88.0971 0.076399 1.89705 69.4236
176.3 88.1471 0.0724323 1.84713 69.4276
176.4 88.1972 0.0685712 1.79721 69.4314
176.5 88.2473 0.0648158 1.74729 69.4352
176.6 88.2974 0.061166 1.69736 69.4388
176.7 88.3474 0.0576219 1.64744 69.4424
176.8 88.3975 0.0541834 1.59752 69.4458
176.9 88.4476 0.0508507 1.5476 69.4491
177 88.4977 0.0476237 1.49767 69.4524
177.1 88.5477 0.0445023 1.44775 69.4555
177.2 88.5978 0.0414867 1.39783 69.4585
177.3 88.6479 0.0385768 1.34791 69.4614
177.4 88.698 0.0357727 1.29798 69.4642
177.5 88.7481 0.0330743 1.24806 69.4669
177.6 88.7981 0.0304817 1.19814 69.4695
177.7 88.8482 0.0279948 1.14822 69.472
177.8 88.8983 0.0256137 1.09829 69.4744
177.9 88.9484 0.0233383 1.04837 69.4767
178 88.9984 0.0211688 0.998449 69.4788
178.1 89.0485 0.019105 0.948527 69.4809
178.2 89.0986 0.017147 0.898604 69.4829
178.3 89.1487 0.0152949 0.848682 69.4847
178.4 89.1988 0.0135485 0.798759 69.4865
178.5 89.2488 0.011908 0.748837 69.4881
178.6 89.2989 0.0103732 0.698914 69.4896
178.7 89.349 0.00894433 0.648992 69.4911
178.8 89.3991 0.00762125 0.599069 69.4924
178.9 89.4491 0.006404 0.549147 69.4936
179 89.4992 0.00529259 0.499224 69.4947
179.1 89.5493 0.00428702 0.449302 69.4957
179.2 89.5994 0.00338729 0.39938 69.4966
179.3 89.6495 0.0025934 0.349457 69.4974
179.4 89.6995 0.00190536 0.299535 69.4981
179.5 89.7496 0.00132317 0.249612 69.4987
179.6 89.7997 0.000846833 0.19969 69.4992
179.7 89.8498 0.000476344 0.149767 69.4995
179.8 89.8998 0.000211709 0.0998449 69.4998
179.9 89.9499 5.29273e-05 0.0499224 69.4999
180 1.47665 1.81899e-12 3.50291e-15 69.5
