#kinematics calculation of exex
#vertex z = 450 mm, E_reaction = 42.514 MeV
#theta_cm, theta3_lab, Ek3_lab, theta4_lab, Ek4_lab
0 0 33.0361 0 0.597863
0.1 0.0432375 33.0361 0.321634 0.597888
0.2 0.0864749 33.036 0.643237 0.597962
0.3 0.129712 33.0359 0.964779 0.598086
0.4 0.17295 33.0357 1.28623 0.598259
0.5 0.216187 33.0355 1.60756 0.598481
0.6 0.259424 33.0352 1.92873 0.598753
0.7 0.302662 33.0349 2.24972 0.599074
0.8 0.345899 33.0346 2.57049 0.599444
0.9 0.389136 33.0341 2.89103 0.599864
1 0.432373 33.0337 3.21128 0.600334
1.1 0.47561 33.0331 3.53124 0.600852
1.2 0.518847 33.0326 3.85085 0.601421
1.3 0.562083 33.032 4.17011 0.602038
1.4 0.60532 33.0313 4.48897 0.602705
1.5 0.648556 33.0306 4.8074 0.603421
1.6 0.691793 33.0298 5.12539 0.604187
1.7 0.735029 33.029 5.44289 0.605002
1.8 0.778265 33.0281 5.75989 0.605867
1.9 0.821501 33.0272 6.07634 0.606781
2 0.864736 33.0263 6.39223 0.607744
2.1 0.907971 33.0252 6.70753 0.608756
2.2 0.951207 33.0242 7.0222 0.609818
2.3 0.994442 33.0231 7.33622 0.61093
2.4 1.03768 33.0219 7.64957 0.61209
2.5 1.08091 33.0207 7.96221 0.613301
2.6 1.12415 33.0194 8.27413 0.61456
2.7 1.16738 33.0181 8.58529 0.615869
2.8 1.21061 33.0168 8.89567 0.617227
2.9 1.25385 33.0154 9.20524 0.618634
3 1.29708 33.0139 9.51398 0.620091
3.1 1.34031 33.0124 9.82186 0.621597
3.2 1.38354 33.0108 10.1289 0.623153
3.3 1.42678 33.0092 10.435 0.624758
3.4 1.47001 33.0076 10.7401 0.626412
3.5 1.51324 33.0059 11.0444 0.628115
3.6 1.55647 33.0041 11.3476 0.629868
3.7 1.5997 33.0023 11.6499 0.63167
3.8 1.64293 33.0005 11.9511 0.633522
3.9 1.68616 32.9986 12.2513 0.635422
4 1.72939 32.9966 12.5504 0.637372
4.1 1.77262 32.9946 12.8485 0.639372
4.2 1.81585 32.9926 13.1454 0.64142
4.3 1.85908 32.9905 13.4413 0.643518
4.4 1.90231 32.9883 13.736 0.645665
4.5 1.94553 32.9861 14.0295 0.647862
4.6 1.98876 32.9839 14.3219 0.650107
4.7 2.03199 32.9816 14.613 0.652402
4.8 2.07521 32.9793 14.903 0.654746
4.9 2.11844 32.9769 15.1917 0.65714
5 2.16167 32.9744 15.4792 0.659582
5.1 2.20489 32.9719 15.7655 0.662074
5.2 2.24811 32.9694 16.0504 0.664615
5.3 2.29134 32.9668 16.3341 0.667205
5.4 2.33456 32.9642 16.6164 0.669845
5.5 2.37778 32.9615 16.8975 0.672533
5.6 2.42101 32.9587 17.1772 0.675271
5.7 2.46423 32.9559 17.4555 0.678058
5.8 2.50745 32.9531 17.7325 0.680894
5.9 2.55067 32.9502 18.0082 0.683779
6 2.59389 32.9473 18.2824 0.686714
6.1 2.63711 32.9443 18.5552 0.689697
6.2 2.68033 32.9413 18.8267 0.69273
6.3 2.72355 32.9382 19.0967 0.695812
6.4 2.76676 32.9351 19.3653 0.698942
6.5 2.80998 32.9319 19.6325 0.702122
6.6 2.8532 32.9286 19.8982 0.705351
6.7 2.89641 32.9254 20.1625 0.70863
6.8 2.93963 32.922 20.4253 0.711957
6.9 2.98284 32.9187 20.6866 0.715333
7 3.02605 32.9152 20.9465 0.718758
7.1 3.06927 32.9118 21.2049 0.722233
7.2 3.11248 32.9082 21.4618 0.725756
7.3 3.15569 32.9047 21.7172 0.729329
7.4 3.1989 32.901 21.9711 0.73295
7.5 3.24211 32.8974 22.2234 0.73662
7.6 3.28532 32.8937 22.4743 0.74034
7.7 3.32853 32.8899 22.7237 0.744108
7.8 3.37173 32.8861 22.9715 0.747926
7.9 3.41494 32.8822 23.2178 0.751792
8 3.45815 32.8783 23.4626 0.755707
8.1 3.50135 32.8743 23.7058 0.759671
8.2 3.54456 32.8703 23.9475 0.763684
8.3 3.58776 32.8663 24.1877 0.767746
8.4 3.63096 32.8621 24.4263 0.771857
8.5 3.67416 32.858 24.6634 0.776017
8.6 3.71737 32.8538 24.8989 0.780225
8.7 3.76057 32.8495 25.1329 0.784483
8.8 3.80376 32.8452 25.3654 0.788789
8.9 3.84696 32.8409 25.5963 0.793144
9 3.89016 32.8365 25.8256 0.797548
9.1 3.93336 32.832 26.0535 0.802001
9.2 3.97655 32.8275 26.2797 0.806502
9.3 4.01975 32.8229 26.5044 0.811052
9.4 4.06294 32.8183 26.7276 0.815651
9.5 4.10613 32.8137 26.9492 0.820299
9.6 4.14933 32.809 27.1693 0.824996
9.7 4.19252 32.8043 27.3879 0.829741
9.8 4.23571 32.7995 27.6049 0.834535
9.9 4.2789 32.7946 27.8203 0.839377
10 4.32208 32.7897 28.0343 0.844269
10.1 4.36527 32.7848 28.2466 0.849209
10.2 4.40846 32.7798 28.4575 0.854197
10.3 4.45164 32.7748 28.6669 0.859234
10.4 4.49483 32.7697 28.8747 0.86432
10.5 4.53801 32.7645 29.081 0.869454
10.6 4.58119 32.7594 29.2858 0.874637
10.7 4.62437 32.7541 29.489 0.879869
10.8 4.66755 32.7489 29.6908 0.885149
10.9 4.71073 32.7435 29.891 0.890478
11 4.75391 32.7381 30.0898 0.895855
11.1 4.79708 32.7327 30.2871 0.90128
11.2 4.84026 32.7272 30.4828 0.906754
11.3 4.88343 32.7217 30.6771 0.912277
11.4 4.9266 32.7162 30.8699 0.917848
11.5 4.96978 32.7105 31.0612 0.923467
11.6 5.01295 32.7049 31.2511 0.929135
11.7 5.05612 32.6991 31.4395 0.934852
11.8 5.09929 32.6934 31.6264 0.940616
11.9 5.14245 32.6876 31.8119 0.946429
12 5.18562 32.6817 31.9959 0.952291
12.1 5.22878 32.6758 32.1785 0.9582
12.2 5.27195 32.6698 32.3597 0.964158
12.3 5.31511 32.6638 32.5394 0.970164
12.4 5.35827 32.6578 32.7177 0.976219
12.5 5.40143 32.6517 32.8946 0.982322
12.6 5.44459 32.6455 33.07 0.988473
12.7 5.48775 32.6393 33.2441 0.994672
12.8 5.5309 32.6331 33.4168 1.00092
12.9 5.57406 32.6268 33.5881 1.00722
13 5.61721 32.6204 33.758 1.01356
13.1 5.66036 32.614 33.9265 1.01995
13.2 5.70351 32.6076 34.0936 1.02639
13.3 5.74666 32.6011 34.2594 1.03288
13.4 5.78981 32.5946 34.4238 1.03942
13.5 5.83296 32.588 34.5869 1.046
13.6 5.8761 32.5814 34.7486 1.05263
13.7 5.91925 32.5747 34.909 1.05931
13.8 5.96239 32.568 35.0681 1.06604
13.9 6.00553 32.5612 35.2259 1.07282
14 6.04867 32.5544 35.3823 1.07964
14.1 6.09181 32.5475 35.5374 1.08651
14.2 6.13494 32.5406 35.6913 1.09343
14.3 6.17808 32.5336 35.8438 1.1004
14.4 6.22121 32.5266 35.9951 1.10742
14.5 6.26435 32.5195 36.145 1.11448
14.6 6.30748 32.5124 36.2938 1.12159
14.7 6.35061 32.5052 36.4412 1.12875
14.8 6.39373 32.498 36.5874 1.13596
14.9 6.43686 32.4908 36.7324 1.14321
15 6.47999 32.4835 36.8761 1.15052
15.1 6.52311 32.4761 37.0186 1.15787
15.2 6.56623 32.4687 37.1599 1.16527
15.3 6.60935 32.4613 37.2999 1.17271
15.4 6.65247 32.4538 37.4388 1.18021
15.5 6.69559 32.4463 37.5764 1.18775
15.6 6.7387 32.4387 37.7129 1.19533
15.7 6.78182 32.431 37.8481 1.20297
15.8 6.82493 32.4233 37.9822 1.21066
15.9 6.86804 32.4156 38.1152 1.21839
16 6.91115 32.4078 38.2469 1.22617
16.1 6.95426 32.4 38.3776 1.23399
16.2 6.99736 32.3921 38.507 1.24187
16.3 7.04047 32.3842 38.6354 1.24979
16.4 7.08357 32.3762 38.7626 1.25776
16.5 7.12667 32.3682 38.8886 1.26577
16.6 7.16977 32.3602 39.0136 1.27384
16.7 7.21287 32.3521 39.1375 1.28195
16.8 7.25596 32.3439 39.2602 1.2901
16.9 7.29906 32.3357 39.3819 1.29831
17 7.34215 32.3274 39.5024 1.30656
17.1 7.38524 32.3191 39.6219 1.31486
17.2 7.42833 32.3108 39.7404 1.32321
17.3 7.47142 32.3024 39.8577 1.3316
17.4 7.5145 32.294 39.9741 1.34005
17.5 7.55759 32.2855 40.0893 1.34853
17.6 7.60067 32.2769 40.2036 1.35707
17.7 7.64375 32.2683 40.3167 1.36565
17.8 7.68683 32.2597 40.4289 1.37428
17.9 7.7299 32.251 40.5401 1.38296
18 7.77298 32.2423 40.6502 1.39168
18.1 7.81605 32.2335 40.7593 1.40046
18.2 7.85912 32.2247 40.8675 1.40927
18.3 7.90219 32.2159 40.9746 1.41814
18.4 7.94526 32.2069 41.0808 1.42705
18.5 7.98832 32.198 41.186 1.43601
18.6 8.03139 32.189 41.2902 1.44501
18.7 8.07445 32.1799 41.3935 1.45407
18.8 8.11751 32.1708 41.4958 1.46317
18.9 8.16056 32.1617 41.5972 1.47231
19 8.20362 32.1525 41.6976 1.48151
19.1 8.24667 32.1433 41.7971 1.49074
19.2 8.28973 32.134 41.8956 1.50003
19.3 8.33278 32.1246 41.9933 1.50936
19.4 8.37582 32.1153 42.09 1.51874
19.5 8.41887 32.1058 42.1858 1.52817
19.6 8.46191 32.0964 42.2808 1.53764
19.7 8.50495 32.0868 42.3748 1.54716
19.8 8.54799 32.0773 42.4679 1.55673
19.9 8.59103 32.0677 42.5602 1.56634
20 8.63407 32.058 42.6516 1.576
20.1 8.6771 32.0483 42.7421 1.5857
20.2 8.72013 32.0385 42.8318 1.59545
20.3 8.76316 32.0287 42.9206 1.60525
20.4 8.80619 32.0189 43.0086 1.6151
20.5 8.84921 32.009 43.0957 1.62499
20.6 8.89224 31.9991 43.182 1.63492
20.7 8.93526 31.9891 43.2675 1.64491
20.8 8.97827 31.9791 43.3521 1.65493
20.9 9.02129 31.969 43.436 1.66501
21 9.0643 31.9589 43.519 1.67513
21.1 9.10732 31.9487 43.6012 1.6853
21.2 9.15033 31.9385 43.6826 1.69551
21.3 9.19333 31.9282 43.7633 1.70577
21.4 9.23634 31.9179 43.8431 1.71608
21.5 9.27934 31.9076 43.9222 1.72643
21.6 9.32234 31.8972 44.0005 1.73683
21.7 9.36534 31.8867 44.078 1.74727
21.8 9.40834 31.8762 44.1548 1.75776
21.9 9.45133 31.8657 44.2308 1.7683
22 9.49433 31.8551 44.306 1.77888
22.1 9.53731 31.8445 44.3805 1.78951
22.2 9.5803 31.8338 44.4543 1.80018
22.3 9.62329 31.8231 44.5273 1.8109
22.4 9.66627 31.8123 44.5997 1.82166
22.5 9.70925 31.8015 44.6712 1.83247
22.6 9.75223 31.7907 44.7421 1.84333
22.7 9.7952 31.7798 44.8123 1.85423
22.8 9.83818 31.7688 44.8817 1.86518
22.9 9.88115 31.7578 44.9505 1.87617
23 9.92412 31.7468 45.0185 1.88721
23.1 9.96708 31.7357 45.0859 1.89829
23.2 10.01 31.7246 45.1526 1.90942
23.3 10.053 31.7134 45.2186 1.92059
23.4 10.096 31.7022 45.2839 1.93181
23.5 10.1389 31.6909 45.3486 1.94308
23.6 10.1819 31.6796 45.4126 1.95439
23.7 10.2248 31.6683 45.4759 1.96574
23.8 10.2678 31.6569 45.5386 1.97714
23.9 10.3107 31.6454 45.6006 1.98859
24 10.3537 31.6339 45.662 2.00008
24.1 10.3966 31.6224 45.7228 2.01162
24.2 10.4395 31.6108 45.7829 2.0232
24.3 10.4825 31.5992 45.8424 2.03483
24.4 10.5254 31.5875 45.9012 2.0465
24.5 10.5683 31.5758 45.9595 2.05821
24.6 10.6113 31.564 46.0171 2.06998
24.7 10.6542 31.5522 46.0741 2.08178
24.8 10.6971 31.5404 46.1305 2.09363
24.9 10.74 31.5285 46.1863 2.10553
25 10.783 31.5165 46.2415 2.11747
25.1 10.8259 31.5045 46.2961 2.12946
25.2 10.8688 31.4925 46.3502 2.14149
25.3 10.9117 31.4804 46.4036 2.15356
25.4 10.9546 31.4683 46.4565 2.16568
25.5 10.9975 31.4562 46.5087 2.17785
25.6 11.0404 31.4439 46.5605 2.19006
25.7 11.0833 31.4317 46.6116 2.20231
25.8 11.1262 31.4194 46.6622 2.21461
25.9 11.1691 31.4071 46.7122 2.22695
26 11.212 31.3947 46.7617 2.23934
26.1 11.2549 31.3822 46.8106 2.25177
26.2 11.2978 31.3698 46.859 2.26424
26.3 11.3406 31.3572 46.9068 2.27676
26.4 11.3835 31.3447 46.9541 2.28933
26.5 11.4264 31.3321 47.0009 2.30194
26.6 11.4693 31.3194 47.0471 2.31459
26.7 11.5121 31.3067 47.0928 2.32729
26.8 11.555 31.294 47.138 2.34003
26.9 11.5979 31.2812 47.1827 2.35281
27 11.6407 31.2684 47.2269 2.36564
27.1 11.6836 31.2555 47.2705 2.37852
27.2 11.7265 31.2426 47.3136 2.39143
27.3 11.7693 31.2296 47.3563 2.4044
27.4 11.8122 31.2166 47.3984 2.4174
27.5 11.855 31.2035 47.4401 2.43045
27.6 11.8979 31.1905 47.4812 2.44354
27.7 11.9407 31.1773 47.5219 2.45668
27.8 11.9835 31.1641 47.5621 2.46986
27.9 12.0264 31.1509 47.6017 2.48308
28 12.0692 31.1376 47.641 2.49635
28.1 12.112 31.1243 47.6797 2.50966
28.2 12.1549 31.111 47.718 2.52302
28.3 12.1977 31.0976 47.7558 2.53642
28.4 12.2405 31.0841 47.7931 2.54986
28.5 12.2833 31.0707 47.83 2.56335
28.6 12.3261 31.0571 47.8665 2.57687
28.7 12.369 31.0436 47.9024 2.59045
28.8 12.4118 31.0299 47.938 2.60406
28.9 12.4546 31.0163 47.973 2.61772
29 12.4974 31.0026 48.0077 2.63142
29.1 12.5402 30.9888 48.0419 2.64517
29.2 12.583 30.975 48.0756 2.65896
29.3 12.6258 30.9612 48.1089 2.67279
29.4 12.6686 30.9473 48.1418 2.68666
29.5 12.7113 30.9334 48.1743 2.70058
29.6 12.7541 30.9195 48.2063 2.71454
29.7 12.7969 30.9055 48.238 2.72855
29.8 12.8397 30.8914 48.2692 2.74259
29.9 12.8825 30.8773 48.2999 2.75668
30 12.9252 30.8632 48.3303 2.77082
30.1 12.968 30.849 48.3603 2.78499
30.2 13.0108 30.8348 48.3898 2.79921
30.3 13.0535 30.8205 48.419 2.81347
30.4 13.0963 30.8062 48.4477 2.82777
30.5 13.139 30.7919 48.4761 2.84212
30.6 13.1818 30.7775 48.504 2.85651
30.7 13.2245 30.7631 48.5316 2.87094
30.8 13.2673 30.7486 48.5588 2.88541
30.9 13.31 30.7341 48.5856 2.89993
31 13.3527 30.7195 48.612 2.91449
31.1 13.3955 30.7049 48.638 2.92909
31.2 13.4382 30.6903 48.6636 2.94373
31.3 13.4809 30.6756 48.6889 2.95842
31.4 13.5237 30.6609 48.7138 2.97314
31.5 13.5664 30.6461 48.7383 2.98791
31.6 13.6091 30.6313 48.7625 3.00272
31.7 13.6518 30.6164 48.7863 3.01758
31.8 13.6945 30.6015 48.8097 3.03247
31.9 13.7372 30.5866 48.8328 3.04741
32 13.7799 30.5716 48.8555 3.06239
32.1 13.8226 30.5566 48.8778 3.07741
32.2 13.8653 30.5415 48.8998 3.09248
32.3 13.908 30.5264 48.9215 3.10758
32.4 13.9507 30.5113 48.9428 3.12273
32.5 13.9934 30.4961 48.9637 3.13792
32.6 14.0361 30.4809 48.9843 3.15315
32.7 14.0787 30.4656 49.0046 3.16842
32.8 14.1214 30.4503 49.0245 3.18374
32.9 14.1641 30.4349 49.0441 3.19909
33 14.2068 30.4195 49.0634 3.21449
33.1 14.2494 30.4041 49.0823 3.22993
33.2 14.2921 30.3886 49.1009 3.24541
33.3 14.3347 30.3731 49.1192 3.26093
33.4 14.3774 30.3575 49.1372 3.27649
33.5 14.42 30.3419 49.1548 3.29209
33.6 14.4627 30.3263 49.1721 3.30774
33.7 14.5053 30.3106 49.1891 3.32342
33.8 14.548 30.2949 49.2058 3.33915
33.9 14.5906 30.2791 49.2221 3.35492
34 14.6332 30.2633 49.2382 3.37073
34.1 14.6758 30.2474 49.2539 3.38658
34.2 14.7185 30.2315 49.2693 3.40247
34.3 14.7611 30.2156 49.2845 3.4184
34.4 14.8037 30.1996 49.2993 3.43437
34.5 14.8463 30.1836 49.3138 3.45038
34.6 14.8889 30.1676 49.328 3.46644
34.7 14.9315 30.1515 49.342 3.48253
34.8 14.9741 30.1353 49.3556 3.49867
34.9 15.0167 30.1192 49.3689 3.51484
35 15.0593 30.1029 49.382 3.53106
35.1 15.1019 30.0867 49.3947 3.54732
35.2 15.1445 30.0704 49.4072 3.56362
35.3 15.187 30.054 49.4194 3.57995
35.4 15.2296 30.0377 49.4313 3.59633
35.5 15.2722 30.0213 49.4429 3.61275
35.6 15.3148 30.0048 49.4542 3.62921
35.7 15.3573 29.9883 49.4653 3.64571
35.8 15.3999 29.9718 49.4761 3.66225
35.9 15.4424 29.9552 49.4866 3.67882
36 15.485 29.9386 49.4968 3.69544
36.1 15.5275 29.9219 49.5068 3.7121
36.2 15.5701 29.9052 49.5165 3.7288
36.3 15.6126 29.8885 49.5259 3.74554
36.4 15.6551 29.8717 49.5351 3.76232
36.5 15.6977 29.8549 49.544 3.77914
36.6 15.7402 29.838 49.5526 3.79599
36.7 15.7827 29.8211 49.561 3.81289
36.8 15.8252 29.8042 49.5691 3.82983
36.9 15.8678 29.7872 49.577 3.84681
37 15.9103 29.7702 49.5846 3.86382
37.1 15.9528 29.7531 49.592 3.88088
37.2 15.9953 29.736 49.5991 3.89797
37.3 16.0378 29.7189 49.6059 3.91511
37.4 16.0803 29.7017 49.6125 3.93228
37.5 16.1227 29.6845 49.6189 3.94949
37.6 16.1652 29.6673 49.625 3.96675
37.7 16.2077 29.65 49.6309 3.98404
37.8 16.2502 29.6326 49.6365 4.00137
37.9 16.2926 29.6153 49.6419 4.01874
38 16.3351 29.5979 49.647 4.03615
38.1 16.3776 29.5804 49.6519 4.05359
38.2 16.42 29.5629 49.6566 4.07108
38.3 16.4625 29.5454 49.661 4.0886
38.4 16.5049 29.5278 49.6652 4.10617
38.5 16.5474 29.5102 49.6692 4.12377
38.6 16.5898 29.4926 49.673 4.14141
38.7 16.6323 29.4749 49.6765 4.15909
38.8 16.6747 29.4572 49.6798 4.17681
38.9 16.7171 29.4394 49.6828 4.19457
39 16.7595 29.4216 49.6857 4.21236
39.1 16.8019 29.4038 49.6883 4.2302
39.2 16.8444 29.3859 49.6907 4.24807
39.3 16.8868 29.368 49.6928 4.26598
39.4 16.9292 29.3501 49.6948 4.28393
39.5 16.9716 29.3321 49.6965 4.30192
39.6 17.014 29.3141 49.698 4.31994
39.7 17.0564 29.296 49.6993 4.338
39.8 17.0987 29.2779 49.7004 4.3561
39.9 17.1411 29.2598 49.7013 4.37424
40 17.1835 29.2416 49.702 4.39242
40.1 17.2259 29.2234 49.7024 4.41064
40.2 17.2682 29.2051 49.7027 4.42889
40.3 17.3106 29.1868 49.7027 4.44718
40.4 17.3529 29.1685 49.7026 4.46551
40.5 17.3953 29.1501 49.7022 4.48387
40.6 17.4376 29.1317 49.7016 4.50228
40.7 17.48 29.1133 49.7008 4.52072
40.8 17.5223 29.0948 49.6999 4.53919
40.9 17.5647 29.0763 49.6987 4.55771
41 17.607 29.0577 49.6973 4.57626
41.1 17.6493 29.0391 49.6958 4.59485
41.2 17.6916 29.0205 49.694 4.61348
41.3 17.7339 29.0019 49.692 4.63214
41.4 17.7763 28.9832 49.6899 4.65085
41.5 17.8186 28.9644 49.6875 4.66958
41.6 17.8609 28.9456 49.685 4.68836
41.7 17.9031 28.9268 49.6823 4.70717
41.8 17.9454 28.908 49.6794 4.72602
41.9 17.9877 28.8891 49.6763 4.74491
42 18.03 28.8702 49.673 4.76383
42.1 18.0723 28.8512 49.6695 4.78279
42.2 18.1145 28.8322 49.6658 4.80179
42.3 18.1568 28.8132 49.662 4.82082
42.4 18.1991 28.7941 49.658 4.83989
42.5 18.2413 28.775 49.6538 4.859
42.6 18.2836 28.7559 49.6494 4.87814
42.7 18.3258 28.7367 49.6448 4.89732
42.8 18.368 28.7175 49.6401 4.91654
42.9 18.4103 28.6982 49.6352 4.93579
43 18.4525 28.6789 49.6301 4.95507
43.1 18.4947 28.6596 49.6248 4.9744
43.2 18.5369 28.6402 49.6194 4.99376
43.3 18.5792 28.6208 49.6137 5.01315
43.4 18.6214 28.6014 49.608 5.03259
43.5 18.6636 28.5819 49.602 5.05205
43.6 18.7058 28.5624 49.5959 5.07156
43.7 18.748 28.5429 49.5896 5.0911
43.8 18.7901 28.5233 49.5831 5.11067
43.9 18.8323 28.5037 49.5765 5.13028
44 18.8745 28.4841 49.5697 5.14993
44.1 18.9167 28.4644 49.5627 5.16961
44.2 18.9588 28.4447 49.5556 5.18933
44.3 19.001 28.4249 49.5483 5.20908
44.4 19.0431 28.4051 49.5409 5.22887
44.5 19.0853 28.3853 49.5333 5.24869
44.6 19.1274 28.3654 49.5255 5.26855
44.7 19.1696 28.3456 49.5176 5.28845
44.8 19.2117 28.3256 49.5095 5.30838
44.9 19.2538 28.3057 49.5012 5.32834
45 19.296 28.2857 49.4928 5.34834
45.1 19.3381 28.2656 49.4843 5.36837
45.2 19.3802 28.2456 49.4756 5.38844
45.3 19.4223 28.2255 49.4667 5.40855
45.4 19.4644 28.2053 49.4577 5.42868
45.5 19.5065 28.1851 49.4485 5.44886
45.6 19.5486 28.1649 49.4392 5.46906
45.7 19.5906 28.1447 49.4297 5.48931
45.8 19.6327 28.1244 49.4201 5.50958
45.9 19.6748 28.1041 49.4103 5.5299
46 19.7169 28.0838 49.4004 5.55024
46.1 19.7589 28.0634 49.3904 5.57062
46.2 19.801 28.043 49.3802 5.59104
46.3 19.843 28.0225 49.3698 5.61148
46.4 19.8851 28.002 49.3593 5.63197
46.5 19.9271 27.9815 49.3487 5.65248
46.6 19.9691 27.961 49.3379 5.67303
46.7 20.0112 27.9404 49.327 5.69362
46.8 20.0532 27.9198 49.3159 5.71424
46.9 20.0952 27.8991 49.3047 5.73489
47 20.1372 27.8784 49.2933 5.75558
47.1 20.1792 27.8577 49.2818 5.7763
47.2 20.2212 27.837 49.2702 5.79705
47.3 20.2632 27.8162 49.2585 5.81784
47.4 20.3052 27.7953 49.2466 5.83866
47.5 20.3471 27.7745 49.2345 5.85951
47.6 20.3891 27.7536 49.2224 5.8804
47.7 20.4311 27.7327 49.2101 5.90132
47.8 20.473 27.7117 49.1976 5.92227
47.9 20.515 27.6907 49.1851 5.94326
48 20.5569 27.6697 49.1723 5.96428
48.1 20.5989 27.6487 49.1595 5.98533
48.2 20.6408 27.6276 49.1466 6.00642
48.3 20.6828 27.6065 49.1335 6.02754
48.4 20.7247 27.5853 49.1202 6.04869
48.5 20.7666 27.5641 49.1069 6.06987
48.6 20.8085 27.5429 49.0934 6.09109
48.7 20.8504 27.5217 49.0798 6.11234
48.8 20.8923 27.5004 49.0661 6.13363
48.9 20.9342 27.4791 49.0522 6.15494
49 20.9761 27.4577 49.0382 6.17629
49.1 21.018 27.4363 49.0241 6.19767
49.2 21.0598 27.4149 49.0099 6.21908
49.3 21.1017 27.3935 48.9955 6.24053
49.4 21.1436 27.372 48.9811 6.262
49.5 21.1854 27.3505 48.9665 6.28351
49.6 21.2273 27.3289 48.9517 6.30505
49.7 21.2691 27.3074 48.9369 6.32663
49.8 21.311 27.2858 48.9219 6.34823
49.9 21.3528 27.2641 48.9069 6.36987
50 21.3946 27.2425 48.8917 6.39154
50.1 21.4364 27.2208 48.8763 6.41324
50.2 21.4782 27.199 48.8609 6.43497
50.3 21.52 27.1773 48.8454 6.45674
50.4 21.5618 27.1555 48.8297 6.47853
50.5 21.6036 27.1336 48.8139 6.50036
50.6 21.6454 27.1118 48.798 6.52222
50.7 21.6872 27.0899 48.782 6.54411
50.8 21.729 27.068 48.7659 6.56603
50.9 21.7707 27.046 48.7496 6.58798
51 21.8125 27.024 48.7333 6.60997
51.1 21.8542 27.002 48.7168 6.63198
51.2 21.896 26.98 48.7003 6.65403
51.3 21.9377 26.9579 48.6836 6.6761
51.4 21.9794 26.9358 48.6668 6.69821
51.5 22.0212 26.9136 48.6499 6.72035
51.6 22.0629 26.8915 48.6329 6.74252
51.7 22.1046 26.8693 48.6158 6.76472
51.8 22.1463 26.8471 48.5985 6.78695
51.9 22.188 26.8248 48.5812 6.80921
52 22.2297 26.8025 48.5637 6.8315
52.1 22.2714 26.7802 48.5462 6.85382
52.2 22.313 26.7578 48.5285 6.87618
52.3 22.3547 26.7354 48.5108 6.89856
52.4 22.3964 26.713 48.4929 6.92097
52.5 22.438 26.6906 48.475 6.94342
52.6 22.4797 26.6681 48.4569 6.96589
52.7 22.5213 26.6456 48.4387 6.98839
52.8 22.563 26.6231 48.4204 7.01092
52.9 22.6046 26.6005 48.4021 7.03349
53 22.6462 26.5779 48.3836 7.05608
53.1 22.6878 26.5553 48.365 7.0787
53.2 22.7294 26.5326 48.3463 7.10135
53.3 22.771 26.51 48.3275 7.12404
53.4 22.8126 26.4873 48.3087 7.14675
53.5 22.8542 26.4645 48.2897 7.16949
53.6 22.8958 26.4417 48.2706 7.19226
53.7 22.9374 26.4189 48.2514 7.21506
53.8 22.9789 26.3961 48.2322 7.23789
53.9 23.0205 26.3733 48.2128 7.26074
54 23.062 26.3504 48.1933 7.28363
54.1 23.1036 26.3275 48.1738 7.30655
54.2 23.1451 26.3045 48.1541 7.32949
54.3 23.1866 26.2815 48.1344 7.35247
54.4 23.2282 26.2585 48.1145 7.37547
54.5 23.2697 26.2355 48.0946 7.3985
54.6 23.3112 26.2124 48.0745 7.42156
54.7 23.3527 26.1894 48.0544 7.44465
54.8 23.3942 26.1662 48.0342 7.46777
54.9 23.4356 26.1431 48.0139 7.49091
55 23.4771 26.1199 47.9935 7.51409
55.1 23.5186 26.0967 47.973 7.53729
55.2 23.56 26.0735 47.9524 7.56052
55.3 23.6015 26.0502 47.9317 7.58378
55.4 23.6429 26.0269 47.911 7.60706
55.5 23.6844 26.0036 47.8901 7.63038
55.6 23.7258 25.9803 47.8692 7.65372
55.7 23.7672 25.9569 47.8481 7.67709
55.8 23.8087 25.9335 47.827 7.70049
55.9 23.8501 25.9101 47.8058 7.72392
56 23.8915 25.8866 47.7845 7.74737
56.1 23.9329 25.8631 47.7631 7.77086
56.2 23.9742 25.8396 47.7417 7.79437
56.3 24.0156 25.8161 47.7201 7.8179
56.4 24.057 25.7925 47.6985 7.84147
56.5 24.0983 25.7689 47.6767 7.86506
56.6 24.1397 25.7453 47.6549 7.88868
56.7 24.181 25.7217 47.633 7.91232
56.8 24.2224 25.698 47.6111 7.936
56.9 24.2637 25.6743 47.589 7.9597
57 24.305 25.6506 47.5669 7.98343
57.1 24.3463 25.6268 47.5446 8.00718
57.2 24.3876 25.603 47.5223 8.03096
57.3 24.4289 25.5792 47.4999 8.05477
57.4 24.4702 25.5554 47.4775 8.0786
57.5 24.5115 25.5315 47.4549 8.10246
57.6 24.5528 25.5076 47.4323 8.12635
57.7 24.5941 25.4837 47.4096 8.15027
57.8 24.6353 25.4598 47.3868 8.17421
57.9 24.6766 25.4358 47.3639 8.19817
58 24.7178 25.4118 47.3409 8.22217
58.1 24.759 25.3878 47.3179 8.24619
58.2 24.8003 25.3638 47.2948 8.27023
58.3 24.8415 25.3397 47.2716 8.2943
58.4 24.8827 25.3156 47.2483 8.3184
58.5 24.9239 25.2915 47.225 8.34252
58.6 24.9651 25.2673 47.2016 8.36667
58.7 25.0062 25.2432 47.1781 8.39085
58.8 25.0474 25.219 47.1545 8.41505
58.9 25.0886 25.1947 47.1308 8.43928
59 25.1297 25.1705 47.1071 8.46353
59.1 25.1709 25.1462 47.0833 8.4878
59.2 25.212 25.1219 47.0594 8.51211
59.3 25.2532 25.0976 47.0355 8.53643
59.4 25.2943 25.0732 47.0115 8.56079
59.5 25.3354 25.0488 46.9874 8.58517
59.6 25.3765 25.0244 46.9632 8.60957
59.7 25.4176 25 46.939 8.634
59.8 25.4587 24.9755 46.9146 8.65845
59.9 25.4998 24.9511 46.8902 8.68293
60 25.5408 24.9266 46.8658 8.70743
60.1 25.5819 24.902 46.8412 8.73196
60.2 25.623 24.8775 46.8166 8.75651
60.3 25.664 24.8529 46.792 8.78109
60.4 25.705 24.8283 46.7672 8.80569
60.5 25.7461 24.8037 46.7424 8.83032
60.6 25.7871 24.779 46.7175 8.85497
60.7 25.8281 24.7544 46.6926 8.87964
60.8 25.8691 24.7297 46.6675 8.90434
60.9 25.9101 24.7049 46.6424 8.92906
61 25.9511 24.6802 46.6173 8.95381
61.1 25.9921 24.6554 46.592 8.97858
61.2 26.033 24.6306 46.5667 9.00337
61.3 26.074 24.6058 46.5414 9.02819
61.4 26.1149 24.581 46.5159 9.05303
61.5 26.1559 24.5561 46.4904 9.0779
61.6 26.1968 24.5312 46.4648 9.10279
61.7 26.2377 24.5063 46.4392 9.1277
61.8 26.2786 24.4814 46.4135 9.15263
61.9 26.3195 24.4564 46.3877 9.17759
62 26.3604 24.4314 46.3619 9.20258
62.1 26.4013 24.4064 46.336 9.22758
62.2 26.4422 24.3814 46.31 9.25261
62.3 26.483 24.3563 46.284 9.27766
62.4 26.5239 24.3313 46.2579 9.30274
62.5 26.5647 24.3062 46.2317 9.32784
62.6 26.6056 24.281 46.2055 9.35296
62.7 26.6464 24.2559 46.1792 9.3781
62.8 26.6872 24.2307 46.1528 9.40327
62.9 26.728 24.2055 46.1264 9.42845
63 26.7688 24.1803 46.1 9.45367
63.1 26.8096 24.1551 46.0734 9.4789
63.2 26.8504 24.1298 46.0468 9.50416
63.3 26.8912 24.1046 46.0201 9.52943
63.4 26.9319 24.0793 45.9934 9.55473
63.5 26.9727 24.0539 45.9666 9.58006
63.6 27.0134 24.0286 45.9398 9.6054
63.7 27.0541 24.0032 45.9129 9.63077
63.8 27.0949 23.9778 45.8859 9.65616
63.9 27.1356 23.9524 45.8588 9.68157
64 27.1763 23.927 45.8318 9.707
64.1 27.217 23.9015 45.8046 9.73245
64.2 27.2577 23.8761 45.7774 9.75793
64.3 27.2983 23.8506 45.7501 9.78342
64.4 27.339 23.8251 45.7228 9.80894
64.5 27.3796 23.7995 45.6954 9.83448
64.6 27.4203 23.774 45.6679 9.86004
64.7 27.4609 23.7484 45.6404 9.88562
64.8 27.5015 23.7228 45.6129 9.91123
64.9 27.5422 23.6971 45.5852 9.93685
65 27.5828 23.6715 45.5576 9.9625
65.1 27.6234 23.6458 45.5298 9.98816
65.2 27.6639 23.6202 45.502 10.0138
65.3 27.7045 23.5944 45.4742 10.0396
65.4 27.7451 23.5687 45.4463 10.0653
65.5 27.7856 23.543 45.4183 10.091
65.6 27.8262 23.5172 45.3903 10.1168
65.7 27.8667 23.4914 45.3622 10.1426
65.8 27.9072 23.4656 45.3341 10.1684
65.9 27.9477 23.4398 45.3059 10.1942
66 27.9882 23.4139 45.2776 10.2201
66.1 28.0287 23.388 45.2493 10.246
66.2 28.0692 23.3622 45.221 10.2718
66.3 28.1097 23.3362 45.1926 10.2978
66.4 28.1501 23.3103 45.1641 10.3237
66.5 28.1906 23.2844 45.1356 10.3496
66.6 28.231 23.2584 45.107 10.3756
66.7 28.2714 23.2324 45.0784 10.4016
66.8 28.3118 23.2064 45.0497 10.4276
66.9 28.3522 23.1804 45.021 10.4536
67 28.3926 23.1543 44.9922 10.4797
67.1 28.433 23.1283 44.9634 10.5057
67.2 28.4734 23.1022 44.9345 10.5318
67.3 28.5138 23.0761 44.9055 10.5579
67.4 28.5541 23.0499 44.8765 10.5841
67.5 28.5945 23.0238 44.8475 10.6102
67.6 28.6348 22.9976 44.8184 10.6364
67.7 28.6751 22.9715 44.7892 10.6625
67.8 28.7154 22.9453 44.76 10.6887
67.9 28.7557 22.919 44.7308 10.715
68 28.796 22.8928 44.7015 10.7412
68.1 28.8363 22.8665 44.6721 10.7675
68.2 28.8765 22.8403 44.6427 10.7937
68.3 28.9168 22.814 44.6133 10.82
68.4 28.957 22.7877 44.5838 10.8463
68.5 28.9972 22.7613 44.5542 10.8727
68.6 29.0375 22.735 44.5246 10.899
68.7 29.0777 22.7086 44.495 10.9254
68.8 29.1179 22.6822 44.4653 10.9518
68.9 29.1581 22.6558 44.4355 10.9782
69 29.1982 22.6294 44.4057 11.0046
69.1 29.2384 22.603 44.3759 11.031
69.2 29.2785 22.5765 44.346 11.0575
69.3 29.3187 22.5501 44.3161 11.0839
69.4 29.3588 22.5236 44.2861 11.1104
69.5 29.3989 22.4971 44.256 11.1369
69.6 29.439 22.4705 44.226 11.1635
69.7 29.4791 22.444 44.1958 11.19
69.8 29.5192 22.4174 44.1657 11.2166
69.9 29.5593 22.3909 44.1354 11.2431
70 29.5993 22.3643 44.1052 11.2697
70.1 29.6394 22.3377 44.0748 11.2963
70.2 29.6794 22.311 44.0445 11.323
70.3 29.7194 22.2844 44.0141 11.3496
70.4 29.7594 22.2577 43.9836 11.3763
70.5 29.7994 22.2311 43.9531 11.4029
70.6 29.8394 22.2044 43.9226 11.4296
70.7 29.8794 22.1777 43.892 11.4563
70.8 29.9194 22.1509 43.8613 11.4831
70.9 29.9593 22.1242 43.8306 11.5098
71 29.9992 22.0974 43.7999 11.5366
71.1 30.0392 22.0707 43.7691 11.5633
71.2 30.0791 22.0439 43.7383 11.5901
71.3 30.119 22.0171 43.7075 11.6169
71.4 30.1589 21.9902 43.6766 11.6438
71.5 30.1988 21.9634 43.6456 11.6706
71.6 30.2386 21.9366 43.6146 11.6974
71.7 30.2785 21.9097 43.5836 11.7243
71.8 30.3183 21.8828 43.5525 11.7512
71.9 30.3581 21.8559 43.5214 11.7781
72 30.398 21.829 43.4902 11.805
72.1 30.4378 21.8021 43.459 11.8319
72.2 30.4776 21.7751 43.4277 11.8589
72.3 30.5173 21.7482 43.3965 11.8858
72.4 30.5571 21.7212 43.3651 11.9128
72.5 30.5968 21.6942 43.3337 11.9398
72.6 30.6366 21.6672 43.3023 11.9668
72.7 30.6763 21.6402 43.2709 11.9938
72.8 30.716 21.6131 43.2394 12.0209
72.9 30.7557 21.5861 43.2078 12.0479
73 30.7954 21.559 43.1762 12.075
73.1 30.8351 21.5319 43.1446 12.1021
73.2 30.8748 21.5048 43.1129 12.1292
73.3 30.9144 21.4777 43.0812 12.1563
73.4 30.954 21.4506 43.0495 12.1834
73.5 30.9937 21.4235 43.0177 12.2105
73.6 31.0333 21.3963 42.9858 12.2377
73.7 31.0729 21.3692 42.954 12.2648
73.8 31.1125 21.342 42.922 12.292
73.9 31.152 21.3148 42.8901 12.3192
74 31.1916 21.2876 42.8581 12.3464
74.1 31.2311 21.2604 42.8261 12.3736
74.2 31.2707 21.2332 42.794 12.4008
74.3 31.3102 21.2059 42.7619 12.4281
74.4 31.3497 21.1786 42.7297 12.4554
74.5 31.3892 21.1514 42.6976 12.4826
74.6 31.4287 21.1241 42.6653 12.5099
74.7 31.4681 21.0968 42.6331 12.5372
74.8 31.5076 21.0695 42.6008 12.5645
74.9 31.547 21.0422 42.5684 12.5918
75 31.5864 21.0148 42.536 12.6192
75.1 31.6258 20.9875 42.5036 12.6465
75.2 31.6652 20.9601 42.4712 12.6739
75.3 31.7046 20.9327 42.4387 12.7013
75.4 31.744 20.9053 42.4061 12.7287
75.5 31.7833 20.8779 42.3736 12.7561
75.6 31.8227 20.8505 42.3409 12.7835
75.7 31.862 20.8231 42.3083 12.8109
75.8 31.9013 20.7957 42.2756 12.8383
75.9 31.9406 20.7682 42.2429 12.8658
76 31.9799 20.7408 42.2101 12.8932
76.1 32.0192 20.7133 42.1774 12.9207
76.2 32.0584 20.6858 42.1445 12.9482
76.3 32.0977 20.6583 42.1117 12.9757
76.4 32.1369 20.6308 42.0788 13.0032
76.5 32.1761 20.6033 42.0458 13.0307
76.6 32.2153 20.5758 42.0128 13.0582
76.7 32.2545 20.5482 41.9798 13.0858
76.8 32.2937 20.5207 41.9468 13.1133
76.9 32.3328 20.4931 41.9137 13.1409
77 32.372 20.4655 41.8806 13.1685
77.1 32.4111 20.4379 41.8474 13.1961
77.2 32.4502 20.4103 41.8143 13.2237
77.3 32.4893 20.3827 41.781 13.2513
77.4 32.5284 20.3551 41.7478 13.2789
77.5 32.5675 20.3275 41.7145 13.3065
77.6 32.6065 20.2998 41.6812 13.3342
77.7 32.6455 20.2722 41.6478 13.3618
77.8 32.6846 20.2445 41.6144 13.3895
77.9 32.7236 20.2168 41.581 13.4172
78 32.7626 20.1891 41.5475 13.4449
78.1 32.8016 20.1615 41.514 13.4725
78.2 32.8405 20.1337 41.4805 13.5003
78.3 32.8795 20.106 41.4469 13.528
78.4 32.9184 20.0783 41.4133 13.5557
78.5 32.9573 20.0506 41.3797 13.5834
78.6 32.9962 20.0228 41.346 13.6112
78.7 33.0351 19.9951 41.3123 13.6389
78.8 33.074 19.9673 41.2786 13.6667
78.9 33.1128 19.9395 41.2448 13.6945
79 33.1517 19.9118 41.211 13.7222
79.1 33.1905 19.884 41.1772 13.75
79.2 33.2293 19.8562 41.1433 13.7778
79.3 33.2681 19.8284 41.1095 13.8056
79.4 33.3069 19.8005 41.0755 13.8335
79.5 33.3456 19.7727 41.0416 13.8613
79.6 33.3844 19.7449 41.0076 13.8891
79.7 33.4231 19.717 40.9736 13.917
79.8 33.4618 19.6892 40.9395 13.9448
79.9 33.5005 19.6613 40.9054 13.9727
80 33.5392 19.6334 40.8713 14.0006
80.1 33.5779 19.6055 40.8371 14.0285
80.2 33.6165 19.5777 40.803 14.0563
80.3 33.6552 19.5498 40.7687 14.0842
80.4 33.6938 19.5218 40.7345 14.1122
80.5 33.7324 19.4939 40.7002 14.1401
80.6 33.771 19.466 40.6659 14.168
80.7 33.8096 19.4381 40.6316 14.1959
80.8 33.8481 19.4101 40.5972 14.2239
80.9 33.8866 19.3822 40.5628 14.2518
81 33.9252 19.3542 40.5284 14.2798
81.1 33.9637 19.3263 40.4939 14.3077
81.2 34.0022 19.2983 40.4594 14.3357
81.3 34.0406 19.2703 40.4249 14.3637
81.4 34.0791 19.2423 40.3904 14.3917
81.5 34.1175 19.2143 40.3558 14.4197
81.6 34.1559 19.1863 40.3212 14.4477
81.7 34.1944 19.1583 40.2865 14.4757
81.8 34.2327 19.1303 40.2519 14.5037
81.9 34.2711 19.1023 40.2172 14.5317
82 34.3095 19.0743 40.1824 14.5597
82.1 34.3478 19.0462 40.1477 14.5878
82.2 34.3861 19.0182 40.1129 14.6158
82.3 34.4244 18.9901 40.0781 14.6439
82.4 34.4627 18.9621 40.0432 14.6719
82.5 34.501 18.934 40.0084 14.7
82.6 34.5392 18.906 39.9735 14.728
82.7 34.5775 18.8779 39.9385 14.7561
82.8 34.6157 18.8498 39.9036 14.7842
82.9 34.6539 18.8217 39.8686 14.8123
83 34.6921 18.7936 39.8336 14.8404
83.1 34.7302 18.7655 39.7985 14.8685
83.2 34.7684 18.7374 39.7634 14.8966
83.3 34.8065 18.7093 39.7283 14.9247
83.4 34.8446 18.6812 39.6932 14.9528
83.5 34.8827 18.6531 39.6581 14.9809
83.6 34.9208 18.6249 39.6229 15.0091
83.7 34.9588 18.5968 39.5877 15.0372
83.8 34.9969 18.5687 39.5524 15.0653
83.9 35.0349 18.5405 39.5171 15.0935
84 35.0729 18.5124 39.4819 15.1216
84.1 35.1109 18.4842 39.4465 15.1498
84.2 35.1488 18.456 39.4112 15.178
84.3 35.1868 18.4279 39.3758 15.2061
84.4 35.2247 18.3997 39.3404 15.2343
84.5 35.2626 18.3715 39.305 15.2625
84.6 35.3005 18.3434 39.2695 15.2906
84.7 35.3384 18.3152 39.234 15.3188
84.8 35.3762 18.287 39.1985 15.347
84.9 35.4141 18.2588 39.163 15.3752
85 35.4519 18.2306 39.1274 15.4034
85.1 35.4897 18.2024 39.0918 15.4316
85.2 35.5275 18.1742 39.0562 15.4598
85.3 35.5652 18.146 39.0206 15.488
85.4 35.603 18.1178 38.9849 15.5162
85.5 35.6407 18.0895 38.9492 15.5445
85.6 35.6784 18.0613 38.9135 15.5727
85.7 35.7161 18.0331 38.8777 15.6009
85.8 35.7537 18.0049 38.842 15.6291
85.9 35.7914 17.9766 38.8062 15.6574
86 35.829 17.9484 38.7703 15.6856
86.1 35.8666 17.9201 38.7345 15.7139
86.2 35.9042 17.8919 38.6986 15.7421
86.3 35.9418 17.8637 38.6627 15.7703
86.4 35.9793 17.8354 38.6268 15.7986
86.5 36.0169 17.8072 38.5908 15.8268
86.6 36.0544 17.7789 38.5549 15.8551
86.7 36.0919 17.7506 38.5189 15.8834
86.8 36.1293 17.7224 38.4828 15.9116
86.9 36.1668 17.6941 38.4468 15.9399
87 36.2042 17.6658 38.4107 15.9682
87.1 36.2416 17.6376 38.3746 15.9964
87.2 36.279 17.6093 38.3385 16.0247
87.3 36.3164 17.581 38.3024 16.053
87.4 36.3537 17.5527 38.2662 16.0813
87.5 36.3911 17.5245 38.23 16.1095
87.6 36.4284 17.4962 38.1938 16.1378
87.7 36.4656 17.4679 38.1575 16.1661
87.8 36.5029 17.4396 38.1213 16.1944
87.9 36.5402 17.4113 38.085 16.2227
88 36.5774 17.383 38.0486 16.251
88.1 36.6146 17.3547 38.0123 16.2793
88.2 36.6518 17.3265 37.9759 16.3075
88.3 36.6889 17.2982 37.9396 16.3358
88.4 36.7261 17.2699 37.9032 16.3641
88.5 36.7632 17.2416 37.8667 16.3924
88.6 36.8003 17.2133 37.8303 16.4207
88.7 36.8374 17.185 37.7938 16.449
88.8 36.8744 17.1567 37.7573 16.4773
88.9 36.9115 17.1284 37.7208 16.5056
89 36.9485 17.1001 37.6842 16.5339
89.1 36.9855 17.0718 37.6476 16.5622
89.2 37.0225 17.0435 37.611 16.5905
89.3 37.0594 17.0151 37.5744 16.6189
89.4 37.0963 16.9868 37.5378 16.6472
89.5 37.1332 16.9585 37.5011 16.6755
89.6 37.1701 16.9302 37.4644 16.7038
89.7 37.207 16.9019 37.4277 16.7321
89.8 37.2438 16.8736 37.391 16.7604
89.9 37.2807 16.8453 37.3542 16.7887
90 37.3175 16.817 37.3175 16.817
90.1 37.3542 16.7887 37.2807 16.8453
90.2 37.391 16.7604 37.2438 16.8736
90.3 37.4277 16.7321 37.207 16.9019
90.4 37.4644 16.7038 37.1701 16.9302
90.5 37.5011 16.6755 37.1332 16.9585
90.6 37.5378 16.6472 37.0963 16.9868
90.7 37.5744 16.6189 37.0594 17.0151
90.8 37.611 16.5905 37.0225 17.0435
90.9 37.6476 16.5622 36.9855 17.0718
91 37.6842 16.5339 36.9485 17.1001
91.1 37.7208 16.5056 36.9115 17.1284
91.2 37.7573 16.4773 36.8744 17.1567
91.3 37.7938 16.449 36.8374 17.185
91.4 37.8303 16.4207 36.8003 17.2133
91.5 37.8667 16.3924 36.7632 17.2416
91.6 37.9032 16.3641 36.7261 17.2699
91.7 37.9396 16.3358 36.6889 17.2982
91.8 37.9759 16.3075 36.6518 17.3265
91.9 38.0123 16.2793 36.6146 17.3547
92 38.0486 16.251 36.5774 17.383
92.1 38.085 16.2227 36.5402 17.4113
92.2 38.1213 16.1944 36.5029 17.4396
92.3 38.1575 16.1661 36.4656 17.4679
92.4 38.1938 16.1378 36.4284 17.4962
92.5 38.23 16.1095 36.3911 17.5245
92.6 38.2662 16.0813 36.3537 17.5527
92.7 38.3024 16.053 36.3164 17.581
92.8 38.3385 16.0247 36.279 17.6093
92.9 38.3746 15.9964 36.2416 17.6376
93 38.4107 15.9682 36.2042 17.6658
93.1 38.4468 15.9399 36.1668 17.6941
93.2 38.4828 15.9116 36.1293 17.7224
93.3 38.5189 15.8834 36.0919 17.7506
93.4 38.5549 15.8551 36.0544 17.7789
93.5 38.5908 15.8268 36.0169 17.8072
93.6 38.6268 15.7986 35.9793 17.8354
93.7 38.6627 15.7703 35.9418 17.8637
93.8 38.6986 15.7421 35.9042 17.8919
93.9 38.7345 15.7139 35.8666 17.9201
94 38.7703 15.6856 35.829 17.9484
94.1 38.8062 15.6574 35.7914 17.9766
94.2 38.842 15.6291 35.7537 18.0049
94.3 38.8777 15.6009 35.7161 18.0331
94.4 38.9135 15.5727 35.6784 18.0613
94.5 38.9492 15.5445 35.6407 18.0895
94.6 38.9849 15.5162 35.603 18.1178
94.7 39.0206 15.488 35.5652 18.146
94.8 39.0562 15.4598 35.5275 18.1742
94.9 39.0918 15.4316 35.4897 18.2024
95 39.1274 15.4034 35.4519 18.2306
95.1 39.163 15.3752 35.4141 18.2588
95.2 39.1985 15.347 35.3762 18.287
95.3 39.234 15.3188 35.3384 18.3152
95.4 39.2695 15.2906 35.3005 18.3434
95.5 39.305 15.2625 35.2626 18.3715
95.6 39.3404 15.2343 35.2247 18.3997
95.7 39.3758 15.2061 35.1868 18.4279
95.8 39.4112 15.178 35.1488 18.456
95.9 39.4465 15.1498 35.1109 18.4842
96 39.4819 15.1216 35.0729 18.5124
96.1 39.5171 15.0935 35.0349 18.5405
96.2 39.5524 15.0653 34.9969 18.5687
96.3 39.5877 15.0372 34.9588 18.5968
96.4 39.6229 15.0091 34.9208 18.6249
96.5 39.6581 14.9809 34.8827 18.6531
96.6 39.6932 14.9528 34.8446 18.6812
96.7 39.7283 14.9247 34.8065 18.7093
96.8 39.7634 14.8966 34.7684 18.7374
96.9 39.7985 14.8685 34.7302 18.7655
97 39.8336 14.8404 34.6921 18.7936
97.1 39.8686 14.8123 34.6539 18.8217
97.2 39.9036 14.7842 34.6157 18.8498
97.3 39.9385 14.7561 34.5775 18.8779
97.4 39.9735 14.728 34.5392 18.906
97.5 40.0084 14.7 34.501 18.934
97.6 40.0432 14.6719 34.4627 18.9621
97.7 40.0781 14.6439 34.4244 18.9901
97.8 40.1129 14.6158 34.3861 19.0182
97.9 40.1477 14.5878 34.3478 19.0462
98 40.1824 14.5597 34.3095 19.0743
98.1 40.2172 14.5317 34.2711 19.1023
98.2 40.2519 14.5037 34.2327 19.1303
98.3 40.2865 14.4757 34.1944 19.1583
98.4 40.3212 14.4477 34.1559 19.1863
98.5 40.3558 14.4197 34.1175 19.2143
98.6 40.3904 14.3917 34.0791 19.2423
98.7 40.4249 14.3637 34.0406 19.2703
98.8 40.4594 14.3357 34.0022 19.2983
98.9 40.4939 14.3077 33.9637 19.3263
99 40.5284 14.2798 33.9252 19.3542
99.1 40.5628 14.2518 33.8866 19.3822
99.2 40.5972 14.2239 33.8481 19.4101
99.3 40.6316 14.1959 33.8096 19.4381
99.4 40.6659 14.168 33.771 19.466
99.5 40.7002 14.1401 33.7324 19.4939
99.6 40.7345 14.1122 33.6938 19.5218
99.7 40.7687 14.0842 33.6552 19.5498
99.8 40.803 14.0563 33.6165 19.5777
99.9 40.8371 14.0285 33.5779 19.6055
100 40.8713 14.0006 33.5392 19.6334
100.1 40.9054 13.9727 33.5005 19.6613
100.2 40.9395 13.9448 33.4618 19.6892
100.3 40.9736 13.917 33.4231 19.717
100.4 41.0076 13.8891 33.3844 19.7449
100.5 41.0416 13.8613 33.3456 19.7727
100.6 41.0755 13.8335 33.3069 19.8005
100.7 41.1095 13.8056 33.2681 19.8284
100.8 41.1433 13.7778 33.2293 19.8562
100.9 41.1772 13.75 33.1905 19.884
101 41.211 13.7222 33.1517 19.9118
101.1 41.2448 13.6945 33.1128 19.9395
101.2 41.2786 13.6667 33.074 19.9673
101.3 41.3123 13.6389 33.0351 19.9951
101.4 41.346 13.6112 32.9962 20.0228
101.5 41.3797 13.5834 32.9573 20.0506
101.6 41.4133 13.5557 32.9184 20.0783
101.7 41.4469 13.528 32.8795 20.106
101.8 41.4805 13.5003 32.8405 20.1337
101.9 41.514 13.4725 32.8016 20.1615
102 41.5475 13.4449 32.7626 20.1891
102.1 41.581 13.4172 32.7236 20.2168
102.2 41.6144 13.3895 32.6846 20.2445
102.3 41.6478 13.3618 32.6455 20.2722
102.4 41.6812 13.3342 32.6065 20.2998
102.5 41.7145 13.3065 32.5675 20.3275
102.6 41.7478 13.2789 32.5284 20.3551
102.7 41.781 13.2513 32.4893 20.3827
102.8 41.8143 13.2237 32.4502 20.4103
102.9 41.8474 13.1961 32.4111 20.4379
103 41.8806 13.1685 32.372 20.4655
103.1 41.9137 13.1409 32.3328 20.4931
103.2 41.9468 13.1133 32.2937 20.5207
103.3 41.9798 13.0858 32.2545 20.5482
103.4 42.0128 13.0582 32.2153 20.5758
103.5 42.0458 13.0307 32.1761 20.6033
103.6 42.0788 13.0032 32.1369 20.6308
103.7 42.1117 12.9757 32.0977 20.6583
103.8 42.1445 12.9482 32.0584 20.6858
103.9 42.1774 12.9207 32.0192 20.7133
104 42.2101 12.8932 31.9799 20.7408
104.1 42.2429 12.8658 31.9406 20.7682
104.2 42.2756 12.8383 31.9013 20.7957
104.3 42.3083 12.8109 31.862 20.8231
104.4 42.3409 12.7835 31.8227 20.8505
104.5 42.3736 12.7561 31.7833 20.8779
104.6 42.4061 12.7287 31.744 20.9053
104.7 42.4387 12.7013 31.7046 20.9327
104.8 42.4712 12.6739 31.6652 20.9601
104.9 42.5036 12.6465 31.6258 20.9875
105 42.536 12.6192 31.5864 21.0148
105.1 42.5684 12.5918 31.547 21.0422
105.2 42.6008 12.5645 31.5076 21.0695
105.3 42.6331 12.5372 31.4681 21.0968
105.4 42.6653 12.5099 31.4287 21.1241
105.5 42.6976 12.4826 31.3892 21.1514
105.6 42.7297 12.4554 31.3497 21.1786
105.7 42.7619 12.4281 31.3102 21.2059
105.8 42.794 12.4008 31.2707 21.2332
105.9 42.8261 12.3736 31.2311 21.2604
106 42.8581 12.3464 31.1916 21.2876
106.1 42.8901 12.3192 31.152 21.3148
106.2 42.922 12.292 31.1125 21.342
106.3 42.954 12.2648 31.0729 21.3692
106.4 42.9858 12.2377 31.0333 21.3963
106.5 43.0177 12.2105 30.9937 21.4235
106.6 43.0495 12.1834 30.954 21.4506
106.7 43.0812 12.1563 30.9144 21.4777
106.8 43.1129 12.1292 30.8748 21.5048
106.9 43.1446 12.1021 30.8351 21.5319
107 43.1762 12.075 30.7954 21.559
107.1 43.2078 12.0479 30.7557 21.5861
107.2 43.2394 12.0209 30.716 21.6131
107.3 43.2709 11.9938 30.6763 21.6402
107.4 43.3023 11.9668 30.6366 21.6672
107.5 43.3337 11.9398 30.5968 21.6942
107.6 43.3651 11.9128 30.5571 21.7212
107.7 43.3965 11.8858 30.5173 21.7482
107.8 43.4277 11.8589 30.4776 21.7751
107.9 43.459 11.8319 30.4378 21.8021
108 43.4902 11.805 30.398 21.829
108.1 43.5214 11.7781 30.3581 21.8559
108.2 43.5525 11.7512 30.3183 21.8828
108.3 43.5836 11.7243 30.2785 21.9097
108.4 43.6146 11.6974 30.2386 21.9366
108.5 43.6456 11.6706 30.1988 21.9634
108.6 43.6766 11.6438 30.1589 21.9902
108.7 43.7075 11.6169 30.119 22.0171
108.8 43.7383 11.5901 30.0791 22.0439
108.9 43.7691 11.5633 30.0392 22.0707
109 43.7999 11.5366 29.9992 22.0974
109.1 43.8306 11.5098 29.9593 22.1242
109.2 43.8613 11.4831 29.9194 22.1509
109.3 43.892 11.4563 29.8794 22.1777
109.4 43.9226 11.4296 29.8394 22.2044
109.5 43.9531 11.4029 29.7994 22.2311
109.6 43.9836 11.3763 29.7594 22.2577
109.7 44.0141 11.3496 29.7194 22.2844
109.8 44.0445 11.323 29.6794 22.311
109.9 44.0748 11.2963 29.6394 22.3377
110 44.1052 11.2697 29.5993 22.3643
110.1 44.1354 11.2431 29.5593 22.3909
110.2 44.1657 11.2166 29.5192 22.4174
110.3 44.1958 11.19 29.4791 22.444
110.4 44.226 11.1635 29.439 22.4705
110.5 44.256 11.1369 29.3989 22.4971
110.6 44.2861 11.1104 29.3588 22.5236
110.7 44.3161 11.0839 29.3187 22.5501
110.8 44.346 11.0575 29.2785 22.5765
110.9 44.3759 11.031 29.2384 22.603
111 44.4057 11.0046 29.1982 22.6294
111.1 44.4355 10.9782 29.1581 22.6558
111.2 44.4653 10.9518 29.1179 22.6822
111.3 44.495 10.9254 29.0777 22.7086
111.4 44.5246 10.899 29.0375 22.735
111.5 44.5542 10.8727 28.9972 22.7613
111.6 44.5838 10.8463 28.957 22.7877
111.7 44.6133 10.82 28.9168 22.814
111.8 44.6427 10.7937 28.8765 22.8403
111.9 44.6721 10.7675 28.8363 22.8665
112 44.7015 10.7412 28.796 22.8928
112.1 44.7308 10.715 28.7557 22.919
112.2 44.76 10.6887 28.7154 22.9453
112.3 44.7892 10.6625 28.6751 22.9715
112.4 44.8184 10.6364 28.6348 22.9976
112.5 44.8475 10.6102 28.5945 23.0238
112.6 44.8765 10.5841 28.5541 23.0499
112.7 44.9055 10.5579 28.5138 23.0761
112.8 44.9345 10.5318 28.4734 23.1022
112.9 44.9634 10.5057 28.433 23.1283
113 44.9922 10.4797 28.3926 23.1543
113.1 45.021 10.4536 28.3522 23.1804
113.2 45.0497 10.4276 28.3118 23.2064
113.3 45.0784 10.4016 28.2714 23.2324
113.4 45.107 10.3756 28.231 23.2584
113.5 45.1356 10.3496 28.1906 23.2844
113.6 45.1641 10.3237 28.1501 23.3103
113.7 45.1926 10.2978 28.1097 23.3362
113.8 45.221 10.2718 28.0692 23.3622
113.9 45.2493 10.246 28.0287 23.388
114 45.2776 10.2201 27.9882 23.4139
114.1 45.3059 10.1942 27.9477 23.4398
114.2 45.3341 10.1684 27.9072 23.4656
114.3 45.3622 10.1426 27.8667 23.4914
114.4 45.3903 10.1168 27.8262 23.5172
114.5 45.4183 10.091 27.7856 23.543
114.6 45.4463 10.0653 27.7451 23.5687
114.7 45.4742 10.0396 27.7045 23.5944
114.8 45.502 10.0138 27.6639 23.6202
114.9 45.5298 9.98816 27.6234 23.6458
115 45.5576 9.9625 27.5828 23.6715
115.1 45.5852 9.93685 27.5422 23.6971
115.2 45.6129 9.91123 27.5015 23.7228
115.3 45.6404 9.88562 27.4609 23.7484
115.4 45.6679 9.86004 27.4203 23.774
115.5 45.6954 9.83448 27.3796 23.7995
115.6 45.7228 9.80894 27.339 23.8251
115.7 45.7501 9.78342 27.2983 23.8506
115.8 45.7774 9.75793 27.2577 23.8761
115.9 45.8046 9.73245 27.217 23.9015
116 45.8318 9.707 27.1763 23.927
116.1 45.8588 9.68157 27.1356 23.9524
116.2 45.8859 9.65616 27.0949 23.9778
116.3 45.9129 9.63077 27.0541 24.0032
116.4 45.9398 9.6054 27.0134 24.0286
116.5 45.9666 9.58006 26.9727 24.0539
116.6 45.9934 9.55473 26.9319 24.0793
116.7 46.0201 9.52943 26.8912 24.1046
116.8 46.0468 9.50416 26.8504 24.1298
116.9 46.0734 9.4789 26.8096 24.1551
117 46.1 9.45367 26.7688 24.1803
117.1 46.1264 9.42845 26.728 24.2055
117.2 46.1528 9.40327 26.6872 24.2307
117.3 46.1792 9.3781 26.6464 24.2559
117.4 46.2055 9.35296 26.6056 24.281
117.5 46.2317 9.32784 26.5647 24.3062
117.6 46.2579 9.30274 26.5239 24.3313
117.7 46.284 9.27766 26.483 24.3563
117.8 46.31 9.25261 26.4422 24.3814
117.9 46.336 9.22758 26.4013 24.4064
118 46.3619 9.20258 26.3604 24.4314
118.1 46.3877 9.17759 26.3195 24.4564
118.2 46.4135 9.15263 26.2786 24.4814
118.3 46.4392 9.1277 26.2377 24.5063
118.4 46.4648 9.10279 26.1968 24.5312
118.5 46.4904 9.0779 26.1559 24.5561
118.6 46.5159 9.05303 26.1149 24.581
118.7 46.5414 9.02819 26.074 24.6058
118.8 46.5667 9.00337 26.033 24.6306
118.9 46.592 8.97858 25.9921 24.6554
119 46.6173 8.95381 25.9511 24.6802
119.1 46.6424 8.92906 25.9101 24.7049
119.2 46.6675 8.90434 25.8691 24.7297
119.3 46.6926 8.87964 25.8281 24.7544
119.4 46.7175 8.85497 25.7871 24.779
119.5 46.7424 8.83032 25.7461 24.8037
119.6 46.7672 8.80569 25.705 24.8283
119.7 46.792 8.78109 25.664 24.8529
119.8 46.8166 8.75651 25.623 24.8775
119.9 46.8412 8.73196 25.5819 24.902
120 46.8658 8.70743 25.5408 24.9266
120.1 46.8902 8.68293 25.4998 24.9511
120.2 46.9146 8.65845 25.4587 24.9755
120.3 46.939 8.634 25.4176 25
120.4 46.9632 8.60957 25.3765 25.0244
120.5 46.9874 8.58517 25.3354 25.0488
120.6 47.0115 8.56079 25.2943 25.0732
120.7 47.0355 8.53643 25.2532 25.0976
120.8 47.0594 8.51211 25.212 25.1219
120.9 47.0833 8.4878 25.1709 25.1462
121 47.1071 8.46353 25.1297 25.1705
121.1 47.1308 8.43928 25.0886 25.1947
121.2 47.1545 8.41505 25.0474 25.219
121.3 47.1781 8.39085 25.0062 25.2432
121.4 47.2016 8.36667 24.9651 25.2673
121.5 47.225 8.34252 24.9239 25.2915
121.6 47.2483 8.3184 24.8827 25.3156
121.7 47.2716 8.2943 24.8415 25.3397
121.8 47.2948 8.27023 24.8003 25.3638
121.9 47.3179 8.24619 24.759 25.3878
122 47.3409 8.22217 24.7178 25.4118
122.1 47.3639 8.19817 24.6766 25.4358
122.2 47.3868 8.17421 24.6353 25.4598
122.3 47.4096 8.15027 24.5941 25.4837
122.4 47.4323 8.12635 24.5528 25.5076
122.5 47.4549 8.10246 24.5115 25.5315
122.6 47.4775 8.0786 24.4702 25.5554
122.7 47.4999 8.05477 24.4289 25.5792
122.8 47.5223 8.03096 24.3876 25.603
122.9 47.5446 8.00718 24.3463 25.6268
123 47.5669 7.98343 24.305 25.6506
123.1 47.589 7.9597 24.2637 25.6743
123.2 47.6111 7.936 24.2224 25.698
123.3 47.633 7.91232 24.181 25.7217
123.4 47.6549 7.88868 24.1397 25.7453
123.5 47.6767 7.86506 24.0983 25.7689
123.6 47.6985 7.84147 24.057 25.7925
123.7 47.7201 7.8179 24.0156 25.8161
123.8 47.7417 7.79437 23.9742 25.8396
123.9 47.7631 7.77086 23.9329 25.8631
124 47.7845 7.74737 23.8915 25.8866
124.1 47.8058 7.72392 23.8501 25.9101
124.2 47.827 7.70049 23.8087 25.9335
124.3 47.8481 7.67709 23.7672 25.9569
124.4 47.8692 7.65372 23.7258 25.9803
124.5 47.8901 7.63038 23.6844 26.0036
124.6 47.911 7.60706 23.6429 26.0269
124.7 47.9317 7.58378 23.6015 26.0502
124.8 47.9524 7.56052 23.56 26.0735
124.9 47.973 7.53729 23.5186 26.0967
125 47.9935 7.51409 23.4771 26.1199
125.1 48.0139 7.49091 23.4356 26.1431
125.2 48.0342 7.46777 23.3942 26.1662
125.3 48.0544 7.44465 23.3527 26.1894
125.4 48.0745 7.42156 23.3112 26.2124
125.5 48.0946 7.3985 23.2697 26.2355
125.6 48.1145 7.37547 23.2282 26.2585
125.7 48.1344 7.35247 23.1866 26.2815
125.8 48.1541 7.32949 23.1451 26.3045
125.9 48.1738 7.30655 23.1036 26.3275
126 48.1933 7.28363 23.062 26.3504
126.1 48.2128 7.26074 23.0205 26.3733
126.2 48.2322 7.23789 22.9789 26.3961
126.3 48.2514 7.21506 22.9374 26.4189
126.4 48.2706 7.19226 22.8958 26.4417
126.5 48.2897 7.16949 22.8542 26.4645
126.6 48.3087 7.14675 22.8126 26.4873
126.7 48.3275 7.12404 22.771 26.51
126.8 48.3463 7.10135 22.7294 26.5326
126.9 48.365 7.0787 22.6878 26.5553
127 48.3836 7.05608 22.6462 26.5779
127.1 48.4021 7.03349 22.6046 26.6005
127.2 48.4204 7.01092 22.563 26.6231
127.3 48.4387 6.98839 22.5213 26.6456
127.4 48.4569 6.96589 22.4797 26.6681
127.5 48.475 6.94342 22.438 26.6906
127.6 48.4929 6.92097 22.3964 26.713
127.7 48.5108 6.89856 22.3547 26.7354
127.8 48.5285 6.87618 22.313 26.7578
127.9 48.5462 6.85382 22.2714 26.7802
128 48.5637 6.8315 22.2297 26.8025
128.1 48.5812 6.80921 22.188 26.8248
128.2 48.5985 6.78695 22.1463 26.8471
128.3 48.6158 6.76472 22.1046 26.8693
128.4 48.6329 6.74252 22.0629 26.8915
128.5 48.6499 6.72035 22.0212 26.9136
128.6 48.6668 6.69821 21.9794 26.9358
128.7 48.6836 6.6761 21.9377 26.9579
128.8 48.7003 6.65403 21.896 26.98
128.9 48.7168 6.63198 21.8542 27.002
129 48.7333 6.60997 21.8125 27.024
129.1 48.7496 6.58798 21.7707 27.046
129.2 48.7659 6.56603 21.729 27.068
129.3 48.782 6.54411 21.6872 27.0899
129.4 48.798 6.52222 21.6454 27.1118
129.5 48.8139 6.50036 21.6036 27.1336
129.6 48.8297 6.47853 21.5618 27.1555
129.7 48.8454 6.45674 21.52 27.1773
129.8 48.8609 6.43497 21.4782 27.199
129.9 48.8763 6.41324 21.4364 27.2208
130 48.8917 6.39154 21.3946 27.2425
130.1 48.9069 6.36987 21.3528 27.2641
130.2 48.9219 6.34823 21.311 27.2858
130.3 48.9369 6.32663 21.2691 27.3074
130.4 48.9517 6.30505 21.2273 27.3289
130.5 48.9665 6.28351 21.1854 27.3505
130.6 48.9811 6.262 21.1436 27.372
130.7 48.9955 6.24053 21.1017 27.3935
130.8 49.0099 6.21908 21.0598 27.4149
130.9 49.0241 6.19767 21.018 27.4363
131 49.0382 6.17629 20.9761 27.4577
131.1 49.0522 6.15494 20.9342 27.4791
131.2 49.0661 6.13363 20.8923 27.5004
131.3 49.0798 6.11234 20.8504 27.5217
131.4 49.0934 6.09109 20.8085 27.5429
131.5 49.1069 6.06987 20.7666 27.5641
131.6 49.1202 6.04869 20.7247 27.5853
131.7 49.1335 6.02754 20.6828 27.6065
131.8 49.1466 6.00642 20.6408 27.6276
131.9 49.1595 5.98533 20.5989 27.6487
132 49.1723 5.96428 20.5569 27.6697
132.1 49.1851 5.94326 20.515 27.6907
132.2 49.1976 5.92227 20.473 27.7117
132.3 49.2101 5.90132 20.4311 27.7327
132.4 49.2224 5.8804 20.3891 27.7536
132.5 49.2345 5.85951 20.3471 27.7745
132.6 49.2466 5.83866 20.3052 27.7953
132.7 49.2585 5.81784 20.2632 27.8162
132.8 49.2702 5.79705 20.2212 27.837
132.9 49.2818 5.7763 20.1792 27.8577
133 49.2933 5.75558 20.1372 27.8784
133.1 49.3047 5.73489 20.0952 27.8991
133.2 49.3159 5.71424 20.0532 27.9198
133.3 49.327 5.69362 20.0112 27.9404
133.4 49.3379 5.67303 19.9691 27.961
133.5 49.3487 5.65248 19.9271 27.9815
133.6 49.3593 5.63197 19.8851 28.002
133.7 49.3698 5.61148 19.843 28.0225
133.8 49.3802 5.59104 19.801 28.043
133.9 49.3904 5.57062 19.7589 28.0634
134 49.4004 5.55024 19.7169 28.0838
134.1 49.4103 5.5299 19.6748 28.1041
134.2 49.4201 5.50958 19.6327 28.1244
134.3 49.4297 5.48931 19.5906 28.1447
134.4 49.4392 5.46906 19.5486 28.1649
134.5 49.4485 5.44886 19.5065 28.1851
134.6 49.4577 5.42868 19.4644 28.2053
134.7 49.4667 5.40855 19.4223 28.2255
134.8 49.4756 5.38844 19.3802 28.2456
134.9 49.4843 5.36837 19.3381 28.2656
135 49.4928 5.34834 19.296 28.2857
135.1 49.5012 5.32834 19.2538 28.3057
135.2 49.5095 5.30838 19.2117 28.3256
135.3 49.5176 5.28845 19.1696 28.3456
135.4 49.5255 5.26855 19.1274 28.3654
135.5 49.5333 5.24869 19.0853 28.3853
135.6 49.5409 5.22887 19.0431 28.4051
135.7 49.5483 5.20908 19.001 28.4249
135.8 49.5556 5.18933 18.9588 28.4447
135.9 49.5627 5.16961 18.9167 28.4644
136 49.5697 5.14993 18.8745 28.4841
136.1 49.5765 5.13028 18.8323 28.5037
136.2 49.5831 5.11067 18.7901 28.5233
136.3 49.5896 5.0911 18.748 28.5429
136.4 49.5959 5.07156 18.7058 28.5624
136.5 49.602 5.05205 18.6636 28.5819
136.6 49.608 5.03259 18.6214 28.6014
136.7 49.6137 5.01315 18.5792 28.6208
136.8 49.6194 4.99376 18.5369 28.6402
136.9 49.6248 4.9744 18.4947 28.6596
137 49.6301 4.95507 18.4525 28.6789
137.1 49.6352 4.93579 18.4103 28.6982
137.2 49.6401 4.91654 18.368 28.7175
137.3 49.6448 4.89732 18.3258 28.7367
137.4 49.6494 4.87814 18.2836 28.7559
137.5 49.6538 4.859 18.2413 28.775
137.6 49.658 4.83989 18.1991 28.7941
137.7 49.662 4.82082 18.1568 28.8132
137.8 49.6658 4.80179 18.1145 28.8322
137.9 49.6695 4.78279 18.0723 28.8512
138 49.673 4.76383 18.03 28.8702
138.1 49.6763 4.74491 17.9877 28.8891
138.2 49.6794 4.72602 17.9454 28.908
138.3 49.6823 4.70717 17.9031 28.9268
138.4 49.685 4.68836 17.8609 28.9456
138.5 49.6875 4.66958 17.8186 28.9644
138.6 49.6899 4.65085 17.7763 28.9832
138.7 49.692 4.63214 17.7339 29.0019
138.8 49.694 4.61348 17.6916 29.0205
138.9 49.6958 4.59485 17.6493 29.0391
139 49.6973 4.57626 17.607 29.0577
139.1 49.6987 4.55771 17.5647 29.0763
139.2 49.6999 4.53919 17.5223 29.0948
139.3 49.7008 4.52072 17.48 29.1133
139.4 49.7016 4.50228 17.4376 29.1317
139.5 49.7022 4.48387 17.3953 29.1501
139.6 49.7026 4.46551 17.3529 29.1685
139.7 49.7027 4.44718 17.3106 29.1868
139.8 49.7027 4.42889 17.2682 29.2051
139.9 49.7024 4.41064 17.2259 29.2234
140 49.702 4.39242 17.1835 29.2416
140.1 49.7013 4.37424 17.1411 29.2598
140.2 49.7004 4.3561 17.0987 29.2779
140.3 49.6993 4.338 17.0564 29.296
140.4 49.698 4.31994 17.014 29.3141
140.5 49.6965 4.30192 16.9716 29.3321
140.6 49.6948 4.28393 16.9292 29.3501
140.7 49.6928 4.26598 16.8868 29.368
140.8 49.6907 4.24807 16.8444 29.3859
140.9 49.6883 4.2302 16.8019 29.4038
141 49.6857 4.21236 16.7595 29.4216
141.1 49.6828 4.19457 16.7171 29.4394
141.2 49.6798 4.17681 16.6747 29.4572
141.3 49.6765 4.15909 16.6323 29.4749
141.4 49.673 4.14141 16.5898 29.4926
141.5 49.6692 4.12377 16.5474 29.5102
141.6 49.6652 4.10617 16.5049 29.5278
141.7 49.661 4.0886 16.4625 29.5454
141.8 49.6566 4.07108 16.42 29.5629
141.9 49.6519 4.05359 16.3776 29.5804
142 49.647 4.03615 16.3351 29.5979
142.1 49.6419 4.01874 16.2926 29.6153
142.2 49.6365 4.00137 16.2502 29.6326
142.3 49.6309 3.98404 16.2077 29.65
142.4 49.625 3.96675 16.1652 29.6673
142.5 49.6189 3.94949 16.1227 29.6845
142.6 49.6125 3.93228 16.0803 29.7017
142.7 49.6059 3.91511 16.0378 29.7189
142.8 49.5991 3.89797 15.9953 29.736
142.9 49.592 3.88088 15.9528 29.7531
143 49.5846 3.86382 15.9103 29.7702
143.1 49.577 3.84681 15.8678 29.7872
143.2 49.5691 3.82983 15.8252 29.8042
143.3 49.561 3.81289 15.7827 29.8211
143.4 49.5526 3.79599 15.7402 29.838
143.5 49.544 3.77914 15.6977 29.8549
143.6 49.5351 3.76232 15.6551 29.8717
143.7 49.5259 3.74554 15.6126 29.8885
143.8 49.5165 3.7288 15.5701 29.9052
143.9 49.5068 3.7121 15.5275 29.9219
144 49.4968 3.69544 15.485 29.9386
144.1 49.4866 3.67882 15.4424 29.9552
144.2 49.4761 3.66225 15.3999 29.9718
144.3 49.4653 3.64571 15.3573 29.9883
144.4 49.4542 3.62921 15.3148 30.0048
144.5 49.4429 3.61275 15.2722 30.0213
144.6 49.4313 3.59633 15.2296 30.0377
144.7 49.4194 3.57995 15.187 30.054
144.8 49.4072 3.56362 15.1445 30.0704
144.9 49.3947 3.54732 15.1019 30.0867
145 49.382 3.53106 15.0593 30.1029
145.1 49.3689 3.51484 15.0167 30.1192
145.2 49.3556 3.49867 14.9741 30.1353
145.3 49.342 3.48253 14.9315 30.1515
145.4 49.328 3.46644 14.8889 30.1676
145.5 49.3138 3.45038 14.8463 30.1836
145.6 49.2993 3.43437 14.8037 30.1996
145.7 49.2845 3.4184 14.7611 30.2156
145.8 49.2693 3.40247 14.7185 30.2315
145.9 49.2539 3.38658 14.6758 30.2474
146 49.2382 3.37073 14.6332 30.2633
146.1 49.2221 3.35492 14.5906 30.2791
146.2 49.2058 3.33915 14.548 30.2949
146.3 49.1891 3.32342 14.5053 30.3106
146.4 49.1721 3.30774 14.4627 30.3263
146.5 49.1548 3.29209 14.42 30.3419
146.6 49.1372 3.27649 14.3774 30.3575
146.7 49.1192 3.26093 14.3347 30.3731
146.8 49.1009 3.24541 14.2921 30.3886
146.9 49.0823 3.22993 14.2494 30.4041
147 49.0634 3.21449 14.2068 30.4195
147.1 49.0441 3.19909 14.1641 30.4349
147.2 49.0245 3.18374 14.1214 30.4503
147.3 49.0046 3.16842 14.0787 30.4656
147.4 48.9843 3.15315 14.0361 30.4809
147.5 48.9637 3.13792 13.9934 30.4961
147.6 48.9428 3.12273 13.9507 30.5113
147.7 48.9215 3.10758 13.908 30.5264
147.8 48.8998 3.09248 13.8653 30.5415
147.9 48.8778 3.07741 13.8226 30.5566
148 48.8555 3.06239 13.7799 30.5716
148.1 48.8328 3.04741 13.7372 30.5866
148.2 48.8097 3.03247 13.6945 30.6015
148.3 48.7863 3.01758 13.6518 30.6164
148.4 48.7625 3.00272 13.6091 30.6313
148.5 48.7383 2.98791 13.5664 30.6461
148.6 48.7138 2.97314 13.5237 30.6609
148.7 48.6889 2.95842 13.4809 30.6756
148.8 48.6636 2.94373 13.4382 30.6903
148.9 48.638 2.92909 13.3955 30.7049
149 48.612 2.91449 13.3527 30.7195
149.1 48.5856 2.89993 13.31 30.7341
149.2 48.5588 2.88541 13.2673 30.7486
149.3 48.5316 2.87094 13.2245 30.7631
149.4 48.504 2.85651 13.1818 30.7775
149.5 48.4761 2.84212 13.139 30.7919
149.6 48.4477 2.82777 13.0963 30.8062
149.7 48.419 2.81347 13.0535 30.8205
149.8 48.3898 2.79921 13.0108 30.8348
149.9 48.3603 2.78499 12.968 30.849
150 48.3303 2.77082 12.9252 30.8632
150.1 48.2999 2.75668 12.8825 30.8773
150.2 48.2692 2.74259 12.8397 30.8914
150.3 48.238 2.72855 12.7969 30.9055
150.4 48.2063 2.71454 12.7541 30.9195
150.5 48.1743 2.70058 12.7113 30.9334
150.6 48.1418 2.68666 12.6686 30.9473
150.7 48.1089 2.67279 12.6258 30.9612
150.8 48.0756 2.65896 12.583 30.975
150.9 48.0419 2.64517 12.5402 30.9888
151 48.0077 2.63142 12.4974 31.0026
151.1 47.973 2.61772 12.4546 31.0163
151.2 47.938 2.60406 12.4118 31.0299
151.3 47.9024 2.59045 12.369 31.0436
151.4 47.8665 2.57687 12.3261 31.0571
151.5 47.83 2.56335 12.2833 31.0707
151.6 47.7931 2.54986 12.2405 31.0841
151.7 47.7558 2.53642 12.1977 31.0976
151.8 47.718 2.52302 12.1549 31.111
151.9 47.6797 2.50966 12.112 31.1243
152 47.641 2.49635 12.0692 31.1376
152.1 47.6017 2.48308 12.0264 31.1509
152.2 47.5621 2.46986 11.9835 31.1641
152.3 47.5219 2.45668 11.9407 31.1773
152.4 47.4812 2.44354 11.8979 31.1905
152.5 47.4401 2.43045 11.855 31.2035
152.6 47.3984 2.4174 11.8122 31.2166
152.7 47.3563 2.4044 11.7693 31.2296
152.8 47.3136 2.39143 11.7265 31.2426
152.9 47.2705 2.37852 11.6836 31.2555
153 47.2269 2.36564 11.6407 31.2684
153.1 47.1827 2.35281 11.5979 31.2812
153.2 47.138 2.34003 11.555 31.294
153.3 47.0928 2.32729 11.5121 31.3067
153.4 47.0471 2.31459 11.4693 31.3194
153.5 47.0009 2.30194 11.4264 31.3321
153.6 46.9541 2.28933 11.3835 31.3447
153.7 46.9068 2.27676 11.3406 31.3572
153.8 46.859 2.26424 11.2978 31.3698
153.9 46.8106 2.25177 11.2549 31.3822
154 46.7617 2.23934 11.212 31.3947
154.1 46.7122 2.22695 11.1691 31.4071
154.2 46.6622 2.21461 11.1262 31.4194
154.3 46.6116 2.20231 11.0833 31.4317
154.4 46.5605 2.19006 11.0404 31.4439
154.5 46.5087 2.17785 10.9975 31.4562
154.6 46.4565 2.16568 10.9546 31.4683
154.7 46.4036 2.15356 10.9117 31.4804
154.8 46.3502 2.14149 10.8688 31.4925
154.9 46.2961 2.12946 10.8259 31.5045
155 46.2415 2.11747 10.783 31.5165
155.1 46.1863 2.10553 10.74 31.5285
155.2 46.1305 2.09363 10.6971 31.5404
155.3 46.0741 2.08178 10.6542 31.5522
155.4 46.0171 2.06998 10.6113 31.564
155.5 45.9595 2.05821 10.5683 31.5758
155.6 45.9012 2.0465 10.5254 31.5875
155.7 45.8424 2.03483 10.4825 31.5992
155.8 45.7829 2.0232 10.4395 31.6108
155.9 45.7228 2.01162 10.3966 31.6224
156 45.662 2.00008 10.3537 31.6339
156.1 45.6006 1.98859 10.3107 31.6454
156.2 45.5386 1.97714 10.2678 31.6569
156.3 45.4759 1.96574 10.2248 31.6683
156.4 45.4126 1.95439 10.1819 31.6796
156.5 45.3486 1.94308 10.1389 31.6909
156.6 45.2839 1.93181 10.096 31.7022
156.7 45.2186 1.92059 10.053 31.7134
156.8 45.1526 1.90942 10.01 31.7246
156.9 45.0859 1.89829 9.96708 31.7357
157 45.0185 1.88721 9.92412 31.7468
157.1 44.9505 1.87617 9.88115 31.7578
157.2 44.8817 1.86518 9.83818 31.7688
157.3 44.8123 1.85423 9.7952 31.7798
157.4 44.7421 1.84333 9.75223 31.7907
157.5 44.6712 1.83247 9.70925 31.8015
157.6 44.5997 1.82166 9.66627 31.8123
157.7 44.5273 1.8109 9.62329 31.8231
157.8 44.4543 1.80018 9.5803 31.8338
157.9 44.3805 1.78951 9.53731 31.8445
158 44.306 1.77888 9.49433 31.8551
158.1 44.2308 1.7683 9.45133 31.8657
158.2 44.1548 1.75776 9.40834 31.8762
158.3 44.078 1.74727 9.36534 31.8867
158.4 44.0005 1.73683 9.32234 31.8972
158.5 43.9222 1.72643 9.27934 31.9076
158.6 43.8431 1.71608 9.23634 31.9179
158.7 43.7633 1.70577 9.19333 31.9282
158.8 43.6826 1.69551 9.15033 31.9385
158.9 43.6012 1.6853 9.10732 31.9487
159 43.519 1.67513 9.0643 31.9589
159.1 43.436 1.66501 9.02129 31.969
159.2 43.3521 1.65493 8.97827 31.9791
159.3 43.2675 1.64491 8.93526 31.9891
159.4 43.182 1.63492 8.89224 31.9991
159.5 43.0957 1.62499 8.84921 32.009
159.6 43.0086 1.6151 8.80619 32.0189
159.7 42.9206 1.60525 8.76316 32.0287
159.8 42.8318 1.59545 8.72013 32.0385
159.9 42.7421 1.5857 8.6771 32.0483
160 42.6516 1.576 8.63407 32.058
160.1 42.5602 1.56634 8.59103 32.0677
160.2 42.4679 1.55673 8.54799 32.0773
160.3 42.3748 1.54716 8.50495 32.0868
160.4 42.2808 1.53764 8.46191 32.0964
160.5 42.1858 1.52817 8.41887 32.1058
160.6 42.09 1.51874 8.37582 32.1153
160.7 41.9933 1.50936 8.33278 32.1246
160.8 41.8956 1.50003 8.28973 32.134
160.9 41.7971 1.49074 8.24667 32.1433
161 41.6976 1.48151 8.20362 32.1525
161.1 41.5972 1.47231 8.16056 32.1617
161.2 41.4958 1.46317 8.11751 32.1708
161.3 41.3935 1.45407 8.07445 32.1799
161.4 41.2902 1.44501 8.03139 32.189
161.5 41.186 1.43601 7.98832 32.198
161.6 41.0808 1.42705 7.94526 32.2069
161.7 40.9746 1.41814 7.90219 32.2159
161.8 40.8675 1.40927 7.85912 32.2247
161.9 40.7593 1.40046 7.81605 32.2335
162 40.6502 1.39168 7.77298 32.2423
162.1 40.5401 1.38296 7.7299 32.251
162.2 40.4289 1.37428 7.68683 32.2597
162.3 40.3167 1.36565 7.64375 32.2683
162.4 40.2036 1.35707 7.60067 32.2769
162.5 40.0893 1.34853 7.55759 32.2855
162.6 39.9741 1.34005 7.5145 32.294
162.7 39.8577 1.3316 7.47142 32.3024
162.8 39.7404 1.32321 7.42833 32.3108
162.9 39.6219 1.31486 7.38524 32.3191
163 39.5024 1.30656 7.34215 32.3274
163.1 39.3819 1.29831 7.29906 32.3357
163.2 39.2602 1.2901 7.25596 32.3439
163.3 39.1375 1.28195 7.21287 32.3521
163.4 39.0136 1.27384 7.16977 32.3602
163.5 38.8886 1.26577 7.12667 32.3682
163.6 38.7626 1.25776 7.08357 32.3762
163.7 38.6354 1.24979 7.04047 32.3842
163.8 38.507 1.24187 6.99736 32.3921
163.9 38.3776 1.23399 6.95426 32.4
164 38.2469 1.22617 6.91115 32.4078
164.1 38.1152 1.21839 6.86804 32.4156
164.2 37.9822 1.21066 6.82493 32.4233
164.3 37.8481 1.20297 6.78182 32.431
164.4 37.7129 1.19533 6.7387 32.4387
164.5 37.5764 1.18775 6.69559 32.4463
164.6 37.4388 1.18021 6.65247 32.4538
164.7 37.2999 1.17271 6.60935 32.4613
164.8 37.1599 1.16527 6.56623 32.4687
164.9 37.0186 1.15787 6.52311 32.4761
165 36.8761 1.15052 6.47999 32.4835
165.1 36.7324 1.14321 6.43686 32.4908
165.2 36.5874 1.13596 6.39373 32.498
165.3 36.4412 1.12875 6.35061 32.5052
165.4 36.2938 1.12159 6.30748 32.5124
165.5 36.145 1.11448 6.26435 32.5195
165.6 35.9951 1.10742 6.22121 32.5266
165.7 35.8438 1.1004 6.17808 32.5336
165.8 35.6913 1.09343 6.13494 32.5406
165.9 35.5374 1.08651 6.09181 32.5475
166 35.3823 1.07964 6.04867 32.5544
166.1 35.2259 1.07282 6.00553 32.5612
166.2 35.0681 1.06604 5.96239 32.568
166.3 34.909 1.05931 5.91925 32.5747
166.4 34.7486 1.05263 5.8761 32.5814
166.5 34.5869 1.046 5.83296 32.588
166.6 34.4238 1.03942 5.78981 32.5946
166.7 34.2594 1.03288 5.74666 32.6011
166.8 34.0936 1.02639 5.70351 32.6076
166.9 33.9265 1.01995 5.66036 32.614
167 33.758 1.01356 5.61721 32.6204
167.1 33.5881 1.00722 5.57406 32.6268
167.2 33.4168 1.00092 5.5309 32.6331
167.3 33.2441 0.994672 5.48775 32.6393
167.4 33.07 0.988473 5.44459 32.6455
167.5 32.8946 0.982322 5.40143 32.6517
167.6 32.7177 0.976219 5.35827 32.6578
167.7 32.5394 0.970164 5.31511 32.6638
167.8 32.3597 0.964158 5.27195 32.6698
167.9 32.1785 0.9582 5.22878 32.6758
168 31.9959 0.952291 5.18562 32.6817
168.1 31.8119 0.946429 5.14245 32.6876
168.2 31.6264 0.940616 5.09929 32.6934
168.3 31.4395 0.934852 5.05612 32.6991
168.4 31.2511 0.929135 5.01295 32.7049
168.5 31.0612 0.923467 4.96978 32.7105
168.6 30.8699 0.917848 4.9266 32.7162
168.7 30.6771 0.912277 4.88343 32.7217
168.8 30.4828 0.906754 4.84026 32.7272
168.9 30.2871 0.90128 4.79708 32.7327
169 30.0898 0.895855 4.75391 32.7381
169.1 29.891 0.890478 4.71073 32.7435
169.2 29.6908 0.885149 4.66755 32.7489
169.3 29.489 0.879869 4.62437 32.7541
169.4 29.2858 0.874637 4.58119 32.7594
169.5 29.081 0.869454 4.53801 32.7645
169.6 28.8747 0.86432 4.49483 32.7697
169.7 28.6669 0.859234 4.45164 32.7748
169.8 28.4575 0.854197 4.40846 32.7798
169.9 28.2466 0.849209 4.36527 32.7848
170 28.0343 0.844269 4.32208 32.7897
170.1 27.8203 0.839377 4.2789 32.7946
170.2 27.6049 0.834535 4.23571 32.7995
170.3 27.3879 0.829741 4.19252 32.8043
170.4 27.1693 0.824996 4.14933 32.809
170.5 26.9492 0.820299 4.10613 32.8137
170.6 26.7276 0.815651 4.06294 32.8183
170.7 26.5044 0.811052 4.01975 32.8229
170.8 26.2797 0.806502 3.97655 32.8275
170.9 26.0535 0.802001 3.93336 32.832
171 25.8256 0.797548 3.89016 32.8365
171.1 25.5963 0.793144 3.84696 32.8409
171.2 25.3654 0.788789 3.80376 32.8452
171.3 25.1329 0.784483 3.76057 32.8495
171.4 24.8989 0.780225 3.71737 32.8538
171.5 24.6634 0.776017 3.67416 32.858
171.6 24.4263 0.771857 3.63096 32.8621
171.7 24.1877 0.767746 3.58776 32.8663
171.8 23.9475 0.763684 3.54456 32.8703
171.9 23.7058 0.759671 3.50135 32.8743
172 23.4626 0.755707 3.45815 32.8783
172.1 23.2178 0.751792 3.41494 32.8822
172.2 22.9715 0.747926 3.37173 32.8861
172.3 22.7237 0.744108 3.32853 32.8899
172.4 22.4743 0.74034 3.28532 32.8937
172.5 22.2234 0.73662 3.24211 32.8974
172.6 21.9711 0.73295 3.1989 32.901
172.7 21.7172 0.729329 3.15569 32.9047
172.8 21.4618 0.725756 3.11248 32.9082
172.9 21.2049 0.722233 3.06927 32.9118
173 20.9465 0.718758 3.02605 32.9152
173.1 20.6866 0.715333 2.98284 32.9187
173.2 20.4253 0.711957 2.93963 32.922
173.3 20.1625 0.70863 2.89641 32.9254
173.4 19.8982 0.705351 2.8532 32.9286
173.5 19.6325 0.702122 2.80998 32.9319
173.6 19.3653 0.698942 2.76676 32.9351
173.7 19.0967 0.695812 2.72355 32.9382
173.8 18.8267 0.69273 2.68033 32.9413
173.9 18.5552 0.689697 2.63711 32.9443
174 18.2824 0.686714 2.59389 32.9473
174.1 18.0082 0.683779 2.55067 32.9502
174.2 17.7325 0.680894 2.50745 32.9531
174.3 17.4555 0.678058 2.46423 32.9559
174.4 17.1772 0.675271 2.42101 32.9587
174.5 16.8975 0.672533 2.37778 32.9615
174.6 16.6164 0.669845 2.33456 32.9642
174.7 16.3341 0.667205 2.29134 32.9668
174.8 16.0504 0.664615 2.24811 32.9694
174.9 15.7655 0.662074 2.20489 32.9719
175 15.4792 0.659582 2.16167 32.9744
175.1 15.1917 0.65714 2.11844 32.9769
175.2 14.903 0.654746 2.07521 32.9793
175.3 14.613 0.652402 2.03199 32.9816
175.4 14.3219 0.650107 1.98876 32.9839
175.5 14.0295 0.647862 1.94553 32.9861
175.6 13.736 0.645665 1.90231 32.9883
175.7 13.4413 0.643518 1.85908 32.9905
175.8 13.1454 0.64142 1.81585 32.9926
175.9 12.8485 0.639372 1.77262 32.9946
176 12.5504 0.637372 1.72939 32.9966
176.1 12.2513 0.635422 1.68616 32.9986
176.2 11.9511 0.633522 1.64293 33.0005
176.3 11.6499 0.63167 1.5997 33.0023
176.4 11.3476 0.629868 1.55647 33.0041
176.5 11.0444 0.628115 1.51324 33.0059
176.6 10.7401 0.626412 1.47001 33.0076
176.7 10.435 0.624758 1.42678 33.0092
176.8 10.1289 0.623153 1.38354 33.0108
176.9 9.82186 0.621597 1.34031 33.0124
177 9.51398 0.620091 1.29708 33.0139
177.1 9.20524 0.618634 1.25385 33.0154
177.2 8.89567 0.617227 1.21061 33.0168
177.3 8.58529 0.615869 1.16738 33.0181
177.4 8.27413 0.61456 1.12415 33.0194
177.5 7.96221 0.613301 1.08091 33.0207
177.6 7.64957 0.61209 1.03768 33.0219
177.7 7.33622 0.61093 0.994442 33.0231
177.8 7.0222 0.609818 0.951207 33.0242
177.9 6.70753 0.608756 0.907971 33.0252
178 6.39223 0.607744 0.864736 33.0263
178.1 6.07634 0.606781 0.821501 33.0272
178.2 5.75989 0.605867 0.778265 33.0281
178.3 5.44289 0.605002 0.735029 33.029
178.4 5.12539 0.604187 0.691793 33.0298
178.5 4.8074 0.603421 0.648556 33.0306
178.6 4.48897 0.602705 0.60532 33.0313
178.7 4.17011 0.602038 0.562083 33.032
178.8 3.85085 0.601421 0.518847 33.0326
178.9 3.53124 0.600852 0.47561 33.0331
179 3.21128 0.600334 0.432373 33.0337
179.1 2.89103 0.599864 0.389136 33.0341
179.2 2.57049 0.599444 0.345899 33.0346
179.3 2.24972 0.599074 0.302662 33.0349
179.4 1.92873 0.598753 0.259424 33.0352
179.5 1.60756 0.598481 0.216187 33.0355
179.6 1.28623 0.598259 0.17295 33.0357
179.7 0.964779 0.598086 0.129712 33.0359
179.8 0.643237 0.597962 0.0864749 33.036
179.9 0.321634 0.597888 0.0432375 33.0361
