#kinematics calculation of gsgs
#vertex z = 150 mm, E_reaction = 61.468 MeV
#theta_cm, theta3_lab, Ek3_lab, theta4_lab, Ek4_lab
0 0 61.468 0 0
0.1 0.0499314 61.468 89.9499 4.68105e-05
0.2 0.0998628 61.4678 89.8999 0.000187242
0.3 0.149794 61.4676 89.8498 0.000421294
0.4 0.199726 61.4673 89.7997 0.000748966
0.5 0.249657 61.4668 89.7497 0.00117026
0.6 0.299588 61.4663 89.6996 0.00168516
0.7 0.34952 61.4657 89.6495 0.00229369
0.8 0.399451 61.465 89.5995 0.00299583
0.9 0.449382 61.4642 89.5494 0.00379158
1 0.499314 61.4633 89.4993 0.00468094
1.1 0.549245 61.4623 89.4492 0.0056639
1.2 0.599177 61.4613 89.3992 0.00674047
1.3 0.649108 61.4601 89.3491 0.00791065
1.4 0.699039 61.4588 89.299 0.00917441
1.5 0.748971 61.4575 89.249 0.0105318
1.6 0.798902 61.456 89.1989 0.0119827
1.7 0.848834 61.4545 89.1488 0.0135273
1.8 0.898765 61.4528 89.0988 0.0151654
1.9 0.948697 61.4511 89.0487 0.0168971
2 0.998628 61.4493 88.9986 0.0187223
2.1 1.04856 61.4474 88.9486 0.0206411
2.2 1.09849 61.4453 88.8985 0.0226535
2.3 1.14842 61.4432 88.8484 0.0247595
2.4 1.19835 61.441 88.7984 0.0269589
2.5 1.24829 61.4387 88.7483 0.029252
2.6 1.29822 61.4364 88.6982 0.0316385
2.7 1.34815 61.4339 88.6481 0.0341186
2.8 1.39808 61.4313 88.5981 0.0366922
2.9 1.44801 61.4286 88.548 0.0393593
3 1.49794 61.4259 88.4979 0.0421199
3.1 1.54787 61.423 88.4479 0.044974
3.2 1.59781 61.4201 88.3978 0.0479216
3.3 1.64774 61.417 88.3477 0.0509626
3.4 1.69767 61.4139 88.2977 0.0540971
3.5 1.7476 61.4107 88.2476 0.0573251
3.6 1.79753 61.4074 88.1975 0.0606465
3.7 1.84746 61.4039 88.1475 0.0640614
3.8 1.89739 61.4004 88.0974 0.0675697
3.9 1.94733 61.3968 88.0473 0.0711714
4 1.99726 61.3931 87.9973 0.0748665
4.1 2.04719 61.3893 87.9472 0.078655
4.2 2.09712 61.3855 87.8971 0.0825369
4.3 2.14705 61.3815 87.847 0.0865121
4.4 2.19698 61.3774 87.797 0.0905807
4.5 2.24692 61.3733 87.7469 0.0947427
4.6 2.29685 61.369 87.6968 0.0989979
4.7 2.34678 61.3647 87.6468 0.103347
4.8 2.39671 61.3602 87.5967 0.107788
4.9 2.44664 61.3557 87.5466 0.112324
5 2.49657 61.351 87.4966 0.116952
5.1 2.54651 61.3463 87.4465 0.121674
5.2 2.59644 61.3415 87.3964 0.126489
5.3 2.64637 61.3366 87.3464 0.131397
5.4 2.6963 61.3316 87.2963 0.136399
5.5 2.74623 61.3265 87.2462 0.141493
5.6 2.79616 61.3213 87.1962 0.146681
5.7 2.8461 61.316 87.1461 0.151962
5.8 2.89603 61.3107 87.096 0.157336
5.9 2.94596 61.3052 87.046 0.162804
6 2.99589 61.2996 86.9959 0.168364
6.1 3.04582 61.294 86.9458 0.174018
6.2 3.09575 61.2882 86.8957 0.179764
6.3 3.14569 61.2824 86.8457 0.185604
6.4 3.19562 61.2765 86.7956 0.191537
6.5 3.24555 61.2704 86.7455 0.197563
6.6 3.29548 61.2643 86.6955 0.203681
6.7 3.34541 61.2581 86.6454 0.209893
6.8 3.39535 61.2518 86.5953 0.216198
6.9 3.44528 61.2454 86.5453 0.222596
7 3.49521 61.2389 86.4952 0.229087
7.1 3.54514 61.2323 86.4451 0.23567
7.2 3.59507 61.2257 86.3951 0.242347
7.3 3.645 61.2189 86.345 0.249116
7.4 3.69494 61.212 86.2949 0.255978
7.5 3.74487 61.2051 86.2449 0.262934
7.6 3.7948 61.198 86.1948 0.269982
7.7 3.84473 61.1909 86.1447 0.277122
7.8 3.89466 61.1836 86.0947 0.284356
7.9 3.9446 61.1763 86.0446 0.291682
8 3.99453 61.1689 85.9945 0.299101
8.1 4.04446 61.1614 85.9445 0.306613
8.2 4.09439 61.1538 85.8944 0.314217
8.3 4.14432 61.1461 85.8443 0.321914
8.4 4.19426 61.1383 85.7942 0.329704
8.5 4.24419 61.1304 85.7442 0.337586
8.6 4.29412 61.1224 85.6941 0.345561
8.7 4.34405 61.1144 85.644 0.353629
8.8 4.39399 61.1062 85.594 0.361789
8.9 4.44392 61.098 85.5439 0.370041
9 4.49385 61.0896 85.4938 0.378387
9.1 4.54378 61.0812 85.4438 0.386824
9.2 4.59371 61.0726 85.3937 0.395354
9.3 4.64365 61.064 85.3436 0.403976
9.4 4.69358 61.0553 85.2936 0.412691
9.5 4.74351 61.0465 85.2435 0.421498
9.6 4.79344 61.0376 85.1934 0.430398
9.7 4.84338 61.0286 85.1434 0.43939
9.8 4.89331 61.0195 85.0933 0.448474
9.9 4.94324 61.0104 85.0432 0.45765
10 4.99317 61.0011 84.9932 0.466919
10.1 5.04311 60.9917 84.9431 0.476279
10.2 5.09304 60.9823 84.893 0.485732
10.3 5.14297 60.9727 84.843 0.495277
10.4 5.1929 60.9631 84.7929 0.504914
10.5 5.24284 60.9534 84.7428 0.514644
10.6 5.29277 60.9435 84.6928 0.524465
10.7 5.3427 60.9336 84.6427 0.534378
10.8 5.39263 60.9236 84.5926 0.544384
10.9 5.44257 60.9135 84.5426 0.554481
11 5.4925 60.9033 84.4925 0.56467
11.1 5.54243 60.893 84.4424 0.574951
11.2 5.59236 60.8827 84.3924 0.585324
11.3 5.6423 60.8722 84.3423 0.595789
11.4 5.69223 60.8617 84.2922 0.606346
11.5 5.74216 60.851 84.2422 0.616994
11.6 5.79209 60.8403 84.1921 0.627734
11.7 5.84203 60.8294 84.142 0.638566
11.8 5.89196 60.8185 84.0919 0.64949
11.9 5.94189 60.8075 84.0419 0.660505
12 5.99183 60.7964 83.9918 0.671612
12.1 6.04176 60.7852 83.9417 0.68281
12.2 6.09169 60.7739 83.8917 0.6941
12.3 6.14162 60.7625 83.8416 0.705481
12.4 6.19156 60.751 83.7915 0.716954
12.5 6.24149 60.7395 83.7415 0.728519
12.6 6.29142 60.7278 83.6914 0.740174
12.7 6.34136 60.7161 83.6413 0.751921
12.8 6.39129 60.7042 83.5913 0.76376
12.9 6.44122 60.6923 83.5412 0.775689
13 6.49116 60.6803 83.4911 0.78771
13.1 6.54109 60.6682 83.4411 0.799823
13.2 6.59102 60.656 83.391 0.812026
13.3 6.64096 60.6437 83.3409 0.824321
13.4 6.69089 60.6313 83.2909 0.836706
13.5 6.74082 60.6188 83.2408 0.849183
13.6 6.79076 60.6062 83.1907 0.861751
13.7 6.84069 60.5936 83.1407 0.874409
13.8 6.89062 60.5808 83.0906 0.887159
13.9 6.94056 60.568 83.0405 0.9
14 6.99049 60.5551 82.9905 0.912931
14.1 7.04042 60.542 82.9404 0.925953
14.2 7.09036 60.5289 82.8903 0.939067
14.3 7.14029 60.5157 82.8403 0.952271
14.4 7.19022 60.5024 82.7902 0.965565
14.5 7.24016 60.489 82.7401 0.97895
14.6 7.29009 60.4756 82.6901 0.992426
14.7 7.34002 60.462 82.64 1.00599
14.8 7.38996 60.4484 82.5899 1.01965
14.9 7.43989 60.4346 82.5399 1.0334
15 7.48982 60.4208 82.4898 1.04724
15.1 7.53976 60.4068 82.4397 1.06116
15.2 7.58969 60.3928 82.3897 1.07518
15.3 7.63963 60.3787 82.3396 1.08929
15.4 7.68956 60.3645 82.2895 1.10349
15.5 7.73949 60.3502 82.2395 1.11778
15.6 7.78943 60.3358 82.1894 1.13216
15.7 7.83936 60.3214 82.1393 1.14663
15.8 7.8893 60.3068 82.0893 1.16119
15.9 7.93923 60.2922 82.0392 1.17584
16 7.98916 60.2774 81.9891 1.19058
16.1 8.0391 60.2626 81.9391 1.20541
16.2 8.08903 60.2477 81.889 1.22033
16.3 8.13897 60.2327 81.839 1.23534
16.4 8.1889 60.2176 81.7889 1.25044
16.5 8.23883 60.2024 81.7388 1.26563
16.6 8.28877 60.1871 81.6888 1.28091
16.7 8.3387 60.1717 81.6387 1.29628
16.8 8.38864 60.1563 81.5886 1.31174
16.9 8.43857 60.1407 81.5386 1.32729
17 8.48851 60.1251 81.4885 1.34293
17.1 8.53844 60.1093 81.4384 1.35866
17.2 8.58837 60.0935 81.3884 1.37447
17.3 8.63831 60.0776 81.3383 1.39038
17.4 8.68824 60.0616 81.2882 1.40638
17.5 8.73818 60.0455 81.2382 1.42246
17.6 8.78811 60.0294 81.1881 1.43864
17.7 8.83805 60.0131 81.138 1.4549
17.8 8.88798 59.9967 81.088 1.47126
17.9 8.93792 59.9803 81.0379 1.4877
18 8.98785 59.9638 80.9878 1.50423
18.1 9.03779 59.9472 80.9378 1.52085
18.2 9.08772 59.9304 80.8877 1.53756
18.3 9.13766 59.9136 80.8376 1.55436
18.4 9.18759 59.8968 80.7876 1.57124
18.5 9.23753 59.8798 80.7375 1.58822
18.6 9.28746 59.8627 80.6874 1.60529
18.7 9.3374 59.8456 80.6374 1.62244
18.8 9.38733 59.8283 80.5873 1.63968
18.9 9.43727 59.811 80.5372 1.65701
19 9.4872 59.7936 80.4872 1.67443
19.1 9.53714 59.7761 80.4371 1.69194
19.2 9.58707 59.7585 80.3871 1.70954
19.3 9.63701 59.7408 80.337 1.72722
19.4 9.68694 59.723 80.2869 1.74499
19.5 9.73688 59.7051 80.2369 1.76286
19.6 9.78681 59.6872 80.1868 1.78081
19.7 9.83675 59.6692 80.1367 1.79884
19.8 9.88668 59.651 80.0867 1.81697
19.9 9.93662 59.6328 80.0366 1.83518
20 9.98655 59.6145 79.9865 1.85349
20.1 10.0365 59.5961 79.9365 1.87188
20.2 10.0864 59.5776 79.8864 1.89036
20.3 10.1364 59.5591 79.8363 1.90892
20.4 10.1863 59.5404 79.7863 1.92758
20.5 10.2362 59.5217 79.7362 1.94632
20.6 10.2862 59.5029 79.6861 1.96515
20.7 10.3361 59.4839 79.6361 1.98406
20.8 10.386 59.4649 79.586 2.00307
20.9 10.436 59.4458 79.536 2.02216
21 10.4859 59.4267 79.4859 2.04134
21.1 10.5358 59.4074 79.4358 2.06061
21.2 10.5858 59.388 79.3858 2.07996
21.3 10.6357 59.3686 79.3357 2.0994
21.4 10.6857 59.3491 79.2856 2.11893
21.5 10.7356 59.3295 79.2356 2.13855
21.6 10.7855 59.3098 79.1855 2.15825
21.7 10.8355 59.29 79.1354 2.17804
21.8 10.8854 59.2701 79.0854 2.19792
21.9 10.9353 59.2501 79.0353 2.21788
22 10.9853 59.2301 78.9853 2.23793
22.1 11.0352 59.2099 78.9352 2.25807
22.2 11.0851 59.1897 78.8851 2.27829
22.3 11.1351 59.1694 78.8351 2.2986
22.4 11.185 59.149 78.785 2.319
22.5 11.235 59.1285 78.7349 2.33949
22.6 11.2849 59.1079 78.6849 2.36006
22.7 11.3348 59.0873 78.6348 2.38071
22.8 11.3848 59.0665 78.5847 2.40146
22.9 11.4347 59.0457 78.5347 2.42229
23 11.4846 59.0248 78.4846 2.4432
23.1 11.5346 59.0038 78.4346 2.46421
23.2 11.5845 58.9827 78.3845 2.48529
23.3 11.6344 58.9615 78.3344 2.50647
23.4 11.6844 58.9403 78.2844 2.52773
23.5 11.7343 58.9189 78.2343 2.54908
23.6 11.7843 58.8975 78.1842 2.57051
23.7 11.8342 58.876 78.1342 2.59203
23.8 11.8841 58.8544 78.0841 2.61363
23.9 11.9341 58.8327 78.0341 2.63532
24 11.984 58.8109 77.984 2.65709
24.1 12.0339 58.789 77.9339 2.67895
24.2 12.0839 58.7671 77.8839 2.7009
24.3 12.1338 58.7451 77.8338 2.72293
24.4 12.1838 58.723 77.7837 2.74505
24.5 12.2337 58.7007 77.7337 2.76725
24.6 12.2836 58.6785 77.6836 2.78954
24.7 12.3336 58.6561 77.6336 2.81191
24.8 12.3835 58.6336 77.5835 2.83437
24.9 12.4334 58.6111 77.5334 2.85691
25 12.4834 58.5885 77.4834 2.87954
25.1 12.5333 58.5658 77.4333 2.90225
25.2 12.5833 58.543 77.3832 2.92505
25.3 12.6332 58.5201 77.3332 2.94793
25.4 12.6831 58.4971 77.2831 2.97089
25.5 12.7331 58.4741 77.2331 2.99394
25.6 12.783 58.4509 77.183 3.01708
25.7 12.833 58.4277 77.1329 3.0403
25.8 12.8829 58.4044 77.0829 3.0636
25.9 12.9328 58.381 77.0328 3.08699
26 12.9828 58.3575 76.9827 3.11046
26.1 13.0327 58.334 76.9327 3.13402
26.2 13.0826 58.3103 76.8826 3.15766
26.3 13.1326 58.2866 76.8326 3.18139
26.4 13.1825 58.2628 76.7825 3.20519
26.5 13.2325 58.2389 76.7324 3.22909
26.6 13.2824 58.2149 76.6824 3.25306
26.7 13.3323 58.1909 76.6323 3.27712
26.8 13.3823 58.1667 76.5823 3.30127
26.9 13.4322 58.1425 76.5322 3.32549
27 13.4822 58.1182 76.4821 3.34981
27.1 13.5321 58.0938 76.4321 3.3742
27.2 13.582 58.0693 76.382 3.39868
27.3 13.632 58.0448 76.3319 3.42324
27.4 13.6819 58.0201 76.2819 3.44788
27.5 13.7318 57.9954 76.2318 3.47261
27.6 13.7818 57.9706 76.1818 3.49742
27.7 13.8317 57.9457 76.1317 3.52231
27.8 13.8817 57.9207 76.0816 3.54729
27.9 13.9316 57.8957 76.0316 3.57235
28 13.9815 57.8705 75.9815 3.59749
28.1 14.0315 57.8453 75.9315 3.62271
28.2 14.0814 57.82 75.8814 3.64802
28.3 14.1314 57.7946 75.8313 3.67341
28.4 14.1813 57.7691 75.7813 3.69888
28.5 14.2312 57.7436 75.7312 3.72443
28.6 14.2812 57.7179 75.6812 3.75007
28.7 14.3311 57.6922 75.6311 3.77579
28.8 14.3811 57.6664 75.581 3.80159
28.9 14.431 57.6405 75.531 3.82747
29 14.4809 57.6146 75.4809 3.85344
29.1 14.5309 57.5885 75.4309 3.87948
29.2 14.5808 57.5624 75.3808 3.90561
29.3 14.6308 57.5362 75.3307 3.93182
29.4 14.6807 57.5099 75.2807 3.95811
29.5 14.7306 57.4835 75.2306 3.98449
29.6 14.7806 57.4571 75.1806 4.01094
29.7 14.8305 57.4305 75.1305 4.03748
29.8 14.8805 57.4039 75.0804 4.0641
29.9 14.9304 57.3772 75.0304 4.0908
30 14.9803 57.3504 74.9803 4.11758
30.1 15.0303 57.3236 74.9303 4.14444
30.2 15.0802 57.2966 74.8802 4.17138
30.3 15.1302 57.2696 74.8301 4.1984
30.4 15.1801 57.2425 74.7801 4.2255
30.5 15.23 57.2153 74.73 4.25269
30.6 15.28 57.188 74.68 4.27995
30.7 15.3299 57.1607 74.6299 4.3073
30.8 15.3799 57.1333 74.5798 4.33473
30.9 15.4298 57.1058 74.5298 4.36223
31 15.4797 57.0782 74.4797 4.38982
31.1 15.5297 57.0505 74.4297 4.41749
31.2 15.5796 57.0228 74.3796 4.44523
31.3 15.6296 56.9949 74.3295 4.47306
31.4 15.6795 56.967 74.2795 4.50097
31.5 15.7295 56.939 74.2294 4.52896
31.6 15.7794 56.911 74.1794 4.55702
31.7 15.8293 56.8828 74.1293 4.58517
31.8 15.8793 56.8546 74.0793 4.6134
31.9 15.9292 56.8263 74.0292 4.6417
32 15.9792 56.7979 73.9791 4.67009
32.1 16.0291 56.7694 73.9291 4.69855
32.2 16.079 56.7409 73.879 4.7271
32.3 16.129 56.7123 73.829 4.75572
32.4 16.1789 56.6836 73.7789 4.78443
32.5 16.2289 56.6548 73.7288 4.81321
32.6 16.2788 56.6259 73.6788 4.84207
32.7 16.3288 56.597 73.6287 4.87101
32.8 16.3787 56.568 73.5787 4.90003
32.9 16.4286 56.5389 73.5286 4.92912
33 16.4786 56.5097 73.4786 4.9583
33.1 16.5285 56.4804 73.4285 4.98755
33.2 16.5785 56.4511 73.3784 5.01689
33.3 16.6284 56.4217 73.3284 5.0463
33.4 16.6784 56.3922 73.2783 5.07579
33.5 16.7283 56.3626 73.2283 5.10535
33.6 16.7782 56.333 73.1782 5.135
33.7 16.8282 56.3033 73.1282 5.16472
33.8 16.8781 56.2735 73.0781 5.19452
33.9 16.9281 56.2436 73.028 5.2244
34 16.978 56.2136 72.978 5.25436
34.1 17.028 56.1836 72.9279 5.28439
34.2 17.0779 56.1535 72.8779 5.31451
34.3 17.1278 56.1233 72.8278 5.3447
34.4 17.1778 56.093 72.7778 5.37496
34.5 17.2277 56.0627 72.7277 5.40531
34.6 17.2777 56.0323 72.6776 5.43573
34.7 17.3276 56.0018 72.6276 5.46623
34.8 17.3776 55.9712 72.5775 5.4968
34.9 17.4275 55.9405 72.5275 5.52745
35 17.4774 55.9098 72.4774 5.55818
35.1 17.5274 55.879 72.4274 5.58899
35.2 17.5773 55.8481 72.3773 5.61987
35.3 17.6273 55.8172 72.3273 5.65083
35.4 17.6772 55.7861 72.2772 5.68186
35.5 17.7272 55.755 72.2271 5.71297
35.6 17.7771 55.7238 72.1771 5.74416
35.7 17.8271 55.6926 72.127 5.77542
35.8 17.877 55.6612 72.077 5.80676
35.9 17.9269 55.6298 72.0269 5.83818
36 17.9769 55.5983 71.9769 5.86967
36.1 18.0268 55.5668 71.9268 5.90124
36.2 18.0768 55.5351 71.8768 5.93288
36.3 18.1267 55.5034 71.8267 5.9646
36.4 18.1767 55.4716 71.7766 5.99639
36.5 18.2266 55.4397 71.7266 6.02826
36.6 18.2766 55.4078 71.6765 6.06021
36.7 18.3265 55.3758 71.6265 6.09223
36.8 18.3764 55.3437 71.5764 6.12432
36.9 18.4264 55.3115 71.5264 6.15649
37 18.4763 55.2793 71.4763 6.18874
37.1 18.5263 55.2469 71.4263 6.22106
37.2 18.5762 55.2146 71.3762 6.25345
37.3 18.6262 55.1821 71.3261 6.28592
37.4 18.6761 55.1495 71.2761 6.31846
37.5 18.7261 55.1169 71.226 6.35108
37.6 18.776 55.0842 71.176 6.38377
37.7 18.826 55.0515 71.1259 6.41654
37.8 18.8759 55.0186 71.0759 6.44938
37.9 18.9258 54.9857 71.0258 6.48229
38 18.9758 54.9527 70.9758 6.51528
38.1 19.0257 54.9197 70.9257 6.54834
38.2 19.0757 54.8865 70.8757 6.58147
38.3 19.1256 54.8533 70.8256 6.61468
38.4 19.1756 54.82 70.7756 6.64797
38.5 19.2255 54.7867 70.7255 6.68132
38.6 19.2755 54.7533 70.6754 6.71475
38.7 19.3254 54.7197 70.6254 6.74825
38.8 19.3754 54.6862 70.5753 6.78183
38.9 19.4253 54.6525 70.5253 6.81548
39 19.4753 54.6188 70.4752 6.8492
39.1 19.5252 54.585 70.4252 6.88299
39.2 19.5751 54.5511 70.3751 6.91686
39.3 19.6251 54.5172 70.3251 6.95079
39.4 19.675 54.4832 70.275 6.98481
39.5 19.725 54.4491 70.225 7.01889
39.6 19.7749 54.415 70.1749 7.05305
39.7 19.8249 54.3807 70.1249 7.08727
39.8 19.8748 54.3464 70.0748 7.12157
39.9 19.9248 54.3121 70.0248 7.15595
40 19.9747 54.2776 69.9747 7.19039
40.1 20.0247 54.2431 69.9246 7.22491
40.2 20.0746 54.2085 69.8746 7.25949
40.3 20.1246 54.1738 69.8245 7.29415
40.4 20.1745 54.1391 69.7745 7.32888
40.5 20.2245 54.1043 69.7244 7.36368
40.6 20.2744 54.0694 69.6744 7.39856
40.7 20.3244 54.0345 69.6243 7.4335
40.8 20.3743 53.9995 69.5743 7.46851
40.9 20.4243 53.9644 69.5242 7.5036
41 20.4742 53.9292 69.4742 7.53876
41.1 20.5242 53.894 69.4241 7.57398
41.2 20.5741 53.8587 69.3741 7.60928
41.3 20.624 53.8234 69.324 7.64465
41.4 20.674 53.7879 69.274 7.68009
41.5 20.7239 53.7524 69.2239 7.71559
41.6 20.7739 53.7168 69.1739 7.75117
41.7 20.8238 53.6812 69.1238 7.78682
41.8 20.8738 53.6455 69.0738 7.82254
41.9 20.9237 53.6097 69.0237 7.85833
42 20.9737 53.5738 68.9737 7.89419
42.1 21.0236 53.5379 68.9236 7.93011
42.2 21.0736 53.5019 68.8736 7.96611
42.3 21.1235 53.4658 68.8235 8.00218
42.4 21.1735 53.4297 68.7735 8.03831
42.5 21.2234 53.3935 68.7234 8.07452
42.6 21.2734 53.3572 68.6734 8.11079
42.7 21.3233 53.3209 68.6233 8.14713
42.8 21.3733 53.2845 68.5733 8.18355
42.9 21.4232 53.248 68.5232 8.22003
43 21.4732 53.2114 68.4732 8.25658
43.1 21.5231 53.1748 68.4231 8.29319
43.2 21.5731 53.1381 68.3731 8.32988
43.3 21.623 53.1014 68.323 8.36663
43.4 21.673 53.0645 68.273 8.40345
43.5 21.7229 53.0277 68.2229 8.44034
43.6 21.7729 52.9907 68.1729 8.4773
43.7 21.8228 52.9537 68.1228 8.51433
43.8 21.8728 52.9166 68.0728 8.55142
43.9 21.9227 52.8794 68.0227 8.58858
44 21.9727 52.8422 67.9727 8.62581
44.1 22.0226 52.8049 67.9226 8.66311
44.2 22.0726 52.7675 67.8726 8.70047
44.3 22.1225 52.7301 67.8225 8.7379
44.4 22.1725 52.6926 67.7725 8.7754
44.5 22.2224 52.655 67.7224 8.81296
44.6 22.2724 52.6174 67.6724 8.85059
44.7 22.3223 52.5797 67.6223 8.88829
44.8 22.3723 52.5419 67.5723 8.92605
44.9 22.4222 52.5041 67.5222 8.96388
45 22.4722 52.4662 67.4722 9.00178
45.1 22.5221 52.4283 67.4221 9.03974
45.2 22.5721 52.3902 67.3721 9.07777
45.3 22.6221 52.3521 67.322 9.11587
45.4 22.672 52.314 67.272 9.15403
45.5 22.722 52.2757 67.2219 9.19225
45.6 22.7719 52.2375 67.1719 9.23055
45.7 22.8219 52.1991 67.1218 9.2689
45.8 22.8718 52.1607 67.0718 9.30733
45.9 22.9218 52.1222 67.0217 9.34582
46 22.9717 52.0836 66.9717 9.38437
46.1 23.0217 52.045 66.9216 9.42299
46.2 23.0716 52.0063 66.8716 9.46167
46.3 23.1216 51.9676 66.8215 9.50042
46.4 23.1715 51.9288 66.7715 9.53923
46.5 23.2215 51.8899 66.7214 9.57811
46.6 23.2714 51.8509 66.6714 9.61705
46.7 23.3214 51.8119 66.6214 9.65606
46.8 23.3713 51.7729 66.5713 9.69513
46.9 23.4213 51.7337 66.5213 9.73426
47 23.4712 51.6945 66.4712 9.77346
47.1 23.5212 51.6553 66.4212 9.81272
47.2 23.5711 51.6159 66.3711 9.85205
47.3 23.6211 51.5766 66.3211 9.89144
47.4 23.6711 51.5371 66.271 9.93089
47.5 23.721 51.4976 66.221 9.97041
47.6 23.771 51.458 66.1709 10.01
47.7 23.8209 51.4184 66.1209 10.0496
47.8 23.8709 51.3787 66.0708 10.0893
47.9 23.9208 51.3389 66.0208 10.1291
48 23.9708 51.2991 65.9708 10.1689
48.1 24.0207 51.2592 65.9207 10.2088
48.2 24.0707 51.2192 65.8707 10.2488
48.3 24.1206 51.1792 65.8206 10.2888
48.4 24.1706 51.1391 65.7706 10.3289
48.5 24.2205 51.099 65.7205 10.369
48.6 24.2705 51.0588 65.6705 10.4092
48.7 24.3205 51.0185 65.6204 10.4495
48.8 24.3704 50.9782 65.5704 10.4898
48.9 24.4204 50.9378 65.5203 10.5302
49 24.4703 50.8973 65.4703 10.5707
49.1 24.5203 50.8568 65.4203 10.6112
49.2 24.5702 50.8162 65.3702 10.6518
49.3 24.6202 50.7756 65.3202 10.6924
49.4 24.6701 50.7349 65.2701 10.7331
49.5 24.7201 50.6941 65.2201 10.7739
49.6 24.7701 50.6533 65.17 10.8147
49.7 24.82 50.6124 65.12 10.8556
49.8 24.87 50.5715 65.0699 10.8965
49.9 24.9199 50.5305 65.0199 10.9375
50 24.9699 50.4894 64.9698 10.9786
50.1 25.0198 50.4483 64.9198 11.0197
50.2 25.0698 50.4071 64.8698 11.0609
50.3 25.1197 50.3659 64.8197 11.1021
50.4 25.1697 50.3246 64.7697 11.1434
50.5 25.2197 50.2832 64.7196 11.1848
50.6 25.2696 50.2418 64.6696 11.2262
50.7 25.3196 50.2003 64.6195 11.2677
50.8 25.3695 50.1588 64.5695 11.3092
50.9 25.4195 50.1172 64.5195 11.3508
51 25.4694 50.0755 64.4694 11.3925
51.1 25.5194 50.0338 64.4194 11.4342
51.2 25.5694 49.992 64.3693 11.476
51.3 25.6193 49.9502 64.3193 11.5178
51.4 25.6693 49.9083 64.2692 11.5597
51.5 25.7192 49.8664 64.2192 11.6016
51.6 25.7692 49.8244 64.1692 11.6436
51.7 25.8191 49.7823 64.1191 11.6857
51.8 25.8691 49.7402 64.0691 11.7278
51.9 25.9191 49.698 64.019 11.77
52 25.969 49.6557 63.969 11.8123
52.1 26.019 49.6134 63.9189 11.8546
52.2 26.0689 49.5711 63.8689 11.8969
52.3 26.1189 49.5287 63.8189 11.9393
52.4 26.1688 49.4862 63.7688 11.9818
52.5 26.2188 49.4437 63.7188 12.0243
52.6 26.2688 49.4011 63.6687 12.0669
52.7 26.3187 49.3584 63.6187 12.1096
52.8 26.3687 49.3157 63.5687 12.1523
52.9 26.4186 49.273 63.5186 12.195
53 26.4686 49.2302 63.4686 12.2378
53.1 26.5186 49.1873 63.4185 12.2807
53.2 26.5685 49.1444 63.3685 12.3236
53.3 26.6185 49.1014 63.3184 12.3666
53.4 26.6684 49.0584 63.2684 12.4096
53.5 26.7184 49.0153 63.2184 12.4527
53.6 26.7683 48.9721 63.1683 12.4959
53.7 26.8183 48.9289 63.1183 12.5391
53.8 26.8683 48.8857 63.0682 12.5823
53.9 26.9182 48.8424 63.0182 12.6256
54 26.9682 48.799 62.9682 12.669
54.1 27.0181 48.7556 62.9181 12.7124
54.2 27.0681 48.7121 62.8681 12.7559
54.3 27.1181 48.6686 62.818 12.7994
54.4 27.168 48.625 62.768 12.843
54.5 27.218 48.5813 62.718 12.8867
54.6 27.2679 48.5376 62.6679 12.9304
54.7 27.3179 48.4939 62.6179 12.9741
54.8 27.3679 48.4501 62.5678 13.0179
54.9 27.4178 48.4062 62.5178 13.0618
55 27.4678 48.3623 62.4678 13.1057
55.1 27.5177 48.3183 62.4177 13.1497
55.2 27.5677 48.2743 62.3677 13.1937
55.3 27.6177 48.2302 62.3176 13.2378
55.4 27.6676 48.1861 62.2676 13.2819
55.5 27.7176 48.1419 62.2176 13.3261
55.6 27.7676 48.0977 62.1675 13.3703
55.7 27.8175 48.0534 62.1175 13.4146
55.8 27.8675 48.0091 62.0674 13.4589
55.9 27.9174 47.9647 62.0174 13.5033
56 27.9674 47.9202 61.9674 13.5478
56.1 28.0174 47.8757 61.9173 13.5923
56.2 28.0673 47.8312 61.8673 13.6368
56.3 28.1173 47.7866 61.8173 13.6814
56.4 28.1672 47.7419 61.7672 13.7261
56.5 28.2172 47.6972 61.7172 13.7708
56.6 28.2672 47.6525 61.6671 13.8155
56.7 28.3171 47.6077 61.6171 13.8603
56.8 28.3671 47.5628 61.5671 13.9052
56.9 28.4171 47.5179 61.517 13.9501
57 28.467 47.4729 61.467 13.9951
57.1 28.517 47.4279 61.417 14.0401
57.2 28.5669 47.3829 61.3669 14.0851
57.3 28.6169 47.3377 61.3169 14.1303
57.4 28.6669 47.2926 61.2668 14.1754
57.5 28.7168 47.2474 61.2168 14.2206
57.6 28.7668 47.2021 61.1668 14.2659
57.7 28.8168 47.1568 61.1167 14.3112
57.8 28.8667 47.1114 61.0667 14.3566
57.9 28.9167 47.066 61.0167 14.402
58 28.9666 47.0205 60.9666 14.4475
58.1 29.0166 46.975 60.9166 14.493
58.2 29.0666 46.9295 60.8666 14.5385
58.3 29.1165 46.8838 60.8165 14.5842
58.4 29.1665 46.8382 60.7665 14.6298
58.5 29.2165 46.7925 60.7164 14.6755
58.6 29.2664 46.7467 60.6664 14.7213
58.7 29.3164 46.7009 60.6164 14.7671
58.8 29.3664 46.655 60.5663 14.813
58.9 29.4163 46.6091 60.5163 14.8589
59 29.4663 46.5632 60.4663 14.9048
59.1 29.5163 46.5172 60.4162 14.9508
59.2 29.5662 46.4711 60.3662 14.9969
59.3 29.6162 46.425 60.3162 15.043
59.4 29.6661 46.3789 60.2661 15.0891
59.5 29.7161 46.3327 60.2161 15.1353
59.6 29.7661 46.2864 60.1661 15.1816
59.7 29.816 46.2402 60.116 15.2278
59.8 29.866 46.1938 60.066 15.2742
59.9 29.916 46.1474 60.016 15.3206
60 29.9659 46.101 59.9659 15.367
60.1 30.0159 46.0545 59.9159 15.4135
60.2 30.0659 46.008 59.8658 15.46
60.3 30.1158 45.9614 59.8158 15.5066
60.4 30.1658 45.9148 59.7658 15.5532
60.5 30.2158 45.8681 59.7157 15.5999
60.6 30.2657 45.8214 59.6657 15.6466
60.7 30.3157 45.7747 59.6157 15.6933
60.8 30.3657 45.7279 59.5656 15.7401
60.9 30.4156 45.681 59.5156 15.787
61 30.4656 45.6341 59.4656 15.8339
61.1 30.5156 45.5872 59.4155 15.8808
61.2 30.5655 45.5402 59.3655 15.9278
61.3 30.6155 45.4932 59.3155 15.9748
61.4 30.6655 45.4461 59.2654 16.0219
61.5 30.7154 45.399 59.2154 16.069
61.6 30.7654 45.3518 59.1654 16.1162
61.7 30.8154 45.3046 59.1154 16.1634
61.8 30.8653 45.2574 59.0653 16.2106
61.9 30.9153 45.2101 59.0153 16.2579
62 30.9653 45.1627 58.9653 16.3053
62.1 31.0152 45.1154 58.9152 16.3526
62.2 31.0652 45.0679 58.8652 16.4001
62.3 31.1152 45.0205 58.8152 16.4475
62.4 31.1651 44.9729 58.7651 16.4951
62.5 31.2151 44.9254 58.7151 16.5426
62.6 31.2651 44.8778 58.6651 16.5902
62.7 31.3151 44.8301 58.615 16.6379
62.8 31.365 44.7824 58.565 16.6856
62.9 31.415 44.7347 58.515 16.7333
63 31.465 44.6869 58.4649 16.7811
63.1 31.5149 44.6391 58.4149 16.8289
63.2 31.5649 44.5913 58.3649 16.8767
63.3 31.6149 44.5434 58.3148 16.9246
63.4 31.6648 44.4954 58.2648 16.9726
63.5 31.7148 44.4474 58.2148 17.0206
63.6 31.7648 44.3994 58.1648 17.0686
63.7 31.8147 44.3513 58.1147 17.1167
63.8 31.8647 44.3032 58.0647 17.1648
63.9 31.9147 44.2551 58.0147 17.2129
64 31.9647 44.2069 57.9646 17.2611
64.1 32.0146 44.1587 57.9146 17.3093
64.2 32.0646 44.1104 57.8646 17.3576
64.3 32.1146 44.0621 57.8145 17.4059
64.4 32.1645 44.0137 57.7645 17.4543
64.5 32.2145 43.9653 57.7145 17.5027
64.6 32.2645 43.9169 57.6645 17.5511
64.7 32.3144 43.8684 57.6144 17.5996
64.8 32.3644 43.8199 57.5644 17.6481
64.9 32.4144 43.7713 57.5144 17.6967
65 32.4644 43.7227 57.4643 17.7453
65.1 32.5143 43.6741 57.4143 17.7939
65.2 32.5643 43.6254 57.3643 17.8426
65.3 32.6143 43.5767 57.3142 17.8913
65.4 32.6642 43.528 57.2642 17.94
65.5 32.7142 43.4792 57.2142 17.9888
65.6 32.7642 43.4304 57.1642 18.0376
65.7 32.8142 43.3815 57.1141 18.0865
65.8 32.8641 43.3326 57.0641 18.1354
65.9 32.9141 43.2836 57.0141 18.1844
66 32.9641 43.2346 56.9641 18.2334
66.1 33.014 43.1856 56.914 18.2824
66.2 33.064 43.1366 56.864 18.3314
66.3 33.114 43.0875 56.814 18.3805
66.4 33.164 43.0383 56.7639 18.4297
66.5 33.2139 42.9892 56.7139 18.4788
66.6 33.2639 42.9399 56.6639 18.5281
66.7 33.3139 42.8907 56.6139 18.5773
66.8 33.3639 42.8414 56.5638 18.6266
66.9 33.4138 42.7921 56.5138 18.6759
67 33.4638 42.7427 56.4638 18.7253
67.1 33.5138 42.6933 56.4138 18.7747
67.2 33.5637 42.6439 56.3637 18.8241
67.3 33.6137 42.5944 56.3137 18.8736
67.4 33.6637 42.5449 56.2637 18.9231
67.5 33.7137 42.4954 56.2136 18.9726
67.6 33.7636 42.4458 56.1636 19.0222
67.7 33.8136 42.3962 56.1136 19.0718
67.8 33.8636 42.3466 56.0636 19.1214
67.9 33.9136 42.2969 56.0135 19.1711
68 33.9635 42.2472 55.9635 19.2208
68.1 34.0135 42.1974 55.9135 19.2706
68.2 34.0635 42.1476 55.8635 19.3204
68.3 34.1135 42.0978 55.8134 19.3702
68.4 34.1634 42.0479 55.7634 19.4201
68.5 34.2134 41.998 55.7134 19.47
68.6 34.2634 41.9481 55.6634 19.5199
68.7 34.3134 41.8982 55.6133 19.5698
68.8 34.3633 41.8482 55.5633 19.6198
68.9 34.4133 41.7981 55.5133 19.6699
69 34.4633 41.7481 55.4633 19.7199
69.1 34.5133 41.698 55.4132 19.77
69.2 34.5632 41.6479 55.3632 19.8201
69.3 34.6132 41.5977 55.3132 19.8703
69.4 34.6632 41.5475 55.2632 19.9205
69.5 34.7132 41.4973 55.2131 19.9707
69.6 34.7631 41.447 55.1631 20.021
69.7 34.8131 41.3967 55.1131 20.0713
69.8 34.8631 41.3464 55.0631 20.1216
69.9 34.9131 41.296 55.013 20.172
70 34.963 41.2456 54.963 20.2224
70.1 35.013 41.1952 54.913 20.2728
70.2 35.063 41.1448 54.863 20.3232
70.3 35.113 41.0943 54.813 20.3737
70.4 35.1629 41.0438 54.7629 20.4242
70.5 35.2129 40.9932 54.7129 20.4748
70.6 35.2629 40.9426 54.6629 20.5254
70.7 35.3129 40.892 54.6129 20.576
70.8 35.3629 40.8414 54.5628 20.6266
70.9 35.4128 40.7907 54.5128 20.6773
71 35.4628 40.74 54.4628 20.728
71.1 35.5128 40.6893 54.4128 20.7787
71.2 35.5628 40.6385 54.3627 20.8295
71.3 35.6127 40.5877 54.3127 20.8803
71.4 35.6627 40.5369 54.2627 20.9311
71.5 35.7127 40.486 54.2127 20.982
71.6 35.7627 40.4352 54.1627 21.0328
71.7 35.8127 40.3842 54.1126 21.0838
71.8 35.8626 40.3333 54.0626 21.1347
71.9 35.9126 40.2823 54.0126 21.1857
72 35.9626 40.2313 53.9626 21.2367
72.1 36.0126 40.1803 53.9126 21.2877
72.2 36.0626 40.1292 53.8625 21.3388
72.3 36.1125 40.0782 53.8125 21.3898
72.4 36.1625 40.027 53.7625 21.441
72.5 36.2125 39.9759 53.7125 21.4921
72.6 36.2625 39.9247 53.6625 21.5433
72.7 36.3124 39.8735 53.6124 21.5945
72.8 36.3624 39.8223 53.5624 21.6457
72.9 36.4124 39.771 53.5124 21.697
73 36.4624 39.7198 53.4624 21.7482
73.1 36.5124 39.6684 53.4124 21.7996
73.2 36.5623 39.6171 53.3623 21.8509
73.3 36.6123 39.5657 53.3123 21.9023
73.4 36.6623 39.5143 53.2623 21.9537
73.5 36.7123 39.4629 53.2123 22.0051
73.6 36.7623 39.4115 53.1623 22.0565
73.7 36.8122 39.36 53.1122 22.108
73.8 36.8622 39.3085 53.0622 22.1595
73.9 36.9122 39.257 53.0122 22.211
74 36.9622 39.2054 52.9622 22.2626
74.1 37.0122 39.1539 52.9122 22.3141
74.2 37.0622 39.1023 52.8621 22.3657
74.3 37.1121 39.0506 52.8121 22.4174
74.4 37.1621 38.999 52.7621 22.469
74.5 37.2121 38.9473 52.7121 22.5207
74.6 37.2621 38.8956 52.6621 22.5724
74.7 37.3121 38.8439 52.612 22.6241
74.8 37.362 38.7921 52.562 22.6759
74.9 37.412 38.7403 52.512 22.7277
75 37.462 38.6885 52.462 22.7795
75.1 37.512 38.6367 52.412 22.8313
75.2 37.562 38.5849 52.362 22.8831
75.3 37.612 38.533 52.3119 22.935
75.4 37.6619 38.4811 52.2619 22.9869
75.5 37.7119 38.4292 52.2119 23.0388
75.6 37.7619 38.3772 52.1619 23.0908
75.7 37.8119 38.3253 52.1119 23.1427
75.8 37.8619 38.2733 52.0619 23.1947
75.9 37.9119 38.2213 52.0118 23.2467
76 37.9618 38.1692 51.9618 23.2988
76.1 38.0118 38.1172 51.9118 23.3508
76.2 38.0618 38.0651 51.8618 23.4029
76.3 38.1118 38.013 51.8118 23.455
76.4 38.1618 37.9609 51.7618 23.5071
76.5 38.2118 37.9087 51.7117 23.5593
76.6 38.2617 37.8565 51.6617 23.6115
76.7 38.3117 37.8043 51.6117 23.6637
76.8 38.3617 37.7521 51.5617 23.7159
76.9 38.4117 37.6999 51.5117 23.7681
77 38.4617 37.6476 51.4617 23.8204
77.1 38.5117 37.5954 51.4116 23.8726
77.2 38.5616 37.5431 51.3616 23.9249
77.3 38.6116 37.4908 51.3116 23.9772
77.4 38.6616 37.4384 51.2616 24.0296
77.5 38.7116 37.3861 51.2116 24.0819
77.6 38.7616 37.3337 51.1616 24.1343
77.7 38.8116 37.2813 51.1116 24.1867
77.8 38.8616 37.2289 51.0615 24.2391
77.9 38.9115 37.1764 51.0115 24.2916
78 38.9615 37.124 50.9615 24.344
78.1 39.0115 37.0715 50.9115 24.3965
78.2 39.0615 37.019 50.8615 24.449
78.3 39.1115 36.9665 50.8115 24.5015
78.4 39.1615 36.9139 50.7615 24.5541
78.5 39.2115 36.8614 50.7114 24.6066
78.6 39.2614 36.8088 50.6614 24.6592
78.7 39.3114 36.7562 50.6114 24.7118
78.8 39.3614 36.7036 50.5614 24.7644
78.9 39.4114 36.651 50.5114 24.817
79 39.4614 36.5983 50.4614 24.8697
79.1 39.5114 36.5457 50.4114 24.9223
79.2 39.5614 36.493 50.3614 24.975
79.3 39.6113 36.4403 50.3113 25.0277
79.4 39.6613 36.3876 50.2613 25.0804
79.5 39.7113 36.3348 50.2113 25.1332
79.6 39.7613 36.2821 50.1613 25.1859
79.7 39.8113 36.2293 50.1113 25.2387
79.8 39.8613 36.1765 50.0613 25.2915
79.9 39.9113 36.1237 50.0113 25.3443
80 39.9613 36.0709 49.9613 25.3971
80.1 40.0112 36.0181 49.9112 25.4499
80.2 40.0612 35.9652 49.8612 25.5028
80.3 40.1112 35.9124 49.8112 25.5556
80.4 40.1612 35.8595 49.7612 25.6085
80.5 40.2112 35.8066 49.7112 25.6614
80.6 40.2612 35.7537 49.6612 25.7143
80.7 40.3112 35.7007 49.6112 25.7673
80.8 40.3612 35.6478 49.5612 25.8202
80.9 40.4112 35.5948 49.5112 25.8732
81 40.4611 35.5419 49.4611 25.9261
81.1 40.5111 35.4889 49.4111 25.9791
81.2 40.5611 35.4359 49.3611 26.0321
81.3 40.6111 35.3829 49.3111 26.0851
81.4 40.6611 35.3298 49.2611 26.1382
81.5 40.7111 35.2768 49.2111 26.1912
81.6 40.7611 35.2237 49.1611 26.2443
81.7 40.8111 35.1706 49.1111 26.2974
81.8 40.8611 35.1176 49.0611 26.3504
81.9 40.9111 35.0645 49.011 26.4035
82 40.961 35.0113 48.961 26.4567
82.1 41.011 34.9582 48.911 26.5098
82.2 41.061 34.9051 48.861 26.5629
82.3 41.111 34.8519 48.811 26.6161
82.4 41.161 34.7988 48.761 26.6692
82.5 41.211 34.7456 48.711 26.7224
82.6 41.261 34.6924 48.661 26.7756
82.7 41.311 34.6392 48.611 26.8288
82.8 41.361 34.586 48.561 26.882
82.9 41.411 34.5328 48.511 26.9352
83 41.461 34.4795 48.4609 26.9885
83.1 41.5109 34.4263 48.4109 27.0417
83.2 41.5609 34.373 48.3609 27.095
83.3 41.6109 34.3198 48.3109 27.1482
83.4 41.6609 34.2665 48.2609 27.2015
83.5 41.7109 34.2132 48.2109 27.2548
83.6 41.7609 34.1599 48.1609 27.3081
83.7 41.8109 34.1066 48.1109 27.3614
83.8 41.8609 34.0533 48.0609 27.4147
83.9 41.9109 33.9999 48.0109 27.4681
84 41.9609 33.9466 47.9609 27.5214
84.1 42.0109 33.8932 47.9109 27.5748
84.2 42.0609 33.8399 47.8609 27.6281
84.3 42.1109 33.7865 47.8109 27.6815
84.4 42.1608 33.7331 47.7608 27.7349
84.5 42.2108 33.6797 47.7108 27.7883
84.6 42.2608 33.6263 47.6608 27.8417
84.7 42.3108 33.5729 47.6108 27.8951
84.8 42.3608 33.5195 47.5608 27.9485
84.9 42.4108 33.4661 47.5108 28.0019
85 42.4608 33.4126 47.4608 28.0554
85.1 42.5108 33.3592 47.4108 28.1088
85.2 42.5608 33.3058 47.3608 28.1622
85.3 42.6108 33.2523 47.3108 28.2157
85.4 42.6608 33.1988 47.2608 28.2692
85.5 42.7108 33.1454 47.2108 28.3226
85.6 42.7608 33.0919 47.1608 28.3761
85.7 42.8108 33.0384 47.1108 28.4296
85.8 42.8608 32.9849 47.0608 28.4831
85.9 42.9108 32.9314 47.0108 28.5366
86 42.9608 32.8779 46.9608 28.5901
86.1 43.0108 32.8244 46.9107 28.6436
86.2 43.0607 32.7709 46.8607 28.6971
86.3 43.1107 32.7173 46.8107 28.7507
86.4 43.1607 32.6638 46.7607 28.8042
86.5 43.2107 32.6103 46.7107 28.8577
86.6 43.2607 32.5567 46.6607 28.9113
86.7 43.3107 32.5032 46.6107 28.9648
86.8 43.3607 32.4496 46.5607 29.0184
86.9 43.4107 32.3961 46.5107 29.0719
87 43.4607 32.3425 46.4607 29.1255
87.1 43.5107 32.2889 46.4107 29.1791
87.2 43.5607 32.2353 46.3607 29.2327
87.3 43.6107 32.1818 46.3107 29.2862
87.4 43.6607 32.1282 46.2607 29.3398
87.5 43.7107 32.0746 46.2107 29.3934
87.6 43.7607 32.021 46.1607 29.447
87.7 43.8107 31.9674 46.1107 29.5006
87.8 43.8607 31.9138 46.0607 29.5542
87.9 43.9107 31.8602 46.0107 29.6078
88 43.9607 31.8066 45.9607 29.6614
88.1 44.0107 31.753 45.9107 29.715
88.2 44.0607 31.6994 45.8607 29.7686
88.3 44.1107 31.6458 45.8107 29.8222
88.4 44.1607 31.5921 45.7607 29.8759
88.5 44.2107 31.5385 45.7107 29.9295
88.6 44.2607 31.4849 45.6607 29.9831
88.7 44.3107 31.4313 45.6107 30.0367
88.8 44.3607 31.3776 45.5607 30.0904
88.9 44.4107 31.324 45.5107 30.144
89 44.4607 31.2704 45.4607 30.1976
89.1 44.5107 31.2167 45.4107 30.2513
89.2 44.5607 31.1631 45.3607 30.3049
89.3 44.6107 31.1095 45.3107 30.3585
89.4 44.6607 31.0558 45.2607 30.4122
89.5 44.7107 31.0022 45.2107 30.4658
89.6 44.7607 30.9486 45.1607 30.5194
89.7 44.8107 30.8949 45.1107 30.5731
89.8 44.8607 30.8413 45.0607 30.6267
89.9 44.9107 30.7876 45.0107 30.6804
90 44.9607 30.734 44.9607 30.734
90.1 45.0107 30.6804 44.9107 30.7876
90.2 45.0607 30.6267 44.8607 30.8413
90.3 45.1107 30.5731 44.8107 30.8949
90.4 45.1607 30.5194 44.7607 30.9486
90.5 45.2107 30.4658 44.7107 31.0022
90.6 45.2607 30.4122 44.6607 31.0558
90.7 45.3107 30.3585 44.6107 31.1095
90.8 45.3607 30.3049 44.5607 31.1631
90.9 45.4107 30.2513 44.5107 31.2167
91 45.4607 30.1976 44.4607 31.2704
91.1 45.5107 30.144 44.4107 31.324
91.2 45.5607 30.0904 44.3607 31.3776
91.3 45.6107 30.0367 44.3107 31.4313
91.4 45.6607 29.9831 44.2607 31.4849
91.5 45.7107 29.9295 44.2107 31.5385
91.6 45.7607 29.8759 44.1607 31.5921
91.7 45.8107 29.8222 44.1107 31.6458
91.8 45.8607 29.7686 44.0607 31.6994
91.9 45.9107 29.715 44.0107 31.753
92 45.9607 29.6614 43.9607 31.8066
92.1 46.0107 29.6078 43.9107 31.8602
92.2 46.0607 29.5542 43.8607 31.9138
92.3 46.1107 29.5006 43.8107 31.9674
92.4 46.1607 29.447 43.7607 32.021
92.5 46.2107 29.3934 43.7107 32.0746
92.6 46.2607 29.3398 43.6607 32.1282
92.7 46.3107 29.2862 43.6107 32.1818
92.8 46.3607 29.2327 43.5607 32.2353
92.9 46.4107 29.1791 43.5107 32.2889
93 46.4607 29.1255 43.4607 32.3425
93.1 46.5107 29.0719 43.4107 32.3961
93.2 46.5607 29.0184 43.3607 32.4496
93.3 46.6107 28.9648 43.3107 32.5032
93.4 46.6607 28.9113 43.2607 32.5567
93.5 46.7107 28.8577 43.2107 32.6103
93.6 46.7607 28.8042 43.1607 32.6638
93.7 46.8107 28.7507 43.1107 32.7173
93.8 46.8607 28.6971 43.0607 32.7709
93.9 46.9107 28.6436 43.0108 32.8244
94 46.9608 28.5901 42.9608 32.8779
94.1 47.0108 28.5366 42.9108 32.9314
94.2 47.0608 28.4831 42.8608 32.9849
94.3 47.1108 28.4296 42.8108 33.0384
94.4 47.1608 28.3761 42.7608 33.0919
94.5 47.2108 28.3226 42.7108 33.1454
94.6 47.2608 28.2692 42.6608 33.1988
94.7 47.3108 28.2157 42.6108 33.2523
94.8 47.3608 28.1622 42.5608 33.3058
94.9 47.4108 28.1088 42.5108 33.3592
95 47.4608 28.0554 42.4608 33.4126
95.1 47.5108 28.0019 42.4108 33.4661
95.2 47.5608 27.9485 42.3608 33.5195
95.3 47.6108 27.8951 42.3108 33.5729
95.4 47.6608 27.8417 42.2608 33.6263
95.5 47.7108 27.7883 42.2108 33.6797
95.6 47.7608 27.7349 42.1608 33.7331
95.7 47.8109 27.6815 42.1109 33.7865
95.8 47.8609 27.6281 42.0609 33.8399
95.9 47.9109 27.5748 42.0109 33.8932
96 47.9609 27.5214 41.9609 33.9466
96.1 48.0109 27.4681 41.9109 33.9999
96.2 48.0609 27.4147 41.8609 34.0533
96.3 48.1109 27.3614 41.8109 34.1066
96.4 48.1609 27.3081 41.7609 34.1599
96.5 48.2109 27.2548 41.7109 34.2132
96.6 48.2609 27.2015 41.6609 34.2665
96.7 48.3109 27.1482 41.6109 34.3198
96.8 48.3609 27.095 41.5609 34.373
96.9 48.4109 27.0417 41.5109 34.4263
97 48.4609 26.9885 41.461 34.4795
97.1 48.511 26.9352 41.411 34.5328
97.2 48.561 26.882 41.361 34.586
97.3 48.611 26.8288 41.311 34.6392
97.4 48.661 26.7756 41.261 34.6924
97.5 48.711 26.7224 41.211 34.7456
97.6 48.761 26.6692 41.161 34.7988
97.7 48.811 26.6161 41.111 34.8519
97.8 48.861 26.5629 41.061 34.9051
97.9 48.911 26.5098 41.011 34.9582
98 48.961 26.4567 40.961 35.0113
98.1 49.011 26.4035 40.9111 35.0645
98.2 49.0611 26.3504 40.8611 35.1176
98.3 49.1111 26.2974 40.8111 35.1706
98.4 49.1611 26.2443 40.7611 35.2237
98.5 49.2111 26.1912 40.7111 35.2768
98.6 49.2611 26.1382 40.6611 35.3298
98.7 49.3111 26.0851 40.6111 35.3829
98.8 49.3611 26.0321 40.5611 35.4359
98.9 49.4111 25.9791 40.5111 35.4889
99 49.4611 25.9261 40.4611 35.5419
99.1 49.5112 25.8732 40.4112 35.5948
99.2 49.5612 25.8202 40.3612 35.6478
99.3 49.6112 25.7673 40.3112 35.7007
99.4 49.6612 25.7143 40.2612 35.7537
99.5 49.7112 25.6614 40.2112 35.8066
99.6 49.7612 25.6085 40.1612 35.8595
99.7 49.8112 25.5556 40.1112 35.9124
99.8 49.8612 25.5028 40.0612 35.9652
99.9 49.9112 25.4499 40.0112 36.0181
100 49.9613 25.3971 39.9613 36.0709
100.1 50.0113 25.3443 39.9113 36.1237
100.2 50.0613 25.2915 39.8613 36.1765
100.3 50.1113 25.2387 39.8113 36.2293
100.4 50.1613 25.1859 39.7613 36.2821
100.5 50.2113 25.1332 39.7113 36.3348
100.6 50.2613 25.0804 39.6613 36.3876
100.7 50.3113 25.0277 39.6113 36.4403
100.8 50.3614 24.975 39.5614 36.493
100.9 50.4114 24.9223 39.5114 36.5457
101 50.4614 24.8697 39.4614 36.5983
101.1 50.5114 24.817 39.4114 36.651
101.2 50.5614 24.7644 39.3614 36.7036
101.3 50.6114 24.7118 39.3114 36.7562
101.4 50.6614 24.6592 39.2614 36.8088
101.5 50.7114 24.6066 39.2115 36.8614
101.6 50.7615 24.5541 39.1615 36.9139
101.7 50.8115 24.5015 39.1115 36.9665
101.8 50.8615 24.449 39.0615 37.019
101.9 50.9115 24.3965 39.0115 37.0715
102 50.9615 24.344 38.9615 37.124
102.1 51.0115 24.2916 38.9115 37.1764
102.2 51.0615 24.2391 38.8616 37.2289
102.3 51.1116 24.1867 38.8116 37.2813
102.4 51.1616 24.1343 38.7616 37.3337
102.5 51.2116 24.0819 38.7116 37.3861
102.6 51.2616 24.0296 38.6616 37.4384
102.7 51.3116 23.9772 38.6116 37.4908
102.8 51.3616 23.9249 38.5616 37.5431
102.9 51.4116 23.8726 38.5117 37.5954
103 51.4617 23.8204 38.4617 37.6476
103.1 51.5117 23.7681 38.4117 37.6999
103.2 51.5617 23.7159 38.3617 37.7521
103.3 51.6117 23.6637 38.3117 37.8043
103.4 51.6617 23.6115 38.2617 37.8565
103.5 51.7117 23.5593 38.2118 37.9087
103.6 51.7618 23.5071 38.1618 37.9609
103.7 51.8118 23.455 38.1118 38.013
103.8 51.8618 23.4029 38.0618 38.0651
103.9 51.9118 23.3508 38.0118 38.1172
104 51.9618 23.2988 37.9618 38.1692
104.1 52.0118 23.2467 37.9119 38.2213
104.2 52.0619 23.1947 37.8619 38.2733
104.3 52.1119 23.1427 37.8119 38.3253
104.4 52.1619 23.0908 37.7619 38.3772
104.5 52.2119 23.0388 37.7119 38.4292
104.6 52.2619 22.9869 37.6619 38.4811
104.7 52.3119 22.935 37.612 38.533
104.8 52.362 22.8831 37.562 38.5849
104.9 52.412 22.8313 37.512 38.6367
105 52.462 22.7795 37.462 38.6885
105.1 52.512 22.7277 37.412 38.7403
105.2 52.562 22.6759 37.362 38.7921
105.3 52.612 22.6241 37.3121 38.8439
105.4 52.6621 22.5724 37.2621 38.8956
105.5 52.7121 22.5207 37.2121 38.9473
105.6 52.7621 22.469 37.1621 38.999
105.7 52.8121 22.4174 37.1121 39.0506
105.8 52.8621 22.3657 37.0622 39.1023
105.9 52.9122 22.3141 37.0122 39.1539
106 52.9622 22.2626 36.9622 39.2054
106.1 53.0122 22.211 36.9122 39.257
106.2 53.0622 22.1595 36.8622 39.3085
106.3 53.1122 22.108 36.8122 39.36
106.4 53.1623 22.0565 36.7623 39.4115
106.5 53.2123 22.0051 36.7123 39.4629
106.6 53.2623 21.9537 36.6623 39.5143
106.7 53.3123 21.9023 36.6123 39.5657
106.8 53.3623 21.8509 36.5623 39.6171
106.9 53.4124 21.7996 36.5124 39.6684
107 53.4624 21.7482 36.4624 39.7198
107.1 53.5124 21.697 36.4124 39.771
107.2 53.5624 21.6457 36.3624 39.8223
107.3 53.6124 21.5945 36.3124 39.8735
107.4 53.6625 21.5433 36.2625 39.9247
107.5 53.7125 21.4921 36.2125 39.9759
107.6 53.7625 21.441 36.1625 40.027
107.7 53.8125 21.3898 36.1125 40.0782
107.8 53.8625 21.3388 36.0626 40.1292
107.9 53.9126 21.2877 36.0126 40.1803
108 53.9626 21.2367 35.9626 40.2313
108.1 54.0126 21.1857 35.9126 40.2823
108.2 54.0626 21.1347 35.8626 40.3333
108.3 54.1126 21.0838 35.8127 40.3842
108.4 54.1627 21.0328 35.7627 40.4352
108.5 54.2127 20.982 35.7127 40.486
108.6 54.2627 20.9311 35.6627 40.5369
108.7 54.3127 20.8803 35.6127 40.5877
108.8 54.3627 20.8295 35.5628 40.6385
108.9 54.4128 20.7787 35.5128 40.6893
109 54.4628 20.728 35.4628 40.74
109.1 54.5128 20.6773 35.4128 40.7907
109.2 54.5628 20.6266 35.3629 40.8414
109.3 54.6129 20.576 35.3129 40.892
109.4 54.6629 20.5254 35.2629 40.9426
109.5 54.7129 20.4748 35.2129 40.9932
109.6 54.7629 20.4242 35.1629 41.0438
109.7 54.813 20.3737 35.113 41.0943
109.8 54.863 20.3232 35.063 41.1448
109.9 54.913 20.2728 35.013 41.1952
110 54.963 20.2224 34.963 41.2456
110.1 55.013 20.172 34.9131 41.296
110.2 55.0631 20.1216 34.8631 41.3464
110.3 55.1131 20.0713 34.8131 41.3967
110.4 55.1631 20.021 34.7631 41.447
110.5 55.2131 19.9707 34.7132 41.4973
110.6 55.2632 19.9205 34.6632 41.5475
110.7 55.3132 19.8703 34.6132 41.5977
110.8 55.3632 19.8201 34.5632 41.6479
110.9 55.4132 19.77 34.5133 41.698
111 55.4633 19.7199 34.4633 41.7481
111.1 55.5133 19.6699 34.4133 41.7981
111.2 55.5633 19.6198 34.3633 41.8482
111.3 55.6133 19.5698 34.3134 41.8982
111.4 55.6634 19.5199 34.2634 41.9481
111.5 55.7134 19.47 34.2134 41.998
111.6 55.7634 19.4201 34.1634 42.0479
111.7 55.8134 19.3702 34.1135 42.0978
111.8 55.8635 19.3204 34.0635 42.1476
111.9 55.9135 19.2706 34.0135 42.1974
112 55.9635 19.2208 33.9635 42.2472
112.1 56.0135 19.1711 33.9136 42.2969
112.2 56.0636 19.1214 33.8636 42.3466
112.3 56.1136 19.0718 33.8136 42.3962
112.4 56.1636 19.0222 33.7636 42.4458
112.5 56.2136 18.9726 33.7137 42.4954
112.6 56.2637 18.9231 33.6637 42.5449
112.7 56.3137 18.8736 33.6137 42.5944
112.8 56.3637 18.8241 33.5637 42.6439
112.9 56.4138 18.7747 33.5138 42.6933
113 56.4638 18.7253 33.4638 42.7427
113.1 56.5138 18.6759 33.4138 42.7921
113.2 56.5638 18.6266 33.3639 42.8414
113.3 56.6139 18.5773 33.3139 42.8907
113.4 56.6639 18.5281 33.2639 42.9399
113.5 56.7139 18.4788 33.2139 42.9892
113.6 56.7639 18.4297 33.164 43.0383
113.7 56.814 18.3805 33.114 43.0875
113.8 56.864 18.3314 33.064 43.1366
113.9 56.914 18.2824 33.014 43.1856
114 56.9641 18.2334 32.9641 43.2346
114.1 57.0141 18.1844 32.9141 43.2836
114.2 57.0641 18.1354 32.8641 43.3326
114.3 57.1141 18.0865 32.8142 43.3815
114.4 57.1642 18.0376 32.7642 43.4304
114.5 57.2142 17.9888 32.7142 43.4792
114.6 57.2642 17.94 32.6642 43.528
114.7 57.3142 17.8913 32.6143 43.5767
114.8 57.3643 17.8426 32.5643 43.6254
114.9 57.4143 17.7939 32.5143 43.6741
115 57.4643 17.7453 32.4644 43.7227
115.1 57.5144 17.6967 32.4144 43.7713
115.2 57.5644 17.6481 32.3644 43.8199
115.3 57.6144 17.5996 32.3144 43.8684
115.4 57.6645 17.5511 32.2645 43.9169
115.5 57.7145 17.5027 32.2145 43.9653
115.6 57.7645 17.4543 32.1645 44.0137
115.7 57.8145 17.4059 32.1146 44.0621
115.8 57.8646 17.3576 32.0646 44.1104
115.9 57.9146 17.3093 32.0146 44.1587
116 57.9646 17.2611 31.9647 44.2069
116.1 58.0147 17.2129 31.9147 44.2551
116.2 58.0647 17.1648 31.8647 44.3032
116.3 58.1147 17.1167 31.8147 44.3513
116.4 58.1648 17.0686 31.7648 44.3994
116.5 58.2148 17.0206 31.7148 44.4474
116.6 58.2648 16.9726 31.6648 44.4954
116.7 58.3148 16.9246 31.6149 44.5434
116.8 58.3649 16.8767 31.5649 44.5913
116.9 58.4149 16.8289 31.5149 44.6391
117 58.4649 16.7811 31.465 44.6869
117.1 58.515 16.7333 31.415 44.7347
117.2 58.565 16.6856 31.365 44.7824
117.3 58.615 16.6379 31.3151 44.8301
117.4 58.6651 16.5902 31.2651 44.8778
117.5 58.7151 16.5426 31.2151 44.9254
117.6 58.7651 16.4951 31.1651 44.9729
117.7 58.8152 16.4475 31.1152 45.0205
117.8 58.8652 16.4001 31.0652 45.0679
117.9 58.9152 16.3526 31.0152 45.1154
118 58.9653 16.3053 30.9653 45.1627
118.1 59.0153 16.2579 30.9153 45.2101
118.2 59.0653 16.2106 30.8653 45.2574
118.3 59.1154 16.1634 30.8154 45.3046
118.4 59.1654 16.1162 30.7654 45.3518
118.5 59.2154 16.069 30.7154 45.399
118.6 59.2654 16.0219 30.6655 45.4461
118.7 59.3155 15.9748 30.6155 45.4932
118.8 59.3655 15.9278 30.5655 45.5402
118.9 59.4155 15.8808 30.5156 45.5872
119 59.4656 15.8339 30.4656 45.6341
119.1 59.5156 15.787 30.4156 45.681
119.2 59.5656 15.7401 30.3657 45.7279
119.3 59.6157 15.6933 30.3157 45.7747
119.4 59.6657 15.6466 30.2657 45.8214
119.5 59.7157 15.5999 30.2158 45.8681
119.6 59.7658 15.5532 30.1658 45.9148
119.7 59.8158 15.5066 30.1158 45.9614
119.8 59.8658 15.46 30.0659 46.008
119.9 59.9159 15.4135 30.0159 46.0545
120 59.9659 15.367 29.9659 46.101
120.1 60.016 15.3206 29.916 46.1474
120.2 60.066 15.2742 29.866 46.1938
120.3 60.116 15.2278 29.816 46.2402
120.4 60.1661 15.1816 29.7661 46.2864
120.5 60.2161 15.1353 29.7161 46.3327
120.6 60.2661 15.0891 29.6661 46.3789
120.7 60.3162 15.043 29.6162 46.425
120.8 60.3662 14.9969 29.5662 46.4711
120.9 60.4162 14.9508 29.5163 46.5172
121 60.4663 14.9048 29.4663 46.5632
121.1 60.5163 14.8589 29.4163 46.6091
121.2 60.5663 14.813 29.3664 46.655
121.3 60.6164 14.7671 29.3164 46.7009
121.4 60.6664 14.7213 29.2664 46.7467
121.5 60.7164 14.6755 29.2165 46.7925
121.6 60.7665 14.6298 29.1665 46.8382
121.7 60.8165 14.5842 29.1165 46.8838
121.8 60.8666 14.5385 29.0666 46.9295
121.9 60.9166 14.493 29.0166 46.975
122 60.9666 14.4475 28.9666 47.0205
122.1 61.0167 14.402 28.9167 47.066
122.2 61.0667 14.3566 28.8667 47.1114
122.3 61.1167 14.3112 28.8168 47.1568
122.4 61.1668 14.2659 28.7668 47.2021
122.5 61.2168 14.2206 28.7168 47.2474
122.6 61.2668 14.1754 28.6669 47.2926
122.7 61.3169 14.1303 28.6169 47.3377
122.8 61.3669 14.0851 28.5669 47.3829
122.9 61.417 14.0401 28.517 47.4279
123 61.467 13.9951 28.467 47.4729
123.1 61.517 13.9501 28.4171 47.5179
123.2 61.5671 13.9052 28.3671 47.5628
123.3 61.6171 13.8603 28.3171 47.6077
123.4 61.6671 13.8155 28.2672 47.6525
123.5 61.7172 13.7708 28.2172 47.6972
123.6 61.7672 13.7261 28.1672 47.7419
123.7 61.8173 13.6814 28.1173 47.7866
123.8 61.8673 13.6368 28.0673 47.8312
123.9 61.9173 13.5923 28.0174 47.8757
124 61.9674 13.5478 27.9674 47.9202
124.1 62.0174 13.5033 27.9174 47.9647
124.2 62.0674 13.4589 27.8675 48.0091
124.3 62.1175 13.4146 27.8175 48.0534
124.4 62.1675 13.3703 27.7676 48.0977
124.5 62.2176 13.3261 27.7176 48.1419
124.6 62.2676 13.2819 27.6676 48.1861
124.7 62.3176 13.2378 27.6177 48.2302
124.8 62.3677 13.1937 27.5677 48.2743
124.9 62.4177 13.1497 27.5177 48.3183
125 62.4678 13.1057 27.4678 48.3623
125.1 62.5178 13.0618 27.4178 48.4062
125.2 62.5678 13.0179 27.3679 48.4501
125.3 62.6179 12.9741 27.3179 48.4939
125.4 62.6679 12.9304 27.2679 48.5376
125.5 62.718 12.8867 27.218 48.5813
125.6 62.768 12.843 27.168 48.625
125.7 62.818 12.7994 27.1181 48.6686
125.8 62.8681 12.7559 27.0681 48.7121
125.9 62.9181 12.7124 27.0181 48.7556
126 62.9682 12.669 26.9682 48.799
126.1 63.0182 12.6256 26.9182 48.8424
126.2 63.0682 12.5823 26.8683 48.8857
126.3 63.1183 12.5391 26.8183 48.9289
126.4 63.1683 12.4959 26.7683 48.9721
126.5 63.2184 12.4527 26.7184 49.0153
126.6 63.2684 12.4096 26.6684 49.0584
126.7 63.3184 12.3666 26.6185 49.1014
126.8 63.3685 12.3236 26.5685 49.1444
126.9 63.4185 12.2807 26.5186 49.1873
127 63.4686 12.2378 26.4686 49.2302
127.1 63.5186 12.195 26.4186 49.273
127.2 63.5687 12.1523 26.3687 49.3157
127.3 63.6187 12.1096 26.3187 49.3584
127.4 63.6687 12.0669 26.2688 49.4011
127.5 63.7188 12.0243 26.2188 49.4437
127.6 63.7688 11.9818 26.1688 49.4862
127.7 63.8189 11.9393 26.1189 49.5287
127.8 63.8689 11.8969 26.0689 49.5711
127.9 63.9189 11.8546 26.019 49.6134
128 63.969 11.8123 25.969 49.6557
128.1 64.019 11.77 25.9191 49.698
128.2 64.0691 11.7278 25.8691 49.7402
128.3 64.1191 11.6857 25.8191 49.7823
128.4 64.1692 11.6436 25.7692 49.8244
128.5 64.2192 11.6016 25.7192 49.8664
128.6 64.2692 11.5597 25.6693 49.9083
128.7 64.3193 11.5178 25.6193 49.9502
128.8 64.3693 11.476 25.5694 49.992
128.9 64.4194 11.4342 25.5194 50.0338
129 64.4694 11.3925 25.4694 50.0755
129.1 64.5195 11.3508 25.4195 50.1172
129.2 64.5695 11.3092 25.3695 50.1588
129.3 64.6195 11.2677 25.3196 50.2003
129.4 64.6696 11.2262 25.2696 50.2418
129.5 64.7196 11.1848 25.2197 50.2832
129.6 64.7697 11.1434 25.1697 50.3246
129.7 64.8197 11.1021 25.1197 50.3659
129.8 64.8698 11.0609 25.0698 50.4071
129.9 64.9198 11.0197 25.0198 50.4483
130 64.9698 10.9786 24.9699 50.4894
130.1 65.0199 10.9375 24.9199 50.5305
130.2 65.0699 10.8965 24.87 50.5715
130.3 65.12 10.8556 24.82 50.6124
130.4 65.17 10.8147 24.7701 50.6533
130.5 65.2201 10.7739 24.7201 50.6941
130.6 65.2701 10.7331 24.6701 50.7349
130.7 65.3202 10.6924 24.6202 50.7756
130.8 65.3702 10.6518 24.5702 50.8162
130.9 65.4203 10.6112 24.5203 50.8568
131 65.4703 10.5707 24.4703 50.8973
131.1 65.5203 10.5302 24.4204 50.9378
131.2 65.5704 10.4898 24.3704 50.9782
131.3 65.6204 10.4495 24.3205 51.0185
131.4 65.6705 10.4092 24.2705 51.0588
131.5 65.7205 10.369 24.2205 51.099
131.6 65.7706 10.3289 24.1706 51.1391
131.7 65.8206 10.2888 24.1206 51.1792
131.8 65.8707 10.2488 24.0707 51.2192
131.9 65.9207 10.2088 24.0207 51.2592
132 65.9708 10.1689 23.9708 51.2991
132.1 66.0208 10.1291 23.9208 51.3389
132.2 66.0708 10.0893 23.8709 51.3787
132.3 66.1209 10.0496 23.8209 51.4184
132.4 66.1709 10.01 23.771 51.458
132.5 66.221 9.97041 23.721 51.4976
132.6 66.271 9.93089 23.6711 51.5371
132.7 66.3211 9.89144 23.6211 51.5766
132.8 66.3711 9.85205 23.5711 51.6159
132.9 66.4212 9.81272 23.5212 51.6553
133 66.4712 9.77346 23.4712 51.6945
133.1 66.5213 9.73426 23.4213 51.7337
133.2 66.5713 9.69513 23.3713 51.7729
133.3 66.6214 9.65606 23.3214 51.8119
133.4 66.6714 9.61705 23.2714 51.8509
133.5 66.7214 9.57811 23.2215 51.8899
133.6 66.7715 9.53923 23.1715 51.9288
133.7 66.8215 9.50042 23.1216 51.9676
133.8 66.8716 9.46167 23.0716 52.0063
133.9 66.9216 9.42299 23.0217 52.045
134 66.9717 9.38437 22.9717 52.0836
134.1 67.0217 9.34582 22.9218 52.1222
134.2 67.0718 9.30733 22.8718 52.1607
134.3 67.1218 9.2689 22.8219 52.1991
134.4 67.1719 9.23055 22.7719 52.2375
134.5 67.2219 9.19225 22.722 52.2757
134.6 67.272 9.15403 22.672 52.314
134.7 67.322 9.11587 22.6221 52.3521
134.8 67.3721 9.07777 22.5721 52.3902
134.9 67.4221 9.03974 22.5221 52.4283
135 67.4722 9.00178 22.4722 52.4662
135.1 67.5222 8.96388 22.4222 52.5041
135.2 67.5723 8.92605 22.3723 52.5419
135.3 67.6223 8.88829 22.3223 52.5797
135.4 67.6724 8.85059 22.2724 52.6174
135.5 67.7224 8.81296 22.2224 52.655
135.6 67.7725 8.7754 22.1725 52.6926
135.7 67.8225 8.7379 22.1225 52.7301
135.8 67.8726 8.70047 22.0726 52.7675
135.9 67.9226 8.66311 22.0226 52.8049
136 67.9727 8.62581 21.9727 52.8422
136.1 68.0227 8.58858 21.9227 52.8794
136.2 68.0728 8.55142 21.8728 52.9166
136.3 68.1228 8.51433 21.8228 52.9537
136.4 68.1729 8.4773 21.7729 52.9907
136.5 68.2229 8.44034 21.7229 53.0277
136.6 68.273 8.40345 21.673 53.0645
136.7 68.323 8.36663 21.623 53.1014
136.8 68.3731 8.32988 21.5731 53.1381
136.9 68.4231 8.29319 21.5231 53.1748
137 68.4732 8.25658 21.4732 53.2114
137.1 68.5232 8.22003 21.4232 53.248
137.2 68.5733 8.18355 21.3733 53.2845
137.3 68.6233 8.14713 21.3233 53.3209
137.4 68.6734 8.11079 21.2734 53.3572
137.5 68.7234 8.07452 21.2234 53.3935
137.6 68.7735 8.03831 21.1735 53.4297
137.7 68.8235 8.00218 21.1235 53.4658
137.8 68.8736 7.96611 21.0736 53.5019
137.9 68.9236 7.93011 21.0236 53.5379
138 68.9737 7.89419 20.9737 53.5738
138.1 69.0237 7.85833 20.9237 53.6097
138.2 69.0738 7.82254 20.8738 53.6455
138.3 69.1238 7.78682 20.8238 53.6812
138.4 69.1739 7.75117 20.7739 53.7168
138.5 69.2239 7.71559 20.7239 53.7524
138.6 69.274 7.68009 20.674 53.7879
138.7 69.324 7.64465 20.624 53.8234
138.8 69.3741 7.60928 20.5741 53.8587
138.9 69.4241 7.57398 20.5242 53.894
139 69.4742 7.53876 20.4742 53.9292
139.1 69.5242 7.5036 20.4243 53.9644
139.2 69.5743 7.46851 20.3743 53.9995
139.3 69.6243 7.4335 20.3244 54.0345
139.4 69.6744 7.39856 20.2744 54.0694
139.5 69.7244 7.36368 20.2245 54.1043
139.6 69.7745 7.32888 20.1745 54.1391
139.7 69.8245 7.29415 20.1246 54.1738
139.8 69.8746 7.25949 20.0746 54.2085
139.9 69.9246 7.22491 20.0247 54.2431
140 69.9747 7.19039 19.9747 54.2776
140.1 70.0248 7.15595 19.9248 54.3121
140.2 70.0748 7.12157 19.8748 54.3464
140.3 70.1249 7.08727 19.8249 54.3807
140.4 70.1749 7.05305 19.7749 54.415
140.5 70.225 7.01889 19.725 54.4491
140.6 70.275 6.98481 19.675 54.4832
140.7 70.3251 6.95079 19.6251 54.5172
140.8 70.3751 6.91686 19.5751 54.5511
140.9 70.4252 6.88299 19.5252 54.585
141 70.4752 6.8492 19.4753 54.6188
141.1 70.5253 6.81548 19.4253 54.6525
141.2 70.5753 6.78183 19.3754 54.6862
141.3 70.6254 6.74825 19.3254 54.7197
141.4 70.6754 6.71475 19.2755 54.7533
141.5 70.7255 6.68132 19.2255 54.7867
141.6 70.7756 6.64797 19.1756 54.82
141.7 70.8256 6.61468 19.1256 54.8533
141.8 70.8757 6.58147 19.0757 54.8865
141.9 70.9257 6.54834 19.0257 54.9197
142 70.9758 6.51528 18.9758 54.9527
142.1 71.0258 6.48229 18.9258 54.9857
142.2 71.0759 6.44938 18.8759 55.0186
142.3 71.1259 6.41654 18.826 55.0515
142.4 71.176 6.38377 18.776 55.0842
142.5 71.226 6.35108 18.7261 55.1169
142.6 71.2761 6.31846 18.6761 55.1495
142.7 71.3261 6.28592 18.6262 55.1821
142.8 71.3762 6.25345 18.5762 55.2146
142.9 71.4263 6.22106 18.5263 55.2469
143 71.4763 6.18874 18.4763 55.2793
143.1 71.5264 6.15649 18.4264 55.3115
143.2 71.5764 6.12432 18.3764 55.3437
143.3 71.6265 6.09223 18.3265 55.3758
143.4 71.6765 6.06021 18.2766 55.4078
143.5 71.7266 6.02826 18.2266 55.4397
143.6 71.7766 5.99639 18.1767 55.4716
143.7 71.8267 5.9646 18.1267 55.5034
143.8 71.8768 5.93288 18.0768 55.5351
143.9 71.9268 5.90124 18.0268 55.5668
144 71.9769 5.86967 17.9769 55.5983
144.1 72.0269 5.83818 17.9269 55.6298
144.2 72.077 5.80676 17.877 55.6612
144.3 72.127 5.77542 17.8271 55.6926
144.4 72.1771 5.74416 17.7771 55.7238
144.5 72.2271 5.71297 17.7272 55.755
144.6 72.2772 5.68186 17.6772 55.7861
144.7 72.3273 5.65083 17.6273 55.8172
144.8 72.3773 5.61987 17.5773 55.8481
144.9 72.4274 5.58899 17.5274 55.879
145 72.4774 5.55818 17.4774 55.9098
145.1 72.5275 5.52745 17.4275 55.9405
145.2 72.5775 5.4968 17.3776 55.9712
145.3 72.6276 5.46623 17.3276 56.0018
145.4 72.6776 5.43573 17.2777 56.0323
145.5 72.7277 5.40531 17.2277 56.0627
145.6 72.7778 5.37496 17.1778 56.093
145.7 72.8278 5.3447 17.1278 56.1233
145.8 72.8779 5.31451 17.0779 56.1535
145.9 72.9279 5.28439 17.028 56.1836
146 72.978 5.25436 16.978 56.2136
146.1 73.028 5.2244 16.9281 56.2436
146.2 73.0781 5.19452 16.8781 56.2735
146.3 73.1282 5.16472 16.8282 56.3033
146.4 73.1782 5.135 16.7782 56.333
146.5 73.2283 5.10535 16.7283 56.3626
146.6 73.2783 5.07579 16.6784 56.3922
146.7 73.3284 5.0463 16.6284 56.4217
146.8 73.3784 5.01689 16.5785 56.4511
146.9 73.4285 4.98755 16.5285 56.4804
147 73.4786 4.9583 16.4786 56.5097
147.1 73.5286 4.92912 16.4286 56.5389
147.2 73.5787 4.90003 16.3787 56.568
147.3 73.6287 4.87101 16.3288 56.597
147.4 73.6788 4.84207 16.2788 56.6259
147.5 73.7288 4.81321 16.2289 56.6548
147.6 73.7789 4.78443 16.1789 56.6836
147.7 73.829 4.75572 16.129 56.7123
147.8 73.879 4.7271 16.079 56.7409
147.9 73.9291 4.69855 16.0291 56.7694
148 73.9791 4.67009 15.9792 56.7979
148.1 74.0292 4.6417 15.9292 56.8263
148.2 74.0793 4.6134 15.8793 56.8546
148.3 74.1293 4.58517 15.8293 56.8828
148.4 74.1794 4.55702 15.7794 56.911
148.5 74.2294 4.52896 15.7295 56.939
148.6 74.2795 4.50097 15.6795 56.967
148.7 74.3295 4.47306 15.6296 56.9949
148.8 74.3796 4.44523 15.5796 57.0228
148.9 74.4297 4.41749 15.5297 57.0505
149 74.4797 4.38982 15.4797 57.0782
149.1 74.5298 4.36223 15.4298 57.1058
149.2 74.5798 4.33473 15.3799 57.1333
149.3 74.6299 4.3073 15.3299 57.1607
149.4 74.68 4.27995 15.28 57.188
149.5 74.73 4.25269 15.23 57.2153
149.6 74.7801 4.2255 15.1801 57.2425
149.7 74.8301 4.1984 15.1302 57.2696
149.8 74.8802 4.17138 15.0802 57.2966
149.9 74.9303 4.14444 15.0303 57.3236
150 74.9803 4.11758 14.9803 57.3504
150.1 75.0304 4.0908 14.9304 57.3772
150.2 75.0804 4.0641 14.8805 57.4039
150.3 75.1305 4.03748 14.8305 57.4305
150.4 75.1806 4.01094 14.7806 57.4571
150.5 75.2306 3.98449 14.7306 57.4835
150.6 75.2807 3.95811 14.6807 57.5099
150.7 75.3307 3.93182 14.6308 57.5362
150.8 75.3808 3.90561 14.5808 57.5624
150.9 75.4309 3.87948 14.5309 57.5885
151 75.4809 3.85344 14.4809 57.6146
151.1 75.531 3.82747 14.431 57.6405
151.2 75.581 3.80159 14.3811 57.6664
151.3 75.6311 3.77579 14.3311 57.6922
151.4 75.6812 3.75007 14.2812 57.7179
151.5 75.7312 3.72443 14.2312 57.7436
151.6 75.7813 3.69888 14.1813 57.7691
151.7 75.8313 3.67341 14.1314 57.7946
151.8 75.8814 3.64802 14.0814 57.82
151.9 75.9315 3.62271 14.0315 57.8453
152 75.9815 3.59749 13.9815 57.8705
152.1 76.0316 3.57235 13.9316 57.8957
152.2 76.0816 3.54729 13.8817 57.9207
152.3 76.1317 3.52231 13.8317 57.9457
152.4 76.1818 3.49742 13.7818 57.9706
152.5 76.2318 3.47261 13.7318 57.9954
152.6 76.2819 3.44788 13.6819 58.0201
152.7 76.3319 3.42324 13.632 58.0448
152.8 76.382 3.39868 13.582 58.0693
152.9 76.4321 3.3742 13.5321 58.0938
153 76.4821 3.34981 13.4822 58.1182
153.1 76.5322 3.32549 13.4322 58.1425
153.2 76.5823 3.30127 13.3823 58.1667
153.3 76.6323 3.27712 13.3323 58.1909
153.4 76.6824 3.25306 13.2824 58.2149
153.5 76.7324 3.22909 13.2325 58.2389
153.6 76.7825 3.20519 13.1825 58.2628
153.7 76.8326 3.18139 13.1326 58.2866
153.8 76.8826 3.15766 13.0826 58.3103
153.9 76.9327 3.13402 13.0327 58.334
154 76.9827 3.11046 12.9828 58.3575
154.1 77.0328 3.08699 12.9328 58.381
154.2 77.0829 3.0636 12.8829 58.4044
154.3 77.1329 3.0403 12.833 58.4277
154.4 77.183 3.01708 12.783 58.4509
154.5 77.2331 2.99394 12.7331 58.4741
154.6 77.2831 2.97089 12.6831 58.4971
154.7 77.3332 2.94793 12.6332 58.5201
154.8 77.3832 2.92505 12.5833 58.543
154.9 77.4333 2.90225 12.5333 58.5658
155 77.4834 2.87954 12.4834 58.5885
155.1 77.5334 2.85691 12.4334 58.6111
155.2 77.5835 2.83437 12.3835 58.6336
155.3 77.6336 2.81191 12.3336 58.6561
155.4 77.6836 2.78954 12.2836 58.6785
155.5 77.7337 2.76725 12.2337 58.7007
155.6 77.7837 2.74505 12.1838 58.723
155.7 77.8338 2.72293 12.1338 58.7451
155.8 77.8839 2.7009 12.0839 58.7671
155.9 77.9339 2.67895 12.0339 58.789
156 77.984 2.65709 11.984 58.8109
156.1 78.0341 2.63532 11.9341 58.8327
156.2 78.0841 2.61363 11.8841 58.8544
156.3 78.1342 2.59203 11.8342 58.876
156.4 78.1842 2.57051 11.7843 58.8975
156.5 78.2343 2.54908 11.7343 58.9189
156.6 78.2844 2.52773 11.6844 58.9403
156.7 78.3344 2.50647 11.6344 58.9615
156.8 78.3845 2.48529 11.5845 58.9827
156.9 78.4346 2.46421 11.5346 59.0038
157 78.4846 2.4432 11.4846 59.0248
157.1 78.5347 2.42229 11.4347 59.0457
157.2 78.5847 2.40146 11.3848 59.0665
157.3 78.6348 2.38071 11.3348 59.0873
157.4 78.6849 2.36006 11.2849 59.1079
157.5 78.7349 2.33949 11.235 59.1285
157.6 78.785 2.319 11.185 59.149
157.7 78.8351 2.2986 11.1351 59.1694
157.8 78.8851 2.27829 11.0851 59.1897
157.9 78.9352 2.25807 11.0352 59.2099
158 78.9853 2.23793 10.9853 59.2301
158.1 79.0353 2.21788 10.9353 59.2501
158.2 79.0854 2.19792 10.8854 59.2701
158.3 79.1354 2.17804 10.8355 59.29
158.4 79.1855 2.15825 10.7855 59.3098
158.5 79.2356 2.13855 10.7356 59.3295
158.6 79.2856 2.11893 10.6857 59.3491
158.7 79.3357 2.0994 10.6357 59.3686
158.8 79.3858 2.07996 10.5858 59.388
158.9 79.4358 2.06061 10.5358 59.4074
159 79.4859 2.04134 10.4859 59.4267
159.1 79.536 2.02216 10.436 59.4458
159.2 79.586 2.00307 10.386 59.4649
159.3 79.6361 1.98406 10.3361 59.4839
159.4 79.6861 1.96515 10.2862 59.5029
159.5 79.7362 1.94632 10.2362 59.5217
159.6 79.7863 1.92758 10.1863 59.5404
159.7 79.8363 1.90892 10.1364 59.5591
159.8 79.8864 1.89036 10.0864 59.5776
159.9 79.9365 1.87188 10.0365 59.5961
160 79.9865 1.85349 9.98655 59.6145
160.1 80.0366 1.83518 9.93662 59.6328
160.2 80.0867 1.81697 9.88668 59.651
160.3 80.1367 1.79884 9.83675 59.6692
160.4 80.1868 1.78081 9.78681 59.6872
160.5 80.2369 1.76286 9.73688 59.7051
160.6 80.2869 1.74499 9.68694 59.723
160.7 80.337 1.72722 9.63701 59.7408
160.8 80.3871 1.70954 9.58707 59.7585
160.9 80.4371 1.69194 9.53714 59.7761
161 80.4872 1.67443 9.4872 59.7936
161.1 80.5372 1.65701 9.43727 59.811
161.2 80.5873 1.63968 9.38733 59.8283
161.3 80.6374 1.62244 9.3374 59.8456
161.4 80.6874 1.60529 9.28746 59.8627
161.5 80.7375 1.58822 9.23753 59.8798
161.6 80.7876 1.57124 9.18759 59.8968
161.7 80.8376 1.55436 9.13766 59.9136
161.8 80.8877 1.53756 9.08772 59.9304
161.9 80.9378 1.52085 9.03779 59.9472
162 80.9878 1.50423 8.98785 59.9638
162.1 81.0379 1.4877 8.93792 59.9803
162.2 81.088 1.47126 8.88798 59.9967
162.3 81.138 1.4549 8.83805 60.0131
162.4 81.1881 1.43864 8.78811 60.0294
162.5 81.2382 1.42246 8.73818 60.0455
162.6 81.2882 1.40638 8.68824 60.0616
162.7 81.3383 1.39038 8.63831 60.0776
162.8 81.3884 1.37447 8.58837 60.0935
162.9 81.4384 1.35866 8.53844 60.1093
163 81.4885 1.34293 8.48851 60.1251
163.1 81.5386 1.32729 8.43857 60.1407
163.2 81.5886 1.31174 8.38864 60.1563
163.3 81.6387 1.29628 8.3387 60.1717
163.4 81.6888 1.28091 8.28877 60.1871
163.5 81.7388 1.26563 8.23883 60.2024
163.6 81.7889 1.25044 8.1889 60.2176
163.7 81.839 1.23534 8.13897 60.2327
163.8 81.889 1.22033 8.08903 60.2477
163.9 81.9391 1.20541 8.0391 60.2626
164 81.9891 1.19058 7.98916 60.2774
164.1 82.0392 1.17584 7.93923 60.2922
164.2 82.0893 1.16119 7.8893 60.3068
164.3 82.1393 1.14663 7.83936 60.3214
164.4 82.1894 1.13216 7.78943 60.3358
164.5 82.2395 1.11778 7.73949 60.3502
164.6 82.2895 1.10349 7.68956 60.3645
164.7 82.3396 1.08929 7.63963 60.3787
164.8 82.3897 1.07518 7.58969 60.3928
164.9 82.4397 1.06116 7.53976 60.4068
165 82.4898 1.04724 7.48982 60.4208
165.1 82.5399 1.0334 7.43989 60.4346
165.2 82.5899 1.01965 7.38996 60.4484
165.3 82.64 1.00599 7.34002 60.462
165.4 82.6901 0.992426 7.29009 60.4756
165.5 82.7401 0.97895 7.24016 60.489
165.6 82.7902 0.965565 7.19022 60.5024
165.7 82.8403 0.952271 7.14029 60.5157
165.8 82.8903 0.939067 7.09036 60.5289
165.9 82.9404 0.925953 7.04042 60.542
166 82.9905 0.912931 6.99049 60.5551
166.1 83.0405 0.9 6.94056 60.568
166.2 83.0906 0.887159 6.89062 60.5808
166.3 83.1407 0.874409 6.84069 60.5936
166.4 83.1907 0.861751 6.79076 60.6062
166.5 83.2408 0.849183 6.74082 60.6188
166.6 83.2909 0.836706 6.69089 60.6313
166.7 83.3409 0.824321 6.64096 60.6437
166.8 83.391 0.812026 6.59102 60.656
166.9 83.4411 0.799823 6.54109 60.6682
167 83.4911 0.78771 6.49116 60.6803
167.1 83.5412 0.775689 6.44122 60.6923
167.2 83.5913 0.76376 6.39129 60.7042
167.3 83.6413 0.751921 6.34136 60.7161
167.4 83.6914 0.740174 6.29142 60.7278
167.5 83.7415 0.728519 6.24149 60.7395
167.6 83.7915 0.716954 6.19156 60.751
167.7 83.8416 0.705481 6.14162 60.7625
167.8 83.8917 0.6941 6.09169 60.7739
167.9 83.9417 0.68281 6.04176 60.7852
168 83.9918 0.671612 5.99183 60.7964
168.1 84.0419 0.660505 5.94189 60.8075
168.2 84.0919 0.64949 5.89196 60.8185
168.3 84.142 0.638566 5.84203 60.8294
168.4 84.1921 0.627734 5.79209 60.8403
168.5 84.2422 0.616994 5.74216 60.851
168.6 84.2922 0.606346 5.69223 60.8617
168.7 84.3423 0.595789 5.6423 60.8722
168.8 84.3924 0.585324 5.59236 60.8827
168.9 84.4424 0.574951 5.54243 60.893
169 84.4925 0.56467 5.4925 60.9033
169.1 84.5426 0.554481 5.44257 60.9135
169.2 84.5926 0.544384 5.39263 60.9236
169.3 84.6427 0.534378 5.3427 60.9336
169.4 84.6928 0.524465 5.29277 60.9435
169.5 84.7428 0.514644 5.24284 60.9534
169.6 84.7929 0.504914 5.1929 60.9631
169.7 84.843 0.495277 5.14297 60.9727
169.8 84.893 0.485732 5.09304 60.9823
169.9 84.9431 0.476279 5.04311 60.9917
170 84.9932 0.466919 4.99317 61.0011
170.1 85.0432 0.45765 4.94324 61.0104
170.2 85.0933 0.448474 4.89331 61.0195
170.3 85.1434 0.43939 4.84338 61.0286
170.4 85.1934 0.430398 4.79344 61.0376
170.5 85.2435 0.421498 4.74351 61.0465
170.6 85.2936 0.412691 4.69358 61.0553
170.7 85.3436 0.403976 4.64365 61.064
170.8 85.3937 0.395354 4.59371 61.0726
170.9 85.4438 0.386824 4.54378 61.0812
171 85.4938 0.378387 4.49385 61.0896
171.1 85.5439 0.370041 4.44392 61.098
171.2 85.594 0.361789 4.39399 61.1062
171.3 85.644 0.353629 4.34405 61.1144
171.4 85.6941 0.345561 4.29412 61.1224
171.5 85.7442 0.337586 4.24419 61.1304
171.6 85.7942 0.329704 4.19426 61.1383
171.7 85.8443 0.321914 4.14432 61.1461
171.8 85.8944 0.314217 4.09439 61.1538
171.9 85.9445 0.306613 4.04446 61.1614
172 85.9945 0.299101 3.99453 61.1689
172.1 86.0446 0.291682 3.9446 61.1763
172.2 86.0947 0.284356 3.89466 61.1836
172.3 86.1447 0.277122 3.84473 61.1909
172.4 86.1948 0.269982 3.7948 61.198
172.5 86.2449 0.262934 3.74487 61.2051
172.6 86.2949 0.255978 3.69494 61.212
172.7 86.345 0.249116 3.645 61.2189
172.8 86.3951 0.242347 3.59507 61.2257
172.9 86.4451 0.23567 3.54514 61.2323
173 86.4952 0.229087 3.49521 61.2389
173.1 86.5453 0.222596 3.44528 61.2454
173.2 86.5953 0.216198 3.39535 61.2518
173.3 86.6454 0.209893 3.34541 61.2581
173.4 86.6955 0.203681 3.29548 61.2643
173.5 86.7455 0.197563 3.24555 61.2704
173.6 86.7956 0.191537 3.19562 61.2765
173.7 86.8457 0.185604 3.14569 61.2824
173.8 86.8957 0.179764 3.09575 61.2882
173.9 86.9458 0.174018 3.04582 61.294
174 86.9959 0.168364 2.99589 61.2996
174.1 87.046 0.162804 2.94596 61.3052
174.2 87.096 0.157336 2.89603 61.3107
174.3 87.1461 0.151962 2.8461 61.316
174.4 87.1962 0.146681 2.79616 61.3213
174.5 87.2462 0.141493 2.74623 61.3265
174.6 87.2963 0.136399 2.6963 61.3316
174.7 87.3464 0.131397 2.64637 61.3366
174.8 87.3964 0.126489 2.59644 61.3415
174.9 87.4465 0.121674 2.54651 61.3463
175 87.4966 0.116952 2.49657 61.351
175.1 87.5466 0.112324 2.44664 61.3557
175.2 87.5967 0.107788 2.39671 61.3602
175.3 87.6468 0.103347 2.34678 61.3647
175.4 87.6968 0.0989979 2.29685 61.369
175.5 87.7469 0.0947427 2.24692 61.3733
175.6 87.797 0.0905807 2.19698 61.3774
175.7 87.847 0.0865121 2.14705 61.3815
175.8 87.8971 0.0825369 2.09712 61.3855
175.9 87.9472 0.078655 2.04719 61.3893
176 87.9973 0.0748665 1.99726 61.3931
176.1 88.0473 0.0711714 1.94733 61.3968
176.2 88.0974 0.0675697 1.89739 61.4004
176.3 88.1475 0.0640614 1.84746 61.4039
176.4 88.1975 0.0606465 1.79753 61.4074
176.5 88.2476 0.0573251 1.7476 61.4107
176.6 88.2977 0.0540971 1.69767 61.4139
176.7 88.3477 0.0509626 1.64774 61.417
176.8 88.3978 0.0479216 1.59781 61.4201
176.9 88.4479 0.044974 1.54787 61.423
177 88.4979 0.0421199 1.49794 61.4259
177.1 88.548 0.0393593 1.44801 61.4286
177.2 88.5981 0.0366922 1.39808 61.4313
177.3 88.6481 0.0341186 1.34815 61.4339
177.4 88.6982 0.0316385 1.29822 61.4364
177.5 88.7483 0.029252 1.24829 61.4387
177.6 88.7984 0.0269589 1.19835 61.441
177.7 88.8484 0.0247595 1.14842 61.4432
177.8 88.8985 0.0226535 1.09849 61.4453
177.9 88.9486 0.0206411 1.04856 61.4474
178 88.9986 0.0187223 0.998628 61.4493
178.1 89.0487 0.0168971 0.948697 61.4511
178.2 89.0988 0.0151654 0.898765 61.4528
178.3 89.1488 0.0135273 0.848834 61.4545
178.4 89.1989 0.0119827 0.798902 61.456
178.5 89.249 0.0105318 0.748971 61.4575
178.6 89.299 0.00917441 0.699039 61.4588
178.7 89.3491 0.00791065 0.649108 61.4601
178.8 89.3992 0.00674047 0.599177 61.4613
178.9 89.4492 0.0056639 0.549245 61.4623
179 89.4993 0.00468094 0.499314 61.4633
179.1 89.5494 0.00379158 0.449382 61.4642
179.2 89.5995 0.00299583 0.399451 61.465
179.3 89.6495 0.00229369 0.34952 61.4657
179.4 89.6996 0.00168516 0.299588 61.4663
179.5 89.7497 0.00117026 0.249657 61.4668
179.6 89.7997 0.000748966 0.199726 61.4673
179.7 89.8498 0.000421294 0.149794 61.4676
179.8 89.8999 0.000187242 0.0998628 61.4678
179.9 89.9499 4.68105e-05 0.0499314 61.468
