#cross-section 12c12c elastic scattering theta = 90.
#Ecm, dsigma/dOMEGA (mb/sr)
#R.Wieland et.al PRC 8, 1, (1973) 37-45 fig.8 using by WebPlotDigitizer
20.00938202108486  8.375930045079464
20.253067673999457  17.63033767836919
20.523047675480832  28.975752451111703
20.775374663605167  14.39001225894501
21.025356146458286  10.576157670523568
21.25064810014073  7.613212521436965
21.527417722144037  4.022917658903818
21.75703034343135  1.40663236606844
22.005653902180082  1.2972017900326784
22.278843542453643  1.2468700840634277
22.50055551440634  1.6326824224519898
22.750290101967753  1.2505138402599445
23.024220428116436  1.0620429250125398
23.27111571982322  1.307402264522431
23.521097202676344  0.9608951152764688
23.744907784608547  0.886005094196895
24.016986396069427  1.0253922538568911
24.26227686838012  1.6505831533861104
24.507196997753255  2.826603115122183
24.777794237463894  4.190239470222811
25.00320963879219  2.954737224280405
25.274053773794535  4.203130176422776
25.518973903167666  7.197808135608388
25.790682171690985  8.86204862294644
26.013505172456362  9.637724175913124
26.263980445892898  6.522306148670761
26.51445571932943  4.413954655737801
26.763449621015727  3.826262411265422
27.01120904624349  4.076822463033001
27.258845023825394  4.434338716538475
27.506974791990718  4.4411543010506
27.756709379552134  3.401595340172211
28.00582672888428  2.8884810020437093
28.254820630570578  2.503896651817047
28.504678665777845  1.878638284914739
28.75922771152754  0.6435604026160713
29.005752660296768  0.013326206261493457
29.25573414314989  0.619445752544574
29.498802557835223  1.4455427850519273
29.75199367948053  0.6213513937995936
30.00148137175024  0.495957080984614
