#kinematics calculation of exex
#vertex z = 350 mm, E_reaction = 48.784 MeV
#theta_cm, theta3_lab, Ek3_lab, theta4_lab, Ek4_lab
0 0 39.4026 0 0.501404
0.1 0.0443163 39.4026 0.393187 0.501434
0.2 0.0886325 39.4025 0.786322 0.501523
0.3 0.132949 39.4023 1.17935 0.501671
0.4 0.177265 39.4021 1.57223 0.501878
0.5 0.221581 39.4019 1.96489 0.502145
0.6 0.265897 39.4015 2.35729 0.502471
0.7 0.310213 39.4011 2.74938 0.502856
0.8 0.354529 39.4007 3.14111 0.5033
0.9 0.398845 39.4002 3.53242 0.503804
1 0.443161 39.3996 3.92326 0.504367
1.1 0.487477 39.399 4.31359 0.504989
1.2 0.531793 39.3983 4.70334 0.50567
1.3 0.576108 39.3976 5.09248 0.506411
1.4 0.620424 39.3968 5.48096 0.50721
1.5 0.664739 39.3959 5.86871 0.50807
1.6 0.709055 39.395 6.2557 0.508988
1.7 0.75337 39.394 6.64188 0.509965
1.8 0.797685 39.393 7.0272 0.511002
1.9 0.842 39.3919 7.41161 0.512098
2 0.886314 39.3907 7.79506 0.513253
2.1 0.930629 39.3895 8.17752 0.514467
2.2 0.974943 39.3883 8.55893 0.515741
2.3 1.01926 39.3869 8.93925 0.517074
2.4 1.06357 39.3855 9.31844 0.518466
2.5 1.10788 39.3841 9.69646 0.519917
2.6 1.1522 39.3826 10.0733 0.521427
2.7 1.19651 39.381 10.4488 0.522997
2.8 1.24082 39.3794 10.823 0.524626
2.9 1.28514 39.3777 11.1959 0.526314
3 1.32945 39.3759 11.5675 0.528061
3.1 1.37376 39.3741 11.9376 0.529867
3.2 1.41807 39.3723 12.3062 0.531732
3.3 1.46239 39.3703 12.6734 0.533657
3.4 1.5067 39.3684 13.039 0.535641
3.5 1.55101 39.3663 13.4031 0.537684
3.6 1.59532 39.3642 13.7656 0.539786
3.7 1.63963 39.3621 14.1265 0.541947
3.8 1.68394 39.3598 14.4857 0.544167
3.9 1.72825 39.3576 14.8432 0.546446
4 1.77256 39.3552 15.199 0.548785
4.1 1.81687 39.3528 15.553 0.551183
4.2 1.86118 39.3504 15.9053 0.553639
4.3 1.90549 39.3478 16.2558 0.556155
4.4 1.9498 39.3453 16.6044 0.55873
4.5 1.99411 39.3426 16.9512 0.561364
4.6 2.03841 39.3399 17.2961 0.564057
4.7 2.08272 39.3372 17.6391 0.566809
4.8 2.12703 39.3344 17.9802 0.56962
4.9 2.17133 39.3315 18.3193 0.57249
5 2.21564 39.3286 18.6565 0.57542
5.1 2.25994 39.3256 18.9917 0.578408
5.2 2.30425 39.3225 19.3249 0.581455
5.3 2.34855 39.3194 19.656 0.584561
5.4 2.39286 39.3163 19.9852 0.587727
5.5 2.43716 39.313 20.3122 0.590951
5.6 2.48147 39.3098 20.6372 0.594234
5.7 2.52577 39.3064 20.9601 0.597576
5.8 2.57007 39.303 21.2809 0.600978
5.9 2.61437 39.2996 21.5996 0.604438
6 2.65868 39.296 21.9162 0.607957
6.1 2.70298 39.2925 22.2307 0.611535
6.2 2.74728 39.2888 22.543 0.615172
6.3 2.79158 39.2851 22.8531 0.618867
6.4 2.83588 39.2814 23.1611 0.622622
6.5 2.88017 39.2776 23.4669 0.626436
6.6 2.92447 39.2737 23.7706 0.630308
6.7 2.96877 39.2698 24.072 0.634239
6.8 3.01307 39.2658 24.3713 0.638229
6.9 3.05736 39.2617 24.6684 0.642278
7 3.10166 39.2576 24.9632 0.646386
7.1 3.14596 39.2534 25.2559 0.650553
7.2 3.19025 39.2492 25.5464 0.654778
7.3 3.23455 39.2449 25.8347 0.659062
7.4 3.27884 39.2406 26.1207 0.663405
7.5 3.32313 39.2362 26.4046 0.667807
7.6 3.36742 39.2317 26.6862 0.672267
7.7 3.41172 39.2272 26.9657 0.676786
7.8 3.45601 39.2226 27.2429 0.681364
7.9 3.5003 39.218 27.5179 0.686001
8 3.54459 39.2133 27.7907 0.690696
8.1 3.58888 39.2085 28.0614 0.69545
8.2 3.63317 39.2037 28.3298 0.700263
8.3 3.67745 39.1989 28.596 0.705134
8.4 3.72174 39.1939 28.8601 0.710064
8.5 3.76603 39.1889 29.1219 0.715052
8.6 3.81031 39.1839 29.3816 0.720099
8.7 3.8546 39.1788 29.6391 0.725205
8.8 3.89888 39.1736 29.8944 0.730369
8.9 3.94316 39.1684 30.1476 0.735592
9 3.98745 39.1631 30.3986 0.740873
9.1 4.03173 39.1578 30.6474 0.746213
9.2 4.07601 39.1524 30.8942 0.751612
9.3 4.12029 39.1469 31.1387 0.757068
9.4 4.16457 39.1414 31.3812 0.762584
9.5 4.20885 39.1358 31.6215 0.768157
9.6 4.25313 39.1302 31.8597 0.77379
9.7 4.2974 39.1245 32.0959 0.77948
9.8 4.34168 39.1188 32.3299 0.785229
9.9 4.38596 39.113 32.5618 0.791037
10 4.43023 39.1071 32.7917 0.796903
10.1 4.4745 39.1012 33.0195 0.802827
10.2 4.51878 39.0952 33.2453 0.808809
10.3 4.56305 39.0892 33.469 0.81485
10.4 4.60732 39.0831 33.6907 0.820949
10.5 4.65159 39.0769 33.9103 0.827106
10.6 4.69586 39.0707 34.128 0.833322
10.7 4.74013 39.0644 34.3436 0.839596
10.8 4.7844 39.0581 34.5573 0.845928
10.9 4.82866 39.0517 34.769 0.852318
11 4.87293 39.0452 34.9787 0.858767
11.1 4.9172 39.0387 35.1865 0.865273
11.2 4.96146 39.0322 35.3923 0.871838
11.3 5.00572 39.0255 35.5962 0.878461
11.4 5.04998 39.0189 35.7982 0.885142
11.5 5.09425 39.0121 35.9983 0.891881
11.6 5.13851 39.0053 36.1965 0.898678
11.7 5.18277 38.9985 36.3928 0.905533
11.8 5.22702 38.9916 36.5873 0.912446
11.9 5.27128 38.9846 36.7799 0.919417
12 5.31554 38.9776 36.9707 0.926446
12.1 5.35979 38.9705 37.1596 0.933534
12.2 5.40405 38.9633 37.3467 0.940679
12.3 5.4483 38.9561 37.532 0.947882
12.4 5.49255 38.9489 37.7155 0.955142
12.5 5.5368 38.9415 37.8973 0.962461
12.6 5.58105 38.9342 38.0773 0.969838
12.7 5.6253 38.9267 38.2555 0.977272
12.8 5.66955 38.9192 38.432 0.984764
12.9 5.7138 38.9117 38.6068 0.992314
13 5.75804 38.9041 38.7799 0.999922
13.1 5.80229 38.8964 38.9512 1.00759
13.2 5.84653 38.8887 39.1209 1.01531
13.3 5.89077 38.8809 39.2889 1.02309
13.4 5.93501 38.8731 39.4553 1.03093
13.5 5.97925 38.8652 39.62 1.03883
13.6 6.02349 38.8572 39.7831 1.04678
13.7 6.06773 38.8492 39.9446 1.05479
13.8 6.11197 38.8411 40.1044 1.06286
13.9 6.1562 38.833 40.2627 1.07099
14 6.20044 38.8248 40.4194 1.07917
14.1 6.24467 38.8166 40.5745 1.08741
14.2 6.2889 38.8083 40.728 1.09571
14.3 6.33313 38.7999 40.88 1.10407
14.4 6.37736 38.7915 41.0305 1.11248
14.5 6.42159 38.783 41.1795 1.12095
14.6 6.46582 38.7745 41.327 1.12948
14.7 6.51004 38.7659 41.473 1.13807
14.8 6.55427 38.7573 41.6175 1.14671
14.9 6.59849 38.7486 41.7605 1.15541
15 6.64271 38.7398 41.9021 1.16417
15.1 6.68693 38.731 42.0422 1.17298
15.2 6.73115 38.7221 42.1809 1.18185
15.3 6.77537 38.7132 42.3182 1.19078
15.4 6.81959 38.7042 42.4541 1.19977
15.5 6.8638 38.6952 42.5886 1.20881
15.6 6.90802 38.6861 42.7218 1.21791
15.7 6.95223 38.6769 42.8535 1.22707
15.8 6.99644 38.6677 42.9839 1.23629
15.9 7.04065 38.6584 43.113 1.24556
16 7.08486 38.6491 43.2407 1.25489
16.1 7.12907 38.6397 43.3671 1.26427
16.2 7.17327 38.6303 43.4922 1.27372
16.3 7.21748 38.6208 43.616 1.28322
16.4 7.26168 38.6112 43.7385 1.29277
16.5 7.30588 38.6016 43.8597 1.30238
16.6 7.35008 38.5919 43.9797 1.31206
16.7 7.39428 38.5822 44.0984 1.32178
16.8 7.43848 38.5724 44.2159 1.33157
16.9 7.48267 38.5626 44.3321 1.34141
17 7.52687 38.5527 44.4472 1.3513
17.1 7.57106 38.5427 44.561 1.36126
17.2 7.61525 38.5327 44.6736 1.37127
17.3 7.65944 38.5227 44.785 1.38133
17.4 7.70363 38.5125 44.8953 1.39146
17.5 7.74782 38.5024 45.0044 1.40164
17.6 7.792 38.4921 45.1123 1.41187
17.7 7.83619 38.4818 45.2191 1.42217
17.8 7.88037 38.4715 45.3248 1.43252
17.9 7.92455 38.4611 45.4293 1.44292
18 7.96873 38.4506 45.5328 1.45338
18.1 8.01291 38.4401 45.6351 1.4639
18.2 8.05709 38.4295 45.7363 1.47448
18.3 8.10126 38.4189 45.8365 1.48511
18.4 8.14543 38.4082 45.9355 1.4958
18.5 8.18961 38.3975 46.0335 1.50654
18.6 8.23378 38.3867 46.1305 1.51734
18.7 8.27794 38.3758 46.2264 1.5282
18.8 8.32211 38.3649 46.3213 1.53911
18.9 8.36628 38.3539 46.4151 1.55008
19 8.41044 38.3429 46.5079 1.5611
19.1 8.4546 38.3318 46.5998 1.57218
19.2 8.49876 38.3207 46.6906 1.58332
19.3 8.54292 38.3095 46.7804 1.59451
19.4 8.58708 38.2982 46.8693 1.60576
19.5 8.63123 38.2869 46.9571 1.61706
19.6 8.67539 38.2756 47.044 1.62842
19.7 8.71954 38.2642 47.13 1.63984
19.8 8.76369 38.2527 47.215 1.65131
19.9 8.80784 38.2412 47.2991 1.66284
20 8.85198 38.2296 47.3822 1.67442
20.1 8.89613 38.2179 47.4645 1.68606
20.2 8.94027 38.2062 47.5458 1.69775
20.3 8.98441 38.1945 47.6262 1.7095
20.4 9.02855 38.1827 47.7057 1.72131
20.5 9.07269 38.1708 47.7844 1.73317
20.6 9.11683 38.1589 47.8621 1.74508
20.7 9.16096 38.1469 47.939 1.75706
20.8 9.20509 38.1349 48.015 1.76908
20.9 9.24922 38.1228 48.0902 1.78117
21 9.29335 38.1107 48.1645 1.7933
21.1 9.33748 38.0985 48.2379 1.8055
21.2 9.38161 38.0863 48.3106 1.81775
21.3 9.42573 38.0739 48.3824 1.83005
21.4 9.46985 38.0616 48.4534 1.84241
21.5 9.51397 38.0492 48.5236 1.85482
21.6 9.55809 38.0367 48.5929 1.86729
21.7 9.6022 38.0242 48.6615 1.87982
21.8 9.64632 38.0116 48.7293 1.8924
21.9 9.69043 37.999 48.7963 1.90503
22 9.73454 37.9863 48.8625 1.91772
22.1 9.77865 37.9735 48.928 1.93047
22.2 9.82275 37.9607 48.9927 1.94327
22.3 9.86686 37.9479 49.0567 1.95612
22.4 9.91096 37.935 49.1199 1.96903
22.5 9.95506 37.922 49.1823 1.98199
22.6 9.99916 37.909 49.244 1.99501
22.7 10.0433 37.8959 49.305 2.00808
22.8 10.0873 37.8828 49.3653 2.02121
22.9 10.1314 37.8696 49.4249 2.0344
23 10.1755 37.8564 49.4837 2.04763
23.1 10.2196 37.8431 49.5419 2.06092
23.2 10.2637 37.8297 49.5993 2.07427
23.3 10.3078 37.8163 49.6561 2.08767
23.4 10.3519 37.8029 49.7121 2.10113
23.5 10.396 37.7894 49.7675 2.11464
23.6 10.44 37.7758 49.8223 2.1282
23.7 10.4841 37.7622 49.8763 2.14182
23.8 10.5282 37.7485 49.9297 2.15549
23.9 10.5723 37.7348 49.9825 2.16922
24 10.6163 37.721 50.0345 2.183
24.1 10.6604 37.7072 50.086 2.19683
24.2 10.7045 37.6933 50.1368 2.21072
24.3 10.7485 37.6793 50.187 2.22466
24.4 10.7926 37.6653 50.2365 2.23866
24.5 10.8366 37.6513 50.2854 2.25271
24.6 10.8807 37.6372 50.3337 2.26682
24.7 10.9248 37.623 50.3814 2.28097
24.8 10.9688 37.6088 50.4285 2.29519
24.9 11.0129 37.5945 50.475 2.30945
25 11.0569 37.5802 50.5209 2.32377
25.1 11.1009 37.5659 50.5662 2.33815
25.2 11.145 37.5514 50.6109 2.35257
25.3 11.189 37.5369 50.6551 2.36706
25.4 11.2331 37.5224 50.6986 2.38159
25.5 11.2771 37.5078 50.7416 2.39618
25.6 11.3211 37.4932 50.7841 2.41082
25.7 11.3652 37.4785 50.8259 2.42552
25.8 11.4092 37.4637 50.8672 2.44026
25.9 11.4532 37.4489 50.908 2.45507
26 11.4973 37.4341 50.9482 2.46992
26.1 11.5413 37.4192 50.9879 2.48483
26.2 11.5853 37.4042 51.027 2.49979
26.3 11.6293 37.3892 51.0656 2.5148
26.4 11.6733 37.3741 51.1037 2.52987
26.5 11.7173 37.359 51.1412 2.54499
26.6 11.7614 37.3438 51.1783 2.56017
26.7 11.8054 37.3286 51.2148 2.57539
26.8 11.8494 37.3133 51.2508 2.59067
26.9 11.8934 37.298 51.2863 2.60601
27 11.9374 37.2826 51.3213 2.62139
27.1 11.9814 37.2672 51.3558 2.63683
27.2 12.0254 37.2517 51.3898 2.65232
27.3 12.0694 37.2361 51.4233 2.66787
27.4 12.1134 37.2205 51.4563 2.68346
27.5 12.1573 37.2049 51.4888 2.69911
27.6 12.2013 37.1892 51.5209 2.71481
27.7 12.2453 37.1734 51.5525 2.73057
27.8 12.2893 37.1576 51.5836 2.74637
27.9 12.3333 37.1418 51.6142 2.76223
28 12.3773 37.1259 51.6444 2.77814
28.1 12.4212 37.1099 51.6742 2.79411
28.2 12.4652 37.0939 51.7034 2.81012
28.3 12.5092 37.0778 51.7323 2.82619
28.4 12.5531 37.0617 51.7606 2.84231
28.5 12.5971 37.0455 51.7886 2.85848
28.6 12.6411 37.0293 51.8161 2.87471
28.7 12.685 37.013 51.8431 2.89098
28.8 12.729 36.9967 51.8697 2.90731
28.9 12.7729 36.9803 51.8959 2.92369
29 12.8169 36.9639 51.9217 2.94013
29.1 12.8608 36.9474 51.947 2.95661
29.2 12.9048 36.9309 51.9719 2.97315
29.3 12.9487 36.9143 51.9964 2.98973
29.4 12.9927 36.8976 52.0205 3.00637
29.5 13.0366 36.8809 52.0442 3.02306
29.6 13.0805 36.8642 52.0675 3.03981
29.7 13.1245 36.8474 52.0904 3.0566
29.8 13.1684 36.8306 52.1128 3.07344
29.9 13.2123 36.8137 52.1349 3.09034
30 13.2562 36.7967 52.1566 3.10729
30.1 13.3002 36.7797 52.1779 3.12429
30.2 13.3441 36.7627 52.1988 3.14134
30.3 13.388 36.7456 52.2193 3.15844
30.4 13.4319 36.7284 52.2394 3.1756
30.5 13.4758 36.7112 52.2592 3.1928
30.6 13.5197 36.6939 52.2786 3.21005
30.7 13.5636 36.6766 52.2976 3.22736
30.8 13.6075 36.6593 52.3162 3.24472
30.9 13.6514 36.6419 52.3345 3.26213
31 13.6953 36.6244 52.3524 3.27959
31.1 13.7392 36.6069 52.37 3.2971
31.2 13.7831 36.5893 52.3872 3.31466
31.3 13.827 36.5717 52.404 3.33227
31.4 13.8709 36.5541 52.4205 3.34993
31.5 13.9148 36.5364 52.4366 3.36764
31.6 13.9586 36.5186 52.4524 3.3854
31.7 14.0025 36.5008 52.4678 3.40322
31.8 14.0464 36.4829 52.4829 3.42108
31.9 14.0903 36.465 52.4977 3.43899
32 14.1341 36.447 52.5121 3.45696
32.1 14.178 36.429 52.5262 3.47497
32.2 14.2219 36.411 52.5399 3.49304
32.3 14.2657 36.3928 52.5533 3.51115
32.4 14.3096 36.3747 52.5664 3.52932
32.5 14.3534 36.3565 52.5792 3.54753
32.6 14.3973 36.3382 52.5917 3.5658
32.7 14.4411 36.3199 52.6038 3.58411
32.8 14.485 36.3015 52.6156 3.60248
32.9 14.5288 36.2831 52.6271 3.62089
33 14.5726 36.2646 52.6383 3.63936
33.1 14.6165 36.2461 52.6492 3.65787
33.2 14.6603 36.2276 52.6597 3.67644
33.3 14.7041 36.209 52.67 3.69505
33.4 14.748 36.1903 52.68 3.71371
33.5 14.7918 36.1716 52.6896 3.73242
33.6 14.8356 36.1528 52.699 3.75119
33.7 14.8794 36.134 52.708 3.77
33.8 14.9232 36.1151 52.7168 3.78886
33.9 14.967 36.0962 52.7253 3.80777
34 15.0108 36.0773 52.7335 3.82673
34.1 15.0546 36.0583 52.7414 3.84573
34.2 15.0984 36.0392 52.749 3.86479
34.3 15.1422 36.0201 52.7563 3.8839
34.4 15.186 36.0009 52.7633 3.90305
34.5 15.2298 35.9817 52.7701 3.92225
34.6 15.2736 35.9625 52.7766 3.94151
34.7 15.3174 35.9432 52.7828 3.96081
34.8 15.3612 35.9238 52.7887 3.98016
34.9 15.4049 35.9044 52.7944 3.99956
35 15.4487 35.885 52.7998 4.019
35.1 15.4925 35.8655 52.8049 4.0385
35.2 15.5362 35.846 52.8098 4.05804
35.3 15.58 35.8264 52.8144 4.07764
35.4 15.6238 35.8067 52.8187 4.09728
35.5 15.6675 35.787 52.8228 4.11697
35.6 15.7113 35.7673 52.8266 4.13671
35.7 15.755 35.7475 52.8302 4.15649
35.8 15.7988 35.7277 52.8335 4.17633
35.9 15.8425 35.7078 52.8365 4.19621
36 15.8863 35.6879 52.8393 4.21614
36.1 15.93 35.6679 52.8419 4.23612
36.2 15.9737 35.6479 52.8442 4.25614
36.3 16.0175 35.6278 52.8463 4.27621
36.4 16.0612 35.6077 52.8481 4.29634
36.5 16.1049 35.5875 52.8496 4.31651
36.6 16.1486 35.5673 52.851 4.33672
36.7 16.1923 35.547 52.8521 4.35699
36.8 16.236 35.5267 52.8529 4.3773
36.9 16.2798 35.5063 52.8535 4.39766
37 16.3235 35.4859 52.8539 4.41806
37.1 16.3672 35.4655 52.8541 4.43852
37.2 16.4109 35.445 52.854 4.45902
37.3 16.4545 35.4244 52.8537 4.47957
37.4 16.4982 35.4038 52.8532 4.50016
37.5 16.5419 35.3832 52.8524 4.5208
37.6 16.5856 35.3625 52.8514 4.54149
37.7 16.6293 35.3418 52.8502 4.56223
37.8 16.673 35.321 52.8488 4.58301
37.9 16.7166 35.3002 52.8471 4.60384
38 16.7603 35.2793 52.8453 4.62472
38.1 16.804 35.2584 52.8432 4.64565
38.2 16.8476 35.2374 52.8409 4.66662
38.3 16.8913 35.2164 52.8383 4.68763
38.4 16.9349 35.1953 52.8356 4.7087
38.5 16.9786 35.1742 52.8327 4.72981
38.6 17.0222 35.153 52.8295 4.75096
38.7 17.0659 35.1318 52.8262 4.77216
38.8 17.1095 35.1106 52.8226 4.79341
38.9 17.1531 35.0893 52.8188 4.81471
39 17.1968 35.068 52.8148 4.83605
39.1 17.2404 35.0466 52.8107 4.85744
39.2 17.284 35.0251 52.8063 4.87887
39.3 17.3276 35.0037 52.8017 4.90035
39.4 17.3713 34.9821 52.7969 4.92187
39.5 17.4149 34.9606 52.7919 4.94344
39.6 17.4585 34.9389 52.7868 4.96506
39.7 17.5021 34.9173 52.7814 4.98672
39.8 17.5457 34.8956 52.7758 5.00843
39.9 17.5893 34.8738 52.7701 5.03018
40 17.6329 34.852 52.7641 5.05198
40.1 17.6765 34.8302 52.758 5.07382
40.2 17.72 34.8083 52.7517 5.09571
40.3 17.7636 34.7864 52.7452 5.11765
40.4 17.8072 34.7644 52.7385 5.13963
40.5 17.8508 34.7423 52.7316 5.16165
40.6 17.8943 34.7203 52.7245 5.18372
40.7 17.9379 34.6982 52.7173 5.20584
40.8 17.9815 34.676 52.7098 5.228
40.9 18.025 34.6538 52.7022 5.2502
41 18.0686 34.6316 52.6944 5.27245
41.1 18.1121 34.6093 52.6864 5.29474
41.2 18.1557 34.5869 52.6783 5.31708
41.3 18.1992 34.5645 52.67 5.33947
41.4 18.2427 34.5421 52.6615 5.36189
41.5 18.2863 34.5196 52.6528 5.38437
41.6 18.3298 34.4971 52.644 5.40688
41.7 18.3733 34.4746 52.635 5.42944
41.8 18.4168 34.452 52.6258 5.45205
41.9 18.4604 34.4293 52.6164 5.4747
42 18.5039 34.4066 52.6069 5.49739
42.1 18.5474 34.3839 52.5972 5.52013
42.2 18.5909 34.3611 52.5873 5.54291
42.3 18.6344 34.3383 52.5773 5.56573
42.4 18.6779 34.3154 52.5671 5.5886
42.5 18.7214 34.2925 52.5568 5.61152
42.6 18.7648 34.2695 52.5463 5.63447
42.7 18.8083 34.2465 52.5356 5.65747
42.8 18.8518 34.2235 52.5248 5.68052
42.9 18.8953 34.2004 52.5138 5.7036
43 18.9387 34.1773 52.5027 5.72673
43.1 18.9822 34.1541 52.4914 5.74991
43.2 19.0257 34.1309 52.4799 5.77313
43.3 19.0691 34.1076 52.4683 5.79639
43.4 19.1126 34.0843 52.4565 5.81969
43.5 19.156 34.061 52.4446 5.84304
43.6 19.1995 34.0376 52.4325 5.86643
43.7 19.2429 34.0141 52.4203 5.88986
43.8 19.2863 33.9907 52.4079 5.91333
43.9 19.3297 33.9671 52.3954 5.93685
44 19.3732 33.9436 52.3827 5.96041
44.1 19.4166 33.92 52.3699 5.98402
44.2 19.46 33.8963 52.357 6.00766
44.3 19.5034 33.8727 52.3438 6.03135
44.4 19.5468 33.8489 52.3306 6.05508
44.5 19.5902 33.8251 52.3172 6.07885
44.6 19.6336 33.8013 52.3036 6.10267
44.7 19.677 33.7775 52.29 6.12653
44.8 19.7204 33.7536 52.2761 6.15043
44.9 19.7638 33.7296 52.2622 6.17437
45 19.8072 33.7056 52.2481 6.19835
45.1 19.8505 33.6816 52.2338 6.22238
45.2 19.8939 33.6576 52.2194 6.24644
45.3 19.9373 33.6334 52.2049 6.27055
45.4 19.9806 33.6093 52.1903 6.2947
45.5 20.024 33.5851 52.1755 6.3189
45.6 20.0673 33.5609 52.1605 6.34313
45.7 20.1107 33.5366 52.1455 6.36741
45.8 20.154 33.5123 52.1303 6.39172
45.9 20.1973 33.4879 52.115 6.41608
46 20.2407 33.4635 52.0995 6.44048
46.1 20.284 33.4391 52.0839 6.46492
46.2 20.3273 33.4146 52.0682 6.4894
46.3 20.3706 33.3901 52.0523 6.51393
46.4 20.414 33.3655 52.0364 6.53849
46.5 20.4573 33.3409 52.0203 6.56309
46.6 20.5006 33.3163 52.004 6.58774
46.7 20.5439 33.2916 51.9877 6.61242
46.8 20.5872 33.2668 51.9712 6.63715
46.9 20.6304 33.2421 51.9546 6.66192
47 20.6737 33.2173 51.9379 6.68673
47.1 20.717 33.1924 51.921 6.71157
47.2 20.7603 33.1675 51.904 6.73646
47.3 20.8035 33.1426 51.8869 6.76139
47.4 20.8468 33.1176 51.8697 6.78636
47.5 20.8901 33.0926 51.8524 6.81137
47.6 20.9333 33.0676 51.8349 6.83642
47.7 20.9766 33.0425 51.8173 6.86151
47.8 21.0198 33.0174 51.7996 6.88663
47.9 21.063 32.9922 51.7818 6.9118
48 21.1063 32.967 51.7639 6.93701
48.1 21.1495 32.9417 51.7458 6.96226
48.2 21.1927 32.9165 51.7277 6.98755
48.3 21.2359 32.8911 51.7094 7.01287
48.4 21.2791 32.8658 51.691 7.03824
48.5 21.3224 32.8404 51.6725 7.06365
48.6 21.3656 32.8149 51.6539 7.08909
48.7 21.4088 32.7894 51.6351 7.11457
48.8 21.4519 32.7639 51.6163 7.1401
48.9 21.4951 32.7383 51.5973 7.16566
49 21.5383 32.7127 51.5782 7.19126
49.1 21.5815 32.6871 51.5591 7.2169
49.2 21.6247 32.6614 51.5398 7.24258
49.3 21.6678 32.6357 51.5204 7.2683
49.4 21.711 32.6099 51.5009 7.29405
49.5 21.7541 32.5842 51.4813 7.31985
49.6 21.7973 32.5583 51.4615 7.34568
49.7 21.8404 32.5324 51.4417 7.37155
49.8 21.8836 32.5065 51.4218 7.39746
49.9 21.9267 32.4806 51.4017 7.42341
50 21.9698 32.4546 51.3816 7.4494
50.1 22.0129 32.4286 51.3614 7.47542
50.2 22.0561 32.4025 51.341 7.50149
50.3 22.0992 32.3764 51.3206 7.52759
50.4 22.1423 32.3503 51.3 7.55372
50.5 22.1854 32.3241 51.2793 7.5799
50.6 22.2285 32.2979 51.2586 7.60611
50.7 22.2716 32.2716 51.2377 7.63236
50.8 22.3146 32.2453 51.2168 7.65865
50.9 22.3577 32.219 51.1957 7.68498
51 22.4008 32.1927 51.1745 7.71134
51.1 22.4439 32.1663 51.1533 7.73774
51.2 22.4869 32.1398 51.1319 7.76418
51.3 22.53 32.1133 51.1105 7.79066
51.4 22.573 32.0868 51.0889 7.81717
51.5 22.6161 32.0603 51.0673 7.84372
51.6 22.6591 32.0337 51.0455 7.87031
51.7 22.7021 32.0071 51.0237 7.89693
51.8 22.7452 31.9804 51.0018 7.92359
51.9 22.7882 31.9537 50.9798 7.95028
52 22.8312 31.927 50.9576 7.97702
52.1 22.8742 31.9002 50.9354 8.00379
52.2 22.9172 31.8734 50.9131 8.03059
52.3 22.9602 31.8466 50.8907 8.05743
52.4 23.0032 31.8197 50.8682 8.08431
52.5 23.0462 31.7928 50.8456 8.11123
52.6 23.0892 31.7658 50.823 8.13818
52.7 23.1321 31.7388 50.8002 8.16516
52.8 23.1751 31.7118 50.7774 8.19219
52.9 23.2181 31.6848 50.7544 8.21925
53 23.261 31.6577 50.7314 8.24634
53.1 23.304 31.6305 50.7083 8.27347
53.2 23.3469 31.6034 50.6851 8.30063
53.3 23.3899 31.5762 50.6618 8.32783
53.4 23.4328 31.5489 50.6384 8.35507
53.5 23.4757 31.5217 50.6149 8.38234
53.6 23.5186 31.4944 50.5914 8.40965
53.7 23.5616 31.467 50.5677 8.43699
53.8 23.6045 31.4396 50.544 8.46437
53.9 23.6474 31.4122 50.5202 8.49178
54 23.6903 31.3848 50.4963 8.51923
54.1 23.7332 31.3573 50.4723 8.54671
54.2 23.776 31.3298 50.4482 8.57422
54.3 23.8189 31.3022 50.4241 8.60178
54.4 23.8618 31.2746 50.3999 8.62936
54.5 23.9047 31.247 50.3755 8.65698
54.6 23.9475 31.2194 50.3511 8.68464
54.7 23.9904 31.1917 50.3267 8.71232
54.8 24.0332 31.164 50.3021 8.74005
54.9 24.0761 31.1362 50.2775 8.76781
55 24.1189 31.1084 50.2528 8.7956
55.1 24.1617 31.0806 50.228 8.82342
55.2 24.2045 31.0527 50.2031 8.85128
55.3 24.2474 31.0248 50.1781 8.87917
55.4 24.2902 30.9969 50.1531 8.9071
55.5 24.333 30.9689 50.128 8.93506
55.6 24.3758 30.9409 50.1028 8.96306
55.7 24.4185 30.9129 50.0775 8.99108
55.8 24.4613 30.8849 50.0522 9.01914
55.9 24.5041 30.8568 50.0268 9.04724
56 24.5469 30.8286 50.0013 9.07536
56.1 24.5896 30.8005 49.9757 9.10353
56.2 24.6324 30.7723 49.95 9.13172
56.3 24.6751 30.7441 49.9243 9.15995
56.4 24.7179 30.7158 49.8985 9.1882
56.5 24.7606 30.6875 49.8726 9.2165
56.6 24.8034 30.6592 49.8467 9.24482
56.7 24.8461 30.6308 49.8207 9.27318
56.8 24.8888 30.6024 49.7946 9.30157
56.9 24.9315 30.574 49.7684 9.32999
57 24.9742 30.5456 49.7422 9.35845
57.1 25.0169 30.5171 49.7159 9.38693
57.2 25.0596 30.4885 49.6895 9.41545
57.3 25.1023 30.46 49.663 9.444
57.4 25.145 30.4314 49.6365 9.47259
57.5 25.1876 30.4028 49.6099 9.5012
57.6 25.2303 30.3742 49.5832 9.52985
57.7 25.273 30.3455 49.5565 9.55853
57.8 25.3156 30.3168 49.5297 9.58724
57.9 25.3582 30.288 49.5028 9.61598
58 25.4009 30.2592 49.4759 9.64475
58.1 25.4435 30.2304 49.4488 9.67356
58.2 25.4861 30.2016 49.4218 9.7024
58.3 25.5287 30.1727 49.3946 9.73126
58.4 25.5714 30.1438 49.3674 9.76016
58.5 25.614 30.1149 49.3401 9.78909
58.6 25.6566 30.0859 49.3128 9.81805
58.7 25.6991 30.057 49.2853 9.84704
58.8 25.7417 30.0279 49.2578 9.87607
58.9 25.7843 29.9989 49.2303 9.90512
59 25.8269 29.9698 49.2027 9.9342
59.1 25.8694 29.9407 49.175 9.96332
59.2 25.912 29.9115 49.1472 9.99246
59.3 25.9545 29.8824 49.1194 10.0216
59.4 25.997 29.8532 49.0916 10.0508
59.5 26.0396 29.8239 49.0636 10.0801
59.6 26.0821 29.7947 49.0356 10.1093
59.7 26.1246 29.7654 49.0075 10.1386
59.8 26.1671 29.736 48.9794 10.168
59.9 26.2096 29.7067 48.9512 10.1973
60 26.2521 29.6773 48.9229 10.2267
60.1 26.2946 29.6479 48.8946 10.2561
60.2 26.3371 29.6184 48.8662 10.2856
60.3 26.3796 29.589 48.8378 10.315
60.4 26.422 29.5595 48.8093 10.3445
60.5 26.4645 29.5299 48.7807 10.3741
60.6 26.5069 29.5004 48.7521 10.4036
60.7 26.5494 29.4708 48.7234 10.4332
60.8 26.5918 29.4412 48.6947 10.4628
60.9 26.6342 29.4115 48.6658 10.4925
61 26.6766 29.3818 48.637 10.5222
61.1 26.7191 29.3521 48.608 10.5519
61.2 26.7615 29.3224 48.5791 10.5816
61.3 26.8039 29.2926 48.55 10.6114
61.4 26.8462 29.2628 48.5209 10.6412
61.5 26.8886 29.233 48.4917 10.671
61.6 26.931 29.2032 48.4625 10.7008
61.7 26.9734 29.1733 48.4332 10.7307
61.8 27.0157 29.1434 48.4039 10.7606
61.9 27.0581 29.1135 48.3745 10.7905
62 27.1004 29.0835 48.345 10.8205
62.1 27.1427 29.0535 48.3155 10.8505
62.2 27.1851 29.0235 48.286 10.8805
62.3 27.2274 28.9935 48.2563 10.9105
62.4 27.2697 28.9634 48.2267 10.9406
62.5 27.312 28.9333 48.1969 10.9707
62.6 27.3543 28.9032 48.1671 11.0008
62.7 27.3966 28.873 48.1373 11.031
62.8 27.4389 28.8428 48.1074 11.0612
62.9 27.4811 28.8126 48.0774 11.0914
63 27.5234 28.7824 48.0474 11.1216
63.1 27.5656 28.7521 48.0174 11.1519
63.2 27.6079 28.7218 47.9873 11.1822
63.3 27.6501 28.6915 47.9571 11.2125
63.4 27.6924 28.6612 47.9269 11.2428
63.5 27.7346 28.6308 47.8966 11.2732
63.6 27.7768 28.6004 47.8662 11.3036
63.7 27.819 28.57 47.8359 11.334
63.8 27.8612 28.5396 47.8054 11.3644
63.9 27.9034 28.5091 47.7749 11.3949
64 27.9456 28.4786 47.7444 11.4254
64.1 27.9877 28.4481 47.7138 11.4559
64.2 28.0299 28.4175 47.6832 11.4865
64.3 28.0721 28.3869 47.6525 11.5171
64.4 28.1142 28.3563 47.6217 11.5477
64.5 28.1564 28.3257 47.5909 11.5783
64.6 28.1985 28.295 47.5601 11.609
64.7 28.2406 28.2644 47.5292 11.6396
64.8 28.2827 28.2337 47.4982 11.6703
64.9 28.3248 28.2029 47.4672 11.7011
65 28.3669 28.1722 47.4362 11.7318
65.1 28.409 28.1414 47.4051 11.7626
65.2 28.4511 28.1106 47.3739 11.7934
65.3 28.4932 28.0798 47.3427 11.8242
65.4 28.5352 28.0489 47.3115 11.8551
65.5 28.5773 28.018 47.2802 11.886
65.6 28.6193 27.9871 47.2488 11.9169
65.7 28.6614 27.9562 47.2174 11.9478
65.8 28.7034 27.9252 47.186 11.9788
65.9 28.7454 27.8943 47.1545 12.0097
66 28.7874 27.8633 47.123 12.0407
66.1 28.8294 27.8322 47.0914 12.0718
66.2 28.8714 27.8012 47.0598 12.1028
66.3 28.9134 27.7701 47.0281 12.1339
66.4 28.9554 27.739 46.9964 12.165
66.5 28.9973 27.7079 46.9646 12.1961
66.6 29.0393 27.6768 46.9328 12.2272
66.7 29.0813 27.6456 46.9009 12.2584
66.8 29.1232 27.6144 46.869 12.2896
66.9 29.1651 27.5832 46.837 12.3208
67 29.207 27.552 46.805 12.352
67.1 29.249 27.5207 46.773 12.3833
67.2 29.2909 27.4894 46.7409 12.4146
67.3 29.3328 27.4581 46.7088 12.4459
67.4 29.3746 27.4268 46.6766 12.4772
67.5 29.4165 27.3954 46.6443 12.5086
67.6 29.4584 27.364 46.6121 12.54
67.7 29.5002 27.3326 46.5798 12.5714
67.8 29.5421 27.3012 46.5474 12.6028
67.9 29.5839 27.2698 46.515 12.6342
68 29.6258 27.2383 46.4825 12.6657
68.1 29.6676 27.2068 46.4501 12.6972
68.2 29.7094 27.1753 46.4175 12.7287
68.3 29.7512 27.1438 46.3849 12.7602
68.4 29.793 27.1122 46.3523 12.7918
68.5 29.8348 27.0807 46.3197 12.8233
68.6 29.8765 27.0491 46.2869 12.8549
68.7 29.9183 27.0175 46.2542 12.8865
68.8 29.96 26.9858 46.2214 12.9182
68.9 30.0018 26.9542 46.1886 12.9498
69 30.0435 26.9225 46.1557 12.9815
69.1 30.0852 26.8908 46.1228 13.0132
69.2 30.127 26.859 46.0898 13.045
69.3 30.1687 26.8273 46.0568 13.0767
69.4 30.2104 26.7955 46.0238 13.1085
69.5 30.2521 26.7637 45.9907 13.1403
69.6 30.2937 26.7319 45.9576 13.1721
69.7 30.3354 26.7001 45.9244 13.2039
69.8 30.377 26.6683 45.8912 13.2357
69.9 30.4187 26.6364 45.858 13.2676
70 30.4603 26.6045 45.8247 13.2995
70.1 30.502 26.5726 45.7914 13.3314
70.2 30.5436 26.5407 45.758 13.3633
70.3 30.5852 26.5087 45.7246 13.3953
70.4 30.6268 26.4767 45.6912 13.4273
70.5 30.6684 26.4447 45.6577 13.4593
70.6 30.7099 26.4127 45.6241 13.4913
70.7 30.7515 26.3807 45.5906 13.5233
70.8 30.7931 26.3487 45.557 13.5553
70.9 30.8346 26.3166 45.5233 13.5874
71 30.8761 26.2845 45.4897 13.6195
71.1 30.9177 26.2524 45.456 13.6516
71.2 30.9592 26.2203 45.4222 13.6837
71.3 31.0007 26.1881 45.3884 13.7159
71.4 31.0422 26.1559 45.3546 13.7481
71.5 31.0837 26.1238 45.3207 13.7802
71.6 31.1251 26.0916 45.2868 13.8124
71.7 31.1666 26.0593 45.2529 13.8447
71.8 31.2081 26.0271 45.2189 13.8769
71.9 31.2495 25.9948 45.1849 13.9092
72 31.2909 25.9626 45.1508 13.9414
72.1 31.3324 25.9303 45.1167 13.9737
72.2 31.3738 25.898 45.0826 14.006
72.3 31.4152 25.8656 45.0484 14.0384
72.4 31.4566 25.8333 45.0142 14.0707
72.5 31.4979 25.8009 44.98 14.1031
72.6 31.5393 25.7685 44.9457 14.1355
72.7 31.5807 25.7361 44.9114 14.1679
72.8 31.622 25.7037 44.8771 14.2003
72.9 31.6633 25.6713 44.8427 14.2327
73 31.7047 25.6388 44.8083 14.2652
73.1 31.746 25.6063 44.7738 14.2977
73.2 31.7873 25.5738 44.7393 14.3302
73.3 31.8286 25.5413 44.7048 14.3627
73.4 31.8699 25.5088 44.6703 14.3952
73.5 31.9111 25.4763 44.6357 14.4277
73.6 31.9524 25.4437 44.601 14.4603
73.7 31.9936 25.4111 44.5664 14.4929
73.8 32.0349 25.3785 44.5317 14.5255
73.9 32.0761 25.3459 44.497 14.5581
74 32.1173 25.3133 44.4622 14.5907
74.1 32.1585 25.2807 44.4274 14.6233
74.2 32.1997 25.248 44.3926 14.656
74.3 32.2409 25.2153 44.3577 14.6887
74.4 32.282 25.1827 44.3228 14.7213
74.5 32.3232 25.1499 44.2879 14.7541
74.6 32.3643 25.1172 44.2529 14.7868
74.7 32.4055 25.0845 44.2179 14.8195
74.8 32.4466 25.0517 44.1829 14.8523
74.9 32.4877 25.019 44.1478 14.885
75 32.5288 24.9862 44.1127 14.9178
75.1 32.5699 24.9534 44.0776 14.9506
75.2 32.611 24.9206 44.0424 14.9834
75.3 32.652 24.8877 44.0072 15.0163
75.4 32.6931 24.8549 43.972 15.0491
75.5 32.7341 24.822 43.9367 15.082
75.6 32.7752 24.7892 43.9015 15.1148
75.7 32.8162 24.7563 43.8661 15.1477
75.8 32.8572 24.7234 43.8308 15.1806
75.9 32.8982 24.6905 43.7954 15.2135
76 32.9392 24.6575 43.76 15.2465
76.1 32.9801 24.6246 43.7245 15.2794
76.2 33.0211 24.5916 43.689 15.3124
76.3 33.062 24.5586 43.6535 15.3454
76.4 33.103 24.5257 43.618 15.3783
76.5 33.1439 24.4927 43.5824 15.4113
76.6 33.1848 24.4596 43.5468 15.4444
76.7 33.2257 24.4266 43.5112 15.4774
76.8 33.2666 24.3936 43.4755 15.5104
76.9 33.3075 24.3605 43.4398 15.5435
77 33.3483 24.3274 43.4041 15.5766
77.1 33.3892 24.2943 43.3683 15.6097
77.2 33.43 24.2613 43.3325 15.6427
77.3 33.4708 24.2281 43.2967 15.6759
77.4 33.5117 24.195 43.2609 15.709
77.5 33.5525 24.1619 43.225 15.7421
77.6 33.5932 24.1287 43.1891 15.7753
77.7 33.634 24.0956 43.1532 15.8084
77.8 33.6748 24.0624 43.1172 15.8416
77.9 33.7155 24.0292 43.0812 15.8748
78 33.7563 23.996 43.0452 15.908
78.1 33.797 23.9628 43.0091 15.9412
78.2 33.8377 23.9296 42.973 15.9744
78.3 33.8784 23.8963 42.9369 16.0077
78.4 33.9191 23.8631 42.9008 16.0409
78.5 33.9597 23.8298 42.8646 16.0742
78.6 34.0004 23.7966 42.8284 16.1074
78.7 34.041 23.7633 42.7922 16.1407
78.8 34.0817 23.73 42.7559 16.174
78.9 34.1223 23.6967 42.7197 16.2073
79 34.1629 23.6633 42.6833 16.2407
79.1 34.2035 23.63 42.647 16.274
79.2 34.2441 23.5967 42.6106 16.3073
79.3 34.2846 23.5633 42.5742 16.3407
79.4 34.3252 23.53 42.5378 16.374
79.5 34.3657 23.4966 42.5014 16.4074
79.6 34.4063 23.4632 42.4649 16.4408
79.7 34.4468 23.4298 42.4284 16.4742
79.8 34.4873 23.3964 42.3919 16.5076
79.9 34.5278 23.363 42.3553 16.541
80 34.5682 23.3296 42.3187 16.5744
80.1 34.6087 23.2961 42.2821 16.6079
80.2 34.6491 23.2627 42.2455 16.6413
80.3 34.6896 23.2292 42.2088 16.6748
80.4 34.73 23.1958 42.1721 16.7082
80.5 34.7704 23.1623 42.1354 16.7417
80.6 34.8108 23.1288 42.0986 16.7752
80.7 34.8512 23.0953 42.0619 16.8087
80.8 34.8915 23.0618 42.0251 16.8422
80.9 34.9319 23.0283 41.9883 16.8757
81 34.9722 22.9947 41.9514 16.9093
81.1 35.0125 22.9612 41.9145 16.9428
81.2 35.0528 22.9277 41.8776 16.9763
81.3 35.0931 22.8941 41.8407 17.0099
81.4 35.1334 22.8606 41.8037 17.0434
81.5 35.1737 22.827 41.7668 17.077
81.6 35.2139 22.7934 41.7298 17.1106
81.7 35.2542 22.7598 41.6927 17.1442
81.8 35.2944 22.7262 41.6557 17.1778
81.9 35.3346 22.6926 41.6186 17.2114
82 35.3748 22.659 41.5815 17.245
82.1 35.415 22.6254 41.5444 17.2786
82.2 35.4551 22.5917 41.5072 17.3123
82.3 35.4953 22.5581 41.47 17.3459
82.4 35.5354 22.5245 41.4328 17.3795
82.5 35.5755 22.4908 41.3956 17.4132
82.6 35.6156 22.4572 41.3583 17.4468
82.7 35.6557 22.4235 41.321 17.4805
82.8 35.6958 22.3898 41.2837 17.5142
82.9 35.7359 22.3561 41.2464 17.5479
83 35.7759 22.3224 41.2091 17.5816
83.1 35.8159 22.2887 41.1717 17.6153
83.2 35.856 22.255 41.1343 17.649
83.3 35.896 22.2213 41.0969 17.6827
83.4 35.936 22.1876 41.0594 17.7164
83.5 35.9759 22.1539 41.0219 17.7501
83.6 36.0159 22.1201 40.9844 17.7839
83.7 36.0558 22.0864 40.9469 17.8176
83.8 36.0957 22.0527 40.9094 17.8513
83.9 36.1357 22.0189 40.8718 17.8851
84 36.1755 21.9851 40.8342 17.9189
84.1 36.2154 21.9514 40.7966 17.9526
84.2 36.2553 21.9176 40.759 17.9864
84.3 36.2951 21.8838 40.7213 18.0202
84.4 36.335 21.85 40.6836 18.054
84.5 36.3748 21.8163 40.6459 18.0877
84.6 36.4146 21.7825 40.6082 18.1215
84.7 36.4544 21.7487 40.5704 18.1553
84.8 36.4941 21.7149 40.5327 18.1891
84.9 36.5339 21.681 40.4949 18.223
85 36.5736 21.6472 40.4571 18.2568
85.1 36.6134 21.6134 40.4192 18.2906
85.2 36.6531 21.5796 40.3813 18.3244
85.3 36.6928 21.5458 40.3435 18.3582
85.4 36.7324 21.5119 40.3056 18.3921
85.5 36.7721 21.4781 40.2676 18.4259
85.6 36.8117 21.4442 40.2297 18.4598
85.7 36.8513 21.4104 40.1917 18.4936
85.8 36.891 21.3765 40.1537 18.5275
85.9 36.9305 21.3427 40.1157 18.5613
86 36.9701 21.3088 40.0776 18.5952
86.1 37.0097 21.2749 40.0396 18.6291
86.2 37.0492 21.2411 40.0015 18.6629
86.3 37.0888 21.2072 39.9634 18.6968
86.4 37.1283 21.1733 39.9253 18.7307
86.5 37.1678 21.1394 39.8871 18.7646
86.6 37.2072 21.1055 39.8489 18.7985
86.7 37.2467 21.0717 39.8107 18.8323
86.8 37.2861 21.0378 39.7725 18.8662
86.9 37.3256 21.0039 39.7343 18.9001
87 37.365 20.97 39.696 18.934
87.1 37.4044 20.9361 39.6578 18.9679
87.2 37.4437 20.9022 39.6195 19.0018
87.3 37.4831 20.8682 39.5812 19.0358
87.4 37.5224 20.8343 39.5428 19.0697
87.5 37.5617 20.8004 39.5045 19.1036
87.6 37.6011 20.7665 39.4661 19.1375
87.7 37.6403 20.7326 39.4277 19.1714
87.8 37.6796 20.6987 39.3893 19.2053
87.9 37.7189 20.6647 39.3508 19.2393
88 37.7581 20.6308 39.3124 19.2732
88.1 37.7973 20.5969 39.2739 19.3071
88.2 37.8365 20.563 39.2354 19.341
88.3 37.8757 20.529 39.1969 19.375
88.4 37.9149 20.4951 39.1583 19.4089
88.5 37.954 20.4612 39.1198 19.4428
88.6 37.9931 20.4272 39.0812 19.4768
88.7 38.0322 20.3933 39.0426 19.5107
88.8 38.0713 20.3593 39.004 19.5447
88.9 38.1104 20.3254 38.9653 19.5786
89 38.1495 20.2915 38.9267 19.6125
89.1 38.1885 20.2575 38.888 19.6465
89.2 38.2275 20.2236 38.8493 19.6804
89.3 38.2665 20.1896 38.8106 19.7144
89.4 38.3055 20.1557 38.7718 19.7483
89.5 38.3445 20.1217 38.7331 19.7823
89.6 38.3834 20.0878 38.6943 19.8162
89.7 38.4223 20.0538 38.6555 19.8502
89.8 38.4612 20.0199 38.6167 19.8841
89.9 38.5001 19.9859 38.5779 19.9181
90 38.539 19.952 38.539 19.952
90.1 38.5779 19.9181 38.5001 19.9859
90.2 38.6167 19.8841 38.4612 20.0199
90.3 38.6555 19.8502 38.4223 20.0538
90.4 38.6943 19.8162 38.3834 20.0878
90.5 38.7331 19.7823 38.3445 20.1217
90.6 38.7718 19.7483 38.3055 20.1557
90.7 38.8106 19.7144 38.2665 20.1896
90.8 38.8493 19.6804 38.2275 20.2236
90.9 38.888 19.6465 38.1885 20.2575
91 38.9267 19.6125 38.1495 20.2915
91.1 38.9653 19.5786 38.1104 20.3254
91.2 39.004 19.5447 38.0713 20.3593
91.3 39.0426 19.5107 38.0322 20.3933
91.4 39.0812 19.4768 37.9931 20.4272
91.5 39.1198 19.4428 37.954 20.4612
91.6 39.1583 19.4089 37.9149 20.4951
91.7 39.1969 19.375 37.8757 20.529
91.8 39.2354 19.341 37.8365 20.563
91.9 39.2739 19.3071 37.7973 20.5969
92 39.3124 19.2732 37.7581 20.6308
92.1 39.3508 19.2393 37.7189 20.6647
92.2 39.3893 19.2053 37.6796 20.6987
92.3 39.4277 19.1714 37.6403 20.7326
92.4 39.4661 19.1375 37.6011 20.7665
92.5 39.5045 19.1036 37.5617 20.8004
92.6 39.5428 19.0697 37.5224 20.8343
92.7 39.5812 19.0358 37.4831 20.8682
92.8 39.6195 19.0018 37.4437 20.9022
92.9 39.6578 18.9679 37.4044 20.9361
93 39.696 18.934 37.365 20.97
93.1 39.7343 18.9001 37.3256 21.0039
93.2 39.7725 18.8662 37.2861 21.0378
93.3 39.8107 18.8323 37.2467 21.0717
93.4 39.8489 18.7985 37.2072 21.1055
93.5 39.8871 18.7646 37.1678 21.1394
93.6 39.9253 18.7307 37.1283 21.1733
93.7 39.9634 18.6968 37.0888 21.2072
93.8 40.0015 18.6629 37.0492 21.2411
93.9 40.0396 18.6291 37.0097 21.2749
94 40.0776 18.5952 36.9701 21.3088
94.1 40.1157 18.5613 36.9305 21.3427
94.2 40.1537 18.5275 36.891 21.3765
94.3 40.1917 18.4936 36.8513 21.4104
94.4 40.2297 18.4598 36.8117 21.4442
94.5 40.2676 18.4259 36.7721 21.4781
94.6 40.3056 18.3921 36.7324 21.5119
94.7 40.3435 18.3582 36.6928 21.5458
94.8 40.3813 18.3244 36.6531 21.5796
94.9 40.4192 18.2906 36.6134 21.6134
95 40.4571 18.2568 36.5736 21.6472
95.1 40.4949 18.223 36.5339 21.681
95.2 40.5327 18.1891 36.4941 21.7149
95.3 40.5704 18.1553 36.4544 21.7487
95.4 40.6082 18.1215 36.4146 21.7825
95.5 40.6459 18.0877 36.3748 21.8163
95.6 40.6836 18.054 36.335 21.85
95.7 40.7213 18.0202 36.2951 21.8838
95.8 40.759 17.9864 36.2553 21.9176
95.9 40.7966 17.9526 36.2154 21.9514
96 40.8342 17.9189 36.1755 21.9851
96.1 40.8718 17.8851 36.1357 22.0189
96.2 40.9094 17.8513 36.0957 22.0527
96.3 40.9469 17.8176 36.0558 22.0864
96.4 40.9844 17.7839 36.0159 22.1201
96.5 41.0219 17.7501 35.9759 22.1539
96.6 41.0594 17.7164 35.936 22.1876
96.7 41.0969 17.6827 35.896 22.2213
96.8 41.1343 17.649 35.856 22.255
96.9 41.1717 17.6153 35.8159 22.2887
97 41.2091 17.5816 35.7759 22.3224
97.1 41.2464 17.5479 35.7359 22.3561
97.2 41.2837 17.5142 35.6958 22.3898
97.3 41.321 17.4805 35.6557 22.4235
97.4 41.3583 17.4468 35.6156 22.4572
97.5 41.3956 17.4132 35.5755 22.4908
97.6 41.4328 17.3795 35.5354 22.5245
97.7 41.47 17.3459 35.4953 22.5581
97.8 41.5072 17.3123 35.4551 22.5917
97.9 41.5444 17.2786 35.415 22.6254
98 41.5815 17.245 35.3748 22.659
98.1 41.6186 17.2114 35.3346 22.6926
98.2 41.6557 17.1778 35.2944 22.7262
98.3 41.6927 17.1442 35.2542 22.7598
98.4 41.7298 17.1106 35.2139 22.7934
98.5 41.7668 17.077 35.1737 22.827
98.6 41.8037 17.0434 35.1334 22.8606
98.7 41.8407 17.0099 35.0931 22.8941
98.8 41.8776 16.9763 35.0528 22.9277
98.9 41.9145 16.9428 35.0125 22.9612
99 41.9514 16.9093 34.9722 22.9947
99.1 41.9883 16.8757 34.9319 23.0283
99.2 42.0251 16.8422 34.8915 23.0618
99.3 42.0619 16.8087 34.8512 23.0953
99.4 42.0986 16.7752 34.8108 23.1288
99.5 42.1354 16.7417 34.7704 23.1623
99.6 42.1721 16.7082 34.73 23.1958
99.7 42.2088 16.6748 34.6896 23.2292
99.8 42.2455 16.6413 34.6491 23.2627
99.9 42.2821 16.6079 34.6087 23.2961
100 42.3187 16.5744 34.5682 23.3296
100.1 42.3553 16.541 34.5278 23.363
100.2 42.3919 16.5076 34.4873 23.3964
100.3 42.4284 16.4742 34.4468 23.4298
100.4 42.4649 16.4408 34.4063 23.4632
100.5 42.5014 16.4074 34.3657 23.4966
100.6 42.5378 16.374 34.3252 23.53
100.7 42.5742 16.3407 34.2846 23.5633
100.8 42.6106 16.3073 34.2441 23.5967
100.9 42.647 16.274 34.2035 23.63
101 42.6833 16.2407 34.1629 23.6633
101.1 42.7197 16.2073 34.1223 23.6967
101.2 42.7559 16.174 34.0817 23.73
101.3 42.7922 16.1407 34.041 23.7633
101.4 42.8284 16.1074 34.0004 23.7966
101.5 42.8646 16.0742 33.9597 23.8298
101.6 42.9008 16.0409 33.9191 23.8631
101.7 42.9369 16.0077 33.8784 23.8963
101.8 42.973 15.9744 33.8377 23.9296
101.9 43.0091 15.9412 33.797 23.9628
102 43.0452 15.908 33.7563 23.996
102.1 43.0812 15.8748 33.7155 24.0292
102.2 43.1172 15.8416 33.6748 24.0624
102.3 43.1532 15.8084 33.634 24.0956
102.4 43.1891 15.7753 33.5932 24.1287
102.5 43.225 15.7421 33.5525 24.1619
102.6 43.2609 15.709 33.5117 24.195
102.7 43.2967 15.6759 33.4708 24.2281
102.8 43.3325 15.6427 33.43 24.2613
102.9 43.3683 15.6097 33.3892 24.2943
103 43.4041 15.5766 33.3483 24.3274
103.1 43.4398 15.5435 33.3075 24.3605
103.2 43.4755 15.5104 33.2666 24.3936
103.3 43.5112 15.4774 33.2257 24.4266
103.4 43.5468 15.4444 33.1848 24.4596
103.5 43.5824 15.4113 33.1439 24.4927
103.6 43.618 15.3783 33.103 24.5257
103.7 43.6535 15.3454 33.062 24.5586
103.8 43.689 15.3124 33.0211 24.5916
103.9 43.7245 15.2794 32.9801 24.6246
104 43.76 15.2465 32.9392 24.6575
104.1 43.7954 15.2135 32.8982 24.6905
104.2 43.8308 15.1806 32.8572 24.7234
104.3 43.8661 15.1477 32.8162 24.7563
104.4 43.9015 15.1148 32.7752 24.7892
104.5 43.9367 15.082 32.7341 24.822
104.6 43.972 15.0491 32.6931 24.8549
104.7 44.0072 15.0163 32.652 24.8877
104.8 44.0424 14.9834 32.611 24.9206
104.9 44.0776 14.9506 32.5699 24.9534
105 44.1127 14.9178 32.5288 24.9862
105.1 44.1478 14.885 32.4877 25.019
105.2 44.1829 14.8523 32.4466 25.0517
105.3 44.2179 14.8195 32.4055 25.0845
105.4 44.2529 14.7868 32.3643 25.1172
105.5 44.2879 14.7541 32.3232 25.1499
105.6 44.3228 14.7213 32.282 25.1827
105.7 44.3577 14.6887 32.2409 25.2153
105.8 44.3926 14.656 32.1997 25.248
105.9 44.4274 14.6233 32.1585 25.2807
106 44.4622 14.5907 32.1173 25.3133
106.1 44.497 14.5581 32.0761 25.3459
106.2 44.5317 14.5255 32.0349 25.3785
106.3 44.5664 14.4929 31.9936 25.4111
106.4 44.601 14.4603 31.9524 25.4437
106.5 44.6357 14.4277 31.9111 25.4763
106.6 44.6703 14.3952 31.8699 25.5088
106.7 44.7048 14.3627 31.8286 25.5413
106.8 44.7393 14.3302 31.7873 25.5738
106.9 44.7738 14.2977 31.746 25.6063
107 44.8083 14.2652 31.7047 25.6388
107.1 44.8427 14.2327 31.6633 25.6713
107.2 44.8771 14.2003 31.622 25.7037
107.3 44.9114 14.1679 31.5807 25.7361
107.4 44.9457 14.1355 31.5393 25.7685
107.5 44.98 14.1031 31.4979 25.8009
107.6 45.0142 14.0707 31.4566 25.8333
107.7 45.0484 14.0384 31.4152 25.8656
107.8 45.0826 14.006 31.3738 25.898
107.9 45.1167 13.9737 31.3324 25.9303
108 45.1508 13.9414 31.2909 25.9626
108.1 45.1849 13.9092 31.2495 25.9948
108.2 45.2189 13.8769 31.2081 26.0271
108.3 45.2529 13.8447 31.1666 26.0593
108.4 45.2868 13.8124 31.1251 26.0916
108.5 45.3207 13.7802 31.0837 26.1238
108.6 45.3546 13.7481 31.0422 26.1559
108.7 45.3884 13.7159 31.0007 26.1881
108.8 45.4222 13.6837 30.9592 26.2203
108.9 45.456 13.6516 30.9177 26.2524
109 45.4897 13.6195 30.8761 26.2845
109.1 45.5233 13.5874 30.8346 26.3166
109.2 45.557 13.5553 30.7931 26.3487
109.3 45.5906 13.5233 30.7515 26.3807
109.4 45.6241 13.4913 30.7099 26.4127
109.5 45.6577 13.4593 30.6684 26.4447
109.6 45.6912 13.4273 30.6268 26.4767
109.7 45.7246 13.3953 30.5852 26.5087
109.8 45.758 13.3633 30.5436 26.5407
109.9 45.7914 13.3314 30.502 26.5726
110 45.8247 13.2995 30.4603 26.6045
110.1 45.858 13.2676 30.4187 26.6364
110.2 45.8912 13.2357 30.377 26.6683
110.3 45.9244 13.2039 30.3354 26.7001
110.4 45.9576 13.1721 30.2937 26.7319
110.5 45.9907 13.1403 30.2521 26.7637
110.6 46.0238 13.1085 30.2104 26.7955
110.7 46.0568 13.0767 30.1687 26.8273
110.8 46.0898 13.045 30.127 26.859
110.9 46.1228 13.0132 30.0852 26.8908
111 46.1557 12.9815 30.0435 26.9225
111.1 46.1886 12.9498 30.0018 26.9542
111.2 46.2214 12.9182 29.96 26.9858
111.3 46.2542 12.8865 29.9183 27.0175
111.4 46.2869 12.8549 29.8765 27.0491
111.5 46.3197 12.8233 29.8348 27.0807
111.6 46.3523 12.7918 29.793 27.1122
111.7 46.3849 12.7602 29.7512 27.1438
111.8 46.4175 12.7287 29.7094 27.1753
111.9 46.4501 12.6972 29.6676 27.2068
112 46.4825 12.6657 29.6258 27.2383
112.1 46.515 12.6342 29.5839 27.2698
112.2 46.5474 12.6028 29.5421 27.3012
112.3 46.5798 12.5714 29.5002 27.3326
112.4 46.6121 12.54 29.4584 27.364
112.5 46.6443 12.5086 29.4165 27.3954
112.6 46.6766 12.4772 29.3746 27.4268
112.7 46.7088 12.4459 29.3328 27.4581
112.8 46.7409 12.4146 29.2909 27.4894
112.9 46.773 12.3833 29.249 27.5207
113 46.805 12.352 29.207 27.552
113.1 46.837 12.3208 29.1651 27.5832
113.2 46.869 12.2896 29.1232 27.6144
113.3 46.9009 12.2584 29.0813 27.6456
113.4 46.9328 12.2272 29.0393 27.6768
113.5 46.9646 12.1961 28.9973 27.7079
113.6 46.9964 12.165 28.9554 27.739
113.7 47.0281 12.1339 28.9134 27.7701
113.8 47.0598 12.1028 28.8714 27.8012
113.9 47.0914 12.0718 28.8294 27.8322
114 47.123 12.0407 28.7874 27.8633
114.1 47.1545 12.0097 28.7454 27.8943
114.2 47.186 11.9788 28.7034 27.9252
114.3 47.2174 11.9478 28.6614 27.9562
114.4 47.2488 11.9169 28.6193 27.9871
114.5 47.2802 11.886 28.5773 28.018
114.6 47.3115 11.8551 28.5352 28.0489
114.7 47.3427 11.8242 28.4932 28.0798
114.8 47.3739 11.7934 28.4511 28.1106
114.9 47.4051 11.7626 28.409 28.1414
115 47.4362 11.7318 28.3669 28.1722
115.1 47.4672 11.7011 28.3248 28.2029
115.2 47.4982 11.6703 28.2827 28.2337
115.3 47.5292 11.6396 28.2406 28.2644
115.4 47.5601 11.609 28.1985 28.295
115.5 47.5909 11.5783 28.1564 28.3257
115.6 47.6217 11.5477 28.1142 28.3563
115.7 47.6525 11.5171 28.0721 28.3869
115.8 47.6832 11.4865 28.0299 28.4175
115.9 47.7138 11.4559 27.9877 28.4481
116 47.7444 11.4254 27.9456 28.4786
116.1 47.7749 11.3949 27.9034 28.5091
116.2 47.8054 11.3644 27.8612 28.5396
116.3 47.8359 11.334 27.819 28.57
116.4 47.8662 11.3036 27.7768 28.6004
116.5 47.8966 11.2732 27.7346 28.6308
116.6 47.9269 11.2428 27.6924 28.6612
116.7 47.9571 11.2125 27.6501 28.6915
116.8 47.9873 11.1822 27.6079 28.7218
116.9 48.0174 11.1519 27.5656 28.7521
117 48.0474 11.1216 27.5234 28.7824
117.1 48.0774 11.0914 27.4811 28.8126
117.2 48.1074 11.0612 27.4389 28.8428
117.3 48.1373 11.031 27.3966 28.873
117.4 48.1671 11.0008 27.3543 28.9032
117.5 48.1969 10.9707 27.312 28.9333
117.6 48.2267 10.9406 27.2697 28.9634
117.7 48.2563 10.9105 27.2274 28.9935
117.8 48.286 10.8805 27.1851 29.0235
117.9 48.3155 10.8505 27.1427 29.0535
118 48.345 10.8205 27.1004 29.0835
118.1 48.3745 10.7905 27.0581 29.1135
118.2 48.4039 10.7606 27.0157 29.1434
118.3 48.4332 10.7307 26.9734 29.1733
118.4 48.4625 10.7008 26.931 29.2032
118.5 48.4917 10.671 26.8886 29.233
118.6 48.5209 10.6412 26.8462 29.2628
118.7 48.55 10.6114 26.8039 29.2926
118.8 48.5791 10.5816 26.7615 29.3224
118.9 48.608 10.5519 26.7191 29.3521
119 48.637 10.5222 26.6766 29.3818
119.1 48.6658 10.4925 26.6342 29.4115
119.2 48.6947 10.4628 26.5918 29.4412
119.3 48.7234 10.4332 26.5494 29.4708
119.4 48.7521 10.4036 26.5069 29.5004
119.5 48.7807 10.3741 26.4645 29.5299
119.6 48.8093 10.3445 26.422 29.5595
119.7 48.8378 10.315 26.3796 29.589
119.8 48.8662 10.2856 26.3371 29.6184
119.9 48.8946 10.2561 26.2946 29.6479
120 48.9229 10.2267 26.2521 29.6773
120.1 48.9512 10.1973 26.2096 29.7067
120.2 48.9794 10.168 26.1671 29.736
120.3 49.0075 10.1386 26.1246 29.7654
120.4 49.0356 10.1093 26.0821 29.7947
120.5 49.0636 10.0801 26.0396 29.8239
120.6 49.0916 10.0508 25.997 29.8532
120.7 49.1194 10.0216 25.9545 29.8824
120.8 49.1472 9.99246 25.912 29.9115
120.9 49.175 9.96332 25.8694 29.9407
121 49.2027 9.9342 25.8269 29.9698
121.1 49.2303 9.90512 25.7843 29.9989
121.2 49.2578 9.87607 25.7417 30.0279
121.3 49.2853 9.84704 25.6991 30.057
121.4 49.3128 9.81805 25.6566 30.0859
121.5 49.3401 9.78909 25.614 30.1149
121.6 49.3674 9.76016 25.5714 30.1438
121.7 49.3946 9.73126 25.5287 30.1727
121.8 49.4218 9.7024 25.4861 30.2016
121.9 49.4488 9.67356 25.4435 30.2304
122 49.4759 9.64475 25.4009 30.2592
122.1 49.5028 9.61598 25.3582 30.288
122.2 49.5297 9.58724 25.3156 30.3168
122.3 49.5565 9.55853 25.273 30.3455
122.4 49.5832 9.52985 25.2303 30.3742
122.5 49.6099 9.5012 25.1876 30.4028
122.6 49.6365 9.47259 25.145 30.4314
122.7 49.663 9.444 25.1023 30.46
122.8 49.6895 9.41545 25.0596 30.4885
122.9 49.7159 9.38693 25.0169 30.5171
123 49.7422 9.35845 24.9742 30.5456
123.1 49.7684 9.32999 24.9315 30.574
123.2 49.7946 9.30157 24.8888 30.6024
123.3 49.8207 9.27318 24.8461 30.6308
123.4 49.8467 9.24482 24.8034 30.6592
123.5 49.8726 9.2165 24.7606 30.6875
123.6 49.8985 9.1882 24.7179 30.7158
123.7 49.9243 9.15995 24.6751 30.7441
123.8 49.95 9.13172 24.6324 30.7723
123.9 49.9757 9.10353 24.5896 30.8005
124 50.0013 9.07536 24.5469 30.8286
124.1 50.0268 9.04724 24.5041 30.8568
124.2 50.0522 9.01914 24.4613 30.8849
124.3 50.0775 8.99108 24.4185 30.9129
124.4 50.1028 8.96306 24.3758 30.9409
124.5 50.128 8.93506 24.333 30.9689
124.6 50.1531 8.9071 24.2902 30.9969
124.7 50.1781 8.87917 24.2474 31.0248
124.8 50.2031 8.85128 24.2045 31.0527
124.9 50.228 8.82342 24.1617 31.0806
125 50.2528 8.7956 24.1189 31.1084
125.1 50.2775 8.76781 24.0761 31.1362
125.2 50.3021 8.74005 24.0332 31.164
125.3 50.3267 8.71232 23.9904 31.1917
125.4 50.3511 8.68464 23.9475 31.2194
125.5 50.3755 8.65698 23.9047 31.247
125.6 50.3999 8.62936 23.8618 31.2746
125.7 50.4241 8.60178 23.8189 31.3022
125.8 50.4482 8.57422 23.776 31.3298
125.9 50.4723 8.54671 23.7332 31.3573
126 50.4963 8.51923 23.6903 31.3848
126.1 50.5202 8.49178 23.6474 31.4122
126.2 50.544 8.46437 23.6045 31.4396
126.3 50.5677 8.43699 23.5616 31.467
126.4 50.5914 8.40965 23.5186 31.4944
126.5 50.6149 8.38234 23.4757 31.5217
126.6 50.6384 8.35507 23.4328 31.5489
126.7 50.6618 8.32783 23.3899 31.5762
126.8 50.6851 8.30063 23.3469 31.6034
126.9 50.7083 8.27347 23.304 31.6305
127 50.7314 8.24634 23.261 31.6577
127.1 50.7544 8.21925 23.2181 31.6848
127.2 50.7774 8.19219 23.1751 31.7118
127.3 50.8002 8.16516 23.1321 31.7388
127.4 50.823 8.13818 23.0892 31.7658
127.5 50.8456 8.11123 23.0462 31.7928
127.6 50.8682 8.08431 23.0032 31.8197
127.7 50.8907 8.05743 22.9602 31.8466
127.8 50.9131 8.03059 22.9172 31.8734
127.9 50.9354 8.00379 22.8742 31.9002
128 50.9576 7.97702 22.8312 31.927
128.1 50.9798 7.95028 22.7882 31.9537
128.2 51.0018 7.92359 22.7452 31.9804
128.3 51.0237 7.89693 22.7021 32.0071
128.4 51.0455 7.87031 22.6591 32.0337
128.5 51.0673 7.84372 22.6161 32.0603
128.6 51.0889 7.81717 22.573 32.0868
128.7 51.1105 7.79066 22.53 32.1133
128.8 51.1319 7.76418 22.4869 32.1398
128.9 51.1533 7.73774 22.4439 32.1663
129 51.1745 7.71134 22.4008 32.1927
129.1 51.1957 7.68498 22.3577 32.219
129.2 51.2168 7.65865 22.3146 32.2453
129.3 51.2377 7.63236 22.2716 32.2716
129.4 51.2586 7.60611 22.2285 32.2979
129.5 51.2793 7.5799 22.1854 32.3241
129.6 51.3 7.55372 22.1423 32.3503
129.7 51.3206 7.52759 22.0992 32.3764
129.8 51.341 7.50149 22.0561 32.4025
129.9 51.3614 7.47542 22.0129 32.4286
130 51.3816 7.4494 21.9698 32.4546
130.1 51.4017 7.42341 21.9267 32.4806
130.2 51.4218 7.39746 21.8836 32.5065
130.3 51.4417 7.37155 21.8404 32.5324
130.4 51.4615 7.34568 21.7973 32.5583
130.5 51.4813 7.31985 21.7541 32.5842
130.6 51.5009 7.29405 21.711 32.6099
130.7 51.5204 7.2683 21.6678 32.6357
130.8 51.5398 7.24258 21.6247 32.6614
130.9 51.5591 7.2169 21.5815 32.6871
131 51.5782 7.19126 21.5383 32.7127
131.1 51.5973 7.16566 21.4951 32.7383
131.2 51.6163 7.1401 21.4519 32.7639
131.3 51.6351 7.11457 21.4088 32.7894
131.4 51.6539 7.08909 21.3656 32.8149
131.5 51.6725 7.06365 21.3224 32.8404
131.6 51.691 7.03824 21.2791 32.8658
131.7 51.7094 7.01287 21.2359 32.8911
131.8 51.7277 6.98755 21.1927 32.9165
131.9 51.7458 6.96226 21.1495 32.9417
132 51.7639 6.93701 21.1063 32.967
132.1 51.7818 6.9118 21.063 32.9922
132.2 51.7996 6.88663 21.0198 33.0174
132.3 51.8173 6.86151 20.9766 33.0425
132.4 51.8349 6.83642 20.9333 33.0676
132.5 51.8524 6.81137 20.8901 33.0926
132.6 51.8697 6.78636 20.8468 33.1176
132.7 51.8869 6.76139 20.8035 33.1426
132.8 51.904 6.73646 20.7603 33.1675
132.9 51.921 6.71157 20.717 33.1924
133 51.9379 6.68673 20.6737 33.2173
133.1 51.9546 6.66192 20.6304 33.2421
133.2 51.9712 6.63715 20.5872 33.2668
133.3 51.9877 6.61242 20.5439 33.2916
133.4 52.004 6.58774 20.5006 33.3163
133.5 52.0203 6.56309 20.4573 33.3409
133.6 52.0364 6.53849 20.414 33.3655
133.7 52.0523 6.51393 20.3706 33.3901
133.8 52.0682 6.4894 20.3273 33.4146
133.9 52.0839 6.46492 20.284 33.4391
134 52.0995 6.44048 20.2407 33.4635
134.1 52.115 6.41608 20.1973 33.4879
134.2 52.1303 6.39172 20.154 33.5123
134.3 52.1455 6.36741 20.1107 33.5366
134.4 52.1605 6.34313 20.0673 33.5609
134.5 52.1755 6.3189 20.024 33.5851
134.6 52.1903 6.2947 19.9806 33.6093
134.7 52.2049 6.27055 19.9373 33.6334
134.8 52.2194 6.24644 19.8939 33.6576
134.9 52.2338 6.22238 19.8505 33.6816
135 52.2481 6.19835 19.8072 33.7056
135.1 52.2622 6.17437 19.7638 33.7296
135.2 52.2761 6.15043 19.7204 33.7536
135.3 52.29 6.12653 19.677 33.7775
135.4 52.3036 6.10267 19.6336 33.8013
135.5 52.3172 6.07885 19.5902 33.8251
135.6 52.3306 6.05508 19.5468 33.8489
135.7 52.3438 6.03135 19.5034 33.8727
135.8 52.357 6.00766 19.46 33.8963
135.9 52.3699 5.98402 19.4166 33.92
136 52.3827 5.96041 19.3732 33.9436
136.1 52.3954 5.93685 19.3297 33.9671
136.2 52.4079 5.91333 19.2863 33.9907
136.3 52.4203 5.88986 19.2429 34.0141
136.4 52.4325 5.86643 19.1995 34.0376
136.5 52.4446 5.84304 19.156 34.061
136.6 52.4565 5.81969 19.1126 34.0843
136.7 52.4683 5.79639 19.0691 34.1076
136.8 52.4799 5.77313 19.0257 34.1309
136.9 52.4914 5.74991 18.9822 34.1541
137 52.5027 5.72673 18.9387 34.1773
137.1 52.5138 5.7036 18.8953 34.2004
137.2 52.5248 5.68052 18.8518 34.2235
137.3 52.5356 5.65747 18.8083 34.2465
137.4 52.5463 5.63447 18.7648 34.2695
137.5 52.5568 5.61152 18.7214 34.2925
137.6 52.5671 5.5886 18.6779 34.3154
137.7 52.5773 5.56573 18.6344 34.3383
137.8 52.5873 5.54291 18.5909 34.3611
137.9 52.5972 5.52013 18.5474 34.3839
138 52.6069 5.49739 18.5039 34.4066
138.1 52.6164 5.4747 18.4604 34.4293
138.2 52.6258 5.45205 18.4168 34.452
138.3 52.635 5.42944 18.3733 34.4746
138.4 52.644 5.40688 18.3298 34.4971
138.5 52.6528 5.38437 18.2863 34.5196
138.6 52.6615 5.36189 18.2427 34.5421
138.7 52.67 5.33947 18.1992 34.5645
138.8 52.6783 5.31708 18.1557 34.5869
138.9 52.6864 5.29474 18.1121 34.6093
139 52.6944 5.27245 18.0686 34.6316
139.1 52.7022 5.2502 18.025 34.6538
139.2 52.7098 5.228 17.9815 34.676
139.3 52.7173 5.20584 17.9379 34.6982
139.4 52.7245 5.18372 17.8943 34.7203
139.5 52.7316 5.16165 17.8508 34.7423
139.6 52.7385 5.13963 17.8072 34.7644
139.7 52.7452 5.11765 17.7636 34.7864
139.8 52.7517 5.09571 17.72 34.8083
139.9 52.758 5.07382 17.6765 34.8302
140 52.7641 5.05198 17.6329 34.852
140.1 52.7701 5.03018 17.5893 34.8738
140.2 52.7758 5.00843 17.5457 34.8956
140.3 52.7814 4.98672 17.5021 34.9173
140.4 52.7868 4.96506 17.4585 34.9389
140.5 52.7919 4.94344 17.4149 34.9606
140.6 52.7969 4.92187 17.3713 34.9821
140.7 52.8017 4.90035 17.3276 35.0037
140.8 52.8063 4.87887 17.284 35.0251
140.9 52.8107 4.85744 17.2404 35.0466
141 52.8148 4.83605 17.1968 35.068
141.1 52.8188 4.81471 17.1531 35.0893
141.2 52.8226 4.79341 17.1095 35.1106
141.3 52.8262 4.77216 17.0659 35.1318
141.4 52.8295 4.75096 17.0222 35.153
141.5 52.8327 4.72981 16.9786 35.1742
141.6 52.8356 4.7087 16.9349 35.1953
141.7 52.8383 4.68763 16.8913 35.2164
141.8 52.8409 4.66662 16.8476 35.2374
141.9 52.8432 4.64565 16.804 35.2584
142 52.8453 4.62472 16.7603 35.2793
142.1 52.8471 4.60384 16.7166 35.3002
142.2 52.8488 4.58301 16.673 35.321
142.3 52.8502 4.56223 16.6293 35.3418
142.4 52.8514 4.54149 16.5856 35.3625
142.5 52.8524 4.5208 16.5419 35.3832
142.6 52.8532 4.50016 16.4982 35.4038
142.7 52.8537 4.47957 16.4545 35.4244
142.8 52.854 4.45902 16.4109 35.445
142.9 52.8541 4.43852 16.3672 35.4655
143 52.8539 4.41806 16.3235 35.4859
143.1 52.8535 4.39766 16.2798 35.5063
143.2 52.8529 4.3773 16.236 35.5267
143.3 52.8521 4.35699 16.1923 35.547
143.4 52.851 4.33672 16.1486 35.5673
143.5 52.8496 4.31651 16.1049 35.5875
143.6 52.8481 4.29634 16.0612 35.6077
143.7 52.8463 4.27621 16.0175 35.6278
143.8 52.8442 4.25614 15.9737 35.6479
143.9 52.8419 4.23612 15.93 35.6679
144 52.8393 4.21614 15.8863 35.6879
144.1 52.8365 4.19621 15.8425 35.7078
144.2 52.8335 4.17633 15.7988 35.7277
144.3 52.8302 4.15649 15.755 35.7475
144.4 52.8266 4.13671 15.7113 35.7673
144.5 52.8228 4.11697 15.6675 35.787
144.6 52.8187 4.09728 15.6238 35.8067
144.7 52.8144 4.07764 15.58 35.8264
144.8 52.8098 4.05804 15.5362 35.846
144.9 52.8049 4.0385 15.4925 35.8655
145 52.7998 4.019 15.4487 35.885
145.1 52.7944 3.99956 15.4049 35.9044
145.2 52.7887 3.98016 15.3612 35.9238
145.3 52.7828 3.96081 15.3174 35.9432
145.4 52.7766 3.94151 15.2736 35.9625
145.5 52.7701 3.92225 15.2298 35.9817
145.6 52.7633 3.90305 15.186 36.0009
145.7 52.7563 3.8839 15.1422 36.0201
145.8 52.749 3.86479 15.0984 36.0392
145.9 52.7414 3.84573 15.0546 36.0583
146 52.7335 3.82673 15.0108 36.0773
146.1 52.7253 3.80777 14.967 36.0962
146.2 52.7168 3.78886 14.9232 36.1151
146.3 52.708 3.77 14.8794 36.134
146.4 52.699 3.75119 14.8356 36.1528
146.5 52.6896 3.73242 14.7918 36.1716
146.6 52.68 3.71371 14.748 36.1903
146.7 52.67 3.69505 14.7041 36.209
146.8 52.6597 3.67644 14.6603 36.2276
146.9 52.6492 3.65787 14.6165 36.2461
147 52.6383 3.63936 14.5726 36.2646
147.1 52.6271 3.62089 14.5288 36.2831
147.2 52.6156 3.60248 14.485 36.3015
147.3 52.6038 3.58411 14.4411 36.3199
147.4 52.5917 3.5658 14.3973 36.3382
147.5 52.5792 3.54753 14.3534 36.3565
147.6 52.5664 3.52932 14.3096 36.3747
147.7 52.5533 3.51115 14.2657 36.3928
147.8 52.5399 3.49304 14.2219 36.411
147.9 52.5262 3.47497 14.178 36.429
148 52.5121 3.45696 14.1341 36.447
148.1 52.4977 3.43899 14.0903 36.465
148.2 52.4829 3.42108 14.0464 36.4829
148.3 52.4678 3.40322 14.0025 36.5008
148.4 52.4524 3.3854 13.9586 36.5186
148.5 52.4366 3.36764 13.9148 36.5364
148.6 52.4205 3.34993 13.8709 36.5541
148.7 52.404 3.33227 13.827 36.5717
148.8 52.3872 3.31466 13.7831 36.5893
148.9 52.37 3.2971 13.7392 36.6069
149 52.3524 3.27959 13.6953 36.6244
149.1 52.3345 3.26213 13.6514 36.6419
149.2 52.3162 3.24472 13.6075 36.6593
149.3 52.2976 3.22736 13.5636 36.6766
149.4 52.2786 3.21005 13.5197 36.6939
149.5 52.2592 3.1928 13.4758 36.7112
149.6 52.2394 3.1756 13.4319 36.7284
149.7 52.2193 3.15844 13.388 36.7456
149.8 52.1988 3.14134 13.3441 36.7627
149.9 52.1779 3.12429 13.3002 36.7797
150 52.1566 3.10729 13.2562 36.7967
150.1 52.1349 3.09034 13.2123 36.8137
150.2 52.1128 3.07344 13.1684 36.8306
150.3 52.0904 3.0566 13.1245 36.8474
150.4 52.0675 3.03981 13.0805 36.8642
150.5 52.0442 3.02306 13.0366 36.8809
150.6 52.0205 3.00637 12.9927 36.8976
150.7 51.9964 2.98973 12.9487 36.9143
150.8 51.9719 2.97315 12.9048 36.9309
150.9 51.947 2.95661 12.8608 36.9474
151 51.9217 2.94013 12.8169 36.9639
151.1 51.8959 2.92369 12.7729 36.9803
151.2 51.8697 2.90731 12.729 36.9967
151.3 51.8431 2.89098 12.685 37.013
151.4 51.8161 2.87471 12.6411 37.0293
151.5 51.7886 2.85848 12.5971 37.0455
151.6 51.7606 2.84231 12.5531 37.0617
151.7 51.7323 2.82619 12.5092 37.0778
151.8 51.7034 2.81012 12.4652 37.0939
151.9 51.6742 2.79411 12.4212 37.1099
152 51.6444 2.77814 12.3773 37.1259
152.1 51.6142 2.76223 12.3333 37.1418
152.2 51.5836 2.74637 12.2893 37.1576
152.3 51.5525 2.73057 12.2453 37.1734
152.4 51.5209 2.71481 12.2013 37.1892
152.5 51.4888 2.69911 12.1573 37.2049
152.6 51.4563 2.68346 12.1134 37.2205
152.7 51.4233 2.66787 12.0694 37.2361
152.8 51.3898 2.65232 12.0254 37.2517
152.9 51.3558 2.63683 11.9814 37.2672
153 51.3213 2.62139 11.9374 37.2826
153.1 51.2863 2.60601 11.8934 37.298
153.2 51.2508 2.59067 11.8494 37.3133
153.3 51.2148 2.57539 11.8054 37.3286
153.4 51.1783 2.56017 11.7614 37.3438
153.5 51.1412 2.54499 11.7173 37.359
153.6 51.1037 2.52987 11.6733 37.3741
153.7 51.0656 2.5148 11.6293 37.3892
153.8 51.027 2.49979 11.5853 37.4042
153.9 50.9879 2.48483 11.5413 37.4192
154 50.9482 2.46992 11.4973 37.4341
154.1 50.908 2.45507 11.4532 37.4489
154.2 50.8672 2.44026 11.4092 37.4637
154.3 50.8259 2.42552 11.3652 37.4785
154.4 50.7841 2.41082 11.3211 37.4932
154.5 50.7416 2.39618 11.2771 37.5078
154.6 50.6986 2.38159 11.2331 37.5224
154.7 50.6551 2.36706 11.189 37.5369
154.8 50.6109 2.35257 11.145 37.5514
154.9 50.5662 2.33815 11.1009 37.5659
155 50.5209 2.32377 11.0569 37.5802
155.1 50.475 2.30945 11.0129 37.5945
155.2 50.4285 2.29519 10.9688 37.6088
155.3 50.3814 2.28097 10.9248 37.623
155.4 50.3337 2.26682 10.8807 37.6372
155.5 50.2854 2.25271 10.8366 37.6513
155.6 50.2365 2.23866 10.7926 37.6653
155.7 50.187 2.22466 10.7485 37.6793
155.8 50.1368 2.21072 10.7045 37.6933
155.9 50.086 2.19683 10.6604 37.7072
156 50.0345 2.183 10.6163 37.721
156.1 49.9825 2.16922 10.5723 37.7348
156.2 49.9297 2.15549 10.5282 37.7485
156.3 49.8763 2.14182 10.4841 37.7622
156.4 49.8223 2.1282 10.44 37.7758
156.5 49.7675 2.11464 10.396 37.7894
156.6 49.7121 2.10113 10.3519 37.8029
156.7 49.6561 2.08767 10.3078 37.8163
156.8 49.5993 2.07427 10.2637 37.8297
156.9 49.5419 2.06092 10.2196 37.8431
157 49.4837 2.04763 10.1755 37.8564
157.1 49.4249 2.0344 10.1314 37.8696
157.2 49.3653 2.02121 10.0873 37.8828
157.3 49.305 2.00808 10.0433 37.8959
157.4 49.244 1.99501 9.99916 37.909
157.5 49.1823 1.98199 9.95506 37.922
157.6 49.1199 1.96903 9.91096 37.935
157.7 49.0567 1.95612 9.86686 37.9479
157.8 48.9927 1.94327 9.82275 37.9607
157.9 48.928 1.93047 9.77865 37.9735
158 48.8625 1.91772 9.73454 37.9863
158.1 48.7963 1.90503 9.69043 37.999
158.2 48.7293 1.8924 9.64632 38.0116
158.3 48.6615 1.87982 9.6022 38.0242
158.4 48.5929 1.86729 9.55809 38.0367
158.5 48.5236 1.85482 9.51397 38.0492
158.6 48.4534 1.84241 9.46985 38.0616
158.7 48.3824 1.83005 9.42573 38.0739
158.8 48.3106 1.81775 9.38161 38.0863
158.9 48.2379 1.8055 9.33748 38.0985
159 48.1645 1.7933 9.29335 38.1107
159.1 48.0902 1.78117 9.24922 38.1228
159.2 48.015 1.76908 9.20509 38.1349
159.3 47.939 1.75706 9.16096 38.1469
159.4 47.8621 1.74508 9.11683 38.1589
159.5 47.7844 1.73317 9.07269 38.1708
159.6 47.7057 1.72131 9.02855 38.1827
159.7 47.6262 1.7095 8.98441 38.1945
159.8 47.5458 1.69775 8.94027 38.2062
159.9 47.4645 1.68606 8.89613 38.2179
160 47.3822 1.67442 8.85198 38.2296
160.1 47.2991 1.66284 8.80784 38.2412
160.2 47.215 1.65131 8.76369 38.2527
160.3 47.13 1.63984 8.71954 38.2642
160.4 47.044 1.62842 8.67539 38.2756
160.5 46.9571 1.61706 8.63123 38.2869
160.6 46.8693 1.60576 8.58708 38.2982
160.7 46.7804 1.59451 8.54292 38.3095
160.8 46.6906 1.58332 8.49876 38.3207
160.9 46.5998 1.57218 8.4546 38.3318
161 46.5079 1.5611 8.41044 38.3429
161.1 46.4151 1.55008 8.36628 38.3539
161.2 46.3213 1.53911 8.32211 38.3649
161.3 46.2264 1.5282 8.27794 38.3758
161.4 46.1305 1.51734 8.23378 38.3867
161.5 46.0335 1.50654 8.18961 38.3975
161.6 45.9355 1.4958 8.14543 38.4082
161.7 45.8365 1.48511 8.10126 38.4189
161.8 45.7363 1.47448 8.05709 38.4295
161.9 45.6351 1.4639 8.01291 38.4401
162 45.5328 1.45338 7.96873 38.4506
162.1 45.4293 1.44292 7.92455 38.4611
162.2 45.3248 1.43252 7.88037 38.4715
162.3 45.2191 1.42217 7.83619 38.4818
162.4 45.1123 1.41187 7.792 38.4921
162.5 45.0044 1.40164 7.74782 38.5024
162.6 44.8953 1.39146 7.70363 38.5125
162.7 44.785 1.38133 7.65944 38.5227
162.8 44.6736 1.37127 7.61525 38.5327
162.9 44.561 1.36126 7.57106 38.5427
163 44.4472 1.3513 7.52687 38.5527
163.1 44.3321 1.34141 7.48267 38.5626
163.2 44.2159 1.33157 7.43848 38.5724
163.3 44.0984 1.32178 7.39428 38.5822
163.4 43.9797 1.31206 7.35008 38.5919
163.5 43.8597 1.30238 7.30588 38.6016
163.6 43.7385 1.29277 7.26168 38.6112
163.7 43.616 1.28322 7.21748 38.6208
163.8 43.4922 1.27372 7.17327 38.6303
163.9 43.3671 1.26427 7.12907 38.6397
164 43.2407 1.25489 7.08486 38.6491
164.1 43.113 1.24556 7.04065 38.6584
164.2 42.9839 1.23629 6.99644 38.6677
164.3 42.8535 1.22707 6.95223 38.6769
164.4 42.7218 1.21791 6.90802 38.6861
164.5 42.5886 1.20881 6.8638 38.6952
164.6 42.4541 1.19977 6.81959 38.7042
164.7 42.3182 1.19078 6.77537 38.7132
164.8 42.1809 1.18185 6.73115 38.7221
164.9 42.0422 1.17298 6.68693 38.731
165 41.9021 1.16417 6.64271 38.7398
165.1 41.7605 1.15541 6.59849 38.7486
165.2 41.6175 1.14671 6.55427 38.7573
165.3 41.473 1.13807 6.51004 38.7659
165.4 41.327 1.12948 6.46582 38.7745
165.5 41.1795 1.12095 6.42159 38.783
165.6 41.0305 1.11248 6.37736 38.7915
165.7 40.88 1.10407 6.33313 38.7999
165.8 40.728 1.09571 6.2889 38.8083
165.9 40.5745 1.08741 6.24467 38.8166
166 40.4194 1.07917 6.20044 38.8248
166.1 40.2627 1.07099 6.1562 38.833
166.2 40.1044 1.06286 6.11197 38.8411
166.3 39.9446 1.05479 6.06773 38.8492
166.4 39.7831 1.04678 6.02349 38.8572
166.5 39.62 1.03883 5.97925 38.8652
166.6 39.4553 1.03093 5.93501 38.8731
166.7 39.2889 1.02309 5.89077 38.8809
166.8 39.1209 1.01531 5.84653 38.8887
166.9 38.9512 1.00759 5.80229 38.8964
167 38.7799 0.999922 5.75804 38.9041
167.1 38.6068 0.992314 5.7138 38.9117
167.2 38.432 0.984764 5.66955 38.9192
167.3 38.2555 0.977272 5.6253 38.9267
167.4 38.0773 0.969838 5.58105 38.9342
167.5 37.8973 0.962461 5.5368 38.9415
167.6 37.7155 0.955142 5.49255 38.9489
167.7 37.532 0.947882 5.4483 38.9561
167.8 37.3467 0.940679 5.40405 38.9633
167.9 37.1596 0.933534 5.35979 38.9705
168 36.9707 0.926446 5.31554 38.9776
168.1 36.7799 0.919417 5.27128 38.9846
168.2 36.5873 0.912446 5.22702 38.9916
168.3 36.3928 0.905533 5.18277 38.9985
168.4 36.1965 0.898678 5.13851 39.0053
168.5 35.9983 0.891881 5.09425 39.0121
168.6 35.7982 0.885142 5.04998 39.0189
168.7 35.5962 0.878461 5.00572 39.0255
168.8 35.3923 0.871838 4.96146 39.0322
168.9 35.1865 0.865273 4.9172 39.0387
169 34.9787 0.858767 4.87293 39.0452
169.1 34.769 0.852318 4.82866 39.0517
169.2 34.5573 0.845928 4.7844 39.0581
169.3 34.3436 0.839596 4.74013 39.0644
169.4 34.128 0.833322 4.69586 39.0707
169.5 33.9103 0.827106 4.65159 39.0769
169.6 33.6907 0.820949 4.60732 39.0831
169.7 33.469 0.81485 4.56305 39.0892
169.8 33.2453 0.808809 4.51878 39.0952
169.9 33.0195 0.802827 4.4745 39.1012
170 32.7917 0.796903 4.43023 39.1071
170.1 32.5618 0.791037 4.38596 39.113
170.2 32.3299 0.785229 4.34168 39.1188
170.3 32.0959 0.77948 4.2974 39.1245
170.4 31.8597 0.77379 4.25313 39.1302
170.5 31.6215 0.768157 4.20885 39.1358
170.6 31.3812 0.762584 4.16457 39.1414
170.7 31.1387 0.757068 4.12029 39.1469
170.8 30.8942 0.751612 4.07601 39.1524
170.9 30.6474 0.746213 4.03173 39.1578
171 30.3986 0.740873 3.98745 39.1631
171.1 30.1476 0.735592 3.94316 39.1684
171.2 29.8944 0.730369 3.89888 39.1736
171.3 29.6391 0.725205 3.8546 39.1788
171.4 29.3816 0.720099 3.81031 39.1839
171.5 29.1219 0.715052 3.76603 39.1889
171.6 28.8601 0.710064 3.72174 39.1939
171.7 28.596 0.705134 3.67745 39.1989
171.8 28.3298 0.700263 3.63317 39.2037
171.9 28.0614 0.69545 3.58888 39.2085
172 27.7907 0.690696 3.54459 39.2133
172.1 27.5179 0.686001 3.5003 39.218
172.2 27.2429 0.681364 3.45601 39.2226
172.3 26.9657 0.676786 3.41172 39.2272
172.4 26.6862 0.672267 3.36742 39.2317
172.5 26.4046 0.667807 3.32313 39.2362
172.6 26.1207 0.663405 3.27884 39.2406
172.7 25.8347 0.659062 3.23455 39.2449
172.8 25.5464 0.654778 3.19025 39.2492
172.9 25.2559 0.650553 3.14596 39.2534
173 24.9632 0.646386 3.10166 39.2576
173.1 24.6684 0.642278 3.05736 39.2617
173.2 24.3713 0.638229 3.01307 39.2658
173.3 24.072 0.634239 2.96877 39.2698
173.4 23.7706 0.630308 2.92447 39.2737
173.5 23.4669 0.626436 2.88017 39.2776
173.6 23.1611 0.622622 2.83588 39.2814
173.7 22.8531 0.618867 2.79158 39.2851
173.8 22.543 0.615172 2.74728 39.2888
173.9 22.2307 0.611535 2.70298 39.2925
174 21.9162 0.607957 2.65868 39.296
174.1 21.5996 0.604438 2.61437 39.2996
174.2 21.2809 0.600978 2.57007 39.303
174.3 20.9601 0.597576 2.52577 39.3064
174.4 20.6372 0.594234 2.48147 39.3098
174.5 20.3122 0.590951 2.43716 39.313
174.6 19.9852 0.587727 2.39286 39.3163
174.7 19.656 0.584561 2.34855 39.3194
174.8 19.3249 0.581455 2.30425 39.3225
174.9 18.9917 0.578408 2.25994 39.3256
175 18.6565 0.57542 2.21564 39.3286
175.1 18.3193 0.57249 2.17133 39.3315
175.2 17.9802 0.56962 2.12703 39.3344
175.3 17.6391 0.566809 2.08272 39.3372
175.4 17.2961 0.564057 2.03841 39.3399
175.5 16.9512 0.561364 1.99411 39.3426
175.6 16.6044 0.55873 1.9498 39.3453
175.7 16.2558 0.556155 1.90549 39.3478
175.8 15.9053 0.553639 1.86118 39.3504
175.9 15.553 0.551183 1.81687 39.3528
176 15.199 0.548785 1.77256 39.3552
176.1 14.8432 0.546446 1.72825 39.3576
176.2 14.4857 0.544167 1.68394 39.3598
176.3 14.1265 0.541947 1.63963 39.3621
176.4 13.7656 0.539786 1.59532 39.3642
176.5 13.4031 0.537684 1.55101 39.3663
176.6 13.039 0.535641 1.5067 39.3684
176.7 12.6734 0.533657 1.46239 39.3703
176.8 12.3062 0.531732 1.41807 39.3723
176.9 11.9376 0.529867 1.37376 39.3741
177 11.5675 0.528061 1.32945 39.3759
177.1 11.1959 0.526314 1.28514 39.3777
177.2 10.823 0.524626 1.24082 39.3794
177.3 10.4488 0.522997 1.19651 39.381
177.4 10.0733 0.521427 1.1522 39.3826
177.5 9.69646 0.519917 1.10788 39.3841
177.6 9.31844 0.518466 1.06357 39.3855
177.7 8.93925 0.517074 1.01926 39.3869
177.8 8.55893 0.515741 0.974943 39.3883
177.9 8.17752 0.514467 0.930629 39.3895
178 7.79506 0.513253 0.886314 39.3907
178.1 7.41161 0.512098 0.842 39.3919
178.2 7.0272 0.511002 0.797685 39.393
178.3 6.64188 0.509965 0.75337 39.394
178.4 6.2557 0.508988 0.709055 39.395
178.5 5.86871 0.50807 0.664739 39.3959
178.6 5.48096 0.50721 0.620424 39.3968
178.7 5.09248 0.506411 0.576108 39.3976
178.8 4.70334 0.50567 0.531793 39.3983
178.9 4.31359 0.504989 0.487477 39.399
179 3.92326 0.504367 0.443161 39.3996
179.1 3.53242 0.503804 0.398845 39.4002
179.2 3.14111 0.5033 0.354529 39.4007
179.3 2.74938 0.502856 0.310213 39.4011
179.4 2.35729 0.502471 0.265897 39.4015
179.5 1.96489 0.502145 0.221581 39.4019
179.6 1.57223 0.501878 0.177265 39.4021
179.7 1.17935 0.501671 0.132949 39.4023
179.8 0.786322 0.501523 0.0886325 39.4025
179.9 0.393187 0.501434 0.0443163 39.4026
180 2.75894e-14 0.501404 3.10954e-15 39.4026
