#kinematics calculation of gsgs
#vertex z = 50 mm, E_reaction = 66.411 MeV
#theta_cm, theta3_lab, Ek3_lab, theta4_lab, Ek4_lab
0 0 66.411 0 0
0.1 0.0499259 66.4109 89.9499 5.05749e-05
0.2 0.0998518 66.4108 89.8999 0.000202299
0.3 0.149778 66.4105 89.8498 0.000455173
0.4 0.199704 66.4102 89.7997 0.000809195
0.5 0.249629 66.4097 89.7496 0.00126436
0.6 0.299555 66.4092 89.6996 0.00182068
0.7 0.349481 66.4085 89.6495 0.00247814
0.8 0.399407 66.4078 89.5994 0.00323674
0.9 0.449333 66.4069 89.5493 0.00409648
1 0.499259 66.4059 89.4993 0.00505736
1.1 0.549185 66.4049 89.4492 0.00611937
1.2 0.599111 66.4037 89.3991 0.00728251
1.3 0.649037 66.4025 89.349 0.00854679
1.4 0.698962 66.4011 89.299 0.00991218
1.5 0.748888 66.3996 89.2489 0.0113787
1.6 0.798814 66.3981 89.1988 0.0129463
1.7 0.84874 66.3964 89.1487 0.0146151
1.8 0.898666 66.3946 89.0987 0.0163849
1.9 0.948592 66.3927 89.0486 0.0182559
2 0.998518 66.3908 88.9985 0.0202279
2.1 1.04844 66.3887 88.9484 0.022301
2.2 1.09837 66.3865 88.8984 0.0244752
2.3 1.1483 66.3842 88.8483 0.0267505
2.4 1.19822 66.3819 88.7982 0.0291269
2.5 1.24815 66.3794 88.7481 0.0316043
2.6 1.29807 66.3768 88.6981 0.0341827
2.7 1.348 66.3741 88.648 0.0368623
2.8 1.39793 66.3714 88.5979 0.0396428
2.9 1.44785 66.3685 88.5478 0.0425244
3 1.49778 66.3655 88.4978 0.045507
3.1 1.5477 66.3624 88.4477 0.0485906
3.2 1.59763 66.3592 88.3976 0.0517752
3.3 1.64756 66.3559 88.3476 0.0550608
3.4 1.69748 66.3526 88.2975 0.0584474
3.5 1.74741 66.3491 88.2474 0.061935
3.6 1.79733 66.3455 88.1973 0.0655235
3.7 1.84726 66.3418 88.1473 0.0692129
3.8 1.89719 66.338 88.0972 0.0730033
3.9 1.94711 66.3341 88.0471 0.0768947
4 1.99704 66.3301 87.997 0.0808869
4.1 2.04696 66.326 87.947 0.0849801
4.2 2.09689 66.3218 87.8969 0.0891741
4.3 2.14682 66.3175 87.8468 0.093469
4.4 2.19674 66.3131 87.7967 0.0978648
4.5 2.24667 66.3086 87.7467 0.102361
4.6 2.29659 66.304 87.6966 0.106959
4.7 2.34652 66.2993 87.6465 0.111657
4.8 2.39645 66.2945 87.5964 0.116456
4.9 2.44637 66.2896 87.5464 0.121356
5 2.4963 66.2846 87.4963 0.126357
5.1 2.54622 66.2795 87.4462 0.131458
5.2 2.59615 66.2743 87.3961 0.136661
5.3 2.64608 66.269 87.3461 0.141964
5.4 2.696 66.2636 87.296 0.147367
5.5 2.74593 66.2581 87.2459 0.152872
5.6 2.79586 66.2525 87.1958 0.158477
5.7 2.84578 66.2468 87.1458 0.164182
5.8 2.89571 66.241 87.0957 0.169989
5.9 2.94563 66.2351 87.0456 0.175896
6 2.99556 66.2291 86.9956 0.181903
6.1 3.04549 66.223 86.9455 0.188011
6.2 3.09541 66.2168 86.8954 0.19422
6.3 3.14534 66.2105 86.8453 0.200529
6.4 3.19527 66.2041 86.7953 0.206939
6.5 3.24519 66.1976 86.7452 0.21345
6.6 3.29512 66.1909 86.6951 0.220061
6.7 3.34505 66.1842 86.645 0.226772
6.8 3.39497 66.1774 86.595 0.233584
6.9 3.4449 66.1705 86.5449 0.240496
7 3.49482 66.1635 86.4948 0.247509
7.1 3.54475 66.1564 86.4447 0.254622
7.2 3.59468 66.1492 86.3947 0.261835
7.3 3.6446 66.1419 86.3446 0.269149
7.4 3.69453 66.1344 86.2945 0.276563
7.5 3.74446 66.1269 86.2444 0.284078
7.6 3.79438 66.1193 86.1944 0.291692
7.7 3.84431 66.1116 86.1443 0.299407
7.8 3.89424 66.1038 86.0942 0.307223
7.9 3.94416 66.0959 86.0442 0.315138
8 3.99409 66.0878 85.9941 0.323154
8.1 4.04402 66.0797 85.944 0.331269
8.2 4.09394 66.0715 85.8939 0.339485
8.3 4.14387 66.0632 85.8439 0.347801
8.4 4.1938 66.0548 85.7938 0.356218
8.5 4.24372 66.0463 85.7437 0.364734
8.6 4.29365 66.0377 85.6936 0.37335
8.7 4.34358 66.0289 85.6436 0.382066
8.8 4.3935 66.0201 85.5935 0.390882
8.9 4.44343 66.0112 85.5434 0.399799
9 4.49336 66.0022 85.4933 0.408815
9.1 4.54328 65.9931 85.4433 0.417931
9.2 4.59321 65.9839 85.3932 0.427147
9.3 4.64314 65.9745 85.3431 0.436463
9.4 4.69306 65.9651 85.2931 0.445878
9.5 4.74299 65.9556 85.243 0.455393
9.6 4.79292 65.946 85.1929 0.465009
9.7 4.84284 65.9363 85.1428 0.474723
9.8 4.89277 65.9265 85.0928 0.484538
9.9 4.9427 65.9165 85.0427 0.494452
10 4.99263 65.9065 84.9926 0.504466
10.1 5.04255 65.8964 84.9425 0.51458
10.2 5.09248 65.8862 84.8925 0.524793
10.3 5.14241 65.8759 84.8424 0.535105
10.4 5.19233 65.8655 84.7923 0.545518
10.5 5.24226 65.855 84.7422 0.556029
10.6 5.29219 65.8444 84.6922 0.56664
10.7 5.34211 65.8336 84.6421 0.577351
10.8 5.39204 65.8228 84.592 0.588161
10.9 5.44197 65.8119 84.542 0.59907
11 5.4919 65.8009 84.4919 0.610079
11.1 5.54182 65.7898 84.4418 0.621186
11.2 5.59175 65.7786 84.3917 0.632394
11.3 5.64168 65.7673 84.3417 0.6437
11.4 5.69161 65.7559 84.2916 0.655106
11.5 5.74153 65.7444 84.2415 0.66661
11.6 5.79146 65.7328 84.1914 0.678214
11.7 5.84139 65.7211 84.1414 0.689917
11.8 5.89132 65.7093 84.0913 0.701719
11.9 5.94124 65.6974 84.0412 0.71362
12 5.99117 65.6854 83.9912 0.72562
12.1 6.0411 65.6733 83.9411 0.737719
12.2 6.09103 65.6611 83.891 0.749917
12.3 6.14095 65.6488 83.8409 0.762213
12.4 6.19088 65.6364 83.7909 0.774609
12.5 6.24081 65.6239 83.7408 0.787103
12.6 6.29074 65.6113 83.6907 0.799696
12.7 6.34066 65.5986 83.6406 0.812388
12.8 6.39059 65.5858 83.5906 0.825178
12.9 6.44052 65.5729 83.5405 0.838067
13 6.49045 65.5599 83.4904 0.851055
13.1 6.54037 65.5469 83.4404 0.864141
13.2 6.5903 65.5337 83.3903 0.877326
13.3 6.64023 65.5204 83.3402 0.890609
13.4 6.69016 65.507 83.2901 0.903991
13.5 6.74009 65.4935 83.2401 0.917471
13.6 6.79001 65.48 83.19 0.931049
13.7 6.83994 65.4663 83.1399 0.944726
13.8 6.88987 65.4525 83.0899 0.958501
13.9 6.9398 65.4386 83.0398 0.972374
14 6.98973 65.4247 82.9897 0.986345
14.1 7.03965 65.4106 82.9396 1.00041
14.2 7.08958 65.3964 82.8896 1.01458
14.3 7.13951 65.3822 82.8395 1.02885
14.4 7.18944 65.3678 82.7894 1.04321
14.5 7.23937 65.3533 82.7394 1.05767
14.6 7.28929 65.3388 82.6893 1.07223
14.7 7.33922 65.3241 82.6392 1.08689
14.8 7.38915 65.3094 82.5891 1.10165
14.9 7.43908 65.2945 82.5391 1.1165
15 7.48901 65.2796 82.489 1.13145
15.1 7.53894 65.2645 82.4389 1.1465
15.2 7.58887 65.2494 82.3888 1.16164
15.3 7.63879 65.2341 82.3388 1.17689
15.4 7.68872 65.2188 82.2887 1.19223
15.5 7.73865 65.2033 82.2386 1.20767
15.6 7.78858 65.1878 82.1886 1.22321
15.7 7.83851 65.1722 82.1385 1.23884
15.8 7.88844 65.1564 82.0884 1.25457
15.9 7.93837 65.1406 82.0383 1.2704
16 7.98829 65.1247 81.9883 1.28632
16.1 8.03822 65.1087 81.9382 1.30235
16.2 8.08815 65.0925 81.8881 1.31847
16.3 8.13808 65.0763 81.8381 1.33469
16.4 8.18801 65.06 81.788 1.351
16.5 8.23794 65.0436 81.7379 1.36741
16.6 8.28787 65.0271 81.6878 1.38392
16.7 8.3378 65.0105 81.6378 1.40053
16.8 8.38772 64.9938 81.5877 1.41723
16.9 8.43765 64.977 81.5376 1.43403
17 8.48758 64.9601 81.4876 1.45092
17.1 8.53751 64.9431 81.4375 1.46792
17.2 8.58744 64.926 81.3874 1.485
17.3 8.63737 64.9088 81.3374 1.50219
17.4 8.6873 64.8915 81.2873 1.51947
17.5 8.73723 64.8741 81.2372 1.53685
17.6 8.78716 64.8567 81.1871 1.55433
17.7 8.83709 64.8391 81.1371 1.5719
17.8 8.88702 64.8214 81.087 1.58957
17.9 8.93695 64.8037 81.0369 1.60733
18 8.98688 64.7858 80.9869 1.62519
18.1 9.03681 64.7679 80.9368 1.64315
18.2 9.08674 64.7498 80.8867 1.6612
18.3 9.13666 64.7316 80.8366 1.67935
18.4 9.18659 64.7134 80.7866 1.6976
18.5 9.23652 64.6951 80.7365 1.71594
18.6 9.28645 64.6766 80.6864 1.73438
18.7 9.33638 64.6581 80.6364 1.75291
18.8 9.38631 64.6395 80.5863 1.77154
18.9 9.43624 64.6207 80.5362 1.79026
19 9.48617 64.6019 80.4862 1.80908
19.1 9.5361 64.583 80.4361 1.828
19.2 9.58603 64.564 80.386 1.84701
19.3 9.63596 64.5449 80.3359 1.86612
19.4 9.68589 64.5257 80.2859 1.88532
19.5 9.73582 64.5064 80.2358 1.90462
19.6 9.78575 64.487 80.1857 1.92401
19.7 9.83568 64.4675 80.1357 1.9435
19.8 9.88561 64.4479 80.0856 1.96308
19.9 9.93554 64.4282 80.0355 1.98276
20 9.98547 64.4085 79.9855 2.00254
20.1 10.0354 64.3886 79.9354 2.02241
20.2 10.0853 64.3686 79.8853 2.04237
20.3 10.1353 64.3486 79.8352 2.06243
20.4 10.1852 64.3284 79.7852 2.08258
20.5 10.2351 64.3082 79.7351 2.10283
20.6 10.2851 64.2878 79.685 2.12318
20.7 10.335 64.2674 79.635 2.14361
20.8 10.3849 64.2469 79.5849 2.16415
20.9 10.4348 64.2262 79.5348 2.18477
21 10.4848 64.2055 79.4848 2.2055
21.1 10.5347 64.1847 79.4347 2.22631
21.2 10.5846 64.1638 79.3846 2.24722
21.3 10.6346 64.1428 79.3346 2.26823
21.4 10.6845 64.1217 79.2845 2.28933
21.5 10.7344 64.1005 79.2344 2.31052
21.6 10.7844 64.0792 79.1843 2.33181
21.7 10.8343 64.0578 79.1343 2.35319
21.8 10.8842 64.0363 79.0842 2.37466
21.9 10.9342 64.0148 79.0341 2.39623
22 10.9841 63.9931 78.9841 2.4179
22.1 11.034 63.9713 78.934 2.43965
22.2 11.084 63.9495 78.8839 2.4615
22.3 11.1339 63.9276 78.8339 2.48345
22.4 11.1838 63.9055 78.7838 2.50549
22.5 11.2337 63.8834 78.7337 2.52762
22.6 11.2837 63.8612 78.6837 2.54984
22.7 11.3336 63.8388 78.6336 2.57216
22.8 11.3835 63.8164 78.5835 2.59457
22.9 11.4335 63.7939 78.5335 2.61708
23 11.4834 63.7713 78.4834 2.63968
23.1 11.5333 63.7486 78.4333 2.66237
23.2 11.5833 63.7258 78.3832 2.68515
23.3 11.6332 63.703 78.3332 2.70803
23.4 11.6831 63.68 78.2831 2.731
23.5 11.7331 63.6569 78.233 2.75406
23.6 11.783 63.6338 78.183 2.77722
23.7 11.8329 63.6105 78.1329 2.80047
23.8 11.8829 63.5872 78.0828 2.82381
23.9 11.9328 63.5638 78.0328 2.84724
24 11.9827 63.5402 77.9827 2.87077
24.1 12.0327 63.5166 77.9326 2.89438
24.2 12.0826 63.4929 77.8826 2.9181
24.3 12.1325 63.4691 77.8325 2.9419
24.4 12.1825 63.4452 77.7824 2.96579
24.5 12.2324 63.4212 77.7324 2.98978
24.6 12.2823 63.3971 77.6823 3.01386
24.7 12.3323 63.373 77.6322 3.03803
24.8 12.3822 63.3487 77.5822 3.06229
24.9 12.4321 63.3244 77.5321 3.08665
25 12.4821 63.2999 77.482 3.1111
25.1 12.532 63.2754 77.432 3.13564
25.2 12.5819 63.2507 77.3819 3.16027
25.3 12.6318 63.226 77.3318 3.18499
25.4 12.6818 63.2012 77.2818 3.2098
25.5 12.7317 63.1763 77.2317 3.2347
25.6 12.7816 63.1513 77.1816 3.2597
25.7 12.8316 63.1262 77.1316 3.28479
25.8 12.8815 63.101 77.0815 3.30997
25.9 12.9314 63.0758 77.0314 3.33523
26 12.9814 63.0504 76.9814 3.36059
26.1 13.0313 63.025 76.9313 3.38605
26.2 13.0812 62.9994 76.8812 3.41159
26.3 13.1312 62.9738 76.8312 3.43722
26.4 13.1811 62.9481 76.7811 3.46294
26.5 13.231 62.9222 76.731 3.48876
26.6 13.281 62.8963 76.681 3.51466
26.7 13.3309 62.8703 76.6309 3.54066
26.8 13.3809 62.8443 76.5808 3.56674
26.9 13.4308 62.8181 76.5308 3.59292
27 13.4807 62.7918 76.4807 3.61918
27.1 13.5307 62.7655 76.4306 3.64554
27.2 13.5806 62.739 76.3806 3.67198
27.3 13.6305 62.7125 76.3305 3.69852
27.4 13.6805 62.6859 76.2804 3.72515
27.5 13.7304 62.6591 76.2304 3.75186
27.6 13.7803 62.6323 76.1803 3.77867
27.7 13.8303 62.6054 76.1302 3.80556
27.8 13.8802 62.5785 76.0802 3.83255
27.9 13.9301 62.5514 76.0301 3.85962
28 13.9801 62.5242 75.98 3.88678
28.1 14.03 62.497 75.93 3.91404
28.2 14.0799 62.4696 75.8799 3.94138
28.3 14.1299 62.4422 75.8298 3.96881
28.4 14.1798 62.4147 75.7798 3.99633
28.5 14.2297 62.3871 75.7297 4.02394
28.6 14.2797 62.3594 75.6796 4.05164
28.7 14.3296 62.3316 75.6296 4.07942
28.8 14.3795 62.3037 75.5795 4.1073
28.9 14.4295 62.2757 75.5294 4.13526
29 14.4794 62.2477 75.4794 4.16332
29.1 14.5293 62.2195 75.4293 4.19146
29.2 14.5793 62.1913 75.3793 4.21969
29.3 14.6292 62.163 75.3292 4.248
29.4 14.6792 62.1346 75.2791 4.27641
29.5 14.7291 62.1061 75.2291 4.3049
29.6 14.779 62.0775 75.179 4.33349
29.7 14.829 62.0488 75.1289 4.36216
29.8 14.8789 62.0201 75.0789 4.39091
29.9 14.9288 61.9912 75.0288 4.41976
30 14.9788 61.9623 74.9787 4.44869
30.1 15.0287 61.9333 74.9287 4.47771
30.2 15.0786 61.9042 74.8786 4.50682
30.3 15.1286 61.875 74.8285 4.53602
30.4 15.1785 61.8457 74.7785 4.5653
30.5 15.2284 61.8163 74.7284 4.59467
30.6 15.2784 61.7869 74.6784 4.62413
30.7 15.3283 61.7573 74.6283 4.65368
30.8 15.3783 61.7277 74.5782 4.68331
30.9 15.4282 61.698 74.5282 4.71303
31 15.4781 61.6682 74.4781 4.74283
31.1 15.5281 61.6383 74.428 4.77272
31.2 15.578 61.6083 74.378 4.8027
31.3 15.6279 61.5782 74.3279 4.83277
31.4 15.6779 61.5481 74.2778 4.86292
31.5 15.7278 61.5178 74.2278 4.89316
31.6 15.7777 61.4875 74.1777 4.92348
31.7 15.8277 61.4571 74.1277 4.95389
31.8 15.8776 61.4266 74.0776 4.98439
31.9 15.9276 61.396 74.0275 5.01497
32 15.9775 61.3654 73.9775 5.04564
32.1 16.0274 61.3346 73.9274 5.07639
32.2 16.0774 61.3038 73.8773 5.10723
32.3 16.1273 61.2728 73.8273 5.13816
32.4 16.1772 61.2418 73.7772 5.16917
32.5 16.2272 61.2107 73.7272 5.20027
32.6 16.2771 61.1796 73.6771 5.23145
32.7 16.3271 61.1483 73.627 5.26271
32.8 16.377 61.1169 73.577 5.29407
32.9 16.4269 61.0855 73.5269 5.3255
33 16.4769 61.054 73.4768 5.35702
33.1 16.5268 61.0224 73.4268 5.38863
33.2 16.5767 60.9907 73.3767 5.42032
33.3 16.6267 60.9589 73.3267 5.4521
33.4 16.6766 60.927 73.2766 5.48396
33.5 16.7266 60.8951 73.2265 5.5159
33.6 16.7765 60.8631 73.1765 5.54793
33.7 16.8264 60.831 73.1264 5.58005
33.8 16.8764 60.7988 73.0763 5.61225
33.9 16.9263 60.7665 73.0263 5.64453
34 16.9762 60.7341 72.9762 5.67689
34.1 17.0262 60.7017 72.9262 5.70934
34.2 17.0761 60.6691 72.8761 5.74188
34.3 17.1261 60.6365 72.826 5.77449
34.4 17.176 60.6038 72.776 5.80719
34.5 17.2259 60.571 72.7259 5.83998
34.6 17.2759 60.5382 72.6759 5.87285
34.7 17.3258 60.5052 72.6258 5.9058
34.8 17.3758 60.4722 72.5757 5.93883
34.9 17.4257 60.4391 72.5257 5.97195
35 17.4756 60.4059 72.4756 6.00515
35.1 17.5256 60.3726 72.4255 6.03843
35.2 17.5755 60.3392 72.3755 6.0718
35.3 17.6255 60.3058 72.3254 6.10524
35.4 17.6754 60.2722 72.2754 6.13877
35.5 17.7253 60.2386 72.2253 6.17239
35.6 17.7753 60.2049 72.1752 6.20608
35.7 17.8252 60.1711 72.1252 6.23986
35.8 17.8752 60.1373 72.0751 6.27372
35.9 17.9251 60.1033 72.0251 6.30766
36 17.975 60.0693 71.975 6.34169
36.1 18.025 60.0352 71.9249 6.37579
36.2 18.0749 60.001 71.8749 6.40998
36.3 18.1249 59.9668 71.8248 6.44425
36.4 18.1748 59.9324 71.7748 6.4786
36.5 18.2247 59.898 71.7247 6.51303
36.6 18.2747 59.8635 71.6746 6.54754
36.7 18.3246 59.8289 71.6246 6.58214
36.8 18.3746 59.7942 71.5745 6.61681
36.9 18.4245 59.7594 71.5245 6.65157
37 18.4744 59.7246 71.4744 6.68641
37.1 18.5244 59.6897 71.4243 6.72133
37.2 18.5743 59.6547 71.3743 6.75633
37.3 18.6243 59.6196 71.3242 6.79141
37.4 18.6742 59.5844 71.2742 6.82657
37.5 18.7241 59.5492 71.2241 6.86181
37.6 18.7741 59.5139 71.1741 6.89713
37.7 18.824 59.4785 71.124 6.93253
37.8 18.874 59.443 71.0739 6.96801
37.9 18.9239 59.4074 71.0239 7.00357
38 18.9738 59.3718 70.9738 7.03921
38.1 19.0238 59.3361 70.9238 7.07493
38.2 19.0737 59.3003 70.8737 7.11073
38.3 19.1237 59.2644 70.8236 7.14661
38.4 19.1736 59.2284 70.7736 7.18257
38.5 19.2236 59.1924 70.7235 7.2186
38.6 19.2735 59.1563 70.6735 7.25472
38.7 19.3234 59.1201 70.6234 7.29092
38.8 19.3734 59.0838 70.5734 7.32719
38.9 19.4233 59.0475 70.5233 7.36355
39 19.4733 59.011 70.4732 7.39998
39.1 19.5232 58.9745 70.4232 7.43649
39.2 19.5732 58.9379 70.3731 7.47308
39.3 19.6231 58.9013 70.3231 7.50975
39.4 19.673 58.8645 70.273 7.5465
39.5 19.723 58.8277 70.223 7.58332
39.6 19.7729 58.7908 70.1729 7.62022
39.7 19.8229 58.7538 70.1228 7.6572
39.8 19.8728 58.7167 70.0728 7.69426
39.9 19.9228 58.6796 70.0227 7.7314
40 19.9727 58.6424 69.9727 7.76861
40.1 20.0226 58.6051 69.9226 7.8059
40.2 20.0726 58.5677 69.8726 7.84327
40.3 20.1225 58.5303 69.8225 7.88072
40.4 20.1725 58.4928 69.7724 7.91824
40.5 20.2224 58.4552 69.7224 7.95584
40.6 20.2724 58.4175 69.6723 7.99352
40.7 20.3223 58.3797 69.6223 8.03127
40.8 20.3722 58.3419 69.5722 8.0691
40.9 20.4222 58.304 69.5222 8.10701
41 20.4721 58.266 69.4721 8.14499
41.1 20.5221 58.2279 69.422 8.18305
41.2 20.572 58.1898 69.372 8.22119
41.3 20.622 58.1516 69.3219 8.2594
41.4 20.6719 58.1133 69.2719 8.29769
41.5 20.7219 58.0749 69.2218 8.33605
41.6 20.7718 58.0365 69.1718 8.37449
41.7 20.8217 57.998 69.1217 8.41301
41.8 20.8717 57.9594 69.0717 8.4516
41.9 20.9216 57.9207 69.0216 8.49026
42 20.9716 57.882 68.9715 8.529
42.1 21.0215 57.8432 68.9215 8.56782
42.2 21.0715 57.8043 68.8714 8.60671
42.3 21.1214 57.7653 68.8214 8.64568
42.4 21.1714 57.7263 68.7713 8.68472
42.5 21.2213 57.6872 68.7213 8.72384
42.6 21.2712 57.648 68.6712 8.76303
42.7 21.3212 57.6087 68.6212 8.80229
42.8 21.3711 57.5694 68.5711 8.84163
42.9 21.4211 57.53 68.5211 8.88105
43 21.471 57.4905 68.471 8.92053
43.1 21.521 57.4509 68.4209 8.9601
43.2 21.5709 57.4113 68.3709 8.99973
43.3 21.6209 57.3716 68.3208 9.03944
43.4 21.6708 57.3318 68.2708 9.07922
43.5 21.7208 57.2919 68.2207 9.11908
43.6 21.7707 57.252 68.1707 9.15901
43.7 21.8207 57.212 68.1206 9.19901
43.8 21.8706 57.1719 68.0706 9.23909
43.9 21.9205 57.1318 68.0205 9.27924
44 21.9705 57.0915 67.9705 9.31946
44.1 22.0204 57.0512 67.9204 9.35976
44.2 22.0704 57.0109 67.8704 9.40012
44.3 22.1203 56.9704 67.8203 9.44056
44.4 22.1703 56.9299 67.7702 9.48108
44.5 22.2202 56.8893 67.7202 9.52166
44.6 22.2702 56.8487 67.6701 9.56232
44.7 22.3201 56.808 67.6201 9.60305
44.8 22.3701 56.7672 67.57 9.64385
44.9 22.42 56.7263 67.52 9.68472
45 22.47 56.6853 67.4699 9.72567
45.1 22.5199 56.6443 67.4199 9.76668
45.2 22.5699 56.6032 67.3698 9.80777
45.3 22.6198 56.5621 67.3198 9.84893
45.4 22.6698 56.5208 67.2697 9.89016
45.5 22.7197 56.4795 67.2197 9.93146
45.6 22.7697 56.4382 67.1696 9.97283
45.7 22.8196 56.3967 67.1196 10.0143
45.8 22.8695 56.3552 67.0695 10.0558
45.9 22.9195 56.3136 67.0195 10.0974
46 22.9694 56.272 66.9694 10.139
46.1 23.0194 56.2303 66.9194 10.1807
46.2 23.0693 56.1885 66.8693 10.2225
46.3 23.1193 56.1466 66.8193 10.2644
46.4 23.1692 56.1047 66.7692 10.3063
46.5 23.2192 56.0627 66.7192 10.3483
46.6 23.2691 56.0206 66.6691 10.3904
46.7 23.3191 55.9784 66.6191 10.4326
46.8 23.369 55.9362 66.569 10.4748
46.9 23.419 55.8939 66.519 10.5171
47 23.4689 55.8516 66.4689 10.5594
47.1 23.5189 55.8092 66.4189 10.6018
47.2 23.5688 55.7667 66.3688 10.6443
47.3 23.6188 55.7241 66.3188 10.6869
47.4 23.6687 55.6815 66.2687 10.7295
47.5 23.7187 55.6388 66.2187 10.7722
47.6 23.7686 55.596 66.1686 10.815
47.7 23.8186 55.5532 66.1186 10.8578
47.8 23.8685 55.5103 66.0685 10.9007
47.9 23.9185 55.4674 66.0185 10.9436
48 23.9684 55.4243 65.9684 10.9867
48.1 24.0184 55.3812 65.9184 11.0298
48.2 24.0683 55.338 65.8683 11.073
48.3 24.1183 55.2948 65.8183 11.1162
48.4 24.1682 55.2515 65.7682 11.1595
48.5 24.2182 55.2081 65.7182 11.2029
48.6 24.2681 55.1647 65.6681 11.2463
48.7 24.3181 55.1212 65.6181 11.2898
48.8 24.368 55.0776 65.568 11.3334
48.9 24.418 55.034 65.518 11.377
49 24.4679 54.9903 65.4679 11.4207
49.1 24.5179 54.9465 65.4179 11.4645
49.2 24.5678 54.9027 65.3678 11.5083
49.3 24.6178 54.8588 65.3178 11.5522
49.4 24.6677 54.8148 65.2677 11.5962
49.5 24.7177 54.7707 65.2177 11.6403
49.6 24.7677 54.7266 65.1676 11.6844
49.7 24.8176 54.6825 65.1176 11.7285
49.8 24.8676 54.6382 65.0675 11.7728
49.9 24.9175 54.5939 65.0175 11.8171
50 24.9675 54.5496 64.9674 11.8614
50.1 25.0174 54.5052 64.9174 11.9058
50.2 25.0674 54.4607 64.8673 11.9503
50.3 25.1173 54.4161 64.8173 11.9949
50.4 25.1673 54.3715 64.7672 12.0395
50.5 25.2172 54.3268 64.7172 12.0842
50.6 25.2672 54.282 64.6671 12.129
50.7 25.3171 54.2372 64.6171 12.1738
50.8 25.3671 54.1923 64.567 12.2187
50.9 25.417 54.1474 64.517 12.2636
51 25.467 54.1024 64.467 12.3086
51.1 25.5169 54.0573 64.4169 12.3537
51.2 25.5669 54.0122 64.3669 12.3988
51.3 25.6168 53.967 64.3168 12.444
51.4 25.6668 53.9217 64.2668 12.4893
51.5 25.7168 53.8764 64.2167 12.5346
51.6 25.7667 53.831 64.1667 12.58
51.7 25.8167 53.7856 64.1166 12.6254
51.8 25.8666 53.7401 64.0666 12.6709
51.9 25.9166 53.6945 64.0165 12.7165
52 25.9665 53.6488 63.9665 12.7622
52.1 26.0165 53.6031 63.9164 12.8079
52.2 26.0664 53.5574 63.8664 12.8536
52.3 26.1164 53.5116 63.8164 12.8994
52.4 26.1663 53.4657 63.7663 12.9453
52.5 26.2163 53.4197 63.7163 12.9913
52.6 26.2663 53.3737 63.6662 13.0373
52.7 26.3162 53.3276 63.6162 13.0834
52.8 26.3662 53.2815 63.5661 13.1295
52.9 26.4161 53.2353 63.5161 13.1757
53 26.4661 53.1891 63.466 13.2219
53.1 26.516 53.1428 63.416 13.2682
53.2 26.566 53.0964 63.366 13.3146
53.3 26.6159 53.0499 63.3159 13.3611
53.4 26.6659 53.0034 63.2659 13.4076
53.5 26.7159 52.9569 63.2158 13.4541
53.6 26.7658 52.9103 63.1658 13.5007
53.7 26.8158 52.8636 63.1157 13.5474
53.8 26.8657 52.8169 63.0657 13.5941
53.9 26.9157 52.7701 63.0156 13.6409
54 26.9656 52.7232 62.9656 13.6878
54.1 27.0156 52.6763 62.9156 13.7347
54.2 27.0655 52.6293 62.8655 13.7817
54.3 27.1155 52.5823 62.8155 13.8287
54.4 27.1655 52.5352 62.7654 13.8758
54.5 27.2154 52.488 62.7154 13.923
54.6 27.2654 52.4408 62.6653 13.9702
54.7 27.3153 52.3936 62.6153 14.0174
54.8 27.3653 52.3462 62.5653 14.0648
54.9 27.4152 52.2988 62.5152 14.1122
55 27.4652 52.2514 62.4652 14.1596
55.1 27.5152 52.2039 62.4151 14.2071
55.2 27.5651 52.1563 62.3651 14.2547
55.3 27.6151 52.1087 62.315 14.3023
55.4 27.665 52.061 62.265 14.35
55.5 27.715 52.0133 62.215 14.3977
55.6 27.7649 51.9655 62.1649 14.4455
55.7 27.8149 51.9177 62.1149 14.4933
55.8 27.8649 51.8698 62.0648 14.5412
55.9 27.9148 51.8218 62.0148 14.5892
56 27.9648 51.7738 61.9648 14.6372
56.1 28.0147 51.7257 61.9147 14.6853
56.2 28.0647 51.6776 61.8647 14.7334
56.3 28.1147 51.6294 61.8146 14.7816
56.4 28.1646 51.5811 61.7646 14.8299
56.5 28.2146 51.5328 61.7145 14.8782
56.6 28.2645 51.4845 61.6645 14.9265
56.7 28.3145 51.4361 61.6145 14.9749
56.8 28.3645 51.3876 61.5644 15.0234
56.9 28.4144 51.3391 61.5144 15.0719
57 28.4644 51.2905 61.4643 15.1205
57.1 28.5143 51.2419 61.4143 15.1691
57.2 28.5643 51.1932 61.3643 15.2178
57.3 28.6143 51.1444 61.3142 15.2666
57.4 28.6642 51.0957 61.2642 15.3153
57.5 28.7142 51.0468 61.2141 15.3642
57.6 28.7641 50.9979 61.1641 15.4131
57.7 28.8141 50.9489 61.1141 15.4621
57.8 28.8641 50.8999 61.064 15.5111
57.9 28.914 50.8509 61.014 15.5601
58 28.964 50.8017 60.9639 15.6093
58.1 29.0139 50.7526 60.9139 15.6584
58.2 29.0639 50.7033 60.8639 15.7077
58.3 29.1139 50.654 60.8138 15.757
58.4 29.1638 50.6047 60.7638 15.8063
58.5 29.2138 50.5553 60.7137 15.8557
58.6 29.2637 50.5059 60.6637 15.9051
58.7 29.3137 50.4564 60.6137 15.9546
58.8 29.3637 50.4068 60.5636 16.0042
58.9 29.4136 50.3572 60.5136 16.0538
59 29.4636 50.3076 60.4636 16.1034
59.1 29.5135 50.2579 60.4135 16.1531
59.2 29.5635 50.2081 60.3635 16.2029
59.3 29.6135 50.1583 60.3134 16.2527
59.4 29.6634 50.1085 60.2634 16.3025
59.5 29.7134 50.0586 60.2134 16.3524
59.6 29.7634 50.0086 60.1633 16.4024
59.7 29.8133 49.9586 60.1133 16.4524
59.8 29.8633 49.9085 60.0633 16.5025
59.9 29.9132 49.8584 60.0132 16.5526
60 29.9632 49.8083 59.9632 16.6028
60.1 30.0132 49.758 59.9131 16.653
60.2 30.0631 49.7078 59.8631 16.7032
60.3 30.1131 49.6575 59.8131 16.7535
60.4 30.1631 49.6071 59.763 16.8039
60.5 30.213 49.5567 59.713 16.8543
60.6 30.263 49.5062 59.663 16.9048
60.7 30.313 49.4557 59.6129 16.9553
60.8 30.3629 49.4051 59.5629 17.0059
60.9 30.4129 49.3545 59.5129 17.0565
61 30.4628 49.3038 59.4628 17.1072
61.1 30.5128 49.2531 59.4128 17.1579
61.2 30.5628 49.2024 59.3627 17.2086
61.3 30.6127 49.1516 59.3127 17.2594
61.4 30.6627 49.1007 59.2627 17.3103
61.5 30.7127 49.0498 59.2126 17.3612
61.6 30.7626 48.9988 59.1626 17.4122
61.7 30.8126 48.9478 59.1126 17.4632
61.8 30.8626 48.8968 59.0625 17.5142
61.9 30.9125 48.8457 59.0125 17.5653
62 30.9625 48.7945 58.9625 17.6165
62.1 31.0125 48.7433 58.9124 17.6677
62.2 31.0624 48.6921 58.8624 17.7189
62.3 31.1124 48.6408 58.8124 17.7702
62.4 31.1623 48.5895 58.7623 17.8215
62.5 31.2123 48.5381 58.7123 17.8729
62.6 31.2623 48.4867 58.6623 17.9243
62.7 31.3122 48.4352 58.6122 17.9758
62.8 31.3622 48.3837 58.5622 18.0273
62.9 31.4122 48.3321 58.5122 18.0789
63 31.4621 48.2805 58.4621 18.1305
63.1 31.5121 48.2288 58.4121 18.1822
63.2 31.5621 48.1771 58.3621 18.2339
63.3 31.612 48.1254 58.312 18.2856
63.4 31.662 48.0736 58.262 18.3374
63.5 31.712 48.0217 58.212 18.3893
63.6 31.7619 47.9698 58.1619 18.4412
63.7 31.8119 47.9179 58.1119 18.4931
63.8 31.8619 47.8659 58.0619 18.5451
63.9 31.9118 47.8139 58.0118 18.5971
64 31.9618 47.7618 57.9618 18.6492
64.1 32.0118 47.7097 57.9118 18.7013
64.2 32.0617 47.6576 57.8617 18.7534
64.3 32.1117 47.6054 57.8117 18.8056
64.4 32.1617 47.5531 57.7617 18.8579
64.5 32.2117 47.5008 57.7116 18.9102
64.6 32.2616 47.4485 57.6616 18.9625
64.7 32.3116 47.3961 57.6116 19.0149
64.8 32.3616 47.3437 57.5615 19.0673
64.9 32.4115 47.2913 57.5115 19.1197
65 32.4615 47.2388 57.4615 19.1722
65.1 32.5115 47.1862 57.4114 19.2248
65.2 32.5614 47.1336 57.3614 19.2774
65.3 32.6114 47.081 57.3114 19.33
65.4 32.6614 47.0283 57.2613 19.3827
65.5 32.7113 46.9756 57.2113 19.4354
65.6 32.7613 46.9228 57.1613 19.4882
65.7 32.8113 46.87 57.1113 19.541
65.8 32.8612 46.8172 57.0612 19.5938
65.9 32.9112 46.7643 57.0112 19.6467
66 32.9612 46.7114 56.9612 19.6996
66.1 33.0112 46.6584 56.9111 19.7526
66.2 33.0611 46.6054 56.8611 19.8056
66.3 33.1111 46.5524 56.8111 19.8586
66.4 33.1611 46.4993 56.761 19.9117
66.5 33.211 46.4462 56.711 19.9648
66.6 33.261 46.393 56.661 20.018
66.7 33.311 46.3398 56.611 20.0712
66.8 33.3609 46.2865 56.5609 20.1245
66.9 33.4109 46.2333 56.5109 20.1777
67 33.4609 46.1799 56.4609 20.2311
67.1 33.5109 46.1266 56.4108 20.2844
67.2 33.5608 46.0731 56.3608 20.3379
67.3 33.6108 46.0197 56.3108 20.3913
67.4 33.6608 45.9662 56.2608 20.4448
67.5 33.7107 45.9127 56.2107 20.4983
67.6 33.7607 45.8591 56.1607 20.5519
67.7 33.8107 45.8055 56.1107 20.6055
67.8 33.8607 45.7519 56.0606 20.6591
67.9 33.9106 45.6982 56.0106 20.7128
68 33.9606 45.6445 55.9606 20.7665
68.1 34.0106 45.5907 55.9106 20.8203
68.2 34.0606 45.537 55.8605 20.874
68.3 34.1105 45.4831 55.8105 20.9279
68.4 34.1605 45.4293 55.7605 20.9817
68.5 34.2105 45.3754 55.7104 21.0356
68.6 34.2604 45.3214 55.6604 21.0896
68.7 34.3104 45.2674 55.6104 21.1436
68.8 34.3604 45.2134 55.5604 21.1976
68.9 34.4104 45.1594 55.5103 21.2516
69 34.4603 45.1053 55.4603 21.3057
69.1 34.5103 45.0512 55.4103 21.3598
69.2 34.5603 44.997 55.3603 21.414
69.3 34.6103 44.9428 55.3102 21.4682
69.4 34.6602 44.8886 55.2602 21.5224
69.5 34.7102 44.8343 55.2102 21.5767
69.6 34.7602 44.78 55.1602 21.631
69.7 34.8102 44.7257 55.1101 21.6853
69.8 34.8601 44.6713 55.0601 21.7397
69.9 34.9101 44.6169 55.0101 21.7941
70 34.9601 44.5624 54.9601 21.8486
70.1 35.01 44.508 54.91 21.903
70.2 35.06 44.4535 54.86 21.9575
70.3 35.11 44.3989 54.81 22.0121
70.4 35.16 44.3443 54.76 22.0667
70.5 35.2099 44.2897 54.7099 22.1213
70.6 35.2599 44.2351 54.6599 22.1759
70.7 35.3099 44.1804 54.6099 22.2306
70.8 35.3599 44.1257 54.5599 22.2853
70.9 35.4098 44.0709 54.5098 22.3401
71 35.4598 44.0162 54.4598 22.3948
71.1 35.5098 43.9613 54.4098 22.4497
71.2 35.5598 43.9065 54.3598 22.5045
71.3 35.6098 43.8516 54.3097 22.5594
71.4 35.6597 43.7967 54.2597 22.6143
71.5 35.7097 43.7418 54.2097 22.6692
71.6 35.7597 43.6868 54.1597 22.7242
71.7 35.8097 43.6318 54.1096 22.7792
71.8 35.8596 43.5767 54.0596 22.8343
71.9 35.9096 43.5217 54.0096 22.8893
72 35.9596 43.4666 53.9596 22.9444
72.1 36.0096 43.4114 53.9095 22.9996
72.2 36.0595 43.3563 53.8595 23.0547
72.3 36.1095 43.3011 53.8095 23.1099
72.4 36.1595 43.2458 53.7595 23.1652
72.5 36.2095 43.1906 53.7095 23.2204
72.6 36.2595 43.1353 53.6594 23.2757
72.7 36.3094 43.08 53.6094 23.331
72.8 36.3594 43.0246 53.5594 23.3864
72.9 36.4094 42.9693 53.5094 23.4417
73 36.4594 42.9138 53.4593 23.4972
73.1 36.5093 42.8584 53.4093 23.5526
73.2 36.5593 42.8029 53.3593 23.6081
73.3 36.6093 42.7474 53.3093 23.6636
73.4 36.6593 42.6919 53.2593 23.7191
73.5 36.7093 42.6364 53.2092 23.7746
73.6 36.7592 42.5808 53.1592 23.8302
73.7 36.8092 42.5252 53.1092 23.8858
73.8 36.8592 42.4695 53.0592 23.9415
73.9 36.9092 42.4139 53.0092 23.9971
74 36.9592 42.3582 52.9591 24.0528
74.1 37.0091 42.3025 52.9091 24.1085
74.2 37.0591 42.2467 52.8591 24.1643
74.3 37.1091 42.1909 52.8091 24.2201
74.4 37.1591 42.1351 52.7591 24.2759
74.5 37.2091 42.0793 52.709 24.3317
74.6 37.259 42.0234 52.659 24.3876
74.7 37.309 41.9675 52.609 24.4435
74.8 37.359 41.9116 52.559 24.4994
74.9 37.409 41.8557 52.509 24.5553
75 37.459 41.7997 52.4589 24.6113
75.1 37.5089 41.7437 52.4089 24.6673
75.2 37.5589 41.6877 52.3589 24.7233
75.3 37.6089 41.6317 52.3089 24.7793
75.4 37.6589 41.5756 52.2589 24.8354
75.5 37.7089 41.5195 52.2088 24.8915
75.6 37.7588 41.4634 52.1588 24.9476
75.7 37.8088 41.4072 52.1088 25.0038
75.8 37.8588 41.3511 52.0588 25.0599
75.9 37.9088 41.2949 52.0088 25.1161
76 37.9588 41.2386 51.9588 25.1724
76.1 38.0088 41.1824 51.9087 25.2286
76.2 38.0587 41.1261 51.8587 25.2849
76.3 38.1087 41.0698 51.8087 25.3412
76.4 38.1587 41.0135 51.7587 25.3975
76.5 38.2087 40.9572 51.7087 25.4538
76.6 38.2587 40.9008 51.6587 25.5102
76.7 38.3086 40.8444 51.6086 25.5666
76.8 38.3586 40.788 51.5586 25.623
76.9 38.4086 40.7316 51.5086 25.6794
77 38.4586 40.6751 51.4586 25.7359
77.1 38.5086 40.6186 51.4086 25.7924
77.2 38.5586 40.5621 51.3585 25.8489
77.3 38.6085 40.5056 51.3085 25.9054
77.4 38.6585 40.4491 51.2585 25.9619
77.5 38.7085 40.3925 51.2085 26.0185
77.6 38.7585 40.3359 51.1585 26.0751
77.7 38.8085 40.2793 51.1085 26.1317
77.8 38.8585 40.2226 51.0585 26.1884
77.9 38.9085 40.166 51.0084 26.245
78 38.9584 40.1093 50.9584 26.3017
78.1 39.0084 40.0526 50.9084 26.3584
78.2 39.0584 39.9959 50.8584 26.4151
78.3 39.1084 39.9392 50.8084 26.4718
78.4 39.1584 39.8824 50.7584 26.5286
78.5 39.2084 39.8256 50.7083 26.5854
78.6 39.2583 39.7688 50.6583 26.6422
78.7 39.3083 39.712 50.6083 26.699
78.8 39.3583 39.6551 50.5583 26.7559
78.9 39.4083 39.5983 50.5083 26.8127
79 39.4583 39.5414 50.4583 26.8696
79.1 39.5083 39.4845 50.4083 26.9265
79.2 39.5583 39.4276 50.3582 26.9834
79.3 39.6082 39.3707 50.3082 27.0403
79.4 39.6582 39.3137 50.2582 27.0973
79.5 39.7082 39.2567 50.2082 27.1543
79.6 39.7582 39.1997 50.1582 27.2113
79.7 39.8082 39.1427 50.1082 27.2683
79.8 39.8582 39.0857 50.0582 27.3253
79.9 39.9082 39.0286 50.0082 27.3824
80 39.9582 38.9716 49.9581 27.4394
80.1 40.0081 38.9145 49.9081 27.4965
80.2 40.0581 38.8574 49.8581 27.5536
80.3 40.1081 38.8003 49.8081 27.6107
80.4 40.1581 38.7431 49.7581 27.6679
80.5 40.2081 38.686 49.7081 27.725
80.6 40.2581 38.6288 49.6581 27.7822
80.7 40.3081 38.5716 49.6081 27.8394
80.8 40.3581 38.5144 49.558 27.8966
80.9 40.408 38.4572 49.508 27.9538
81 40.458 38.4 49.458 28.011
81.1 40.508 38.3427 49.408 28.0683
81.2 40.558 38.2855 49.358 28.1255
81.3 40.608 38.2282 49.308 28.1828
81.4 40.658 38.1709 49.258 28.2401
81.5 40.708 38.1136 49.208 28.2974
81.6 40.758 38.0563 49.158 28.3547
81.7 40.8079 37.9989 49.1079 28.4121
81.8 40.8579 37.9416 49.0579 28.4694
81.9 40.9079 37.8842 49.0079 28.5268
82 40.9579 37.8268 48.9579 28.5842
82.1 41.0079 37.7694 48.9079 28.6416
82.2 41.0579 37.712 48.8579 28.699
82.3 41.1079 37.6546 48.8079 28.7564
82.4 41.1579 37.5971 48.7579 28.8139
82.5 41.2079 37.5397 48.7079 28.8713
82.6 41.2579 37.4822 48.6579 28.9288
82.7 41.3078 37.4247 48.6078 28.9863
82.8 41.3578 37.3673 48.5578 29.0437
82.9 41.4078 37.3097 48.5078 29.1013
83 41.4578 37.2522 48.4578 29.1588
83.1 41.5078 37.1947 48.4078 29.2163
83.2 41.5578 37.1372 48.3578 29.2738
83.3 41.6078 37.0796 48.3078 29.3314
83.4 41.6578 37.022 48.2578 29.389
83.5 41.7078 36.9645 48.2078 29.4465
83.6 41.7578 36.9069 48.1578 29.5041
83.7 41.8078 36.8493 48.1078 29.5617
83.8 41.8578 36.7917 48.0577 29.6193
83.9 41.9077 36.7341 48.0077 29.6769
84 41.9577 36.6764 47.9577 29.7346
84.1 42.0077 36.6188 47.9077 29.7922
84.2 42.0577 36.5611 47.8577 29.8499
84.3 42.1077 36.5035 47.8077 29.9075
84.4 42.1577 36.4458 47.7577 29.9652
84.5 42.2077 36.3881 47.7077 30.0229
84.6 42.2577 36.3304 47.6577 30.0806
84.7 42.3077 36.2727 47.6077 30.1383
84.8 42.3577 36.215 47.5577 30.196
84.9 42.4077 36.1573 47.5077 30.2537
85 42.4577 36.0996 47.4577 30.3114
85.1 42.5077 36.0418 47.4077 30.3692
85.2 42.5577 35.9841 47.3576 30.4269
85.3 42.6076 35.9263 47.3076 30.4847
85.4 42.6576 35.8685 47.2576 30.5425
85.5 42.7076 35.8108 47.2076 30.6002
85.6 42.7576 35.753 47.1576 30.658
85.7 42.8076 35.6952 47.1076 30.7158
85.8 42.8576 35.6374 47.0576 30.7736
85.9 42.9076 35.5796 47.0076 30.8314
86 42.9576 35.5218 46.9576 30.8892
86.1 43.0076 35.464 46.9076 30.947
86.2 43.0576 35.4062 46.8576 31.0048
86.3 43.1076 35.3483 46.8076 31.0627
86.4 43.1576 35.2905 46.7576 31.1205
86.5 43.2076 35.2326 46.7076 31.1784
86.6 43.2576 35.1748 46.6576 31.2362
86.7 43.3076 35.1169 46.6076 31.2941
86.8 43.3576 35.0591 46.5576 31.3519
86.9 43.4076 35.0012 46.5076 31.4098
87 43.4576 34.9433 46.4576 31.4677
87.1 43.5076 34.8855 46.4076 31.5255
87.2 43.5576 34.8276 46.3575 31.5834
87.3 43.6075 34.7697 46.3075 31.6413
87.4 43.6575 34.7118 46.2575 31.6992
87.5 43.7075 34.6539 46.2075 31.7571
87.6 43.7575 34.596 46.1575 31.815
87.7 43.8075 34.5381 46.1075 31.8729
87.8 43.8575 34.4802 46.0575 31.9308
87.9 43.9075 34.4223 46.0075 31.9887
88 43.9575 34.3644 45.9575 32.0466
88.1 44.0075 34.3064 45.9075 32.1046
88.2 44.0575 34.2485 45.8575 32.1625
88.3 44.1075 34.1906 45.8075 32.2204
88.4 44.1575 34.1327 45.7575 32.2783
88.5 44.2075 34.0747 45.7075 32.3363
88.6 44.2575 34.0168 45.6575 32.3942
88.7 44.3075 33.9588 45.6075 32.4522
88.8 44.3575 33.9009 45.5575 32.5101
88.9 44.4075 33.843 45.5075 32.568
89 44.4575 33.785 45.4575 32.626
89.1 44.5075 33.7271 45.4075 32.6839
89.2 44.5575 33.6691 45.3575 32.7419
89.3 44.6075 33.6112 45.3075 32.7998
89.4 44.6575 33.5532 45.2575 32.8578
89.5 44.7075 33.4953 45.2075 32.9157
89.6 44.7575 33.4373 45.1575 32.9737
89.7 44.8075 33.3794 45.1075 33.0316
89.8 44.8575 33.3214 45.0575 33.0896
89.9 44.9075 33.2635 45.0075 33.1475
90 44.9575 33.2055 44.9575 33.2055
90.1 45.0075 33.1475 44.9075 33.2635
90.2 45.0575 33.0896 44.8575 33.3214
90.3 45.1075 33.0316 44.8075 33.3794
90.4 45.1575 32.9737 44.7575 33.4373
90.5 45.2075 32.9157 44.7075 33.4953
90.6 45.2575 32.8578 44.6575 33.5532
90.7 45.3075 32.7998 44.6075 33.6112
90.8 45.3575 32.7419 44.5575 33.6691
90.9 45.4075 32.6839 44.5075 33.7271
91 45.4575 32.626 44.4575 33.785
91.1 45.5075 32.568 44.4075 33.843
91.2 45.5575 32.5101 44.3575 33.9009
91.3 45.6075 32.4522 44.3075 33.9588
91.4 45.6575 32.3942 44.2575 34.0168
91.5 45.7075 32.3363 44.2075 34.0747
91.6 45.7575 32.2783 44.1575 34.1327
91.7 45.8075 32.2204 44.1075 34.1906
91.8 45.8575 32.1625 44.0575 34.2485
91.9 45.9075 32.1046 44.0075 34.3064
92 45.9575 32.0466 43.9575 34.3644
92.1 46.0075 31.9887 43.9075 34.4223
92.2 46.0575 31.9308 43.8575 34.4802
92.3 46.1075 31.8729 43.8075 34.5381
92.4 46.1575 31.815 43.7575 34.596
92.5 46.2075 31.7571 43.7075 34.6539
92.6 46.2575 31.6992 43.6575 34.7118
92.7 46.3075 31.6413 43.6075 34.7697
92.8 46.3575 31.5834 43.5576 34.8276
92.9 46.4076 31.5255 43.5076 34.8855
93 46.4576 31.4677 43.4576 34.9433
93.1 46.5076 31.4098 43.4076 35.0012
93.2 46.5576 31.3519 43.3576 35.0591
93.3 46.6076 31.2941 43.3076 35.1169
93.4 46.6576 31.2362 43.2576 35.1748
93.5 46.7076 31.1784 43.2076 35.2326
93.6 46.7576 31.1205 43.1576 35.2905
93.7 46.8076 31.0627 43.1076 35.3483
93.8 46.8576 31.0048 43.0576 35.4062
93.9 46.9076 30.947 43.0076 35.464
94 46.9576 30.8892 42.9576 35.5218
94.1 47.0076 30.8314 42.9076 35.5796
94.2 47.0576 30.7736 42.8576 35.6374
94.3 47.1076 30.7158 42.8076 35.6952
94.4 47.1576 30.658 42.7576 35.753
94.5 47.2076 30.6002 42.7076 35.8108
94.6 47.2576 30.5425 42.6576 35.8685
94.7 47.3076 30.4847 42.6076 35.9263
94.8 47.3576 30.4269 42.5577 35.9841
94.9 47.4077 30.3692 42.5077 36.0418
95 47.4577 30.3114 42.4577 36.0996
95.1 47.5077 30.2537 42.4077 36.1573
95.2 47.5577 30.196 42.3577 36.215
95.3 47.6077 30.1383 42.3077 36.2727
95.4 47.6577 30.0806 42.2577 36.3304
95.5 47.7077 30.0229 42.2077 36.3881
95.6 47.7577 29.9652 42.1577 36.4458
95.7 47.8077 29.9075 42.1077 36.5035
95.8 47.8577 29.8499 42.0577 36.5611
95.9 47.9077 29.7922 42.0077 36.6188
96 47.9577 29.7346 41.9577 36.6764
96.1 48.0077 29.6769 41.9077 36.7341
96.2 48.0577 29.6193 41.8578 36.7917
96.3 48.1078 29.5617 41.8078 36.8493
96.4 48.1578 29.5041 41.7578 36.9069
96.5 48.2078 29.4465 41.7078 36.9645
96.6 48.2578 29.389 41.6578 37.022
96.7 48.3078 29.3314 41.6078 37.0796
96.8 48.3578 29.2738 41.5578 37.1372
96.9 48.4078 29.2163 41.5078 37.1947
97 48.4578 29.1588 41.4578 37.2522
97.1 48.5078 29.1013 41.4078 37.3097
97.2 48.5578 29.0437 41.3578 37.3673
97.3 48.6078 28.9863 41.3078 37.4247
97.4 48.6579 28.9288 41.2579 37.4822
97.5 48.7079 28.8713 41.2079 37.5397
97.6 48.7579 28.8139 41.1579 37.5971
97.7 48.8079 28.7564 41.1079 37.6546
97.8 48.8579 28.699 41.0579 37.712
97.9 48.9079 28.6416 41.0079 37.7694
98 48.9579 28.5842 40.9579 37.8268
98.1 49.0079 28.5268 40.9079 37.8842
98.2 49.0579 28.4694 40.8579 37.9416
98.3 49.1079 28.4121 40.8079 37.9989
98.4 49.158 28.3547 40.758 38.0563
98.5 49.208 28.2974 40.708 38.1136
98.6 49.258 28.2401 40.658 38.1709
98.7 49.308 28.1828 40.608 38.2282
98.8 49.358 28.1255 40.558 38.2855
98.9 49.408 28.0683 40.508 38.3427
99 49.458 28.011 40.458 38.4
99.1 49.508 27.9538 40.408 38.4572
99.2 49.558 27.8966 40.3581 38.5144
99.3 49.6081 27.8394 40.3081 38.5716
99.4 49.6581 27.7822 40.2581 38.6288
99.5 49.7081 27.725 40.2081 38.686
99.6 49.7581 27.6679 40.1581 38.7431
99.7 49.8081 27.6107 40.1081 38.8003
99.8 49.8581 27.5536 40.0581 38.8574
99.9 49.9081 27.4965 40.0081 38.9145
100 49.9581 27.4394 39.9582 38.9716
100.1 50.0082 27.3824 39.9082 39.0286
100.2 50.0582 27.3253 39.8582 39.0857
100.3 50.1082 27.2683 39.8082 39.1427
100.4 50.1582 27.2113 39.7582 39.1997
100.5 50.2082 27.1543 39.7082 39.2567
100.6 50.2582 27.0973 39.6582 39.3137
100.7 50.3082 27.0403 39.6082 39.3707
100.8 50.3582 26.9834 39.5583 39.4276
100.9 50.4083 26.9265 39.5083 39.4845
101 50.4583 26.8696 39.4583 39.5414
101.1 50.5083 26.8127 39.4083 39.5983
101.2 50.5583 26.7559 39.3583 39.6551
101.3 50.6083 26.699 39.3083 39.712
101.4 50.6583 26.6422 39.2583 39.7688
101.5 50.7083 26.5854 39.2084 39.8256
101.6 50.7584 26.5286 39.1584 39.8824
101.7 50.8084 26.4718 39.1084 39.9392
101.8 50.8584 26.4151 39.0584 39.9959
101.9 50.9084 26.3584 39.0084 40.0526
102 50.9584 26.3017 38.9584 40.1093
102.1 51.0084 26.245 38.9085 40.166
102.2 51.0585 26.1884 38.8585 40.2226
102.3 51.1085 26.1317 38.8085 40.2793
102.4 51.1585 26.0751 38.7585 40.3359
102.5 51.2085 26.0185 38.7085 40.3925
102.6 51.2585 25.9619 38.6585 40.4491
102.7 51.3085 25.9054 38.6085 40.5056
102.8 51.3585 25.8489 38.5586 40.5621
102.9 51.4086 25.7924 38.5086 40.6186
103 51.4586 25.7359 38.4586 40.6751
103.1 51.5086 25.6794 38.4086 40.7316
103.2 51.5586 25.623 38.3586 40.788
103.3 51.6086 25.5666 38.3086 40.8444
103.4 51.6587 25.5102 38.2587 40.9008
103.5 51.7087 25.4538 38.2087 40.9572
103.6 51.7587 25.3975 38.1587 41.0135
103.7 51.8087 25.3412 38.1087 41.0698
103.8 51.8587 25.2849 38.0587 41.1261
103.9 51.9087 25.2286 38.0088 41.1824
104 51.9588 25.1724 37.9588 41.2386
104.1 52.0088 25.1161 37.9088 41.2949
104.2 52.0588 25.0599 37.8588 41.3511
104.3 52.1088 25.0038 37.8088 41.4072
104.4 52.1588 24.9476 37.7588 41.4634
104.5 52.2088 24.8915 37.7089 41.5195
104.6 52.2589 24.8354 37.6589 41.5756
104.7 52.3089 24.7793 37.6089 41.6317
104.8 52.3589 24.7233 37.5589 41.6877
104.9 52.4089 24.6673 37.5089 41.7437
105 52.4589 24.6113 37.459 41.7997
105.1 52.509 24.5553 37.409 41.8557
105.2 52.559 24.4994 37.359 41.9116
105.3 52.609 24.4435 37.309 41.9675
105.4 52.659 24.3876 37.259 42.0234
105.5 52.709 24.3317 37.2091 42.0793
105.6 52.7591 24.2759 37.1591 42.1351
105.7 52.8091 24.2201 37.1091 42.1909
105.8 52.8591 24.1643 37.0591 42.2467
105.9 52.9091 24.1085 37.0091 42.3025
106 52.9591 24.0528 36.9592 42.3582
106.1 53.0092 23.9971 36.9092 42.4139
106.2 53.0592 23.9415 36.8592 42.4695
106.3 53.1092 23.8858 36.8092 42.5252
106.4 53.1592 23.8302 36.7592 42.5808
106.5 53.2092 23.7746 36.7093 42.6364
106.6 53.2593 23.7191 36.6593 42.6919
106.7 53.3093 23.6636 36.6093 42.7474
106.8 53.3593 23.6081 36.5593 42.8029
106.9 53.4093 23.5526 36.5093 42.8584
107 53.4593 23.4972 36.4594 42.9138
107.1 53.5094 23.4417 36.4094 42.9693
107.2 53.5594 23.3864 36.3594 43.0246
107.3 53.6094 23.331 36.3094 43.08
107.4 53.6594 23.2757 36.2595 43.1353
107.5 53.7095 23.2204 36.2095 43.1906
107.6 53.7595 23.1652 36.1595 43.2458
107.7 53.8095 23.1099 36.1095 43.3011
107.8 53.8595 23.0547 36.0595 43.3563
107.9 53.9095 22.9996 36.0096 43.4114
108 53.9596 22.9444 35.9596 43.4666
108.1 54.0096 22.8893 35.9096 43.5217
108.2 54.0596 22.8343 35.8596 43.5767
108.3 54.1096 22.7792 35.8097 43.6318
108.4 54.1597 22.7242 35.7597 43.6868
108.5 54.2097 22.6692 35.7097 43.7418
108.6 54.2597 22.6143 35.6597 43.7967
108.7 54.3097 22.5594 35.6098 43.8516
108.8 54.3598 22.5045 35.5598 43.9065
108.9 54.4098 22.4497 35.5098 43.9613
109 54.4598 22.3948 35.4598 44.0162
109.1 54.5098 22.3401 35.4098 44.0709
109.2 54.5599 22.2853 35.3599 44.1257
109.3 54.6099 22.2306 35.3099 44.1804
109.4 54.6599 22.1759 35.2599 44.2351
109.5 54.7099 22.1213 35.2099 44.2897
109.6 54.76 22.0667 35.16 44.3443
109.7 54.81 22.0121 35.11 44.3989
109.8 54.86 21.9575 35.06 44.4535
109.9 54.91 21.903 35.01 44.508
110 54.9601 21.8486 34.9601 44.5624
110.1 55.0101 21.7941 34.9101 44.6169
110.2 55.0601 21.7397 34.8601 44.6713
110.3 55.1101 21.6853 34.8102 44.7257
110.4 55.1602 21.631 34.7602 44.78
110.5 55.2102 21.5767 34.7102 44.8343
110.6 55.2602 21.5224 34.6602 44.8886
110.7 55.3102 21.4682 34.6103 44.9428
110.8 55.3603 21.414 34.5603 44.997
110.9 55.4103 21.3598 34.5103 45.0512
111 55.4603 21.3057 34.4603 45.1053
111.1 55.5103 21.2516 34.4104 45.1594
111.2 55.5604 21.1976 34.3604 45.2134
111.3 55.6104 21.1436 34.3104 45.2674
111.4 55.6604 21.0896 34.2604 45.3214
111.5 55.7104 21.0356 34.2105 45.3754
111.6 55.7605 20.9817 34.1605 45.4293
111.7 55.8105 20.9279 34.1105 45.4831
111.8 55.8605 20.874 34.0606 45.537
111.9 55.9106 20.8203 34.0106 45.5907
112 55.9606 20.7665 33.9606 45.6445
112.1 56.0106 20.7128 33.9106 45.6982
112.2 56.0606 20.6591 33.8607 45.7519
112.3 56.1107 20.6055 33.8107 45.8055
112.4 56.1607 20.5519 33.7607 45.8591
112.5 56.2107 20.4983 33.7107 45.9127
112.6 56.2608 20.4448 33.6608 45.9662
112.7 56.3108 20.3913 33.6108 46.0197
112.8 56.3608 20.3379 33.5608 46.0731
112.9 56.4108 20.2844 33.5109 46.1266
113 56.4609 20.2311 33.4609 46.1799
113.1 56.5109 20.1777 33.4109 46.2333
113.2 56.5609 20.1245 33.3609 46.2865
113.3 56.611 20.0712 33.311 46.3398
113.4 56.661 20.018 33.261 46.393
113.5 56.711 19.9648 33.211 46.4462
113.6 56.761 19.9117 33.1611 46.4993
113.7 56.8111 19.8586 33.1111 46.5524
113.8 56.8611 19.8056 33.0611 46.6054
113.9 56.9111 19.7526 33.0112 46.6584
114 56.9612 19.6996 32.9612 46.7114
114.1 57.0112 19.6467 32.9112 46.7643
114.2 57.0612 19.5938 32.8612 46.8172
114.3 57.1113 19.541 32.8113 46.87
114.4 57.1613 19.4882 32.7613 46.9228
114.5 57.2113 19.4354 32.7113 46.9756
114.6 57.2613 19.3827 32.6614 47.0283
114.7 57.3114 19.33 32.6114 47.081
114.8 57.3614 19.2774 32.5614 47.1336
114.9 57.4114 19.2248 32.5115 47.1862
115 57.4615 19.1722 32.4615 47.2388
115.1 57.5115 19.1197 32.4115 47.2913
115.2 57.5615 19.0673 32.3616 47.3437
115.3 57.6116 19.0149 32.3116 47.3961
115.4 57.6616 18.9625 32.2616 47.4485
115.5 57.7116 18.9102 32.2117 47.5008
115.6 57.7617 18.8579 32.1617 47.5531
115.7 57.8117 18.8056 32.1117 47.6054
115.8 57.8617 18.7534 32.0617 47.6576
115.9 57.9118 18.7013 32.0118 47.7097
116 57.9618 18.6492 31.9618 47.7618
116.1 58.0118 18.5971 31.9118 47.8139
116.2 58.0619 18.5451 31.8619 47.8659
116.3 58.1119 18.4931 31.8119 47.9179
116.4 58.1619 18.4412 31.7619 47.9698
116.5 58.212 18.3893 31.712 48.0217
116.6 58.262 18.3374 31.662 48.0736
116.7 58.312 18.2856 31.612 48.1254
116.8 58.3621 18.2339 31.5621 48.1771
116.9 58.4121 18.1822 31.5121 48.2288
117 58.4621 18.1305 31.4621 48.2805
117.1 58.5122 18.0789 31.4122 48.3321
117.2 58.5622 18.0273 31.3622 48.3837
117.3 58.6122 17.9758 31.3122 48.4352
117.4 58.6623 17.9243 31.2623 48.4867
117.5 58.7123 17.8729 31.2123 48.5381
117.6 58.7623 17.8215 31.1623 48.5895
117.7 58.8124 17.7702 31.1124 48.6408
117.8 58.8624 17.7189 31.0624 48.6921
117.9 58.9124 17.6677 31.0125 48.7433
118 58.9625 17.6165 30.9625 48.7945
118.1 59.0125 17.5653 30.9125 48.8457
118.2 59.0625 17.5142 30.8626 48.8968
118.3 59.1126 17.4632 30.8126 48.9478
118.4 59.1626 17.4122 30.7626 48.9988
118.5 59.2126 17.3612 30.7127 49.0498
118.6 59.2627 17.3103 30.6627 49.1007
118.7 59.3127 17.2594 30.6127 49.1516
118.8 59.3627 17.2086 30.5628 49.2024
118.9 59.4128 17.1579 30.5128 49.2531
119 59.4628 17.1072 30.4628 49.3038
119.1 59.5129 17.0565 30.4129 49.3545
119.2 59.5629 17.0059 30.3629 49.4051
119.3 59.6129 16.9553 30.313 49.4557
119.4 59.663 16.9048 30.263 49.5062
119.5 59.713 16.8543 30.213 49.5567
119.6 59.763 16.8039 30.1631 49.6071
119.7 59.8131 16.7535 30.1131 49.6575
119.8 59.8631 16.7032 30.0631 49.7078
119.9 59.9131 16.653 30.0132 49.758
120 59.9632 16.6028 29.9632 49.8083
120.1 60.0132 16.5526 29.9132 49.8584
120.2 60.0633 16.5025 29.8633 49.9085
120.3 60.1133 16.4524 29.8133 49.9586
120.4 60.1633 16.4024 29.7634 50.0086
120.5 60.2134 16.3524 29.7134 50.0586
120.6 60.2634 16.3025 29.6634 50.1085
120.7 60.3134 16.2527 29.6135 50.1583
120.8 60.3635 16.2029 29.5635 50.2081
120.9 60.4135 16.1531 29.5135 50.2579
121 60.4636 16.1034 29.4636 50.3076
121.1 60.5136 16.0538 29.4136 50.3572
121.2 60.5636 16.0042 29.3637 50.4068
121.3 60.6137 15.9546 29.3137 50.4564
121.4 60.6637 15.9051 29.2637 50.5059
121.5 60.7137 15.8557 29.2138 50.5553
121.6 60.7638 15.8063 29.1638 50.6047
121.7 60.8138 15.757 29.1139 50.654
121.8 60.8639 15.7077 29.0639 50.7033
121.9 60.9139 15.6584 29.0139 50.7526
122 60.9639 15.6093 28.964 50.8017
122.1 61.014 15.5601 28.914 50.8509
122.2 61.064 15.5111 28.8641 50.8999
122.3 61.1141 15.4621 28.8141 50.9489
122.4 61.1641 15.4131 28.7641 50.9979
122.5 61.2141 15.3642 28.7142 51.0468
122.6 61.2642 15.3153 28.6642 51.0957
122.7 61.3142 15.2666 28.6143 51.1444
122.8 61.3643 15.2178 28.5643 51.1932
122.9 61.4143 15.1691 28.5143 51.2419
123 61.4643 15.1205 28.4644 51.2905
123.1 61.5144 15.0719 28.4144 51.3391
123.2 61.5644 15.0234 28.3645 51.3876
123.3 61.6145 14.9749 28.3145 51.4361
123.4 61.6645 14.9265 28.2645 51.4845
123.5 61.7145 14.8782 28.2146 51.5328
123.6 61.7646 14.8299 28.1646 51.5811
123.7 61.8146 14.7816 28.1147 51.6294
123.8 61.8647 14.7334 28.0647 51.6776
123.9 61.9147 14.6853 28.0147 51.7257
124 61.9648 14.6372 27.9648 51.7738
124.1 62.0148 14.5892 27.9148 51.8218
124.2 62.0648 14.5412 27.8649 51.8698
124.3 62.1149 14.4933 27.8149 51.9177
124.4 62.1649 14.4455 27.7649 51.9655
124.5 62.215 14.3977 27.715 52.0133
124.6 62.265 14.35 27.665 52.061
124.7 62.315 14.3023 27.6151 52.1087
124.8 62.3651 14.2547 27.5651 52.1563
124.9 62.4151 14.2071 27.5152 52.2039
125 62.4652 14.1596 27.4652 52.2514
125.1 62.5152 14.1122 27.4152 52.2988
125.2 62.5653 14.0648 27.3653 52.3462
125.3 62.6153 14.0174 27.3153 52.3936
125.4 62.6653 13.9702 27.2654 52.4408
125.5 62.7154 13.923 27.2154 52.488
125.6 62.7654 13.8758 27.1655 52.5352
125.7 62.8155 13.8287 27.1155 52.5823
125.8 62.8655 13.7817 27.0655 52.6293
125.9 62.9156 13.7347 27.0156 52.6763
126 62.9656 13.6878 26.9656 52.7232
126.1 63.0156 13.6409 26.9157 52.7701
126.2 63.0657 13.5941 26.8657 52.8169
126.3 63.1157 13.5474 26.8158 52.8636
126.4 63.1658 13.5007 26.7658 52.9103
126.5 63.2158 13.4541 26.7159 52.9569
126.6 63.2659 13.4076 26.6659 53.0034
126.7 63.3159 13.3611 26.6159 53.0499
126.8 63.366 13.3146 26.566 53.0964
126.9 63.416 13.2682 26.516 53.1428
127 63.466 13.2219 26.4661 53.1891
127.1 63.5161 13.1757 26.4161 53.2353
127.2 63.5661 13.1295 26.3662 53.2815
127.3 63.6162 13.0834 26.3162 53.3276
127.4 63.6662 13.0373 26.2663 53.3737
127.5 63.7163 12.9913 26.2163 53.4197
127.6 63.7663 12.9453 26.1663 53.4657
127.7 63.8164 12.8994 26.1164 53.5116
127.8 63.8664 12.8536 26.0664 53.5574
127.9 63.9164 12.8079 26.0165 53.6031
128 63.9665 12.7622 25.9665 53.6488
128.1 64.0165 12.7165 25.9166 53.6945
128.2 64.0666 12.6709 25.8666 53.7401
128.3 64.1166 12.6254 25.8167 53.7856
128.4 64.1667 12.58 25.7667 53.831
128.5 64.2167 12.5346 25.7168 53.8764
128.6 64.2668 12.4893 25.6668 53.9217
128.7 64.3168 12.444 25.6168 53.967
128.8 64.3669 12.3988 25.5669 54.0122
128.9 64.4169 12.3537 25.5169 54.0573
129 64.467 12.3086 25.467 54.1024
129.1 64.517 12.2636 25.417 54.1474
129.2 64.567 12.2187 25.3671 54.1923
129.3 64.6171 12.1738 25.3171 54.2372
129.4 64.6671 12.129 25.2672 54.282
129.5 64.7172 12.0842 25.2172 54.3268
129.6 64.7672 12.0395 25.1673 54.3715
129.7 64.8173 11.9949 25.1173 54.4161
129.8 64.8673 11.9503 25.0674 54.4607
129.9 64.9174 11.9058 25.0174 54.5052
130 64.9674 11.8614 24.9675 54.5496
130.1 65.0175 11.8171 24.9175 54.5939
130.2 65.0675 11.7728 24.8676 54.6382
130.3 65.1176 11.7285 24.8176 54.6825
130.4 65.1676 11.6844 24.7677 54.7266
130.5 65.2177 11.6403 24.7177 54.7707
130.6 65.2677 11.5962 24.6677 54.8148
130.7 65.3178 11.5522 24.6178 54.8588
130.8 65.3678 11.5083 24.5678 54.9027
130.9 65.4179 11.4645 24.5179 54.9465
131 65.4679 11.4207 24.4679 54.9903
131.1 65.518 11.377 24.418 55.034
131.2 65.568 11.3334 24.368 55.0776
131.3 65.6181 11.2898 24.3181 55.1212
131.4 65.6681 11.2463 24.2681 55.1647
131.5 65.7182 11.2029 24.2182 55.2081
131.6 65.7682 11.1595 24.1682 55.2515
131.7 65.8183 11.1162 24.1183 55.2948
131.8 65.8683 11.073 24.0683 55.338
131.9 65.9184 11.0298 24.0184 55.3812
132 65.9684 10.9867 23.9684 55.4243
132.1 66.0185 10.9436 23.9185 55.4674
132.2 66.0685 10.9007 23.8685 55.5103
132.3 66.1186 10.8578 23.8186 55.5532
132.4 66.1686 10.815 23.7686 55.596
132.5 66.2187 10.7722 23.7187 55.6388
132.6 66.2687 10.7295 23.6687 55.6815
132.7 66.3188 10.6869 23.6188 55.7241
132.8 66.3688 10.6443 23.5688 55.7667
132.9 66.4189 10.6018 23.5189 55.8092
133 66.4689 10.5594 23.4689 55.8516
133.1 66.519 10.5171 23.419 55.8939
133.2 66.569 10.4748 23.369 55.9362
133.3 66.6191 10.4326 23.3191 55.9784
133.4 66.6691 10.3904 23.2691 56.0206
133.5 66.7192 10.3483 23.2192 56.0627
133.6 66.7692 10.3063 23.1692 56.1047
133.7 66.8193 10.2644 23.1193 56.1466
133.8 66.8693 10.2225 23.0693 56.1885
133.9 66.9194 10.1807 23.0194 56.2303
134 66.9694 10.139 22.9694 56.272
134.1 67.0195 10.0974 22.9195 56.3136
134.2 67.0695 10.0558 22.8695 56.3552
134.3 67.1196 10.0143 22.8196 56.3967
134.4 67.1696 9.97283 22.7697 56.4382
134.5 67.2197 9.93146 22.7197 56.4795
134.6 67.2697 9.89016 22.6698 56.5208
134.7 67.3198 9.84893 22.6198 56.5621
134.8 67.3698 9.80777 22.5699 56.6032
134.9 67.4199 9.76668 22.5199 56.6443
135 67.4699 9.72567 22.47 56.6853
135.1 67.52 9.68472 22.42 56.7263
135.2 67.57 9.64385 22.3701 56.7672
135.3 67.6201 9.60305 22.3201 56.808
135.4 67.6701 9.56232 22.2702 56.8487
135.5 67.7202 9.52166 22.2202 56.8893
135.6 67.7702 9.48108 22.1703 56.9299
135.7 67.8203 9.44056 22.1203 56.9704
135.8 67.8704 9.40012 22.0704 57.0109
135.9 67.9204 9.35976 22.0204 57.0512
136 67.9705 9.31946 21.9705 57.0915
136.1 68.0205 9.27924 21.9205 57.1318
136.2 68.0706 9.23909 21.8706 57.1719
136.3 68.1206 9.19901 21.8207 57.212
136.4 68.1707 9.15901 21.7707 57.252
136.5 68.2207 9.11908 21.7208 57.2919
136.6 68.2708 9.07922 21.6708 57.3318
136.7 68.3208 9.03944 21.6209 57.3716
136.8 68.3709 8.99973 21.5709 57.4113
136.9 68.4209 8.9601 21.521 57.4509
137 68.471 8.92053 21.471 57.4905
137.1 68.5211 8.88105 21.4211 57.53
137.2 68.5711 8.84163 21.3711 57.5694
137.3 68.6212 8.80229 21.3212 57.6087
137.4 68.6712 8.76303 21.2712 57.648
137.5 68.7213 8.72384 21.2213 57.6872
137.6 68.7713 8.68472 21.1714 57.7263
137.7 68.8214 8.64568 21.1214 57.7653
137.8 68.8714 8.60671 21.0715 57.8043
137.9 68.9215 8.56782 21.0215 57.8432
138 68.9715 8.529 20.9716 57.882
138.1 69.0216 8.49026 20.9216 57.9207
138.2 69.0717 8.4516 20.8717 57.9594
138.3 69.1217 8.41301 20.8217 57.998
138.4 69.1718 8.37449 20.7718 58.0365
138.5 69.2218 8.33605 20.7219 58.0749
138.6 69.2719 8.29769 20.6719 58.1133
138.7 69.3219 8.2594 20.622 58.1516
138.8 69.372 8.22119 20.572 58.1898
138.9 69.422 8.18305 20.5221 58.2279
139 69.4721 8.14499 20.4721 58.266
139.1 69.5222 8.10701 20.4222 58.304
139.2 69.5722 8.0691 20.3722 58.3419
139.3 69.6223 8.03127 20.3223 58.3797
139.4 69.6723 7.99352 20.2724 58.4175
139.5 69.7224 7.95584 20.2224 58.4552
139.6 69.7724 7.91824 20.1725 58.4928
139.7 69.8225 7.88072 20.1225 58.5303
139.8 69.8726 7.84327 20.0726 58.5677
139.9 69.9226 7.8059 20.0226 58.6051
140 69.9727 7.76861 19.9727 58.6424
140.1 70.0227 7.7314 19.9228 58.6796
140.2 70.0728 7.69426 19.8728 58.7167
140.3 70.1228 7.6572 19.8229 58.7538
140.4 70.1729 7.62022 19.7729 58.7908
140.5 70.223 7.58332 19.723 58.8277
140.6 70.273 7.5465 19.673 58.8645
140.7 70.3231 7.50975 19.6231 58.9013
140.8 70.3731 7.47308 19.5732 58.9379
140.9 70.4232 7.43649 19.5232 58.9745
141 70.4732 7.39998 19.4733 59.011
141.1 70.5233 7.36355 19.4233 59.0475
141.2 70.5734 7.32719 19.3734 59.0838
141.3 70.6234 7.29092 19.3234 59.1201
141.4 70.6735 7.25472 19.2735 59.1563
141.5 70.7235 7.2186 19.2236 59.1924
141.6 70.7736 7.18257 19.1736 59.2284
141.7 70.8236 7.14661 19.1237 59.2644
141.8 70.8737 7.11073 19.0737 59.3003
141.9 70.9238 7.07493 19.0238 59.3361
142 70.9738 7.03921 18.9738 59.3718
142.1 71.0239 7.00357 18.9239 59.4074
142.2 71.0739 6.96801 18.874 59.443
142.3 71.124 6.93253 18.824 59.4785
142.4 71.1741 6.89713 18.7741 59.5139
142.5 71.2241 6.86181 18.7241 59.5492
142.6 71.2742 6.82657 18.6742 59.5844
142.7 71.3242 6.79141 18.6243 59.6196
142.8 71.3743 6.75633 18.5743 59.6547
142.9 71.4243 6.72133 18.5244 59.6897
143 71.4744 6.68641 18.4744 59.7246
143.1 71.5245 6.65157 18.4245 59.7594
143.2 71.5745 6.61681 18.3746 59.7942
143.3 71.6246 6.58214 18.3246 59.8289
143.4 71.6746 6.54754 18.2747 59.8635
143.5 71.7247 6.51303 18.2247 59.898
143.6 71.7748 6.4786 18.1748 59.9324
143.7 71.8248 6.44425 18.1249 59.9668
143.8 71.8749 6.40998 18.0749 60.001
143.9 71.9249 6.37579 18.025 60.0352
144 71.975 6.34169 17.975 60.0693
144.1 72.0251 6.30766 17.9251 60.1033
144.2 72.0751 6.27372 17.8752 60.1373
144.3 72.1252 6.23986 17.8252 60.1711
144.4 72.1752 6.20608 17.7753 60.2049
144.5 72.2253 6.17239 17.7253 60.2386
144.6 72.2754 6.13877 17.6754 60.2722
144.7 72.3254 6.10524 17.6255 60.3058
144.8 72.3755 6.0718 17.5755 60.3392
144.9 72.4255 6.03843 17.5256 60.3726
145 72.4756 6.00515 17.4756 60.4059
145.1 72.5257 5.97195 17.4257 60.4391
145.2 72.5757 5.93883 17.3758 60.4722
145.3 72.6258 5.9058 17.3258 60.5052
145.4 72.6759 5.87285 17.2759 60.5382
145.5 72.7259 5.83998 17.2259 60.571
145.6 72.776 5.80719 17.176 60.6038
145.7 72.826 5.77449 17.1261 60.6365
145.8 72.8761 5.74188 17.0761 60.6691
145.9 72.9262 5.70934 17.0262 60.7017
146 72.9762 5.67689 16.9762 60.7341
146.1 73.0263 5.64453 16.9263 60.7665
146.2 73.0763 5.61225 16.8764 60.7988
146.3 73.1264 5.58005 16.8264 60.831
146.4 73.1765 5.54793 16.7765 60.8631
146.5 73.2265 5.5159 16.7266 60.8951
146.6 73.2766 5.48396 16.6766 60.927
146.7 73.3267 5.4521 16.6267 60.9589
146.8 73.3767 5.42032 16.5767 60.9907
146.9 73.4268 5.38863 16.5268 61.0224
147 73.4768 5.35702 16.4769 61.054
147.1 73.5269 5.3255 16.4269 61.0855
147.2 73.577 5.29407 16.377 61.1169
147.3 73.627 5.26271 16.3271 61.1483
147.4 73.6771 5.23145 16.2771 61.1796
147.5 73.7272 5.20027 16.2272 61.2107
147.6 73.7772 5.16917 16.1772 61.2418
147.7 73.8273 5.13816 16.1273 61.2728
147.8 73.8773 5.10723 16.0774 61.3038
147.9 73.9274 5.07639 16.0274 61.3346
148 73.9775 5.04564 15.9775 61.3654
148.1 74.0275 5.01497 15.9276 61.396
148.2 74.0776 4.98439 15.8776 61.4266
148.3 74.1277 4.95389 15.8277 61.4571
148.4 74.1777 4.92348 15.7777 61.4875
148.5 74.2278 4.89316 15.7278 61.5178
148.6 74.2778 4.86292 15.6779 61.5481
148.7 74.3279 4.83277 15.6279 61.5782
148.8 74.378 4.8027 15.578 61.6083
148.9 74.428 4.77272 15.5281 61.6383
149 74.4781 4.74283 15.4781 61.6682
149.1 74.5282 4.71303 15.4282 61.698
149.2 74.5782 4.68331 15.3783 61.7277
149.3 74.6283 4.65368 15.3283 61.7573
149.4 74.6784 4.62413 15.2784 61.7869
149.5 74.7284 4.59467 15.2284 61.8163
149.6 74.7785 4.5653 15.1785 61.8457
149.7 74.8285 4.53602 15.1286 61.875
149.8 74.8786 4.50682 15.0786 61.9042
149.9 74.9287 4.47771 15.0287 61.9333
150 74.9787 4.44869 14.9788 61.9623
150.1 75.0288 4.41976 14.9288 61.9912
150.2 75.0789 4.39091 14.8789 62.0201
150.3 75.1289 4.36216 14.829 62.0488
150.4 75.179 4.33349 14.779 62.0775
150.5 75.2291 4.3049 14.7291 62.1061
150.6 75.2791 4.27641 14.6792 62.1346
150.7 75.3292 4.248 14.6292 62.163
150.8 75.3793 4.21969 14.5793 62.1913
150.9 75.4293 4.19146 14.5293 62.2195
151 75.4794 4.16332 14.4794 62.2477
151.1 75.5294 4.13526 14.4295 62.2757
151.2 75.5795 4.1073 14.3795 62.3037
151.3 75.6296 4.07942 14.3296 62.3316
151.4 75.6796 4.05164 14.2797 62.3594
151.5 75.7297 4.02394 14.2297 62.3871
151.6 75.7798 3.99633 14.1798 62.4147
151.7 75.8298 3.96881 14.1299 62.4422
151.8 75.8799 3.94138 14.0799 62.4696
151.9 75.93 3.91404 14.03 62.497
152 75.98 3.88678 13.9801 62.5242
152.1 76.0301 3.85962 13.9301 62.5514
152.2 76.0802 3.83255 13.8802 62.5785
152.3 76.1302 3.80556 13.8303 62.6054
152.4 76.1803 3.77867 13.7803 62.6323
152.5 76.2304 3.75186 13.7304 62.6591
152.6 76.2804 3.72515 13.6805 62.6859
152.7 76.3305 3.69852 13.6305 62.7125
152.8 76.3806 3.67198 13.5806 62.739
152.9 76.4306 3.64554 13.5307 62.7655
153 76.4807 3.61918 13.4807 62.7918
153.1 76.5308 3.59292 13.4308 62.8181
153.2 76.5808 3.56674 13.3809 62.8443
153.3 76.6309 3.54066 13.3309 62.8703
153.4 76.681 3.51466 13.281 62.8963
153.5 76.731 3.48876 13.231 62.9222
153.6 76.7811 3.46294 13.1811 62.9481
153.7 76.8312 3.43722 13.1312 62.9738
153.8 76.8812 3.41159 13.0812 62.9994
153.9 76.9313 3.38605 13.0313 63.025
154 76.9814 3.36059 12.9814 63.0504
154.1 77.0314 3.33523 12.9314 63.0758
154.2 77.0815 3.30997 12.8815 63.101
154.3 77.1316 3.28479 12.8316 63.1262
154.4 77.1816 3.2597 12.7816 63.1513
154.5 77.2317 3.2347 12.7317 63.1763
154.6 77.2818 3.2098 12.6818 63.2012
154.7 77.3318 3.18499 12.6318 63.226
154.8 77.3819 3.16027 12.5819 63.2507
154.9 77.432 3.13564 12.532 63.2754
155 77.482 3.1111 12.4821 63.2999
155.1 77.5321 3.08665 12.4321 63.3244
155.2 77.5822 3.06229 12.3822 63.3487
155.3 77.6322 3.03803 12.3323 63.373
155.4 77.6823 3.01386 12.2823 63.3971
155.5 77.7324 2.98978 12.2324 63.4212
155.6 77.7824 2.96579 12.1825 63.4452
155.7 77.8325 2.9419 12.1325 63.4691
155.8 77.8826 2.9181 12.0826 63.4929
155.9 77.9326 2.89438 12.0327 63.5166
156 77.9827 2.87077 11.9827 63.5402
156.1 78.0328 2.84724 11.9328 63.5638
156.2 78.0828 2.82381 11.8829 63.5872
156.3 78.1329 2.80047 11.8329 63.6105
156.4 78.183 2.77722 11.783 63.6338
156.5 78.233 2.75406 11.7331 63.6569
156.6 78.2831 2.731 11.6831 63.68
156.7 78.3332 2.70803 11.6332 63.703
156.8 78.3832 2.68515 11.5833 63.7258
156.9 78.4333 2.66237 11.5333 63.7486
157 78.4834 2.63968 11.4834 63.7713
157.1 78.5335 2.61708 11.4335 63.7939
157.2 78.5835 2.59457 11.3835 63.8164
157.3 78.6336 2.57216 11.3336 63.8388
157.4 78.6837 2.54984 11.2837 63.8612
157.5 78.7337 2.52762 11.2337 63.8834
157.6 78.7838 2.50549 11.1838 63.9055
157.7 78.8339 2.48345 11.1339 63.9276
157.8 78.8839 2.4615 11.084 63.9495
157.9 78.934 2.43965 11.034 63.9713
158 78.9841 2.4179 10.9841 63.9931
158.1 79.0341 2.39623 10.9342 64.0148
158.2 79.0842 2.37466 10.8842 64.0363
158.3 79.1343 2.35319 10.8343 64.0578
158.4 79.1843 2.33181 10.7844 64.0792
158.5 79.2344 2.31052 10.7344 64.1005
158.6 79.2845 2.28933 10.6845 64.1217
158.7 79.3346 2.26823 10.6346 64.1428
158.8 79.3846 2.24722 10.5846 64.1638
158.9 79.4347 2.22631 10.5347 64.1847
159 79.4848 2.2055 10.4848 64.2055
159.1 79.5348 2.18477 10.4348 64.2262
159.2 79.5849 2.16415 10.3849 64.2469
159.3 79.635 2.14361 10.335 64.2674
159.4 79.685 2.12318 10.2851 64.2878
159.5 79.7351 2.10283 10.2351 64.3082
159.6 79.7852 2.08258 10.1852 64.3284
159.7 79.8352 2.06243 10.1353 64.3486
159.8 79.8853 2.04237 10.0853 64.3686
159.9 79.9354 2.02241 10.0354 64.3886
160 79.9855 2.00254 9.98547 64.4085
160.1 80.0355 1.98276 9.93554 64.4282
160.2 80.0856 1.96308 9.88561 64.4479
160.3 80.1357 1.9435 9.83568 64.4675
160.4 80.1857 1.92401 9.78575 64.487
160.5 80.2358 1.90462 9.73582 64.5064
160.6 80.2859 1.88532 9.68589 64.5257
160.7 80.3359 1.86612 9.63596 64.5449
160.8 80.386 1.84701 9.58603 64.564
160.9 80.4361 1.828 9.5361 64.583
161 80.4862 1.80908 9.48617 64.6019
161.1 80.5362 1.79026 9.43624 64.6207
161.2 80.5863 1.77154 9.38631 64.6395
161.3 80.6364 1.75291 9.33638 64.6581
161.4 80.6864 1.73438 9.28645 64.6766
161.5 80.7365 1.71594 9.23652 64.6951
161.6 80.7866 1.6976 9.18659 64.7134
161.7 80.8366 1.67935 9.13666 64.7316
161.8 80.8867 1.6612 9.08674 64.7498
161.9 80.9368 1.64315 9.03681 64.7679
162 80.9869 1.62519 8.98688 64.7858
162.1 81.0369 1.60733 8.93695 64.8037
162.2 81.087 1.58957 8.88702 64.8214
162.3 81.1371 1.5719 8.83709 64.8391
162.4 81.1871 1.55433 8.78716 64.8567
162.5 81.2372 1.53685 8.73723 64.8741
162.6 81.2873 1.51947 8.6873 64.8915
162.7 81.3374 1.50219 8.63737 64.9088
162.8 81.3874 1.485 8.58744 64.926
162.9 81.4375 1.46792 8.53751 64.9431
163 81.4876 1.45092 8.48758 64.9601
163.1 81.5376 1.43403 8.43765 64.977
163.2 81.5877 1.41723 8.38772 64.9938
163.3 81.6378 1.40053 8.3378 65.0105
163.4 81.6878 1.38392 8.28787 65.0271
163.5 81.7379 1.36741 8.23794 65.0436
163.6 81.788 1.351 8.18801 65.06
163.7 81.8381 1.33469 8.13808 65.0763
163.8 81.8881 1.31847 8.08815 65.0925
163.9 81.9382 1.30235 8.03822 65.1087
164 81.9883 1.28632 7.98829 65.1247
164.1 82.0383 1.2704 7.93837 65.1406
164.2 82.0884 1.25457 7.88844 65.1564
164.3 82.1385 1.23884 7.83851 65.1722
164.4 82.1886 1.22321 7.78858 65.1878
164.5 82.2386 1.20767 7.73865 65.2033
164.6 82.2887 1.19223 7.68872 65.2188
164.7 82.3388 1.17689 7.63879 65.2341
164.8 82.3888 1.16164 7.58887 65.2494
164.9 82.4389 1.1465 7.53894 65.2645
165 82.489 1.13145 7.48901 65.2796
165.1 82.5391 1.1165 7.43908 65.2945
165.2 82.5891 1.10165 7.38915 65.3094
165.3 82.6392 1.08689 7.33922 65.3241
165.4 82.6893 1.07223 7.28929 65.3388
165.5 82.7394 1.05767 7.23937 65.3533
165.6 82.7894 1.04321 7.18944 65.3678
165.7 82.8395 1.02885 7.13951 65.3822
165.8 82.8896 1.01458 7.08958 65.3964
165.9 82.9396 1.00041 7.03965 65.4106
166 82.9897 0.986345 6.98973 65.4247
166.1 83.0398 0.972374 6.9398 65.4386
166.2 83.0899 0.958501 6.88987 65.4525
166.3 83.1399 0.944726 6.83994 65.4663
166.4 83.19 0.931049 6.79001 65.48
166.5 83.2401 0.917471 6.74009 65.4935
166.6 83.2901 0.903991 6.69016 65.507
166.7 83.3402 0.890609 6.64023 65.5204
166.8 83.3903 0.877326 6.5903 65.5337
166.9 83.4404 0.864141 6.54037 65.5469
167 83.4904 0.851055 6.49045 65.5599
167.1 83.5405 0.838067 6.44052 65.5729
167.2 83.5906 0.825178 6.39059 65.5858
167.3 83.6406 0.812388 6.34066 65.5986
167.4 83.6907 0.799696 6.29074 65.6113
167.5 83.7408 0.787103 6.24081 65.6239
167.6 83.7909 0.774609 6.19088 65.6364
167.7 83.8409 0.762213 6.14095 65.6488
167.8 83.891 0.749917 6.09103 65.6611
167.9 83.9411 0.737719 6.0411 65.6733
168 83.9912 0.72562 5.99117 65.6854
168.1 84.0412 0.71362 5.94124 65.6974
168.2 84.0913 0.701719 5.89132 65.7093
168.3 84.1414 0.689917 5.84139 65.7211
168.4 84.1914 0.678214 5.79146 65.7328
168.5 84.2415 0.66661 5.74153 65.7444
168.6 84.2916 0.655106 5.69161 65.7559
168.7 84.3417 0.6437 5.64168 65.7673
168.8 84.3917 0.632394 5.59175 65.7786
168.9 84.4418 0.621186 5.54182 65.7898
169 84.4919 0.610079 5.4919 65.8009
169.1 84.542 0.59907 5.44197 65.8119
169.2 84.592 0.588161 5.39204 65.8228
169.3 84.6421 0.577351 5.34211 65.8336
169.4 84.6922 0.56664 5.29219 65.8444
169.5 84.7422 0.556029 5.24226 65.855
169.6 84.7923 0.545518 5.19233 65.8655
169.7 84.8424 0.535105 5.14241 65.8759
169.8 84.8925 0.524793 5.09248 65.8862
169.9 84.9425 0.51458 5.04255 65.8964
170 84.9926 0.504466 4.99263 65.9065
170.1 85.0427 0.494452 4.9427 65.9165
170.2 85.0928 0.484538 4.89277 65.9265
170.3 85.1428 0.474723 4.84284 65.9363
170.4 85.1929 0.465009 4.79292 65.946
170.5 85.243 0.455393 4.74299 65.9556
170.6 85.2931 0.445878 4.69306 65.9651
170.7 85.3431 0.436463 4.64314 65.9745
170.8 85.3932 0.427147 4.59321 65.9839
170.9 85.4433 0.417931 4.54328 65.9931
171 85.4933 0.408815 4.49336 66.0022
171.1 85.5434 0.399799 4.44343 66.0112
171.2 85.5935 0.390882 4.3935 66.0201
171.3 85.6436 0.382066 4.34358 66.0289
171.4 85.6936 0.37335 4.29365 66.0377
171.5 85.7437 0.364734 4.24372 66.0463
171.6 85.7938 0.356218 4.1938 66.0548
171.7 85.8439 0.347801 4.14387 66.0632
171.8 85.8939 0.339485 4.09394 66.0715
171.9 85.944 0.331269 4.04402 66.0797
172 85.9941 0.323154 3.99409 66.0878
172.1 86.0442 0.315138 3.94416 66.0959
172.2 86.0942 0.307223 3.89424 66.1038
172.3 86.1443 0.299407 3.84431 66.1116
172.4 86.1944 0.291692 3.79438 66.1193
172.5 86.2444 0.284078 3.74446 66.1269
172.6 86.2945 0.276563 3.69453 66.1344
172.7 86.3446 0.269149 3.6446 66.1419
172.8 86.3947 0.261835 3.59468 66.1492
172.9 86.4447 0.254622 3.54475 66.1564
173 86.4948 0.247509 3.49482 66.1635
173.1 86.5449 0.240496 3.4449 66.1705
173.2 86.595 0.233584 3.39497 66.1774
173.3 86.645 0.226772 3.34505 66.1842
173.4 86.6951 0.220061 3.29512 66.1909
173.5 86.7452 0.21345 3.24519 66.1976
173.6 86.7953 0.206939 3.19527 66.2041
173.7 86.8453 0.200529 3.14534 66.2105
173.8 86.8954 0.19422 3.09541 66.2168
173.9 86.9455 0.188011 3.04549 66.223
174 86.9956 0.181903 2.99556 66.2291
174.1 87.0456 0.175896 2.94563 66.2351
174.2 87.0957 0.169989 2.89571 66.241
174.3 87.1458 0.164182 2.84578 66.2468
174.4 87.1958 0.158477 2.79586 66.2525
174.5 87.2459 0.152872 2.74593 66.2581
174.6 87.296 0.147367 2.696 66.2636
174.7 87.3461 0.141964 2.64608 66.269
174.8 87.3961 0.136661 2.59615 66.2743
174.9 87.4462 0.131458 2.54622 66.2795
175 87.4963 0.126357 2.4963 66.2846
175.1 87.5464 0.121356 2.44637 66.2896
175.2 87.5964 0.116456 2.39645 66.2945
175.3 87.6465 0.111657 2.34652 66.2993
175.4 87.6966 0.106959 2.29659 66.304
175.5 87.7467 0.102361 2.24667 66.3086
175.6 87.7967 0.0978648 2.19674 66.3131
175.7 87.8468 0.093469 2.14682 66.3175
175.8 87.8969 0.0891741 2.09689 66.3218
175.9 87.947 0.0849801 2.04696 66.326
176 87.997 0.0808869 1.99704 66.3301
176.1 88.0471 0.0768947 1.94711 66.3341
176.2 88.0972 0.0730033 1.89719 66.338
176.3 88.1473 0.0692129 1.84726 66.3418
176.4 88.1973 0.0655235 1.79733 66.3455
176.5 88.2474 0.061935 1.74741 66.3491
176.6 88.2975 0.0584474 1.69748 66.3526
176.7 88.3476 0.0550608 1.64756 66.3559
176.8 88.3976 0.0517752 1.59763 66.3592
176.9 88.4477 0.0485906 1.5477 66.3624
177 88.4978 0.045507 1.49778 66.3655
177.1 88.5478 0.0425244 1.44785 66.3685
177.2 88.5979 0.0396428 1.39793 66.3714
177.3 88.648 0.0368623 1.348 66.3741
177.4 88.6981 0.0341827 1.29807 66.3768
177.5 88.7481 0.0316043 1.24815 66.3794
177.6 88.7982 0.0291269 1.19822 66.3819
177.7 88.8483 0.0267505 1.1483 66.3842
177.8 88.8984 0.0244752 1.09837 66.3865
177.9 88.9484 0.022301 1.04844 66.3887
178 88.9985 0.0202279 0.998518 66.3908
178.1 89.0486 0.0182559 0.948592 66.3927
178.2 89.0987 0.0163849 0.898666 66.3946
178.3 89.1487 0.0146151 0.84874 66.3964
178.4 89.1988 0.0129463 0.798814 66.3981
178.5 89.2489 0.0113787 0.748888 66.3996
178.6 89.299 0.00991218 0.698962 66.4011
178.7 89.349 0.00854679 0.649037 66.4025
178.8 89.3991 0.00728251 0.599111 66.4037
178.9 89.4492 0.00611937 0.549185 66.4049
179 89.4993 0.00505736 0.499259 66.4059
179.1 89.5493 0.00409648 0.449333 66.4069
179.2 89.5994 0.00323674 0.399407 66.4078
179.3 89.6495 0.00247814 0.349481 66.4085
179.4 89.6996 0.00182068 0.299555 66.4092
179.5 89.7496 0.00126436 0.249629 66.4097
179.6 89.7997 0.000809195 0.199704 66.4102
179.7 89.8498 0.000455173 0.149778 66.4105
179.8 89.8999 0.000202299 0.0998518 66.4108
179.9 89.9499 5.05749e-05 0.0499259 66.4109
180 0.750776 0 3.50315e-15 66.411
