#kinematics calculation of exex
#vertex z = 0 mm, E_reaction = 69.027 MeV
#theta_cm, theta3_lab, Ek3_lab, theta4_lab, Ek4_lab
0 0 59.8164 0 0.330586
0.1 0.0462165 59.8164 0.622473 0.330632
0.2 0.0924331 59.8162 1.24476 0.330767
0.3 0.13865 59.816 1.86668 0.330994
0.4 0.184866 59.8157 2.48805 0.331311
0.5 0.231083 59.8153 3.10869 0.331719
0.6 0.277299 59.8148 3.72841 0.332217
0.7 0.323515 59.8142 4.34703 0.332806
0.8 0.369732 59.8135 4.96438 0.333485
0.9 0.415948 59.8127 5.58029 0.334256
1 0.462164 59.8119 6.19457 0.335116
1.1 0.508381 59.8109 6.80706 0.336068
1.2 0.554597 59.8099 7.41758 0.337109
1.3 0.600813 59.8088 8.02598 0.338242
1.4 0.647029 59.8075 8.63209 0.339465
1.5 0.693245 59.8062 9.23576 0.340778
1.6 0.739461 59.8048 9.83682 0.342183
1.7 0.785677 59.8033 10.4351 0.343677
1.8 0.831892 59.8017 11.0305 0.345263
1.9 0.878108 59.8001 11.6229 0.346938
2 0.924324 59.7983 12.2121 0.348705
2.1 0.970539 59.7964 12.798 0.350562
2.2 1.01675 59.7945 13.3804 0.352509
2.3 1.06297 59.7925 13.9593 0.354547
2.4 1.10918 59.7903 14.5345 0.356676
2.5 1.1554 59.7881 15.1059 0.358895
2.6 1.20161 59.7858 15.6734 0.361205
2.7 1.24783 59.7834 16.2368 0.363605
2.8 1.29404 59.7809 16.7962 0.366095
2.9 1.34026 59.7783 17.3513 0.368676
3 1.38647 59.7757 17.9022 0.371348
3.1 1.43269 59.7729 18.4487 0.37411
3.2 1.4789 59.77 18.9907 0.376962
3.3 1.52511 59.7671 19.5282 0.379905
3.4 1.57133 59.7641 20.061 0.382939
3.5 1.61754 59.7609 20.5892 0.386063
3.6 1.66375 59.7577 21.1127 0.389277
3.7 1.70997 59.7544 21.6314 0.392582
3.8 1.75618 59.751 22.1453 0.395977
3.9 1.80239 59.7475 22.6543 0.399463
4 1.8486 59.744 23.1584 0.403039
4.1 1.89482 59.7403 23.6575 0.406705
4.2 1.94103 59.7365 24.1516 0.410462
4.3 1.98724 59.7327 24.6407 0.414309
4.4 2.03345 59.7288 25.1248 0.418246
4.5 2.07966 59.7247 25.6038 0.422274
4.6 2.12587 59.7206 26.0777 0.426392
4.7 2.17208 59.7164 26.5466 0.4306
4.8 2.21829 59.7121 27.0103 0.434899
4.9 2.2645 59.7077 27.4689 0.439288
5 2.31071 59.7032 27.9224 0.443767
5.1 2.35692 59.6987 28.3709 0.448337
5.2 2.40313 59.694 28.8142 0.452996
5.3 2.44934 59.6893 29.2524 0.457746
5.4 2.49555 59.6844 29.6855 0.462586
5.5 2.54176 59.6795 30.1136 0.467517
5.6 2.58797 59.6745 30.5365 0.472537
5.7 2.63417 59.6694 30.9545 0.477648
5.8 2.68038 59.6642 31.3674 0.482849
5.9 2.72659 59.6589 31.7753 0.48814
6 2.7728 59.6535 32.1783 0.493521
6.1 2.819 59.648 32.5763 0.498992
6.2 2.86521 59.6424 32.9693 0.504554
6.3 2.91142 59.6368 33.3575 0.510205
6.4 2.95762 59.6311 33.7408 0.515947
6.5 3.00383 59.6252 34.1192 0.521778
6.6 3.05003 59.6193 34.4929 0.5277
6.7 3.09624 59.6133 34.8618 0.533711
6.8 3.14244 59.6072 35.226 0.539813
6.9 3.18864 59.601 35.5855 0.546004
7 3.23485 59.5947 35.9403 0.552285
7.1 3.28105 59.5883 36.2905 0.558657
7.2 3.32725 59.5819 36.6362 0.565118
7.3 3.37345 59.5753 36.9773 0.571669
7.4 3.41966 59.5687 37.3139 0.57831
7.5 3.46586 59.562 37.6461 0.585041
7.6 3.51206 59.5551 37.9739 0.591862
7.7 3.55826 59.5482 38.2973 0.598772
7.8 3.60446 59.5412 38.6164 0.605772
7.9 3.65066 59.5341 38.9313 0.612862
8 3.69686 59.527 39.2419 0.620042
8.1 3.74306 59.5197 39.5484 0.627312
8.2 3.78926 59.5123 39.8507 0.634671
8.3 3.83545 59.5049 40.1489 0.64212
8.4 3.88165 59.4973 40.4431 0.649658
8.5 3.92785 59.4897 40.7333 0.657287
8.6 3.97405 59.482 41.0195 0.665004
8.7 4.02024 59.4742 41.3018 0.672812
8.8 4.06644 59.4663 41.5803 0.680709
8.9 4.11263 59.4583 41.855 0.688695
9 4.15883 59.4502 42.1259 0.696771
9.1 4.20502 59.4421 42.3931 0.704936
9.2 4.25122 59.4338 42.6566 0.713191
9.3 4.29741 59.4255 42.9165 0.721536
9.4 4.3436 59.417 43.1728 0.729969
9.5 4.38979 59.4085 43.4256 0.738492
9.6 4.43598 59.3999 43.6748 0.747105
9.7 4.48218 59.3912 43.9206 0.755807
9.8 4.52837 59.3824 44.1631 0.764598
9.9 4.57456 59.3735 44.4021 0.773478
10 4.62075 59.3646 44.6379 0.782448
10.1 4.66694 59.3555 44.8703 0.791507
10.2 4.71312 59.3463 45.0996 0.800655
10.3 4.75931 59.3371 45.3256 0.809892
10.4 4.8055 59.3278 45.5485 0.819219
10.5 4.85169 59.3184 45.7683 0.828634
10.6 4.89787 59.3089 45.9851 0.838139
10.7 4.94406 59.2993 46.1988 0.847732
10.8 4.99024 59.2896 46.4095 0.857415
10.9 5.03643 59.2798 46.6173 0.867187
11 5.08261 59.27 46.8222 0.877047
11.1 5.12879 59.26 47.0242 0.886997
11.2 5.17498 59.25 47.2234 0.897035
11.3 5.22116 59.2398 47.4198 0.907163
11.4 5.26734 59.2296 47.6135 0.917379
11.5 5.31352 59.2193 47.8044 0.927684
11.6 5.3597 59.2089 47.9927 0.938078
11.7 5.40588 59.1984 48.1783 0.94856
11.8 5.45206 59.1879 48.3614 0.959132
11.9 5.49824 59.1772 48.5418 0.969792
12 5.54441 59.1665 48.7198 0.98054
12.1 5.59059 59.1556 48.8952 0.991378
12.2 5.63677 59.1447 49.0682 1.0023
12.3 5.68294 59.1337 49.2388 1.01332
12.4 5.72912 59.1226 49.4069 1.02442
12.5 5.77529 59.1114 49.5728 1.03561
12.6 5.82146 59.1001 49.7362 1.04689
12.7 5.86764 59.0887 49.8974 1.05826
12.8 5.91381 59.0773 50.0563 1.06972
12.9 5.95998 59.0657 50.213 1.08126
13 6.00615 59.0541 50.3675 1.0929
13.1 6.05232 59.0424 50.5198 1.10462
13.2 6.09849 59.0306 50.6699 1.11643
13.3 6.14466 59.0187 50.8179 1.12832
13.4 6.19083 59.0067 50.9639 1.14031
13.5 6.23699 58.9946 51.1078 1.15239
13.6 6.28316 58.9825 51.2497 1.16455
13.7 6.32933 58.9702 51.3895 1.1768
13.8 6.37549 58.9579 51.5274 1.18914
13.9 6.42165 58.9454 51.6634 1.20156
14 6.46782 58.9329 51.7974 1.21408
14.1 6.51398 58.9203 51.9295 1.22668
14.2 6.56014 58.9076 52.0598 1.23937
14.3 6.6063 58.8949 52.1882 1.25215
14.4 6.65246 58.882 52.3148 1.26501
14.5 6.69862 58.869 52.4396 1.27797
14.6 6.74478 58.856 52.5626 1.29101
14.7 6.79094 58.8429 52.6839 1.30414
14.8 6.83709 58.8296 52.8035 1.31736
14.9 6.88325 58.8163 52.9214 1.33066
15 6.92941 58.8029 53.0376 1.34405
15.1 6.97556 58.7895 53.1521 1.35753
15.2 7.02171 58.7759 53.265 1.3711
15.3 7.06787 58.7622 53.3763 1.38475
15.4 7.11402 58.7485 53.486 1.39849
15.5 7.16017 58.7347 53.5942 1.41232
15.6 7.20632 58.7208 53.7008 1.42624
15.7 7.25247 58.7068 53.8058 1.44024
15.8 7.29862 58.6927 53.9094 1.45433
15.9 7.34476 58.6785 54.0115 1.46851
16 7.39091 58.6642 54.1121 1.48278
16.1 7.43706 58.6499 54.2112 1.49713
16.2 7.4832 58.6354 54.309 1.51157
16.3 7.52934 58.6209 54.4053 1.52609
16.4 7.57549 58.6063 54.5002 1.54071
16.5 7.62163 58.5916 54.5938 1.55541
16.6 7.66777 58.5768 54.686 1.57019
16.7 7.71391 58.5619 54.7769 1.58507
16.8 7.76005 58.547 54.8664 1.60003
16.9 7.80619 58.5319 54.9547 1.61508
17 7.85233 58.5168 55.0417 1.63021
17.1 7.89846 58.5016 55.1274 1.64543
17.2 7.9446 58.4863 55.2118 1.66074
17.3 7.99073 58.4709 55.295 1.67613
17.4 8.03686 58.4554 55.377 1.69161
17.5 8.083 58.4398 55.4578 1.70718
17.6 8.12913 58.4242 55.5373 1.72283
17.7 8.17526 58.4084 55.6157 1.73857
17.8 8.22139 58.3926 55.693 1.7544
17.9 8.26752 58.3767 55.7691 1.77031
18 8.31365 58.3607 55.8441 1.78631
18.1 8.35977 58.3446 55.9179 1.80239
18.2 8.4059 58.3284 55.9907 1.81856
18.3 8.45202 58.3122 56.0623 1.83482
18.4 8.49815 58.2958 56.1329 1.85116
18.5 8.54427 58.2794 56.2024 1.86759
18.6 8.59039 58.2629 56.2709 1.88411
18.7 8.63651 58.2463 56.3383 1.90071
18.8 8.68263 58.2296 56.4047 1.91739
18.9 8.72875 58.2128 56.4701 1.93416
19 8.77486 58.196 56.5345 1.95102
19.1 8.82098 58.179 56.5979 1.96797
19.2 8.8671 58.162 56.6603 1.985
19.3 8.91321 58.1449 56.7218 2.00211
19.4 8.95932 58.1277 56.7823 2.01931
19.5 9.00543 58.1104 56.8419 2.0366
19.6 9.05154 58.093 56.9006 2.05397
19.7 9.09765 58.0756 56.9583 2.07142
19.8 9.14376 58.058 57.0151 2.08896
19.9 9.18987 58.0404 57.071 2.10659
20 9.23598 58.0227 57.1261 2.1243
20.1 9.28208 58.0049 57.1802 2.1421
20.2 9.32819 57.987 57.2336 2.15998
20.3 9.37429 57.969 57.286 2.17795
20.4 9.42039 57.951 57.3376 2.196
20.5 9.46649 57.9329 57.3884 2.21414
20.6 9.51259 57.9146 57.4383 2.23236
20.7 9.55869 57.8963 57.4875 2.25067
20.8 9.60478 57.8779 57.5358 2.26906
20.9 9.65088 57.8595 57.5833 2.28754
21 9.69697 57.8409 57.6301 2.3061
21.1 9.74307 57.8223 57.676 2.32474
21.2 9.78916 57.8035 57.7212 2.34347
21.3 9.83525 57.7847 57.7657 2.36229
21.4 9.88134 57.7658 57.8093 2.38119
21.5 9.92743 57.7468 57.8523 2.40017
21.6 9.97352 57.7278 57.8945 2.41924
21.7 10.0196 57.7086 57.936 2.43839
21.8 10.0657 57.6894 57.9767 2.45763
21.9 10.1118 57.6701 58.0168 2.47695
22 10.1579 57.6506 58.0561 2.49635
22.1 10.2039 57.6312 58.0948 2.51584
22.2 10.25 57.6116 58.1328 2.53541
22.3 10.2961 57.5919 58.1701 2.55507
22.4 10.3422 57.5722 58.2067 2.57481
22.5 10.3882 57.5524 58.2427 2.59463
22.6 10.4343 57.5325 58.278 2.61454
22.7 10.4804 57.5125 58.3126 2.63453
22.8 10.5265 57.4924 58.3466 2.6546
22.9 10.5725 57.4722 58.38 2.67476
23 10.6186 57.452 58.4128 2.695
23.1 10.6647 57.4317 58.4449 2.71533
23.2 10.7107 57.4113 58.4764 2.73574
23.3 10.7568 57.3908 58.5073 2.75623
23.4 10.8029 57.3702 58.5376 2.7768
23.5 10.8489 57.3495 58.5674 2.79746
23.6 10.895 57.3288 58.5965 2.8182
23.7 10.9411 57.308 58.625 2.83903
23.8 10.9871 57.2871 58.653 2.85993
23.9 11.0332 57.2661 58.6804 2.88092
24 11.0792 57.245 58.7072 2.902
24.1 11.1253 57.2238 58.7335 2.92315
24.2 11.1713 57.2026 58.7592 2.94439
24.3 11.2174 57.1813 58.7844 2.96571
24.4 11.2634 57.1599 58.8091 2.98711
24.5 11.3095 57.1384 58.8332 3.0086
24.6 11.3555 57.1168 58.8567 3.03017
24.7 11.4016 57.0952 58.8798 3.05182
24.8 11.4476 57.0734 58.9023 3.07355
24.9 11.4937 57.0516 58.9244 3.09537
25 11.5397 57.0297 58.9459 3.11727
25.1 11.5858 57.0078 58.9669 3.13925
25.2 11.6318 56.9857 58.9874 3.16131
25.3 11.6778 56.9635 59.0074 3.18345
25.4 11.7239 56.9413 59.027 3.20568
25.5 11.7699 56.919 59.046 3.22798
25.6 11.8159 56.8966 59.0646 3.25037
25.7 11.862 56.8742 59.0827 3.27284
25.8 11.908 56.8516 59.1004 3.2954
25.9 11.954 56.829 59.1176 3.31803
26 12 56.8063 59.1343 3.34075
26.1 12.0461 56.7835 59.1505 3.36354
26.2 12.0921 56.7606 59.1664 3.38642
26.3 12.1381 56.7376 59.1817 3.40938
26.4 12.1841 56.7146 59.1967 3.43242
26.5 12.2302 56.6915 59.2112 3.45554
26.6 12.2762 56.6683 59.2252 3.47875
26.7 12.3222 56.645 59.2389 3.50203
26.8 12.3682 56.6216 59.2521 3.5254
26.9 12.4142 56.5982 59.2649 3.54884
27 12.4602 56.5746 59.2773 3.57237
27.1 12.5062 56.551 59.2893 3.59598
27.2 12.5523 56.5273 59.3008 3.61967
27.3 12.5983 56.5036 59.312 3.64343
27.4 12.6443 56.4797 59.3228 3.66728
27.5 12.6903 56.4558 59.3331 3.69121
27.6 12.7363 56.4318 59.3431 3.71522
27.7 12.7823 56.4077 59.3527 3.73931
27.8 12.8283 56.3835 59.3619 3.76348
27.9 12.8743 56.3593 59.3708 3.78774
28 12.9203 56.3349 59.3792 3.81207
28.1 12.9663 56.3105 59.3873 3.83648
28.2 13.0122 56.286 59.395 3.86097
28.3 13.0582 56.2615 59.4024 3.88554
28.4 13.1042 56.2368 59.4093 3.91019
28.5 13.1502 56.2121 59.416 3.93492
28.6 13.1962 56.1873 59.4222 3.95973
28.7 13.2422 56.1624 59.4282 3.98462
28.8 13.2882 56.1374 59.4337 4.00959
28.9 13.3341 56.1124 59.4389 4.03463
29 13.3801 56.0872 59.4438 4.05976
29.1 13.4261 56.062 59.4484 4.08497
29.2 13.4721 56.0367 59.4526 4.11025
29.3 13.518 56.0114 59.4564 4.13562
29.4 13.564 55.9859 59.46 4.16106
29.5 13.61 55.9604 59.4632 4.18659
29.6 13.656 55.9348 59.4661 4.21219
29.7 13.7019 55.9091 59.4686 4.23787
29.8 13.7479 55.8834 59.4709 4.26363
29.9 13.7939 55.8575 59.4728 4.28946
30 13.8398 55.8316 59.4745 4.31538
30.1 13.8858 55.8056 59.4758 4.34138
30.2 13.9317 55.7796 59.4768 4.36745
30.3 13.9777 55.7534 59.4775 4.3936
30.4 14.0236 55.7272 59.4779 4.41983
30.5 14.0696 55.7009 59.478 4.44614
30.6 14.1155 55.6745 59.4778 4.47252
30.7 14.1615 55.648 59.4773 4.49899
30.8 14.2074 55.6215 59.4765 4.52553
30.9 14.2534 55.5949 59.4754 4.55215
31 14.2993 55.5682 59.4741 4.57885
31.1 14.3453 55.5414 59.4724 4.60562
31.2 14.3912 55.5145 59.4705 4.63247
31.3 14.4371 55.4876 59.4683 4.6594
31.4 14.4831 55.4606 59.4658 4.68641
31.5 14.529 55.4335 59.4631 4.7135
31.6 14.5749 55.4063 59.4601 4.74066
31.7 14.6209 55.3791 59.4568 4.7679
31.8 14.6668 55.3518 59.4532 4.79521
31.9 14.7127 55.3244 59.4494 4.82261
32 14.7586 55.2969 59.4453 4.85008
32.1 14.8046 55.2694 59.441 4.87763
32.2 14.8505 55.2418 59.4364 4.90525
32.3 14.8964 55.214 59.4315 4.93295
32.4 14.9423 55.1863 59.4264 4.96073
32.5 14.9882 55.1584 59.421 4.98858
32.6 15.0341 55.1305 59.4154 5.01651
32.7 15.0801 55.1025 59.4096 5.04452
32.8 15.126 55.0744 59.4035 5.0726
32.9 15.1719 55.0462 59.3971 5.10076
33 15.2178 55.018 59.3905 5.12899
33.1 15.2637 54.9897 59.3837 5.1573
33.2 15.3096 54.9613 59.3767 5.18569
33.3 15.3555 54.9328 59.3694 5.21415
33.4 15.4014 54.9043 59.3618 5.24269
33.5 15.4473 54.8757 59.3541 5.27131
33.6 15.4932 54.847 59.3461 5.3
33.7 15.539 54.8182 59.3379 5.32876
33.8 15.5849 54.7894 59.3294 5.3576
33.9 15.6308 54.7605 59.3208 5.38652
34 15.6767 54.7315 59.3119 5.41551
34.1 15.7226 54.7024 59.3028 5.44457
34.2 15.7685 54.6733 59.2934 5.47371
34.3 15.8143 54.6441 59.2839 5.50293
34.4 15.8602 54.6148 59.2741 5.53222
34.5 15.9061 54.5854 59.2642 5.56159
34.6 15.952 54.556 59.254 5.59103
34.7 15.9978 54.5265 59.2436 5.62054
34.8 16.0437 54.4969 59.233 5.65013
34.9 16.0896 54.4672 59.2222 5.67979
35 16.1354 54.4375 59.2112 5.70953
35.1 16.1813 54.4077 59.2 5.73934
35.2 16.2271 54.3778 59.1885 5.76923
35.3 16.273 54.3478 59.1769 5.79919
35.4 16.3189 54.3178 59.1651 5.82922
35.5 16.3647 54.2877 59.1531 5.85933
35.6 16.4106 54.2575 59.1409 5.88951
35.7 16.4564 54.2272 59.1285 5.91977
35.8 16.5022 54.1969 59.1159 5.9501
35.9 16.5481 54.1665 59.1031 5.9805
36 16.5939 54.136 59.0902 6.01098
36.1 16.6398 54.1055 59.077 6.04153
36.2 16.6856 54.0749 59.0637 6.07215
36.3 16.7314 54.0442 59.0501 6.10284
36.4 16.7773 54.0134 59.0364 6.13361
36.5 16.8231 53.9825 59.0225 6.16445
36.6 16.8689 53.9516 59.0085 6.19537
36.7 16.9147 53.9206 58.9942 6.22636
36.8 16.9606 53.8896 58.9798 6.25742
36.9 17.0064 53.8585 58.9652 6.28855
37 17.0522 53.8272 58.9504 6.31975
37.1 17.098 53.796 58.9354 6.35103
37.2 17.1438 53.7646 58.9203 6.38238
37.3 17.1896 53.7332 58.905 6.4138
37.4 17.2355 53.7017 58.8895 6.44529
37.5 17.2813 53.6701 58.8739 6.47686
37.6 17.3271 53.6385 58.8581 6.5085
37.7 17.3729 53.6068 58.8421 6.54021
37.8 17.4187 53.575 58.826 6.57199
37.9 17.4645 53.5432 58.8097 6.60384
38 17.5103 53.5112 58.7932 6.63576
38.1 17.556 53.4792 58.7766 6.66776
38.2 17.6018 53.4472 58.7598 6.69983
38.3 17.6476 53.415 58.7428 6.73196
38.4 17.6934 53.3828 58.7257 6.76417
38.5 17.7392 53.3505 58.7085 6.79645
38.6 17.785 53.3182 58.6911 6.8288
38.7 17.8307 53.2858 58.6735 6.86123
38.8 17.8765 53.2533 58.6558 6.89372
38.9 17.9223 53.2207 58.6379 6.92628
39 17.9681 53.1881 58.6199 6.95891
39.1 18.0138 53.1554 58.6017 6.99162
39.2 18.0596 53.1226 58.5834 7.02439
39.3 18.1053 53.0898 58.5649 7.05724
39.4 18.1511 53.0568 58.5463 7.09015
39.5 18.1969 53.0239 58.5275 7.12314
39.6 18.2426 52.9908 58.5086 7.15619
39.7 18.2884 52.9577 58.4895 7.18932
39.8 18.3341 52.9245 58.4703 7.22251
39.9 18.3799 52.8912 58.451 7.25577
40 18.4256 52.8579 58.4315 7.28911
40.1 18.4714 52.8245 58.4119 7.32251
40.2 18.5171 52.791 58.3922 7.35598
40.3 18.5628 52.7575 58.3723 7.38952
40.4 18.6086 52.7239 58.3522 7.42313
40.5 18.6543 52.6902 58.3321 7.45681
40.6 18.7 52.6564 58.3118 7.49056
40.7 18.7457 52.6226 58.2913 7.52438
40.8 18.7915 52.5887 58.2708 7.55826
40.9 18.8372 52.5548 58.2501 7.59222
41 18.8829 52.5208 58.2292 7.62624
41.1 18.9286 52.4867 58.2083 7.66033
41.2 18.9743 52.4525 58.1872 7.69449
41.3 19.02 52.4183 58.166 7.72872
41.4 19.0658 52.384 58.1446 7.76301
41.5 19.1115 52.3496 58.1232 7.79737
41.6 19.1572 52.3152 58.1016 7.83181
41.7 19.2029 52.2807 58.0798 7.8663
41.8 19.2486 52.2461 58.058 7.90087
41.9 19.2942 52.2115 58.036 7.93551
42 19.3399 52.1768 58.0139 7.97021
42.1 19.3856 52.142 57.9917 8.00498
42.2 19.4313 52.1072 57.9694 8.03981
42.3 19.477 52.0723 57.9469 8.07472
42.4 19.5227 52.0373 57.9244 8.10969
42.5 19.5683 52.0023 57.9017 8.14472
42.6 19.614 51.9672 57.8789 8.17983
42.7 19.6597 51.932 57.8559 8.215
42.8 19.7054 51.8968 57.8329 8.25024
42.9 19.751 51.8615 57.8097 8.28554
43 19.7967 51.8261 57.7865 8.32091
43.1 19.8423 51.7907 57.7631 8.35635
43.2 19.888 51.7552 57.7396 8.39185
43.3 19.9337 51.7196 57.716 8.42742
43.4 19.9793 51.6839 57.6923 8.46305
43.5 20.025 51.6482 57.6684 8.49875
43.6 20.0706 51.6125 57.6445 8.53452
43.7 20.1162 51.5766 57.6204 8.57035
43.8 20.1619 51.5408 57.5963 8.60625
43.9 20.2075 51.5048 57.572 8.64221
44 20.2532 51.4688 57.5476 8.67824
44.1 20.2988 51.4327 57.5231 8.71433
44.2 20.3444 51.3965 57.4986 8.75049
44.3 20.39 51.3603 57.4739 8.78671
44.4 20.4357 51.324 57.4491 8.823
44.5 20.4813 51.2876 57.4242 8.85935
44.6 20.5269 51.2512 57.3992 8.89577
44.7 20.5725 51.2147 57.3741 8.93225
44.8 20.6181 51.1782 57.3489 8.9688
44.9 20.6637 51.1416 57.3236 9.00541
45 20.7093 51.1049 57.2982 9.04208
45.1 20.7549 51.0682 57.2726 9.07882
45.2 20.8005 51.0314 57.247 9.11563
45.3 20.8461 50.9945 57.2213 9.15249
45.4 20.8917 50.9576 57.1955 9.18942
45.5 20.9373 50.9206 57.1696 9.22642
45.6 20.9829 50.8835 57.1436 9.26347
45.7 21.0285 50.8464 57.1175 9.30059
45.8 21.0741 50.8092 57.0914 9.33778
45.9 21.1196 50.772 57.0651 9.37503
46 21.1652 50.7347 57.0387 9.41234
46.1 21.2108 50.6973 57.0122 9.44971
46.2 21.2563 50.6599 56.9857 9.48715
46.3 21.3019 50.6224 56.959 9.52464
46.4 21.3475 50.5848 56.9323 9.56221
46.5 21.393 50.5472 56.9054 9.59983
46.6 21.4386 50.5095 56.8785 9.63752
46.7 21.4841 50.4717 56.8515 9.67526
46.8 21.5297 50.4339 56.8244 9.71307
46.9 21.5752 50.3961 56.7972 9.75095
47 21.6208 50.3581 56.7699 9.78888
47.1 21.6663 50.3201 56.7425 9.82688
47.2 21.7118 50.2821 56.715 9.86494
47.3 21.7574 50.2439 56.6875 9.90306
47.4 21.8029 50.2058 56.6598 9.94124
47.5 21.8484 50.1675 56.6321 9.97948
47.6 21.8939 50.1292 56.6043 10.0178
47.7 21.9395 50.0909 56.5764 10.0561
47.8 21.985 50.0524 56.5484 10.0946
47.9 22.0305 50.0139 56.5204 10.1331
48 22.076 49.9754 56.4922 10.1716
48.1 22.1215 49.9368 56.464 10.2102
48.2 22.167 49.8981 56.4357 10.2489
48.3 22.2125 49.8594 56.4073 10.2876
48.4 22.258 49.8206 56.3788 10.3264
48.5 22.3035 49.7818 56.3503 10.3652
48.6 22.349 49.7428 56.3217 10.4042
48.7 22.3944 49.7039 56.2929 10.4431
48.8 22.4399 49.6648 56.2642 10.4822
48.9 22.4854 49.6258 56.2353 10.5212
49 22.5309 49.5866 56.2063 10.5604
49.1 22.5764 49.5474 56.1773 10.5996
49.2 22.6218 49.5081 56.1482 10.6389
49.3 22.6673 49.4688 56.119 10.6782
49.4 22.7127 49.4294 56.0898 10.7176
49.5 22.7582 49.39 56.0604 10.757
49.6 22.8037 49.3505 56.031 10.7965
49.7 22.8491 49.3109 56.0015 10.8361
49.8 22.8946 49.2713 55.972 10.8757
49.9 22.94 49.2316 55.9423 10.9154
50 22.9854 49.1919 55.9126 10.9551
50.1 23.0309 49.1521 55.8828 10.9949
50.2 23.0763 49.1122 55.853 11.0348
50.3 23.1217 49.0723 55.823 11.0747
50.4 23.1672 49.0323 55.793 11.1147
50.5 23.2126 48.9923 55.763 11.1547
50.6 23.258 48.9522 55.7328 11.1948
50.7 23.3034 48.9121 55.7026 11.2349
50.8 23.3488 48.8719 55.6723 11.2751
50.9 23.3942 48.8316 55.642 11.3154
51 23.4396 48.7913 55.6115 11.3557
51.1 23.485 48.751 55.581 11.396
51.2 23.5304 48.7105 55.5505 11.4365
51.3 23.5758 48.67 55.5198 11.477
51.4 23.6212 48.6295 55.4891 11.5175
51.5 23.6666 48.5889 55.4584 11.5581
51.6 23.712 48.5482 55.4275 11.5988
51.7 23.7573 48.5075 55.3966 11.6395
51.8 23.8027 48.4668 55.3657 11.6802
51.9 23.8481 48.4259 55.3346 11.7211
52 23.8935 48.3851 55.3035 11.7619
52.1 23.9388 48.3441 55.2723 11.8029
52.2 23.9842 48.3031 55.2411 11.8439
52.3 24.0295 48.2621 55.2098 11.8849
52.4 24.0749 48.221 55.1784 11.926
52.5 24.1202 48.1798 55.147 11.9672
52.6 24.1656 48.1386 55.1155 12.0084
52.7 24.2109 48.0974 55.084 12.0496
52.8 24.2562 48.056 55.0523 12.091
52.9 24.3016 48.0147 55.0207 12.1323
53 24.3469 47.9732 54.9889 12.1738
53.1 24.3922 47.9317 54.9571 12.2153
53.2 24.4375 47.8902 54.9252 12.2568
53.3 24.4829 47.8486 54.8933 12.2984
53.4 24.5282 47.807 54.8613 12.34
53.5 24.5735 47.7653 54.8293 12.3817
53.6 24.6188 47.7235 54.7972 12.4235
53.7 24.6641 47.6817 54.765 12.4653
53.8 24.7094 47.6398 54.7327 12.5072
53.9 24.7547 47.5979 54.7005 12.5491
54 24.8 47.5559 54.6681 12.5911
54.1 24.8452 47.5139 54.6357 12.6331
54.2 24.8905 47.4718 54.6032 12.6752
54.3 24.9358 47.4297 54.5707 12.7173
54.4 24.9811 47.3875 54.5381 12.7595
54.5 25.0263 47.3453 54.5055 12.8017
54.6 25.0716 47.303 54.4728 12.844
54.7 25.1169 47.2607 54.44 12.8863
54.8 25.1621 47.2183 54.4072 12.9287
54.9 25.2074 47.1758 54.3743 12.9712
55 25.2526 47.1333 54.3414 13.0137
55.1 25.2978 47.0908 54.3084 13.0562
55.2 25.3431 47.0482 54.2754 13.0988
55.3 25.3883 47.0055 54.2423 13.1415
55.4 25.4336 46.9628 54.2092 13.1842
55.5 25.4788 46.9201 54.176 13.2269
55.6 25.524 46.8773 54.1427 13.2697
55.7 25.5692 46.8344 54.1094 13.3126
55.8 25.6144 46.7915 54.076 13.3555
55.9 25.6596 46.7485 54.0426 13.3985
56 25.7048 46.7055 54.0091 13.4415
56.1 25.75 46.6625 53.9756 13.4845
56.2 25.7952 46.6194 53.9421 13.5276
56.3 25.8404 46.5762 53.9084 13.5708
56.4 25.8856 46.533 53.8747 13.614
56.5 25.9308 46.4897 53.841 13.6573
56.6 25.976 46.4464 53.8072 13.7006
56.7 26.0212 46.403 53.7734 13.744
56.8 26.0663 46.3596 53.7395 13.7874
56.9 26.1115 46.3162 53.7056 13.8308
57 26.1566 46.2727 53.6716 13.8743
57.1 26.2018 46.2291 53.6376 13.9179
57.2 26.247 46.1855 53.6035 13.9615
57.3 26.2921 46.1418 53.5693 14.0052
57.4 26.3372 46.0981 53.5352 14.0489
57.5 26.3824 46.0544 53.5009 14.0926
57.6 26.4275 46.0106 53.4666 14.1364
57.7 26.4727 45.9667 53.4323 14.1803
57.8 26.5178 45.9228 53.3979 14.2242
57.9 26.5629 45.8788 53.3635 14.2682
58 26.608 45.8348 53.329 14.3122
58.1 26.6531 45.7908 53.2945 14.3562
58.2 26.6982 45.7467 53.2599 14.4003
58.3 26.7433 45.7026 53.2253 14.4444
58.4 26.7884 45.6584 53.1906 14.4886
58.5 26.8335 45.6141 53.1559 14.5329
58.6 26.8786 45.5698 53.1212 14.5772
58.7 26.9237 45.5255 53.0864 14.6215
58.8 26.9688 45.4811 53.0515 14.6659
58.9 27.0139 45.4367 53.0166 14.7103
59 27.0589 45.3922 52.9817 14.7548
59.1 27.104 45.3477 52.9467 14.7993
59.2 27.149 45.3031 52.9117 14.8439
59.3 27.1941 45.2585 52.8766 14.8885
59.4 27.2392 45.2139 52.8415 14.9331
59.5 27.2842 45.1692 52.8063 14.9778
59.6 27.3292 45.1244 52.7711 15.0226
59.7 27.3743 45.0796 52.7358 15.0674
59.8 27.4193 45.0348 52.7005 15.1122
59.9 27.4643 44.9899 52.6652 15.1571
60 27.5094 44.945 52.6298 15.202
60.1 27.5544 44.9 52.5944 15.247
60.2 27.5994 44.855 52.5589 15.292
60.3 27.6444 44.8099 52.5234 15.3371
60.4 27.6894 44.7648 52.4878 15.3822
60.5 27.7344 44.7196 52.4522 15.4274
60.6 27.7794 44.6744 52.4166 15.4726
60.7 27.8244 44.6292 52.3809 15.5178
60.8 27.8694 44.5839 52.3452 15.5631
60.9 27.9143 44.5385 52.3094 15.6085
61 27.9593 44.4932 52.2736 15.6538
61.1 28.0043 44.4477 52.2378 15.6993
61.2 28.0492 44.4023 52.2019 15.7447
61.3 28.0942 44.3567 52.1659 15.7903
61.4 28.1392 44.3112 52.13 15.8358
61.5 28.1841 44.2656 52.0939 15.8814
61.6 28.229 44.2199 52.0579 15.9271
61.7 28.274 44.1743 52.0218 15.9727
61.8 28.3189 44.1285 51.9857 16.0185
61.9 28.3638 44.0828 51.9495 16.0642
62 28.4088 44.037 51.9133 16.11
62.1 28.4537 43.9911 51.877 16.1559
62.2 28.4986 43.9452 51.8408 16.2018
62.3 28.5435 43.8993 51.8044 16.2477
62.4 28.5884 43.8533 51.7681 16.2937
62.5 28.6333 43.8072 51.7317 16.3398
62.6 28.6782 43.7612 51.6952 16.3858
62.7 28.7231 43.7151 51.6587 16.4319
62.8 28.768 43.6689 51.6222 16.4781
62.9 28.8128 43.6227 51.5857 16.5243
63 28.8577 43.5765 51.5491 16.5705
63.1 28.9026 43.5302 51.5124 16.6168
63.2 28.9474 43.4839 51.4758 16.6631
63.3 28.9923 43.4376 51.4391 16.7094
63.4 29.0371 43.3912 51.4023 16.7558
63.5 29.082 43.3447 51.3655 16.8023
63.6 29.1268 43.2982 51.3287 16.8488
63.7 29.1716 43.2517 51.2919 16.8953
63.8 29.2165 43.2052 51.255 16.9418
63.9 29.2613 43.1586 51.2181 16.9884
64 29.3061 43.1119 51.1811 17.0351
64.1 29.3509 43.0653 51.1441 17.0817
64.2 29.3957 43.0185 51.1071 17.1285
64.3 29.4405 42.9718 51.07 17.1752
64.4 29.4853 42.925 51.0329 17.222
64.5 29.5301 42.8782 50.9958 17.2688
64.6 29.5749 42.8313 50.9586 17.3157
64.7 29.6197 42.7844 50.9214 17.3626
64.8 29.6644 42.7374 50.8842 17.4096
64.9 29.7092 42.6904 50.8469 17.4566
65 29.754 42.6434 50.8096 17.5036
65.1 29.7987 42.5963 50.7722 17.5507
65.2 29.8435 42.5492 50.7349 17.5978
65.3 29.8882 42.5021 50.6975 17.6449
65.4 29.933 42.4549 50.66 17.6921
65.5 29.9777 42.4077 50.6225 17.7393
65.6 30.0224 42.3604 50.585 17.7866
65.7 30.0671 42.3131 50.5475 17.8339
65.8 30.1118 42.2658 50.5099 17.8812
65.9 30.1566 42.2184 50.4723 17.9286
66 30.2013 42.171 50.4347 17.976
66.1 30.246 42.1236 50.397 18.0234
66.2 30.2906 42.0761 50.3593 18.0709
66.3 30.3353 42.0286 50.3215 18.1184
66.4 30.38 41.981 50.2838 18.166
66.5 30.4247 41.9335 50.246 18.2135
66.6 30.4694 41.8858 50.2081 18.2612
66.7 30.514 41.8382 50.1703 18.3088
66.8 30.5587 41.7905 50.1324 18.3565
66.9 30.6033 41.7427 50.0944 18.4043
67 30.648 41.695 50.0565 18.452
67.1 30.6926 41.6472 50.0185 18.4998
67.2 30.7372 41.5993 49.9805 18.5477
67.3 30.7819 41.5515 49.9424 18.5955
67.4 30.8265 41.5036 49.9043 18.6434
67.5 30.8711 41.4556 49.8662 18.6914
67.6 30.9157 41.4076 49.8281 18.7394
67.7 30.9603 41.3596 49.7899 18.7874
67.8 31.0049 41.3116 49.7517 18.8354
67.9 31.0495 41.2635 49.7134 18.8835
68 31.0941 41.2154 49.6752 18.9316
68.1 31.1387 41.1672 49.6369 18.9798
68.2 31.1832 41.1191 49.5986 19.0279
68.3 31.2278 41.0708 49.5602 19.0762
68.4 31.2724 41.0226 49.5218 19.1244
68.5 31.3169 40.9743 49.4834 19.1727
68.6 31.3615 40.926 49.445 19.221
68.7 31.406 40.8777 49.4065 19.2693
68.8 31.4505 40.8293 49.368 19.3177
68.9 31.4951 40.7809 49.3295 19.3661
69 31.5396 40.7324 49.2909 19.4146
69.1 31.5841 40.6839 49.2523 19.4631
69.2 31.6286 40.6354 49.2137 19.5116
69.3 31.6731 40.5869 49.1751 19.5601
69.4 31.7176 40.5383 49.1364 19.6087
69.5 31.7621 40.4897 49.0977 19.6573
69.6 31.8066 40.441 49.059 19.706
69.7 31.851 40.3924 49.0202 19.7546
69.8 31.8955 40.3437 48.9814 19.8033
69.9 31.94 40.2949 48.9426 19.8521
70 31.9844 40.2462 48.9038 19.9008
70.1 32.0289 40.1974 48.8649 19.9496
70.2 32.0733 40.1486 48.826 19.9984
70.3 32.1178 40.0997 48.7871 20.0473
70.4 32.1622 40.0508 48.7482 20.0962
70.5 32.2066 40.0019 48.7092 20.1451
70.6 32.251 39.9529 48.6702 20.1941
70.7 32.2954 39.904 48.6312 20.243
70.8 32.3398 39.855 48.5921 20.292
70.9 32.3842 39.8059 48.553 20.3411
71 32.4286 39.7568 48.5139 20.3902
71.1 32.473 39.7077 48.4748 20.4393
71.2 32.5174 39.6586 48.4357 20.4884
71.3 32.5617 39.6095 48.3965 20.5375
71.4 32.6061 39.5603 48.3573 20.5867
71.5 32.6505 39.5111 48.318 20.6359
71.6 32.6948 39.4618 48.2788 20.6852
71.7 32.7392 39.4126 48.2395 20.7344
71.8 32.7835 39.3633 48.2002 20.7837
71.9 32.8278 39.3139 48.1608 20.8331
72 32.8721 39.2646 48.1215 20.8824
72.1 32.9164 39.2152 48.0821 20.9318
72.2 32.9608 39.1658 48.0427 20.9812
72.3 33.0051 39.1163 48.0033 21.0307
72.4 33.0493 39.0669 47.9638 21.0801
72.5 33.0936 39.0174 47.9243 21.1296
72.6 33.1379 38.9678 47.8848 21.1792
72.7 33.1822 38.9183 47.8453 21.2287
72.8 33.2264 38.8687 47.8057 21.2783
72.9 33.2707 38.8191 47.7661 21.3279
73 33.3149 38.7695 47.7265 21.3775
73.1 33.3592 38.7198 47.6869 21.4272
73.2 33.4034 38.6701 47.6472 21.4769
73.3 33.4477 38.6204 47.6076 21.5266
73.4 33.4919 38.5707 47.5678 21.5763
73.5 33.5361 38.5209 47.5281 21.6261
73.6 33.5803 38.4712 47.4884 21.6758
73.7 33.6245 38.4213 47.4486 21.7257
73.8 33.6687 38.3715 47.4088 21.7755
73.9 33.7129 38.3216 47.369 21.8254
74 33.757 38.2718 47.3291 21.8752
74.1 33.8012 38.2218 47.2893 21.9252
74.2 33.8454 38.1719 47.2494 21.9751
74.3 33.8895 38.1219 47.2095 22.0251
74.4 33.9337 38.072 47.1695 22.075
74.5 33.9778 38.0219 47.1296 22.1251
74.6 34.0219 37.9719 47.0896 22.1751
74.7 34.0661 37.9219 47.0496 22.2251
74.8 34.1102 37.8718 47.0096 22.2752
74.9 34.1543 37.8217 46.9695 22.3253
75 34.1984 37.7715 46.9295 22.3755
75.1 34.2425 37.7214 46.8894 22.4256
75.2 34.2866 37.6712 46.8493 22.4758
75.3 34.3306 37.621 46.8091 22.526
75.4 34.3747 37.5708 46.769 22.5762
75.5 34.4188 37.5205 46.7288 22.6265
75.6 34.4628 37.4703 46.6886 22.6767
75.7 34.5069 37.42 46.6484 22.727
75.8 34.5509 37.3697 46.6081 22.7773
75.9 34.5949 37.3193 46.5679 22.8277
76 34.639 37.269 46.5276 22.878
76.1 34.683 37.2186 46.4873 22.9284
76.2 34.727 37.1682 46.4469 22.9788
76.3 34.771 37.1178 46.4066 23.0292
76.4 34.815 37.0673 46.3662 23.0797
76.5 34.8589 37.0168 46.3258 23.1302
76.6 34.9029 36.9664 46.2854 23.1806
76.7 34.9469 36.9158 46.245 23.2312
76.8 34.9908 36.8653 46.2045 23.2817
76.9 35.0348 36.8148 46.164 23.3322
77 35.0787 36.7642 46.1235 23.3828
77.1 35.1227 36.7136 46.083 23.4334
77.2 35.1666 36.663 46.0425 23.484
77.3 35.2105 36.6124 46.0019 23.5346
77.4 35.2544 36.5617 45.9614 23.5853
77.5 35.2983 36.511 45.9208 23.636
77.6 35.3422 36.4604 45.8801 23.6866
77.7 35.3861 36.4096 45.8395 23.7374
77.8 35.43 36.3589 45.7988 23.7881
77.9 35.4738 36.3082 45.7582 23.8388
78 35.5177 36.2574 45.7175 23.8896
78.1 35.5615 36.2066 45.6768 23.9404
78.2 35.6054 36.1558 45.636 23.9912
78.3 35.6492 36.105 45.5953 24.042
78.4 35.693 36.0541 45.5545 24.0929
78.5 35.7369 36.0033 45.5137 24.1437
78.6 35.7807 35.9524 45.4729 24.1946
78.7 35.8245 35.9015 45.432 24.2455
78.8 35.8682 35.8506 45.3912 24.2964
78.9 35.912 35.7997 45.3503 24.3473
79 35.9558 35.7487 45.3094 24.3983
79.1 35.9996 35.6977 45.2685 24.4493
79.2 36.0433 35.6468 45.2276 24.5002
79.3 36.0871 35.5958 45.1867 24.5512
79.4 36.1308 35.5447 45.1457 24.6023
79.5 36.1745 35.4937 45.1047 24.6533
79.6 36.2182 35.4427 45.0637 24.7043
79.7 36.262 35.3916 45.0227 24.7554
79.8 36.3057 35.3405 44.9816 24.8065
79.9 36.3494 35.2894 44.9406 24.8576
80 36.393 35.2383 44.8995 24.9087
80.1 36.4367 35.1872 44.8584 24.9598
80.2 36.4804 35.136 44.8173 25.011
80.3 36.524 35.0849 44.7762 25.0621
80.4 36.5677 35.0337 44.735 25.1133
80.5 36.6113 34.9825 44.6939 25.1645
80.6 36.6549 34.9313 44.6527 25.2157
80.7 36.6986 34.8801 44.6115 25.2669
80.8 36.7422 34.8288 44.5702 25.3182
80.9 36.7858 34.7776 44.529 25.3694
81 36.8294 34.7263 44.4878 25.4207
81.1 36.8729 34.675 44.4465 25.472
81.2 36.9165 34.6237 44.4052 25.5233
81.3 36.9601 34.5724 44.3639 25.5746
81.4 37.0036 34.5211 44.3226 25.6259
81.5 37.0472 34.4698 44.2812 25.6772
81.6 37.0907 34.4184 44.2399 25.7286
81.7 37.1342 34.3671 44.1985 25.7799
81.8 37.1778 34.3157 44.1571 25.8313
81.9 37.2213 34.2643 44.1157 25.8827
82 37.2648 34.2129 44.0743 25.9341
82.1 37.3082 34.1615 44.0328 25.9855
82.2 37.3517 34.1101 43.9913 26.0369
82.3 37.3952 34.0586 43.9499 26.0884
82.4 37.4387 34.0072 43.9084 26.1398
82.5 37.4821 33.9557 43.8669 26.1913
82.6 37.5255 33.9043 43.8253 26.2427
82.7 37.569 33.8528 43.7838 26.2942
82.8 37.6124 33.8013 43.7422 26.3457
82.9 37.6558 33.7498 43.7007 26.3972
83 37.6992 33.6982 43.6591 26.4488
83.1 37.7426 33.6467 43.6174 26.5003
83.2 37.786 33.5952 43.5758 26.5518
83.3 37.8293 33.5436 43.5342 26.6034
83.4 37.8727 33.4921 43.4925 26.6549
83.5 37.916 33.4405 43.4508 26.7065
83.6 37.9594 33.3889 43.4092 26.7581
83.7 38.0027 33.3373 43.3675 26.8097
83.8 38.046 33.2857 43.3257 26.8613
83.9 38.0893 33.2341 43.284 26.9129
84 38.1326 33.1825 43.2422 26.9645
84.1 38.1759 33.1308 43.2005 27.0162
84.2 38.2192 33.0792 43.1587 27.0678
84.3 38.2625 33.0276 43.1169 27.1194
84.4 38.3057 32.9759 43.0751 27.1711
84.5 38.349 32.9242 43.0332 27.2228
84.6 38.3922 32.8726 42.9914 27.2744
84.7 38.4354 32.8209 42.9495 27.3261
84.8 38.4786 32.7692 42.9077 27.3778
84.9 38.5218 32.7175 42.8658 27.4295
85 38.565 32.6658 42.8239 27.4812
85.1 38.6082 32.614 42.7819 27.533
85.2 38.6514 32.5623 42.74 27.5847
85.3 38.6945 32.5106 42.698 27.6364
85.4 38.7377 32.4588 42.6561 27.6882
85.5 38.7808 32.4071 42.6141 27.7399
85.6 38.824 32.3553 42.5721 27.7917
85.7 38.8671 32.3036 42.5301 27.8434
85.8 38.9102 32.2518 42.4881 27.8952
85.9 38.9533 32.2 42.446 27.947
86 38.9964 32.1483 42.404 27.9987
86.1 39.0394 32.0965 42.3619 28.0505
86.2 39.0825 32.0447 42.3198 28.1023
86.3 39.1256 31.9929 42.2777 28.1541
86.4 39.1686 31.9411 42.2356 28.2059
86.5 39.2116 31.8893 42.1935 28.2577
86.6 39.2546 31.8374 42.1513 28.3096
86.7 39.2976 31.7856 42.1092 28.3614
86.8 39.3406 31.7338 42.067 28.4132
86.9 39.3836 31.682 42.0248 28.465
87 39.4266 31.6301 41.9826 28.5169
87.1 39.4696 31.5783 41.9404 28.5687
87.2 39.5125 31.5264 41.8982 28.6206
87.3 39.5555 31.4746 41.8559 28.6724
87.4 39.5984 31.4227 41.8137 28.7243
87.5 39.6413 31.3709 41.7714 28.7761
87.6 39.6842 31.319 41.7291 28.828
87.7 39.7271 31.2671 41.6868 28.8799
87.8 39.77 31.2153 41.6445 28.9317
87.9 39.8128 31.1634 41.6022 28.9836
88 39.8557 31.1115 41.5598 29.0355
88.1 39.8985 31.0596 41.5175 29.0874
88.2 39.9414 31.0077 41.4751 29.1393
88.3 39.9842 30.9559 41.4327 29.1911
88.4 40.027 30.904 41.3904 29.243
88.5 40.0698 30.8521 41.348 29.2949
88.6 40.1126 30.8002 41.3055 29.3468
88.7 40.1554 30.7483 41.2631 29.3987
88.8 40.1981 30.6964 41.2207 29.4506
88.9 40.2409 30.6445 41.1782 29.5025
89 40.2836 30.5926 41.1357 29.5544
89.1 40.3263 30.5407 41.0932 29.6063
89.2 40.369 30.4888 41.0507 29.6582
89.3 40.4117 30.4369 41.0082 29.7101
89.4 40.4544 30.385 40.9657 29.762
89.5 40.4971 30.3331 40.9232 29.8139
89.6 40.5398 30.2811 40.8806 29.8659
89.7 40.5824 30.2292 40.8381 29.9178
89.8 40.6251 30.1773 40.7955 29.9697
89.9 40.6677 30.1254 40.7529 30.0216
90 40.7103 30.0735 40.7103 30.0735
90.1 40.7529 30.0216 40.6677 30.1254
90.2 40.7955 29.9697 40.6251 30.1773
90.3 40.8381 29.9178 40.5824 30.2292
90.4 40.8806 29.8659 40.5398 30.2811
90.5 40.9232 29.8139 40.4971 30.3331
90.6 40.9657 29.762 40.4544 30.385
90.7 41.0082 29.7101 40.4117 30.4369
90.8 41.0507 29.6582 40.369 30.4888
90.9 41.0932 29.6063 40.3263 30.5407
91 41.1357 29.5544 40.2836 30.5926
91.1 41.1782 29.5025 40.2409 30.6445
91.2 41.2207 29.4506 40.1981 30.6964
91.3 41.2631 29.3987 40.1554 30.7483
91.4 41.3055 29.3468 40.1126 30.8002
91.5 41.348 29.2949 40.0698 30.8521
91.6 41.3904 29.243 40.027 30.904
91.7 41.4327 29.1911 39.9842 30.9559
91.8 41.4751 29.1393 39.9414 31.0077
91.9 41.5175 29.0874 39.8985 31.0596
92 41.5598 29.0355 39.8557 31.1115
92.1 41.6022 28.9836 39.8128 31.1634
92.2 41.6445 28.9317 39.77 31.2153
92.3 41.6868 28.8799 39.7271 31.2671
92.4 41.7291 28.828 39.6842 31.319
92.5 41.7714 28.7761 39.6413 31.3709
92.6 41.8137 28.7243 39.5984 31.4227
92.7 41.8559 28.6724 39.5555 31.4746
92.8 41.8982 28.6206 39.5125 31.5264
92.9 41.9404 28.5687 39.4696 31.5783
93 41.9826 28.5169 39.4266 31.6301
93.1 42.0248 28.465 39.3836 31.682
93.2 42.067 28.4132 39.3406 31.7338
93.3 42.1092 28.3614 39.2976 31.7856
93.4 42.1513 28.3096 39.2546 31.8374
93.5 42.1935 28.2577 39.2116 31.8893
93.6 42.2356 28.2059 39.1686 31.9411
93.7 42.2777 28.1541 39.1256 31.9929
93.8 42.3198 28.1023 39.0825 32.0447
93.9 42.3619 28.0505 39.0394 32.0965
94 42.404 27.9987 38.9964 32.1483
94.1 42.446 27.947 38.9533 32.2
94.2 42.4881 27.8952 38.9102 32.2518
94.3 42.5301 27.8434 38.8671 32.3036
94.4 42.5721 27.7917 38.824 32.3553
94.5 42.6141 27.7399 38.7808 32.4071
94.6 42.6561 27.6882 38.7377 32.4588
94.7 42.698 27.6364 38.6945 32.5106
94.8 42.74 27.5847 38.6514 32.5623
94.9 42.7819 27.533 38.6082 32.614
95 42.8239 27.4812 38.565 32.6658
95.1 42.8658 27.4295 38.5218 32.7175
95.2 42.9077 27.3778 38.4786 32.7692
95.3 42.9495 27.3261 38.4354 32.8209
95.4 42.9914 27.2744 38.3922 32.8726
95.5 43.0332 27.2228 38.349 32.9242
95.6 43.0751 27.1711 38.3057 32.9759
95.7 43.1169 27.1194 38.2625 33.0276
95.8 43.1587 27.0678 38.2192 33.0792
95.9 43.2005 27.0162 38.1759 33.1308
96 43.2422 26.9645 38.1326 33.1825
96.1 43.284 26.9129 38.0893 33.2341
96.2 43.3257 26.8613 38.046 33.2857
96.3 43.3675 26.8097 38.0027 33.3373
96.4 43.4092 26.7581 37.9594 33.3889
96.5 43.4508 26.7065 37.916 33.4405
96.6 43.4925 26.6549 37.8727 33.4921
96.7 43.5342 26.6034 37.8293 33.5436
96.8 43.5758 26.5518 37.786 33.5952
96.9 43.6174 26.5003 37.7426 33.6467
97 43.6591 26.4488 37.6992 33.6982
97.1 43.7007 26.3972 37.6558 33.7498
97.2 43.7422 26.3457 37.6124 33.8013
97.3 43.7838 26.2942 37.569 33.8528
97.4 43.8253 26.2427 37.5255 33.9043
97.5 43.8669 26.1913 37.4821 33.9557
97.6 43.9084 26.1398 37.4387 34.0072
97.7 43.9499 26.0884 37.3952 34.0586
97.8 43.9913 26.0369 37.3517 34.1101
97.9 44.0328 25.9855 37.3082 34.1615
98 44.0743 25.9341 37.2648 34.2129
98.1 44.1157 25.8827 37.2213 34.2643
98.2 44.1571 25.8313 37.1778 34.3157
98.3 44.1985 25.7799 37.1342 34.3671
98.4 44.2399 25.7286 37.0907 34.4184
98.5 44.2812 25.6772 37.0472 34.4698
98.6 44.3226 25.6259 37.0036 34.5211
98.7 44.3639 25.5746 36.9601 34.5724
98.8 44.4052 25.5233 36.9165 34.6237
98.9 44.4465 25.472 36.8729 34.675
99 44.4878 25.4207 36.8294 34.7263
99.1 44.529 25.3694 36.7858 34.7776
99.2 44.5702 25.3182 36.7422 34.8288
99.3 44.6115 25.2669 36.6986 34.8801
99.4 44.6527 25.2157 36.6549 34.9313
99.5 44.6939 25.1645 36.6113 34.9825
99.6 44.735 25.1133 36.5677 35.0337
99.7 44.7762 25.0621 36.524 35.0849
99.8 44.8173 25.011 36.4804 35.136
99.9 44.8584 24.9598 36.4367 35.1872
100 44.8995 24.9087 36.393 35.2383
100.1 44.9406 24.8576 36.3494 35.2894
100.2 44.9816 24.8065 36.3057 35.3405
100.3 45.0227 24.7554 36.262 35.3916
100.4 45.0637 24.7043 36.2182 35.4427
100.5 45.1047 24.6533 36.1745 35.4937
100.6 45.1457 24.6023 36.1308 35.5447
100.7 45.1867 24.5512 36.0871 35.5958
100.8 45.2276 24.5002 36.0433 35.6468
100.9 45.2685 24.4493 35.9996 35.6977
101 45.3094 24.3983 35.9558 35.7487
101.1 45.3503 24.3473 35.912 35.7997
101.2 45.3912 24.2964 35.8682 35.8506
101.3 45.432 24.2455 35.8245 35.9015
101.4 45.4729 24.1946 35.7807 35.9524
101.5 45.5137 24.1437 35.7369 36.0033
101.6 45.5545 24.0929 35.693 36.0541
101.7 45.5953 24.042 35.6492 36.105
101.8 45.636 23.9912 35.6054 36.1558
101.9 45.6768 23.9404 35.5615 36.2066
102 45.7175 23.8896 35.5177 36.2574
102.1 45.7582 23.8388 35.4738 36.3082
102.2 45.7988 23.7881 35.43 36.3589
102.3 45.8395 23.7374 35.3861 36.4096
102.4 45.8801 23.6866 35.3422 36.4604
102.5 45.9208 23.636 35.2983 36.511
102.6 45.9614 23.5853 35.2544 36.5617
102.7 46.0019 23.5346 35.2105 36.6124
102.8 46.0425 23.484 35.1666 36.663
102.9 46.083 23.4334 35.1227 36.7136
103 46.1235 23.3828 35.0787 36.7642
103.1 46.164 23.3322 35.0348 36.8148
103.2 46.2045 23.2817 34.9908 36.8653
103.3 46.245 23.2312 34.9469 36.9158
103.4 46.2854 23.1806 34.9029 36.9664
103.5 46.3258 23.1302 34.8589 37.0168
103.6 46.3662 23.0797 34.815 37.0673
103.7 46.4066 23.0292 34.771 37.1178
103.8 46.4469 22.9788 34.727 37.1682
103.9 46.4873 22.9284 34.683 37.2186
104 46.5276 22.878 34.639 37.269
104.1 46.5679 22.8277 34.5949 37.3193
104.2 46.6081 22.7773 34.5509 37.3697
104.3 46.6484 22.727 34.5069 37.42
104.4 46.6886 22.6767 34.4628 37.4703
104.5 46.7288 22.6265 34.4188 37.5205
104.6 46.769 22.5762 34.3747 37.5708
104.7 46.8091 22.526 34.3306 37.621
104.8 46.8493 22.4758 34.2866 37.6712
104.9 46.8894 22.4256 34.2425 37.7214
105 46.9295 22.3755 34.1984 37.7715
105.1 46.9695 22.3253 34.1543 37.8217
105.2 47.0096 22.2752 34.1102 37.8718
105.3 47.0496 22.2251 34.0661 37.9219
105.4 47.0896 22.1751 34.0219 37.9719
105.5 47.1296 22.1251 33.9778 38.0219
105.6 47.1695 22.075 33.9337 38.072
105.7 47.2095 22.0251 33.8895 38.1219
105.8 47.2494 21.9751 33.8454 38.1719
105.9 47.2893 21.9252 33.8012 38.2218
106 47.3291 21.8752 33.757 38.2718
106.1 47.369 21.8254 33.7129 38.3216
106.2 47.4088 21.7755 33.6687 38.3715
106.3 47.4486 21.7257 33.6245 38.4213
106.4 47.4884 21.6758 33.5803 38.4712
106.5 47.5281 21.6261 33.5361 38.5209
106.6 47.5678 21.5763 33.4919 38.5707
106.7 47.6076 21.5266 33.4477 38.6204
106.8 47.6472 21.4769 33.4034 38.6701
106.9 47.6869 21.4272 33.3592 38.7198
107 47.7265 21.3775 33.3149 38.7695
107.1 47.7661 21.3279 33.2707 38.8191
107.2 47.8057 21.2783 33.2264 38.8687
107.3 47.8453 21.2287 33.1822 38.9183
107.4 47.8848 21.1792 33.1379 38.9678
107.5 47.9243 21.1296 33.0936 39.0174
107.6 47.9638 21.0801 33.0493 39.0669
107.7 48.0033 21.0307 33.0051 39.1163
107.8 48.0427 20.9812 32.9608 39.1658
107.9 48.0821 20.9318 32.9164 39.2152
108 48.1215 20.8824 32.8721 39.2646
108.1 48.1608 20.8331 32.8278 39.3139
108.2 48.2002 20.7837 32.7835 39.3633
108.3 48.2395 20.7344 32.7392 39.4126
108.4 48.2788 20.6852 32.6948 39.4618
108.5 48.318 20.6359 32.6505 39.5111
108.6 48.3573 20.5867 32.6061 39.5603
108.7 48.3965 20.5375 32.5617 39.6095
108.8 48.4357 20.4884 32.5174 39.6586
108.9 48.4748 20.4393 32.473 39.7077
109 48.5139 20.3902 32.4286 39.7568
109.1 48.553 20.3411 32.3842 39.8059
109.2 48.5921 20.292 32.3398 39.855
109.3 48.6312 20.243 32.2954 39.904
109.4 48.6702 20.1941 32.251 39.9529
109.5 48.7092 20.1451 32.2066 40.0019
109.6 48.7482 20.0962 32.1622 40.0508
109.7 48.7871 20.0473 32.1178 40.0997
109.8 48.826 19.9984 32.0733 40.1486
109.9 48.8649 19.9496 32.0289 40.1974
110 48.9038 19.9008 31.9844 40.2462
110.1 48.9426 19.8521 31.94 40.2949
110.2 48.9814 19.8033 31.8955 40.3437
110.3 49.0202 19.7546 31.851 40.3924
110.4 49.059 19.706 31.8066 40.441
110.5 49.0977 19.6573 31.7621 40.4897
110.6 49.1364 19.6087 31.7176 40.5383
110.7 49.1751 19.5601 31.6731 40.5869
110.8 49.2137 19.5116 31.6286 40.6354
110.9 49.2523 19.4631 31.5841 40.6839
111 49.2909 19.4146 31.5396 40.7324
111.1 49.3295 19.3661 31.4951 40.7809
111.2 49.368 19.3177 31.4505 40.8293
111.3 49.4065 19.2693 31.406 40.8777
111.4 49.445 19.221 31.3615 40.926
111.5 49.4834 19.1727 31.3169 40.9743
111.6 49.5218 19.1244 31.2724 41.0226
111.7 49.5602 19.0762 31.2278 41.0708
111.8 49.5986 19.0279 31.1832 41.1191
111.9 49.6369 18.9798 31.1387 41.1672
112 49.6752 18.9316 31.0941 41.2154
112.1 49.7134 18.8835 31.0495 41.2635
112.2 49.7517 18.8354 31.0049 41.3116
112.3 49.7899 18.7874 30.9603 41.3596
112.4 49.8281 18.7394 30.9157 41.4076
112.5 49.8662 18.6914 30.8711 41.4556
112.6 49.9043 18.6434 30.8265 41.5036
112.7 49.9424 18.5955 30.7819 41.5515
112.8 49.9805 18.5477 30.7372 41.5993
112.9 50.0185 18.4998 30.6926 41.6472
113 50.0565 18.452 30.648 41.695
113.1 50.0944 18.4043 30.6033 41.7427
113.2 50.1324 18.3565 30.5587 41.7905
113.3 50.1703 18.3088 30.514 41.8382
113.4 50.2081 18.2612 30.4694 41.8858
113.5 50.246 18.2135 30.4247 41.9335
113.6 50.2838 18.166 30.38 41.981
113.7 50.3215 18.1184 30.3353 42.0286
113.8 50.3593 18.0709 30.2906 42.0761
113.9 50.397 18.0234 30.246 42.1236
114 50.4347 17.976 30.2013 42.171
114.1 50.4723 17.9286 30.1566 42.2184
114.2 50.5099 17.8812 30.1118 42.2658
114.3 50.5475 17.8339 30.0671 42.3131
114.4 50.585 17.7866 30.0224 42.3604
114.5 50.6225 17.7393 29.9777 42.4077
114.6 50.66 17.6921 29.933 42.4549
114.7 50.6975 17.6449 29.8882 42.5021
114.8 50.7349 17.5978 29.8435 42.5492
114.9 50.7722 17.5507 29.7987 42.5963
115 50.8096 17.5036 29.754 42.6434
115.1 50.8469 17.4566 29.7092 42.6904
115.2 50.8842 17.4096 29.6644 42.7374
115.3 50.9214 17.3626 29.6197 42.7844
115.4 50.9586 17.3157 29.5749 42.8313
115.5 50.9958 17.2688 29.5301 42.8782
115.6 51.0329 17.222 29.4853 42.925
115.7 51.07 17.1752 29.4405 42.9718
115.8 51.1071 17.1285 29.3957 43.0185
115.9 51.1441 17.0817 29.3509 43.0653
116 51.1811 17.0351 29.3061 43.1119
116.1 51.2181 16.9884 29.2613 43.1586
116.2 51.255 16.9418 29.2165 43.2052
116.3 51.2919 16.8953 29.1716 43.2517
116.4 51.3287 16.8488 29.1268 43.2982
116.5 51.3655 16.8023 29.082 43.3447
116.6 51.4023 16.7558 29.0371 43.3912
116.7 51.4391 16.7094 28.9923 43.4376
116.8 51.4758 16.6631 28.9474 43.4839
116.9 51.5124 16.6168 28.9026 43.5302
117 51.5491 16.5705 28.8577 43.5765
117.1 51.5857 16.5243 28.8128 43.6227
117.2 51.6222 16.4781 28.768 43.6689
117.3 51.6587 16.4319 28.7231 43.7151
117.4 51.6952 16.3858 28.6782 43.7612
117.5 51.7317 16.3398 28.6333 43.8072
117.6 51.7681 16.2937 28.5884 43.8533
117.7 51.8044 16.2477 28.5435 43.8993
117.8 51.8408 16.2018 28.4986 43.9452
117.9 51.877 16.1559 28.4537 43.9911
118 51.9133 16.11 28.4088 44.037
118.1 51.9495 16.0642 28.3638 44.0828
118.2 51.9857 16.0185 28.3189 44.1285
118.3 52.0218 15.9727 28.274 44.1743
118.4 52.0579 15.9271 28.229 44.2199
118.5 52.0939 15.8814 28.1841 44.2656
118.6 52.13 15.8358 28.1392 44.3112
118.7 52.1659 15.7903 28.0942 44.3567
118.8 52.2019 15.7447 28.0492 44.4023
118.9 52.2378 15.6993 28.0043 44.4477
119 52.2736 15.6538 27.9593 44.4932
119.1 52.3094 15.6085 27.9143 44.5385
119.2 52.3452 15.5631 27.8694 44.5839
119.3 52.3809 15.5178 27.8244 44.6292
119.4 52.4166 15.4726 27.7794 44.6744
119.5 52.4522 15.4274 27.7344 44.7196
119.6 52.4878 15.3822 27.6894 44.7648
119.7 52.5234 15.3371 27.6444 44.8099
119.8 52.5589 15.292 27.5994 44.855
119.9 52.5944 15.247 27.5544 44.9
120 52.6298 15.202 27.5094 44.945
120.1 52.6652 15.1571 27.4643 44.9899
120.2 52.7005 15.1122 27.4193 45.0348
120.3 52.7358 15.0674 27.3743 45.0796
120.4 52.7711 15.0226 27.3292 45.1244
120.5 52.8063 14.9778 27.2842 45.1692
120.6 52.8415 14.9331 27.2392 45.2139
120.7 52.8766 14.8885 27.1941 45.2585
120.8 52.9117 14.8439 27.149 45.3031
120.9 52.9467 14.7993 27.104 45.3477
121 52.9817 14.7548 27.0589 45.3922
121.1 53.0166 14.7103 27.0139 45.4367
121.2 53.0515 14.6659 26.9688 45.4811
121.3 53.0864 14.6215 26.9237 45.5255
121.4 53.1212 14.5772 26.8786 45.5698
121.5 53.1559 14.5329 26.8335 45.6141
121.6 53.1906 14.4886 26.7884 45.6584
121.7 53.2253 14.4444 26.7433 45.7026
121.8 53.2599 14.4003 26.6982 45.7467
121.9 53.2945 14.3562 26.6531 45.7908
122 53.329 14.3122 26.608 45.8348
122.1 53.3635 14.2682 26.5629 45.8788
122.2 53.3979 14.2242 26.5178 45.9228
122.3 53.4323 14.1803 26.4727 45.9667
122.4 53.4666 14.1364 26.4275 46.0106
122.5 53.5009 14.0926 26.3824 46.0544
122.6 53.5352 14.0489 26.3372 46.0981
122.7 53.5693 14.0052 26.2921 46.1418
122.8 53.6035 13.9615 26.247 46.1855
122.9 53.6376 13.9179 26.2018 46.2291
123 53.6716 13.8743 26.1566 46.2727
123.1 53.7056 13.8308 26.1115 46.3162
123.2 53.7395 13.7874 26.0663 46.3596
123.3 53.7734 13.744 26.0212 46.403
123.4 53.8072 13.7006 25.976 46.4464
123.5 53.841 13.6573 25.9308 46.4897
123.6 53.8747 13.614 25.8856 46.533
123.7 53.9084 13.5708 25.8404 46.5762
123.8 53.9421 13.5276 25.7952 46.6194
123.9 53.9756 13.4845 25.75 46.6625
124 54.0091 13.4415 25.7048 46.7055
124.1 54.0426 13.3985 25.6596 46.7485
124.2 54.076 13.3555 25.6144 46.7915
124.3 54.1094 13.3126 25.5692 46.8344
124.4 54.1427 13.2697 25.524 46.8773
124.5 54.176 13.2269 25.4788 46.9201
124.6 54.2092 13.1842 25.4336 46.9628
124.7 54.2423 13.1415 25.3883 47.0055
124.8 54.2754 13.0988 25.3431 47.0482
124.9 54.3084 13.0562 25.2978 47.0908
125 54.3414 13.0137 25.2526 47.1333
125.1 54.3743 12.9712 25.2074 47.1758
125.2 54.4072 12.9287 25.1621 47.2183
125.3 54.44 12.8863 25.1169 47.2607
125.4 54.4728 12.844 25.0716 47.303
125.5 54.5055 12.8017 25.0263 47.3453
125.6 54.5381 12.7595 24.9811 47.3875
125.7 54.5707 12.7173 24.9358 47.4297
125.8 54.6032 12.6752 24.8905 47.4718
125.9 54.6357 12.6331 24.8452 47.5139
126 54.6681 12.5911 24.8 47.5559
126.1 54.7005 12.5491 24.7547 47.5979
126.2 54.7327 12.5072 24.7094 47.6398
126.3 54.765 12.4653 24.6641 47.6817
126.4 54.7972 12.4235 24.6188 47.7235
126.5 54.8293 12.3817 24.5735 47.7653
126.6 54.8613 12.34 24.5282 47.807
126.7 54.8933 12.2984 24.4829 47.8486
126.8 54.9252 12.2568 24.4375 47.8902
126.9 54.9571 12.2153 24.3922 47.9317
127 54.9889 12.1738 24.3469 47.9732
127.1 55.0207 12.1323 24.3016 48.0147
127.2 55.0523 12.091 24.2562 48.056
127.3 55.084 12.0496 24.2109 48.0974
127.4 55.1155 12.0084 24.1656 48.1386
127.5 55.147 11.9672 24.1202 48.1798
127.6 55.1784 11.926 24.0749 48.221
127.7 55.2098 11.8849 24.0295 48.2621
127.8 55.2411 11.8439 23.9842 48.3031
127.9 55.2723 11.8029 23.9388 48.3441
128 55.3035 11.7619 23.8935 48.3851
128.1 55.3346 11.7211 23.8481 48.4259
128.2 55.3657 11.6802 23.8027 48.4668
128.3 55.3966 11.6395 23.7573 48.5075
128.4 55.4275 11.5988 23.712 48.5482
128.5 55.4584 11.5581 23.6666 48.5889
128.6 55.4891 11.5175 23.6212 48.6295
128.7 55.5198 11.477 23.5758 48.67
128.8 55.5505 11.4365 23.5304 48.7105
128.9 55.581 11.396 23.485 48.751
129 55.6115 11.3557 23.4396 48.7913
129.1 55.642 11.3154 23.3942 48.8316
129.2 55.6723 11.2751 23.3488 48.8719
129.3 55.7026 11.2349 23.3034 48.9121
129.4 55.7328 11.1948 23.258 48.9522
129.5 55.763 11.1547 23.2126 48.9923
129.6 55.793 11.1147 23.1672 49.0323
129.7 55.823 11.0747 23.1217 49.0723
129.8 55.853 11.0348 23.0763 49.1122
129.9 55.8828 10.9949 23.0309 49.1521
130 55.9126 10.9551 22.9854 49.1919
130.1 55.9423 10.9154 22.94 49.2316
130.2 55.972 10.8757 22.8946 49.2713
130.3 56.0015 10.8361 22.8491 49.3109
130.4 56.031 10.7965 22.8037 49.3505
130.5 56.0604 10.757 22.7582 49.39
130.6 56.0898 10.7176 22.7127 49.4294
130.7 56.119 10.6782 22.6673 49.4688
130.8 56.1482 10.6389 22.6218 49.5081
130.9 56.1773 10.5996 22.5764 49.5474
131 56.2063 10.5604 22.5309 49.5866
131.1 56.2353 10.5212 22.4854 49.6258
131.2 56.2642 10.4822 22.4399 49.6648
131.3 56.2929 10.4431 22.3944 49.7039
131.4 56.3217 10.4042 22.349 49.7428
131.5 56.3503 10.3652 22.3035 49.7818
131.6 56.3788 10.3264 22.258 49.8206
131.7 56.4073 10.2876 22.2125 49.8594
131.8 56.4357 10.2489 22.167 49.8981
131.9 56.464 10.2102 22.1215 49.9368
132 56.4922 10.1716 22.076 49.9754
132.1 56.5204 10.1331 22.0305 50.0139
132.2 56.5484 10.0946 21.985 50.0524
132.3 56.5764 10.0561 21.9395 50.0909
132.4 56.6043 10.0178 21.8939 50.1292
132.5 56.6321 9.97948 21.8484 50.1675
132.6 56.6598 9.94124 21.8029 50.2058
132.7 56.6875 9.90306 21.7574 50.2439
132.8 56.715 9.86494 21.7118 50.2821
132.9 56.7425 9.82688 21.6663 50.3201
133 56.7699 9.78888 21.6208 50.3581
133.1 56.7972 9.75095 21.5752 50.3961
133.2 56.8244 9.71307 21.5297 50.4339
133.3 56.8515 9.67526 21.4841 50.4717
133.4 56.8785 9.63752 21.4386 50.5095
133.5 56.9054 9.59983 21.393 50.5472
133.6 56.9323 9.56221 21.3475 50.5848
133.7 56.959 9.52464 21.3019 50.6224
133.8 56.9857 9.48715 21.2563 50.6599
133.9 57.0122 9.44971 21.2108 50.6973
134 57.0387 9.41234 21.1652 50.7347
134.1 57.0651 9.37503 21.1196 50.772
134.2 57.0914 9.33778 21.0741 50.8092
134.3 57.1175 9.30059 21.0285 50.8464
134.4 57.1436 9.26347 20.9829 50.8835
134.5 57.1696 9.22642 20.9373 50.9206
134.6 57.1955 9.18942 20.8917 50.9576
134.7 57.2213 9.15249 20.8461 50.9945
134.8 57.247 9.11563 20.8005 51.0314
134.9 57.2726 9.07882 20.7549 51.0682
135 57.2982 9.04208 20.7093 51.1049
135.1 57.3236 9.00541 20.6637 51.1416
135.2 57.3489 8.9688 20.6181 51.1782
135.3 57.3741 8.93225 20.5725 51.2147
135.4 57.3992 8.89577 20.5269 51.2512
135.5 57.4242 8.85935 20.4813 51.2876
135.6 57.4491 8.823 20.4357 51.324
135.7 57.4739 8.78671 20.39 51.3603
135.8 57.4986 8.75049 20.3444 51.3965
135.9 57.5231 8.71433 20.2988 51.4327
136 57.5476 8.67824 20.2532 51.4688
136.1 57.572 8.64221 20.2075 51.5048
136.2 57.5963 8.60625 20.1619 51.5408
136.3 57.6204 8.57035 20.1162 51.5766
136.4 57.6445 8.53452 20.0706 51.6125
136.5 57.6684 8.49875 20.025 51.6482
136.6 57.6923 8.46305 19.9793 51.6839
136.7 57.716 8.42742 19.9337 51.7196
136.8 57.7396 8.39185 19.888 51.7552
136.9 57.7631 8.35635 19.8423 51.7907
137 57.7865 8.32091 19.7967 51.8261
137.1 57.8097 8.28554 19.751 51.8615
137.2 57.8329 8.25024 19.7054 51.8968
137.3 57.8559 8.215 19.6597 51.932
137.4 57.8789 8.17983 19.614 51.9672
137.5 57.9017 8.14472 19.5683 52.0023
137.6 57.9244 8.10969 19.5227 52.0373
137.7 57.9469 8.07472 19.477 52.0723
137.8 57.9694 8.03981 19.4313 52.1072
137.9 57.9917 8.00498 19.3856 52.142
138 58.0139 7.97021 19.3399 52.1768
138.1 58.036 7.93551 19.2942 52.2115
138.2 58.058 7.90087 19.2486 52.2461
138.3 58.0798 7.8663 19.2029 52.2807
138.4 58.1016 7.83181 19.1572 52.3152
138.5 58.1232 7.79737 19.1115 52.3496
138.6 58.1446 7.76301 19.0658 52.384
138.7 58.166 7.72872 19.02 52.4183
138.8 58.1872 7.69449 18.9743 52.4525
138.9 58.2083 7.66033 18.9286 52.4867
139 58.2292 7.62624 18.8829 52.5208
139.1 58.2501 7.59222 18.8372 52.5548
139.2 58.2708 7.55826 18.7915 52.5887
139.3 58.2913 7.52438 18.7457 52.6226
139.4 58.3118 7.49056 18.7 52.6564
139.5 58.3321 7.45681 18.6543 52.6902
139.6 58.3522 7.42313 18.6086 52.7239
139.7 58.3723 7.38952 18.5628 52.7575
139.8 58.3922 7.35598 18.5171 52.791
139.9 58.4119 7.32251 18.4714 52.8245
140 58.4315 7.28911 18.4256 52.8579
140.1 58.451 7.25577 18.3799 52.8912
140.2 58.4703 7.22251 18.3341 52.9245
140.3 58.4895 7.18932 18.2884 52.9577
140.4 58.5086 7.15619 18.2426 52.9908
140.5 58.5275 7.12314 18.1969 53.0239
140.6 58.5463 7.09015 18.1511 53.0568
140.7 58.5649 7.05724 18.1053 53.0898
140.8 58.5834 7.02439 18.0596 53.1226
140.9 58.6017 6.99162 18.0138 53.1554
141 58.6199 6.95891 17.9681 53.1881
141.1 58.6379 6.92628 17.9223 53.2207
141.2 58.6558 6.89372 17.8765 53.2533
141.3 58.6735 6.86123 17.8307 53.2858
141.4 58.6911 6.8288 17.785 53.3182
141.5 58.7085 6.79645 17.7392 53.3505
141.6 58.7257 6.76417 17.6934 53.3828
141.7 58.7428 6.73196 17.6476 53.415
141.8 58.7598 6.69983 17.6018 53.4472
141.9 58.7766 6.66776 17.556 53.4792
142 58.7932 6.63576 17.5103 53.5112
142.1 58.8097 6.60384 17.4645 53.5432
142.2 58.826 6.57199 17.4187 53.575
142.3 58.8421 6.54021 17.3729 53.6068
142.4 58.8581 6.5085 17.3271 53.6385
142.5 58.8739 6.47686 17.2813 53.6701
142.6 58.8895 6.44529 17.2355 53.7017
142.7 58.905 6.4138 17.1896 53.7332
142.8 58.9203 6.38238 17.1438 53.7646
142.9 58.9354 6.35103 17.098 53.796
143 58.9504 6.31975 17.0522 53.8272
143.1 58.9652 6.28855 17.0064 53.8585
143.2 58.9798 6.25742 16.9606 53.8896
143.3 58.9942 6.22636 16.9147 53.9206
143.4 59.0085 6.19537 16.8689 53.9516
143.5 59.0225 6.16445 16.8231 53.9825
143.6 59.0364 6.13361 16.7773 54.0134
143.7 59.0501 6.10284 16.7314 54.0442
143.8 59.0637 6.07215 16.6856 54.0749
143.9 59.077 6.04153 16.6398 54.1055
144 59.0902 6.01098 16.5939 54.136
144.1 59.1031 5.9805 16.5481 54.1665
144.2 59.1159 5.9501 16.5022 54.1969
144.3 59.1285 5.91977 16.4564 54.2272
144.4 59.1409 5.88951 16.4106 54.2575
144.5 59.1531 5.85933 16.3647 54.2877
144.6 59.1651 5.82922 16.3189 54.3178
144.7 59.1769 5.79919 16.273 54.3478
144.8 59.1885 5.76923 16.2271 54.3778
144.9 59.2 5.73934 16.1813 54.4077
145 59.2112 5.70953 16.1354 54.4375
145.1 59.2222 5.67979 16.0896 54.4672
145.2 59.233 5.65013 16.0437 54.4969
145.3 59.2436 5.62054 15.9978 54.5265
145.4 59.254 5.59103 15.952 54.556
145.5 59.2642 5.56159 15.9061 54.5854
145.6 59.2741 5.53222 15.8602 54.6148
145.7 59.2839 5.50293 15.8143 54.6441
145.8 59.2934 5.47371 15.7685 54.6733
145.9 59.3028 5.44457 15.7226 54.7024
146 59.3119 5.41551 15.6767 54.7315
146.1 59.3208 5.38652 15.6308 54.7605
146.2 59.3294 5.3576 15.5849 54.7894
146.3 59.3379 5.32876 15.539 54.8182
146.4 59.3461 5.3 15.4932 54.847
146.5 59.3541 5.27131 15.4473 54.8757
146.6 59.3618 5.24269 15.4014 54.9043
146.7 59.3694 5.21415 15.3555 54.9328
146.8 59.3767 5.18569 15.3096 54.9613
146.9 59.3837 5.1573 15.2637 54.9897
147 59.3905 5.12899 15.2178 55.018
147.1 59.3971 5.10076 15.1719 55.0462
147.2 59.4035 5.0726 15.126 55.0744
147.3 59.4096 5.04452 15.0801 55.1025
147.4 59.4154 5.01651 15.0341 55.1305
147.5 59.421 4.98858 14.9882 55.1584
147.6 59.4264 4.96073 14.9423 55.1863
147.7 59.4315 4.93295 14.8964 55.214
147.8 59.4364 4.90525 14.8505 55.2418
147.9 59.441 4.87763 14.8046 55.2694
148 59.4453 4.85008 14.7586 55.2969
148.1 59.4494 4.82261 14.7127 55.3244
148.2 59.4532 4.79521 14.6668 55.3518
148.3 59.4568 4.7679 14.6209 55.3791
148.4 59.4601 4.74066 14.5749 55.4063
148.5 59.4631 4.7135 14.529 55.4335
148.6 59.4658 4.68641 14.4831 55.4606
148.7 59.4683 4.6594 14.4371 55.4876
148.8 59.4705 4.63247 14.3912 55.5145
148.9 59.4724 4.60562 14.3453 55.5414
149 59.4741 4.57885 14.2993 55.5682
149.1 59.4754 4.55215 14.2534 55.5949
149.2 59.4765 4.52553 14.2074 55.6215
149.3 59.4773 4.49899 14.1615 55.648
149.4 59.4778 4.47252 14.1155 55.6745
149.5 59.478 4.44614 14.0696 55.7009
149.6 59.4779 4.41983 14.0236 55.7272
149.7 59.4775 4.3936 13.9777 55.7534
149.8 59.4768 4.36745 13.9317 55.7796
149.9 59.4758 4.34138 13.8858 55.8056
150 59.4745 4.31538 13.8398 55.8316
150.1 59.4728 4.28946 13.7939 55.8575
150.2 59.4709 4.26363 13.7479 55.8834
150.3 59.4686 4.23787 13.7019 55.9091
150.4 59.4661 4.21219 13.656 55.9348
150.5 59.4632 4.18659 13.61 55.9604
150.6 59.46 4.16106 13.564 55.9859
150.7 59.4564 4.13562 13.518 56.0114
150.8 59.4526 4.11025 13.4721 56.0367
150.9 59.4484 4.08497 13.4261 56.062
151 59.4438 4.05976 13.3801 56.0872
151.1 59.4389 4.03463 13.3341 56.1124
151.2 59.4337 4.00959 13.2882 56.1374
151.3 59.4282 3.98462 13.2422 56.1624
151.4 59.4222 3.95973 13.1962 56.1873
151.5 59.416 3.93492 13.1502 56.2121
151.6 59.4093 3.91019 13.1042 56.2368
151.7 59.4024 3.88554 13.0582 56.2615
151.8 59.395 3.86097 13.0122 56.286
151.9 59.3873 3.83648 12.9663 56.3105
152 59.3792 3.81207 12.9203 56.3349
152.1 59.3708 3.78774 12.8743 56.3593
152.2 59.3619 3.76348 12.8283 56.3835
152.3 59.3527 3.73931 12.7823 56.4077
152.4 59.3431 3.71522 12.7363 56.4318
152.5 59.3331 3.69121 12.6903 56.4558
152.6 59.3228 3.66728 12.6443 56.4797
152.7 59.312 3.64343 12.5983 56.5036
152.8 59.3008 3.61967 12.5523 56.5273
152.9 59.2893 3.59598 12.5062 56.551
153 59.2773 3.57237 12.4602 56.5746
153.1 59.2649 3.54884 12.4142 56.5982
153.2 59.2521 3.5254 12.3682 56.6216
153.3 59.2389 3.50203 12.3222 56.645
153.4 59.2252 3.47875 12.2762 56.6683
153.5 59.2112 3.45554 12.2302 56.6915
153.6 59.1967 3.43242 12.1841 56.7146
153.7 59.1817 3.40938 12.1381 56.7376
153.8 59.1664 3.38642 12.0921 56.7606
153.9 59.1505 3.36354 12.0461 56.7835
154 59.1343 3.34075 12 56.8063
154.1 59.1176 3.31803 11.954 56.829
154.2 59.1004 3.2954 11.908 56.8516
154.3 59.0827 3.27284 11.862 56.8742
154.4 59.0646 3.25037 11.8159 56.8966
154.5 59.046 3.22798 11.7699 56.919
154.6 59.027 3.20568 11.7239 56.9413
154.7 59.0074 3.18345 11.6778 56.9635
154.8 58.9874 3.16131 11.6318 56.9857
154.9 58.9669 3.13925 11.5858 57.0078
155 58.9459 3.11727 11.5397 57.0297
155.1 58.9244 3.09537 11.4937 57.0516
155.2 58.9023 3.07355 11.4476 57.0734
155.3 58.8798 3.05182 11.4016 57.0952
155.4 58.8567 3.03017 11.3555 57.1168
155.5 58.8332 3.0086 11.3095 57.1384
155.6 58.8091 2.98711 11.2634 57.1599
155.7 58.7844 2.96571 11.2174 57.1813
155.8 58.7592 2.94439 11.1713 57.2026
155.9 58.7335 2.92315 11.1253 57.2238
156 58.7072 2.902 11.0792 57.245
156.1 58.6804 2.88092 11.0332 57.2661
156.2 58.653 2.85993 10.9871 57.2871
156.3 58.625 2.83903 10.9411 57.308
156.4 58.5965 2.8182 10.895 57.3288
156.5 58.5674 2.79746 10.8489 57.3495
156.6 58.5376 2.7768 10.8029 57.3702
156.7 58.5073 2.75623 10.7568 57.3908
156.8 58.4764 2.73574 10.7107 57.4113
156.9 58.4449 2.71533 10.6647 57.4317
157 58.4128 2.695 10.6186 57.452
157.1 58.38 2.67476 10.5725 57.4722
157.2 58.3466 2.6546 10.5265 57.4924
157.3 58.3126 2.63453 10.4804 57.5125
157.4 58.278 2.61454 10.4343 57.5325
157.5 58.2427 2.59463 10.3882 57.5524
157.6 58.2067 2.57481 10.3422 57.5722
157.7 58.1701 2.55507 10.2961 57.5919
157.8 58.1328 2.53541 10.25 57.6116
157.9 58.0948 2.51584 10.2039 57.6312
158 58.0561 2.49635 10.1579 57.6506
158.1 58.0168 2.47695 10.1118 57.6701
158.2 57.9767 2.45763 10.0657 57.6894
158.3 57.936 2.43839 10.0196 57.7086
158.4 57.8945 2.41924 9.97352 57.7278
158.5 57.8523 2.40017 9.92743 57.7468
158.6 57.8093 2.38119 9.88134 57.7658
158.7 57.7657 2.36229 9.83525 57.7847
158.8 57.7212 2.34347 9.78916 57.8035
158.9 57.676 2.32474 9.74307 57.8223
159 57.6301 2.3061 9.69697 57.8409
159.1 57.5833 2.28754 9.65088 57.8595
159.2 57.5358 2.26906 9.60478 57.8779
159.3 57.4875 2.25067 9.55869 57.8963
159.4 57.4383 2.23236 9.51259 57.9146
159.5 57.3884 2.21414 9.46649 57.9329
159.6 57.3376 2.196 9.42039 57.951
159.7 57.286 2.17795 9.37429 57.969
159.8 57.2336 2.15998 9.32819 57.987
159.9 57.1802 2.1421 9.28208 58.0049
160 57.1261 2.1243 9.23598 58.0227
160.1 57.071 2.10659 9.18987 58.0404
160.2 57.0151 2.08896 9.14376 58.058
160.3 56.9583 2.07142 9.09765 58.0756
160.4 56.9006 2.05397 9.05154 58.093
160.5 56.8419 2.0366 9.00543 58.1104
160.6 56.7823 2.01931 8.95932 58.1277
160.7 56.7218 2.00211 8.91321 58.1449
160.8 56.6603 1.985 8.8671 58.162
160.9 56.5979 1.96797 8.82098 58.179
161 56.5345 1.95102 8.77486 58.196
161.1 56.4701 1.93416 8.72875 58.2128
161.2 56.4047 1.91739 8.68263 58.2296
161.3 56.3383 1.90071 8.63651 58.2463
161.4 56.2709 1.88411 8.59039 58.2629
161.5 56.2024 1.86759 8.54427 58.2794
161.6 56.1329 1.85116 8.49815 58.2958
161.7 56.0623 1.83482 8.45202 58.3122
161.8 55.9907 1.81856 8.4059 58.3284
161.9 55.9179 1.80239 8.35977 58.3446
162 55.8441 1.78631 8.31365 58.3607
162.1 55.7691 1.77031 8.26752 58.3767
162.2 55.693 1.7544 8.22139 58.3926
162.3 55.6157 1.73857 8.17526 58.4084
162.4 55.5373 1.72283 8.12913 58.4242
162.5 55.4578 1.70718 8.083 58.4398
162.6 55.377 1.69161 8.03686 58.4554
162.7 55.295 1.67613 7.99073 58.4709
162.8 55.2118 1.66074 7.9446 58.4863
162.9 55.1274 1.64543 7.89846 58.5016
163 55.0417 1.63021 7.85233 58.5168
163.1 54.9547 1.61508 7.80619 58.5319
163.2 54.8664 1.60003 7.76005 58.547
163.3 54.7769 1.58507 7.71391 58.5619
163.4 54.686 1.57019 7.66777 58.5768
163.5 54.5938 1.55541 7.62163 58.5916
163.6 54.5002 1.54071 7.57549 58.6063
163.7 54.4053 1.52609 7.52934 58.6209
163.8 54.309 1.51157 7.4832 58.6354
163.9 54.2112 1.49713 7.43706 58.6499
164 54.1121 1.48278 7.39091 58.6642
164.1 54.0115 1.46851 7.34476 58.6785
164.2 53.9094 1.45433 7.29862 58.6927
164.3 53.8058 1.44024 7.25247 58.7068
164.4 53.7008 1.42624 7.20632 58.7208
164.5 53.5942 1.41232 7.16017 58.7347
164.6 53.486 1.39849 7.11402 58.7485
164.7 53.3763 1.38475 7.06787 58.7622
164.8 53.265 1.3711 7.02171 58.7759
164.9 53.1521 1.35753 6.97556 58.7895
165 53.0376 1.34405 6.92941 58.8029
165.1 52.9214 1.33066 6.88325 58.8163
165.2 52.8035 1.31736 6.83709 58.8296
165.3 52.6839 1.30414 6.79094 58.8429
165.4 52.5626 1.29101 6.74478 58.856
165.5 52.4396 1.27797 6.69862 58.869
165.6 52.3148 1.26501 6.65246 58.882
165.7 52.1882 1.25215 6.6063 58.8949
165.8 52.0598 1.23937 6.56014 58.9076
165.9 51.9295 1.22668 6.51398 58.9203
166 51.7974 1.21408 6.46782 58.9329
166.1 51.6634 1.20156 6.42165 58.9454
166.2 51.5274 1.18914 6.37549 58.9579
166.3 51.3895 1.1768 6.32933 58.9702
166.4 51.2497 1.16455 6.28316 58.9825
166.5 51.1078 1.15239 6.23699 58.9946
166.6 50.9639 1.14031 6.19083 59.0067
166.7 50.8179 1.12832 6.14466 59.0187
166.8 50.6699 1.11643 6.09849 59.0306
166.9 50.5198 1.10462 6.05232 59.0424
167 50.3675 1.0929 6.00615 59.0541
167.1 50.213 1.08126 5.95998 59.0657
167.2 50.0563 1.06972 5.91381 59.0773
167.3 49.8974 1.05826 5.86764 59.0887
167.4 49.7362 1.04689 5.82146 59.1001
167.5 49.5728 1.03561 5.77529 59.1114
167.6 49.4069 1.02442 5.72912 59.1226
167.7 49.2388 1.01332 5.68294 59.1337
167.8 49.0682 1.0023 5.63677 59.1447
167.9 48.8952 0.991378 5.59059 59.1556
168 48.7198 0.98054 5.54441 59.1665
168.1 48.5418 0.969792 5.49824 59.1772
168.2 48.3614 0.959132 5.45206 59.1879
168.3 48.1783 0.94856 5.40588 59.1984
168.4 47.9927 0.938078 5.3597 59.2089
168.5 47.8044 0.927684 5.31352 59.2193
168.6 47.6135 0.917379 5.26734 59.2296
168.7 47.4198 0.907163 5.22116 59.2398
168.8 47.2234 0.897035 5.17498 59.25
168.9 47.0242 0.886997 5.12879 59.26
169 46.8222 0.877047 5.08261 59.27
169.1 46.6173 0.867187 5.03643 59.2798
169.2 46.4095 0.857415 4.99024 59.2896
169.3 46.1988 0.847732 4.94406 59.2993
169.4 45.9851 0.838139 4.89787 59.3089
169.5 45.7683 0.828634 4.85169 59.3184
169.6 45.5485 0.819219 4.8055 59.3278
169.7 45.3256 0.809892 4.75931 59.3371
169.8 45.0996 0.800655 4.71312 59.3463
169.9 44.8703 0.791507 4.66694 59.3555
170 44.6379 0.782448 4.62075 59.3646
170.1 44.4021 0.773478 4.57456 59.3735
170.2 44.1631 0.764598 4.52837 59.3824
170.3 43.9206 0.755807 4.48218 59.3912
170.4 43.6748 0.747105 4.43598 59.3999
170.5 43.4256 0.738492 4.38979 59.4085
170.6 43.1728 0.729969 4.3436 59.417
170.7 42.9165 0.721536 4.29741 59.4255
170.8 42.6566 0.713191 4.25122 59.4338
170.9 42.3931 0.704936 4.20502 59.4421
171 42.1259 0.696771 4.15883 59.4502
171.1 41.855 0.688695 4.11263 59.4583
171.2 41.5803 0.680709 4.06644 59.4663
171.3 41.3018 0.672812 4.02024 59.4742
171.4 41.0195 0.665004 3.97405 59.482
171.5 40.7333 0.657287 3.92785 59.4897
171.6 40.4431 0.649658 3.88165 59.4973
171.7 40.1489 0.64212 3.83545 59.5049
171.8 39.8507 0.634671 3.78926 59.5123
171.9 39.5484 0.627312 3.74306 59.5197
172 39.2419 0.620042 3.69686 59.527
172.1 38.9313 0.612862 3.65066 59.5341
172.2 38.6164 0.605772 3.60446 59.5412
172.3 38.2973 0.598772 3.55826 59.5482
172.4 37.9739 0.591862 3.51206 59.5551
172.5 37.6461 0.585041 3.46586 59.562
172.6 37.3139 0.57831 3.41966 59.5687
172.7 36.9773 0.571669 3.37345 59.5753
172.8 36.6362 0.565118 3.32725 59.5819
172.9 36.2905 0.558657 3.28105 59.5883
173 35.9403 0.552285 3.23485 59.5947
173.1 35.5855 0.546004 3.18864 59.601
173.2 35.226 0.539813 3.14244 59.6072
173.3 34.8618 0.533711 3.09624 59.6133
173.4 34.4929 0.5277 3.05003 59.6193
173.5 34.1192 0.521778 3.00383 59.6252
173.6 33.7408 0.515947 2.95762 59.6311
173.7 33.3575 0.510205 2.91142 59.6368
173.8 32.9693 0.504554 2.86521 59.6424
173.9 32.5763 0.498992 2.819 59.648
174 32.1783 0.493521 2.7728 59.6535
174.1 31.7753 0.48814 2.72659 59.6589
174.2 31.3674 0.482849 2.68038 59.6642
174.3 30.9545 0.477648 2.63417 59.6694
174.4 30.5365 0.472537 2.58797 59.6745
174.5 30.1136 0.467517 2.54176 59.6795
174.6 29.6855 0.462586 2.49555 59.6844
174.7 29.2524 0.457746 2.44934 59.6893
174.8 28.8142 0.452996 2.40313 59.694
174.9 28.3709 0.448337 2.35692 59.6987
175 27.9224 0.443767 2.31071 59.7032
175.1 27.4689 0.439288 2.2645 59.7077
175.2 27.0103 0.434899 2.21829 59.7121
175.3 26.5466 0.4306 2.17208 59.7164
175.4 26.0777 0.426392 2.12587 59.7206
175.5 25.6038 0.422274 2.07966 59.7247
175.6 25.1248 0.418246 2.03345 59.7288
175.7 24.6407 0.414309 1.98724 59.7327
175.8 24.1516 0.410462 1.94103 59.7365
175.9 23.6575 0.406705 1.89482 59.7403
176 23.1584 0.403039 1.8486 59.744
176.1 22.6543 0.399463 1.80239 59.7475
176.2 22.1453 0.395977 1.75618 59.751
176.3 21.6314 0.392582 1.70997 59.7544
176.4 21.1127 0.389277 1.66375 59.7577
176.5 20.5892 0.386063 1.61754 59.7609
176.6 20.061 0.382939 1.57133 59.7641
176.7 19.5282 0.379905 1.52511 59.7671
176.8 18.9907 0.376962 1.4789 59.77
176.9 18.4487 0.37411 1.43269 59.7729
177 17.9022 0.371348 1.38647 59.7757
177.1 17.3513 0.368676 1.34026 59.7783
177.2 16.7962 0.366095 1.29404 59.7809
177.3 16.2368 0.363605 1.24783 59.7834
177.4 15.6734 0.361205 1.20161 59.7858
177.5 15.1059 0.358895 1.1554 59.7881
177.6 14.5345 0.356676 1.10918 59.7903
177.7 13.9593 0.354547 1.06297 59.7925
177.8 13.3804 0.352509 1.01675 59.7945
177.9 12.798 0.350562 0.970539 59.7964
178 12.2121 0.348705 0.924324 59.7983
178.1 11.6229 0.346938 0.878108 59.8001
178.2 11.0305 0.345263 0.831892 59.8017
178.3 10.4351 0.343677 0.785677 59.8033
178.4 9.83682 0.342183 0.739461 59.8048
178.5 9.23576 0.340778 0.693245 59.8062
178.6 8.63209 0.339465 0.647029 59.8075
178.7 8.02598 0.338242 0.600813 59.8088
178.8 7.41758 0.337109 0.554597 59.8099
178.9 6.80706 0.336068 0.508381 59.8109
179 6.19457 0.335116 0.462164 59.8119
179.1 5.58029 0.334256 0.415948 59.8127
179.2 4.96438 0.333485 0.369732 59.8135
179.3 4.34703 0.332806 0.323515 59.8142
179.4 3.72841 0.332217 0.277299 59.8148
179.5 3.10869 0.331719 0.231083 59.8153
179.6 2.48805 0.331311 0.184866 59.8157
179.7 1.86668 0.330994 0.13865 59.816
179.8 1.24476 0.330767 0.0924331 59.8162
179.9 0.622473 0.330632 0.0462165 59.8164
180 4.36793e-14 0.330586 3.24288e-15 59.8164
