#kinematics calculation of exex
#vertex z = 500 mm, E_reaction = 38.084 MeV
#theta_cm, theta3_lab, Ek3_lab, theta4_lab, Ek4_lab
0 0 28.5114 0 0.692607
0.1 0.0421759 28.5114 0.270767 0.692628
0.2 0.0843518 28.5113 0.541514 0.692692
0.3 0.126528 28.5112 0.812222 0.692798
0.4 0.168704 28.5111 1.08287 0.692946
0.5 0.210879 28.5109 1.35344 0.693137
0.6 0.253055 28.5106 1.62391 0.69337
0.7 0.295231 28.5104 1.89427 0.693645
0.8 0.337406 28.51 2.16449 0.693963
0.9 0.379582 28.5097 2.43455 0.694323
1 0.421757 28.5093 2.70443 0.694726
1.1 0.463933 28.5088 2.97413 0.69517
1.2 0.506108 28.5083 3.2436 0.695658
1.3 0.548283 28.5078 3.51285 0.696187
1.4 0.590458 28.5072 3.78184 0.696759
1.5 0.632633 28.5066 4.05056 0.697373
1.6 0.674807 28.506 4.31898 0.69803
1.7 0.716981 28.5053 4.5871 0.698729
1.8 0.759156 28.5045 4.8549 0.699471
1.9 0.80133 28.5037 5.12234 0.700254
2 0.843503 28.5029 5.38942 0.70108
2.1 0.885677 28.5021 5.65612 0.701949
2.2 0.92785 28.5011 5.92242 0.702859
2.3 0.970023 28.5002 6.1883 0.703813
2.4 1.0122 28.4992 6.45374 0.704808
2.5 1.05437 28.4982 6.71872 0.705846
2.6 1.09654 28.4971 6.98324 0.706926
2.7 1.13871 28.496 7.24726 0.708048
2.8 1.18088 28.4948 7.51078 0.709213
2.9 1.22306 28.4936 7.77377 0.71042
3 1.26523 28.4923 8.03623 0.711669
3.1 1.3074 28.491 8.29812 0.712961
3.2 1.34957 28.4897 8.55945 0.714295
3.3 1.39174 28.4883 8.82018 0.715671
3.4 1.43391 28.4869 9.0803 0.71709
3.5 1.47608 28.4854 9.33981 0.718551
3.6 1.51824 28.4839 9.59867 0.720054
3.7 1.56041 28.4824 9.85688 0.7216
3.8 1.60258 28.4808 10.1144 0.723187
3.9 1.64475 28.4792 10.3713 0.724817
4 1.68691 28.4775 10.6275 0.72649
4.1 1.72908 28.4758 10.8829 0.728204
4.2 1.77125 28.474 11.1376 0.729961
4.3 1.81341 28.4722 11.3916 0.73176
4.4 1.85558 28.4704 11.6448 0.733601
4.5 1.89774 28.4685 11.8973 0.735485
4.6 1.93991 28.4666 12.149 0.737411
4.7 1.98207 28.4646 12.3998 0.739379
4.8 2.02423 28.4626 12.6499 0.741389
4.9 2.0664 28.4606 12.8992 0.743442
5 2.10856 28.4585 13.1476 0.745536
5.1 2.15072 28.4563 13.3951 0.747673
5.2 2.19288 28.4541 13.6419 0.749853
5.3 2.23504 28.4519 13.8877 0.752074
5.4 2.2772 28.4497 14.1327 0.754337
5.5 2.31936 28.4474 14.3767 0.756643
5.6 2.36152 28.445 14.6199 0.758991
5.7 2.40367 28.4426 14.8622 0.761381
5.8 2.44583 28.4402 15.1035 0.763813
5.9 2.48799 28.4377 15.3439 0.766288
6 2.53014 28.4352 15.5833 0.768804
6.1 2.5723 28.4326 15.8218 0.771363
6.2 2.61445 28.43 16.0594 0.773964
6.3 2.6566 28.4274 16.2959 0.776607
6.4 2.69876 28.4247 16.5315 0.779292
6.5 2.74091 28.422 16.7661 0.782019
6.6 2.78306 28.4192 16.9997 0.784788
6.7 2.82521 28.4164 17.2323 0.787599
6.8 2.86736 28.4135 17.4638 0.790453
6.9 2.90951 28.4107 17.6944 0.793348
7 2.95166 28.4077 17.9239 0.796286
7.1 2.9938 28.4047 18.1524 0.799265
7.2 3.03595 28.4017 18.3798 0.802287
7.3 3.0781 28.3986 18.6062 0.80535
7.4 3.12024 28.3955 18.8315 0.808456
7.5 3.16239 28.3924 19.0558 0.811604
7.6 3.20453 28.3892 19.279 0.814794
7.7 3.24667 28.386 19.5011 0.818025
7.8 3.28881 28.3827 19.7222 0.821299
7.9 3.33095 28.3794 19.9421 0.824615
8 3.37309 28.376 20.161 0.827972
8.1 3.41523 28.3726 20.3788 0.831372
8.2 3.45737 28.3692 20.5954 0.834813
8.3 3.49951 28.3657 20.811 0.838297
8.4 3.54164 28.3622 21.0255 0.841822
8.5 3.58378 28.3586 21.2388 0.84539
8.6 3.62591 28.355 21.4511 0.848999
8.7 3.66804 28.3513 21.6622 0.85265
8.8 3.71017 28.3477 21.8722 0.856343
8.9 3.75231 28.3439 22.081 0.860078
9 3.79443 28.3401 22.2888 0.863855
9.1 3.83656 28.3363 22.4954 0.867673
9.2 3.87869 28.3325 22.7009 0.871534
9.3 3.92082 28.3286 22.9052 0.875436
9.4 3.96294 28.3246 23.1084 0.87938
9.5 4.00507 28.3206 23.3105 0.883366
9.6 4.04719 28.3166 23.5114 0.887394
9.7 4.08931 28.3125 23.7112 0.891463
9.8 4.13143 28.3084 23.9098 0.895574
9.9 4.17355 28.3043 24.1073 0.899727
10 4.21567 28.3001 24.3037 0.903922
10.1 4.25779 28.2958 24.4989 0.908158
10.2 4.29991 28.2916 24.6929 0.912437
10.3 4.34202 28.2872 24.8858 0.916756
10.4 4.38414 28.2829 25.0776 0.921118
10.5 4.42625 28.2785 25.2682 0.925521
10.6 4.46836 28.274 25.4577 0.929966
10.7 4.51047 28.2695 25.646 0.934453
10.8 4.55258 28.265 25.8332 0.938981
10.9 4.59469 28.2604 26.0192 0.94355
11 4.6368 28.2558 26.2041 0.948162
11.1 4.6789 28.2512 26.3878 0.952815
11.2 4.721 28.2465 26.5704 0.957509
11.3 4.76311 28.2418 26.7518 0.962245
11.4 4.80521 28.237 26.9321 0.967023
11.5 4.84731 28.2322 27.1113 0.971842
11.6 4.88941 28.2273 27.2893 0.976703
11.7 4.93151 28.2224 27.4662 0.981605
11.8 4.9736 28.2175 27.642 0.986549
11.9 5.0157 28.2125 27.8166 0.991534
12 5.05779 28.2074 27.9901 0.996561
12.1 5.09988 28.2024 28.1625 1.00163
12.2 5.14197 28.1973 28.3337 1.00674
12.3 5.18406 28.1921 28.5038 1.01189
12.4 5.22615 28.1869 28.6728 1.01708
12.5 5.26824 28.1817 28.8407 1.02232
12.6 5.31032 28.1764 29.0074 1.02759
12.7 5.3524 28.1711 29.173 1.03291
12.8 5.39448 28.1657 29.3376 1.03826
12.9 5.43657 28.1603 29.501 1.04366
13 5.47864 28.1549 29.6633 1.0491
13.1 5.52072 28.1494 29.8245 1.05459
13.2 5.5628 28.1439 29.9846 1.06011
13.3 5.60487 28.1383 30.1436 1.06567
13.4 5.64694 28.1327 30.3015 1.07128
13.5 5.68902 28.1271 30.4584 1.07692
13.6 5.73108 28.1214 30.6141 1.08261
13.7 5.77315 28.1157 30.7688 1.08834
13.8 5.81522 28.1099 30.9224 1.09411
13.9 5.85728 28.1041 31.0749 1.09992
14 5.89935 28.0982 31.2263 1.10578
14.1 5.94141 28.0923 31.3767 1.11167
14.2 5.98347 28.0864 31.526 1.1176
14.3 6.02553 28.0804 31.6742 1.12358
14.4 6.06758 28.0744 31.8214 1.1296
14.5 6.10964 28.0683 31.9676 1.13565
14.6 6.15169 28.0622 32.1127 1.14175
14.7 6.19374 28.0561 32.2567 1.14789
14.8 6.23579 28.0499 32.3997 1.15407
14.9 6.27784 28.0437 32.5417 1.1603
15 6.31989 28.0374 32.6827 1.16656
15.1 6.36193 28.0311 32.8226 1.17286
15.2 6.40397 28.0248 32.9615 1.17921
15.3 6.44601 28.0184 33.0994 1.18559
15.4 6.48805 28.012 33.2363 1.19202
15.5 6.53009 28.0055 33.3721 1.19849
15.6 6.57212 27.999 33.507 1.20499
15.7 6.61416 27.9925 33.6408 1.21154
15.8 6.65619 27.9859 33.7737 1.21813
15.9 6.69822 27.9792 33.9056 1.22476
16 6.74025 27.9726 34.0365 1.23143
16.1 6.78227 27.9659 34.1664 1.23815
16.2 6.8243 27.9591 34.2953 1.2449
16.3 6.86632 27.9523 34.4233 1.25169
16.4 6.90834 27.9455 34.5503 1.25852
16.5 6.95036 27.9386 34.6763 1.2654
16.6 6.99238 27.9317 34.8014 1.27231
16.7 7.03439 27.9247 34.9255 1.27927
16.8 7.0764 27.9177 35.0487 1.28627
16.9 7.11841 27.9107 35.171 1.2933
17 7.16042 27.9036 35.2923 1.30038
17.1 7.20243 27.8965 35.4126 1.3075
17.2 7.24443 27.8893 35.5321 1.31466
17.3 7.28644 27.8821 35.6506 1.32186
17.4 7.32844 27.8749 35.7682 1.3291
17.5 7.37043 27.8676 35.8849 1.33638
17.6 7.41243 27.8603 36.0007 1.3437
17.7 7.45442 27.8529 36.1155 1.35106
17.8 7.49642 27.8455 36.2295 1.35846
17.9 7.53841 27.8381 36.3426 1.3659
18 7.58039 27.8306 36.4548 1.37338
18.1 7.62238 27.8231 36.5661 1.3809
18.2 7.66436 27.8155 36.6765 1.38847
18.3 7.70635 27.8079 36.7861 1.39607
18.4 7.74832 27.8003 36.8948 1.40371
18.5 7.7903 27.7926 37.0026 1.41139
18.6 7.83228 27.7849 37.1096 1.41912
18.7 7.87425 27.7771 37.2157 1.42688
18.8 7.91622 27.7693 37.321 1.43468
18.9 7.95819 27.7615 37.4254 1.44253
19 8.00015 27.7536 37.529 1.45041
19.1 8.04212 27.7457 37.6317 1.45833
19.2 8.08408 27.7377 37.7336 1.4663
19.3 8.12604 27.7297 37.8347 1.4743
19.4 8.16799 27.7217 37.935 1.48235
19.5 8.20995 27.7136 38.0344 1.49043
19.6 8.2519 27.7054 38.1331 1.49855
19.7 8.29385 27.6973 38.2309 1.50672
19.8 8.3358 27.6891 38.3279 1.51492
19.9 8.37774 27.6808 38.4242 1.52316
20 8.41969 27.6726 38.5196 1.53145
20.1 8.46163 27.6642 38.6143 1.53977
20.2 8.50357 27.6559 38.7082 1.54813
20.3 8.5455 27.6475 38.8013 1.55653
20.4 8.58743 27.639 38.8936 1.56498
20.5 8.62936 27.6305 38.9852 1.57346
20.6 8.67129 27.622 39.076 1.58198
20.7 8.71322 27.6135 39.166 1.59054
20.8 8.75514 27.6049 39.2553 1.59914
20.9 8.79706 27.5962 39.3438 1.60778
21 8.83898 27.5875 39.4316 1.61646
21.1 8.8809 27.5788 39.5187 1.62518
21.2 8.92281 27.5701 39.605 1.63394
21.3 8.96472 27.5613 39.6906 1.64274
21.4 9.00663 27.5524 39.7755 1.65158
21.5 9.04853 27.5435 39.8596 1.66046
21.6 9.09044 27.5346 39.943 1.66937
21.7 9.13234 27.5257 40.0258 1.67833
21.8 9.17424 27.5167 40.1078 1.68733
21.9 9.21613 27.5076 40.1891 1.69636
22 9.25802 27.4986 40.2697 1.70544
22.1 9.29991 27.4895 40.3496 1.71455
22.2 9.3418 27.4803 40.4288 1.7237
22.3 9.38368 27.4711 40.5073 1.73289
22.4 9.42557 27.4619 40.5852 1.74213
22.5 9.46745 27.4526 40.6623 1.7514
22.6 9.50932 27.4433 40.7388 1.76071
22.7 9.5512 27.4339 40.8147 1.77006
22.8 9.59307 27.4246 40.8898 1.77944
22.9 9.63493 27.4151 40.9643 1.78887
23 9.6768 27.4057 41.0382 1.79834
23.1 9.71866 27.3962 41.1114 1.80784
23.2 9.76052 27.3866 41.1839 1.81739
23.3 9.80238 27.377 41.2559 1.82697
23.4 9.84423 27.3674 41.3271 1.83659
23.5 9.88608 27.3577 41.3978 1.84625
23.6 9.92793 27.348 41.4678 1.85595
23.7 9.96978 27.3383 41.5371 1.86569
23.8 10.0116 27.3285 41.6059 1.87547
23.9 10.0535 27.3187 41.674 1.88528
24 10.0953 27.3089 41.7415 1.89514
24.1 10.1371 27.299 41.8084 1.90503
24.2 10.179 27.289 41.8747 1.91496
24.3 10.2208 27.2791 41.9404 1.92493
24.4 10.2626 27.2691 42.0055 1.93494
24.5 10.3044 27.259 42.0701 1.94499
24.6 10.3463 27.2489 42.134 1.95508
24.7 10.3881 27.2388 42.1973 1.9652
24.8 10.4299 27.2286 42.26 1.97537
24.9 10.4717 27.2184 42.3222 1.98557
25 10.5135 27.2082 42.3838 1.99581
25.1 10.5553 27.1979 42.4448 2.00609
25.2 10.5971 27.1876 42.5052 2.0164
25.3 10.6389 27.1772 42.5651 2.02676
25.4 10.6807 27.1668 42.6244 2.03715
25.5 10.7225 27.1564 42.6832 2.04759
25.6 10.7643 27.1459 42.7414 2.05806
25.7 10.8061 27.1354 42.7991 2.06857
25.8 10.8479 27.1249 42.8562 2.07911
25.9 10.8896 27.1143 42.9128 2.0897
26 10.9314 27.1037 42.9688 2.10032
26.1 10.9732 27.093 43.0243 2.11098
26.2 11.0149 27.0823 43.0792 2.12168
26.3 11.0567 27.0716 43.1337 2.13242
26.4 11.0985 27.0608 43.1876 2.14319
26.5 11.1402 27.05 43.241 2.15401
26.6 11.182 27.0391 43.2938 2.16486
26.7 11.2237 27.0283 43.3462 2.17575
26.8 11.2655 27.0173 43.398 2.18667
26.9 11.3072 27.0064 43.4493 2.19764
27 11.349 26.9954 43.5002 2.20864
27.1 11.3907 26.9843 43.5505 2.21968
27.2 11.4325 26.9732 43.6003 2.23076
27.3 11.4742 26.9621 43.6496 2.24187
27.4 11.5159 26.951 43.6985 2.25303
27.5 11.5577 26.9398 43.7468 2.26422
27.6 11.5994 26.9286 43.7947 2.27545
27.7 11.6411 26.9173 43.8421 2.28671
27.8 11.6828 26.906 43.889 2.29802
27.9 11.7245 26.8946 43.9354 2.30936
28 11.7662 26.8833 43.9813 2.32073
28.1 11.8079 26.8718 44.0268 2.33215
28.2 11.8496 26.8604 44.0718 2.3436
28.3 11.8913 26.8489 44.1164 2.35509
28.4 11.933 26.8374 44.1604 2.36662
28.5 11.9747 26.8258 44.2041 2.37819
28.6 12.0164 26.8142 44.2472 2.38979
28.7 12.0581 26.8026 44.29 2.40143
28.8 12.0998 26.7909 44.3322 2.41311
28.9 12.1415 26.7792 44.3741 2.42482
29 12.1831 26.7674 44.4155 2.43657
29.1 12.2248 26.7556 44.4564 2.44836
29.2 12.2665 26.7438 44.4969 2.46018
29.3 12.3081 26.732 44.537 2.47205
29.4 12.3498 26.7201 44.5766 2.48394
29.5 12.3914 26.7081 44.6158 2.49588
29.6 12.4331 26.6961 44.6546 2.50785
29.7 12.4747 26.6841 44.693 2.51986
29.8 12.5164 26.6721 44.7309 2.53191
29.9 12.558 26.66 44.7684 2.54399
30 12.5997 26.6479 44.8055 2.55611
30.1 12.6413 26.6357 44.8422 2.56827
30.2 12.6829 26.6235 44.8785 2.58046
30.3 12.7246 26.6113 44.9144 2.59269
30.4 12.7662 26.599 44.9498 2.60496
30.5 12.8078 26.5867 44.9849 2.61726
30.6 12.8494 26.5744 45.0196 2.6296
30.7 12.891 26.562 45.0538 2.64198
30.8 12.9326 26.5496 45.0877 2.65439
30.9 12.9742 26.5372 45.1212 2.66684
31 13.0158 26.5247 45.1543 2.67932
31.1 13.0574 26.5122 45.187 2.69184
31.2 13.099 26.4996 45.2193 2.7044
31.3 13.1406 26.487 45.2513 2.717
31.4 13.1822 26.4744 45.2828 2.72963
31.5 13.2238 26.4617 45.314 2.74229
31.6 13.2653 26.449 45.3448 2.755
31.7 13.3069 26.4363 45.3753 2.76773
31.8 13.3485 26.4235 45.4053 2.78051
31.9 13.39 26.4107 45.435 2.79332
32 13.4316 26.3978 45.4644 2.80617
32.1 13.4732 26.385 45.4933 2.81905
32.2 13.5147 26.372 45.5219 2.83197
32.3 13.5563 26.3591 45.5502 2.84492
32.4 13.5978 26.3461 45.5781 2.85791
32.5 13.6393 26.3331 45.6056 2.87094
32.6 13.6809 26.32 45.6328 2.884
32.7 13.7224 26.3069 45.6597 2.8971
32.8 13.7639 26.2938 45.6862 2.91023
32.9 13.8054 26.2806 45.7123 2.9234
33 13.847 26.2674 45.7381 2.9366
33.1 13.8885 26.2542 45.7636 2.94984
33.2 13.93 26.2409 45.7887 2.96312
33.3 13.9715 26.2276 45.8135 2.97643
33.4 14.013 26.2142 45.838 2.98977
33.5 14.0545 26.2008 45.8621 3.00315
33.6 14.096 26.1874 45.8859 3.01657
33.7 14.1375 26.174 45.9093 3.03002
33.8 14.1789 26.1605 45.9325 3.04351
33.9 14.2204 26.147 45.9553 3.05703
34 14.2619 26.1334 45.9778 3.07059
34.1 14.3034 26.1198 46 3.08418
34.2 14.3448 26.1062 46.0218 3.09781
34.3 14.3863 26.0925 46.0434 3.11147
34.4 14.4278 26.0788 46.0646 3.12517
34.5 14.4692 26.0651 46.0855 3.13891
34.6 14.5107 26.0513 46.1061 3.15267
34.7 14.5521 26.0375 46.1264 3.16648
34.8 14.5935 26.0237 46.1464 3.18031
34.9 14.635 26.0098 46.1661 3.19419
35 14.6764 25.9959 46.1855 3.20809
35.1 14.7178 25.982 46.2046 3.22203
35.2 14.7592 25.968 46.2233 3.23601
35.3 14.8007 25.954 46.2418 3.25002
35.4 14.8421 25.9399 46.26 3.26407
35.5 14.8835 25.9259 46.2779 3.27815
35.6 14.9249 25.9117 46.2955 3.29226
35.7 14.9663 25.8976 46.3129 3.30641
35.8 15.0077 25.8834 46.3299 3.32059
35.9 15.0491 25.8692 46.3466 3.33481
36 15.0904 25.8549 46.3631 3.34906
36.1 15.1318 25.8406 46.3793 3.36335
36.2 15.1732 25.8263 46.3952 3.37767
36.3 15.2146 25.812 46.4108 3.39203
36.4 15.2559 25.7976 46.4261 3.40642
36.5 15.2973 25.7832 46.4412 3.42084
36.6 15.3386 25.7687 46.456 3.4353
36.7 15.38 25.7542 46.4705 3.44979
36.8 15.4213 25.7397 46.4847 3.46431
36.9 15.4627 25.7251 46.4987 3.47887
37 15.504 25.7105 46.5124 3.49346
37.1 15.5453 25.6959 46.5259 3.50809
37.2 15.5867 25.6812 46.539 3.52275
37.3 15.628 25.6666 46.552 3.53745
37.4 15.6693 25.6518 46.5646 3.55217
37.5 15.7106 25.6371 46.577 3.56694
37.6 15.7519 25.6223 46.5892 3.58173
37.7 15.7932 25.6074 46.601 3.59656
37.8 15.8345 25.5926 46.6127 3.61142
37.9 15.8758 25.5777 46.624 3.62632
38 15.9171 25.5628 46.6352 3.64125
38.1 15.9584 25.5478 46.646 3.65621
38.2 15.9997 25.5328 46.6566 3.67121
38.3 16.0409 25.5178 46.667 3.68624
38.4 16.0822 25.5027 46.6771 3.7013
38.5 16.1235 25.4876 46.687 3.7164
38.6 16.1647 25.4725 46.6967 3.73152
38.7 16.206 25.4573 46.7061 3.74669
38.8 16.2472 25.4421 46.7152 3.76188
38.9 16.2884 25.4269 46.7241 3.77711
39 16.3297 25.4116 46.7328 3.79237
39.1 16.3709 25.3963 46.7413 3.80767
39.2 16.4121 25.381 46.7495 3.82299
39.3 16.4534 25.3656 46.7575 3.83835
39.4 16.4946 25.3503 46.7652 3.85375
39.5 16.5358 25.3348 46.7727 3.86917
39.6 16.577 25.3194 46.78 3.88463
39.7 16.6182 25.3039 46.7871 3.90012
39.8 16.6594 25.2884 46.7939 3.91564
39.9 16.7006 25.2728 46.8005 3.9312
40 16.7417 25.2572 46.8069 3.94679
40.1 16.7829 25.2416 46.8131 3.96241
40.2 16.8241 25.2259 46.819 3.97806
40.3 16.8653 25.2103 46.8247 3.99375
40.4 16.9064 25.1945 46.8302 4.00946
40.5 16.9476 25.1788 46.8355 4.02521
40.6 16.9887 25.163 46.8406 4.041
40.7 17.0299 25.1472 46.8454 4.05681
40.8 17.071 25.1313 46.8501 4.07266
40.9 17.1121 25.1155 46.8545 4.08854
41 17.1533 25.0996 46.8587 4.10445
41.1 17.1944 25.0836 46.8627 4.12039
41.2 17.2355 25.0676 46.8665 4.13637
41.3 17.2766 25.0516 46.8701 4.15237
41.4 17.3177 25.0356 46.8735 4.16841
41.5 17.3588 25.0195 46.8767 4.18448
41.6 17.3999 25.0034 46.8796 4.20058
41.7 17.441 24.9873 46.8824 4.21672
41.8 17.4821 24.9711 46.885 4.23288
41.9 17.5231 24.9549 46.8873 4.24908
42 17.5642 24.9387 46.8895 4.26531
42.1 17.6053 24.9224 46.8915 4.28157
42.2 17.6463 24.9061 46.8933 4.29786
42.3 17.6874 24.8898 46.8948 4.31418
42.4 17.7284 24.8735 46.8962 4.33053
42.5 17.7695 24.8571 46.8974 4.34692
42.6 17.8105 24.8407 46.8984 4.36334
42.7 17.8515 24.8242 46.8992 4.37978
42.8 17.8926 24.8077 46.8998 4.39626
42.9 17.9336 24.7912 46.9002 4.41277
43 17.9746 24.7747 46.9005 4.42931
43.1 18.0156 24.7581 46.9005 4.44589
43.2 18.0566 24.7415 46.9004 4.46249
43.3 18.0976 24.7249 46.9001 4.47912
43.4 18.1386 24.7082 46.8995 4.49579
43.5 18.1796 24.6915 46.8989 4.51248
43.6 18.2205 24.6748 46.898 4.52921
43.7 18.2615 24.658 46.8969 4.54597
43.8 18.3025 24.6412 46.8957 4.56275
43.9 18.3434 24.6244 46.8943 4.57957
44 18.3844 24.6076 46.8927 4.59642
44.1 18.4253 24.5907 46.8909 4.6133
44.2 18.4663 24.5738 46.889 4.63021
44.3 18.5072 24.5569 46.8868 4.64715
44.4 18.5481 24.5399 46.8845 4.66412
44.5 18.5891 24.5229 46.8821 4.68112
44.6 18.63 24.5059 46.8794 4.69815
44.7 18.6709 24.4888 46.8766 4.71521
44.8 18.7118 24.4717 46.8736 4.7323
44.9 18.7527 24.4546 46.8705 4.74942
45 18.7936 24.4374 46.8671 4.76657
45.1 18.8344 24.4202 46.8636 4.78375
45.2 18.8753 24.403 46.86 4.80097
45.3 18.9162 24.3858 46.8562 4.81821
45.4 18.9571 24.3685 46.8522 4.83548
45.5 18.9979 24.3512 46.848 4.85278
45.6 19.0388 24.3339 46.8437 4.87011
45.7 19.0796 24.3165 46.8392 4.88747
45.8 19.1204 24.2991 46.8346 4.90486
45.9 19.1613 24.2817 46.8298 4.92228
46 19.2021 24.2643 46.8248 4.93972
46.1 19.2429 24.2468 46.8197 4.9572
46.2 19.2837 24.2293 46.8144 4.97471
46.3 19.3245 24.2118 46.809 4.99225
46.4 19.3653 24.1942 46.8034 5.00981
46.5 19.4061 24.1766 46.7976 5.02741
46.6 19.4469 24.159 46.7917 5.04503
46.7 19.4877 24.1413 46.7857 5.06268
46.8 19.5285 24.1236 46.7795 5.08037
46.9 19.5692 24.1059 46.7731 5.09808
47 19.61 24.0882 46.7666 5.11582
47.1 19.6507 24.0704 46.7599 5.13359
47.2 19.6915 24.0526 46.7531 5.15138
47.3 19.7322 24.0348 46.7462 5.16921
47.4 19.7729 24.0169 46.739 5.18707
47.5 19.8137 23.999 46.7318 5.20495
47.6 19.8544 23.9811 46.7244 5.22286
47.7 19.8951 23.9632 46.7168 5.2408
47.8 19.9358 23.9452 46.7091 5.25877
47.9 19.9765 23.9272 46.7013 5.27677
48 20.0172 23.9092 46.6933 5.2948
48.1 20.0579 23.8911 46.6852 5.31285
48.2 20.0985 23.8731 46.6769 5.33094
48.3 20.1392 23.855 46.6685 5.34905
48.4 20.1799 23.8368 46.6599 5.36719
48.5 20.2205 23.8186 46.6512 5.38536
48.6 20.2612 23.8004 46.6424 5.40355
48.7 20.3018 23.7822 46.6334 5.42178
48.8 20.3425 23.764 46.6243 5.44003
48.9 20.3831 23.7457 46.6151 5.45831
49 20.4237 23.7274 46.6057 5.47662
49.1 20.4643 23.709 46.5962 5.49495
49.2 20.5049 23.6907 46.5865 5.51332
49.3 20.5455 23.6723 46.5767 5.53171
49.4 20.5861 23.6539 46.5668 5.55013
49.5 20.6267 23.6354 46.5568 5.56857
49.6 20.6673 23.617 46.5466 5.58705
49.7 20.7078 23.5985 46.5363 5.60555
49.8 20.7484 23.5799 46.5258 5.62408
49.9 20.7889 23.5614 46.5152 5.64263
50 20.8295 23.5428 46.5045 5.66121
50.1 20.87 23.5242 46.4937 5.67983
50.2 20.9106 23.5055 46.4827 5.69846
50.3 20.9511 23.4869 46.4716 5.71713
50.4 20.9916 23.4682 46.4604 5.73582
50.5 21.0321 23.4495 46.4491 5.75454
50.6 21.0726 23.4307 46.4376 5.77328
50.7 21.1131 23.4119 46.426 5.79206
50.8 21.1536 23.3931 46.4143 5.81086
50.9 21.1941 23.3743 46.4024 5.82968
51 21.2345 23.3555 46.3905 5.84854
51.1 21.275 23.3366 46.3784 5.86742
51.2 21.3155 23.3177 46.3662 5.88632
51.3 21.3559 23.2987 46.3538 5.90525
51.4 21.3963 23.2798 46.3414 5.92421
51.5 21.4368 23.2608 46.3288 5.9432
51.6 21.4772 23.2418 46.3161 5.96221
51.7 21.5176 23.2228 46.3033 5.98125
51.8 21.558 23.2037 46.2904 6.00031
51.9 21.5984 23.1846 46.2773 6.01941
52 21.6388 23.1655 46.2642 6.03852
52.1 21.6792 23.1463 46.2509 6.05767
52.2 21.7196 23.1272 46.2375 6.07683
52.3 21.76 23.108 46.224 6.09603
52.4 21.8003 23.0887 46.2103 6.11525
52.5 21.8407 23.0695 46.1966 6.1345
52.6 21.881 23.0502 46.1827 6.15377
52.7 21.9214 23.0309 46.1688 6.17307
52.8 21.9617 23.0116 46.1547 6.19239
52.9 22.002 22.9923 46.1405 6.21174
53 22.0423 22.9729 46.1262 6.23112
53.1 22.0826 22.9535 46.1118 6.25052
53.2 22.1229 22.9341 46.0972 6.26995
53.3 22.1632 22.9146 46.0826 6.2894
53.4 22.2035 22.8951 46.0679 6.30887
53.5 22.2438 22.8756 46.053 6.32838
53.6 22.284 22.8561 46.038 6.3479
53.7 22.3243 22.8365 46.023 6.36746
53.8 22.3645 22.817 46.0078 6.38703
53.9 22.4048 22.7974 45.9925 6.40664
54 22.445 22.7777 45.9771 6.42626
54.1 22.4852 22.7581 45.9616 6.44592
54.2 22.5254 22.7384 45.946 6.46559
54.3 22.5656 22.7187 45.9303 6.4853
54.4 22.6058 22.699 45.9145 6.50502
54.5 22.646 22.6792 45.8986 6.52477
54.6 22.6862 22.6594 45.8826 6.54455
54.7 22.7264 22.6396 45.8665 6.56435
54.8 22.7666 22.6198 45.8502 6.58418
54.9 22.8067 22.6 45.8339 6.60403
55 22.8469 22.5801 45.8175 6.6239
55.1 22.887 22.5602 45.801 6.6438
55.2 22.9271 22.5403 45.7843 6.66372
55.3 22.9672 22.5203 45.7676 6.68367
55.4 23.0074 22.5004 45.7508 6.70364
55.5 23.0475 22.4804 45.7339 6.72363
55.6 23.0875 22.4603 45.7169 6.74365
55.7 23.1276 22.4403 45.6997 6.76369
55.8 23.1677 22.4202 45.6825 6.78376
55.9 23.2078 22.4001 45.6652 6.80385
56 23.2478 22.38 45.6478 6.82397
56.1 23.2879 22.3599 45.6303 6.8441
56.2 23.3279 22.3397 45.6127 6.86427
56.3 23.368 22.3195 45.595 6.88445
56.4 23.408 22.2993 45.5772 6.90466
56.5 23.448 22.2791 45.5593 6.92489
56.6 23.488 22.2589 45.5413 6.94515
56.7 23.528 22.2386 45.5233 6.96543
56.8 23.568 22.2183 45.5051 6.98573
56.9 23.608 22.1979 45.4869 7.00605
57 23.6479 22.1776 45.4685 7.0264
57.1 23.6879 22.1572 45.4501 7.04677
57.2 23.7278 22.1368 45.4315 7.06717
57.3 23.7678 22.1164 45.4129 7.08759
57.4 23.8077 22.096 45.3942 7.10803
57.5 23.8476 22.0755 45.3754 7.12849
57.6 23.8876 22.055 45.3565 7.14897
57.7 23.9275 22.0345 45.3375 7.16948
57.8 23.9674 22.014 45.3185 7.19001
57.9 24.0072 21.9934 45.2993 7.21057
58 24.0471 21.9729 45.28 7.23114
58.1 24.087 21.9523 45.2607 7.25174
58.2 24.1268 21.9316 45.2413 7.27236
58.3 24.1667 21.911 45.2218 7.29301
58.4 24.2065 21.8903 45.2022 7.31367
58.5 24.2464 21.8696 45.1825 7.33436
58.6 24.2862 21.8489 45.1627 7.35507
58.7 24.326 21.8282 45.1429 7.3758
58.8 24.3658 21.8074 45.123 7.39656
58.9 24.4056 21.7867 45.1029 7.41733
59 24.4454 21.7659 45.0828 7.43813
59.1 24.4851 21.745 45.0627 7.45895
59.2 24.5249 21.7242 45.0424 7.47979
59.3 24.5646 21.7033 45.022 7.50066
59.4 24.6044 21.6825 45.0016 7.52154
59.5 24.6441 21.6616 44.9811 7.54245
59.6 24.6838 21.6406 44.9605 7.56338
59.7 24.7235 21.6197 44.9398 7.58433
59.8 24.7633 21.5987 44.919 7.6053
59.9 24.8029 21.5777 44.8982 7.62629
60 24.8426 21.5567 44.8773 7.6473
60.1 24.8823 21.5357 44.8563 7.66834
60.2 24.922 21.5146 44.8352 7.68939
60.3 24.9616 21.4935 44.814 7.71047
60.4 25.0013 21.4724 44.7928 7.73157
60.5 25.0409 21.4513 44.7715 7.75269
60.6 25.0805 21.4302 44.7501 7.77383
60.7 25.1201 21.409 44.7286 7.79499
60.8 25.1597 21.3878 44.7071 7.81617
60.9 25.1993 21.3666 44.6854 7.83737
61 25.2389 21.3454 44.6637 7.85859
61.1 25.2785 21.3242 44.642 7.87984
61.2 25.318 21.3029 44.6201 7.9011
61.3 25.3576 21.2816 44.5982 7.92238
61.4 25.3971 21.2603 44.5762 7.94369
61.5 25.4366 21.239 44.5541 7.96501
61.6 25.4762 21.2176 44.5319 7.98636
61.7 25.5157 21.1963 44.5097 8.00772
61.8 25.5552 21.1749 44.4874 8.02911
61.9 25.5947 21.1535 44.465 8.05051
62 25.6341 21.1321 44.4426 8.07194
62.1 25.6736 21.1106 44.42 8.09338
62.2 25.713 21.0892 44.3974 8.11484
62.3 25.7525 21.0677 44.3748 8.13633
62.4 25.7919 21.0462 44.352 8.15783
62.5 25.8314 21.0246 44.3292 8.17936
62.6 25.8708 21.0031 44.3063 8.2009
62.7 25.9102 20.9815 44.2834 8.22246
62.8 25.9496 20.96 44.2603 8.24405
62.9 25.9889 20.9384 44.2372 8.26565
63 26.0283 20.9167 44.2141 8.28727
63.1 26.0677 20.8951 44.1908 8.30891
63.2 26.107 20.8734 44.1675 8.33057
63.3 26.1463 20.8518 44.1442 8.35225
63.4 26.1857 20.8301 44.1207 8.37394
63.5 26.225 20.8083 44.0972 8.39566
63.6 26.2643 20.7866 44.0736 8.41739
63.7 26.3036 20.7649 44.05 8.43915
63.8 26.3429 20.7431 44.0262 8.46092
63.9 26.3821 20.7213 44.0025 8.48271
64 26.4214 20.6995 43.9786 8.50452
64.1 26.4606 20.6776 43.9547 8.52635
64.2 26.4999 20.6558 43.9307 8.5482
64.3 26.5391 20.6339 43.9066 8.57007
64.4 26.5783 20.6121 43.8825 8.59195
64.5 26.6175 20.5901 43.8583 8.61385
64.6 26.6567 20.5682 43.8341 8.63577
64.7 26.6959 20.5463 43.8098 8.65771
64.8 26.735 20.5243 43.7854 8.67967
64.9 26.7742 20.5024 43.7609 8.70164
65 26.8133 20.4804 43.7364 8.72364
65.1 26.8525 20.4584 43.7118 8.74565
65.2 26.8916 20.4363 43.6872 8.76768
65.3 26.9307 20.4143 43.6625 8.78972
65.4 26.9698 20.3922 43.6377 8.81179
65.5 27.0089 20.3701 43.6129 8.83387
65.6 27.048 20.348 43.588 8.85597
65.7 27.087 20.3259 43.5631 8.87809
65.8 27.1261 20.3038 43.538 8.90022
65.9 27.1651 20.2816 43.513 8.92237
66 27.2041 20.2595 43.4878 8.94454
66.1 27.2431 20.2373 43.4626 8.96673
66.2 27.2821 20.2151 43.4374 8.98893
66.3 27.3211 20.1928 43.412 9.01115
66.4 27.3601 20.1706 43.3866 9.03339
66.5 27.3991 20.1484 43.3612 9.05564
66.6 27.438 20.1261 43.3357 9.07791
66.7 27.477 20.1038 43.3101 9.1002
66.8 27.5159 20.0815 43.2845 9.12251
66.9 27.5548 20.0592 43.2588 9.14483
67 27.5937 20.0368 43.2331 9.16717
67.1 27.6326 20.0145 43.2073 9.18952
67.2 27.6715 19.9921 43.1814 9.21189
67.3 27.7104 19.9697 43.1555 9.23428
67.4 27.7492 19.9473 43.1295 9.25669
67.5 27.7881 19.9249 43.1035 9.27911
67.6 27.8269 19.9025 43.0774 9.30154
67.7 27.8657 19.88 43.0512 9.324
67.8 27.9045 19.8575 43.025 9.34646
67.9 27.9433 19.8351 42.9987 9.36895
68 27.9821 19.8126 42.9724 9.39145
68.1 28.0209 19.79 42.946 9.41397
68.2 28.0596 19.7675 42.9196 9.4365
68.3 28.0984 19.745 42.8931 9.45905
68.4 28.1371 19.7224 42.8666 9.48161
68.5 28.1758 19.6998 42.8399 9.50419
68.6 28.2145 19.6772 42.8133 9.52679
68.7 28.2532 19.6546 42.7866 9.5494
68.8 28.2919 19.632 42.7598 9.57202
68.9 28.3305 19.6093 42.733 9.59466
69 28.3692 19.5867 42.7061 9.61732
69.1 28.4078 19.564 42.6792 9.63999
69.2 28.4465 19.5413 42.6522 9.66268
69.3 28.4851 19.5186 42.6251 9.68538
69.4 28.5237 19.4959 42.598 9.7081
69.5 28.5623 19.4732 42.5709 9.73083
69.6 28.6008 19.4504 42.5437 9.75357
69.7 28.6394 19.4277 42.5164 9.77634
69.8 28.6779 19.4049 42.4891 9.79911
69.9 28.7165 19.3821 42.4617 9.8219
70 28.755 19.3593 42.4343 9.84471
70.1 28.7935 19.3365 42.4069 9.86753
70.2 28.832 19.3136 42.3793 9.89036
70.3 28.8705 19.2908 42.3518 9.91321
70.4 28.9089 19.2679 42.3241 9.93607
70.5 28.9474 19.2451 42.2965 9.95895
70.6 28.9858 19.2222 42.2687 9.98184
70.7 29.0242 19.1993 42.241 10.0047
70.8 29.0626 19.1763 42.2131 10.0277
70.9 29.101 19.1534 42.1853 10.0506
71 29.1394 19.1305 42.1573 10.0735
71.1 29.1778 19.1075 42.1294 10.0965
71.2 29.2161 19.0845 42.1013 10.1195
71.3 29.2545 19.0615 42.0732 10.1425
71.4 29.2928 19.0385 42.0451 10.1655
71.5 29.3311 19.0155 42.0169 10.1885
71.6 29.3694 18.9925 41.9887 10.2115
71.7 29.4077 18.9694 41.9604 10.2346
71.8 29.446 18.9464 41.9321 10.2576
71.9 29.4842 18.9233 41.9037 10.2807
72 29.5225 18.9002 41.8753 10.3038
72.1 29.5607 18.8771 41.8469 10.3269
72.2 29.5989 18.854 41.8183 10.35
72.3 29.6371 18.8309 41.7898 10.3731
72.4 29.6753 18.8078 41.7612 10.3962
72.5 29.7135 18.7846 41.7325 10.4194
72.6 29.7516 18.7615 41.7038 10.4425
72.7 29.7898 18.7383 41.675 10.4657
72.8 29.8279 18.7151 41.6462 10.4889
72.9 29.866 18.6919 41.6174 10.5121
73 29.9041 18.6687 41.5885 10.5353
73.1 29.9422 18.6455 41.5595 10.5585
73.2 29.9802 18.6223 41.5306 10.5817
73.3 30.0183 18.599 41.5015 10.605
73.4 30.0563 18.5758 41.4724 10.6282
73.5 30.0944 18.5525 41.4433 10.6515
73.6 30.1324 18.5292 41.4141 10.6748
73.7 30.1704 18.5059 41.3849 10.6981
73.8 30.2083 18.4826 41.3557 10.7214
73.9 30.2463 18.4593 41.3264 10.7447
74 30.2842 18.4359 41.297 10.7681
74.1 30.3222 18.4126 41.2676 10.7914
74.2 30.3601 18.3893 41.2382 10.8147
74.3 30.398 18.3659 41.2087 10.8381
74.4 30.4359 18.3425 41.1791 10.8615
74.5 30.4738 18.3191 41.1496 10.8849
74.6 30.5116 18.2957 41.12 10.9083
74.7 30.5494 18.2723 41.0903 10.9317
74.8 30.5873 18.2489 41.0606 10.9551
74.9 30.6251 18.2255 41.0308 10.9785
75 30.6629 18.202 41.0011 11.002
75.1 30.7007 18.1786 40.9712 11.0254
75.2 30.7384 18.1551 40.9413 11.0489
75.3 30.7762 18.1316 40.9114 11.0724
75.4 30.8139 18.1081 40.8815 11.0959
75.5 30.8516 18.0846 40.8515 11.1194
75.6 30.8893 18.0611 40.8214 11.1429
75.7 30.927 18.0376 40.7913 11.1664
75.8 30.9646 18.0141 40.7612 11.1899
75.9 31.0023 17.9905 40.731 11.2135
76 31.0399 17.967 40.7008 11.237
76.1 31.0776 17.9434 40.6705 11.2606
76.2 31.1152 17.9199 40.6403 11.2841
76.3 31.1527 17.8963 40.6099 11.3077
76.4 31.1903 17.8727 40.5795 11.3313
76.5 31.2279 17.8491 40.5491 11.3549
76.6 31.2654 17.8255 40.5187 11.3785
76.7 31.3029 17.8019 40.4882 11.4021
76.8 31.3404 17.7782 40.4576 11.4258
76.9 31.3779 17.7546 40.427 11.4494
77 31.4154 17.7309 40.3964 11.4731
77.1 31.4528 17.7073 40.3658 11.4967
77.2 31.4903 17.6836 40.3351 11.5204
77.3 31.5277 17.6599 40.3043 11.5441
77.4 31.5651 17.6362 40.2735 11.5678
77.5 31.6025 17.6125 40.2427 11.5915
77.6 31.6398 17.5888 40.2119 11.6152
77.7 31.6772 17.5651 40.181 11.6389
77.8 31.7145 17.5414 40.15 11.6626
77.9 31.7519 17.5177 40.119 11.6863
78 31.7892 17.4939 40.088 11.7101
78.1 31.8264 17.4702 40.057 11.7338
78.2 31.8637 17.4464 40.0259 11.7576
78.3 31.901 17.4226 39.9948 11.7814
78.4 31.9382 17.3989 39.9636 11.8051
78.5 31.9754 17.3751 39.9324 11.8289
78.6 32.0126 17.3513 39.9012 11.8527
78.7 32.0498 17.3275 39.8699 11.8765
78.8 32.0869 17.3037 39.8386 11.9003
78.9 32.1241 17.2799 39.8072 11.9241
79 32.1612 17.256 39.7758 11.948
79.1 32.1983 17.2322 39.7444 11.9718
79.2 32.2354 17.2084 39.7129 11.9956
79.3 32.2725 17.1845 39.6814 12.0195
79.4 32.3095 17.1607 39.6499 12.0433
79.5 32.3466 17.1368 39.6183 12.0672
79.6 32.3836 17.1129 39.5867 12.0911
79.7 32.4206 17.089 39.555 12.115
79.8 32.4576 17.0651 39.5234 12.1389
79.9 32.4945 17.0412 39.4916 12.1628
80 32.5315 17.0173 39.4599 12.1867
80.1 32.5684 16.9934 39.4281 12.2106
80.2 32.6053 16.9695 39.3963 12.2345
80.3 32.6422 16.9456 39.3644 12.2584
80.4 32.6791 16.9217 39.3325 12.2823
80.5 32.716 16.8977 39.3006 12.3063
80.6 32.7528 16.8738 39.2686 12.3302
80.7 32.7896 16.8498 39.2366 12.3542
80.8 32.8264 16.8259 39.2046 12.3781
80.9 32.8632 16.8019 39.1725 12.4021
81 32.9 16.7779 39.1404 12.4261
81.1 32.9367 16.7539 39.1083 12.4501
81.2 32.9734 16.7299 39.0761 12.4741
81.3 33.0101 16.7059 39.0439 12.4981
81.4 33.0468 16.6819 39.0116 12.5221
81.5 33.0835 16.6579 38.9793 12.5461
81.6 33.1201 16.6339 38.947 12.5701
81.7 33.1568 16.6099 38.9147 12.5941
81.8 33.1934 16.5859 38.8823 12.6181
81.9 33.2299 16.5619 38.8499 12.6421
82 33.2665 16.5378 38.8175 12.6662
82.1 33.3031 16.5138 38.785 12.6902
82.2 33.3396 16.4897 38.7525 12.7143
82.3 33.3761 16.4657 38.7199 12.7383
82.4 33.4126 16.4416 38.6873 12.7624
82.5 33.4491 16.4175 38.6547 12.7865
82.6 33.4855 16.3935 38.6221 12.8105
82.7 33.522 16.3694 38.5894 12.8346
82.8 33.5584 16.3453 38.5567 12.8587
82.9 33.5948 16.3212 38.524 12.8828
83 33.6311 16.2971 38.4912 12.9069
83.1 33.6675 16.273 38.4584 12.931
83.2 33.7038 16.2489 38.4255 12.9551
83.3 33.7401 16.2248 38.3927 12.9792
83.4 33.7764 16.2007 38.3598 13.0033
83.5 33.8127 16.1766 38.3268 13.0274
83.6 33.849 16.1525 38.2939 13.0515
83.7 33.8852 16.1283 38.2609 13.0757
83.8 33.9214 16.1042 38.2279 13.0998
83.9 33.9576 16.0801 38.1948 13.1239
84 33.9938 16.0559 38.1617 13.1481
84.1 34.0299 16.0318 38.1286 13.1722
84.2 34.066 16.0076 38.0954 13.1964
84.3 34.1021 15.9835 38.0623 13.2205
84.4 34.1382 15.9593 38.029 13.2447
84.5 34.1743 15.9352 37.9958 13.2688
84.6 34.2103 15.911 37.9625 13.293
84.7 34.2463 15.8868 37.9292 13.3172
84.8 34.2823 15.8626 37.8959 13.3414
84.9 34.3183 15.8385 37.8625 13.3655
85 34.3543 15.8143 37.8291 13.3897
85.1 34.3902 15.7901 37.7957 13.4139
85.2 34.4261 15.7659 37.7623 13.4381
85.3 34.462 15.7417 37.7288 13.4623
85.4 34.4979 15.7175 37.6953 13.4865
85.5 34.5338 15.6933 37.6617 13.5107
85.6 34.5696 15.6691 37.6281 13.5349
85.7 34.6054 15.6449 37.5945 13.5591
85.8 34.6412 15.6207 37.5609 13.5833
85.9 34.6769 15.5965 37.5273 13.6075
86 34.7127 15.5723 37.4936 13.6317
86.1 34.7484 15.5481 37.4599 13.6559
86.2 34.7841 15.5238 37.4261 13.6802
86.3 34.8198 15.4996 37.3923 13.7044
86.4 34.8554 15.4754 37.3585 13.7286
86.5 34.891 15.4511 37.3247 13.7529
86.6 34.9267 15.4269 37.2908 13.7771
86.7 34.9622 15.4027 37.2569 13.8013
86.8 34.9978 15.3784 37.223 13.8256
86.9 35.0333 15.3542 37.1891 13.8498
87 35.0689 15.33 37.1551 13.874
87.1 35.1043 15.3057 37.1211 13.8983
87.2 35.1398 15.2815 37.0871 13.9225
87.3 35.1753 15.2572 37.053 13.9468
87.4 35.2107 15.233 37.0189 13.971
87.5 35.2461 15.2087 36.9848 13.9953
87.6 35.2815 15.1845 36.9507 14.0195
87.7 35.3168 15.1602 36.9165 14.0438
87.8 35.3522 15.136 36.8823 14.068
87.9 35.3875 15.1117 36.8481 14.0923
88 35.4227 15.0874 36.8139 14.1166
88.1 35.458 15.0632 36.7796 14.1408
88.2 35.4932 15.0389 36.7453 14.1651
88.3 35.5285 15.0146 36.711 14.1894
88.4 35.5636 14.9904 36.6766 14.2136
88.5 35.5988 14.9661 36.6422 14.2379
88.6 35.6339 14.9418 36.6078 14.2622
88.7 35.6691 14.9176 36.5734 14.2864
88.8 35.7042 14.8933 36.5389 14.3107
88.9 35.7392 14.869 36.5044 14.335
89 35.7743 14.8448 36.4699 14.3592
89.1 35.8093 14.8205 36.4354 14.3835
89.2 35.8443 14.7962 36.4008 14.4078
89.3 35.8793 14.7719 36.3662 14.4321
89.4 35.9142 14.7477 36.3316 14.4563
89.5 35.9491 14.7234 36.297 14.4806
89.6 35.984 14.6991 36.2623 14.5049
89.7 36.0189 14.6748 36.2276 14.5292
89.8 36.0537 14.6506 36.1929 14.5534
89.9 36.0886 14.6263 36.1581 14.5777
90 36.1234 14.602 36.1234 14.602
90.1 36.1581 14.5777 36.0886 14.6263
90.2 36.1929 14.5534 36.0537 14.6506
90.3 36.2276 14.5292 36.0189 14.6748
90.4 36.2623 14.5049 35.984 14.6991
90.5 36.297 14.4806 35.9491 14.7234
90.6 36.3316 14.4563 35.9142 14.7477
90.7 36.3662 14.4321 35.8793 14.7719
90.8 36.4008 14.4078 35.8443 14.7962
90.9 36.4354 14.3835 35.8093 14.8205
91 36.4699 14.3592 35.7743 14.8448
91.1 36.5044 14.335 35.7392 14.869
91.2 36.5389 14.3107 35.7042 14.8933
91.3 36.5734 14.2864 35.6691 14.9176
91.4 36.6078 14.2622 35.6339 14.9418
91.5 36.6422 14.2379 35.5988 14.9661
91.6 36.6766 14.2136 35.5636 14.9904
91.7 36.711 14.1894 35.5285 15.0146
91.8 36.7453 14.1651 35.4932 15.0389
91.9 36.7796 14.1408 35.458 15.0632
92 36.8139 14.1166 35.4227 15.0874
92.1 36.8481 14.0923 35.3875 15.1117
92.2 36.8823 14.068 35.3522 15.136
92.3 36.9165 14.0438 35.3168 15.1602
92.4 36.9507 14.0195 35.2815 15.1845
92.5 36.9848 13.9953 35.2461 15.2087
92.6 37.0189 13.971 35.2107 15.233
92.7 37.053 13.9468 35.1753 15.2572
92.8 37.0871 13.9225 35.1398 15.2815
92.9 37.1211 13.8983 35.1043 15.3057
93 37.1551 13.874 35.0689 15.33
93.1 37.1891 13.8498 35.0333 15.3542
93.2 37.223 13.8256 34.9978 15.3784
93.3 37.2569 13.8013 34.9622 15.4027
93.4 37.2908 13.7771 34.9267 15.4269
93.5 37.3247 13.7529 34.891 15.4511
93.6 37.3585 13.7286 34.8554 15.4754
93.7 37.3923 13.7044 34.8198 15.4996
93.8 37.4261 13.6802 34.7841 15.5238
93.9 37.4599 13.6559 34.7484 15.5481
94 37.4936 13.6317 34.7127 15.5723
94.1 37.5273 13.6075 34.6769 15.5965
94.2 37.5609 13.5833 34.6412 15.6207
94.3 37.5945 13.5591 34.6054 15.6449
94.4 37.6281 13.5349 34.5696 15.6691
94.5 37.6617 13.5107 34.5338 15.6933
94.6 37.6953 13.4865 34.4979 15.7175
94.7 37.7288 13.4623 34.462 15.7417
94.8 37.7623 13.4381 34.4261 15.7659
94.9 37.7957 13.4139 34.3902 15.7901
95 37.8291 13.3897 34.3543 15.8143
95.1 37.8625 13.3655 34.3183 15.8385
95.2 37.8959 13.3414 34.2823 15.8626
95.3 37.9292 13.3172 34.2463 15.8868
95.4 37.9625 13.293 34.2103 15.911
95.5 37.9958 13.2688 34.1743 15.9352
95.6 38.029 13.2447 34.1382 15.9593
95.7 38.0623 13.2205 34.1021 15.9835
95.8 38.0954 13.1964 34.066 16.0076
95.9 38.1286 13.1722 34.0299 16.0318
96 38.1617 13.1481 33.9938 16.0559
96.1 38.1948 13.1239 33.9576 16.0801
96.2 38.2279 13.0998 33.9214 16.1042
96.3 38.2609 13.0757 33.8852 16.1283
96.4 38.2939 13.0515 33.849 16.1525
96.5 38.3268 13.0274 33.8127 16.1766
96.6 38.3598 13.0033 33.7764 16.2007
96.7 38.3927 12.9792 33.7401 16.2248
96.8 38.4255 12.9551 33.7038 16.2489
96.9 38.4584 12.931 33.6675 16.273
97 38.4912 12.9069 33.6311 16.2971
97.1 38.524 12.8828 33.5948 16.3212
97.2 38.5567 12.8587 33.5584 16.3453
97.3 38.5894 12.8346 33.522 16.3694
97.4 38.6221 12.8105 33.4855 16.3935
97.5 38.6547 12.7865 33.4491 16.4175
97.6 38.6873 12.7624 33.4126 16.4416
97.7 38.7199 12.7383 33.3761 16.4657
97.8 38.7525 12.7143 33.3396 16.4897
97.9 38.785 12.6902 33.3031 16.5138
98 38.8175 12.6662 33.2665 16.5378
98.1 38.8499 12.6421 33.2299 16.5619
98.2 38.8823 12.6181 33.1934 16.5859
98.3 38.9147 12.5941 33.1568 16.6099
98.4 38.947 12.5701 33.1201 16.6339
98.5 38.9793 12.5461 33.0835 16.6579
98.6 39.0116 12.5221 33.0468 16.6819
98.7 39.0439 12.4981 33.0101 16.7059
98.8 39.0761 12.4741 32.9734 16.7299
98.9 39.1083 12.4501 32.9367 16.7539
99 39.1404 12.4261 32.9 16.7779
99.1 39.1725 12.4021 32.8632 16.8019
99.2 39.2046 12.3781 32.8264 16.8259
99.3 39.2366 12.3542 32.7896 16.8498
99.4 39.2686 12.3302 32.7528 16.8738
99.5 39.3006 12.3063 32.716 16.8977
99.6 39.3325 12.2823 32.6791 16.9217
99.7 39.3644 12.2584 32.6422 16.9456
99.8 39.3963 12.2345 32.6053 16.9695
99.9 39.4281 12.2106 32.5684 16.9934
100 39.4599 12.1867 32.5315 17.0173
100.1 39.4916 12.1628 32.4945 17.0412
100.2 39.5234 12.1389 32.4576 17.0651
100.3 39.555 12.115 32.4206 17.089
100.4 39.5867 12.0911 32.3836 17.1129
100.5 39.6183 12.0672 32.3466 17.1368
100.6 39.6499 12.0433 32.3095 17.1607
100.7 39.6814 12.0195 32.2725 17.1845
100.8 39.7129 11.9956 32.2354 17.2084
100.9 39.7444 11.9718 32.1983 17.2322
101 39.7758 11.948 32.1612 17.256
101.1 39.8072 11.9241 32.1241 17.2799
101.2 39.8386 11.9003 32.0869 17.3037
101.3 39.8699 11.8765 32.0498 17.3275
101.4 39.9012 11.8527 32.0126 17.3513
101.5 39.9324 11.8289 31.9754 17.3751
101.6 39.9636 11.8051 31.9382 17.3989
101.7 39.9948 11.7814 31.901 17.4226
101.8 40.0259 11.7576 31.8637 17.4464
101.9 40.057 11.7338 31.8264 17.4702
102 40.088 11.7101 31.7892 17.4939
102.1 40.119 11.6863 31.7519 17.5177
102.2 40.15 11.6626 31.7145 17.5414
102.3 40.181 11.6389 31.6772 17.5651
102.4 40.2119 11.6152 31.6398 17.5888
102.5 40.2427 11.5915 31.6025 17.6125
102.6 40.2735 11.5678 31.5651 17.6362
102.7 40.3043 11.5441 31.5277 17.6599
102.8 40.3351 11.5204 31.4903 17.6836
102.9 40.3658 11.4967 31.4528 17.7073
103 40.3964 11.4731 31.4154 17.7309
103.1 40.427 11.4494 31.3779 17.7546
103.2 40.4576 11.4258 31.3404 17.7782
103.3 40.4882 11.4021 31.3029 17.8019
103.4 40.5187 11.3785 31.2654 17.8255
103.5 40.5491 11.3549 31.2279 17.8491
103.6 40.5795 11.3313 31.1903 17.8727
103.7 40.6099 11.3077 31.1527 17.8963
103.8 40.6403 11.2841 31.1152 17.9199
103.9 40.6705 11.2606 31.0776 17.9434
104 40.7008 11.237 31.0399 17.967
104.1 40.731 11.2135 31.0023 17.9905
104.2 40.7612 11.1899 30.9646 18.0141
104.3 40.7913 11.1664 30.927 18.0376
104.4 40.8214 11.1429 30.8893 18.0611
104.5 40.8515 11.1194 30.8516 18.0846
104.6 40.8815 11.0959 30.8139 18.1081
104.7 40.9114 11.0724 30.7762 18.1316
104.8 40.9413 11.0489 30.7384 18.1551
104.9 40.9712 11.0254 30.7007 18.1786
105 41.0011 11.002 30.6629 18.202
105.1 41.0308 10.9785 30.6251 18.2255
105.2 41.0606 10.9551 30.5873 18.2489
105.3 41.0903 10.9317 30.5494 18.2723
105.4 41.12 10.9083 30.5116 18.2957
105.5 41.1496 10.8849 30.4738 18.3191
105.6 41.1791 10.8615 30.4359 18.3425
105.7 41.2087 10.8381 30.398 18.3659
105.8 41.2382 10.8147 30.3601 18.3893
105.9 41.2676 10.7914 30.3222 18.4126
106 41.297 10.7681 30.2842 18.4359
106.1 41.3264 10.7447 30.2463 18.4593
106.2 41.3557 10.7214 30.2083 18.4826
106.3 41.3849 10.6981 30.1704 18.5059
106.4 41.4141 10.6748 30.1324 18.5292
106.5 41.4433 10.6515 30.0944 18.5525
106.6 41.4724 10.6282 30.0563 18.5758
106.7 41.5015 10.605 30.0183 18.599
106.8 41.5306 10.5817 29.9802 18.6223
106.9 41.5595 10.5585 29.9422 18.6455
107 41.5885 10.5353 29.9041 18.6687
107.1 41.6174 10.5121 29.866 18.6919
107.2 41.6462 10.4889 29.8279 18.7151
107.3 41.675 10.4657 29.7898 18.7383
107.4 41.7038 10.4425 29.7516 18.7615
107.5 41.7325 10.4194 29.7135 18.7846
107.6 41.7612 10.3962 29.6753 18.8078
107.7 41.7898 10.3731 29.6371 18.8309
107.8 41.8183 10.35 29.5989 18.854
107.9 41.8469 10.3269 29.5607 18.8771
108 41.8753 10.3038 29.5225 18.9002
108.1 41.9037 10.2807 29.4842 18.9233
108.2 41.9321 10.2576 29.446 18.9464
108.3 41.9604 10.2346 29.4077 18.9694
108.4 41.9887 10.2115 29.3694 18.9925
108.5 42.0169 10.1885 29.3311 19.0155
108.6 42.0451 10.1655 29.2928 19.0385
108.7 42.0732 10.1425 29.2545 19.0615
108.8 42.1013 10.1195 29.2161 19.0845
108.9 42.1294 10.0965 29.1778 19.1075
109 42.1573 10.0735 29.1394 19.1305
109.1 42.1853 10.0506 29.101 19.1534
109.2 42.2131 10.0277 29.0626 19.1763
109.3 42.241 10.0047 29.0242 19.1993
109.4 42.2687 9.98184 28.9858 19.2222
109.5 42.2965 9.95895 28.9474 19.2451
109.6 42.3241 9.93607 28.9089 19.2679
109.7 42.3518 9.91321 28.8705 19.2908
109.8 42.3793 9.89036 28.832 19.3136
109.9 42.4069 9.86753 28.7935 19.3365
110 42.4343 9.84471 28.755 19.3593
110.1 42.4617 9.8219 28.7165 19.3821
110.2 42.4891 9.79911 28.6779 19.4049
110.3 42.5164 9.77634 28.6394 19.4277
110.4 42.5437 9.75357 28.6008 19.4504
110.5 42.5709 9.73083 28.5623 19.4732
110.6 42.598 9.7081 28.5237 19.4959
110.7 42.6251 9.68538 28.4851 19.5186
110.8 42.6522 9.66268 28.4465 19.5413
110.9 42.6792 9.63999 28.4078 19.564
111 42.7061 9.61732 28.3692 19.5867
111.1 42.733 9.59466 28.3305 19.6093
111.2 42.7598 9.57202 28.2919 19.632
111.3 42.7866 9.5494 28.2532 19.6546
111.4 42.8133 9.52679 28.2145 19.6772
111.5 42.8399 9.50419 28.1758 19.6998
111.6 42.8666 9.48161 28.1371 19.7224
111.7 42.8931 9.45905 28.0984 19.745
111.8 42.9196 9.4365 28.0596 19.7675
111.9 42.946 9.41397 28.0209 19.79
112 42.9724 9.39145 27.9821 19.8126
112.1 42.9987 9.36895 27.9433 19.8351
112.2 43.025 9.34646 27.9045 19.8575
112.3 43.0512 9.324 27.8657 19.88
112.4 43.0774 9.30154 27.8269 19.9025
112.5 43.1035 9.27911 27.7881 19.9249
112.6 43.1295 9.25669 27.7492 19.9473
112.7 43.1555 9.23428 27.7104 19.9697
112.8 43.1814 9.21189 27.6715 19.9921
112.9 43.2073 9.18952 27.6326 20.0145
113 43.2331 9.16717 27.5937 20.0368
113.1 43.2588 9.14483 27.5548 20.0592
113.2 43.2845 9.12251 27.5159 20.0815
113.3 43.3101 9.1002 27.477 20.1038
113.4 43.3357 9.07791 27.438 20.1261
113.5 43.3612 9.05564 27.3991 20.1484
113.6 43.3866 9.03339 27.3601 20.1706
113.7 43.412 9.01115 27.3211 20.1928
113.8 43.4374 8.98893 27.2821 20.2151
113.9 43.4626 8.96673 27.2431 20.2373
114 43.4878 8.94454 27.2041 20.2595
114.1 43.513 8.92237 27.1651 20.2816
114.2 43.538 8.90022 27.1261 20.3038
114.3 43.5631 8.87809 27.087 20.3259
114.4 43.588 8.85597 27.048 20.348
114.5 43.6129 8.83387 27.0089 20.3701
114.6 43.6377 8.81179 26.9698 20.3922
114.7 43.6625 8.78972 26.9307 20.4143
114.8 43.6872 8.76768 26.8916 20.4363
114.9 43.7118 8.74565 26.8525 20.4584
115 43.7364 8.72364 26.8133 20.4804
115.1 43.7609 8.70164 26.7742 20.5024
115.2 43.7854 8.67967 26.735 20.5243
115.3 43.8098 8.65771 26.6959 20.5463
115.4 43.8341 8.63577 26.6567 20.5682
115.5 43.8583 8.61385 26.6175 20.5901
115.6 43.8825 8.59195 26.5783 20.6121
115.7 43.9066 8.57007 26.5391 20.6339
115.8 43.9307 8.5482 26.4999 20.6558
115.9 43.9547 8.52635 26.4606 20.6776
116 43.9786 8.50452 26.4214 20.6995
116.1 44.0025 8.48271 26.3821 20.7213
116.2 44.0262 8.46092 26.3429 20.7431
116.3 44.05 8.43915 26.3036 20.7649
116.4 44.0736 8.41739 26.2643 20.7866
116.5 44.0972 8.39566 26.225 20.8083
116.6 44.1207 8.37394 26.1857 20.8301
116.7 44.1442 8.35225 26.1463 20.8518
116.8 44.1675 8.33057 26.107 20.8734
116.9 44.1908 8.30891 26.0677 20.8951
117 44.2141 8.28727 26.0283 20.9167
117.1 44.2372 8.26565 25.9889 20.9384
117.2 44.2603 8.24405 25.9496 20.96
117.3 44.2834 8.22246 25.9102 20.9815
117.4 44.3063 8.2009 25.8708 21.0031
117.5 44.3292 8.17936 25.8314 21.0246
117.6 44.352 8.15783 25.7919 21.0462
117.7 44.3748 8.13633 25.7525 21.0677
117.8 44.3974 8.11484 25.713 21.0892
117.9 44.42 8.09338 25.6736 21.1106
118 44.4426 8.07194 25.6341 21.1321
118.1 44.465 8.05051 25.5947 21.1535
118.2 44.4874 8.02911 25.5552 21.1749
118.3 44.5097 8.00772 25.5157 21.1963
118.4 44.5319 7.98636 25.4762 21.2176
118.5 44.5541 7.96501 25.4366 21.239
118.6 44.5762 7.94369 25.3971 21.2603
118.7 44.5982 7.92238 25.3576 21.2816
118.8 44.6201 7.9011 25.318 21.3029
118.9 44.642 7.87984 25.2785 21.3242
119 44.6637 7.85859 25.2389 21.3454
119.1 44.6854 7.83737 25.1993 21.3666
119.2 44.7071 7.81617 25.1597 21.3878
119.3 44.7286 7.79499 25.1201 21.409
119.4 44.7501 7.77383 25.0805 21.4302
119.5 44.7715 7.75269 25.0409 21.4513
119.6 44.7928 7.73157 25.0013 21.4724
119.7 44.814 7.71047 24.9616 21.4935
119.8 44.8352 7.68939 24.922 21.5146
119.9 44.8563 7.66834 24.8823 21.5357
120 44.8773 7.6473 24.8426 21.5567
120.1 44.8982 7.62629 24.8029 21.5777
120.2 44.919 7.6053 24.7633 21.5987
120.3 44.9398 7.58433 24.7235 21.6197
120.4 44.9605 7.56338 24.6838 21.6406
120.5 44.9811 7.54245 24.6441 21.6616
120.6 45.0016 7.52154 24.6044 21.6825
120.7 45.022 7.50066 24.5646 21.7033
120.8 45.0424 7.47979 24.5249 21.7242
120.9 45.0627 7.45895 24.4851 21.745
121 45.0828 7.43813 24.4454 21.7659
121.1 45.1029 7.41733 24.4056 21.7867
121.2 45.123 7.39656 24.3658 21.8074
121.3 45.1429 7.3758 24.326 21.8282
121.4 45.1627 7.35507 24.2862 21.8489
121.5 45.1825 7.33436 24.2464 21.8696
121.6 45.2022 7.31367 24.2065 21.8903
121.7 45.2218 7.29301 24.1667 21.911
121.8 45.2413 7.27236 24.1268 21.9316
121.9 45.2607 7.25174 24.087 21.9523
122 45.28 7.23114 24.0471 21.9729
122.1 45.2993 7.21057 24.0072 21.9934
122.2 45.3185 7.19001 23.9674 22.014
122.3 45.3375 7.16948 23.9275 22.0345
122.4 45.3565 7.14897 23.8876 22.055
122.5 45.3754 7.12849 23.8476 22.0755
122.6 45.3942 7.10803 23.8077 22.096
122.7 45.4129 7.08759 23.7678 22.1164
122.8 45.4315 7.06717 23.7278 22.1368
122.9 45.4501 7.04677 23.6879 22.1572
123 45.4685 7.0264 23.6479 22.1776
123.1 45.4869 7.00605 23.608 22.1979
123.2 45.5051 6.98573 23.568 22.2183
123.3 45.5233 6.96543 23.528 22.2386
123.4 45.5413 6.94515 23.488 22.2589
123.5 45.5593 6.92489 23.448 22.2791
123.6 45.5772 6.90466 23.408 22.2993
123.7 45.595 6.88445 23.368 22.3195
123.8 45.6127 6.86427 23.3279 22.3397
123.9 45.6303 6.8441 23.2879 22.3599
124 45.6478 6.82397 23.2478 22.38
124.1 45.6652 6.80385 23.2078 22.4001
124.2 45.6825 6.78376 23.1677 22.4202
124.3 45.6997 6.76369 23.1276 22.4403
124.4 45.7169 6.74365 23.0875 22.4603
124.5 45.7339 6.72363 23.0475 22.4804
124.6 45.7508 6.70364 23.0074 22.5004
124.7 45.7676 6.68367 22.9672 22.5203
124.8 45.7843 6.66372 22.9271 22.5403
124.9 45.801 6.6438 22.887 22.5602
125 45.8175 6.6239 22.8469 22.5801
125.1 45.8339 6.60403 22.8067 22.6
125.2 45.8502 6.58418 22.7666 22.6198
125.3 45.8665 6.56435 22.7264 22.6396
125.4 45.8826 6.54455 22.6862 22.6594
125.5 45.8986 6.52477 22.646 22.6792
125.6 45.9145 6.50502 22.6058 22.699
125.7 45.9303 6.4853 22.5656 22.7187
125.8 45.946 6.46559 22.5254 22.7384
125.9 45.9616 6.44592 22.4852 22.7581
126 45.9771 6.42626 22.445 22.7777
126.1 45.9925 6.40664 22.4048 22.7974
126.2 46.0078 6.38703 22.3645 22.817
126.3 46.023 6.36746 22.3243 22.8365
126.4 46.038 6.3479 22.284 22.8561
126.5 46.053 6.32838 22.2438 22.8756
126.6 46.0679 6.30887 22.2035 22.8951
126.7 46.0826 6.2894 22.1632 22.9146
126.8 46.0972 6.26995 22.1229 22.9341
126.9 46.1118 6.25052 22.0826 22.9535
127 46.1262 6.23112 22.0423 22.9729
127.1 46.1405 6.21174 22.002 22.9923
127.2 46.1547 6.19239 21.9617 23.0116
127.3 46.1688 6.17307 21.9214 23.0309
127.4 46.1827 6.15377 21.881 23.0502
127.5 46.1966 6.1345 21.8407 23.0695
127.6 46.2103 6.11525 21.8003 23.0887
127.7 46.224 6.09603 21.76 23.108
127.8 46.2375 6.07683 21.7196 23.1272
127.9 46.2509 6.05767 21.6792 23.1463
128 46.2642 6.03852 21.6388 23.1655
128.1 46.2773 6.01941 21.5984 23.1846
128.2 46.2904 6.00031 21.558 23.2037
128.3 46.3033 5.98125 21.5176 23.2228
128.4 46.3161 5.96221 21.4772 23.2418
128.5 46.3288 5.9432 21.4368 23.2608
128.6 46.3414 5.92421 21.3963 23.2798
128.7 46.3538 5.90525 21.3559 23.2987
128.8 46.3662 5.88632 21.3155 23.3177
128.9 46.3784 5.86742 21.275 23.3366
129 46.3905 5.84854 21.2345 23.3555
129.1 46.4024 5.82968 21.1941 23.3743
129.2 46.4143 5.81086 21.1536 23.3931
129.3 46.426 5.79206 21.1131 23.4119
129.4 46.4376 5.77328 21.0726 23.4307
129.5 46.4491 5.75454 21.0321 23.4495
129.6 46.4604 5.73582 20.9916 23.4682
129.7 46.4716 5.71713 20.9511 23.4869
129.8 46.4827 5.69846 20.9106 23.5055
129.9 46.4937 5.67983 20.87 23.5242
130 46.5045 5.66121 20.8295 23.5428
130.1 46.5152 5.64263 20.7889 23.5614
130.2 46.5258 5.62408 20.7484 23.5799
130.3 46.5363 5.60555 20.7078 23.5985
130.4 46.5466 5.58705 20.6673 23.617
130.5 46.5568 5.56857 20.6267 23.6354
130.6 46.5668 5.55013 20.5861 23.6539
130.7 46.5767 5.53171 20.5455 23.6723
130.8 46.5865 5.51332 20.5049 23.6907
130.9 46.5962 5.49495 20.4643 23.709
131 46.6057 5.47662 20.4237 23.7274
131.1 46.6151 5.45831 20.3831 23.7457
131.2 46.6243 5.44003 20.3425 23.764
131.3 46.6334 5.42178 20.3018 23.7822
131.4 46.6424 5.40355 20.2612 23.8004
131.5 46.6512 5.38536 20.2205 23.8186
131.6 46.6599 5.36719 20.1799 23.8368
131.7 46.6685 5.34905 20.1392 23.855
131.8 46.6769 5.33094 20.0985 23.8731
131.9 46.6852 5.31285 20.0579 23.8911
132 46.6933 5.2948 20.0172 23.9092
132.1 46.7013 5.27677 19.9765 23.9272
132.2 46.7091 5.25877 19.9358 23.9452
132.3 46.7168 5.2408 19.8951 23.9632
132.4 46.7244 5.22286 19.8544 23.9811
132.5 46.7318 5.20495 19.8137 23.999
132.6 46.739 5.18707 19.7729 24.0169
132.7 46.7462 5.16921 19.7322 24.0348
132.8 46.7531 5.15138 19.6915 24.0526
132.9 46.7599 5.13359 19.6507 24.0704
133 46.7666 5.11582 19.61 24.0882
133.1 46.7731 5.09808 19.5692 24.1059
133.2 46.7795 5.08037 19.5285 24.1236
133.3 46.7857 5.06268 19.4877 24.1413
133.4 46.7917 5.04503 19.4469 24.159
133.5 46.7976 5.02741 19.4061 24.1766
133.6 46.8034 5.00981 19.3653 24.1942
133.7 46.809 4.99225 19.3245 24.2118
133.8 46.8144 4.97471 19.2837 24.2293
133.9 46.8197 4.9572 19.2429 24.2468
134 46.8248 4.93972 19.2021 24.2643
134.1 46.8298 4.92228 19.1613 24.2817
134.2 46.8346 4.90486 19.1204 24.2991
134.3 46.8392 4.88747 19.0796 24.3165
134.4 46.8437 4.87011 19.0388 24.3339
134.5 46.848 4.85278 18.9979 24.3512
134.6 46.8522 4.83548 18.9571 24.3685
134.7 46.8562 4.81821 18.9162 24.3858
134.8 46.86 4.80097 18.8753 24.403
134.9 46.8636 4.78375 18.8344 24.4202
135 46.8671 4.76657 18.7936 24.4374
135.1 46.8705 4.74942 18.7527 24.4546
135.2 46.8736 4.7323 18.7118 24.4717
135.3 46.8766 4.71521 18.6709 24.4888
135.4 46.8794 4.69815 18.63 24.5059
135.5 46.8821 4.68112 18.5891 24.5229
135.6 46.8845 4.66412 18.5481 24.5399
135.7 46.8868 4.64715 18.5072 24.5569
135.8 46.889 4.63021 18.4663 24.5738
135.9 46.8909 4.6133 18.4253 24.5907
136 46.8927 4.59642 18.3844 24.6076
136.1 46.8943 4.57957 18.3434 24.6244
136.2 46.8957 4.56275 18.3025 24.6412
136.3 46.8969 4.54597 18.2615 24.658
136.4 46.898 4.52921 18.2205 24.6748
136.5 46.8989 4.51248 18.1796 24.6915
136.6 46.8995 4.49579 18.1386 24.7082
136.7 46.9001 4.47912 18.0976 24.7249
136.8 46.9004 4.46249 18.0566 24.7415
136.9 46.9005 4.44589 18.0156 24.7581
137 46.9005 4.42931 17.9746 24.7747
137.1 46.9002 4.41277 17.9336 24.7912
137.2 46.8998 4.39626 17.8926 24.8077
137.3 46.8992 4.37978 17.8515 24.8242
137.4 46.8984 4.36334 17.8105 24.8407
137.5 46.8974 4.34692 17.7695 24.8571
137.6 46.8962 4.33053 17.7284 24.8735
137.7 46.8948 4.31418 17.6874 24.8898
137.8 46.8933 4.29786 17.6463 24.9061
137.9 46.8915 4.28157 17.6053 24.9224
138 46.8895 4.26531 17.5642 24.9387
138.1 46.8873 4.24908 17.5231 24.9549
138.2 46.885 4.23288 17.4821 24.9711
138.3 46.8824 4.21672 17.441 24.9873
138.4 46.8796 4.20058 17.3999 25.0034
138.5 46.8767 4.18448 17.3588 25.0195
138.6 46.8735 4.16841 17.3177 25.0356
138.7 46.8701 4.15237 17.2766 25.0516
138.8 46.8665 4.13637 17.2355 25.0676
138.9 46.8627 4.12039 17.1944 25.0836
139 46.8587 4.10445 17.1533 25.0996
139.1 46.8545 4.08854 17.1121 25.1155
139.2 46.8501 4.07266 17.071 25.1313
139.3 46.8454 4.05681 17.0299 25.1472
139.4 46.8406 4.041 16.9887 25.163
139.5 46.8355 4.02521 16.9476 25.1788
139.6 46.8302 4.00946 16.9064 25.1945
139.7 46.8247 3.99375 16.8653 25.2103
139.8 46.819 3.97806 16.8241 25.2259
139.9 46.8131 3.96241 16.7829 25.2416
140 46.8069 3.94679 16.7417 25.2572
140.1 46.8005 3.9312 16.7006 25.2728
140.2 46.7939 3.91564 16.6594 25.2884
140.3 46.7871 3.90012 16.6182 25.3039
140.4 46.78 3.88463 16.577 25.3194
140.5 46.7727 3.86917 16.5358 25.3348
140.6 46.7652 3.85375 16.4946 25.3503
140.7 46.7575 3.83835 16.4534 25.3656
140.8 46.7495 3.82299 16.4121 25.381
140.9 46.7413 3.80767 16.3709 25.3963
141 46.7328 3.79237 16.3297 25.4116
141.1 46.7241 3.77711 16.2884 25.4269
141.2 46.7152 3.76188 16.2472 25.4421
141.3 46.7061 3.74669 16.206 25.4573
141.4 46.6967 3.73152 16.1647 25.4725
141.5 46.687 3.7164 16.1235 25.4876
141.6 46.6771 3.7013 16.0822 25.5027
141.7 46.667 3.68624 16.0409 25.5178
141.8 46.6566 3.67121 15.9997 25.5328
141.9 46.646 3.65621 15.9584 25.5478
142 46.6352 3.64125 15.9171 25.5628
142.1 46.624 3.62632 15.8758 25.5777
142.2 46.6127 3.61142 15.8345 25.5926
142.3 46.601 3.59656 15.7932 25.6074
142.4 46.5892 3.58173 15.7519 25.6223
142.5 46.577 3.56694 15.7106 25.6371
142.6 46.5646 3.55217 15.6693 25.6518
142.7 46.552 3.53745 15.628 25.6666
142.8 46.539 3.52275 15.5867 25.6812
142.9 46.5259 3.50809 15.5453 25.6959
143 46.5124 3.49346 15.504 25.7105
143.1 46.4987 3.47887 15.4627 25.7251
143.2 46.4847 3.46431 15.4213 25.7397
143.3 46.4705 3.44979 15.38 25.7542
143.4 46.456 3.4353 15.3386 25.7687
143.5 46.4412 3.42084 15.2973 25.7832
143.6 46.4261 3.40642 15.2559 25.7976
143.7 46.4108 3.39203 15.2146 25.812
143.8 46.3952 3.37767 15.1732 25.8263
143.9 46.3793 3.36335 15.1318 25.8406
144 46.3631 3.34906 15.0904 25.8549
144.1 46.3466 3.33481 15.0491 25.8692
144.2 46.3299 3.32059 15.0077 25.8834
144.3 46.3129 3.30641 14.9663 25.8976
144.4 46.2955 3.29226 14.9249 25.9117
144.5 46.2779 3.27815 14.8835 25.9259
144.6 46.26 3.26407 14.8421 25.9399
144.7 46.2418 3.25002 14.8007 25.954
144.8 46.2233 3.23601 14.7592 25.968
144.9 46.2046 3.22203 14.7178 25.982
145 46.1855 3.20809 14.6764 25.9959
145.1 46.1661 3.19419 14.635 26.0098
145.2 46.1464 3.18031 14.5935 26.0237
145.3 46.1264 3.16648 14.5521 26.0375
145.4 46.1061 3.15267 14.5107 26.0513
145.5 46.0855 3.13891 14.4692 26.0651
145.6 46.0646 3.12517 14.4278 26.0788
145.7 46.0434 3.11147 14.3863 26.0925
145.8 46.0218 3.09781 14.3448 26.1062
145.9 46 3.08418 14.3034 26.1198
146 45.9778 3.07059 14.2619 26.1334
146.1 45.9553 3.05703 14.2204 26.147
146.2 45.9325 3.04351 14.1789 26.1605
146.3 45.9093 3.03002 14.1375 26.174
146.4 45.8859 3.01657 14.096 26.1874
146.5 45.8621 3.00315 14.0545 26.2008
146.6 45.838 2.98977 14.013 26.2142
146.7 45.8135 2.97643 13.9715 26.2276
146.8 45.7887 2.96312 13.93 26.2409
146.9 45.7636 2.94984 13.8885 26.2542
147 45.7381 2.9366 13.847 26.2674
147.1 45.7123 2.9234 13.8054 26.2806
147.2 45.6862 2.91023 13.7639 26.2938
147.3 45.6597 2.8971 13.7224 26.3069
147.4 45.6328 2.884 13.6809 26.32
147.5 45.6056 2.87094 13.6393 26.3331
147.6 45.5781 2.85791 13.5978 26.3461
147.7 45.5502 2.84492 13.5563 26.3591
147.8 45.5219 2.83197 13.5147 26.372
147.9 45.4933 2.81905 13.4732 26.385
148 45.4644 2.80617 13.4316 26.3978
148.1 45.435 2.79332 13.39 26.4107
148.2 45.4053 2.78051 13.3485 26.4235
148.3 45.3753 2.76773 13.3069 26.4363
148.4 45.3448 2.755 13.2653 26.449
148.5 45.314 2.74229 13.2238 26.4617
148.6 45.2828 2.72963 13.1822 26.4744
148.7 45.2513 2.717 13.1406 26.487
148.8 45.2193 2.7044 13.099 26.4996
148.9 45.187 2.69184 13.0574 26.5122
149 45.1543 2.67932 13.0158 26.5247
149.1 45.1212 2.66684 12.9742 26.5372
149.2 45.0877 2.65439 12.9326 26.5496
149.3 45.0538 2.64198 12.891 26.562
149.4 45.0196 2.6296 12.8494 26.5744
149.5 44.9849 2.61726 12.8078 26.5867
149.6 44.9498 2.60496 12.7662 26.599
149.7 44.9144 2.59269 12.7246 26.6113
149.8 44.8785 2.58046 12.6829 26.6235
149.9 44.8422 2.56827 12.6413 26.6357
150 44.8055 2.55611 12.5997 26.6479
150.1 44.7684 2.54399 12.558 26.66
150.2 44.7309 2.53191 12.5164 26.6721
150.3 44.693 2.51986 12.4747 26.6841
150.4 44.6546 2.50785 12.4331 26.6961
150.5 44.6158 2.49588 12.3914 26.7081
150.6 44.5766 2.48394 12.3498 26.7201
150.7 44.537 2.47205 12.3081 26.732
150.8 44.4969 2.46018 12.2665 26.7438
150.9 44.4564 2.44836 12.2248 26.7556
151 44.4155 2.43657 12.1831 26.7674
151.1 44.3741 2.42482 12.1415 26.7792
151.2 44.3322 2.41311 12.0998 26.7909
151.3 44.29 2.40143 12.0581 26.8026
151.4 44.2472 2.38979 12.0164 26.8142
151.5 44.2041 2.37819 11.9747 26.8258
151.6 44.1604 2.36662 11.933 26.8374
151.7 44.1164 2.35509 11.8913 26.8489
151.8 44.0718 2.3436 11.8496 26.8604
151.9 44.0268 2.33215 11.8079 26.8718
152 43.9813 2.32073 11.7662 26.8833
152.1 43.9354 2.30936 11.7245 26.8946
152.2 43.889 2.29802 11.6828 26.906
152.3 43.8421 2.28671 11.6411 26.9173
152.4 43.7947 2.27545 11.5994 26.9286
152.5 43.7468 2.26422 11.5577 26.9398
152.6 43.6985 2.25303 11.5159 26.951
152.7 43.6496 2.24187 11.4742 26.9621
152.8 43.6003 2.23076 11.4325 26.9732
152.9 43.5505 2.21968 11.3907 26.9843
153 43.5002 2.20864 11.349 26.9954
153.1 43.4493 2.19764 11.3072 27.0064
153.2 43.398 2.18667 11.2655 27.0173
153.3 43.3462 2.17575 11.2237 27.0283
153.4 43.2938 2.16486 11.182 27.0391
153.5 43.241 2.15401 11.1402 27.05
153.6 43.1876 2.14319 11.0985 27.0608
153.7 43.1337 2.13242 11.0567 27.0716
153.8 43.0792 2.12168 11.0149 27.0823
153.9 43.0243 2.11098 10.9732 27.093
154 42.9688 2.10032 10.9314 27.1037
154.1 42.9128 2.0897 10.8896 27.1143
154.2 42.8562 2.07911 10.8479 27.1249
154.3 42.7991 2.06857 10.8061 27.1354
154.4 42.7414 2.05806 10.7643 27.1459
154.5 42.6832 2.04759 10.7225 27.1564
154.6 42.6244 2.03715 10.6807 27.1668
154.7 42.5651 2.02676 10.6389 27.1772
154.8 42.5052 2.0164 10.5971 27.1876
154.9 42.4448 2.00609 10.5553 27.1979
155 42.3838 1.99581 10.5135 27.2082
155.1 42.3222 1.98557 10.4717 27.2184
155.2 42.26 1.97537 10.4299 27.2286
155.3 42.1973 1.9652 10.3881 27.2388
155.4 42.134 1.95508 10.3463 27.2489
155.5 42.0701 1.94499 10.3044 27.259
155.6 42.0055 1.93494 10.2626 27.2691
155.7 41.9404 1.92493 10.2208 27.2791
155.8 41.8747 1.91496 10.179 27.289
155.9 41.8084 1.90503 10.1371 27.299
156 41.7415 1.89514 10.0953 27.3089
156.1 41.674 1.88528 10.0535 27.3187
156.2 41.6059 1.87547 10.0116 27.3285
156.3 41.5371 1.86569 9.96978 27.3383
156.4 41.4678 1.85595 9.92793 27.348
156.5 41.3978 1.84625 9.88608 27.3577
156.6 41.3271 1.83659 9.84423 27.3674
156.7 41.2559 1.82697 9.80238 27.377
156.8 41.1839 1.81739 9.76052 27.3866
156.9 41.1114 1.80784 9.71866 27.3962
157 41.0382 1.79834 9.6768 27.4057
157.1 40.9643 1.78887 9.63493 27.4151
157.2 40.8898 1.77944 9.59307 27.4246
157.3 40.8147 1.77006 9.5512 27.4339
157.4 40.7388 1.76071 9.50932 27.4433
157.5 40.6623 1.7514 9.46745 27.4526
157.6 40.5852 1.74213 9.42557 27.4619
157.7 40.5073 1.73289 9.38368 27.4711
157.8 40.4288 1.7237 9.3418 27.4803
157.9 40.3496 1.71455 9.29991 27.4895
158 40.2697 1.70544 9.25802 27.4986
158.1 40.1891 1.69636 9.21613 27.5076
158.2 40.1078 1.68733 9.17424 27.5167
158.3 40.0258 1.67833 9.13234 27.5257
158.4 39.943 1.66937 9.09044 27.5346
158.5 39.8596 1.66046 9.04853 27.5435
158.6 39.7755 1.65158 9.00663 27.5524
158.7 39.6906 1.64274 8.96472 27.5613
158.8 39.605 1.63394 8.92281 27.5701
158.9 39.5187 1.62518 8.8809 27.5788
159 39.4316 1.61646 8.83898 27.5875
159.1 39.3438 1.60778 8.79706 27.5962
159.2 39.2553 1.59914 8.75514 27.6049
159.3 39.166 1.59054 8.71322 27.6135
159.4 39.076 1.58198 8.67129 27.622
159.5 38.9852 1.57346 8.62936 27.6305
159.6 38.8936 1.56498 8.58743 27.639
159.7 38.8013 1.55653 8.5455 27.6475
159.8 38.7082 1.54813 8.50357 27.6559
159.9 38.6143 1.53977 8.46163 27.6642
160 38.5196 1.53145 8.41969 27.6726
160.1 38.4242 1.52316 8.37774 27.6808
160.2 38.3279 1.51492 8.3358 27.6891
160.3 38.2309 1.50672 8.29385 27.6973
160.4 38.1331 1.49855 8.2519 27.7054
160.5 38.0344 1.49043 8.20995 27.7136
160.6 37.935 1.48235 8.16799 27.7217
160.7 37.8347 1.4743 8.12604 27.7297
160.8 37.7336 1.4663 8.08408 27.7377
160.9 37.6317 1.45833 8.04212 27.7457
161 37.529 1.45041 8.00015 27.7536
161.1 37.4254 1.44253 7.95819 27.7615
161.2 37.321 1.43468 7.91622 27.7693
161.3 37.2157 1.42688 7.87425 27.7771
161.4 37.1096 1.41912 7.83228 27.7849
161.5 37.0026 1.41139 7.7903 27.7926
161.6 36.8948 1.40371 7.74832 27.8003
161.7 36.7861 1.39607 7.70635 27.8079
161.8 36.6765 1.38847 7.66436 27.8155
161.9 36.5661 1.3809 7.62238 27.8231
162 36.4548 1.37338 7.58039 27.8306
162.1 36.3426 1.3659 7.53841 27.8381
162.2 36.2295 1.35846 7.49642 27.8455
162.3 36.1155 1.35106 7.45442 27.8529
162.4 36.0007 1.3437 7.41243 27.8603
162.5 35.8849 1.33638 7.37043 27.8676
162.6 35.7682 1.3291 7.32844 27.8749
162.7 35.6506 1.32186 7.28644 27.8821
162.8 35.5321 1.31466 7.24443 27.8893
162.9 35.4126 1.3075 7.20243 27.8965
163 35.2923 1.30038 7.16042 27.9036
163.1 35.171 1.2933 7.11841 27.9107
163.2 35.0487 1.28627 7.0764 27.9177
163.3 34.9255 1.27927 7.03439 27.9247
163.4 34.8014 1.27231 6.99238 27.9317
163.5 34.6763 1.2654 6.95036 27.9386
163.6 34.5503 1.25852 6.90834 27.9455
163.7 34.4233 1.25169 6.86632 27.9523
163.8 34.2953 1.2449 6.8243 27.9591
163.9 34.1664 1.23815 6.78227 27.9659
164 34.0365 1.23143 6.74025 27.9726
164.1 33.9056 1.22476 6.69822 27.9792
164.2 33.7737 1.21813 6.65619 27.9859
164.3 33.6408 1.21154 6.61416 27.9925
164.4 33.507 1.20499 6.57212 27.999
164.5 33.3721 1.19849 6.53009 28.0055
164.6 33.2363 1.19202 6.48805 28.012
164.7 33.0994 1.18559 6.44601 28.0184
164.8 32.9615 1.17921 6.40397 28.0248
164.9 32.8226 1.17286 6.36193 28.0311
165 32.6827 1.16656 6.31989 28.0374
165.1 32.5417 1.1603 6.27784 28.0437
165.2 32.3997 1.15407 6.23579 28.0499
165.3 32.2567 1.14789 6.19374 28.0561
165.4 32.1127 1.14175 6.15169 28.0622
165.5 31.9676 1.13565 6.10964 28.0683
165.6 31.8214 1.1296 6.06758 28.0744
165.7 31.6742 1.12358 6.02553 28.0804
165.8 31.526 1.1176 5.98347 28.0864
165.9 31.3767 1.11167 5.94141 28.0923
166 31.2263 1.10578 5.89935 28.0982
166.1 31.0749 1.09992 5.85728 28.1041
166.2 30.9224 1.09411 5.81522 28.1099
166.3 30.7688 1.08834 5.77315 28.1157
166.4 30.6141 1.08261 5.73108 28.1214
166.5 30.4584 1.07692 5.68902 28.1271
166.6 30.3015 1.07128 5.64694 28.1327
166.7 30.1436 1.06567 5.60487 28.1383
166.8 29.9846 1.06011 5.5628 28.1439
166.9 29.8245 1.05459 5.52072 28.1494
167 29.6633 1.0491 5.47864 28.1549
167.1 29.501 1.04366 5.43657 28.1603
167.2 29.3376 1.03826 5.39448 28.1657
167.3 29.173 1.03291 5.3524 28.1711
167.4 29.0074 1.02759 5.31032 28.1764
167.5 28.8407 1.02232 5.26824 28.1817
167.6 28.6728 1.01708 5.22615 28.1869
167.7 28.5038 1.01189 5.18406 28.1921
167.8 28.3337 1.00674 5.14197 28.1973
167.9 28.1625 1.00163 5.09988 28.2024
168 27.9901 0.996561 5.05779 28.2074
168.1 27.8166 0.991534 5.0157 28.2125
168.2 27.642 0.986549 4.9736 28.2175
168.3 27.4662 0.981605 4.93151 28.2224
168.4 27.2893 0.976703 4.88941 28.2273
168.5 27.1113 0.971842 4.84731 28.2322
168.6 26.9321 0.967023 4.80521 28.237
168.7 26.7518 0.962245 4.76311 28.2418
168.8 26.5704 0.957509 4.721 28.2465
168.9 26.3878 0.952815 4.6789 28.2512
169 26.2041 0.948162 4.6368 28.2558
169.1 26.0192 0.94355 4.59469 28.2604
169.2 25.8332 0.938981 4.55258 28.265
169.3 25.646 0.934453 4.51047 28.2695
169.4 25.4577 0.929966 4.46836 28.274
169.5 25.2682 0.925521 4.42625 28.2785
169.6 25.0776 0.921118 4.38414 28.2829
169.7 24.8858 0.916756 4.34202 28.2872
169.8 24.6929 0.912437 4.29991 28.2916
169.9 24.4989 0.908158 4.25779 28.2958
170 24.3037 0.903922 4.21567 28.3001
170.1 24.1073 0.899727 4.17355 28.3043
170.2 23.9098 0.895574 4.13143 28.3084
170.3 23.7112 0.891463 4.08931 28.3125
170.4 23.5114 0.887394 4.04719 28.3166
170.5 23.3105 0.883366 4.00507 28.3206
170.6 23.1084 0.87938 3.96294 28.3246
170.7 22.9052 0.875436 3.92082 28.3286
170.8 22.7009 0.871534 3.87869 28.3325
170.9 22.4954 0.867673 3.83656 28.3363
171 22.2888 0.863855 3.79443 28.3401
171.1 22.081 0.860078 3.75231 28.3439
171.2 21.8722 0.856343 3.71017 28.3477
171.3 21.6622 0.85265 3.66804 28.3513
171.4 21.4511 0.848999 3.62591 28.355
171.5 21.2388 0.84539 3.58378 28.3586
171.6 21.0255 0.841822 3.54164 28.3622
171.7 20.811 0.838297 3.49951 28.3657
171.8 20.5954 0.834813 3.45737 28.3692
171.9 20.3788 0.831372 3.41523 28.3726
172 20.161 0.827972 3.37309 28.376
172.1 19.9421 0.824615 3.33095 28.3794
172.2 19.7222 0.821299 3.28881 28.3827
172.3 19.5011 0.818025 3.24667 28.386
172.4 19.279 0.814794 3.20453 28.3892
172.5 19.0558 0.811604 3.16239 28.3924
172.6 18.8315 0.808456 3.12024 28.3955
172.7 18.6062 0.80535 3.0781 28.3986
172.8 18.3798 0.802287 3.03595 28.4017
172.9 18.1524 0.799265 2.9938 28.4047
173 17.9239 0.796286 2.95166 28.4077
173.1 17.6944 0.793348 2.90951 28.4107
173.2 17.4638 0.790453 2.86736 28.4135
173.3 17.2323 0.787599 2.82521 28.4164
173.4 16.9997 0.784788 2.78306 28.4192
173.5 16.7661 0.782019 2.74091 28.422
173.6 16.5315 0.779292 2.69876 28.4247
173.7 16.2959 0.776607 2.6566 28.4274
173.8 16.0594 0.773964 2.61445 28.43
173.9 15.8218 0.771363 2.5723 28.4326
174 15.5833 0.768804 2.53014 28.4352
174.1 15.3439 0.766288 2.48799 28.4377
174.2 15.1035 0.763813 2.44583 28.4402
174.3 14.8622 0.761381 2.40367 28.4426
174.4 14.6199 0.758991 2.36152 28.445
174.5 14.3767 0.756643 2.31936 28.4474
174.6 14.1327 0.754337 2.2772 28.4497
174.7 13.8877 0.752074 2.23504 28.4519
174.8 13.6419 0.749853 2.19288 28.4541
174.9 13.3951 0.747673 2.15072 28.4563
175 13.1476 0.745536 2.10856 28.4585
175.1 12.8992 0.743442 2.0664 28.4606
175.2 12.6499 0.741389 2.02423 28.4626
175.3 12.3998 0.739379 1.98207 28.4646
175.4 12.149 0.737411 1.93991 28.4666
175.5 11.8973 0.735485 1.89774 28.4685
175.6 11.6448 0.733601 1.85558 28.4704
175.7 11.3916 0.73176 1.81341 28.4722
175.8 11.1376 0.729961 1.77125 28.474
175.9 10.8829 0.728204 1.72908 28.4758
176 10.6275 0.72649 1.68691 28.4775
176.1 10.3713 0.724817 1.64475 28.4792
176.2 10.1144 0.723187 1.60258 28.4808
176.3 9.85688 0.7216 1.56041 28.4824
176.4 9.59867 0.720054 1.51824 28.4839
176.5 9.33981 0.718551 1.47608 28.4854
176.6 9.0803 0.71709 1.43391 28.4869
176.7 8.82018 0.715671 1.39174 28.4883
176.8 8.55945 0.714295 1.34957 28.4897
176.9 8.29812 0.712961 1.3074 28.491
177 8.03623 0.711669 1.26523 28.4923
177.1 7.77377 0.71042 1.22306 28.4936
177.2 7.51078 0.709213 1.18088 28.4948
177.3 7.24726 0.708048 1.13871 28.496
177.4 6.98324 0.706926 1.09654 28.4971
177.5 6.71872 0.705846 1.05437 28.4982
177.6 6.45374 0.704808 1.0122 28.4992
177.7 6.1883 0.703813 0.970023 28.5002
177.8 5.92242 0.702859 0.92785 28.5011
177.9 5.65612 0.701949 0.885677 28.5021
178 5.38942 0.70108 0.843503 28.5029
178.1 5.12234 0.700254 0.80133 28.5037
178.2 4.8549 0.699471 0.759156 28.5045
178.3 4.5871 0.698729 0.716981 28.5053
178.4 4.31898 0.69803 0.674807 28.506
178.5 4.05056 0.697373 0.632633 28.5066
178.6 3.78184 0.696759 0.590458 28.5072
178.7 3.51285 0.696187 0.548283 28.5078
178.8 3.2436 0.695658 0.506108 28.5083
178.9 2.97413 0.69517 0.463933 28.5088
179 2.70443 0.694726 0.421757 28.5093
179.1 2.43455 0.694323 0.379582 28.5097
179.2 2.16449 0.693963 0.337406 28.51
179.3 1.89427 0.693645 0.295231 28.5104
179.4 1.62391 0.69337 0.253055 28.5106
179.5 1.35344 0.693137 0.210879 28.5109
179.6 1.08287 0.692946 0.168704 28.5111
179.7 0.812222 0.692798 0.126528 28.5112
179.8 0.541514 0.692692 0.0843518 28.5113
179.9 0.270767 0.692628 0.0421759 28.5114
180 1.89991e-14 0.692607 2.95936e-15 28.5114
