#kinematics calculation of gsgs
#vertex z = 250 mm, E_reaction = 55.105 MeV
#theta_cm, theta3_lab, Ek3_lab, theta4_lab, Ek4_lab
0 0 55.105 180 0
0.1 0.0499385 55.105 89.9499 4.19648e-05
0.2 0.0998769 55.1048 89.8999 0.000167859
0.3 0.149815 55.1046 89.8498 0.000377683
0.4 0.199754 55.1043 89.7998 0.000671435
0.5 0.249692 55.104 89.7497 0.00104911
0.6 0.299631 55.1035 89.6996 0.00151072
0.7 0.349569 55.1029 89.6496 0.00205625
0.8 0.399508 55.1023 89.5995 0.00268571
0.9 0.449446 55.1016 89.5494 0.00339908
1 0.499385 55.1008 89.4994 0.00419638
1.1 0.549323 55.0999 89.4493 0.00507759
1.2 0.599262 55.099 89.3993 0.00604272
1.3 0.6492 55.0979 89.3492 0.00709176
1.4 0.699139 55.0968 89.2991 0.0082247
1.5 0.749077 55.0956 89.2491 0.00944155
1.6 0.799016 55.0943 89.199 0.0107423
1.7 0.848954 55.0929 89.149 0.012127
1.8 0.898893 55.0914 89.0989 0.0135955
1.9 0.948831 55.0899 89.0488 0.0151479
2 0.99877 55.0882 88.9988 0.0167842
2.1 1.04871 55.0865 88.9487 0.0185044
2.2 1.09865 55.0847 88.8986 0.0203085
2.3 1.14859 55.0828 88.8486 0.0221964
2.4 1.19852 55.0808 88.7985 0.0241682
2.5 1.24846 55.0788 88.7485 0.0262239
2.6 1.2984 55.0766 88.6984 0.0283634
2.7 1.34834 55.0744 88.6483 0.0305867
2.8 1.39828 55.0721 88.5983 0.0328939
2.9 1.44822 55.0697 88.5482 0.0352849
3 1.49816 55.0672 88.4982 0.0377597
3.1 1.54809 55.0647 88.4481 0.0403184
3.2 1.59803 55.062 88.398 0.0429608
3.3 1.64797 55.0593 88.348 0.0456871
3.4 1.69791 55.0565 88.2979 0.0484971
3.5 1.74785 55.0536 88.2478 0.051391
3.6 1.79779 55.0506 88.1978 0.0543686
3.7 1.84773 55.0476 88.1477 0.0574299
3.8 1.89766 55.0444 88.0977 0.060575
3.9 1.9476 55.0412 88.0476 0.0638039
4 1.99754 55.0379 87.9975 0.0671165
4.1 2.04748 55.0345 87.9475 0.0705128
4.2 2.09742 55.031 87.8974 0.0739929
4.3 2.14736 55.0274 87.8474 0.0775566
4.4 2.1973 55.0238 87.7973 0.081204
4.5 2.24723 55.0201 87.7472 0.0849352
4.6 2.29717 55.0163 87.6972 0.08875
4.7 2.34711 55.0124 87.6471 0.0926484
4.8 2.39705 55.0084 87.597 0.0966305
4.9 2.44699 55.0043 87.547 0.100696
5 2.49693 55.0002 87.4969 0.104846
5.1 2.54687 54.9959 87.4469 0.109079
5.2 2.59681 54.9916 87.3968 0.113395
5.3 2.64674 54.9872 87.3467 0.117795
5.4 2.69668 54.9827 87.2967 0.122279
5.5 2.74662 54.9782 87.2466 0.126846
5.6 2.79656 54.9735 87.1966 0.131497
5.7 2.8465 54.9688 87.1465 0.136231
5.8 2.89644 54.964 87.0964 0.141049
5.9 2.94638 54.959 87.0464 0.145951
6 2.99632 54.9541 86.9963 0.150935
6.1 3.04625 54.949 86.9462 0.156004
6.2 3.09619 54.9438 86.8962 0.161156
6.3 3.14613 54.9386 86.8461 0.166391
6.4 3.19607 54.9333 86.7961 0.171709
6.5 3.24601 54.9279 86.746 0.177111
6.6 3.29595 54.9224 86.6959 0.182597
6.7 3.34589 54.9168 86.6459 0.188166
6.8 3.39583 54.9112 86.5958 0.193818
6.9 3.44576 54.9054 86.5458 0.199553
7 3.4957 54.8996 86.4957 0.205372
7.1 3.54564 54.8937 86.4456 0.211274
7.2 3.59558 54.8877 86.3956 0.21726
7.3 3.64552 54.8817 86.3455 0.223328
7.4 3.69546 54.8755 86.2955 0.22948
7.5 3.7454 54.8693 86.2454 0.235715
7.6 3.79534 54.863 86.1953 0.242034
7.7 3.84528 54.8566 86.1453 0.248435
7.8 3.89522 54.8501 86.0952 0.25492
7.9 3.94515 54.8435 86.0451 0.261488
8 3.99509 54.8369 85.9951 0.268139
8.1 4.04503 54.8301 85.945 0.274873
8.2 4.09497 54.8233 85.895 0.28169
8.3 4.14491 54.8164 85.8449 0.288591
8.4 4.19485 54.8094 85.7948 0.295574
8.5 4.24479 54.8024 85.7448 0.30264
8.6 4.29473 54.7952 85.6947 0.30979
8.7 4.34467 54.788 85.6447 0.317022
8.8 4.39461 54.7807 85.5946 0.324338
8.9 4.44455 54.7733 85.5445 0.331736
9 4.49449 54.7658 85.4945 0.339217
9.1 4.54442 54.7582 85.4444 0.346781
9.2 4.59436 54.7506 85.3944 0.354428
9.3 4.6443 54.7428 85.3443 0.362158
9.4 4.69424 54.735 85.2942 0.369971
9.5 4.74418 54.7271 85.2442 0.377866
9.6 4.79412 54.7192 85.1941 0.385844
9.7 4.84406 54.7111 85.1441 0.393905
9.8 4.894 54.703 85.094 0.402049
9.9 4.94394 54.6947 85.0439 0.410275
10 4.99388 54.6864 84.9939 0.418584
10.1 5.04382 54.678 84.9438 0.426976
10.2 5.09376 54.6695 84.8937 0.435451
10.3 5.1437 54.661 84.8437 0.444007
10.4 5.19364 54.6524 84.7936 0.452647
10.5 5.24358 54.6436 84.7436 0.461369
10.6 5.29352 54.6348 84.6935 0.470174
10.7 5.34345 54.6259 84.6434 0.479061
10.8 5.39339 54.617 84.5934 0.488031
10.9 5.44333 54.6079 84.5433 0.497083
11 5.49327 54.5988 84.4933 0.506217
11.1 5.54321 54.5896 84.4432 0.515434
11.2 5.59315 54.5803 84.3931 0.524733
11.3 5.64309 54.5709 84.3431 0.534115
11.4 5.69303 54.5614 84.293 0.543578
11.5 5.74297 54.5519 84.243 0.553125
11.6 5.79291 54.5422 84.1929 0.562753
11.7 5.84285 54.5325 84.1428 0.572464
11.8 5.89279 54.5227 84.0928 0.582256
11.9 5.94273 54.5129 84.0427 0.592131
12 5.99267 54.5029 83.9927 0.602088
12.1 6.04261 54.4929 83.9426 0.612127
12.2 6.09255 54.4828 83.8925 0.622249
12.3 6.14249 54.4725 83.8425 0.632452
12.4 6.19243 54.4623 83.7924 0.642737
12.5 6.24237 54.4519 83.7424 0.653104
12.6 6.29231 54.4414 83.6923 0.663553
12.7 6.34225 54.4309 83.6422 0.674084
12.8 6.39219 54.4203 83.5922 0.684697
12.9 6.44213 54.4096 83.5421 0.695392
13 6.49207 54.3988 83.4921 0.706169
13.1 6.54201 54.388 83.442 0.717027
13.2 6.59195 54.377 83.3919 0.727967
13.3 6.64189 54.366 83.3419 0.738989
13.4 6.69183 54.3549 83.2918 0.750093
13.5 6.74177 54.3437 83.2418 0.761278
13.6 6.79171 54.3325 83.1917 0.772545
13.7 6.84165 54.3211 83.1416 0.783893
13.8 6.89159 54.3097 83.0916 0.795323
13.9 6.94153 54.2982 83.0415 0.806834
14 6.99147 54.2866 82.9915 0.818427
14.1 7.04141 54.2749 82.9414 0.830101
14.2 7.09135 54.2631 82.8913 0.841857
14.3 7.14129 54.2513 82.8413 0.853694
14.4 7.19123 54.2394 82.7912 0.865612
14.5 7.24117 54.2274 82.7412 0.877612
14.6 7.29111 54.2153 82.6911 0.889693
14.7 7.34105 54.2031 82.641 0.901855
14.8 7.39099 54.1909 82.591 0.914099
14.9 7.44094 54.1786 82.5409 0.926423
15 7.49088 54.1662 82.4909 0.938829
15.1 7.54082 54.1537 82.4408 0.951315
15.2 7.59076 54.1411 82.3907 0.963883
15.3 7.6407 54.1285 82.3407 0.976532
15.4 7.69064 54.1157 82.2906 0.989261
15.5 7.74058 54.1029 82.2406 1.00207
15.6 7.79052 54.09 82.1905 1.01496
15.7 7.84046 54.0771 82.1404 1.02794
15.8 7.8904 54.064 82.0904 1.04099
15.9 7.94034 54.0509 82.0403 1.05412
16 7.99028 54.0377 81.9903 1.06734
16.1 8.04022 54.0244 81.9402 1.08063
16.2 8.09016 54.011 81.8902 1.09401
16.3 8.14011 53.9975 81.8401 1.10746
16.4 8.19005 53.984 81.79 1.121
16.5 8.23999 53.9704 81.74 1.13462
16.6 8.28993 53.9567 81.6899 1.14832
16.7 8.33987 53.9429 81.6399 1.1621
16.8 8.38981 53.929 81.5898 1.17595
16.9 8.43975 53.9151 81.5397 1.18989
17 8.48969 53.9011 81.4897 1.20391
17.1 8.53963 53.887 81.4396 1.21801
17.2 8.58958 53.8728 81.3896 1.23219
17.3 8.63952 53.8585 81.3395 1.24645
17.4 8.68946 53.8442 81.2894 1.26079
17.5 8.7394 53.8298 81.2394 1.27521
17.6 8.78934 53.8153 81.1893 1.28971
17.7 8.83928 53.8007 81.1393 1.30429
17.8 8.88922 53.786 81.0892 1.31895
17.9 8.93916 53.7713 81.0392 1.3337
18 8.98911 53.7565 80.9891 1.34852
18.1 9.03905 53.7416 80.939 1.36342
18.2 9.08899 53.7266 80.889 1.3784
18.3 9.13893 53.7115 80.8389 1.39345
18.4 9.18887 53.6964 80.7889 1.40859
18.5 9.23881 53.6812 80.7388 1.42381
18.6 9.28876 53.6659 80.6887 1.43911
18.7 9.3387 53.6505 80.6387 1.45449
18.8 9.38864 53.6351 80.5886 1.46995
18.9 9.43858 53.6195 80.5386 1.48548
19 9.48852 53.6039 80.4885 1.5011
19.1 9.53846 53.5882 80.4385 1.5168
19.2 9.58841 53.5724 80.3884 1.53257
19.3 9.63835 53.5566 80.3383 1.54842
19.4 9.68829 53.5406 80.2883 1.56436
19.5 9.73823 53.5246 80.2382 1.58037
19.6 9.78817 53.5085 80.1882 1.59646
19.7 9.83812 53.4924 80.1381 1.61263
19.8 9.88806 53.4761 80.088 1.62888
19.9 9.938 53.4598 80.038 1.64521
20 9.98794 53.4434 79.9879 1.66162
20.1 10.0379 53.4269 79.9379 1.67811
20.2 10.0878 53.4103 79.8878 1.69467
20.3 10.1378 53.3937 79.8378 1.71132
20.4 10.1877 53.377 79.7877 1.72804
20.5 10.2377 53.3602 79.7376 1.74484
20.6 10.2876 53.3433 79.6876 1.76172
20.7 10.3375 53.3263 79.6375 1.77868
20.8 10.3875 53.3093 79.5875 1.79572
20.9 10.4374 53.2922 79.5374 1.81283
21 10.4874 53.275 79.4874 1.83003
21.1 10.5373 53.2577 79.4373 1.8473
21.2 10.5873 53.2404 79.3872 1.86465
21.3 10.6372 53.2229 79.3372 1.88208
21.4 10.6871 53.2054 79.2871 1.89958
21.5 10.7371 53.1878 79.2371 1.91717
21.6 10.787 53.1702 79.187 1.93483
21.7 10.837 53.1524 79.137 1.95257
21.8 10.8869 53.1346 79.0869 1.97039
21.9 10.9369 53.1167 79.0368 1.98829
22 10.9868 53.0987 78.9868 2.00627
22.1 11.0367 53.0807 78.9367 2.02432
22.2 11.0867 53.0625 78.8867 2.04245
22.3 11.1366 53.0443 78.8366 2.06066
22.4 11.1866 53.0261 78.7866 2.07895
22.5 11.2365 53.0077 78.7365 2.09731
22.6 11.2865 52.9892 78.6864 2.11575
22.7 11.3364 52.9707 78.6364 2.13427
22.8 11.3863 52.9521 78.5863 2.15287
22.9 11.4363 52.9335 78.5363 2.17154
23 11.4862 52.9147 78.4862 2.19029
23.1 11.5362 52.8959 78.4362 2.20912
23.2 11.5861 52.877 78.3861 2.22802
23.3 11.6361 52.858 78.336 2.24701
23.4 11.686 52.8389 78.286 2.26607
23.5 11.7359 52.8198 78.2359 2.2852
23.6 11.7859 52.8006 78.1859 2.30442
23.7 11.8358 52.7813 78.1358 2.32371
23.8 11.8858 52.7619 78.0858 2.34307
23.9 11.9357 52.7425 78.0357 2.36252
24 11.9857 52.723 77.9856 2.38204
24.1 12.0356 52.7034 77.9356 2.40164
24.2 12.0855 52.6837 77.8855 2.42131
24.3 12.1355 52.6639 77.8355 2.44106
24.4 12.1854 52.6441 77.7854 2.46089
24.5 12.2354 52.6242 77.7354 2.48079
24.6 12.2853 52.6042 77.6853 2.50077
24.7 12.3353 52.5842 77.6353 2.52083
24.8 12.3852 52.564 77.5852 2.54096
24.9 12.4352 52.5438 77.5351 2.56117
25 12.4851 52.5235 77.4851 2.58145
25.1 12.535 52.5032 77.435 2.60182
25.2 12.585 52.4827 77.385 2.62225
25.3 12.6349 52.4622 77.3349 2.64277
25.4 12.6849 52.4416 77.2849 2.66335
25.5 12.7348 52.421 77.2348 2.68402
25.6 12.7848 52.4002 77.1848 2.70476
25.7 12.8347 52.3794 77.1347 2.72558
25.8 12.8847 52.3585 77.0846 2.74647
25.9 12.9346 52.3376 77.0346 2.76743
26 12.9845 52.3165 76.9845 2.78848
26.1 13.0345 52.2954 76.9345 2.8096
26.2 13.0844 52.2742 76.8844 2.83079
26.3 13.1344 52.2529 76.8344 2.85206
26.4 13.1843 52.2316 76.7843 2.8734
26.5 13.2343 52.2102 76.7343 2.89482
26.6 13.2842 52.1887 76.6842 2.91632
26.7 13.3342 52.1671 76.6341 2.93788
26.8 13.3841 52.1455 76.5841 2.95953
26.9 13.434 52.1238 76.534 2.98125
27 13.484 52.102 76.484 3.00304
27.1 13.5339 52.0801 76.4339 3.02491
27.2 13.5839 52.0581 76.3839 3.04686
27.3 13.6338 52.0361 76.3338 3.06887
27.4 13.6838 52.014 76.2838 3.09097
27.5 13.7337 51.9919 76.2337 3.11313
27.6 13.7837 51.9696 76.1836 3.13538
27.7 13.8336 51.9473 76.1336 3.15769
27.8 13.8836 51.9249 76.0835 3.18008
27.9 13.9335 51.9025 76.0335 3.20255
28 13.9834 51.8799 75.9834 3.22509
28.1 14.0334 51.8573 75.9334 3.2477
28.2 14.0833 51.8346 75.8833 3.27039
28.3 14.1333 51.8119 75.8333 3.29315
28.4 14.1832 51.789 75.7832 3.31598
28.5 14.2332 51.7661 75.7332 3.33889
28.6 14.2831 51.7431 75.6831 3.36187
28.7 14.3331 51.7201 75.6331 3.38493
28.8 14.383 51.6969 75.583 3.40806
28.9 14.433 51.6737 75.5329 3.43126
29 14.4829 51.6505 75.4829 3.45454
29.1 14.5329 51.6271 75.4328 3.47789
29.2 14.5828 51.6037 75.3828 3.50131
29.3 14.6327 51.5802 75.3327 3.52481
29.4 14.6827 51.5566 75.2827 3.54838
29.5 14.7326 51.533 75.2326 3.57202
29.6 14.7826 51.5093 75.1826 3.59574
29.7 14.8325 51.4855 75.1325 3.61953
29.8 14.8825 51.4616 75.0825 3.64339
29.9 14.9324 51.4377 75.0324 3.66733
30 14.9824 51.4137 74.9824 3.69134
30.1 15.0323 51.3896 74.9323 3.71542
30.2 15.0823 51.3654 74.8822 3.73957
30.3 15.1322 51.3412 74.8322 3.76379
30.4 15.1822 51.3169 74.7821 3.78809
30.5 15.2321 51.2925 74.7321 3.81246
30.6 15.2821 51.2681 74.682 3.83691
30.7 15.332 51.2436 74.632 3.86142
30.8 15.3819 51.219 74.5819 3.88601
30.9 15.4319 51.1943 74.5319 3.91067
31 15.4818 51.1696 74.4818 3.9354
31.1 15.5318 51.1448 74.4318 3.9602
31.2 15.5817 51.1199 74.3817 3.98508
31.3 15.6317 51.095 74.3317 4.01002
31.4 15.6816 51.07 74.2816 4.03504
31.5 15.7316 51.0449 74.2316 4.06013
31.6 15.7815 51.0197 74.1815 4.08529
31.7 15.8315 50.9945 74.1315 4.11053
31.8 15.8814 50.9692 74.0814 4.13583
31.9 15.9314 50.9438 74.0314 4.16121
32 15.9813 50.9183 73.9813 4.18665
32.1 16.0313 50.8928 73.9312 4.21217
32.2 16.0812 50.8672 73.8812 4.23776
32.3 16.1312 50.8416 73.8311 4.26342
32.4 16.1811 50.8158 73.7811 4.28915
32.5 16.2311 50.79 73.731 4.31496
32.6 16.281 50.7642 73.681 4.34083
32.7 16.331 50.7382 73.6309 4.36677
32.8 16.3809 50.7122 73.5809 4.39279
32.9 16.4309 50.6861 73.5308 4.41887
33 16.4808 50.66 73.4808 4.44503
33.1 16.5307 50.6337 73.4307 4.47126
33.2 16.5807 50.6074 73.3807 4.49755
33.3 16.6306 50.5811 73.3306 4.52392
33.4 16.6806 50.5546 73.2806 4.55035
33.5 16.7305 50.5281 73.2305 4.57686
33.6 16.7805 50.5016 73.1805 4.60344
33.7 16.8304 50.4749 73.1304 4.63008
33.8 16.8804 50.4482 73.0804 4.6568
33.9 16.9303 50.4214 73.0303 4.68359
34 16.9803 50.3946 72.9803 4.71044
34.1 17.0302 50.3676 72.9302 4.73737
34.2 17.0802 50.3406 72.8802 4.76436
34.3 17.1301 50.3136 72.8301 4.79143
34.4 17.1801 50.2864 72.7801 4.81856
34.5 17.23 50.2592 72.73 4.84576
34.6 17.28 50.232 72.68 4.87304
34.7 17.3299 50.2046 72.6299 4.90038
34.8 17.3799 50.1772 72.5799 4.92779
34.9 17.4298 50.1497 72.5298 4.95527
35 17.4798 50.1222 72.4798 4.98281
35.1 17.5297 50.0946 72.4297 5.01043
35.2 17.5797 50.0669 72.3797 5.03812
35.3 17.6296 50.0391 72.3296 5.06587
35.4 17.6796 50.0113 72.2796 5.09369
35.5 17.7295 49.9834 72.2295 5.12158
35.6 17.7795 49.9555 72.1795 5.14954
35.7 17.8294 49.9274 72.1294 5.17757
35.8 17.8794 49.8993 72.0794 5.20566
35.9 17.9293 49.8712 72.0293 5.23383
36 17.9793 49.8429 71.9793 5.26206
36.1 18.0292 49.8146 71.9292 5.29036
36.2 18.0792 49.7863 71.8792 5.31873
36.3 18.1291 49.7578 71.8291 5.34716
36.4 18.1791 49.7293 71.7791 5.37566
36.5 18.229 49.7008 71.729 5.40423
36.6 18.279 49.6721 71.679 5.43287
36.7 18.3289 49.6434 71.6289 5.46158
36.8 18.3789 49.6147 71.5789 5.49035
36.9 18.4288 49.5858 71.5288 5.51919
37 18.4788 49.5569 71.4788 5.5481
37.1 18.5287 49.5279 71.4287 5.57707
37.2 18.5787 49.4989 71.3787 5.60611
37.3 18.6286 49.4698 71.3286 5.63522
37.4 18.6786 49.4406 71.2786 5.66439
37.5 18.7285 49.4114 71.2285 5.69363
37.6 18.7785 49.3821 71.1785 5.72294
37.7 18.8284 49.3527 71.1284 5.75231
37.8 18.8784 49.3232 71.0784 5.78175
37.9 18.9283 49.2937 71.0283 5.81126
38 18.9783 49.2642 70.9783 5.84083
38.1 19.0282 49.2345 70.9282 5.87047
38.2 19.0782 49.2048 70.8782 5.90018
38.3 19.1281 49.1751 70.8281 5.92995
38.4 19.1781 49.1452 70.7781 5.95979
38.5 19.2281 49.1153 70.728 5.98969
38.6 19.278 49.0853 70.678 6.01966
38.7 19.328 49.0553 70.6279 6.04969
38.8 19.3779 49.0252 70.5779 6.07979
38.9 19.4279 48.995 70.5278 6.10996
39 19.4778 48.9648 70.4778 6.14019
39.1 19.5278 48.9345 70.4277 6.17048
39.2 19.5777 48.9042 70.3777 6.20084
39.3 19.6277 48.8737 70.3276 6.23127
39.4 19.6776 48.8432 70.2776 6.26176
39.5 19.7276 48.8127 70.2276 6.29231
39.6 19.7775 48.7821 70.1775 6.32293
39.7 19.8275 48.7514 70.1275 6.35362
39.8 19.8774 48.7206 70.0774 6.38437
39.9 19.9274 48.6898 70.0274 6.41518
40 19.9773 48.6589 69.9773 6.44606
40.1 20.0273 48.628 69.9273 6.477
40.2 20.0772 48.597 69.8772 6.50801
40.3 20.1272 48.5659 69.8272 6.53908
40.4 20.1771 48.5348 69.7771 6.57022
40.5 20.2271 48.5036 69.7271 6.60141
40.6 20.2771 48.4723 69.677 6.63268
40.7 20.327 48.441 69.627 6.664
40.8 20.377 48.4096 69.5769 6.69539
40.9 20.4269 48.3782 69.5269 6.72685
41 20.4769 48.3466 69.4768 6.75836
41.1 20.5268 48.3151 69.4268 6.78994
41.2 20.5768 48.2834 69.3768 6.82159
41.3 20.6267 48.2517 69.3267 6.85329
41.4 20.6767 48.2199 69.2767 6.88506
41.5 20.7266 48.1881 69.2266 6.9169
41.6 20.7766 48.1562 69.1766 6.94879
41.7 20.8265 48.1242 69.1265 6.98075
41.8 20.8765 48.0922 69.0765 7.01277
41.9 20.9265 48.0601 69.0264 7.04486
42 20.9764 48.028 68.9764 7.077
42.1 21.0264 47.9958 68.9263 7.10921
42.2 21.0763 47.9635 68.8763 7.14148
42.3 21.1263 47.9312 68.8262 7.17381
42.4 21.1762 47.8988 68.7762 7.20621
42.5 21.2262 47.8663 68.7262 7.23867
42.6 21.2761 47.8338 68.6761 7.27119
42.7 21.3261 47.8012 68.6261 7.30377
42.8 21.376 47.7686 68.576 7.33641
42.9 21.426 47.7359 68.526 7.36911
43 21.476 47.7031 68.4759 7.40188
43.1 21.5259 47.6703 68.4259 7.4347
43.2 21.5759 47.6374 68.3758 7.46759
43.3 21.6258 47.6045 68.3258 7.50054
43.4 21.6758 47.5714 68.2758 7.53355
43.5 21.7257 47.5384 68.2257 7.56662
43.6 21.7757 47.5052 68.1757 7.59975
43.7 21.8256 47.4721 68.1256 7.63295
43.8 21.8756 47.4388 68.0756 7.6662
43.9 21.9256 47.4055 68.0255 7.69952
44 21.9755 47.3721 67.9755 7.73289
44.1 22.0255 47.3387 67.9254 7.76633
44.2 22.0754 47.3052 67.8754 7.79982
44.3 22.1254 47.2716 67.8254 7.83338
44.4 22.1753 47.238 67.7753 7.86699
44.5 22.2253 47.2043 67.7253 7.90067
44.6 22.2752 47.1706 67.6752 7.9344
44.7 22.3252 47.1368 67.6252 7.9682
44.8 22.3752 47.1029 67.5751 8.00205
44.9 22.4251 47.069 67.5251 8.03597
45 22.4751 47.0351 67.475 8.06994
45.1 22.525 47.001 67.425 8.10397
45.2 22.575 46.9669 67.375 8.13807
45.3 22.6249 46.9328 67.3249 8.17222
45.4 22.6749 46.8986 67.2749 8.20643
45.5 22.7249 46.8643 67.2248 8.2407
45.6 22.7748 46.83 67.1748 8.27503
45.7 22.8248 46.7956 67.1247 8.30941
45.8 22.8747 46.7611 67.0747 8.34386
45.9 22.9247 46.7266 67.0247 8.37836
46 22.9746 46.6921 66.9746 8.41293
46.1 23.0246 46.6575 66.9246 8.44755
46.2 23.0746 46.6228 66.8745 8.48223
46.3 23.1245 46.588 66.8245 8.51696
46.4 23.1745 46.5532 66.7744 8.55176
46.5 23.2244 46.5184 66.7244 8.58661
46.6 23.2744 46.4835 66.6744 8.62152
46.7 23.3243 46.4485 66.6243 8.65649
46.8 23.3743 46.4135 66.5743 8.69152
46.9 23.4243 46.3784 66.5242 8.7266
47 23.4742 46.3433 66.4742 8.76174
47.1 23.5242 46.3081 66.4241 8.79694
47.2 23.5741 46.2728 66.3741 8.83219
47.3 23.6241 46.2375 66.3241 8.86751
47.4 23.674 46.2021 66.274 8.90287
47.5 23.724 46.1667 66.224 8.9383
47.6 23.774 46.1312 66.1739 8.97378
47.7 23.8239 46.0957 66.1239 9.00932
47.8 23.8739 46.0601 66.0739 9.04492
47.9 23.9238 46.0244 66.0238 9.08057
48 23.9738 45.9887 65.9738 9.11628
48.1 24.0238 45.953 65.9237 9.15204
48.2 24.0737 45.9171 65.8737 9.18786
48.3 24.1237 45.8813 65.8237 9.22374
48.4 24.1736 45.8453 65.7736 9.25967
48.5 24.2236 45.8093 65.7236 9.29566
48.6 24.2736 45.7733 65.6735 9.3317
48.7 24.3235 45.7372 65.6235 9.3678
48.8 24.3735 45.701 65.5734 9.40396
48.9 24.4234 45.6648 65.5234 9.44017
49 24.4734 45.6286 65.4734 9.47643
49.1 24.5233 45.5922 65.4233 9.51275
49.2 24.5733 45.5559 65.3733 9.54913
49.3 24.6233 45.5194 65.3232 9.58556
49.4 24.6732 45.483 65.2732 9.62204
49.5 24.7232 45.4464 65.2232 9.65858
49.6 24.7731 45.4098 65.1731 9.69518
49.7 24.8231 45.3732 65.1231 9.73182
49.8 24.8731 45.3365 65.073 9.76853
49.9 24.923 45.2997 65.023 9.80528
50 24.973 45.2629 64.973 9.84209
50.1 25.023 45.226 64.9229 9.87896
50.2 25.0729 45.1891 64.8729 9.91588
50.3 25.1229 45.1522 64.8229 9.95285
50.4 25.1728 45.1151 64.7728 9.98988
50.5 25.2228 45.078 64.7228 10.027
50.6 25.2728 45.0409 64.6727 10.0641
50.7 25.3227 45.0037 64.6227 10.1013
50.8 25.3727 44.9665 64.5727 10.1385
50.9 25.4226 44.9292 64.5226 10.1758
51 25.4726 44.8919 64.4726 10.2131
51.1 25.5226 44.8545 64.4225 10.2505
51.2 25.5725 44.817 64.3725 10.288
51.3 25.6225 44.7795 64.3225 10.3255
51.4 25.6724 44.7419 64.2724 10.3631
51.5 25.7224 44.7043 64.2224 10.4007
51.6 25.7724 44.6667 64.1723 10.4383
51.7 25.8223 44.629 64.1223 10.476
51.8 25.8723 44.5912 64.0723 10.5138
51.9 25.9223 44.5534 64.0222 10.5516
52 25.9722 44.5155 63.9722 10.5895
52.1 26.0222 44.4776 63.9222 10.6274
52.2 26.0721 44.4396 63.8721 10.6654
52.3 26.1221 44.4016 63.8221 10.7034
52.4 26.1721 44.3635 63.772 10.7415
52.5 26.222 44.3254 63.722 10.7796
52.6 26.272 44.2872 63.672 10.8178
52.7 26.322 44.249 63.6219 10.856
52.8 26.3719 44.2107 63.5719 10.8943
52.9 26.4219 44.1724 63.5219 10.9326
53 26.4718 44.134 63.4718 10.971
53.1 26.5218 44.0956 63.4218 11.0094
53.2 26.5718 44.0571 63.3717 11.0479
53.3 26.6217 44.0186 63.3217 11.0864
53.4 26.6717 43.98 63.2717 11.125
53.5 26.7217 43.9414 63.2216 11.1636
53.6 26.7716 43.9027 63.1716 11.2023
53.7 26.8216 43.8639 63.1216 11.2411
53.8 26.8715 43.8252 63.0715 11.2798
53.9 26.9215 43.7863 63.0215 11.3187
54 26.9715 43.7475 62.9715 11.3575
54.1 27.0214 43.7085 62.9214 11.3965
54.2 27.0714 43.6695 62.8714 11.4355
54.3 27.1214 43.6305 62.8213 11.4745
54.4 27.1713 43.5914 62.7713 11.5136
54.5 27.2213 43.5523 62.7213 11.5527
54.6 27.2713 43.5131 62.6712 11.5919
54.7 27.3212 43.4739 62.6212 11.6311
54.8 27.3712 43.4347 62.5712 11.6703
54.9 27.4212 43.3953 62.5211 11.7097
55 27.4711 43.356 62.4711 11.749
55.1 27.5211 43.3165 62.4211 11.7885
55.2 27.571 43.2771 62.371 11.8279
55.3 27.621 43.2376 62.321 11.8674
55.4 27.671 43.198 62.271 11.907
55.5 27.7209 43.1584 62.2209 11.9466
55.6 27.7709 43.1188 62.1709 11.9862
55.7 27.8209 43.0791 62.1209 12.0259
55.8 27.8708 43.0393 62.0708 12.0657
55.9 27.9208 42.9995 62.0208 12.1055
56 27.9708 42.9597 61.9707 12.1453
56.1 28.0207 42.9198 61.9207 12.1852
56.2 28.0707 42.8798 61.8707 12.2252
56.3 28.1207 42.8399 61.8206 12.2651
56.4 28.1706 42.7998 61.7706 12.3052
56.5 28.2206 42.7597 61.7206 12.3453
56.6 28.2706 42.7196 61.6705 12.3854
56.7 28.3205 42.6795 61.6205 12.4255
56.8 28.3705 42.6392 61.5705 12.4658
56.9 28.4205 42.599 61.5204 12.506
57 28.4704 42.5587 61.4704 12.5463
57.1 28.5204 42.5183 61.4204 12.5867
57.2 28.5704 42.4779 61.3703 12.6271
57.3 28.6203 42.4375 61.3203 12.6675
57.4 28.6703 42.397 61.2703 12.708
57.5 28.7203 42.3564 61.2202 12.7486
57.6 28.7702 42.3159 61.1702 12.7891
57.7 28.8202 42.2752 61.1202 12.8298
57.8 28.8702 42.2346 61.0701 12.8704
57.9 28.9201 42.1939 61.0201 12.9111
58 28.9701 42.1531 60.9701 12.9519
58.1 29.0201 42.1123 60.92 12.9927
58.2 29.07 42.0714 60.87 13.0336
58.3 29.12 42.0306 60.82 13.0744
58.4 29.17 41.9896 60.7699 13.1154
58.5 29.2199 41.9486 60.7199 13.1564
58.6 29.2699 41.9076 60.6699 13.1974
58.7 29.3199 41.8666 60.6199 13.2384
58.8 29.3698 41.8254 60.5698 13.2796
58.9 29.4198 41.7843 60.5198 13.3207
59 29.4698 41.7431 60.4698 13.3619
59.1 29.5197 41.7018 60.4197 13.4032
59.2 29.5697 41.6606 60.3697 13.4444
59.3 29.6197 41.6192 60.3197 13.4858
59.4 29.6696 41.5779 60.2696 13.5271
59.5 29.7196 41.5365 60.2196 13.5685
59.6 29.7696 41.495 60.1696 13.61
59.7 29.8196 41.4535 60.1195 13.6515
59.8 29.8695 41.412 60.0695 13.693
59.9 29.9195 41.3704 60.0195 13.7346
60 29.9695 41.3287 59.9694 13.7762
60.1 30.0194 41.2871 59.9194 13.8179
60.2 30.0694 41.2454 59.8694 13.8596
60.3 30.1194 41.2036 59.8194 13.9014
60.4 30.1693 41.1618 59.7693 13.9432
60.5 30.2193 41.12 59.7193 13.985
60.6 30.2693 41.0781 59.6693 14.0269
60.7 30.3192 41.0362 59.6192 14.0688
60.8 30.3692 40.9943 59.5692 14.1107
60.9 30.4192 40.9523 59.5192 14.1527
61 30.4692 40.9102 59.4691 14.1948
61.1 30.5191 40.8681 59.4191 14.2369
61.2 30.5691 40.826 59.3691 14.279
61.3 30.6191 40.7839 59.3191 14.3211
61.4 30.669 40.7417 59.269 14.3633
61.5 30.719 40.6994 59.219 14.4056
61.6 30.769 40.6571 59.169 14.4479
61.7 30.819 40.6148 59.1189 14.4902
61.8 30.8689 40.5725 59.0689 14.5325
61.9 30.9189 40.5301 59.0189 14.5749
62 30.9689 40.4876 58.9688 14.6174
62.1 31.0188 40.4451 58.9188 14.6599
62.2 31.0688 40.4026 58.8688 14.7024
62.3 31.1188 40.3601 58.8188 14.7449
62.4 31.1687 40.3175 58.7687 14.7875
62.5 31.2187 40.2748 58.7187 14.8302
62.6 31.2687 40.2322 58.6687 14.8728
62.7 31.3187 40.1894 58.6186 14.9156
62.8 31.3686 40.1467 58.5686 14.9583
62.9 31.4186 40.1039 58.5186 15.0011
63 31.4686 40.0611 58.4686 15.0439
63.1 31.5186 40.0182 58.4185 15.0868
63.2 31.5685 39.9753 58.3685 15.1297
63.3 31.6185 39.9324 58.3185 15.1726
63.4 31.6685 39.8894 58.2685 15.2156
63.5 31.7184 39.8464 58.2184 15.2586
63.6 31.7684 39.8033 58.1684 15.3017
63.7 31.8184 39.7602 58.1184 15.3448
63.8 31.8684 39.7171 58.0683 15.3879
63.9 31.9183 39.6739 58.0183 15.4311
64 31.9683 39.6307 57.9683 15.4743
64.1 32.0183 39.5875 57.9183 15.5175
64.2 32.0683 39.5442 57.8682 15.5608
64.3 32.1182 39.5009 57.8182 15.6041
64.4 32.1682 39.4575 57.7682 15.6475
64.5 32.2182 39.4142 57.7182 15.6908
64.6 32.2681 39.3707 57.6681 15.7343
64.7 32.3181 39.3273 57.6181 15.7777
64.8 32.3681 39.2838 57.5681 15.8212
64.9 32.4181 39.2403 57.518 15.8647
65 32.468 39.1967 57.468 15.9083
65.1 32.518 39.1531 57.418 15.9519
65.2 32.568 39.1095 57.368 15.9955
65.3 32.618 39.0658 57.3179 16.0392
65.4 32.6679 39.0221 57.2679 16.0829
65.5 32.7179 38.9783 57.2179 16.1267
65.6 32.7679 38.9346 57.1679 16.1704
65.7 32.8179 38.8907 57.1178 16.2143
65.8 32.8678 38.8469 57.0678 16.2581
65.9 32.9178 38.803 57.0178 16.302
66 32.9678 38.7591 56.9678 16.3459
66.1 33.0178 38.7152 56.9177 16.3898
66.2 33.0677 38.6712 56.8677 16.4338
66.3 33.1177 38.6272 56.8177 16.4778
66.4 33.1677 38.5831 56.7677 16.5219
66.5 33.2177 38.539 56.7176 16.566
66.6 33.2676 38.4949 56.6676 16.6101
66.7 33.3176 38.4508 56.6176 16.6542
66.8 33.3676 38.4066 56.5676 16.6984
66.9 33.4176 38.3624 56.5175 16.7426
67 33.4675 38.3181 56.4675 16.7869
67.1 33.5175 38.2738 56.4175 16.8312
67.2 33.5675 38.2295 56.3675 16.8755
67.3 33.6175 38.1852 56.3175 16.9198
67.4 33.6674 38.1408 56.2674 16.9642
67.5 33.7174 38.0964 56.2174 17.0086
67.6 33.7674 38.0519 56.1674 17.0531
67.7 33.8174 38.0075 56.1174 17.0975
67.8 33.8673 37.963 56.0673 17.142
67.9 33.9173 37.9184 56.0173 17.1866
68 33.9673 37.8738 55.9673 17.2312
68.1 34.0173 37.8292 55.9173 17.2758
68.2 34.0673 37.7846 55.8672 17.3204
68.3 34.1172 37.7399 55.8172 17.3651
68.4 34.1672 37.6953 55.7672 17.4097
68.5 34.2172 37.6505 55.7172 17.4545
68.6 34.2672 37.6058 55.6672 17.4992
68.7 34.3171 37.561 55.6171 17.544
68.8 34.3671 37.5162 55.5671 17.5888
68.9 34.4171 37.4713 55.5171 17.6337
69 34.4671 37.4264 55.4671 17.6786
69.1 34.5171 37.3815 55.417 17.7235
69.2 34.567 37.3366 55.367 17.7684
69.3 34.617 37.2916 55.317 17.8134
69.4 34.667 37.2466 55.267 17.8584
69.5 34.717 37.2016 55.217 17.9034
69.6 34.7669 37.1565 55.1669 17.9485
69.7 34.8169 37.1114 55.1169 17.9936
69.8 34.8669 37.0663 55.0669 18.0387
69.9 34.9169 37.0212 55.0169 18.0838
70 34.9669 36.976 54.9668 18.129
70.1 35.0168 36.9308 54.9168 18.1742
70.2 35.0668 36.8856 54.8668 18.2194
70.3 35.1168 36.8403 54.8168 18.2647
70.4 35.1668 36.795 54.7668 18.31
70.5 35.2168 36.7497 54.7167 18.3553
70.6 35.2667 36.7044 54.6667 18.4006
70.7 35.3167 36.659 54.6167 18.446
70.8 35.3667 36.6136 54.5667 18.4914
70.9 35.4167 36.5682 54.5167 18.5368
71 35.4667 36.5227 54.4666 18.5823
71.1 35.5166 36.4772 54.4166 18.6278
71.2 35.5666 36.4317 54.3666 18.6733
71.3 35.6166 36.3862 54.3166 18.7188
71.4 35.6666 36.3406 54.2666 18.7644
71.5 35.7166 36.295 54.2165 18.81
71.6 35.7665 36.2494 54.1665 18.8556
71.7 35.8165 36.2038 54.1165 18.9012
71.8 35.8665 36.1581 54.0665 18.9469
71.9 35.9165 36.1124 54.0165 18.9926
72 35.9665 36.0667 53.9664 19.0383
72.1 36.0164 36.0209 53.9164 19.0841
72.2 36.0664 35.9752 53.8664 19.1298
72.3 36.1164 35.9294 53.8164 19.1756
72.4 36.1664 35.8835 53.7664 19.2215
72.5 36.2164 35.8377 53.7164 19.2673
72.6 36.2663 35.7918 53.6663 19.3132
72.7 36.3163 35.7459 53.6163 19.3591
72.8 36.3663 35.7 53.5663 19.405
72.9 36.4163 35.654 53.5163 19.451
73 36.4663 35.6081 53.4663 19.4969
73.1 36.5163 35.5621 53.4162 19.5429
73.2 36.5662 35.516 53.3662 19.589
73.3 36.6162 35.47 53.3162 19.635
73.4 36.6662 35.4239 53.2662 19.6811
73.5 36.7162 35.3778 53.2162 19.7272
73.6 36.7662 35.3317 53.1662 19.7733
73.7 36.8162 35.2856 53.1161 19.8194
73.8 36.8661 35.2394 53.0661 19.8656
73.9 36.9161 35.1932 53.0161 19.9118
74 36.9661 35.147 52.9661 19.958
74.1 37.0161 35.1008 52.9161 20.0042
74.2 37.0661 35.0545 52.8661 20.0505
74.3 37.116 35.0082 52.816 20.0968
74.4 37.166 34.9619 52.766 20.1431
74.5 37.216 34.9156 52.716 20.1894
74.6 37.266 34.8692 52.666 20.2358
74.7 37.316 34.8229 52.616 20.2821
74.8 37.366 34.7765 52.566 20.3285
74.9 37.416 34.7301 52.5159 20.3749
75 37.4659 34.6836 52.4659 20.4214
75.1 37.5159 34.6372 52.4159 20.4678
75.2 37.5659 34.5907 52.3659 20.5143
75.3 37.6159 34.5442 52.3159 20.5608
75.4 37.6659 34.4976 52.2659 20.6074
75.5 37.7159 34.4511 52.2158 20.6539
75.6 37.7658 34.4045 52.1658 20.7005
75.7 37.8158 34.3579 52.1158 20.7471
75.8 37.8658 34.3113 52.0658 20.7937
75.9 37.9158 34.2647 52.0158 20.8403
76 37.9658 34.2181 51.9658 20.8869
76.1 38.0158 34.1714 51.9158 20.9336
76.2 38.0657 34.1247 51.8657 20.9803
76.3 38.1157 34.078 51.8157 21.027
76.4 38.1657 34.0313 51.7657 21.0737
76.5 38.2157 33.9845 51.7157 21.1205
76.6 38.2657 33.9377 51.6657 21.1673
76.7 38.3157 33.8909 51.6157 21.2141
76.8 38.3657 33.8441 51.5657 21.2609
76.9 38.4156 33.7973 51.5156 21.3077
77 38.4656 33.7505 51.4656 21.3545
77.1 38.5156 33.7036 51.4156 21.4014
77.2 38.5656 33.6567 51.3656 21.4483
77.3 38.6156 33.6098 51.3156 21.4952
77.4 38.6656 33.5629 51.2656 21.5421
77.5 38.7156 33.516 51.2156 21.589
77.6 38.7656 33.469 51.1655 21.636
77.7 38.8155 33.422 51.1155 21.683
77.8 38.8655 33.375 51.0655 21.73
77.9 38.9155 33.328 51.0155 21.777
78 38.9655 33.281 50.9655 21.824
78.1 39.0155 33.2339 50.9155 21.8711
78.2 39.0655 33.1869 50.8655 21.9181
78.3 39.1155 33.1398 50.8155 21.9652
78.4 39.1655 33.0927 50.7654 22.0123
78.5 39.2154 33.0456 50.7154 22.0594
78.6 39.2654 32.9985 50.6654 22.1065
78.7 39.3154 32.9513 50.6154 22.1537
78.8 39.3654 32.9041 50.5654 22.2009
78.9 39.4154 32.857 50.5154 22.248
79 39.4654 32.8098 50.4654 22.2952
79.1 39.5154 32.7626 50.4154 22.3424
79.2 39.5654 32.7153 50.3653 22.3897
79.3 39.6153 32.6681 50.3153 22.4369
79.4 39.6653 32.6208 50.2653 22.4842
79.5 39.7153 32.5735 50.2153 22.5315
79.6 39.7653 32.5263 50.1653 22.5787
79.7 39.8153 32.4789 50.1153 22.6261
79.8 39.8653 32.4316 50.0653 22.6734
79.9 39.9153 32.3843 50.0153 22.7207
80 39.9653 32.3369 49.9653 22.7681
80.1 40.0153 32.2896 49.9152 22.8154
80.2 40.0652 32.2422 49.8652 22.8628
80.3 40.1152 32.1948 49.8152 22.9102
80.4 40.1652 32.1474 49.7652 22.9576
80.5 40.2152 32.1 49.7152 23.005
80.6 40.2652 32.0525 49.6652 23.0525
80.7 40.3152 32.0051 49.6152 23.0999
80.8 40.3652 31.9576 49.5652 23.1474
80.9 40.4152 31.9102 49.5152 23.1948
81 40.4652 31.8627 49.4652 23.2423
81.1 40.5152 31.8152 49.4151 23.2898
81.2 40.5651 31.7676 49.3651 23.3374
81.3 40.6151 31.7201 49.3151 23.3849
81.4 40.6651 31.6726 49.2651 23.4324
81.5 40.7151 31.625 49.2151 23.48
81.6 40.7651 31.5775 49.1651 23.5275
81.7 40.8151 31.5299 49.1151 23.5751
81.8 40.8651 31.4823 49.0651 23.6227
81.9 40.9151 31.4347 49.0151 23.6703
82 40.9651 31.3871 48.9651 23.7179
82.1 41.0151 31.3394 48.9151 23.7656
82.2 41.0651 31.2918 48.8651 23.8132
82.3 41.115 31.2442 48.815 23.8608
82.4 41.165 31.1965 48.765 23.9085
82.5 41.215 31.1488 48.715 23.9562
82.6 41.265 31.1011 48.665 24.0039
82.7 41.315 31.0534 48.615 24.0516
82.8 41.365 31.0057 48.565 24.0993
82.9 41.415 30.958 48.515 24.147
83 41.465 30.9103 48.465 24.1947
83.1 41.515 30.8626 48.415 24.2424
83.2 41.565 30.8148 48.365 24.2902
83.3 41.615 30.7671 48.315 24.3379
83.4 41.665 30.7193 48.265 24.3857
83.5 41.715 30.6715 48.215 24.4335
83.6 41.7649 30.6237 48.1649 24.4813
83.7 41.8149 30.576 48.1149 24.529
83.8 41.8649 30.5282 48.0649 24.5768
83.9 41.9149 30.4803 48.0149 24.6247
84 41.9649 30.4325 47.9649 24.6725
84.1 42.0149 30.3847 47.9149 24.7203
84.2 42.0649 30.3369 47.8649 24.7681
84.3 42.1149 30.289 47.8149 24.816
84.4 42.1649 30.2412 47.7649 24.8638
84.5 42.2149 30.1933 47.7149 24.9117
84.6 42.2649 30.1454 47.6649 24.9596
84.7 42.3149 30.0975 47.6149 25.0075
84.8 42.3649 30.0497 47.5649 25.0553
84.9 42.4149 30.0018 47.5149 25.1032
85 42.4649 29.9539 47.4649 25.1511
85.1 42.5149 29.9059 47.4149 25.1991
85.2 42.5649 29.858 47.3648 25.247
85.3 42.6148 29.8101 47.3148 25.2949
85.4 42.6648 29.7622 47.2648 25.3428
85.5 42.7148 29.7142 47.2148 25.3908
85.6 42.7648 29.6663 47.1648 25.4387
85.7 42.8148 29.6184 47.1148 25.4866
85.8 42.8648 29.5704 47.0648 25.5346
85.9 42.9148 29.5224 47.0148 25.5826
86 42.9648 29.4745 46.9648 25.6305
86.1 43.0148 29.4265 46.9148 25.6785
86.2 43.0648 29.3785 46.8648 25.7265
86.3 43.1148 29.3305 46.8148 25.7745
86.4 43.1648 29.2825 46.7648 25.8225
86.5 43.2148 29.2345 46.7148 25.8705
86.6 43.2648 29.1865 46.6648 25.9185
86.7 43.3148 29.1385 46.6148 25.9665
86.8 43.3648 29.0905 46.5648 26.0145
86.9 43.4148 29.0425 46.5148 26.0625
87 43.4648 28.9945 46.4648 26.1105
87.1 43.5148 28.9465 46.4148 26.1585
87.2 43.5648 28.8984 46.3648 26.2066
87.3 43.6148 28.8504 46.3148 26.2546
87.4 43.6648 28.8024 46.2648 26.3026
87.5 43.7148 28.7543 46.2148 26.3507
87.6 43.7648 28.7063 46.1648 26.3987
87.7 43.8148 28.6582 46.1148 26.4468
87.8 43.8648 28.6102 46.0648 26.4948
87.9 43.9148 28.5621 46.0147 26.5429
88 43.9647 28.5141 45.9647 26.5909
88.1 44.0147 28.466 45.9147 26.639
88.2 44.0647 28.4179 45.8647 26.6871
88.3 44.1147 28.3699 45.8147 26.7351
88.4 44.1647 28.3218 45.7647 26.7832
88.5 44.2147 28.2737 45.7147 26.8313
88.6 44.2647 28.2257 45.6647 26.8793
88.7 44.3147 28.1776 45.6147 26.9274
88.8 44.3647 28.1295 45.5647 26.9755
88.9 44.4147 28.0814 45.5147 27.0236
89 44.4647 28.0334 45.4647 27.0716
89.1 44.5147 27.9853 45.4147 27.1197
89.2 44.5647 27.9372 45.3647 27.1678
89.3 44.6147 27.8891 45.3147 27.2159
89.4 44.6647 27.841 45.2647 27.264
89.5 44.7147 27.7929 45.2147 27.3121
89.6 44.7647 27.7449 45.1647 27.3601
89.7 44.8147 27.6968 45.1147 27.4082
89.8 44.8647 27.6487 45.0647 27.4563
89.9 44.9147 27.6006 45.0147 27.5044
90 44.9647 27.5525 44.9647 27.5525
90.1 45.0147 27.5044 44.9147 27.6006
90.2 45.0647 27.4563 44.8647 27.6487
90.3 45.1147 27.4082 44.8147 27.6968
90.4 45.1647 27.3601 44.7647 27.7449
90.5 45.2147 27.3121 44.7147 27.7929
90.6 45.2647 27.264 44.6647 27.841
90.7 45.3147 27.2159 44.6147 27.8891
90.8 45.3647 27.1678 44.5647 27.9372
90.9 45.4147 27.1197 44.5147 27.9853
91 45.4647 27.0716 44.4647 28.0334
91.1 45.5147 27.0236 44.4147 28.0814
91.2 45.5647 26.9755 44.3647 28.1295
91.3 45.6147 26.9274 44.3147 28.1776
91.4 45.6647 26.8793 44.2647 28.2257
91.5 45.7147 26.8313 44.2147 28.2737
91.6 45.7647 26.7832 44.1647 28.3218
91.7 45.8147 26.7351 44.1147 28.3699
91.8 45.8647 26.6871 44.0647 28.4179
91.9 45.9147 26.639 44.0147 28.466
92 45.9647 26.5909 43.9647 28.5141
92.1 46.0147 26.5429 43.9148 28.5621
92.2 46.0648 26.4948 43.8648 28.6102
92.3 46.1148 26.4468 43.8148 28.6582
92.4 46.1648 26.3987 43.7648 28.7063
92.5 46.2148 26.3507 43.7148 28.7543
92.6 46.2648 26.3026 43.6648 28.8024
92.7 46.3148 26.2546 43.6148 28.8504
92.8 46.3648 26.2066 43.5648 28.8984
92.9 46.4148 26.1585 43.5148 28.9465
93 46.4648 26.1105 43.4648 28.9945
93.1 46.5148 26.0625 43.4148 29.0425
93.2 46.5648 26.0145 43.3648 29.0905
93.3 46.6148 25.9665 43.3148 29.1385
93.4 46.6648 25.9185 43.2648 29.1865
93.5 46.7148 25.8705 43.2148 29.2345
93.6 46.7648 25.8225 43.1648 29.2825
93.7 46.8148 25.7745 43.1148 29.3305
93.8 46.8648 25.7265 43.0648 29.3785
93.9 46.9148 25.6785 43.0148 29.4265
94 46.9648 25.6305 42.9648 29.4745
94.1 47.0148 25.5826 42.9148 29.5224
94.2 47.0648 25.5346 42.8648 29.5704
94.3 47.1148 25.4866 42.8148 29.6184
94.4 47.1648 25.4387 42.7648 29.6663
94.5 47.2148 25.3908 42.7148 29.7142
94.6 47.2648 25.3428 42.6648 29.7622
94.7 47.3148 25.2949 42.6148 29.8101
94.8 47.3648 25.247 42.5649 29.858
94.9 47.4149 25.1991 42.5149 29.9059
95 47.4649 25.1511 42.4649 29.9539
95.1 47.5149 25.1032 42.4149 30.0018
95.2 47.5649 25.0553 42.3649 30.0497
95.3 47.6149 25.0075 42.3149 30.0975
95.4 47.6649 24.9596 42.2649 30.1454
95.5 47.7149 24.9117 42.2149 30.1933
95.6 47.7649 24.8638 42.1649 30.2412
95.7 47.8149 24.816 42.1149 30.289
95.8 47.8649 24.7681 42.0649 30.3369
95.9 47.9149 24.7203 42.0149 30.3847
96 47.9649 24.6725 41.9649 30.4325
96.1 48.0149 24.6247 41.9149 30.4803
96.2 48.0649 24.5768 41.8649 30.5282
96.3 48.1149 24.529 41.8149 30.576
96.4 48.1649 24.4813 41.7649 30.6237
96.5 48.215 24.4335 41.715 30.6715
96.6 48.265 24.3857 41.665 30.7193
96.7 48.315 24.3379 41.615 30.7671
96.8 48.365 24.2902 41.565 30.8148
96.9 48.415 24.2424 41.515 30.8626
97 48.465 24.1947 41.465 30.9103
97.1 48.515 24.147 41.415 30.958
97.2 48.565 24.0993 41.365 31.0057
97.3 48.615 24.0516 41.315 31.0534
97.4 48.665 24.0039 41.265 31.1011
97.5 48.715 23.9562 41.215 31.1488
97.6 48.765 23.9085 41.165 31.1965
97.7 48.815 23.8608 41.115 31.2442
97.8 48.8651 23.8132 41.0651 31.2918
97.9 48.9151 23.7656 41.0151 31.3394
98 48.9651 23.7179 40.9651 31.3871
98.1 49.0151 23.6703 40.9151 31.4347
98.2 49.0651 23.6227 40.8651 31.4823
98.3 49.1151 23.5751 40.8151 31.5299
98.4 49.1651 23.5275 40.7651 31.5775
98.5 49.2151 23.48 40.7151 31.625
98.6 49.2651 23.4324 40.6651 31.6726
98.7 49.3151 23.3849 40.6151 31.7201
98.8 49.3651 23.3374 40.5651 31.7676
98.9 49.4151 23.2898 40.5152 31.8152
99 49.4652 23.2423 40.4652 31.8627
99.1 49.5152 23.1948 40.4152 31.9102
99.2 49.5652 23.1474 40.3652 31.9576
99.3 49.6152 23.0999 40.3152 32.0051
99.4 49.6652 23.0525 40.2652 32.0525
99.5 49.7152 23.005 40.2152 32.1
99.6 49.7652 22.9576 40.1652 32.1474
99.7 49.8152 22.9102 40.1152 32.1948
99.8 49.8652 22.8628 40.0652 32.2422
99.9 49.9152 22.8154 40.0153 32.2896
100 49.9653 22.7681 39.9653 32.3369
100.1 50.0153 22.7207 39.9153 32.3843
100.2 50.0653 22.6734 39.8653 32.4316
100.3 50.1153 22.6261 39.8153 32.4789
100.4 50.1653 22.5787 39.7653 32.5263
100.5 50.2153 22.5315 39.7153 32.5735
100.6 50.2653 22.4842 39.6653 32.6208
100.7 50.3153 22.4369 39.6153 32.6681
100.8 50.3653 22.3897 39.5654 32.7153
100.9 50.4154 22.3424 39.5154 32.7626
101 50.4654 22.2952 39.4654 32.8098
101.1 50.5154 22.248 39.4154 32.857
101.2 50.5654 22.2009 39.3654 32.9041
101.3 50.6154 22.1537 39.3154 32.9513
101.4 50.6654 22.1065 39.2654 32.9985
101.5 50.7154 22.0594 39.2154 33.0456
101.6 50.7654 22.0123 39.1655 33.0927
101.7 50.8155 21.9652 39.1155 33.1398
101.8 50.8655 21.9181 39.0655 33.1869
101.9 50.9155 21.8711 39.0155 33.2339
102 50.9655 21.824 38.9655 33.281
102.1 51.0155 21.777 38.9155 33.328
102.2 51.0655 21.73 38.8655 33.375
102.3 51.1155 21.683 38.8155 33.422
102.4 51.1655 21.636 38.7656 33.469
102.5 51.2156 21.589 38.7156 33.516
102.6 51.2656 21.5421 38.6656 33.5629
102.7 51.3156 21.4952 38.6156 33.6098
102.8 51.3656 21.4483 38.5656 33.6567
102.9 51.4156 21.4014 38.5156 33.7036
103 51.4656 21.3545 38.4656 33.7505
103.1 51.5156 21.3077 38.4156 33.7973
103.2 51.5657 21.2609 38.3657 33.8441
103.3 51.6157 21.2141 38.3157 33.8909
103.4 51.6657 21.1673 38.2657 33.9377
103.5 51.7157 21.1205 38.2157 33.9845
103.6 51.7657 21.0737 38.1657 34.0313
103.7 51.8157 21.027 38.1157 34.078
103.8 51.8657 20.9803 38.0657 34.1247
103.9 51.9158 20.9336 38.0158 34.1714
104 51.9658 20.8869 37.9658 34.2181
104.1 52.0158 20.8403 37.9158 34.2647
104.2 52.0658 20.7937 37.8658 34.3113
104.3 52.1158 20.7471 37.8158 34.3579
104.4 52.1658 20.7005 37.7658 34.4045
104.5 52.2158 20.6539 37.7159 34.4511
104.6 52.2659 20.6074 37.6659 34.4976
104.7 52.3159 20.5608 37.6159 34.5442
104.8 52.3659 20.5143 37.5659 34.5907
104.9 52.4159 20.4678 37.5159 34.6372
105 52.4659 20.4214 37.4659 34.6836
105.1 52.5159 20.3749 37.416 34.7301
105.2 52.566 20.3285 37.366 34.7765
105.3 52.616 20.2821 37.316 34.8229
105.4 52.666 20.2358 37.266 34.8692
105.5 52.716 20.1894 37.216 34.9156
105.6 52.766 20.1431 37.166 34.9619
105.7 52.816 20.0968 37.116 35.0082
105.8 52.8661 20.0505 37.0661 35.0545
105.9 52.9161 20.0042 37.0161 35.1008
106 52.9661 19.958 36.9661 35.147
106.1 53.0161 19.9118 36.9161 35.1932
106.2 53.0661 19.8656 36.8661 35.2394
106.3 53.1161 19.8194 36.8162 35.2856
106.4 53.1662 19.7733 36.7662 35.3317
106.5 53.2162 19.7272 36.7162 35.3778
106.6 53.2662 19.6811 36.6662 35.4239
106.7 53.3162 19.635 36.6162 35.47
106.8 53.3662 19.589 36.5662 35.516
106.9 53.4162 19.5429 36.5163 35.5621
107 53.4663 19.4969 36.4663 35.6081
107.1 53.5163 19.451 36.4163 35.654
107.2 53.5663 19.405 36.3663 35.7
107.3 53.6163 19.3591 36.3163 35.7459
107.4 53.6663 19.3132 36.2663 35.7918
107.5 53.7164 19.2673 36.2164 35.8377
107.6 53.7664 19.2215 36.1664 35.8835
107.7 53.8164 19.1756 36.1164 35.9294
107.8 53.8664 19.1298 36.0664 35.9752
107.9 53.9164 19.0841 36.0164 36.0209
108 53.9664 19.0383 35.9665 36.0667
108.1 54.0165 18.9926 35.9165 36.1124
108.2 54.0665 18.9469 35.8665 36.1581
108.3 54.1165 18.9012 35.8165 36.2038
108.4 54.1665 18.8556 35.7665 36.2494
108.5 54.2165 18.81 35.7166 36.295
108.6 54.2666 18.7644 35.6666 36.3406
108.7 54.3166 18.7188 35.6166 36.3862
108.8 54.3666 18.6733 35.5666 36.4317
108.9 54.4166 18.6278 35.5166 36.4772
109 54.4666 18.5823 35.4667 36.5227
109.1 54.5167 18.5368 35.4167 36.5682
109.2 54.5667 18.4914 35.3667 36.6136
109.3 54.6167 18.446 35.3167 36.659
109.4 54.6667 18.4006 35.2667 36.7044
109.5 54.7167 18.3553 35.2168 36.7497
109.6 54.7668 18.31 35.1668 36.795
109.7 54.8168 18.2647 35.1168 36.8403
109.8 54.8668 18.2194 35.0668 36.8856
109.9 54.9168 18.1742 35.0168 36.9308
110 54.9668 18.129 34.9669 36.976
110.1 55.0169 18.0838 34.9169 37.0212
110.2 55.0669 18.0387 34.8669 37.0663
110.3 55.1169 17.9936 34.8169 37.1114
110.4 55.1669 17.9485 34.7669 37.1565
110.5 55.217 17.9034 34.717 37.2016
110.6 55.267 17.8584 34.667 37.2466
110.7 55.317 17.8134 34.617 37.2916
110.8 55.367 17.7684 34.567 37.3366
110.9 55.417 17.7235 34.5171 37.3815
111 55.4671 17.6786 34.4671 37.4264
111.1 55.5171 17.6337 34.4171 37.4713
111.2 55.5671 17.5888 34.3671 37.5162
111.3 55.6171 17.544 34.3171 37.561
111.4 55.6672 17.4992 34.2672 37.6058
111.5 55.7172 17.4545 34.2172 37.6505
111.6 55.7672 17.4097 34.1672 37.6953
111.7 55.8172 17.3651 34.1172 37.7399
111.8 55.8672 17.3204 34.0673 37.7846
111.9 55.9173 17.2758 34.0173 37.8292
112 55.9673 17.2312 33.9673 37.8738
112.1 56.0173 17.1866 33.9173 37.9184
112.2 56.0673 17.142 33.8673 37.963
112.3 56.1174 17.0975 33.8174 38.0075
112.4 56.1674 17.0531 33.7674 38.0519
112.5 56.2174 17.0086 33.7174 38.0964
112.6 56.2674 16.9642 33.6674 38.1408
112.7 56.3175 16.9198 33.6175 38.1852
112.8 56.3675 16.8755 33.5675 38.2295
112.9 56.4175 16.8312 33.5175 38.2738
113 56.4675 16.7869 33.4675 38.3181
113.1 56.5175 16.7426 33.4176 38.3624
113.2 56.5676 16.6984 33.3676 38.4066
113.3 56.6176 16.6542 33.3176 38.4508
113.4 56.6676 16.6101 33.2676 38.4949
113.5 56.7176 16.566 33.2177 38.539
113.6 56.7677 16.5219 33.1677 38.5831
113.7 56.8177 16.4778 33.1177 38.6272
113.8 56.8677 16.4338 33.0677 38.6712
113.9 56.9177 16.3898 33.0178 38.7152
114 56.9678 16.3459 32.9678 38.7591
114.1 57.0178 16.302 32.9178 38.803
114.2 57.0678 16.2581 32.8678 38.8469
114.3 57.1178 16.2143 32.8179 38.8907
114.4 57.1679 16.1704 32.7679 38.9346
114.5 57.2179 16.1267 32.7179 38.9783
114.6 57.2679 16.0829 32.6679 39.0221
114.7 57.3179 16.0392 32.618 39.0658
114.8 57.368 15.9955 32.568 39.1095
114.9 57.418 15.9519 32.518 39.1531
115 57.468 15.9083 32.468 39.1967
115.1 57.518 15.8647 32.4181 39.2403
115.2 57.5681 15.8212 32.3681 39.2838
115.3 57.6181 15.7777 32.3181 39.3273
115.4 57.6681 15.7343 32.2681 39.3707
115.5 57.7182 15.6908 32.2182 39.4142
115.6 57.7682 15.6475 32.1682 39.4575
115.7 57.8182 15.6041 32.1182 39.5009
115.8 57.8682 15.5608 32.0683 39.5442
115.9 57.9183 15.5175 32.0183 39.5875
116 57.9683 15.4743 31.9683 39.6307
116.1 58.0183 15.4311 31.9183 39.6739
116.2 58.0683 15.3879 31.8684 39.7171
116.3 58.1184 15.3448 31.8184 39.7602
116.4 58.1684 15.3017 31.7684 39.8033
116.5 58.2184 15.2586 31.7184 39.8464
116.6 58.2685 15.2156 31.6685 39.8894
116.7 58.3185 15.1726 31.6185 39.9324
116.8 58.3685 15.1297 31.5685 39.9753
116.9 58.4185 15.0868 31.5186 40.0182
117 58.4686 15.0439 31.4686 40.0611
117.1 58.5186 15.0011 31.4186 40.1039
117.2 58.5686 14.9583 31.3686 40.1467
117.3 58.6186 14.9156 31.3187 40.1894
117.4 58.6687 14.8728 31.2687 40.2322
117.5 58.7187 14.8302 31.2187 40.2748
117.6 58.7687 14.7875 31.1687 40.3175
117.7 58.8188 14.7449 31.1188 40.3601
117.8 58.8688 14.7024 31.0688 40.4026
117.9 58.9188 14.6599 31.0188 40.4451
118 58.9688 14.6174 30.9689 40.4876
118.1 59.0189 14.5749 30.9189 40.5301
118.2 59.0689 14.5325 30.8689 40.5725
118.3 59.1189 14.4902 30.819 40.6148
118.4 59.169 14.4479 30.769 40.6571
118.5 59.219 14.4056 30.719 40.6994
118.6 59.269 14.3633 30.669 40.7417
118.7 59.3191 14.3211 30.6191 40.7839
118.8 59.3691 14.279 30.5691 40.826
118.9 59.4191 14.2369 30.5191 40.8681
119 59.4691 14.1948 30.4692 40.9102
119.1 59.5192 14.1527 30.4192 40.9523
119.2 59.5692 14.1107 30.3692 40.9943
119.3 59.6192 14.0688 30.3192 41.0362
119.4 59.6693 14.0269 30.2693 41.0781
119.5 59.7193 13.985 30.2193 41.12
119.6 59.7693 13.9432 30.1693 41.1618
119.7 59.8194 13.9014 30.1194 41.2036
119.8 59.8694 13.8596 30.0694 41.2454
119.9 59.9194 13.8179 30.0194 41.2871
120 59.9694 13.7762 29.9695 41.3287
120.1 60.0195 13.7346 29.9195 41.3704
120.2 60.0695 13.693 29.8695 41.412
120.3 60.1195 13.6515 29.8196 41.4535
120.4 60.1696 13.61 29.7696 41.495
120.5 60.2196 13.5685 29.7196 41.5365
120.6 60.2696 13.5271 29.6696 41.5779
120.7 60.3197 13.4858 29.6197 41.6192
120.8 60.3697 13.4444 29.5697 41.6606
120.9 60.4197 13.4032 29.5197 41.7018
121 60.4698 13.3619 29.4698 41.7431
121.1 60.5198 13.3207 29.4198 41.7843
121.2 60.5698 13.2796 29.3698 41.8254
121.3 60.6199 13.2384 29.3199 41.8666
121.4 60.6699 13.1974 29.2699 41.9076
121.5 60.7199 13.1564 29.2199 41.9486
121.6 60.7699 13.1154 29.17 41.9896
121.7 60.82 13.0744 29.12 42.0306
121.8 60.87 13.0336 29.07 42.0714
121.9 60.92 12.9927 29.0201 42.1123
122 60.9701 12.9519 28.9701 42.1531
122.1 61.0201 12.9111 28.9201 42.1939
122.2 61.0701 12.8704 28.8702 42.2346
122.3 61.1202 12.8298 28.8202 42.2752
122.4 61.1702 12.7891 28.7702 42.3159
122.5 61.2202 12.7486 28.7203 42.3564
122.6 61.2703 12.708 28.6703 42.397
122.7 61.3203 12.6675 28.6203 42.4375
122.8 61.3703 12.6271 28.5704 42.4779
122.9 61.4204 12.5867 28.5204 42.5183
123 61.4704 12.5463 28.4704 42.5587
123.1 61.5204 12.506 28.4205 42.599
123.2 61.5705 12.4658 28.3705 42.6392
123.3 61.6205 12.4255 28.3205 42.6795
123.4 61.6705 12.3854 28.2706 42.7196
123.5 61.7206 12.3453 28.2206 42.7597
123.6 61.7706 12.3052 28.1706 42.7998
123.7 61.8206 12.2651 28.1207 42.8399
123.8 61.8707 12.2252 28.0707 42.8798
123.9 61.9207 12.1852 28.0207 42.9198
124 61.9707 12.1453 27.9708 42.9597
124.1 62.0208 12.1055 27.9208 42.9995
124.2 62.0708 12.0657 27.8708 43.0393
124.3 62.1209 12.0259 27.8209 43.0791
124.4 62.1709 11.9862 27.7709 43.1188
124.5 62.2209 11.9466 27.7209 43.1584
124.6 62.271 11.907 27.671 43.198
124.7 62.321 11.8674 27.621 43.2376
124.8 62.371 11.8279 27.571 43.2771
124.9 62.4211 11.7885 27.5211 43.3165
125 62.4711 11.749 27.4711 43.356
125.1 62.5211 11.7097 27.4212 43.3953
125.2 62.5712 11.6703 27.3712 43.4347
125.3 62.6212 11.6311 27.3212 43.4739
125.4 62.6712 11.5919 27.2713 43.5131
125.5 62.7213 11.5527 27.2213 43.5523
125.6 62.7713 11.5136 27.1713 43.5914
125.7 62.8213 11.4745 27.1214 43.6305
125.8 62.8714 11.4355 27.0714 43.6695
125.9 62.9214 11.3965 27.0214 43.7085
126 62.9715 11.3575 26.9715 43.7475
126.1 63.0215 11.3187 26.9215 43.7863
126.2 63.0715 11.2798 26.8715 43.8252
126.3 63.1216 11.2411 26.8216 43.8639
126.4 63.1716 11.2023 26.7716 43.9027
126.5 63.2216 11.1636 26.7217 43.9414
126.6 63.2717 11.125 26.6717 43.98
126.7 63.3217 11.0864 26.6217 44.0186
126.8 63.3717 11.0479 26.5718 44.0571
126.9 63.4218 11.0094 26.5218 44.0956
127 63.4718 10.971 26.4718 44.134
127.1 63.5219 10.9326 26.4219 44.1724
127.2 63.5719 10.8943 26.3719 44.2107
127.3 63.6219 10.856 26.322 44.249
127.4 63.672 10.8178 26.272 44.2872
127.5 63.722 10.7796 26.222 44.3254
127.6 63.772 10.7415 26.1721 44.3635
127.7 63.8221 10.7034 26.1221 44.4016
127.8 63.8721 10.6654 26.0721 44.4396
127.9 63.9222 10.6274 26.0222 44.4776
128 63.9722 10.5895 25.9722 44.5155
128.1 64.0222 10.5516 25.9223 44.5534
128.2 64.0723 10.5138 25.8723 44.5912
128.3 64.1223 10.476 25.8223 44.629
128.4 64.1723 10.4383 25.7724 44.6667
128.5 64.2224 10.4007 25.7224 44.7043
128.6 64.2724 10.3631 25.6724 44.7419
128.7 64.3225 10.3255 25.6225 44.7795
128.8 64.3725 10.288 25.5725 44.817
128.9 64.4225 10.2505 25.5226 44.8545
129 64.4726 10.2131 25.4726 44.8919
129.1 64.5226 10.1758 25.4226 44.9292
129.2 64.5727 10.1385 25.3727 44.9665
129.3 64.6227 10.1013 25.3227 45.0037
129.4 64.6727 10.0641 25.2728 45.0409
129.5 64.7228 10.027 25.2228 45.078
129.6 64.7728 9.98988 25.1728 45.1151
129.7 64.8229 9.95285 25.1229 45.1522
129.8 64.8729 9.91588 25.0729 45.1891
129.9 64.9229 9.87896 25.023 45.226
130 64.973 9.84209 24.973 45.2629
130.1 65.023 9.80528 24.923 45.2997
130.2 65.073 9.76853 24.8731 45.3365
130.3 65.1231 9.73182 24.8231 45.3732
130.4 65.1731 9.69518 24.7731 45.4098
130.5 65.2232 9.65858 24.7232 45.4464
130.6 65.2732 9.62204 24.6732 45.483
130.7 65.3232 9.58556 24.6233 45.5194
130.8 65.3733 9.54913 24.5733 45.5559
130.9 65.4233 9.51275 24.5233 45.5922
131 65.4734 9.47643 24.4734 45.6286
131.1 65.5234 9.44017 24.4234 45.6648
131.2 65.5734 9.40396 24.3735 45.701
131.3 65.6235 9.3678 24.3235 45.7372
131.4 65.6735 9.3317 24.2736 45.7733
131.5 65.7236 9.29566 24.2236 45.8093
131.6 65.7736 9.25967 24.1736 45.8453
131.7 65.8237 9.22374 24.1237 45.8813
131.8 65.8737 9.18786 24.0737 45.9171
131.9 65.9237 9.15204 24.0238 45.953
132 65.9738 9.11628 23.9738 45.9887
132.1 66.0238 9.08057 23.9238 46.0244
132.2 66.0739 9.04492 23.8739 46.0601
132.3 66.1239 9.00932 23.8239 46.0957
132.4 66.1739 8.97378 23.774 46.1312
132.5 66.224 8.9383 23.724 46.1667
132.6 66.274 8.90287 23.674 46.2021
132.7 66.3241 8.86751 23.6241 46.2375
132.8 66.3741 8.83219 23.5741 46.2728
132.9 66.4241 8.79694 23.5242 46.3081
133 66.4742 8.76174 23.4742 46.3433
133.1 66.5242 8.7266 23.4243 46.3784
133.2 66.5743 8.69152 23.3743 46.4135
133.3 66.6243 8.65649 23.3243 46.4485
133.4 66.6744 8.62152 23.2744 46.4835
133.5 66.7244 8.58661 23.2244 46.5184
133.6 66.7744 8.55176 23.1745 46.5532
133.7 66.8245 8.51696 23.1245 46.588
133.8 66.8745 8.48223 23.0746 46.6228
133.9 66.9246 8.44755 23.0246 46.6575
134 66.9746 8.41293 22.9746 46.6921
134.1 67.0247 8.37836 22.9247 46.7266
134.2 67.0747 8.34386 22.8747 46.7611
134.3 67.1247 8.30941 22.8248 46.7956
134.4 67.1748 8.27503 22.7748 46.83
134.5 67.2248 8.2407 22.7249 46.8643
134.6 67.2749 8.20643 22.6749 46.8986
134.7 67.3249 8.17222 22.6249 46.9328
134.8 67.375 8.13807 22.575 46.9669
134.9 67.425 8.10397 22.525 47.001
135 67.475 8.06994 22.4751 47.0351
135.1 67.5251 8.03597 22.4251 47.069
135.2 67.5751 8.00205 22.3752 47.1029
135.3 67.6252 7.9682 22.3252 47.1368
135.4 67.6752 7.9344 22.2752 47.1706
135.5 67.7253 7.90067 22.2253 47.2043
135.6 67.7753 7.86699 22.1753 47.238
135.7 67.8254 7.83338 22.1254 47.2716
135.8 67.8754 7.79982 22.0754 47.3052
135.9 67.9254 7.76633 22.0255 47.3387
136 67.9755 7.73289 21.9755 47.3721
136.1 68.0255 7.69952 21.9256 47.4055
136.2 68.0756 7.6662 21.8756 47.4388
136.3 68.1256 7.63295 21.8256 47.4721
136.4 68.1757 7.59975 21.7757 47.5052
136.5 68.2257 7.56662 21.7257 47.5384
136.6 68.2758 7.53355 21.6758 47.5714
136.7 68.3258 7.50054 21.6258 47.6045
136.8 68.3758 7.46759 21.5759 47.6374
136.9 68.4259 7.4347 21.5259 47.6703
137 68.4759 7.40188 21.476 47.7031
137.1 68.526 7.36911 21.426 47.7359
137.2 68.576 7.33641 21.376 47.7686
137.3 68.6261 7.30377 21.3261 47.8012
137.4 68.6761 7.27119 21.2761 47.8338
137.5 68.7262 7.23867 21.2262 47.8663
137.6 68.7762 7.20621 21.1762 47.8988
137.7 68.8262 7.17381 21.1263 47.9312
137.8 68.8763 7.14148 21.0763 47.9635
137.9 68.9263 7.10921 21.0264 47.9958
138 68.9764 7.077 20.9764 48.028
138.1 69.0264 7.04486 20.9265 48.0601
138.2 69.0765 7.01277 20.8765 48.0922
138.3 69.1265 6.98075 20.8265 48.1242
138.4 69.1766 6.94879 20.7766 48.1562
138.5 69.2266 6.9169 20.7266 48.1881
138.6 69.2767 6.88506 20.6767 48.2199
138.7 69.3267 6.85329 20.6267 48.2517
138.8 69.3768 6.82159 20.5768 48.2834
138.9 69.4268 6.78994 20.5268 48.3151
139 69.4768 6.75836 20.4769 48.3466
139.1 69.5269 6.72685 20.4269 48.3782
139.2 69.5769 6.69539 20.377 48.4096
139.3 69.627 6.664 20.327 48.441
139.4 69.677 6.63268 20.2771 48.4723
139.5 69.7271 6.60141 20.2271 48.5036
139.6 69.7771 6.57022 20.1771 48.5348
139.7 69.8272 6.53908 20.1272 48.5659
139.8 69.8772 6.50801 20.0772 48.597
139.9 69.9273 6.477 20.0273 48.628
140 69.9773 6.44606 19.9773 48.6589
140.1 70.0274 6.41518 19.9274 48.6898
140.2 70.0774 6.38437 19.8774 48.7206
140.3 70.1275 6.35362 19.8275 48.7514
140.4 70.1775 6.32293 19.7775 48.7821
140.5 70.2276 6.29231 19.7276 48.8127
140.6 70.2776 6.26176 19.6776 48.8432
140.7 70.3276 6.23127 19.6277 48.8737
140.8 70.3777 6.20084 19.5777 48.9042
140.9 70.4277 6.17048 19.5278 48.9345
141 70.4778 6.14019 19.4778 48.9648
141.1 70.5278 6.10996 19.4279 48.995
141.2 70.5779 6.07979 19.3779 49.0252
141.3 70.6279 6.04969 19.328 49.0553
141.4 70.678 6.01966 19.278 49.0853
141.5 70.728 5.98969 19.2281 49.1153
141.6 70.7781 5.95979 19.1781 49.1452
141.7 70.8281 5.92995 19.1281 49.1751
141.8 70.8782 5.90018 19.0782 49.2048
141.9 70.9282 5.87047 19.0282 49.2345
142 70.9783 5.84083 18.9783 49.2642
142.1 71.0283 5.81126 18.9283 49.2937
142.2 71.0784 5.78175 18.8784 49.3232
142.3 71.1284 5.75231 18.8284 49.3527
142.4 71.1785 5.72294 18.7785 49.3821
142.5 71.2285 5.69363 18.7285 49.4114
142.6 71.2786 5.66439 18.6786 49.4406
142.7 71.3286 5.63522 18.6286 49.4698
142.8 71.3787 5.60611 18.5787 49.4989
142.9 71.4287 5.57707 18.5287 49.5279
143 71.4788 5.5481 18.4788 49.5569
143.1 71.5288 5.51919 18.4288 49.5858
143.2 71.5789 5.49035 18.3789 49.6147
143.3 71.6289 5.46158 18.3289 49.6434
143.4 71.679 5.43287 18.279 49.6721
143.5 71.729 5.40423 18.229 49.7008
143.6 71.7791 5.37566 18.1791 49.7293
143.7 71.8291 5.34716 18.1291 49.7578
143.8 71.8792 5.31873 18.0792 49.7863
143.9 71.9292 5.29036 18.0292 49.8146
144 71.9793 5.26206 17.9793 49.8429
144.1 72.0293 5.23383 17.9293 49.8712
144.2 72.0794 5.20566 17.8794 49.8993
144.3 72.1294 5.17757 17.8294 49.9274
144.4 72.1795 5.14954 17.7795 49.9555
144.5 72.2295 5.12158 17.7295 49.9834
144.6 72.2796 5.09369 17.6796 50.0113
144.7 72.3296 5.06587 17.6296 50.0391
144.8 72.3797 5.03812 17.5797 50.0669
144.9 72.4297 5.01043 17.5297 50.0946
145 72.4798 4.98281 17.4798 50.1222
145.1 72.5298 4.95527 17.4298 50.1497
145.2 72.5799 4.92779 17.3799 50.1772
145.3 72.6299 4.90038 17.3299 50.2046
145.4 72.68 4.87304 17.28 50.232
145.5 72.73 4.84576 17.23 50.2592
145.6 72.7801 4.81856 17.1801 50.2864
145.7 72.8301 4.79143 17.1301 50.3136
145.8 72.8802 4.76436 17.0802 50.3406
145.9 72.9302 4.73737 17.0302 50.3676
146 72.9803 4.71044 16.9803 50.3946
146.1 73.0303 4.68359 16.9303 50.4214
146.2 73.0804 4.6568 16.8804 50.4482
146.3 73.1304 4.63008 16.8304 50.4749
146.4 73.1805 4.60344 16.7805 50.5016
146.5 73.2305 4.57686 16.7305 50.5281
146.6 73.2806 4.55035 16.6806 50.5546
146.7 73.3306 4.52392 16.6306 50.5811
146.8 73.3807 4.49755 16.5807 50.6074
146.9 73.4307 4.47126 16.5307 50.6337
147 73.4808 4.44503 16.4808 50.66
147.1 73.5308 4.41887 16.4309 50.6861
147.2 73.5809 4.39279 16.3809 50.7122
147.3 73.6309 4.36677 16.331 50.7382
147.4 73.681 4.34083 16.281 50.7642
147.5 73.731 4.31496 16.2311 50.79
147.6 73.7811 4.28915 16.1811 50.8158
147.7 73.8311 4.26342 16.1312 50.8416
147.8 73.8812 4.23776 16.0812 50.8672
147.9 73.9312 4.21217 16.0313 50.8928
148 73.9813 4.18665 15.9813 50.9183
148.1 74.0314 4.16121 15.9314 50.9438
148.2 74.0814 4.13583 15.8814 50.9692
148.3 74.1315 4.11053 15.8315 50.9945
148.4 74.1815 4.08529 15.7815 51.0197
148.5 74.2316 4.06013 15.7316 51.0449
148.6 74.2816 4.03504 15.6816 51.07
148.7 74.3317 4.01002 15.6317 51.095
148.8 74.3817 3.98508 15.5817 51.1199
148.9 74.4318 3.9602 15.5318 51.1448
149 74.4818 3.9354 15.4818 51.1696
149.1 74.5319 3.91067 15.4319 51.1943
149.2 74.5819 3.88601 15.3819 51.219
149.3 74.632 3.86142 15.332 51.2436
149.4 74.682 3.83691 15.2821 51.2681
149.5 74.7321 3.81246 15.2321 51.2925
149.6 74.7821 3.78809 15.1822 51.3169
149.7 74.8322 3.76379 15.1322 51.3412
149.8 74.8822 3.73957 15.0823 51.3654
149.9 74.9323 3.71542 15.0323 51.3896
150 74.9824 3.69134 14.9824 51.4137
150.1 75.0324 3.66733 14.9324 51.4377
150.2 75.0825 3.64339 14.8825 51.4616
150.3 75.1325 3.61953 14.8325 51.4855
150.4 75.1826 3.59574 14.7826 51.5093
150.5 75.2326 3.57202 14.7326 51.533
150.6 75.2827 3.54838 14.6827 51.5566
150.7 75.3327 3.52481 14.6327 51.5802
150.8 75.3828 3.50131 14.5828 51.6037
150.9 75.4328 3.47789 14.5329 51.6271
151 75.4829 3.45454 14.4829 51.6505
151.1 75.5329 3.43126 14.433 51.6737
151.2 75.583 3.40806 14.383 51.6969
151.3 75.6331 3.38493 14.3331 51.7201
151.4 75.6831 3.36187 14.2831 51.7431
151.5 75.7332 3.33889 14.2332 51.7661
151.6 75.7832 3.31598 14.1832 51.789
151.7 75.8333 3.29315 14.1333 51.8119
151.8 75.8833 3.27039 14.0833 51.8346
151.9 75.9334 3.2477 14.0334 51.8573
152 75.9834 3.22509 13.9834 51.8799
152.1 76.0335 3.20255 13.9335 51.9025
152.2 76.0835 3.18008 13.8836 51.9249
152.3 76.1336 3.15769 13.8336 51.9473
152.4 76.1836 3.13538 13.7837 51.9696
152.5 76.2337 3.11313 13.7337 51.9919
152.6 76.2838 3.09097 13.6838 52.014
152.7 76.3338 3.06887 13.6338 52.0361
152.8 76.3839 3.04686 13.5839 52.0581
152.9 76.4339 3.02491 13.5339 52.0801
153 76.484 3.00304 13.484 52.102
153.1 76.534 2.98125 13.434 52.1238
153.2 76.5841 2.95953 13.3841 52.1455
153.3 76.6341 2.93788 13.3342 52.1671
153.4 76.6842 2.91632 13.2842 52.1887
153.5 76.7343 2.89482 13.2343 52.2102
153.6 76.7843 2.8734 13.1843 52.2316
153.7 76.8344 2.85206 13.1344 52.2529
153.8 76.8844 2.83079 13.0844 52.2742
153.9 76.9345 2.8096 13.0345 52.2954
154 76.9845 2.78848 12.9845 52.3165
154.1 77.0346 2.76743 12.9346 52.3376
154.2 77.0846 2.74647 12.8847 52.3585
154.3 77.1347 2.72558 12.8347 52.3794
154.4 77.1848 2.70476 12.7848 52.4002
154.5 77.2348 2.68402 12.7348 52.421
154.6 77.2849 2.66335 12.6849 52.4416
154.7 77.3349 2.64277 12.6349 52.4622
154.8 77.385 2.62225 12.585 52.4827
154.9 77.435 2.60182 12.535 52.5032
155 77.4851 2.58145 12.4851 52.5235
155.1 77.5351 2.56117 12.4352 52.5438
155.2 77.5852 2.54096 12.3852 52.564
155.3 77.6353 2.52083 12.3353 52.5842
155.4 77.6853 2.50077 12.2853 52.6042
155.5 77.7354 2.48079 12.2354 52.6242
155.6 77.7854 2.46089 12.1854 52.6441
155.7 77.8355 2.44106 12.1355 52.6639
155.8 77.8855 2.42131 12.0855 52.6837
155.9 77.9356 2.40164 12.0356 52.7034
156 77.9856 2.38204 11.9857 52.723
156.1 78.0357 2.36252 11.9357 52.7425
156.2 78.0858 2.34307 11.8858 52.7619
156.3 78.1358 2.32371 11.8358 52.7813
156.4 78.1859 2.30442 11.7859 52.8006
156.5 78.2359 2.2852 11.7359 52.8198
156.6 78.286 2.26607 11.686 52.8389
156.7 78.336 2.24701 11.6361 52.858
156.8 78.3861 2.22802 11.5861 52.877
156.9 78.4362 2.20912 11.5362 52.8959
157 78.4862 2.19029 11.4862 52.9147
157.1 78.5363 2.17154 11.4363 52.9335
157.2 78.5863 2.15287 11.3863 52.9521
157.3 78.6364 2.13427 11.3364 52.9707
157.4 78.6864 2.11575 11.2865 52.9892
157.5 78.7365 2.09731 11.2365 53.0077
157.6 78.7866 2.07895 11.1866 53.0261
157.7 78.8366 2.06066 11.1366 53.0443
157.8 78.8867 2.04245 11.0867 53.0625
157.9 78.9367 2.02432 11.0367 53.0807
158 78.9868 2.00627 10.9868 53.0987
158.1 79.0368 1.98829 10.9369 53.1167
158.2 79.0869 1.97039 10.8869 53.1346
158.3 79.137 1.95257 10.837 53.1524
158.4 79.187 1.93483 10.787 53.1702
158.5 79.2371 1.91717 10.7371 53.1878
158.6 79.2871 1.89958 10.6871 53.2054
158.7 79.3372 1.88208 10.6372 53.2229
158.8 79.3872 1.86465 10.5873 53.2404
158.9 79.4373 1.8473 10.5373 53.2577
159 79.4874 1.83003 10.4874 53.275
159.1 79.5374 1.81283 10.4374 53.2922
159.2 79.5875 1.79572 10.3875 53.3093
159.3 79.6375 1.77868 10.3375 53.3263
159.4 79.6876 1.76172 10.2876 53.3433
159.5 79.7376 1.74484 10.2377 53.3602
159.6 79.7877 1.72804 10.1877 53.377
159.7 79.8378 1.71132 10.1378 53.3937
159.8 79.8878 1.69467 10.0878 53.4103
159.9 79.9379 1.67811 10.0379 53.4269
160 79.9879 1.66162 9.98794 53.4434
160.1 80.038 1.64521 9.938 53.4598
160.2 80.088 1.62888 9.88806 53.4761
160.3 80.1381 1.61263 9.83812 53.4924
160.4 80.1882 1.59646 9.78817 53.5085
160.5 80.2382 1.58037 9.73823 53.5246
160.6 80.2883 1.56436 9.68829 53.5406
160.7 80.3383 1.54842 9.63835 53.5566
160.8 80.3884 1.53257 9.58841 53.5724
160.9 80.4385 1.5168 9.53846 53.5882
161 80.4885 1.5011 9.48852 53.6039
161.1 80.5386 1.48548 9.43858 53.6195
161.2 80.5886 1.46995 9.38864 53.6351
161.3 80.6387 1.45449 9.3387 53.6505
161.4 80.6887 1.43911 9.28876 53.6659
161.5 80.7388 1.42381 9.23881 53.6812
161.6 80.7889 1.40859 9.18887 53.6964
161.7 80.8389 1.39345 9.13893 53.7115
161.8 80.889 1.3784 9.08899 53.7266
161.9 80.939 1.36342 9.03905 53.7416
162 80.9891 1.34852 8.98911 53.7565
162.1 81.0392 1.3337 8.93916 53.7713
162.2 81.0892 1.31895 8.88922 53.786
162.3 81.1393 1.30429 8.83928 53.8007
162.4 81.1893 1.28971 8.78934 53.8153
162.5 81.2394 1.27521 8.7394 53.8298
162.6 81.2894 1.26079 8.68946 53.8442
162.7 81.3395 1.24645 8.63952 53.8585
162.8 81.3896 1.23219 8.58958 53.8728
162.9 81.4396 1.21801 8.53963 53.887
163 81.4897 1.20391 8.48969 53.9011
163.1 81.5397 1.18989 8.43975 53.9151
163.2 81.5898 1.17595 8.38981 53.929
163.3 81.6399 1.1621 8.33987 53.9429
163.4 81.6899 1.14832 8.28993 53.9567
163.5 81.74 1.13462 8.23999 53.9704
163.6 81.79 1.121 8.19005 53.984
163.7 81.8401 1.10746 8.14011 53.9975
163.8 81.8902 1.09401 8.09016 54.011
163.9 81.9402 1.08063 8.04022 54.0244
164 81.9903 1.06734 7.99028 54.0377
164.1 82.0403 1.05412 7.94034 54.0509
164.2 82.0904 1.04099 7.8904 54.064
164.3 82.1404 1.02794 7.84046 54.0771
164.4 82.1905 1.01496 7.79052 54.09
164.5 82.2406 1.00207 7.74058 54.1029
164.6 82.2906 0.989261 7.69064 54.1157
164.7 82.3407 0.976532 7.6407 54.1285
164.8 82.3907 0.963883 7.59076 54.1411
164.9 82.4408 0.951315 7.54082 54.1537
165 82.4909 0.938829 7.49088 54.1662
165.1 82.5409 0.926423 7.44094 54.1786
165.2 82.591 0.914099 7.39099 54.1909
165.3 82.641 0.901855 7.34105 54.2031
165.4 82.6911 0.889693 7.29111 54.2153
165.5 82.7412 0.877612 7.24117 54.2274
165.6 82.7912 0.865612 7.19123 54.2394
165.7 82.8413 0.853694 7.14129 54.2513
165.8 82.8913 0.841857 7.09135 54.2631
165.9 82.9414 0.830101 7.04141 54.2749
166 82.9915 0.818427 6.99147 54.2866
166.1 83.0415 0.806834 6.94153 54.2982
166.2 83.0916 0.795323 6.89159 54.3097
166.3 83.1416 0.783893 6.84165 54.3211
166.4 83.1917 0.772545 6.79171 54.3325
166.5 83.2418 0.761278 6.74177 54.3437
166.6 83.2918 0.750093 6.69183 54.3549
166.7 83.3419 0.738989 6.64189 54.366
166.8 83.3919 0.727967 6.59195 54.377
166.9 83.442 0.717027 6.54201 54.388
167 83.4921 0.706169 6.49207 54.3988
167.1 83.5421 0.695392 6.44213 54.4096
167.2 83.5922 0.684697 6.39219 54.4203
167.3 83.6422 0.674084 6.34225 54.4309
167.4 83.6923 0.663553 6.29231 54.4414
167.5 83.7424 0.653104 6.24237 54.4519
167.6 83.7924 0.642737 6.19243 54.4623
167.7 83.8425 0.632452 6.14249 54.4725
167.8 83.8925 0.622249 6.09255 54.4828
167.9 83.9426 0.612127 6.04261 54.4929
168 83.9927 0.602088 5.99267 54.5029
168.1 84.0427 0.592131 5.94273 54.5129
168.2 84.0928 0.582256 5.89279 54.5227
168.3 84.1428 0.572464 5.84285 54.5325
168.4 84.1929 0.562753 5.79291 54.5422
168.5 84.243 0.553125 5.74297 54.5519
168.6 84.293 0.543578 5.69303 54.5614
168.7 84.3431 0.534115 5.64309 54.5709
168.8 84.3931 0.524733 5.59315 54.5803
168.9 84.4432 0.515434 5.54321 54.5896
169 84.4933 0.506217 5.49327 54.5988
169.1 84.5433 0.497083 5.44333 54.6079
169.2 84.5934 0.488031 5.39339 54.617
169.3 84.6434 0.479061 5.34345 54.6259
169.4 84.6935 0.470174 5.29352 54.6348
169.5 84.7436 0.461369 5.24358 54.6436
169.6 84.7936 0.452647 5.19364 54.6524
169.7 84.8437 0.444007 5.1437 54.661
169.8 84.8937 0.435451 5.09376 54.6695
169.9 84.9438 0.426976 5.04382 54.678
170 84.9939 0.418584 4.99388 54.6864
170.1 85.0439 0.410275 4.94394 54.6947
170.2 85.094 0.402049 4.894 54.703
170.3 85.1441 0.393905 4.84406 54.7111
170.4 85.1941 0.385844 4.79412 54.7192
170.5 85.2442 0.377866 4.74418 54.7271
170.6 85.2942 0.369971 4.69424 54.735
170.7 85.3443 0.362158 4.6443 54.7428
170.8 85.3944 0.354428 4.59436 54.7506
170.9 85.4444 0.346781 4.54442 54.7582
171 85.4945 0.339217 4.49449 54.7658
171.1 85.5445 0.331736 4.44455 54.7733
171.2 85.5946 0.324338 4.39461 54.7807
171.3 85.6447 0.317022 4.34467 54.788
171.4 85.6947 0.30979 4.29473 54.7952
171.5 85.7448 0.30264 4.24479 54.8024
171.6 85.7948 0.295574 4.19485 54.8094
171.7 85.8449 0.288591 4.14491 54.8164
171.8 85.895 0.28169 4.09497 54.8233
171.9 85.945 0.274873 4.04503 54.8301
172 85.9951 0.268139 3.99509 54.8369
172.1 86.0451 0.261488 3.94515 54.8435
172.2 86.0952 0.25492 3.89522 54.8501
172.3 86.1453 0.248435 3.84528 54.8566
172.4 86.1953 0.242034 3.79534 54.863
172.5 86.2454 0.235715 3.7454 54.8693
172.6 86.2955 0.22948 3.69546 54.8755
172.7 86.3455 0.223328 3.64552 54.8817
172.8 86.3956 0.21726 3.59558 54.8877
172.9 86.4456 0.211274 3.54564 54.8937
173 86.4957 0.205372 3.4957 54.8996
173.1 86.5458 0.199553 3.44576 54.9054
173.2 86.5958 0.193818 3.39583 54.9112
173.3 86.6459 0.188166 3.34589 54.9168
173.4 86.6959 0.182597 3.29595 54.9224
173.5 86.746 0.177111 3.24601 54.9279
173.6 86.7961 0.171709 3.19607 54.9333
173.7 86.8461 0.166391 3.14613 54.9386
173.8 86.8962 0.161156 3.09619 54.9438
173.9 86.9462 0.156004 3.04625 54.949
174 86.9963 0.150935 2.99632 54.9541
174.1 87.0464 0.145951 2.94638 54.959
174.2 87.0964 0.141049 2.89644 54.964
174.3 87.1465 0.136231 2.8465 54.9688
174.4 87.1966 0.131497 2.79656 54.9735
174.5 87.2466 0.126846 2.74662 54.9782
174.6 87.2967 0.122279 2.69668 54.9827
174.7 87.3467 0.117795 2.64674 54.9872
174.8 87.3968 0.113395 2.59681 54.9916
174.9 87.4469 0.109079 2.54687 54.9959
175 87.4969 0.104846 2.49693 55.0002
175.1 87.547 0.100696 2.44699 55.0043
175.2 87.597 0.0966305 2.39705 55.0084
175.3 87.6471 0.0926484 2.34711 55.0124
175.4 87.6972 0.08875 2.29717 55.0163
175.5 87.7472 0.0849352 2.24723 55.0201
175.6 87.7973 0.081204 2.1973 55.0238
175.7 87.8474 0.0775566 2.14736 55.0274
175.8 87.8974 0.0739929 2.09742 55.031
175.9 87.9475 0.0705128 2.04748 55.0345
176 87.9975 0.0671165 1.99754 55.0379
176.1 88.0476 0.0638039 1.9476 55.0412
176.2 88.0977 0.060575 1.89766 55.0444
176.3 88.1477 0.0574299 1.84773 55.0476
176.4 88.1978 0.0543686 1.79779 55.0506
176.5 88.2478 0.051391 1.74785 55.0536
176.6 88.2979 0.0484971 1.69791 55.0565
176.7 88.348 0.0456871 1.64797 55.0593
176.8 88.398 0.0429608 1.59803 55.062
176.9 88.4481 0.0403184 1.54809 55.0647
177 88.4982 0.0377597 1.49816 55.0672
177.1 88.5482 0.0352849 1.44822 55.0697
177.2 88.5983 0.0328939 1.39828 55.0721
177.3 88.6483 0.0305867 1.34834 55.0744
177.4 88.6984 0.0283634 1.2984 55.0766
177.5 88.7485 0.0262239 1.24846 55.0788
177.6 88.7985 0.0241682 1.19852 55.0808
177.7 88.8486 0.0221964 1.14859 55.0828
177.8 88.8986 0.0203085 1.09865 55.0847
177.9 88.9487 0.0185044 1.04871 55.0865
178 88.9988 0.0167842 0.99877 55.0882
178.1 89.0488 0.0151479 0.948831 55.0899
178.2 89.0989 0.0135955 0.898893 55.0914
178.3 89.149 0.012127 0.848954 55.0929
178.4 89.199 0.0107423 0.799016 55.0943
178.5 89.2491 0.00944155 0.749077 55.0956
178.6 89.2991 0.0082247 0.699139 55.0968
178.7 89.3492 0.00709176 0.6492 55.0979
178.8 89.3993 0.00604272 0.599262 55.099
178.9 89.4493 0.00507759 0.549323 55.0999
179 89.4994 0.00419638 0.499385 55.1008
179.1 89.5494 0.00339908 0.449446 55.1016
179.2 89.5995 0.00268571 0.399508 55.1023
179.3 89.6496 0.00205625 0.349569 55.1029
179.4 89.6996 0.00151072 0.299631 55.1035
179.5 89.7497 0.00104911 0.249692 55.104
179.6 89.7998 0.000671435 0.199754 55.1043
179.7 89.8498 0.000377683 0.149815 55.1046
179.8 89.8999 0.000167859 0.0998769 55.1048
179.9 89.9499 4.19648e-05 0.0499385 55.105
180 179.186 0 3.50404e-15 55.105
