#kinematics calculation of exex
#vertex z = 450 mm, E_reaction = 41.844 MeV
#theta_cm, theta3_lab, Ek3_lab, theta4_lab, Ek4_lab
0 0 32.3535 0 0.610459
0.1 0.0430964 32.3535 0.313961 0.610483
0.2 0.0861929 32.3534 0.627893 0.610556
0.3 0.129289 32.3533 0.941767 0.610677
0.4 0.172386 32.3532 1.25556 0.610846
0.5 0.215482 32.3529 1.56923 0.611063
0.6 0.258578 32.3527 1.88276 0.611329
0.7 0.301674 32.3524 2.19611 0.611643
0.8 0.344771 32.352 2.50927 0.612006
0.9 0.387867 32.3516 2.82219 0.612417
1 0.430963 32.3511 3.13486 0.612876
1.1 0.474059 32.3506 3.44725 0.613384
1.2 0.517154 32.3501 3.75931 0.61394
1.3 0.56025 32.3495 4.07104 0.614544
1.4 0.603345 32.3488 4.3824 0.615197
1.5 0.646441 32.3481 4.69335 0.615898
1.6 0.689536 32.3474 5.00389 0.616647
1.7 0.732631 32.3466 5.31397 0.617445
1.8 0.775726 32.3457 5.62358 0.618291
1.9 0.818821 32.3448 5.93267 0.619185
2 0.861915 32.3439 6.24124 0.620127
2.1 0.905009 32.3429 6.54924 0.621118
2.2 0.948104 32.3418 6.85667 0.622158
2.3 0.991197 32.3408 7.16348 0.623245
2.4 1.03429 32.3396 7.46965 0.624381
2.5 1.07738 32.3384 7.77517 0.625565
2.6 1.12048 32.3372 8.08 0.626798
2.7 1.16357 32.3359 8.38412 0.628078
2.8 1.20666 32.3346 8.6875 0.629407
2.9 1.24976 32.3332 8.99012 0.630785
3 1.29285 32.3318 9.29196 0.63221
3.1 1.33594 32.3303 9.593 0.633684
3.2 1.37903 32.3288 9.8932 0.635206
3.3 1.42212 32.3272 10.1926 0.636777
3.4 1.46521 32.3256 10.491 0.638396
3.5 1.5083 32.3239 10.7886 0.640063
3.6 1.55139 32.3222 11.0853 0.641778
3.7 1.59448 32.3205 11.381 0.643541
3.8 1.63757 32.3186 11.6758 0.645353
3.9 1.68066 32.3168 11.9696 0.647213
4 1.72375 32.3149 12.2624 0.649121
4.1 1.76684 32.3129 12.5541 0.651078
4.2 1.80992 32.3109 12.8449 0.653082
4.3 1.85301 32.3089 13.1346 0.655135
4.4 1.8961 32.3068 13.4232 0.657236
4.5 1.93919 32.3046 13.7107 0.659386
4.6 1.98227 32.3024 13.9971 0.661583
4.7 2.02536 32.3002 14.2823 0.663829
4.8 2.06844 32.2979 14.5665 0.666123
4.9 2.11153 32.2955 14.8494 0.668465
5 2.15461 32.2931 15.1312 0.670855
5.1 2.19769 32.2907 15.4118 0.673293
5.2 2.24078 32.2882 15.6912 0.67578
5.3 2.28386 32.2857 15.9694 0.678315
5.4 2.32694 32.2831 16.2463 0.680897
5.5 2.37002 32.2805 16.522 0.683528
5.6 2.4131 32.2778 16.7964 0.686207
5.7 2.45618 32.2751 17.0696 0.688935
5.8 2.49926 32.2723 17.3414 0.69171
5.9 2.54234 32.2695 17.612 0.694533
6 2.58542 32.2666 17.8812 0.697405
6.1 2.6285 32.2637 18.1491 0.700324
6.2 2.67158 32.2607 18.4157 0.703292
6.3 2.71465 32.2577 18.681 0.706308
6.4 2.75773 32.2546 18.9449 0.709372
6.5 2.8008 32.2515 19.2074 0.712484
6.6 2.84388 32.2484 19.4685 0.715643
6.7 2.88695 32.2451 19.7283 0.718851
6.8 2.93002 32.2419 19.9867 0.722107
6.9 2.9731 32.2386 20.2437 0.725411
7 3.01617 32.2352 20.4993 0.728763
7.1 3.05924 32.2318 20.7534 0.732163
7.2 3.10231 32.2284 21.0062 0.735611
7.3 3.14538 32.2249 21.2575 0.739107
7.4 3.18845 32.2213 21.5074 0.74265
7.5 3.23152 32.2178 21.7559 0.746242
7.6 3.27458 32.2141 22.0029 0.749882
7.7 3.31765 32.2104 22.2484 0.753569
7.8 3.36072 32.2067 22.4925 0.757305
7.9 3.40378 32.2029 22.7352 0.761088
8 3.44685 32.1991 22.9764 0.76492
8.1 3.48991 32.1952 23.2161 0.768799
8.2 3.53297 32.1913 23.4544 0.772726
8.3 3.57603 32.1873 23.6912 0.776701
8.4 3.6191 32.1833 23.9265 0.780724
8.5 3.66216 32.1792 24.1603 0.784794
8.6 3.70521 32.1751 24.3927 0.788913
8.7 3.74827 32.1709 24.6236 0.793079
8.8 3.79133 32.1667 24.853 0.797293
8.9 3.83439 32.1624 25.0809 0.801554
9 3.87744 32.1581 25.3074 0.805864
9.1 3.9205 32.1538 25.5323 0.810221
9.2 3.96355 32.1494 25.7558 0.814626
9.3 4.0066 32.1449 25.9778 0.819079
9.4 4.04966 32.1404 26.1983 0.823579
9.5 4.09271 32.1359 26.4174 0.828128
9.6 4.13576 32.1313 26.6349 0.832723
9.7 4.1788 32.1266 26.851 0.837367
9.8 4.22185 32.1219 27.0656 0.842058
9.9 4.2649 32.1172 27.2787 0.846797
10 4.30795 32.1124 27.4903 0.851583
10.1 4.35099 32.1076 27.7005 0.856417
10.2 4.39403 32.1027 27.9092 0.861299
10.3 4.43708 32.0978 28.1164 0.866228
10.4 4.48012 32.0928 28.3222 0.871205
10.5 4.52316 32.0878 28.5264 0.876229
10.6 4.5662 32.0827 28.7293 0.881301
10.7 4.60924 32.0776 28.9306 0.886421
10.8 4.65228 32.0724 29.1306 0.891588
10.9 4.69531 32.0672 29.329 0.896802
11 4.73835 32.0619 29.5261 0.902064
11.1 4.78138 32.0566 29.7216 0.907373
11.2 4.82441 32.0513 29.9158 0.91273
11.3 4.86745 32.0459 30.1085 0.918134
11.4 4.91048 32.0404 30.2997 0.923586
11.5 4.95351 32.0349 30.4896 0.929085
11.6 4.99653 32.0294 30.678 0.934631
11.7 5.03956 32.0238 30.865 0.940225
11.8 5.08259 32.0181 31.0506 0.945866
11.9 5.12561 32.0124 31.2348 0.951554
12 5.16863 32.0067 31.4176 0.95729
12.1 5.21166 32.0009 31.599 0.963073
12.2 5.25468 31.9951 31.779 0.968904
12.3 5.2977 31.9892 31.9576 0.974781
12.4 5.34072 31.9833 32.1348 0.980706
12.5 5.38373 31.9773 32.3107 0.986678
12.6 5.42675 31.9713 32.4852 0.992697
12.7 5.46976 31.9652 32.6583 0.998763
12.8 5.51278 31.9591 32.8301 1.00488
12.9 5.55579 31.953 33.0005 1.01104
13 5.5988 31.9468 33.1696 1.01725
13.1 5.64181 31.9405 33.3373 1.0235
13.2 5.68482 31.9342 33.5037 1.0298
13.3 5.72782 31.9278 33.6688 1.03615
13.4 5.77083 31.9215 33.8325 1.04255
13.5 5.81383 31.915 33.995 1.04899
13.6 5.85683 31.9085 34.1561 1.05548
13.7 5.89983 31.902 34.316 1.06202
13.8 5.94283 31.8954 34.4745 1.0686
13.9 5.98583 31.8888 34.6318 1.07523
14 6.02883 31.8821 34.7878 1.08191
14.1 6.07182 31.8754 34.9425 1.08864
14.2 6.11482 31.8686 35.096 1.09541
14.3 6.15781 31.8618 35.2481 1.10223
14.4 6.2008 31.8549 35.3991 1.10909
14.5 6.24379 31.848 35.5488 1.116
14.6 6.28678 31.841 35.6972 1.12296
14.7 6.32976 31.834 35.8445 1.12997
14.8 6.37275 31.827 35.9905 1.13702
14.9 6.41573 31.8199 36.1353 1.14412
15 6.45871 31.8127 36.2788 1.15127
15.1 6.50169 31.8055 36.4212 1.15846
15.2 6.54467 31.7983 36.5624 1.1657
15.3 6.58765 31.791 36.7024 1.17299
15.4 6.63062 31.7837 36.8412 1.18032
15.5 6.6736 31.7763 36.9789 1.1877
15.6 6.71657 31.7689 37.1153 1.19513
15.7 6.75954 31.7614 37.2506 1.2026
15.8 6.80251 31.7539 37.3848 1.21012
15.9 6.84548 31.7463 37.5178 1.21768
16 6.88844 31.7387 37.6497 1.2253
16.1 6.93141 31.731 37.7805 1.23295
16.2 6.97437 31.7233 37.9101 1.24066
16.3 7.01733 31.7156 38.0386 1.24841
16.4 7.06029 31.7078 38.166 1.25621
16.5 7.10325 31.6999 38.2923 1.26405
16.6 7.1462 31.6921 38.4175 1.27194
16.7 7.18915 31.6841 38.5416 1.27988
16.8 7.23211 31.6761 38.6647 1.28786
16.9 7.27506 31.6681 38.7867 1.29589
17 7.31801 31.66 38.9076 1.30397
17.1 7.36095 31.6519 39.0274 1.31209
17.2 7.4039 31.6437 39.1462 1.32026
17.3 7.44684 31.6355 39.264 1.32847
17.4 7.48978 31.6273 39.3807 1.33674
17.5 7.53272 31.619 39.4964 1.34504
17.6 7.57566 31.6106 39.611 1.3534
17.7 7.61859 31.6022 39.7247 1.36179
17.8 7.66153 31.5938 39.8373 1.37024
17.9 7.70446 31.5853 39.9489 1.37873
18 7.74739 31.5767 40.0596 1.38727
18.1 7.79032 31.5681 40.1692 1.39585
18.2 7.83324 31.5595 40.2779 1.40448
18.3 7.87617 31.5508 40.3856 1.41315
18.4 7.91909 31.5421 40.4923 1.42188
18.5 7.96201 31.5334 40.5981 1.43064
18.6 8.00493 31.5245 40.7029 1.43945
18.7 8.04785 31.5157 40.8067 1.44831
18.8 8.09076 31.5068 40.9097 1.45722
18.9 8.13367 31.4978 41.0117 1.46617
19 8.17659 31.4888 41.1127 1.47516
19.1 8.21949 31.4798 41.2129 1.4842
19.2 8.2624 31.4707 41.3121 1.49329
19.3 8.30531 31.4616 41.4104 1.50242
19.4 8.34821 31.4524 41.5078 1.5116
19.5 8.39111 31.4432 41.6043 1.52083
19.6 8.43401 31.4339 41.7 1.5301
19.7 8.4769 31.4246 41.7947 1.53941
19.8 8.5198 31.4152 41.8886 1.54877
19.9 8.56269 31.4058 41.9816 1.55818
20 8.60558 31.3964 42.0737 1.56763
20.1 8.64847 31.3869 42.165 1.57713
20.2 8.69136 31.3773 42.2555 1.58667
20.3 8.73424 31.3677 42.3451 1.59626
20.4 8.77712 31.3581 42.4338 1.60589
20.5 8.82 31.3484 42.5217 1.61557
20.6 8.86288 31.3387 42.6088 1.62529
20.7 8.90575 31.3289 42.6951 1.63506
20.8 8.94863 31.3191 42.7806 1.64488
20.9 8.9915 31.3093 42.8652 1.65474
21 9.03437 31.2994 42.9491 1.66464
21.1 9.07723 31.2894 43.0321 1.67459
21.2 9.1201 31.2794 43.1144 1.68458
21.3 9.16296 31.2694 43.1959 1.69462
21.4 9.20582 31.2593 43.2766 1.70471
21.5 9.24867 31.2492 43.3565 1.71484
21.6 9.29153 31.239 43.4357 1.72501
21.7 9.33438 31.2288 43.5141 1.73523
21.8 9.37723 31.2185 43.5917 1.7455
21.9 9.42008 31.2082 43.6686 1.75581
22 9.46293 31.1978 43.7448 1.76616
22.1 9.50577 31.1874 43.8202 1.77656
22.2 9.54861 31.177 43.8949 1.78701
22.3 9.59145 31.1665 43.9688 1.7975
22.4 9.63429 31.156 44.0421 1.80803
22.5 9.67712 31.1454 44.1146 1.81861
22.6 9.71995 31.1348 44.1864 1.82923
22.7 9.76278 31.1241 44.2574 1.8399
22.8 9.80561 31.1134 44.3278 1.85061
22.9 9.84843 31.1026 44.3975 1.86137
23 9.89125 31.0918 44.4665 1.87217
23.1 9.93407 31.081 44.5348 1.88302
23.2 9.97689 31.0701 44.6025 1.89391
23.3 10.0197 31.0592 44.6694 1.90484
23.4 10.0625 31.0482 44.7357 1.91582
23.5 10.1053 31.0372 44.8013 1.92684
23.6 10.1481 31.0261 44.8663 1.93791
23.7 10.1909 31.015 44.9306 1.94902
23.8 10.2337 31.0038 44.9943 1.96018
23.9 10.2765 30.9926 45.0573 1.97138
24 10.3193 30.9814 45.1196 1.98263
24.1 10.3621 30.9701 45.1814 1.99391
24.2 10.4049 30.9588 45.2425 2.00525
24.3 10.4477 30.9474 45.3029 2.01663
24.4 10.4905 30.936 45.3628 2.02805
24.5 10.5333 30.9245 45.422 2.03951
24.6 10.5761 30.913 45.4806 2.05102
24.7 10.6188 30.9014 45.5386 2.06258
24.8 10.6616 30.8898 45.596 2.07417
24.9 10.7044 30.8782 45.6528 2.08581
25 10.7472 30.8665 45.709 2.0975
25.1 10.7899 30.8548 45.7646 2.10923
25.2 10.8327 30.843 45.8197 2.121
25.3 10.8754 30.8312 45.8741 2.13282
25.4 10.9182 30.8193 45.928 2.14468
25.5 10.961 30.8074 45.9813 2.15658
25.6 11.0037 30.7955 46.034 2.16853
25.7 11.0465 30.7835 46.0861 2.18052
25.8 11.0892 30.7714 46.1377 2.19255
25.9 11.132 30.7594 46.1888 2.20463
26 11.1747 30.7472 46.2392 2.21675
26.1 11.2174 30.7351 46.2892 2.22892
26.2 11.2602 30.7229 46.3386 2.24113
26.3 11.3029 30.7106 46.3874 2.25338
26.4 11.3456 30.6983 46.4357 2.26567
26.5 11.3884 30.686 46.4835 2.27801
26.6 11.4311 30.6736 46.5308 2.29039
26.7 11.4738 30.6612 46.5775 2.30282
26.8 11.5165 30.6487 46.6237 2.31529
26.9 11.5593 30.6362 46.6694 2.3278
27 11.602 30.6236 46.7145 2.34035
27.1 11.6447 30.611 46.7592 2.35295
27.2 11.6874 30.5984 46.8033 2.36559
27.3 11.7301 30.5857 46.847 2.37828
27.4 11.7728 30.573 46.8901 2.391
27.5 11.8155 30.5602 46.9328 2.40377
27.6 11.8582 30.5474 46.975 2.41658
27.7 11.9009 30.5346 47.0166 2.42944
27.8 11.9436 30.5217 47.0578 2.44234
27.9 11.9863 30.5087 47.0985 2.45528
28 12.0289 30.4957 47.1388 2.46826
28.1 12.0716 30.4827 47.1785 2.48129
28.2 12.1143 30.4696 47.2178 2.49436
28.3 12.157 30.4565 47.2566 2.50747
28.4 12.1997 30.4434 47.295 2.52062
28.5 12.2423 30.4302 47.3329 2.53382
28.6 12.285 30.4169 47.3703 2.54706
28.7 12.3276 30.4037 47.4073 2.56034
28.8 12.3703 30.3903 47.4438 2.57366
28.9 12.413 30.377 47.4799 2.58703
29 12.4556 30.3636 47.5156 2.60044
29.1 12.4983 30.3501 47.5508 2.61389
29.2 12.5409 30.3366 47.5855 2.62738
29.3 12.5836 30.3231 47.6199 2.64092
29.4 12.6262 30.3095 47.6538 2.65449
29.5 12.6688 30.2959 47.6872 2.66811
29.6 12.7115 30.2822 47.7203 2.68178
29.7 12.7541 30.2685 47.7529 2.69548
29.8 12.7967 30.2548 47.7851 2.70922
29.9 12.8393 30.241 47.8169 2.72301
30 12.882 30.2272 47.8482 2.73684
30.1 12.9246 30.2133 47.8792 2.75071
30.2 12.9672 30.1994 47.9097 2.76463
30.3 13.0098 30.1854 47.9399 2.77858
30.4 13.0524 30.1714 47.9696 2.79258
30.5 13.095 30.1574 47.9989 2.80662
30.6 13.1376 30.1433 48.0279 2.8207
30.7 13.1802 30.1292 48.0564 2.83482
30.8 13.2228 30.115 48.0846 2.84898
30.9 13.2654 30.1008 48.1124 2.86319
31 13.308 30.0866 48.1398 2.87743
31.1 13.3506 30.0723 48.1668 2.89172
31.2 13.3931 30.0579 48.1934 2.90605
31.3 13.4357 30.0436 48.2196 2.92042
31.4 13.4783 30.0292 48.2455 2.93483
31.5 13.5208 30.0147 48.271 2.94929
31.6 13.5634 30.0002 48.2961 2.96378
31.7 13.606 29.9857 48.3209 2.97832
31.8 13.6485 29.9711 48.3453 2.99289
31.9 13.6911 29.9565 48.3693 3.00751
32 13.7336 29.9418 48.393 3.02217
32.1 13.7762 29.9271 48.4163 3.03687
32.2 13.8187 29.9124 48.4393 3.05161
32.3 13.8613 29.8976 48.4619 3.06639
32.4 13.9038 29.8828 48.4841 3.08121
32.5 13.9463 29.8679 48.5061 3.09608
32.6 13.9889 29.853 48.5276 3.11098
32.7 14.0314 29.8381 48.5489 3.12593
32.8 14.0739 29.8231 48.5697 3.14091
32.9 14.1164 29.8081 48.5903 3.15594
33 14.1589 29.793 48.6105 3.17101
33.1 14.2014 29.7779 48.6304 3.18611
33.2 14.244 29.7627 48.6499 3.20126
33.3 14.2865 29.7476 48.6691 3.21645
33.4 14.329 29.7323 48.688 3.23168
33.5 14.3715 29.7171 48.7066 3.24695
33.6 14.4139 29.7017 48.7248 3.26226
33.7 14.4564 29.6864 48.7428 3.27761
33.8 14.4989 29.671 48.7604 3.293
33.9 14.5414 29.6556 48.7777 3.30843
34 14.5839 29.6401 48.7947 3.3239
34.1 14.6263 29.6246 48.8113 3.33941
34.2 14.6688 29.609 48.8277 3.35496
34.3 14.7113 29.5935 48.8437 3.37055
34.4 14.7537 29.5778 48.8595 3.38618
34.5 14.7962 29.5622 48.8749 3.40185
34.6 14.8386 29.5464 48.8901 3.41756
34.7 14.8811 29.5307 48.9049 3.43331
34.8 14.9235 29.5149 48.9194 3.4491
34.9 14.966 29.4991 48.9337 3.46493
35 15.0084 29.4832 48.9476 3.48079
35.1 15.0508 29.4673 48.9613 3.4967
35.2 15.0933 29.4513 48.9747 3.51265
35.3 15.1357 29.4354 48.9878 3.52864
35.4 15.1781 29.4193 49.0006 3.54467
35.5 15.2205 29.4033 49.0131 3.56073
35.6 15.2629 29.3872 49.0253 3.57684
35.7 15.3053 29.371 49.0373 3.59298
35.8 15.3478 29.3548 49.049 3.60917
35.9 15.3902 29.3386 49.0604 3.62539
36 15.4325 29.3223 49.0715 3.64165
36.1 15.4749 29.306 49.0823 3.65796
36.2 15.5173 29.2897 49.0929 3.6743
36.3 15.5597 29.2733 49.1032 3.69068
36.4 15.6021 29.2569 49.1133 3.7071
36.5 15.6445 29.2404 49.1231 3.72355
36.6 15.6868 29.224 49.1326 3.74005
36.7 15.7292 29.2074 49.1418 3.75658
36.8 15.7716 29.1908 49.1508 3.77316
36.9 15.8139 29.1742 49.1596 3.78977
37 15.8563 29.1576 49.168 3.80642
37.1 15.8986 29.1409 49.1762 3.82311
37.2 15.941 29.1242 49.1842 3.83984
37.3 15.9833 29.1074 49.1919 3.85661
37.4 16.0256 29.0906 49.1994 3.87342
37.5 16.068 29.0737 49.2066 3.89026
37.6 16.1103 29.0569 49.2136 3.90714
37.7 16.1526 29.0399 49.2203 3.92406
37.8 16.1949 29.023 49.2268 3.94102
37.9 16.2372 29.006 49.233 3.95802
38 16.2796 28.9889 49.239 3.97505
38.1 16.3219 28.9719 49.2448 3.99213
38.2 16.3642 28.9548 49.2503 4.00924
38.3 16.4065 28.9376 49.2555 4.02639
38.4 16.4487 28.9204 49.2606 4.04358
38.5 16.491 28.9032 49.2654 4.0608
38.6 16.5333 28.8859 49.27 4.07807
38.7 16.5756 28.8686 49.2743 4.09537
38.8 16.6179 28.8513 49.2784 4.11271
38.9 16.6601 28.8339 49.2823 4.13008
39 16.7024 28.8165 49.286 4.1475
39.1 16.7447 28.7991 49.2894 4.16495
39.2 16.7869 28.7816 49.2926 4.18244
39.3 16.8292 28.764 49.2956 4.19996
39.4 16.8714 28.7465 49.2984 4.21753
39.5 16.9136 28.7289 49.3009 4.23513
39.6 16.9559 28.7112 49.3033 4.25277
39.7 16.9981 28.6936 49.3054 4.27044
39.8 17.0403 28.6758 49.3073 4.28816
39.9 17.0826 28.6581 49.309 4.30591
40 17.1248 28.6403 49.3104 4.32369
40.1 17.167 28.6225 49.3117 4.34152
40.2 17.2092 28.6046 49.3128 4.35938
40.3 17.2514 28.5867 49.3136 4.37728
40.4 17.2936 28.5688 49.3142 4.39521
40.5 17.3358 28.5508 49.3147 4.41319
40.6 17.378 28.5328 49.3149 4.43119
40.7 17.4202 28.5148 49.3149 4.44924
40.8 17.4623 28.4967 49.3147 4.46732
40.9 17.5045 28.4786 49.3143 4.48544
41 17.5467 28.4604 49.3137 4.5036
41.1 17.5888 28.4422 49.313 4.52179
41.2 17.631 28.424 49.312 4.54002
41.3 17.6732 28.4057 49.3108 4.55828
41.4 17.7153 28.3874 49.3094 4.57658
41.5 17.7574 28.3691 49.3078 4.59492
41.6 17.7996 28.3507 49.3061 4.61329
41.7 17.8417 28.3323 49.3041 4.6317
41.8 17.8838 28.3139 49.302 4.65015
41.9 17.926 28.2954 49.2996 4.66863
42 17.9681 28.2769 49.2971 4.68715
42.1 18.0102 28.2583 49.2944 4.7057
42.2 18.0523 28.2397 49.2915 4.72429
42.3 18.0944 28.2211 49.2884 4.74291
42.4 18.1365 28.2024 49.2852 4.76158
42.5 18.1786 28.1837 49.2817 4.78027
42.6 18.2207 28.165 49.2781 4.799
42.7 18.2628 28.1462 49.2743 4.81777
42.8 18.3048 28.1274 49.2703 4.83658
42.9 18.3469 28.1086 49.2661 4.85542
43 18.389 28.0897 49.2617 4.87429
43.1 18.431 28.0708 49.2572 4.8932
43.2 18.4731 28.0519 49.2525 4.91214
43.3 18.5151 28.0329 49.2476 4.93112
43.4 18.5572 28.0139 49.2426 4.95014
43.5 18.5992 27.9948 49.2374 4.96919
43.6 18.6413 27.9757 49.232 4.98828
43.7 18.6833 27.9566 49.2264 5.0074
43.8 18.7253 27.9374 49.2207 5.02655
43.9 18.7673 27.9183 49.2148 5.04574
44 18.8093 27.899 49.2087 5.06497
44.1 18.8514 27.8798 49.2025 5.08423
44.2 18.8934 27.8605 49.1961 5.10352
44.3 18.9354 27.8411 49.1895 5.12285
44.4 18.9773 27.8218 49.1828 5.14222
44.5 19.0193 27.8024 49.1759 5.16162
44.6 19.0613 27.783 49.1688 5.18105
44.7 19.1033 27.7635 49.1616 5.20052
44.8 19.1453 27.744 49.1542 5.22002
44.9 19.1872 27.7244 49.1467 5.23956
45 19.2292 27.7049 49.139 5.25913
45.1 19.2711 27.6853 49.1311 5.27873
45.2 19.3131 27.6656 49.1231 5.29837
45.3 19.355 27.646 49.115 5.31804
45.4 19.3969 27.6263 49.1066 5.33775
45.5 19.4389 27.6065 49.0982 5.35749
45.6 19.4808 27.5867 49.0895 5.37726
45.7 19.5227 27.5669 49.0808 5.39707
45.8 19.5646 27.5471 49.0718 5.41692
45.9 19.6065 27.5272 49.0628 5.43679
46 19.6484 27.5073 49.0535 5.4567
46.1 19.6903 27.4874 49.0442 5.47664
46.2 19.7322 27.4674 49.0346 5.49662
46.3 19.7741 27.4474 49.025 5.51663
46.4 19.816 27.4273 49.0151 5.53668
46.5 19.8578 27.4072 49.0052 5.55675
46.6 19.8997 27.3871 48.9951 5.57686
46.7 19.9416 27.367 48.9848 5.59701
46.8 19.9834 27.3468 48.9744 5.61718
46.9 20.0253 27.3266 48.9639 5.63739
47 20.0671 27.3064 48.9532 5.65764
47.1 20.1089 27.2861 48.9424 5.67791
47.2 20.1508 27.2658 48.9314 5.69822
47.3 20.1926 27.2454 48.9203 5.71856
47.4 20.2344 27.2251 48.9091 5.73894
47.5 20.2762 27.2047 48.8977 5.75934
47.6 20.318 27.1842 48.8862 5.77978
47.7 20.3598 27.1637 48.8746 5.80025
47.8 20.4016 27.1432 48.8628 5.82076
47.9 20.4434 27.1227 48.8509 5.8413
48 20.4852 27.1021 48.8388 5.86187
48.1 20.527 27.0815 48.8266 5.88247
48.2 20.5687 27.0609 48.8143 5.9031
48.3 20.6105 27.0402 48.8019 5.92377
48.4 20.6522 27.0195 48.7893 5.94447
48.5 20.694 26.9988 48.7766 5.9652
48.6 20.7357 26.978 48.7638 5.98596
48.7 20.7775 26.9572 48.7508 6.00676
48.8 20.8192 26.9364 48.7377 6.02758
48.9 20.8609 26.9156 48.7245 6.04844
49 20.9026 26.8947 48.7111 6.06933
49.1 20.9444 26.8737 48.6976 6.09025
49.2 20.9861 26.8528 48.684 6.11121
49.3 21.0278 26.8318 48.6703 6.13219
49.4 21.0695 26.8108 48.6565 6.15321
49.5 21.1111 26.7897 48.6425 6.17426
49.6 21.1528 26.7687 48.6284 6.19534
49.7 21.1945 26.7476 48.6142 6.21645
49.8 21.2362 26.7264 48.5999 6.23759
49.9 21.2778 26.7052 48.5854 6.25877
50 21.3195 26.684 48.5708 6.27997
50.1 21.3611 26.6628 48.5561 6.30121
50.2 21.4028 26.6415 48.5413 6.32247
50.3 21.4444 26.6202 48.5264 6.34377
50.4 21.486 26.5989 48.5113 6.3651
50.5 21.5276 26.5775 48.4961 6.38646
50.6 21.5693 26.5562 48.4808 6.40785
50.7 21.6109 26.5347 48.4654 6.42927
50.8 21.6525 26.5133 48.4499 6.45072
50.9 21.6941 26.4918 48.4343 6.4722
51 21.7356 26.4703 48.4185 6.49372
51.1 21.7772 26.4487 48.4027 6.51526
51.2 21.8188 26.4272 48.3867 6.53683
51.3 21.8604 26.4056 48.3706 6.55844
51.4 21.9019 26.3839 48.3544 6.58007
51.5 21.9435 26.3623 48.3381 6.60173
51.6 21.985 26.3406 48.3217 6.62343
51.7 22.0266 26.3188 48.3052 6.64515
51.8 22.0681 26.2971 48.2885 6.66691
51.9 22.1096 26.2753 48.2718 6.68869
52 22.1511 26.2535 48.2549 6.7105
52.1 22.1926 26.2317 48.238 6.73235
52.2 22.2341 26.2098 48.2209 6.75422
52.3 22.2756 26.1879 48.2037 6.77612
52.4 22.3171 26.1659 48.1865 6.79806
52.5 22.3586 26.144 48.1691 6.82002
52.6 22.4001 26.122 48.1516 6.84201
52.7 22.4416 26.1 48.134 6.86403
52.8 22.483 26.0779 48.1163 6.88608
52.9 22.5245 26.0558 48.0985 6.90816
53 22.5659 26.0337 48.0806 6.93027
53.1 22.6074 26.0116 48.0626 6.95241
53.2 22.6488 25.9894 48.0444 6.97457
53.3 22.6902 25.9672 48.0262 6.99677
53.4 22.7316 25.945 48.0079 7.01899
53.5 22.773 25.9228 47.9895 7.04125
53.6 22.8144 25.9005 47.971 7.06353
53.7 22.8558 25.8782 47.9524 7.08584
53.8 22.8972 25.8558 47.9337 7.10818
53.9 22.9386 25.8335 47.9149 7.13055
54 22.98 25.8111 47.896 7.15294
54.1 23.0214 25.7886 47.877 7.17537
54.2 23.0627 25.7662 47.8579 7.19782
54.3 23.1041 25.7437 47.8387 7.2203
54.4 23.1454 25.7212 47.8194 7.24281
54.5 23.1867 25.6987 47.8 7.26535
54.6 23.2281 25.6761 47.7805 7.28792
54.7 23.2694 25.6535 47.7609 7.31051
54.8 23.3107 25.6309 47.7412 7.33313
54.9 23.352 25.6082 47.7215 7.35578
55 23.3933 25.5855 47.7016 7.37846
55.1 23.4346 25.5628 47.6817 7.40116
55.2 23.4759 25.5401 47.6616 7.4239
55.3 23.5172 25.5173 47.6415 7.44666
55.4 23.5584 25.4946 47.6213 7.46944
55.5 23.5997 25.4717 47.6009 7.49226
55.6 23.6409 25.4489 47.5805 7.5151
55.7 23.6822 25.426 47.56 7.53797
55.8 23.7234 25.4031 47.5395 7.56087
55.9 23.7647 25.3802 47.5188 7.5838
56 23.8059 25.3573 47.498 7.60675
56.1 23.8471 25.3343 47.4772 7.62973
56.2 23.8883 25.3113 47.4562 7.65273
56.3 23.9295 25.2882 47.4352 7.67576
56.4 23.9707 25.2652 47.4141 7.69882
56.5 24.0119 25.2421 47.3929 7.72191
56.6 24.053 25.219 47.3716 7.74502
56.7 24.0942 25.1958 47.3502 7.76816
56.8 24.1354 25.1727 47.3288 7.79133
56.9 24.1765 25.1495 47.3072 7.81452
57 24.2176 25.1263 47.2856 7.83774
57.1 24.2588 25.103 47.2639 7.86098
57.2 24.2999 25.0797 47.2421 7.88426
57.3 24.341 25.0564 47.2202 7.90755
57.4 24.3821 25.0331 47.1983 7.93088
57.5 24.4232 25.0098 47.1762 7.95423
57.6 24.4643 24.9864 47.1541 7.9776
57.7 24.5054 24.963 47.1319 8.001
57.8 24.5465 24.9396 47.1096 8.02443
57.9 24.5875 24.9161 47.0872 8.04789
58 24.6286 24.8926 47.0648 8.07136
58.1 24.6697 24.8691 47.0423 8.09487
58.2 24.7107 24.8456 47.0196 8.1184
58.3 24.7517 24.822 46.997 8.14196
58.4 24.7928 24.7985 46.9742 8.16554
58.5 24.8338 24.7749 46.9513 8.18914
58.6 24.8748 24.7512 46.9284 8.21277
58.7 24.9158 24.7276 46.9054 8.23643
58.8 24.9568 24.7039 46.8823 8.26011
58.9 24.9978 24.6802 46.8592 8.28382
59 25.0387 24.6564 46.836 8.30755
59.1 25.0797 24.6327 46.8127 8.33131
59.2 25.1207 24.6089 46.7893 8.35509
59.3 25.1616 24.5851 46.7658 8.3789
59.4 25.2025 24.5613 46.7423 8.40273
59.5 25.2435 24.5374 46.7187 8.42658
59.6 25.2844 24.5135 46.695 8.45046
59.7 25.3253 24.4896 46.6712 8.47437
59.8 25.3662 24.4657 46.6474 8.4983
59.9 25.4071 24.4417 46.6235 8.52225
60 25.448 24.4178 46.5995 8.54623
60.1 25.4889 24.3938 46.5754 8.57023
60.2 25.5297 24.3697 46.5513 8.59426
60.3 25.5706 24.3457 46.5271 8.61831
60.4 25.6114 24.3216 46.5028 8.64238
60.5 25.6523 24.2975 46.4785 8.66648
60.6 25.6931 24.2734 46.4541 8.6906
60.7 25.7339 24.2493 46.4296 8.71475
60.8 25.7748 24.2251 46.405 8.73892
60.9 25.8156 24.2009 46.3804 8.76311
61 25.8564 24.1767 46.3557 8.78732
61.1 25.8971 24.1524 46.331 8.81156
61.2 25.9379 24.1282 46.3061 8.83583
61.3 25.9787 24.1039 46.2812 8.86011
61.4 26.0195 24.0796 46.2563 8.88442
61.5 26.0602 24.0552 46.2312 8.90876
61.6 26.1009 24.0309 46.2061 8.93311
61.7 26.1417 24.0065 46.1809 8.95749
61.8 26.1824 23.9821 46.1557 8.98189
61.9 26.2231 23.9577 46.1304 9.00632
62 26.2638 23.9332 46.105 9.03076
62.1 26.3045 23.9088 46.0796 9.05523
62.2 26.3452 23.8843 46.054 9.07973
62.3 26.3859 23.8598 46.0285 9.10424
62.4 26.4265 23.8352 46.0028 9.12878
62.5 26.4672 23.8107 45.9771 9.15334
62.6 26.5078 23.7861 45.9513 9.17792
62.7 26.5485 23.7615 45.9255 9.20252
62.8 26.5891 23.7368 45.8996 9.22715
62.9 26.6297 23.7122 45.8736 9.2518
63 26.6703 23.6875 45.8476 9.27647
63.1 26.7109 23.6628 45.8215 9.30116
63.2 26.7515 23.6381 45.7954 9.32588
63.3 26.7921 23.6134 45.7691 9.35062
63.4 26.8327 23.5886 45.7429 9.37537
63.5 26.8732 23.5638 45.7165 9.40015
63.6 26.9138 23.539 45.6901 9.42495
63.7 26.9543 23.5142 45.6636 9.44978
63.8 26.9948 23.4894 45.6371 9.47462
63.9 27.0354 23.4645 45.6105 9.49949
64 27.0759 23.4396 45.5839 9.52437
64.1 27.1164 23.4147 45.5571 9.54928
64.2 27.1569 23.3898 45.5304 9.57421
64.3 27.1973 23.3648 45.5035 9.59916
64.4 27.2378 23.3399 45.4766 9.62413
64.5 27.2783 23.3149 45.4497 9.64913
64.6 27.3187 23.2899 45.4227 9.67414
64.7 27.3592 23.2648 45.3956 9.69917
64.8 27.3996 23.2398 45.3684 9.72423
64.9 27.44 23.2147 45.3412 9.7493
65 27.4804 23.1896 45.314 9.7744
65.1 27.5208 23.1645 45.2867 9.79951
65.2 27.5612 23.1394 45.2593 9.82465
65.3 27.6016 23.1142 45.2319 9.84981
65.4 27.6419 23.089 45.2044 9.87498
65.5 27.6823 23.0638 45.1769 9.90018
65.6 27.7226 23.0386 45.1493 9.9254
65.7 27.763 23.0134 45.1216 9.95063
65.8 27.8033 22.9881 45.0939 9.97589
65.9 27.8436 22.9628 45.0661 10.0012
66 27.8839 22.9375 45.0383 10.0265
66.1 27.9242 22.9122 45.0104 10.0518
66.2 27.9645 22.8869 44.9825 10.0771
66.3 28.0048 22.8615 44.9545 10.1025
66.4 28.045 22.8362 44.9265 10.1278
66.5 28.0853 22.8108 44.8984 10.1532
66.6 28.1255 22.7853 44.8702 10.1787
66.7 28.1657 22.7599 44.842 10.2041
66.8 28.206 22.7345 44.8137 10.2295
66.9 28.2462 22.709 44.7854 10.255
67 28.2864 22.6835 44.757 10.2805
67.1 28.3265 22.658 44.7286 10.306
67.2 28.3667 22.6325 44.7001 10.3315
67.3 28.4069 22.6069 44.6716 10.3571
67.4 28.447 22.5814 44.643 10.3826
67.5 28.4872 22.5558 44.6144 10.4082
67.6 28.5273 22.5302 44.5857 10.4338
67.7 28.5674 22.5046 44.5569 10.4594
67.8 28.6075 22.4789 44.5281 10.4851
67.9 28.6476 22.4533 44.4993 10.5107
68 28.6877 22.4276 44.4704 10.5364
68.1 28.7278 22.4019 44.4414 10.5621
68.2 28.7678 22.3762 44.4124 10.5878
68.3 28.8079 22.3505 44.3834 10.6135
68.4 28.8479 22.3247 44.3543 10.6393
68.5 28.888 22.2989 44.3251 10.6651
68.6 28.928 22.2732 44.2959 10.6908
68.7 28.968 22.2474 44.2667 10.7166
68.8 29.008 22.2215 44.2374 10.7425
68.9 29.048 22.1957 44.208 10.7683
69 29.0879 22.1699 44.1786 10.7941
69.1 29.1279 22.144 44.1492 10.82
69.2 29.1678 22.1181 44.1197 10.8459
69.3 29.2078 22.0922 44.0901 10.8718
69.4 29.2477 22.0663 44.0605 10.8977
69.5 29.2876 22.0403 44.0309 10.9237
69.6 29.3275 22.0144 44.0012 10.9496
69.7 29.3674 21.9884 43.9714 10.9756
69.8 29.4073 21.9624 43.9417 11.0016
69.9 29.4471 21.9364 43.9118 11.0276
70 29.487 21.9104 43.8819 11.0536
70.1 29.5268 21.8843 43.852 11.0797
70.2 29.5666 21.8583 43.822 11.1057
70.3 29.6065 21.8322 43.792 11.1318
70.4 29.6463 21.8061 43.7619 11.1579
70.5 29.6861 21.78 43.7318 11.184
70.6 29.7258 21.7539 43.7016 11.2101
70.7 29.7656 21.7278 43.6714 11.2362
70.8 29.8054 21.7016 43.6412 11.2624
70.9 29.8451 21.6755 43.6109 11.2885
71 29.8848 21.6493 43.5805 11.3147
71.1 29.9246 21.6231 43.5501 11.3409
71.2 29.9643 21.5969 43.5197 11.3671
71.3 30.004 21.5706 43.4892 11.3934
71.4 30.0436 21.5444 43.4587 11.4196
71.5 30.0833 21.5181 43.4281 11.4459
71.6 30.123 21.4918 43.3975 11.4722
71.7 30.1626 21.4655 43.3668 11.4985
71.8 30.2022 21.4392 43.3361 11.5248
71.9 30.2419 21.4129 43.3053 11.5511
72 30.2815 21.3866 43.2745 11.5774
72.1 30.321 21.3602 43.2437 11.6038
72.2 30.3606 21.3339 43.2128 11.6301
72.3 30.4002 21.3075 43.1819 11.6565
72.4 30.4398 21.2811 43.1509 11.6829
72.5 30.4793 21.2547 43.1199 11.7093
72.6 30.5188 21.2282 43.0888 11.7358
72.7 30.5583 21.2018 43.0578 11.7622
72.8 30.5978 21.1753 43.0266 11.7887
72.9 30.6373 21.1489 42.9954 11.8151
73 30.6768 21.1224 42.9642 11.8416
73.1 30.7163 21.0959 42.9329 11.8681
73.2 30.7557 21.0694 42.9016 11.8946
73.3 30.7952 21.0429 42.8703 11.9211
73.4 30.8346 21.0163 42.8389 11.9477
73.5 30.874 20.9898 42.8075 11.9742
73.6 30.9134 20.9632 42.776 12.0008
73.7 30.9528 20.9366 42.7445 12.0274
73.8 30.9921 20.91 42.7129 12.054
73.9 31.0315 20.8834 42.6813 12.0806
74 31.0708 20.8568 42.6497 12.1072
74.1 31.1102 20.8302 42.618 12.1338
74.2 31.1495 20.8035 42.5863 12.1605
74.3 31.1888 20.7768 42.5545 12.1872
74.4 31.2281 20.7502 42.5227 12.2138
74.5 31.2673 20.7235 42.4909 12.2405
74.6 31.3066 20.6968 42.459 12.2672
74.7 31.3459 20.6701 42.4271 12.2939
74.8 31.3851 20.6433 42.3952 12.3207
74.9 31.4243 20.6166 42.3632 12.3474
75 31.4635 20.5899 42.3311 12.3741
75.1 31.5027 20.5631 42.2991 12.4009
75.2 31.5419 20.5363 42.2669 12.4277
75.3 31.581 20.5095 42.2348 12.4545
75.4 31.6202 20.4827 42.2026 12.4813
75.5 31.6593 20.4559 42.1704 12.5081
75.6 31.6985 20.4291 42.1381 12.5349
75.7 31.7376 20.4023 42.1058 12.5617
75.8 31.7767 20.3754 42.0735 12.5886
75.9 31.8157 20.3485 42.0411 12.6155
76 31.8548 20.3217 42.0087 12.6423
76.1 31.8938 20.2948 41.9762 12.6692
76.2 31.9329 20.2679 41.9438 12.6961
76.3 31.9719 20.241 41.9112 12.723
76.4 32.0109 20.2141 41.8787 12.7499
76.5 32.0499 20.1871 41.8461 12.7769
76.6 32.0889 20.1602 41.8134 12.8038
76.7 32.1278 20.1332 41.7808 12.8308
76.8 32.1668 20.1063 41.7481 12.8577
76.9 32.2057 20.0793 41.7153 12.8847
77 32.2446 20.0523 41.6825 12.9117
77.1 32.2835 20.0253 41.6497 12.9387
77.2 32.3224 19.9983 41.6169 12.9657
77.3 32.3613 19.9713 41.584 12.9927
77.4 32.4002 19.9443 41.5511 13.0197
77.5 32.439 19.9172 41.5181 13.0468
77.6 32.4778 19.8902 41.4851 13.0738
77.7 32.5166 19.8631 41.4521 13.1009
77.8 32.5554 19.8361 41.419 13.1279
77.9 32.5942 19.809 41.3859 13.155
78 32.633 19.7819 41.3528 13.1821
78.1 32.6717 19.7548 41.3196 13.2092
78.2 32.7105 19.7277 41.2864 13.2363
78.3 32.7492 19.7005 41.2532 13.2635
78.4 32.7879 19.6734 41.2199 13.2906
78.5 32.8266 19.6463 41.1866 13.3177
78.6 32.8653 19.6191 41.1533 13.3449
78.7 32.9039 19.592 41.1199 13.372
78.8 32.9426 19.5648 41.0865 13.3992
78.9 32.9812 19.5376 41.053 13.4264
79 33.0198 19.5104 41.0196 13.4536
79.1 33.0584 19.4832 40.9861 13.4808
79.2 33.097 19.456 40.9525 13.508
79.3 33.1356 19.4288 40.9189 13.5352
79.4 33.1741 19.4016 40.8853 13.5624
79.5 33.2126 19.3744 40.8517 13.5896
79.6 33.2512 19.3471 40.818 13.6169
79.7 33.2897 19.3199 40.7843 13.6441
79.8 33.3281 19.2926 40.7506 13.6714
79.9 33.3666 19.2653 40.7168 13.6987
80 33.4051 19.2381 40.683 13.7259
80.1 33.4435 19.2108 40.6492 13.7532
80.2 33.4819 19.1835 40.6153 13.7805
80.3 33.5203 19.1562 40.5814 13.8078
80.4 33.5587 19.1289 40.5475 13.8351
80.5 33.5971 19.1016 40.5135 13.8624
80.6 33.6354 19.0742 40.4795 13.8898
80.7 33.6738 19.0469 40.4455 13.9171
80.8 33.7121 19.0196 40.4115 13.9444
80.9 33.7504 18.9922 40.3774 13.9718
81 33.7887 18.9649 40.3433 13.9991
81.1 33.8269 18.9375 40.3091 14.0265
81.2 33.8652 18.9101 40.2749 14.0539
81.3 33.9034 18.8827 40.2407 14.0813
81.4 33.9416 18.8554 40.2065 14.1086
81.5 33.9798 18.828 40.1722 14.136
81.6 34.018 18.8006 40.1379 14.1634
81.7 34.0562 18.7732 40.1036 14.1908
81.8 34.0943 18.7457 40.0692 14.2183
81.9 34.1325 18.7183 40.0348 14.2457
82 34.1706 18.6909 40.0004 14.2731
82.1 34.2087 18.6635 39.966 14.3005
82.2 34.2468 18.636 39.9315 14.328
82.3 34.2848 18.6086 39.897 14.3554
82.4 34.3229 18.5811 39.8624 14.3829
82.5 34.3609 18.5537 39.8279 14.4103
82.6 34.3989 18.5262 39.7933 14.4378
82.7 34.4369 18.4987 39.7586 14.4653
82.8 34.4749 18.4712 39.724 14.4928
82.9 34.5128 18.4437 39.6893 14.5203
83 34.5508 18.4163 39.6546 14.5477
83.1 34.5887 18.3888 39.6198 14.5752
83.2 34.6266 18.3613 39.585 14.6027
83.3 34.6645 18.3337 39.5502 14.6303
83.4 34.7024 18.3062 39.5154 14.6578
83.5 34.7402 18.2787 39.4806 14.6853
83.6 34.778 18.2512 39.4457 14.7128
83.7 34.8158 18.2237 39.4108 14.7403
83.8 34.8536 18.1961 39.3758 14.7679
83.9 34.8914 18.1686 39.3408 14.7954
84 34.9292 18.141 39.3058 14.823
84.1 34.9669 18.1135 39.2708 14.8505
84.2 35.0046 18.0859 39.2358 14.8781
84.3 35.0423 18.0584 39.2007 14.9056
84.4 35.08 18.0308 39.1656 14.9332
84.5 35.1177 18.0032 39.1304 14.9608
84.6 35.1553 17.9756 39.0953 14.9884
84.7 35.1929 17.9481 39.0601 15.0159
84.8 35.2305 17.9205 39.0249 15.0435
84.9 35.2681 17.8929 38.9896 15.0711
85 35.3057 17.8653 38.9543 15.0987
85.1 35.3433 17.8377 38.919 15.1263
85.2 35.3808 17.8101 38.8837 15.1539
85.3 35.4183 17.7825 38.8484 15.1815
85.4 35.4558 17.7549 38.813 15.2091
85.5 35.4933 17.7273 38.7776 15.2367
85.6 35.5307 17.6996 38.7421 15.2644
85.7 35.5681 17.672 38.7067 15.292
85.8 35.6056 17.6444 38.6712 15.3196
85.9 35.643 17.6168 38.6357 15.3472
86 35.6803 17.5891 38.6002 15.3749
86.1 35.7177 17.5615 38.5646 15.4025
86.2 35.755 17.5339 38.529 15.4301
86.3 35.7923 17.5062 38.4934 15.4578
86.4 35.8296 17.4786 38.4577 15.4854
86.5 35.8669 17.4509 38.4221 15.5131
86.6 35.9042 17.4233 38.3864 15.5407
86.7 35.9414 17.3956 38.3507 15.5684
86.8 35.9786 17.368 38.3149 15.596
86.9 36.0158 17.3403 38.2792 15.6237
87 36.053 17.3127 38.2434 15.6513
87.1 36.0901 17.285 38.2076 15.679
87.2 36.1273 17.2573 38.1717 15.7067
87.3 36.1644 17.2297 38.1358 15.7343
87.4 36.2015 17.202 38.1 15.762
87.5 36.2385 17.1743 38.064 15.7897
87.6 36.2756 17.1466 38.0281 15.8174
87.7 36.3126 17.119 37.9921 15.845
87.8 36.3496 17.0913 37.9561 15.8727
87.9 36.3866 17.0636 37.9201 15.9004
88 36.4236 17.0359 37.8841 15.9281
88.1 36.4605 17.0082 37.848 15.9558
88.2 36.4974 16.9805 37.8119 15.9835
88.3 36.5343 16.9528 37.7758 16.0112
88.4 36.5712 16.9252 37.7397 16.0388
88.5 36.6081 16.8975 37.7035 16.0665
88.6 36.6449 16.8698 37.6674 16.0942
88.7 36.6817 16.8421 37.6311 16.1219
88.8 36.7185 16.8144 37.5949 16.1496
88.9 36.7553 16.7867 37.5587 16.1773
89 36.7921 16.759 37.5224 16.205
89.1 36.8288 16.7313 37.4861 16.2327
89.2 36.8655 16.7036 37.4498 16.2604
89.3 36.9022 16.6759 37.4134 16.2881
89.4 36.9388 16.6482 37.377 16.3158
89.5 36.9755 16.6205 37.3407 16.3435
89.6 37.0121 16.5928 37.3042 16.3712
89.7 37.0487 16.5651 37.2678 16.3989
89.8 37.0853 16.5374 37.2313 16.4266
89.9 37.1218 16.5097 37.1949 16.4543
90 37.1583 16.482 37.1583 16.482
90.1 37.1949 16.4543 37.1218 16.5097
90.2 37.2313 16.4266 37.0853 16.5374
90.3 37.2678 16.3989 37.0487 16.5651
90.4 37.3042 16.3712 37.0121 16.5928
90.5 37.3407 16.3435 36.9755 16.6205
90.6 37.377 16.3158 36.9388 16.6482
90.7 37.4134 16.2881 36.9022 16.6759
90.8 37.4498 16.2604 36.8655 16.7036
90.9 37.4861 16.2327 36.8288 16.7313
91 37.5224 16.205 36.7921 16.759
91.1 37.5587 16.1773 36.7553 16.7867
91.2 37.5949 16.1496 36.7185 16.8144
91.3 37.6311 16.1219 36.6817 16.8421
91.4 37.6674 16.0942 36.6449 16.8698
91.5 37.7035 16.0665 36.6081 16.8975
91.6 37.7397 16.0388 36.5712 16.9252
91.7 37.7758 16.0112 36.5343 16.9528
91.8 37.8119 15.9835 36.4974 16.9805
91.9 37.848 15.9558 36.4605 17.0082
92 37.8841 15.9281 36.4236 17.0359
92.1 37.9201 15.9004 36.3866 17.0636
92.2 37.9561 15.8727 36.3496 17.0913
92.3 37.9921 15.845 36.3126 17.119
92.4 38.0281 15.8174 36.2756 17.1466
92.5 38.064 15.7897 36.2385 17.1743
92.6 38.1 15.762 36.2015 17.202
92.7 38.1358 15.7343 36.1644 17.2297
92.8 38.1717 15.7067 36.1273 17.2573
92.9 38.2076 15.679 36.0901 17.285
93 38.2434 15.6513 36.053 17.3127
93.1 38.2792 15.6237 36.0158 17.3403
93.2 38.3149 15.596 35.9786 17.368
93.3 38.3507 15.5684 35.9414 17.3956
93.4 38.3864 15.5407 35.9042 17.4233
93.5 38.4221 15.5131 35.8669 17.4509
93.6 38.4577 15.4854 35.8296 17.4786
93.7 38.4934 15.4578 35.7923 17.5062
93.8 38.529 15.4301 35.755 17.5339
93.9 38.5646 15.4025 35.7177 17.5615
94 38.6002 15.3749 35.6803 17.5891
94.1 38.6357 15.3472 35.643 17.6168
94.2 38.6712 15.3196 35.6056 17.6444
94.3 38.7067 15.292 35.5681 17.672
94.4 38.7421 15.2644 35.5307 17.6996
94.5 38.7776 15.2367 35.4933 17.7273
94.6 38.813 15.2091 35.4558 17.7549
94.7 38.8484 15.1815 35.4183 17.7825
94.8 38.8837 15.1539 35.3808 17.8101
94.9 38.919 15.1263 35.3433 17.8377
95 38.9543 15.0987 35.3057 17.8653
95.1 38.9896 15.0711 35.2681 17.8929
95.2 39.0249 15.0435 35.2305 17.9205
95.3 39.0601 15.0159 35.1929 17.9481
95.4 39.0953 14.9884 35.1553 17.9756
95.5 39.1304 14.9608 35.1177 18.0032
95.6 39.1656 14.9332 35.08 18.0308
95.7 39.2007 14.9056 35.0423 18.0584
95.8 39.2358 14.8781 35.0046 18.0859
95.9 39.2708 14.8505 34.9669 18.1135
96 39.3058 14.823 34.9292 18.141
96.1 39.3408 14.7954 34.8914 18.1686
96.2 39.3758 14.7679 34.8536 18.1961
96.3 39.4108 14.7403 34.8158 18.2237
96.4 39.4457 14.7128 34.778 18.2512
96.5 39.4806 14.6853 34.7402 18.2787
96.6 39.5154 14.6578 34.7024 18.3062
96.7 39.5502 14.6303 34.6645 18.3337
96.8 39.585 14.6027 34.6266 18.3613
96.9 39.6198 14.5752 34.5887 18.3888
97 39.6546 14.5477 34.5508 18.4163
97.1 39.6893 14.5203 34.5128 18.4437
97.2 39.724 14.4928 34.4749 18.4712
97.3 39.7586 14.4653 34.4369 18.4987
97.4 39.7933 14.4378 34.3989 18.5262
97.5 39.8279 14.4103 34.3609 18.5537
97.6 39.8624 14.3829 34.3229 18.5811
97.7 39.897 14.3554 34.2848 18.6086
97.8 39.9315 14.328 34.2468 18.636
97.9 39.966 14.3005 34.2087 18.6635
98 40.0004 14.2731 34.1706 18.6909
98.1 40.0348 14.2457 34.1325 18.7183
98.2 40.0692 14.2183 34.0943 18.7457
98.3 40.1036 14.1908 34.0562 18.7732
98.4 40.1379 14.1634 34.018 18.8006
98.5 40.1722 14.136 33.9798 18.828
98.6 40.2065 14.1086 33.9416 18.8554
98.7 40.2407 14.0813 33.9034 18.8827
98.8 40.2749 14.0539 33.8652 18.9101
98.9 40.3091 14.0265 33.8269 18.9375
99 40.3433 13.9991 33.7887 18.9649
99.1 40.3774 13.9718 33.7504 18.9922
99.2 40.4115 13.9444 33.7121 19.0196
99.3 40.4455 13.9171 33.6738 19.0469
99.4 40.4795 13.8898 33.6354 19.0742
99.5 40.5135 13.8624 33.5971 19.1016
99.6 40.5475 13.8351 33.5587 19.1289
99.7 40.5814 13.8078 33.5203 19.1562
99.8 40.6153 13.7805 33.4819 19.1835
99.9 40.6492 13.7532 33.4435 19.2108
100 40.683 13.7259 33.4051 19.2381
100.1 40.7168 13.6987 33.3666 19.2653
100.2 40.7506 13.6714 33.3281 19.2926
100.3 40.7843 13.6441 33.2897 19.3199
100.4 40.818 13.6169 33.2512 19.3471
100.5 40.8517 13.5896 33.2126 19.3744
100.6 40.8853 13.5624 33.1741 19.4016
100.7 40.9189 13.5352 33.1356 19.4288
100.8 40.9525 13.508 33.097 19.456
100.9 40.9861 13.4808 33.0584 19.4832
101 41.0196 13.4536 33.0198 19.5104
101.1 41.053 13.4264 32.9812 19.5376
101.2 41.0865 13.3992 32.9426 19.5648
101.3 41.1199 13.372 32.9039 19.592
101.4 41.1533 13.3449 32.8653 19.6191
101.5 41.1866 13.3177 32.8266 19.6463
101.6 41.2199 13.2906 32.7879 19.6734
101.7 41.2532 13.2635 32.7492 19.7005
101.8 41.2864 13.2363 32.7105 19.7277
101.9 41.3196 13.2092 32.6717 19.7548
102 41.3528 13.1821 32.633 19.7819
102.1 41.3859 13.155 32.5942 19.809
102.2 41.419 13.1279 32.5554 19.8361
102.3 41.4521 13.1009 32.5166 19.8631
102.4 41.4851 13.0738 32.4778 19.8902
102.5 41.5181 13.0468 32.439 19.9172
102.6 41.5511 13.0197 32.4002 19.9443
102.7 41.584 12.9927 32.3613 19.9713
102.8 41.6169 12.9657 32.3224 19.9983
102.9 41.6497 12.9387 32.2835 20.0253
103 41.6825 12.9117 32.2446 20.0523
103.1 41.7153 12.8847 32.2057 20.0793
103.2 41.7481 12.8577 32.1668 20.1063
103.3 41.7808 12.8308 32.1278 20.1332
103.4 41.8134 12.8038 32.0889 20.1602
103.5 41.8461 12.7769 32.0499 20.1871
103.6 41.8787 12.7499 32.0109 20.2141
103.7 41.9112 12.723 31.9719 20.241
103.8 41.9438 12.6961 31.9329 20.2679
103.9 41.9762 12.6692 31.8938 20.2948
104 42.0087 12.6423 31.8548 20.3217
104.1 42.0411 12.6155 31.8157 20.3485
104.2 42.0735 12.5886 31.7767 20.3754
104.3 42.1058 12.5617 31.7376 20.4023
104.4 42.1381 12.5349 31.6985 20.4291
104.5 42.1704 12.5081 31.6593 20.4559
104.6 42.2026 12.4813 31.6202 20.4827
104.7 42.2348 12.4545 31.581 20.5095
104.8 42.2669 12.4277 31.5419 20.5363
104.9 42.2991 12.4009 31.5027 20.5631
105 42.3311 12.3741 31.4635 20.5899
105.1 42.3632 12.3474 31.4243 20.6166
105.2 42.3952 12.3207 31.3851 20.6433
105.3 42.4271 12.2939 31.3459 20.6701
105.4 42.459 12.2672 31.3066 20.6968
105.5 42.4909 12.2405 31.2673 20.7235
105.6 42.5227 12.2138 31.2281 20.7502
105.7 42.5545 12.1872 31.1888 20.7768
105.8 42.5863 12.1605 31.1495 20.8035
105.9 42.618 12.1338 31.1102 20.8302
106 42.6497 12.1072 31.0708 20.8568
106.1 42.6813 12.0806 31.0315 20.8834
106.2 42.7129 12.054 30.9921 20.91
106.3 42.7445 12.0274 30.9528 20.9366
106.4 42.776 12.0008 30.9134 20.9632
106.5 42.8075 11.9742 30.874 20.9898
106.6 42.8389 11.9477 30.8346 21.0163
106.7 42.8703 11.9211 30.7952 21.0429
106.8 42.9016 11.8946 30.7557 21.0694
106.9 42.9329 11.8681 30.7163 21.0959
107 42.9642 11.8416 30.6768 21.1224
107.1 42.9954 11.8151 30.6373 21.1489
107.2 43.0266 11.7887 30.5978 21.1753
107.3 43.0578 11.7622 30.5583 21.2018
107.4 43.0888 11.7358 30.5188 21.2282
107.5 43.1199 11.7093 30.4793 21.2547
107.6 43.1509 11.6829 30.4398 21.2811
107.7 43.1819 11.6565 30.4002 21.3075
107.8 43.2128 11.6301 30.3606 21.3339
107.9 43.2437 11.6038 30.321 21.3602
108 43.2745 11.5774 30.2815 21.3866
108.1 43.3053 11.5511 30.2419 21.4129
108.2 43.3361 11.5248 30.2022 21.4392
108.3 43.3668 11.4985 30.1626 21.4655
108.4 43.3975 11.4722 30.123 21.4918
108.5 43.4281 11.4459 30.0833 21.5181
108.6 43.4587 11.4196 30.0436 21.5444
108.7 43.4892 11.3934 30.004 21.5706
108.8 43.5197 11.3671 29.9643 21.5969
108.9 43.5501 11.3409 29.9246 21.6231
109 43.5805 11.3147 29.8848 21.6493
109.1 43.6109 11.2885 29.8451 21.6755
109.2 43.6412 11.2624 29.8054 21.7016
109.3 43.6714 11.2362 29.7656 21.7278
109.4 43.7016 11.2101 29.7258 21.7539
109.5 43.7318 11.184 29.6861 21.78
109.6 43.7619 11.1579 29.6463 21.8061
109.7 43.792 11.1318 29.6065 21.8322
109.8 43.822 11.1057 29.5666 21.8583
109.9 43.852 11.0797 29.5268 21.8843
110 43.8819 11.0536 29.487 21.9104
110.1 43.9118 11.0276 29.4471 21.9364
110.2 43.9417 11.0016 29.4073 21.9624
110.3 43.9714 10.9756 29.3674 21.9884
110.4 44.0012 10.9496 29.3275 22.0144
110.5 44.0309 10.9237 29.2876 22.0403
110.6 44.0605 10.8977 29.2477 22.0663
110.7 44.0901 10.8718 29.2078 22.0922
110.8 44.1197 10.8459 29.1678 22.1181
110.9 44.1492 10.82 29.1279 22.144
111 44.1786 10.7941 29.0879 22.1699
111.1 44.208 10.7683 29.048 22.1957
111.2 44.2374 10.7425 29.008 22.2215
111.3 44.2667 10.7166 28.968 22.2474
111.4 44.2959 10.6908 28.928 22.2732
111.5 44.3251 10.6651 28.888 22.2989
111.6 44.3543 10.6393 28.8479 22.3247
111.7 44.3834 10.6135 28.8079 22.3505
111.8 44.4124 10.5878 28.7678 22.3762
111.9 44.4414 10.5621 28.7278 22.4019
112 44.4704 10.5364 28.6877 22.4276
112.1 44.4993 10.5107 28.6476 22.4533
112.2 44.5281 10.4851 28.6075 22.4789
112.3 44.5569 10.4594 28.5674 22.5046
112.4 44.5857 10.4338 28.5273 22.5302
112.5 44.6144 10.4082 28.4872 22.5558
112.6 44.643 10.3826 28.447 22.5814
112.7 44.6716 10.3571 28.4069 22.6069
112.8 44.7001 10.3315 28.3667 22.6325
112.9 44.7286 10.306 28.3265 22.658
113 44.757 10.2805 28.2864 22.6835
113.1 44.7854 10.255 28.2462 22.709
113.2 44.8137 10.2295 28.206 22.7345
113.3 44.842 10.2041 28.1657 22.7599
113.4 44.8702 10.1787 28.1255 22.7853
113.5 44.8984 10.1532 28.0853 22.8108
113.6 44.9265 10.1278 28.045 22.8362
113.7 44.9545 10.1025 28.0048 22.8615
113.8 44.9825 10.0771 27.9645 22.8869
113.9 45.0104 10.0518 27.9242 22.9122
114 45.0383 10.0265 27.8839 22.9375
114.1 45.0661 10.0012 27.8436 22.9628
114.2 45.0939 9.97589 27.8033 22.9881
114.3 45.1216 9.95063 27.763 23.0134
114.4 45.1493 9.9254 27.7226 23.0386
114.5 45.1769 9.90018 27.6823 23.0638
114.6 45.2044 9.87498 27.6419 23.089
114.7 45.2319 9.84981 27.6016 23.1142
114.8 45.2593 9.82465 27.5612 23.1394
114.9 45.2867 9.79951 27.5208 23.1645
115 45.314 9.7744 27.4804 23.1896
115.1 45.3412 9.7493 27.44 23.2147
115.2 45.3684 9.72423 27.3996 23.2398
115.3 45.3956 9.69917 27.3592 23.2648
115.4 45.4227 9.67414 27.3187 23.2899
115.5 45.4497 9.64913 27.2783 23.3149
115.6 45.4766 9.62413 27.2378 23.3399
115.7 45.5035 9.59916 27.1973 23.3648
115.8 45.5304 9.57421 27.1569 23.3898
115.9 45.5571 9.54928 27.1164 23.4147
116 45.5839 9.52437 27.0759 23.4396
116.1 45.6105 9.49949 27.0354 23.4645
116.2 45.6371 9.47462 26.9948 23.4894
116.3 45.6636 9.44978 26.9543 23.5142
116.4 45.6901 9.42495 26.9138 23.539
116.5 45.7165 9.40015 26.8732 23.5638
116.6 45.7429 9.37537 26.8327 23.5886
116.7 45.7691 9.35062 26.7921 23.6134
116.8 45.7954 9.32588 26.7515 23.6381
116.9 45.8215 9.30116 26.7109 23.6628
117 45.8476 9.27647 26.6703 23.6875
117.1 45.8736 9.2518 26.6297 23.7122
117.2 45.8996 9.22715 26.5891 23.7368
117.3 45.9255 9.20252 26.5485 23.7615
117.4 45.9513 9.17792 26.5078 23.7861
117.5 45.9771 9.15334 26.4672 23.8107
117.6 46.0028 9.12878 26.4265 23.8352
117.7 46.0285 9.10424 26.3859 23.8598
117.8 46.054 9.07973 26.3452 23.8843
117.9 46.0796 9.05523 26.3045 23.9088
118 46.105 9.03076 26.2638 23.9332
118.1 46.1304 9.00632 26.2231 23.9577
118.2 46.1557 8.98189 26.1824 23.9821
118.3 46.1809 8.95749 26.1417 24.0065
118.4 46.2061 8.93311 26.1009 24.0309
118.5 46.2312 8.90876 26.0602 24.0552
118.6 46.2563 8.88442 26.0195 24.0796
118.7 46.2812 8.86011 25.9787 24.1039
118.8 46.3061 8.83583 25.9379 24.1282
118.9 46.331 8.81156 25.8971 24.1524
119 46.3557 8.78732 25.8564 24.1767
119.1 46.3804 8.76311 25.8156 24.2009
119.2 46.405 8.73892 25.7748 24.2251
119.3 46.4296 8.71475 25.7339 24.2493
119.4 46.4541 8.6906 25.6931 24.2734
119.5 46.4785 8.66648 25.6523 24.2975
119.6 46.5028 8.64238 25.6114 24.3216
119.7 46.5271 8.61831 25.5706 24.3457
119.8 46.5513 8.59426 25.5297 24.3697
119.9 46.5754 8.57023 25.4889 24.3938
120 46.5995 8.54623 25.448 24.4178
120.1 46.6235 8.52225 25.4071 24.4417
120.2 46.6474 8.4983 25.3662 24.4657
120.3 46.6712 8.47437 25.3253 24.4896
120.4 46.695 8.45046 25.2844 24.5135
120.5 46.7187 8.42658 25.2435 24.5374
120.6 46.7423 8.40273 25.2025 24.5613
120.7 46.7658 8.3789 25.1616 24.5851
120.8 46.7893 8.35509 25.1207 24.6089
120.9 46.8127 8.33131 25.0797 24.6327
121 46.836 8.30755 25.0387 24.6564
121.1 46.8592 8.28382 24.9978 24.6802
121.2 46.8823 8.26011 24.9568 24.7039
121.3 46.9054 8.23643 24.9158 24.7276
121.4 46.9284 8.21277 24.8748 24.7512
121.5 46.9513 8.18914 24.8338 24.7749
121.6 46.9742 8.16554 24.7928 24.7985
121.7 46.997 8.14196 24.7517 24.822
121.8 47.0196 8.1184 24.7107 24.8456
121.9 47.0423 8.09487 24.6697 24.8691
122 47.0648 8.07136 24.6286 24.8926
122.1 47.0872 8.04789 24.5875 24.9161
122.2 47.1096 8.02443 24.5465 24.9396
122.3 47.1319 8.001 24.5054 24.963
122.4 47.1541 7.9776 24.4643 24.9864
122.5 47.1762 7.95423 24.4232 25.0098
122.6 47.1983 7.93088 24.3821 25.0331
122.7 47.2202 7.90755 24.341 25.0564
122.8 47.2421 7.88426 24.2999 25.0797
122.9 47.2639 7.86098 24.2588 25.103
123 47.2856 7.83774 24.2176 25.1263
123.1 47.3072 7.81452 24.1765 25.1495
123.2 47.3288 7.79133 24.1354 25.1727
123.3 47.3502 7.76816 24.0942 25.1958
123.4 47.3716 7.74502 24.053 25.219
123.5 47.3929 7.72191 24.0119 25.2421
123.6 47.4141 7.69882 23.9707 25.2652
123.7 47.4352 7.67576 23.9295 25.2882
123.8 47.4562 7.65273 23.8883 25.3113
123.9 47.4772 7.62973 23.8471 25.3343
124 47.498 7.60675 23.8059 25.3573
124.1 47.5188 7.5838 23.7647 25.3802
124.2 47.5395 7.56087 23.7234 25.4031
124.3 47.56 7.53797 23.6822 25.426
124.4 47.5805 7.5151 23.6409 25.4489
124.5 47.6009 7.49226 23.5997 25.4717
124.6 47.6213 7.46944 23.5584 25.4946
124.7 47.6415 7.44666 23.5172 25.5173
124.8 47.6616 7.4239 23.4759 25.5401
124.9 47.6817 7.40116 23.4346 25.5628
125 47.7016 7.37846 23.3933 25.5855
125.1 47.7215 7.35578 23.352 25.6082
125.2 47.7412 7.33313 23.3107 25.6309
125.3 47.7609 7.31051 23.2694 25.6535
125.4 47.7805 7.28792 23.2281 25.6761
125.5 47.8 7.26535 23.1867 25.6987
125.6 47.8194 7.24281 23.1454 25.7212
125.7 47.8387 7.2203 23.1041 25.7437
125.8 47.8579 7.19782 23.0627 25.7662
125.9 47.877 7.17537 23.0214 25.7886
126 47.896 7.15294 22.98 25.8111
126.1 47.9149 7.13055 22.9386 25.8335
126.2 47.9337 7.10818 22.8972 25.8558
126.3 47.9524 7.08584 22.8558 25.8782
126.4 47.971 7.06353 22.8144 25.9005
126.5 47.9895 7.04125 22.773 25.9228
126.6 48.0079 7.01899 22.7316 25.945
126.7 48.0262 6.99677 22.6902 25.9672
126.8 48.0444 6.97457 22.6488 25.9894
126.9 48.0626 6.95241 22.6074 26.0116
127 48.0806 6.93027 22.5659 26.0337
127.1 48.0985 6.90816 22.5245 26.0558
127.2 48.1163 6.88608 22.483 26.0779
127.3 48.134 6.86403 22.4416 26.1
127.4 48.1516 6.84201 22.4001 26.122
127.5 48.1691 6.82002 22.3586 26.144
127.6 48.1865 6.79806 22.3171 26.1659
127.7 48.2037 6.77612 22.2756 26.1879
127.8 48.2209 6.75422 22.2341 26.2098
127.9 48.238 6.73235 22.1926 26.2317
128 48.2549 6.7105 22.1511 26.2535
128.1 48.2718 6.68869 22.1096 26.2753
128.2 48.2885 6.66691 22.0681 26.2971
128.3 48.3052 6.64515 22.0266 26.3188
128.4 48.3217 6.62343 21.985 26.3406
128.5 48.3381 6.60173 21.9435 26.3623
128.6 48.3544 6.58007 21.9019 26.3839
128.7 48.3706 6.55844 21.8604 26.4056
128.8 48.3867 6.53683 21.8188 26.4272
128.9 48.4027 6.51526 21.7772 26.4487
129 48.4185 6.49372 21.7356 26.4703
129.1 48.4343 6.4722 21.6941 26.4918
129.2 48.4499 6.45072 21.6525 26.5133
129.3 48.4654 6.42927 21.6109 26.5347
129.4 48.4808 6.40785 21.5693 26.5562
129.5 48.4961 6.38646 21.5276 26.5775
129.6 48.5113 6.3651 21.486 26.5989
129.7 48.5264 6.34377 21.4444 26.6202
129.8 48.5413 6.32247 21.4028 26.6415
129.9 48.5561 6.30121 21.3611 26.6628
130 48.5708 6.27997 21.3195 26.684
130.1 48.5854 6.25877 21.2778 26.7052
130.2 48.5999 6.23759 21.2362 26.7264
130.3 48.6142 6.21645 21.1945 26.7476
130.4 48.6284 6.19534 21.1528 26.7687
130.5 48.6425 6.17426 21.1111 26.7897
130.6 48.6565 6.15321 21.0695 26.8108
130.7 48.6703 6.13219 21.0278 26.8318
130.8 48.684 6.11121 20.9861 26.8528
130.9 48.6976 6.09025 20.9444 26.8737
131 48.7111 6.06933 20.9026 26.8947
131.1 48.7245 6.04844 20.8609 26.9156
131.2 48.7377 6.02758 20.8192 26.9364
131.3 48.7508 6.00676 20.7775 26.9572
131.4 48.7638 5.98596 20.7357 26.978
131.5 48.7766 5.9652 20.694 26.9988
131.6 48.7893 5.94447 20.6522 27.0195
131.7 48.8019 5.92377 20.6105 27.0402
131.8 48.8143 5.9031 20.5687 27.0609
131.9 48.8266 5.88247 20.527 27.0815
132 48.8388 5.86187 20.4852 27.1021
132.1 48.8509 5.8413 20.4434 27.1227
132.2 48.8628 5.82076 20.4016 27.1432
132.3 48.8746 5.80025 20.3598 27.1637
132.4 48.8862 5.77978 20.318 27.1842
132.5 48.8977 5.75934 20.2762 27.2047
132.6 48.9091 5.73894 20.2344 27.2251
132.7 48.9203 5.71856 20.1926 27.2454
132.8 48.9314 5.69822 20.1508 27.2658
132.9 48.9424 5.67791 20.1089 27.2861
133 48.9532 5.65764 20.0671 27.3064
133.1 48.9639 5.63739 20.0253 27.3266
133.2 48.9744 5.61718 19.9834 27.3468
133.3 48.9848 5.59701 19.9416 27.367
133.4 48.9951 5.57686 19.8997 27.3871
133.5 49.0052 5.55675 19.8578 27.4072
133.6 49.0151 5.53668 19.816 27.4273
133.7 49.025 5.51663 19.7741 27.4474
133.8 49.0346 5.49662 19.7322 27.4674
133.9 49.0442 5.47664 19.6903 27.4874
134 49.0535 5.4567 19.6484 27.5073
134.1 49.0628 5.43679 19.6065 27.5272
134.2 49.0718 5.41692 19.5646 27.5471
134.3 49.0808 5.39707 19.5227 27.5669
134.4 49.0895 5.37726 19.4808 27.5867
134.5 49.0982 5.35749 19.4389 27.6065
134.6 49.1066 5.33775 19.3969 27.6263
134.7 49.115 5.31804 19.355 27.646
134.8 49.1231 5.29837 19.3131 27.6656
134.9 49.1311 5.27873 19.2711 27.6853
135 49.139 5.25913 19.2292 27.7049
135.1 49.1467 5.23956 19.1872 27.7244
135.2 49.1542 5.22002 19.1453 27.744
135.3 49.1616 5.20052 19.1033 27.7635
135.4 49.1688 5.18105 19.0613 27.783
135.5 49.1759 5.16162 19.0193 27.8024
135.6 49.1828 5.14222 18.9773 27.8218
135.7 49.1895 5.12285 18.9354 27.8411
135.8 49.1961 5.10352 18.8934 27.8605
135.9 49.2025 5.08423 18.8514 27.8798
136 49.2087 5.06497 18.8093 27.899
136.1 49.2148 5.04574 18.7673 27.9183
136.2 49.2207 5.02655 18.7253 27.9374
136.3 49.2264 5.0074 18.6833 27.9566
136.4 49.232 4.98828 18.6413 27.9757
136.5 49.2374 4.96919 18.5992 27.9948
136.6 49.2426 4.95014 18.5572 28.0139
136.7 49.2476 4.93112 18.5151 28.0329
136.8 49.2525 4.91214 18.4731 28.0519
136.9 49.2572 4.8932 18.431 28.0708
137 49.2617 4.87429 18.389 28.0897
137.1 49.2661 4.85542 18.3469 28.1086
137.2 49.2703 4.83658 18.3048 28.1274
137.3 49.2743 4.81777 18.2628 28.1462
137.4 49.2781 4.799 18.2207 28.165
137.5 49.2817 4.78027 18.1786 28.1837
137.6 49.2852 4.76158 18.1365 28.2024
137.7 49.2884 4.74291 18.0944 28.2211
137.8 49.2915 4.72429 18.0523 28.2397
137.9 49.2944 4.7057 18.0102 28.2583
138 49.2971 4.68715 17.9681 28.2769
138.1 49.2996 4.66863 17.926 28.2954
138.2 49.302 4.65015 17.8838 28.3139
138.3 49.3041 4.6317 17.8417 28.3323
138.4 49.3061 4.61329 17.7996 28.3507
138.5 49.3078 4.59492 17.7574 28.3691
138.6 49.3094 4.57658 17.7153 28.3874
138.7 49.3108 4.55828 17.6732 28.4057
138.8 49.312 4.54002 17.631 28.424
138.9 49.313 4.52179 17.5888 28.4422
139 49.3137 4.5036 17.5467 28.4604
139.1 49.3143 4.48544 17.5045 28.4786
139.2 49.3147 4.46732 17.4623 28.4967
139.3 49.3149 4.44924 17.4202 28.5148
139.4 49.3149 4.43119 17.378 28.5328
139.5 49.3147 4.41319 17.3358 28.5508
139.6 49.3142 4.39521 17.2936 28.5688
139.7 49.3136 4.37728 17.2514 28.5867
139.8 49.3128 4.35938 17.2092 28.6046
139.9 49.3117 4.34152 17.167 28.6225
140 49.3104 4.32369 17.1248 28.6403
140.1 49.309 4.30591 17.0826 28.6581
140.2 49.3073 4.28816 17.0403 28.6758
140.3 49.3054 4.27044 16.9981 28.6936
140.4 49.3033 4.25277 16.9559 28.7112
140.5 49.3009 4.23513 16.9136 28.7289
140.6 49.2984 4.21753 16.8714 28.7465
140.7 49.2956 4.19996 16.8292 28.764
140.8 49.2926 4.18244 16.7869 28.7816
140.9 49.2894 4.16495 16.7447 28.7991
141 49.286 4.1475 16.7024 28.8165
141.1 49.2823 4.13008 16.6601 28.8339
141.2 49.2784 4.11271 16.6179 28.8513
141.3 49.2743 4.09537 16.5756 28.8686
141.4 49.27 4.07807 16.5333 28.8859
141.5 49.2654 4.0608 16.491 28.9032
141.6 49.2606 4.04358 16.4487 28.9204
141.7 49.2555 4.02639 16.4065 28.9376
141.8 49.2503 4.00924 16.3642 28.9548
141.9 49.2448 3.99213 16.3219 28.9719
142 49.239 3.97505 16.2796 28.9889
142.1 49.233 3.95802 16.2372 29.006
142.2 49.2268 3.94102 16.1949 29.023
142.3 49.2203 3.92406 16.1526 29.0399
142.4 49.2136 3.90714 16.1103 29.0569
142.5 49.2066 3.89026 16.068 29.0737
142.6 49.1994 3.87342 16.0256 29.0906
142.7 49.1919 3.85661 15.9833 29.1074
142.8 49.1842 3.83984 15.941 29.1242
142.9 49.1762 3.82311 15.8986 29.1409
143 49.168 3.80642 15.8563 29.1576
143.1 49.1596 3.78977 15.8139 29.1742
143.2 49.1508 3.77316 15.7716 29.1908
143.3 49.1418 3.75658 15.7292 29.2074
143.4 49.1326 3.74005 15.6868 29.224
143.5 49.1231 3.72355 15.6445 29.2404
143.6 49.1133 3.7071 15.6021 29.2569
143.7 49.1032 3.69068 15.5597 29.2733
143.8 49.0929 3.6743 15.5173 29.2897
143.9 49.0823 3.65796 15.4749 29.306
144 49.0715 3.64165 15.4325 29.3223
144.1 49.0604 3.62539 15.3902 29.3386
144.2 49.049 3.60917 15.3478 29.3548
144.3 49.0373 3.59298 15.3053 29.371
144.4 49.0253 3.57684 15.2629 29.3872
144.5 49.0131 3.56073 15.2205 29.4033
144.6 49.0006 3.54467 15.1781 29.4193
144.7 48.9878 3.52864 15.1357 29.4354
144.8 48.9747 3.51265 15.0933 29.4513
144.9 48.9613 3.4967 15.0508 29.4673
145 48.9476 3.48079 15.0084 29.4832
145.1 48.9337 3.46493 14.966 29.4991
145.2 48.9194 3.4491 14.9235 29.5149
145.3 48.9049 3.43331 14.8811 29.5307
145.4 48.8901 3.41756 14.8386 29.5464
145.5 48.8749 3.40185 14.7962 29.5622
145.6 48.8595 3.38618 14.7537 29.5778
145.7 48.8437 3.37055 14.7113 29.5935
145.8 48.8277 3.35496 14.6688 29.609
145.9 48.8113 3.33941 14.6263 29.6246
146 48.7947 3.3239 14.5839 29.6401
146.1 48.7777 3.30843 14.5414 29.6556
146.2 48.7604 3.293 14.4989 29.671
146.3 48.7428 3.27761 14.4564 29.6864
146.4 48.7248 3.26226 14.4139 29.7017
146.5 48.7066 3.24695 14.3715 29.7171
146.6 48.688 3.23168 14.329 29.7323
146.7 48.6691 3.21645 14.2865 29.7476
146.8 48.6499 3.20126 14.244 29.7627
146.9 48.6304 3.18611 14.2014 29.7779
147 48.6105 3.17101 14.1589 29.793
147.1 48.5903 3.15594 14.1164 29.8081
147.2 48.5697 3.14091 14.0739 29.8231
147.3 48.5489 3.12593 14.0314 29.8381
147.4 48.5276 3.11098 13.9889 29.853
147.5 48.5061 3.09608 13.9463 29.8679
147.6 48.4841 3.08121 13.9038 29.8828
147.7 48.4619 3.06639 13.8613 29.8976
147.8 48.4393 3.05161 13.8187 29.9124
147.9 48.4163 3.03687 13.7762 29.9271
148 48.393 3.02217 13.7336 29.9418
148.1 48.3693 3.00751 13.6911 29.9565
148.2 48.3453 2.99289 13.6485 29.9711
148.3 48.3209 2.97832 13.606 29.9857
148.4 48.2961 2.96378 13.5634 30.0002
148.5 48.271 2.94929 13.5208 30.0147
148.6 48.2455 2.93483 13.4783 30.0292
148.7 48.2196 2.92042 13.4357 30.0436
148.8 48.1934 2.90605 13.3931 30.0579
148.9 48.1668 2.89172 13.3506 30.0723
149 48.1398 2.87743 13.308 30.0866
149.1 48.1124 2.86319 13.2654 30.1008
149.2 48.0846 2.84898 13.2228 30.115
149.3 48.0564 2.83482 13.1802 30.1292
149.4 48.0279 2.8207 13.1376 30.1433
149.5 47.9989 2.80662 13.095 30.1574
149.6 47.9696 2.79258 13.0524 30.1714
149.7 47.9399 2.77858 13.0098 30.1854
149.8 47.9097 2.76463 12.9672 30.1994
149.9 47.8792 2.75071 12.9246 30.2133
150 47.8482 2.73684 12.882 30.2272
150.1 47.8169 2.72301 12.8393 30.241
150.2 47.7851 2.70922 12.7967 30.2548
150.3 47.7529 2.69548 12.7541 30.2685
150.4 47.7203 2.68178 12.7115 30.2822
150.5 47.6872 2.66811 12.6688 30.2959
150.6 47.6538 2.65449 12.6262 30.3095
150.7 47.6199 2.64092 12.5836 30.3231
150.8 47.5855 2.62738 12.5409 30.3366
150.9 47.5508 2.61389 12.4983 30.3501
151 47.5156 2.60044 12.4556 30.3636
151.1 47.4799 2.58703 12.413 30.377
151.2 47.4438 2.57366 12.3703 30.3903
151.3 47.4073 2.56034 12.3276 30.4037
151.4 47.3703 2.54706 12.285 30.4169
151.5 47.3329 2.53382 12.2423 30.4302
151.6 47.295 2.52062 12.1997 30.4434
151.7 47.2566 2.50747 12.157 30.4565
151.8 47.2178 2.49436 12.1143 30.4696
151.9 47.1785 2.48129 12.0716 30.4827
152 47.1388 2.46826 12.0289 30.4957
152.1 47.0985 2.45528 11.9863 30.5087
152.2 47.0578 2.44234 11.9436 30.5217
152.3 47.0166 2.42944 11.9009 30.5346
152.4 46.975 2.41658 11.8582 30.5474
152.5 46.9328 2.40377 11.8155 30.5602
152.6 46.8901 2.391 11.7728 30.573
152.7 46.847 2.37828 11.7301 30.5857
152.8 46.8033 2.36559 11.6874 30.5984
152.9 46.7592 2.35295 11.6447 30.611
153 46.7145 2.34035 11.602 30.6236
153.1 46.6694 2.3278 11.5593 30.6362
153.2 46.6237 2.31529 11.5165 30.6487
153.3 46.5775 2.30282 11.4738 30.6612
153.4 46.5308 2.29039 11.4311 30.6736
153.5 46.4835 2.27801 11.3884 30.686
153.6 46.4357 2.26567 11.3456 30.6983
153.7 46.3874 2.25338 11.3029 30.7106
153.8 46.3386 2.24113 11.2602 30.7229
153.9 46.2892 2.22892 11.2174 30.7351
154 46.2392 2.21675 11.1747 30.7472
154.1 46.1888 2.20463 11.132 30.7594
154.2 46.1377 2.19255 11.0892 30.7714
154.3 46.0861 2.18052 11.0465 30.7835
154.4 46.034 2.16853 11.0037 30.7955
154.5 45.9813 2.15658 10.961 30.8074
154.6 45.928 2.14468 10.9182 30.8193
154.7 45.8741 2.13282 10.8754 30.8312
154.8 45.8197 2.121 10.8327 30.843
154.9 45.7646 2.10923 10.7899 30.8548
155 45.709 2.0975 10.7472 30.8665
155.1 45.6528 2.08581 10.7044 30.8782
155.2 45.596 2.07417 10.6616 30.8898
155.3 45.5386 2.06258 10.6188 30.9014
155.4 45.4806 2.05102 10.5761 30.913
155.5 45.422 2.03951 10.5333 30.9245
155.6 45.3628 2.02805 10.4905 30.936
155.7 45.3029 2.01663 10.4477 30.9474
155.8 45.2425 2.00525 10.4049 30.9588
155.9 45.1814 1.99391 10.3621 30.9701
156 45.1196 1.98263 10.3193 30.9814
156.1 45.0573 1.97138 10.2765 30.9926
156.2 44.9943 1.96018 10.2337 31.0038
156.3 44.9306 1.94902 10.1909 31.015
156.4 44.8663 1.93791 10.1481 31.0261
156.5 44.8013 1.92684 10.1053 31.0372
156.6 44.7357 1.91582 10.0625 31.0482
156.7 44.6694 1.90484 10.0197 31.0592
156.8 44.6025 1.89391 9.97689 31.0701
156.9 44.5348 1.88302 9.93407 31.081
157 44.4665 1.87217 9.89125 31.0918
157.1 44.3975 1.86137 9.84843 31.1026
157.2 44.3278 1.85061 9.80561 31.1134
157.3 44.2574 1.8399 9.76278 31.1241
157.4 44.1864 1.82923 9.71995 31.1348
157.5 44.1146 1.81861 9.67712 31.1454
157.6 44.0421 1.80803 9.63429 31.156
157.7 43.9688 1.7975 9.59145 31.1665
157.8 43.8949 1.78701 9.54861 31.177
157.9 43.8202 1.77656 9.50577 31.1874
158 43.7448 1.76616 9.46293 31.1978
158.1 43.6686 1.75581 9.42008 31.2082
158.2 43.5917 1.7455 9.37723 31.2185
158.3 43.5141 1.73523 9.33438 31.2288
158.4 43.4357 1.72501 9.29153 31.239
158.5 43.3565 1.71484 9.24867 31.2492
158.6 43.2766 1.70471 9.20582 31.2593
158.7 43.1959 1.69462 9.16296 31.2694
158.8 43.1144 1.68458 9.1201 31.2794
158.9 43.0321 1.67459 9.07723 31.2894
159 42.9491 1.66464 9.03437 31.2994
159.1 42.8652 1.65474 8.9915 31.3093
159.2 42.7806 1.64488 8.94863 31.3191
159.3 42.6951 1.63506 8.90575 31.3289
159.4 42.6088 1.62529 8.86288 31.3387
159.5 42.5217 1.61557 8.82 31.3484
159.6 42.4338 1.60589 8.77712 31.3581
159.7 42.3451 1.59626 8.73424 31.3677
159.8 42.2555 1.58667 8.69136 31.3773
159.9 42.165 1.57713 8.64847 31.3869
160 42.0737 1.56763 8.60558 31.3964
160.1 41.9816 1.55818 8.56269 31.4058
160.2 41.8886 1.54877 8.5198 31.4152
160.3 41.7947 1.53941 8.4769 31.4246
160.4 41.7 1.5301 8.43401 31.4339
160.5 41.6043 1.52083 8.39111 31.4432
160.6 41.5078 1.5116 8.34821 31.4524
160.7 41.4104 1.50242 8.30531 31.4616
160.8 41.3121 1.49329 8.2624 31.4707
160.9 41.2129 1.4842 8.21949 31.4798
161 41.1127 1.47516 8.17659 31.4888
161.1 41.0117 1.46617 8.13367 31.4978
161.2 40.9097 1.45722 8.09076 31.5068
161.3 40.8067 1.44831 8.04785 31.5157
161.4 40.7029 1.43945 8.00493 31.5245
161.5 40.5981 1.43064 7.96201 31.5334
161.6 40.4923 1.42188 7.91909 31.5421
161.7 40.3856 1.41315 7.87617 31.5508
161.8 40.2779 1.40448 7.83324 31.5595
161.9 40.1692 1.39585 7.79032 31.5681
162 40.0596 1.38727 7.74739 31.5767
162.1 39.9489 1.37873 7.70446 31.5853
162.2 39.8373 1.37024 7.66153 31.5938
162.3 39.7247 1.36179 7.61859 31.6022
162.4 39.611 1.3534 7.57566 31.6106
162.5 39.4964 1.34504 7.53272 31.619
162.6 39.3807 1.33674 7.48978 31.6273
162.7 39.264 1.32847 7.44684 31.6355
162.8 39.1462 1.32026 7.4039 31.6437
162.9 39.0274 1.31209 7.36095 31.6519
163 38.9076 1.30397 7.31801 31.66
163.1 38.7867 1.29589 7.27506 31.6681
163.2 38.6647 1.28786 7.23211 31.6761
163.3 38.5416 1.27988 7.18915 31.6841
163.4 38.4175 1.27194 7.1462 31.6921
163.5 38.2923 1.26405 7.10325 31.6999
163.6 38.166 1.25621 7.06029 31.7078
163.7 38.0386 1.24841 7.01733 31.7156
163.8 37.9101 1.24066 6.97437 31.7233
163.9 37.7805 1.23295 6.93141 31.731
164 37.6497 1.2253 6.88844 31.7387
164.1 37.5178 1.21768 6.84548 31.7463
164.2 37.3848 1.21012 6.80251 31.7539
164.3 37.2506 1.2026 6.75954 31.7614
164.4 37.1153 1.19513 6.71657 31.7689
164.5 36.9789 1.1877 6.6736 31.7763
164.6 36.8412 1.18032 6.63062 31.7837
164.7 36.7024 1.17299 6.58765 31.791
164.8 36.5624 1.1657 6.54467 31.7983
164.9 36.4212 1.15846 6.50169 31.8055
165 36.2788 1.15127 6.45871 31.8127
165.1 36.1353 1.14412 6.41573 31.8199
165.2 35.9905 1.13702 6.37275 31.827
165.3 35.8445 1.12997 6.32976 31.834
165.4 35.6972 1.12296 6.28678 31.841
165.5 35.5488 1.116 6.24379 31.848
165.6 35.3991 1.10909 6.2008 31.8549
165.7 35.2481 1.10223 6.15781 31.8618
165.8 35.096 1.09541 6.11482 31.8686
165.9 34.9425 1.08864 6.07182 31.8754
166 34.7878 1.08191 6.02883 31.8821
166.1 34.6318 1.07523 5.98583 31.8888
166.2 34.4745 1.0686 5.94283 31.8954
166.3 34.316 1.06202 5.89983 31.902
166.4 34.1561 1.05548 5.85683 31.9085
166.5 33.995 1.04899 5.81383 31.915
166.6 33.8325 1.04255 5.77083 31.9215
166.7 33.6688 1.03615 5.72782 31.9278
166.8 33.5037 1.0298 5.68482 31.9342
166.9 33.3373 1.0235 5.64181 31.9405
167 33.1696 1.01725 5.5988 31.9468
167.1 33.0005 1.01104 5.55579 31.953
167.2 32.8301 1.00488 5.51278 31.9591
167.3 32.6583 0.998763 5.46976 31.9652
167.4 32.4852 0.992697 5.42675 31.9713
167.5 32.3107 0.986678 5.38373 31.9773
167.6 32.1348 0.980706 5.34072 31.9833
167.7 31.9576 0.974781 5.2977 31.9892
167.8 31.779 0.968904 5.25468 31.9951
167.9 31.599 0.963073 5.21166 32.0009
168 31.4176 0.95729 5.16863 32.0067
168.1 31.2348 0.951554 5.12561 32.0124
168.2 31.0506 0.945866 5.08259 32.0181
168.3 30.865 0.940225 5.03956 32.0238
168.4 30.678 0.934631 4.99653 32.0294
168.5 30.4896 0.929085 4.95351 32.0349
168.6 30.2997 0.923586 4.91048 32.0404
168.7 30.1085 0.918134 4.86745 32.0459
168.8 29.9158 0.91273 4.82441 32.0513
168.9 29.7216 0.907373 4.78138 32.0566
169 29.5261 0.902064 4.73835 32.0619
169.1 29.329 0.896802 4.69531 32.0672
169.2 29.1306 0.891588 4.65228 32.0724
169.3 28.9306 0.886421 4.60924 32.0776
169.4 28.7293 0.881301 4.5662 32.0827
169.5 28.5264 0.876229 4.52316 32.0878
169.6 28.3222 0.871205 4.48012 32.0928
169.7 28.1164 0.866228 4.43708 32.0978
169.8 27.9092 0.861299 4.39403 32.1027
169.9 27.7005 0.856417 4.35099 32.1076
170 27.4903 0.851583 4.30795 32.1124
170.1 27.2787 0.846797 4.2649 32.1172
170.2 27.0656 0.842058 4.22185 32.1219
170.3 26.851 0.837367 4.1788 32.1266
170.4 26.6349 0.832723 4.13576 32.1313
170.5 26.4174 0.828128 4.09271 32.1359
170.6 26.1983 0.823579 4.04966 32.1404
170.7 25.9778 0.819079 4.0066 32.1449
170.8 25.7558 0.814626 3.96355 32.1494
170.9 25.5323 0.810221 3.9205 32.1538
171 25.3074 0.805864 3.87744 32.1581
171.1 25.0809 0.801554 3.83439 32.1624
171.2 24.853 0.797293 3.79133 32.1667
171.3 24.6236 0.793079 3.74827 32.1709
171.4 24.3927 0.788913 3.70521 32.1751
171.5 24.1603 0.784794 3.66216 32.1792
171.6 23.9265 0.780724 3.6191 32.1833
171.7 23.6912 0.776701 3.57603 32.1873
171.8 23.4544 0.772726 3.53297 32.1913
171.9 23.2161 0.768799 3.48991 32.1952
172 22.9764 0.76492 3.44685 32.1991
172.1 22.7352 0.761088 3.40378 32.2029
172.2 22.4925 0.757305 3.36072 32.2067
172.3 22.2484 0.753569 3.31765 32.2104
172.4 22.0029 0.749882 3.27458 32.2141
172.5 21.7559 0.746242 3.23152 32.2178
172.6 21.5074 0.74265 3.18845 32.2213
172.7 21.2575 0.739107 3.14538 32.2249
172.8 21.0062 0.735611 3.10231 32.2284
172.9 20.7534 0.732163 3.05924 32.2318
173 20.4993 0.728763 3.01617 32.2352
173.1 20.2437 0.725411 2.9731 32.2386
173.2 19.9867 0.722107 2.93002 32.2419
173.3 19.7283 0.718851 2.88695 32.2451
173.4 19.4685 0.715643 2.84388 32.2484
173.5 19.2074 0.712484 2.8008 32.2515
173.6 18.9449 0.709372 2.75773 32.2546
173.7 18.681 0.706308 2.71465 32.2577
173.8 18.4157 0.703292 2.67158 32.2607
173.9 18.1491 0.700324 2.6285 32.2637
174 17.8812 0.697405 2.58542 32.2666
174.1 17.612 0.694533 2.54234 32.2695
174.2 17.3414 0.69171 2.49926 32.2723
174.3 17.0696 0.688935 2.45618 32.2751
174.4 16.7964 0.686207 2.4131 32.2778
174.5 16.522 0.683528 2.37002 32.2805
174.6 16.2463 0.680897 2.32694 32.2831
174.7 15.9694 0.678315 2.28386 32.2857
174.8 15.6912 0.67578 2.24078 32.2882
174.9 15.4118 0.673293 2.19769 32.2907
175 15.1312 0.670855 2.15461 32.2931
175.1 14.8494 0.668465 2.11153 32.2955
175.2 14.5665 0.666123 2.06844 32.2979
175.3 14.2823 0.663829 2.02536 32.3002
175.4 13.9971 0.661583 1.98227 32.3024
175.5 13.7107 0.659386 1.93919 32.3046
175.6 13.4232 0.657236 1.8961 32.3068
175.7 13.1346 0.655135 1.85301 32.3089
175.8 12.8449 0.653082 1.80992 32.3109
175.9 12.5541 0.651078 1.76684 32.3129
176 12.2624 0.649121 1.72375 32.3149
176.1 11.9696 0.647213 1.68066 32.3168
176.2 11.6758 0.645353 1.63757 32.3186
176.3 11.381 0.643541 1.59448 32.3205
176.4 11.0853 0.641778 1.55139 32.3222
176.5 10.7886 0.640063 1.5083 32.3239
176.6 10.491 0.638396 1.46521 32.3256
176.7 10.1926 0.636777 1.42212 32.3272
176.8 9.8932 0.635206 1.37903 32.3288
176.9 9.593 0.633684 1.33594 32.3303
177 9.29196 0.63221 1.29285 32.3318
177.1 8.99012 0.630785 1.24976 32.3332
177.2 8.6875 0.629407 1.20666 32.3346
177.3 8.38412 0.628078 1.16357 32.3359
177.4 8.08 0.626798 1.12048 32.3372
177.5 7.77517 0.625565 1.07738 32.3384
177.6 7.46965 0.624381 1.03429 32.3396
177.7 7.16348 0.623245 0.991197 32.3408
177.8 6.85667 0.622158 0.948104 32.3418
177.9 6.54924 0.621118 0.905009 32.3429
178 6.24124 0.620127 0.861915 32.3439
178.1 5.93267 0.619185 0.818821 32.3448
178.2 5.62358 0.618291 0.775726 32.3457
178.3 5.31397 0.617445 0.732631 32.3466
178.4 5.00389 0.616647 0.689536 32.3474
178.5 4.69335 0.615898 0.646441 32.3481
178.6 4.3824 0.615197 0.603345 32.3488
178.7 4.07104 0.614544 0.56025 32.3495
178.8 3.75931 0.61394 0.517154 32.3501
178.9 3.44725 0.613384 0.474059 32.3506
179 3.13486 0.612876 0.430963 32.3511
179.1 2.82219 0.612417 0.387867 32.3516
179.2 2.50927 0.612006 0.344771 32.352
179.3 2.19611 0.611643 0.301674 32.3524
179.4 1.88276 0.611329 0.258578 32.3527
179.5 1.56923 0.611063 0.215482 32.3529
179.6 1.25556 0.610846 0.172386 32.3532
179.7 0.941767 0.610677 0.129289 32.3533
179.8 0.627893 0.610556 0.0861929 32.3534
179.9 0.313961 0.610483 0.0430964 32.3535
180 2.20301e-14 0.610459 3.02395e-15 32.3535
