#kinematics calculation of gsex
#vertex z = 50 mm, E_reaction = 66.411 MeV
#theta_cm, theta3_lab, Ek3_lab, theta4_lab, Ek4_lab
0 0 61.8907 0 0.0803084
0.1 0.0481398 61.8906 1.33771 0.0803555
0.2 0.0962796 61.8905 2.6738 0.0804967
0.3 0.144419 61.8903 4.00665 0.080732
0.4 0.192559 61.8899 5.33467 0.0810615
0.5 0.240699 61.8895 6.6563 0.0814852
0.6 0.288839 61.889 7.97004 0.082003
0.7 0.336979 61.8884 9.27442 0.0826149
0.8 0.385118 61.8877 10.568 0.083321
0.9 0.433258 61.8869 11.8496 0.0841211
1 0.481398 61.886 13.1178 0.0850155
1.1 0.529537 61.885 14.3715 0.0860039
1.2 0.577677 61.8839 15.6095 0.0870865
1.3 0.625817 61.8827 16.831 0.0882632
1.4 0.673956 61.8815 18.035 0.089534
1.5 0.722096 61.8801 19.2207 0.090899
1.6 0.770235 61.8786 20.3873 0.092358
1.7 0.818375 61.8771 21.5343 0.0939112
1.8 0.866514 61.8754 22.661 0.0955585
1.9 0.914654 61.8737 23.7671 0.0972998
2 0.962793 61.8719 24.8521 0.0991353
2.1 1.01093 61.8699 25.9157 0.101065
2.2 1.05907 61.8679 26.9578 0.103088
2.3 1.10721 61.8658 27.9782 0.105206
2.4 1.15535 61.8636 28.9768 0.107418
2.5 1.20349 61.8613 29.9536 0.109724
2.6 1.25163 61.8589 30.9085 0.112124
2.7 1.29977 61.8564 31.8418 0.114618
2.8 1.34791 61.8538 32.7536 0.117205
2.9 1.39604 61.8511 33.6439 0.119887
3 1.44418 61.8483 34.5131 0.122663
3.1 1.49232 61.8455 35.3614 0.125534
3.2 1.54046 61.8425 36.1891 0.128498
3.3 1.5886 61.8394 36.9964 0.131556
3.4 1.63674 61.8363 37.7837 0.134708
3.5 1.68488 61.833 38.5514 0.137954
3.6 1.73301 61.8297 39.2998 0.141294
3.7 1.78115 61.8263 40.0292 0.144728
3.8 1.82929 61.8227 40.7402 0.148255
3.9 1.87743 61.8191 41.433 0.151877
4 1.92557 61.8154 42.1081 0.155593
4.1 1.9737 61.8116 42.7659 0.159403
4.2 2.02184 61.8077 43.4067 0.163306
4.3 2.06998 61.8037 44.0311 0.167304
4.4 2.11812 61.7996 44.6393 0.171395
4.5 2.16625 61.7954 45.2318 0.17558
4.6 2.21439 61.7911 45.8091 0.179859
4.7 2.26253 61.7868 46.3714 0.184232
4.8 2.31067 61.7823 46.9192 0.188699
4.9 2.3588 61.7777 47.4529 0.193259
5 2.40694 61.7731 47.9728 0.197914
5.1 2.45508 61.7683 48.4793 0.202662
5.2 2.50321 61.7635 48.9728 0.207504
5.3 2.55135 61.7586 49.4537 0.212439
5.4 2.59948 61.7535 49.9223 0.217469
5.5 2.64762 61.7484 50.3789 0.222592
5.6 2.69576 61.7432 50.8238 0.227809
5.7 2.74389 61.7379 51.2575 0.233119
5.8 2.79203 61.7325 51.6801 0.238523
5.9 2.84016 61.727 52.0921 0.244021
6 2.8883 61.7214 52.4937 0.249613
6.1 2.93643 61.7157 52.8852 0.255298
6.2 2.98457 61.7099 53.267 0.261077
6.3 3.0327 61.7041 53.6391 0.266949
6.4 3.08084 61.6981 54.0021 0.272915
6.5 3.12897 61.692 54.356 0.278974
6.6 3.17711 61.6859 54.7012 0.285127
6.7 3.22524 61.6796 55.0378 0.291374
6.8 3.27338 61.6733 55.3663 0.297714
6.9 3.32151 61.6669 55.6866 0.304147
7 3.36964 61.6603 55.9992 0.310674
7.1 3.41778 61.6537 56.3042 0.317295
7.2 3.46591 61.647 56.6018 0.324009
7.3 3.51404 61.6402 56.8922 0.330816
7.4 3.56218 61.6333 57.1756 0.337716
7.5 3.61031 61.6263 57.4523 0.34471
7.6 3.65844 61.6192 57.7223 0.351798
7.7 3.70657 61.612 57.9859 0.358978
7.8 3.75471 61.6047 58.2433 0.366252
7.9 3.80284 61.5974 58.4946 0.373619
8 3.85097 61.5899 58.7399 0.38108
8.1 3.8991 61.5824 58.9795 0.388634
8.2 3.94723 61.5747 59.2135 0.39628
8.3 3.99536 61.567 59.442 0.404021
8.4 4.0435 61.5591 59.6652 0.411854
8.5 4.09163 61.5512 59.8832 0.41978
8.6 4.13976 61.5432 60.0962 0.4278
8.7 4.18789 61.5351 60.3043 0.435912
8.8 4.23602 61.5269 60.5076 0.444118
8.9 4.28415 61.5186 60.7062 0.452416
9 4.33228 61.5102 60.9003 0.460808
9.1 4.38041 61.5017 61.0899 0.469293
9.2 4.42854 61.4931 61.2752 0.47787
9.3 4.47667 61.4845 61.4563 0.486541
9.4 4.52479 61.4757 61.6333 0.495304
9.5 4.57292 61.4668 61.8063 0.504161
9.6 4.62105 61.4579 61.9754 0.51311
9.7 4.66918 61.4488 62.1407 0.522152
9.8 4.71731 61.4397 62.3023 0.531287
9.9 4.76543 61.4305 62.4603 0.540514
10 4.81356 61.4212 62.6147 0.549834
10.1 4.86169 61.4118 62.7656 0.559247
10.2 4.90982 61.4022 62.9132 0.568753
10.3 4.95794 61.3926 63.0575 0.578351
10.4 5.00607 61.383 63.1986 0.588042
10.5 5.05419 61.3732 63.3365 0.597826
10.6 5.10232 61.3633 63.4714 0.607702
10.7 5.15045 61.3533 63.6033 0.617671
10.8 5.19857 61.3433 63.7322 0.627732
10.9 5.2467 61.3331 63.8583 0.637886
11 5.29482 61.3229 63.9816 0.648132
11.1 5.34294 61.3125 64.1022 0.65847
11.2 5.39107 61.3021 64.2201 0.668901
11.3 5.43919 61.2916 64.3354 0.679425
11.4 5.48732 61.281 64.4481 0.69004
11.5 5.53544 61.2703 64.5583 0.700748
11.6 5.58356 61.2595 64.6661 0.711548
11.7 5.63168 61.2486 64.7715 0.722441
11.8 5.67981 61.2376 64.8746 0.733425
11.9 5.72793 61.2265 64.9754 0.744502
12 5.77605 61.2153 65.074 0.755671
12.1 5.82417 61.2041 65.1703 0.766932
12.2 5.87229 61.1927 65.2645 0.778284
12.3 5.92041 61.1813 65.3567 0.789729
12.4 5.96853 61.1697 65.4467 0.801266
12.5 6.01665 61.1581 65.5348 0.812895
12.6 6.06477 61.1464 65.6209 0.824616
12.7 6.11289 61.1346 65.705 0.836429
12.8 6.16101 61.1227 65.7873 0.848333
12.9 6.20913 61.1107 65.8677 0.86033
13 6.25725 61.0986 65.9463 0.872418
13.1 6.30537 61.0864 66.0231 0.884598
13.2 6.35349 61.0741 66.0982 0.896869
13.3 6.4016 61.0618 66.1716 0.909232
13.4 6.44972 61.0493 66.2433 0.921687
13.5 6.49784 61.0368 66.3133 0.934233
13.6 6.54595 61.0241 66.3818 0.946871
13.7 6.59407 61.0114 66.4487 0.959601
13.8 6.64219 60.9986 66.514 0.972422
13.9 6.6903 60.9857 66.5778 0.985334
14 6.73842 60.9727 66.6401 0.998338
14.1 6.78653 60.9596 66.701 1.01143
14.2 6.83465 60.9464 66.7604 1.02462
14.3 6.88276 60.9331 66.8185 1.0379
14.4 6.93087 60.9197 66.8751 1.05127
14.5 6.97899 60.9063 66.9304 1.06473
14.6 7.0271 60.8927 66.9844 1.07828
14.7 7.07521 60.8791 67.037 1.09192
14.8 7.12332 60.8653 67.0884 1.10565
14.9 7.17144 60.8515 67.1386 1.11948
15 7.21955 60.8376 67.1875 1.13339
15.1 7.26766 60.8236 67.2351 1.1474
15.2 7.31577 60.8095 67.2816 1.1615
15.3 7.36388 60.7953 67.327 1.17568
15.4 7.41199 60.781 67.3711 1.18996
15.5 7.4601 60.7667 67.4142 1.20433
15.6 7.50821 60.7522 67.4561 1.21879
15.7 7.55632 60.7377 67.497 1.23334
15.8 7.60442 60.723 67.5368 1.24799
15.9 7.65253 60.7083 67.5755 1.26272
16 7.70064 60.6935 67.6132 1.27754
16.1 7.74875 60.6785 67.6499 1.29245
16.2 7.79685 60.6635 67.6856 1.30746
16.3 7.84496 60.6484 67.7203 1.32255
16.4 7.89306 60.6333 67.754 1.33774
16.5 7.94117 60.618 67.7868 1.35301
16.6 7.98927 60.6026 67.8187 1.36838
16.7 8.03738 60.5872 67.8496 1.38383
16.8 8.08548 60.5716 67.8796 1.39938
16.9 8.13359 60.556 67.9088 1.41501
17 8.18169 60.5403 67.9371 1.43074
17.1 8.22979 60.5244 67.9645 1.44655
17.2 8.27789 60.5085 67.9911 1.46246
17.3 8.326 60.4925 68.0168 1.47845
17.4 8.3741 60.4765 68.0417 1.49454
17.5 8.4222 60.4603 68.0658 1.51072
17.6 8.4703 60.444 68.0892 1.52698
17.7 8.5184 60.4277 68.1117 1.54334
17.8 8.5665 60.4112 68.1335 1.55978
17.9 8.6146 60.3947 68.1545 1.57631
18 8.6627 60.3781 68.1748 1.59294
18.1 8.71079 60.3613 68.1944 1.60965
18.2 8.75889 60.3445 68.2132 1.62645
18.3 8.80699 60.3277 68.2313 1.64335
18.4 8.85509 60.3107 68.2487 1.66033
18.5 8.90318 60.2936 68.2655 1.6774
18.6 8.95128 60.2764 68.2815 1.69456
18.7 8.99937 60.2592 68.2969 1.71181
18.8 9.04747 60.2419 68.3116 1.72915
18.9 9.09556 60.2244 68.3257 1.74657
19 9.14366 60.2069 68.3391 1.76409
19.1 9.19175 60.1893 68.352 1.7817
19.2 9.23984 60.1716 68.3641 1.79939
19.3 9.28793 60.1538 68.3757 1.81718
19.4 9.33603 60.136 68.3867 1.83505
19.5 9.38412 60.118 68.3971 1.85301
19.6 9.43221 60.0999 68.4069 1.87106
19.7 9.4803 60.0818 68.4161 1.8892
19.8 9.52839 60.0636 68.4248 1.90743
19.9 9.57648 60.0453 68.4329 1.92574
20 9.62456 60.0269 68.4404 1.94415
20.1 9.67265 60.0084 68.4474 1.96264
20.2 9.72074 59.9898 68.4539 1.98122
20.3 9.76883 59.9711 68.4598 1.99989
20.4 9.81691 59.9524 68.4652 2.01865
20.5 9.865 59.9335 68.4701 2.03749
20.6 9.91309 59.9146 68.4745 2.05643
20.7 9.96117 59.8955 68.4784 2.07545
20.8 10.0093 59.8764 68.4818 2.09456
20.9 10.0573 59.8572 68.4847 2.11376
21 10.1054 59.838 68.4872 2.13305
21.1 10.1535 59.8186 68.4891 2.15242
21.2 10.2016 59.7991 68.4906 2.17188
21.3 10.2497 59.7796 68.4916 2.19143
21.4 10.2977 59.7599 68.4922 2.21107
21.5 10.3458 59.7402 68.4924 2.2308
21.6 10.3939 59.7204 68.492 2.25061
21.7 10.442 59.7005 68.4913 2.27051
21.8 10.4901 59.6805 68.4901 2.2905
21.9 10.5381 59.6604 68.4885 2.31057
22 10.5862 59.6403 68.4865 2.33074
22.1 10.6343 59.62 68.484 2.35099
22.2 10.6824 59.5997 68.4812 2.37132
22.3 10.7305 59.5793 68.4779 2.39175
22.4 10.7785 59.5587 68.4743 2.41226
22.5 10.8266 59.5381 68.4702 2.43286
22.6 10.8747 59.5175 68.4658 2.45355
22.7 10.9227 59.4967 68.4609 2.47432
22.8 10.9708 59.4758 68.4557 2.49518
22.9 11.0189 59.4549 68.4502 2.51612
23 11.067 59.4338 68.4442 2.53716
23.1 11.115 59.4127 68.4379 2.55828
23.2 11.1631 59.3915 68.4312 2.57948
23.3 11.2112 59.3702 68.4242 2.60077
23.4 11.2592 59.3488 68.4168 2.62215
23.5 11.3073 59.3274 68.4091 2.64362
23.6 11.3554 59.3058 68.4011 2.66517
23.7 11.4034 59.2842 68.3926 2.68681
23.8 11.4515 59.2625 68.3839 2.70853
23.9 11.4996 59.2407 68.3748 2.73034
24 11.5476 59.2188 68.3654 2.75224
24.1 11.5957 59.1968 68.3557 2.77422
24.2 11.6438 59.1747 68.3457 2.79629
24.3 11.6918 59.1526 68.3353 2.81845
24.4 11.7399 59.1303 68.3246 2.84069
24.5 11.788 59.108 68.3137 2.86301
24.6 11.836 59.0856 68.3024 2.88542
24.7 11.8841 59.0631 68.2908 2.90792
24.8 11.9321 59.0405 68.2789 2.9305
24.9 11.9802 59.0178 68.2668 2.95317
25 12.0283 58.9951 68.2543 2.97593
25.1 12.0763 58.9722 68.2416 2.99876
25.2 12.1244 58.9493 68.2285 3.02169
25.3 12.1724 58.9263 68.2152 3.0447
25.4 12.2205 58.9032 68.2016 3.06779
25.5 12.2685 58.88 68.1878 3.09097
25.6 12.3166 58.8568 68.1736 3.11424
25.7 12.3647 58.8334 68.1592 3.13759
25.8 12.4127 58.81 68.1446 3.16102
25.9 12.4608 58.7865 68.1296 3.18454
26 12.5088 58.7629 68.1145 3.20814
26.1 12.5569 58.7392 68.099 3.23183
26.2 12.6049 58.7154 68.0833 3.2556
26.3 12.653 58.6915 68.0674 3.27946
26.4 12.701 58.6676 68.0512 3.3034
26.5 12.7491 58.6436 68.0347 3.32743
26.6 12.7971 58.6195 68.018 3.35154
26.7 12.8452 58.5953 68.0011 3.37573
26.8 12.8932 58.571 67.984 3.40001
26.9 12.9412 58.5466 67.9666 3.42437
27 12.9893 58.5222 67.949 3.44882
27.1 13.0373 58.4976 67.9311 3.47335
27.2 13.0854 58.473 67.913 3.49797
27.3 13.1334 58.4483 67.8947 3.52266
27.4 13.1815 58.4236 67.8762 3.54744
27.5 13.2295 58.3987 67.8574 3.57231
27.6 13.2775 58.3737 67.8385 3.59726
27.7 13.3256 58.3487 67.8193 3.62229
27.8 13.3736 58.3236 67.7999 3.64741
27.9 13.4217 58.2984 67.7803 3.67261
28 13.4697 58.2731 67.7605 3.69789
28.1 13.5177 58.2477 67.7405 3.72325
28.2 13.5658 58.2223 67.7202 3.7487
28.3 13.6138 58.1968 67.6998 3.77423
28.4 13.6618 58.1712 67.6792 3.79985
28.5 13.7099 58.1455 67.6584 3.82554
28.6 13.7579 58.1197 67.6373 3.85132
28.7 13.8059 58.0938 67.6161 3.87718
28.8 13.854 58.0679 67.5947 3.90313
28.9 13.902 58.0418 67.5731 3.92916
29 13.95 58.0157 67.5513 3.95527
29.1 13.9981 57.9895 67.5294 3.98146
29.2 14.0461 57.9633 67.5072 4.00773
29.3 14.0941 57.9369 67.4849 4.03409
29.4 14.1421 57.9105 67.4624 4.06053
29.5 14.1902 57.884 67.4397 4.08705
29.6 14.2382 57.8573 67.4168 4.11365
29.7 14.2862 57.8307 67.3937 4.14033
29.8 14.3342 57.8039 67.3705 4.1671
29.9 14.3823 57.7771 67.3471 4.19395
30 14.4303 57.7501 67.3236 4.22088
30.1 14.4783 57.7231 67.2998 4.24789
30.2 14.5263 57.696 67.2759 4.27498
30.3 14.5743 57.6688 67.2519 4.30216
30.4 14.6223 57.6416 67.2276 4.32941
30.5 14.6704 57.6143 67.2032 4.35675
30.6 14.7184 57.5868 67.1787 4.38416
30.7 14.7664 57.5593 67.154 4.41166
30.8 14.8144 57.5318 67.1291 4.43924
30.9 14.8624 57.5041 67.1041 4.4669
31 14.9104 57.4764 67.0789 4.49464
31.1 14.9584 57.4485 67.0536 4.52247
31.2 15.0065 57.4206 67.0281 4.55037
31.3 15.0545 57.3926 67.0024 4.57835
31.4 15.1025 57.3646 66.9767 4.60641
31.5 15.1505 57.3364 66.9507 4.63456
31.6 15.1985 57.3082 66.9246 4.66278
31.7 15.2465 57.2799 66.8984 4.69109
31.8 15.2945 57.2515 66.872 4.71947
31.9 15.3425 57.2231 66.8455 4.74793
32 15.3905 57.1945 66.8189 4.77648
32.1 15.4385 57.1659 66.7921 4.8051
32.2 15.4865 57.1372 66.7652 4.83381
32.3 15.5345 57.1084 66.7381 4.86259
32.4 15.5825 57.0795 66.7109 4.89145
32.5 15.6305 57.0506 66.6836 4.92039
32.6 15.6785 57.0216 66.6561 4.94942
32.7 15.7265 56.9925 66.6285 4.97852
32.8 15.7745 56.9633 66.6008 5.0077
32.9 15.8225 56.934 66.5729 5.03696
33 15.8705 56.9047 66.5449 5.0663
33.1 15.9185 56.8753 66.5168 5.09571
33.2 15.9665 56.8458 66.4885 5.12521
33.3 16.0145 56.8162 66.4602 5.15479
33.4 16.0625 56.7866 66.4317 5.18444
33.5 16.1105 56.7568 66.4031 5.21417
33.6 16.1584 56.727 66.3743 5.24398
33.7 16.2064 56.6971 66.3455 5.27387
33.8 16.2544 56.6672 66.3165 5.30384
33.9 16.3024 56.6371 66.2874 5.33389
34 16.3504 56.607 66.2582 5.36401
34.1 16.3984 56.5768 66.2288 5.39421
34.2 16.4464 56.5465 66.1994 5.42449
34.3 16.4943 56.5161 66.1698 5.45485
34.4 16.5423 56.4857 66.1401 5.48529
34.5 16.5903 56.4552 66.1103 5.5158
34.6 16.6383 56.4246 66.0804 5.54639
34.7 16.6863 56.3939 66.0504 5.57706
34.8 16.7342 56.3632 66.0203 5.60781
34.9 16.7822 56.3324 65.9901 5.63863
35 16.8302 56.3015 65.9597 5.66953
35.1 16.8782 56.2705 65.9293 5.70051
35.2 16.9261 56.2394 65.8987 5.73156
35.3 16.9741 56.2083 65.8681 5.76269
35.4 17.0221 56.1771 65.8373 5.7939
35.5 17.07 56.1458 65.8064 5.82519
35.6 17.118 56.1145 65.7755 5.85655
35.7 17.166 56.083 65.7444 5.88799
35.8 17.2139 56.0515 65.7132 5.9195
35.9 17.2619 56.0199 65.6819 5.95109
36 17.3099 55.9882 65.6506 5.98276
36.1 17.3578 55.9565 65.6191 6.0145
36.2 17.4058 55.9247 65.5875 6.04632
36.3 17.4538 55.8928 65.5559 6.07822
36.4 17.5017 55.8608 65.5241 6.11019
36.5 17.5497 55.8288 65.4922 6.14224
36.6 17.5976 55.7966 65.4603 6.17436
36.7 17.6456 55.7644 65.4282 6.20656
36.8 17.6936 55.7322 65.3961 6.23883
36.9 17.7415 55.6998 65.3639 6.27118
37 17.7895 55.6674 65.3315 6.30361
37.1 17.8374 55.6349 65.2991 6.33611
37.2 17.8854 55.6023 65.2666 6.36868
37.3 17.9333 55.5697 65.234 6.40133
37.4 17.9813 55.5369 65.2013 6.43405
37.5 18.0292 55.5041 65.1685 6.46685
37.6 18.0772 55.4713 65.1357 6.49973
37.7 18.1251 55.4383 65.1027 6.53268
37.8 18.1731 55.4053 65.0697 6.5657
37.9 18.221 55.3722 65.0366 6.5988
38 18.2689 55.339 65.0034 6.63197
38.1 18.3169 55.3058 64.9701 6.66522
38.2 18.3648 55.2725 64.9367 6.69854
38.3 18.4128 55.2391 64.9033 6.73193
38.4 18.4607 55.2056 64.8697 6.7654
38.5 18.5086 55.1721 64.8361 6.79894
38.6 18.5566 55.1384 64.8024 6.83256
38.7 18.6045 55.1048 64.7686 6.86625
38.8 18.6524 55.071 64.7348 6.90001
38.9 18.7004 55.0372 64.7008 6.93384
39 18.7483 55.0032 64.6668 6.96775
39.1 18.7962 54.9693 64.6327 7.00174
39.2 18.8442 54.9352 64.5986 7.03579
39.3 18.8921 54.9011 64.5643 7.06992
39.4 18.94 54.8669 64.53 7.10412
39.5 18.988 54.8326 64.4956 7.1384
39.6 19.0359 54.7983 64.4611 7.17274
39.7 19.0838 54.7638 64.4266 7.20716
39.8 19.1317 54.7293 64.3919 7.24165
39.9 19.1796 54.6948 64.3572 7.27622
40 19.2276 54.6601 64.3225 7.31085
40.1 19.2755 54.6254 64.2876 7.34556
40.2 19.3234 54.5907 64.2527 7.38034
40.3 19.3713 54.5558 64.2177 7.41519
40.4 19.4192 54.5209 64.1827 7.45012
40.5 19.4671 54.4859 64.1476 7.48511
40.6 19.5151 54.4508 64.1124 7.52018
40.7 19.563 54.4157 64.0771 7.55532
40.8 19.6109 54.3805 64.0418 7.59053
40.9 19.6588 54.3452 64.0064 7.62581
41 19.7067 54.3098 63.9709 7.66116
41.1 19.7546 54.2744 63.9354 7.69659
41.2 19.8025 54.2389 63.8998 7.73208
41.3 19.8504 54.2034 63.8641 7.76765
41.4 19.8983 54.1677 63.8284 7.80328
41.5 19.9462 54.132 63.7926 7.83899
41.6 19.9941 54.0962 63.7567 7.87477
41.7 20.042 54.0604 63.7208 7.91062
41.8 20.0899 54.0245 63.6848 7.94653
41.9 20.1378 53.9885 63.6487 7.98252
42 20.1857 53.9524 63.6126 8.01858
42.1 20.2336 53.9163 63.5764 8.05471
42.2 20.2815 53.8801 63.5402 8.09091
42.3 20.3294 53.8438 63.5039 8.12717
42.4 20.3773 53.8075 63.4675 8.16351
42.5 20.4251 53.7711 63.4311 8.19992
42.6 20.473 53.7346 63.3946 8.23639
42.7 20.5209 53.6981 63.358 8.27294
42.8 20.5688 53.6614 63.3214 8.30956
42.9 20.6167 53.6248 63.2848 8.34624
43 20.6646 53.588 63.248 8.38299
43.1 20.7124 53.5512 63.2113 8.41981
43.2 20.7603 53.5143 63.1744 8.4567
43.3 20.8082 53.4773 63.1375 8.49366
43.4 20.8561 53.4403 63.1006 8.53069
43.5 20.904 53.4032 63.0636 8.56779
43.6 20.9518 53.366 63.0265 8.60495
43.7 20.9997 53.3288 62.9894 8.64218
43.8 21.0476 53.2915 62.9522 8.67948
43.9 21.0954 53.2541 62.915 8.71685
44 21.1433 53.2167 62.8777 8.75429
44.1 21.1912 53.1792 62.8403 8.79179
44.2 21.239 53.1416 62.8029 8.82937
44.3 21.2869 53.104 62.7655 8.867
44.4 21.3348 53.0663 62.728 8.90471
44.5 21.3826 53.0285 62.6904 8.94248
44.6 21.4305 52.9907 62.6528 8.98033
44.7 21.4783 52.9528 62.6151 9.01823
44.8 21.5262 52.9148 62.5774 9.05621
44.9 21.5741 52.8767 62.5397 9.09425
45 21.6219 52.8386 62.5018 9.13236
45.1 21.6698 52.8005 62.464 9.17053
45.2 21.7176 52.7622 62.4261 9.20877
45.3 21.7655 52.7239 62.3881 9.24708
45.4 21.8133 52.6855 62.3501 9.28546
45.5 21.8612 52.6471 62.312 9.3239
45.6 21.909 52.6086 62.2739 9.3624
45.7 21.9568 52.57 62.2357 9.40097
45.8 22.0047 52.5314 62.1975 9.43961
45.9 22.0525 52.4927 62.1592 9.47832
46 22.1004 52.4539 62.1209 9.51708
46.1 22.1482 52.4151 62.0826 9.55592
46.2 22.196 52.3762 62.0442 9.59482
46.3 22.2439 52.3372 62.0057 9.63378
46.4 22.2917 52.2982 61.9672 9.67281
46.5 22.3395 52.2591 61.9287 9.71191
46.6 22.3874 52.2199 61.8901 9.75107
46.7 22.4352 52.1807 61.8514 9.79029
46.8 22.483 52.1414 61.8128 9.82958
46.9 22.5309 52.1021 61.774 9.86893
47 22.5787 52.0626 61.7352 9.90835
47.1 22.6265 52.0232 61.6964 9.94783
47.2 22.6743 51.9836 61.6576 9.98738
47.3 22.7221 51.944 61.6187 10.027
47.4 22.77 51.9043 61.5797 10.0667
47.5 22.8178 51.8646 61.5407 10.1064
47.6 22.8656 51.8248 61.5017 10.1462
47.7 22.9134 51.7849 61.4626 10.1861
47.8 22.9612 51.745 61.4235 10.226
47.9 23.009 51.705 61.3843 10.266
48 23.0568 51.665 61.3451 10.306
48.1 23.1046 51.6248 61.3058 10.3462
48.2 23.1525 51.5847 61.2665 10.3863
48.3 23.2003 51.5444 61.2272 10.4266
48.4 23.2481 51.5041 61.1878 10.4669
48.5 23.2959 51.4638 61.1484 10.5072
48.6 23.3437 51.4233 61.109 10.5477
48.7 23.3915 51.3828 61.0695 10.5882
48.8 23.4393 51.3423 61.0299 10.6287
48.9 23.487 51.3017 60.9904 10.6693
49 23.5348 51.261 60.9507 10.71
49.1 23.5826 51.2202 60.9111 10.7508
49.2 23.6304 51.1794 60.8714 10.7916
49.3 23.6782 51.1386 60.8316 10.8324
49.4 23.726 51.0976 60.7919 10.8734
49.5 23.7738 51.0567 60.7521 10.9143
49.6 23.8216 51.0156 60.7122 10.9554
49.7 23.8693 50.9745 60.6723 10.9965
49.8 23.9171 50.9333 60.6324 11.0377
49.9 23.9649 50.8921 60.5924 11.0789
50 24.0127 50.8508 60.5524 11.1202
50.1 24.0605 50.8095 60.5124 11.1615
50.2 24.1082 50.7681 60.4723 11.2029
50.3 24.156 50.7266 60.4322 11.2444
50.4 24.2038 50.6851 60.3921 11.2859
50.5 24.2515 50.6435 60.3519 11.3275
50.6 24.2993 50.6018 60.3117 11.3692
50.7 24.3471 50.5601 60.2714 11.4109
50.8 24.3948 50.5183 60.2311 11.4527
50.9 24.4426 50.4765 60.1908 11.4945
51 24.4904 50.4346 60.1504 11.5364
51.1 24.5381 50.3927 60.11 11.5783
51.2 24.5859 50.3506 60.0696 11.6204
51.3 24.6336 50.3086 60.0291 11.6624
51.4 24.6814 50.2665 59.9886 11.7045
51.5 24.7291 50.2243 59.9481 11.7467
51.6 24.7769 50.182 59.9075 11.789
51.7 24.8246 50.1397 59.8669 11.8313
51.8 24.8724 50.0974 59.8263 11.8736
51.9 24.9201 50.0549 59.7856 11.9161
52 24.9678 50.0125 59.7449 11.9585
52.1 25.0156 49.9699 59.7041 12.0011
52.2 25.0633 49.9273 59.6634 12.0437
52.3 25.1111 49.8847 59.6226 12.0863
52.4 25.1588 49.842 59.5817 12.129
52.5 25.2065 49.7992 59.5409 12.1718
52.6 25.2543 49.7564 59.5 12.2146
52.7 25.302 49.7135 59.459 12.2575
52.8 25.3497 49.6706 59.4181 12.3004
52.9 25.3974 49.6276 59.3771 12.3434
53 25.4452 49.5845 59.3361 12.3865
53.1 25.4929 49.5414 59.295 12.4296
53.2 25.5406 49.4983 59.2539 12.4727
53.3 25.5883 49.455 59.2128 12.516
53.4 25.636 49.4118 59.1716 12.5592
53.5 25.6838 49.3684 59.1305 12.6026
53.6 25.7315 49.325 59.0892 12.646
53.7 25.7792 49.2816 59.048 12.6894
53.8 25.8269 49.2381 59.0067 12.7329
53.9 25.8746 49.1945 58.9654 12.7765
54 25.9223 49.1509 58.9241 12.8201
54.1 25.97 49.1073 58.8827 12.8637
54.2 26.0177 49.0635 58.8414 12.9075
54.3 26.0654 49.0198 58.7999 12.9512
54.4 26.1131 48.9759 58.7585 12.9951
54.5 26.1608 48.9321 58.717 13.0389
54.6 26.2085 48.8881 58.6755 13.0829
54.7 26.2562 48.8441 58.634 13.1269
54.8 26.3039 48.8001 58.5924 13.1709
54.9 26.3516 48.756 58.5508 13.215
55 26.3992 48.7118 58.5092 13.2592
55.1 26.4469 48.6676 58.4676 13.3034
55.2 26.4946 48.6233 58.4259 13.3477
55.3 26.5423 48.579 58.3842 13.392
55.4 26.59 48.5346 58.3424 13.4364
55.5 26.6376 48.4902 58.3007 13.4808
55.6 26.6853 48.4457 58.2589 13.5253
55.7 26.733 48.4012 58.2171 13.5698
55.8 26.7807 48.3566 58.1753 13.6144
55.9 26.8283 48.312 58.1334 13.659
56 26.876 48.2673 58.0915 13.7037
56.1 26.9237 48.2225 58.0496 13.7485
56.2 26.9713 48.1777 58.0076 13.7933
56.3 27.019 48.1329 57.9657 13.8381
56.4 27.0666 48.088 57.9237 13.883
56.5 27.1143 48.043 57.8817 13.928
56.6 27.1619 47.998 57.8396 13.973
56.7 27.2096 47.953 57.7975 14.018
56.8 27.2572 47.9078 57.7554 14.0632
56.9 27.3049 47.8627 57.7133 14.1083
57 27.3525 47.8175 57.6712 14.1535
57.1 27.4002 47.7722 57.629 14.1988
57.2 27.4478 47.7269 57.5868 14.2441
57.3 27.4955 47.6815 57.5446 14.2895
57.4 27.5431 47.6361 57.5023 14.3349
57.5 27.5907 47.5906 57.46 14.3804
57.6 27.6384 47.5451 57.4177 14.4259
57.7 27.686 47.4996 57.3754 14.4714
57.8 27.7336 47.4539 57.3331 14.5171
57.9 27.7812 47.4083 57.2907 14.5627
58 27.8289 47.3625 57.2483 14.6085
58.1 27.8765 47.3168 57.2059 14.6542
58.2 27.9241 47.271 57.1635 14.7
58.3 27.9717 47.2251 57.121 14.7459
58.4 28.0193 47.1792 57.0785 14.7918
58.5 28.067 47.1332 57.036 14.8378
58.6 28.1146 47.0872 56.9935 14.8838
58.7 28.1622 47.0411 56.9509 14.9299
58.8 28.2098 46.995 56.9083 14.976
58.9 28.2574 46.9488 56.8657 15.0222
59 28.305 46.9026 56.8231 15.0684
59.1 28.3526 46.8564 56.7804 15.1146
59.2 28.4002 46.8101 56.7378 15.1609
59.3 28.4478 46.7637 56.6951 15.2073
59.4 28.4954 46.7173 56.6524 15.2537
59.5 28.543 46.6709 56.6096 15.3001
59.6 28.5906 46.6244 56.5669 15.3466
59.7 28.6381 46.5778 56.5241 15.3932
59.8 28.6857 46.5312 56.4813 15.4398
59.9 28.7333 46.4846 56.4384 15.4864
60 28.7809 46.4379 56.3956 15.5331
60.1 28.8285 46.3911 56.3527 15.5799
60.2 28.876 46.3444 56.3098 15.6266
60.3 28.9236 46.2975 56.2669 15.6735
60.4 28.9712 46.2506 56.224 15.7204
60.5 29.0187 46.2037 56.181 15.7673
60.6 29.0663 46.1568 56.1381 15.8142
60.7 29.1139 46.1097 56.0951 15.8613
60.8 29.1614 46.0627 56.0521 15.9083
60.9 29.209 46.0156 56.009 15.9554
61 29.2566 45.9684 55.966 16.0026
61.1 29.3041 45.9212 55.9229 16.0498
61.2 29.3517 45.874 55.8798 16.097
61.3 29.3992 45.8267 55.8367 16.1443
61.4 29.4468 45.7793 55.7935 16.1917
61.5 29.4943 45.732 55.7504 16.239
61.6 29.5418 45.6845 55.7072 16.2865
61.7 29.5894 45.6371 55.664 16.3339
61.8 29.6369 45.5895 55.6208 16.3815
61.9 29.6844 45.542 55.5775 16.429
62 29.732 45.4944 55.5343 16.4766
62.1 29.7795 45.4467 55.491 16.5243
62.2 29.827 45.399 55.4477 16.572
62.3 29.8746 45.3513 55.4044 16.6197
62.4 29.9221 45.3035 55.3611 16.6675
62.5 29.9696 45.2557 55.3177 16.7153
62.6 30.0171 45.2078 55.2743 16.7632
62.7 30.0646 45.1599 55.2309 16.8111
62.8 30.1121 45.112 55.1875 16.859
62.9 30.1597 45.064 55.1441 16.907
63 30.2072 45.0159 55.1007 16.9551
63.1 30.2547 44.9678 55.0572 17.0032
63.2 30.3022 44.9197 55.0137 17.0513
63.3 30.3497 44.8715 54.9702 17.0995
63.4 30.3972 44.8233 54.9267 17.1477
63.5 30.4447 44.7751 54.8831 17.1959
63.6 30.4922 44.7268 54.8396 17.2442
63.7 30.5396 44.6785 54.796 17.2925
63.8 30.5871 44.6301 54.7524 17.3409
63.9 30.6346 44.5817 54.7088 17.3893
64 30.6821 44.5332 54.6652 17.4378
64.1 30.7296 44.4847 54.6215 17.4863
64.2 30.7771 44.4362 54.5779 17.5348
64.3 30.8245 44.3876 54.5342 17.5834
64.4 30.872 44.3389 54.4905 17.6321
64.5 30.9195 44.2903 54.4468 17.6807
64.6 30.9669 44.2416 54.403 17.7294
64.7 31.0144 44.1928 54.3593 17.7782
64.8 31.0619 44.144 54.3155 17.827
64.9 31.1093 44.0952 54.2717 17.8758
65 31.1568 44.0463 54.2279 17.9247
65.1 31.2042 43.9974 54.1841 17.9736
65.2 31.2517 43.9485 54.1403 18.0225
65.3 31.2991 43.8995 54.0964 18.0715
65.4 31.3466 43.8505 54.0526 18.1205
65.5 31.394 43.8014 54.0087 18.1696
65.6 31.4414 43.7523 53.9648 18.2187
65.7 31.4889 43.7032 53.9209 18.2678
65.8 31.5363 43.654 53.8769 18.317
65.9 31.5837 43.6048 53.833 18.3662
66 31.6312 43.5555 53.789 18.4155
66.1 31.6786 43.5062 53.745 18.4648
66.2 31.726 43.4569 53.701 18.5141
66.3 31.7734 43.4075 53.657 18.5635
66.4 31.8209 43.3581 53.613 18.6129
66.5 31.8683 43.3087 53.5689 18.6623
66.6 31.9157 43.2592 53.5249 18.7118
66.7 31.9631 43.2096 53.4808 18.7614
66.8 32.0105 43.1601 53.4367 18.8109
66.9 32.0579 43.1105 53.3926 18.8605
67 32.1053 43.0609 53.3485 18.9101
67.1 32.1527 43.0112 53.3043 18.9598
67.2 32.2001 42.9615 53.2602 19.0095
67.3 32.2475 42.9117 53.216 19.0593
67.4 32.2949 42.8619 53.1718 19.1091
67.5 32.3423 42.8121 53.1276 19.1589
67.6 32.3896 42.7623 53.0834 19.2087
67.7 32.437 42.7124 53.0392 19.2586
67.8 32.4844 42.6625 52.9949 19.3085
67.9 32.5318 42.6125 52.9507 19.3585
68 32.5791 42.5625 52.9064 19.4085
68.1 32.6265 42.5125 52.8621 19.4585
68.2 32.6739 42.4624 52.8178 19.5086
68.3 32.7212 42.4123 52.7735 19.5587
68.4 32.7686 42.3622 52.7291 19.6088
68.5 32.816 42.312 52.6848 19.659
68.6 32.8633 42.2618 52.6404 19.7092
68.7 32.9107 42.2116 52.596 19.7594
68.8 32.958 42.1613 52.5517 19.8097
68.9 33.0053 42.111 52.5073 19.86
69 33.0527 42.0606 52.4628 19.9104
69.1 33.1 42.0103 52.4184 19.9607
69.2 33.1474 41.9599 52.374 20.0111
69.3 33.1947 41.9094 52.3295 20.0616
69.4 33.242 41.8589 52.285 20.1121
69.5 33.2893 41.8084 52.2405 20.1626
69.6 33.3367 41.7579 52.196 20.2131
69.7 33.384 41.7073 52.1515 20.2637
69.8 33.4313 41.6567 52.107 20.3143
69.9 33.4786 41.6061 52.0624 20.3649
70 33.5259 41.5554 52.0179 20.4156
70.1 33.5732 41.5047 51.9733 20.4663
70.2 33.6205 41.454 51.9287 20.517
70.3 33.6678 41.4032 51.8841 20.5678
70.4 33.7151 41.3524 51.8395 20.6186
70.5 33.7624 41.3016 51.7949 20.6694
70.6 33.8097 41.2507 51.7503 20.7203
70.7 33.857 41.1998 51.7056 20.7712
70.8 33.9043 41.1489 51.6609 20.8221
70.9 33.9516 41.0979 51.6163 20.8731
71 33.9989 41.0469 51.5716 20.9241
71.1 34.0461 40.9959 51.5269 20.9751
71.2 34.0934 40.9449 51.4822 21.0261
71.3 34.1407 40.8938 51.4374 21.0772
71.4 34.1879 40.8427 51.3927 21.1283
71.5 34.2352 40.7916 51.348 21.1794
71.6 34.2825 40.7404 51.3032 21.2306
71.7 34.3297 40.6892 51.2584 21.2818
71.8 34.377 40.638 51.2136 21.333
71.9 34.4242 40.5867 51.1688 21.3843
72 34.4715 40.5354 51.124 21.4356
72.1 34.5187 40.4841 51.0792 21.4869
72.2 34.5659 40.4328 51.0343 21.5382
72.3 34.6132 40.3814 50.9895 21.5896
72.4 34.6604 40.33 50.9446 21.641
72.5 34.7076 40.2786 50.8997 21.6924
72.6 34.7549 40.2271 50.8549 21.7439
72.7 34.8021 40.1756 50.81 21.7954
72.8 34.8493 40.1241 50.765 21.8469
72.9 34.8965 40.0726 50.7201 21.8984
73 34.9437 40.021 50.6752 21.95
73.1 34.9909 39.9694 50.6302 22.0016
73.2 35.0381 39.9178 50.5853 22.0532
73.3 35.0853 39.8661 50.5403 22.1049
73.4 35.1325 39.8144 50.4953 22.1566
73.5 35.1797 39.7627 50.4503 22.2083
73.6 35.2269 39.711 50.4053 22.26
73.7 35.2741 39.6592 50.3603 22.3118
73.8 35.3213 39.6075 50.3153 22.3635
73.9 35.3685 39.5556 50.2702 22.4154
74 35.4157 39.5038 50.2252 22.4672
74.1 35.4628 39.4519 50.1801 22.5191
74.2 35.51 39.4001 50.135 22.5709
74.3 35.5572 39.3481 50.09 22.6229
74.4 35.6043 39.2962 50.0449 22.6748
74.5 35.6515 39.2442 49.9998 22.7268
74.6 35.6986 39.1922 49.9546 22.7788
74.7 35.7458 39.1402 49.9095 22.8308
74.8 35.7929 39.0882 49.8644 22.8828
74.9 35.8401 39.0361 49.8192 22.9349
75 35.8872 38.984 49.7741 22.987
75.1 35.9344 38.9319 49.7289 23.0391
75.2 35.9815 38.8798 49.6837 23.0912
75.3 36.0286 38.8276 49.6385 23.1434
75.4 36.0757 38.7754 49.5933 23.1956
75.5 36.1229 38.7232 49.5481 23.2478
75.6 36.17 38.671 49.5028 23.3
75.7 36.2171 38.6187 49.4576 23.3523
75.8 36.2642 38.5664 49.4124 23.4046
75.9 36.3113 38.5141 49.3671 23.4569
76 36.3584 38.4618 49.3218 23.5092
76.1 36.4055 38.4095 49.2765 23.5615
76.2 36.4526 38.3571 49.2313 23.6139
76.3 36.4997 38.3047 49.186 23.6663
76.4 36.5468 38.2523 49.1406 23.7187
76.5 36.5939 38.1998 49.0953 23.7712
76.6 36.641 38.1474 49.05 23.8236
76.7 36.688 38.0949 49.0047 23.8761
76.8 36.7351 38.0424 48.9593 23.9286
76.9 36.7822 37.9899 48.9139 23.9811
77 36.8292 37.9373 48.8686 24.0337
77.1 36.8763 37.8847 48.8232 24.0863
77.2 36.9234 37.8322 48.7778 24.1388
77.3 36.9704 37.7795 48.7324 24.1915
77.4 37.0175 37.7269 48.687 24.2441
77.5 37.0645 37.6743 48.6416 24.2967
77.6 37.1115 37.6216 48.5961 24.3494
77.7 37.1586 37.5689 48.5507 24.4021
77.8 37.2056 37.5162 48.5052 24.4548
77.9 37.2526 37.4635 48.4598 24.5075
78 37.2997 37.4107 48.4143 24.5603
78.1 37.3467 37.3579 48.3688 24.6131
78.2 37.3937 37.3051 48.3233 24.6659
78.3 37.4407 37.2523 48.2778 24.7187
78.4 37.4877 37.1995 48.2323 24.7715
78.5 37.5347 37.1467 48.1868 24.8243
78.6 37.5817 37.0938 48.1413 24.8772
78.7 37.6287 37.0409 48.0957 24.9301
78.8 37.6757 36.988 48.0502 24.983
78.9 37.7227 36.9351 48.0046 25.0359
79 37.7697 36.8821 47.9591 25.0889
79.1 37.8167 36.8292 47.9135 25.1418
79.2 37.8636 36.7762 47.8679 25.1948
79.3 37.9106 36.7232 47.8223 25.2478
79.4 37.9576 36.6702 47.7767 25.3008
79.5 38.0045 36.6172 47.7311 25.3538
79.6 38.0515 36.5641 47.6855 25.4069
79.7 38.0984 36.5111 47.6399 25.4599
79.8 38.1454 36.458 47.5942 25.513
79.9 38.1923 36.4049 47.5486 25.5661
80 38.2393 36.3518 47.5029 25.6192
80.1 38.2862 36.2986 47.4572 25.6724
80.2 38.3331 36.2455 47.4116 25.7255
80.3 38.3801 36.1923 47.3659 25.7787
80.4 38.427 36.1392 47.3202 25.8318
80.5 38.4739 36.086 47.2745 25.885
80.6 38.5208 36.0328 47.2288 25.9382
80.7 38.5677 35.9795 47.1831 25.9915
80.8 38.6146 35.9263 47.1373 26.0447
80.9 38.6615 35.873 47.0916 26.098
81 38.7084 35.8198 47.0459 26.1512
81.1 38.7553 35.7665 47.0001 26.2045
81.2 38.8022 35.7132 46.9543 26.2578
81.3 38.8491 35.6599 46.9086 26.3111
81.4 38.896 35.6065 46.8628 26.3645
81.5 38.9429 35.5532 46.817 26.4178
81.6 38.9897 35.4998 46.7712 26.4712
81.7 39.0366 35.4465 46.7254 26.5245
81.8 39.0835 35.3931 46.6796 26.5779
81.9 39.1303 35.3397 46.6338 26.6313
82 39.1772 35.2863 46.588 26.6847
82.1 39.224 35.2329 46.5421 26.7381
82.2 39.2708 35.1794 46.4963 26.7916
82.3 39.3177 35.126 46.4504 26.845
82.4 39.3645 35.0725 46.4046 26.8985
82.5 39.4113 35.0191 46.3587 26.9519
82.6 39.4582 34.9656 46.3128 27.0054
82.7 39.505 34.9121 46.2669 27.0589
82.8 39.5518 34.8586 46.221 27.1124
82.9 39.5986 34.805 46.1751 27.166
83 39.6454 34.7515 46.1292 27.2195
83.1 39.6922 34.698 46.0833 27.273
83.2 39.739 34.6444 46.0374 27.3266
83.3 39.7858 34.5908 45.9915 27.3802
83.4 39.8326 34.5373 45.9455 27.4337
83.5 39.8794 34.4837 45.8996 27.4873
83.6 39.9261 34.4301 45.8536 27.5409
83.7 39.9729 34.3765 45.8076 27.5945
83.8 40.0197 34.3228 45.7617 27.6482
83.9 40.0664 34.2692 45.7157 27.7018
84 40.1132 34.2156 45.6697 27.7554
84.1 40.1599 34.1619 45.6237 27.8091
84.2 40.2067 34.1083 45.5777 27.8627
84.3 40.2534 34.0546 45.5317 27.9164
84.4 40.3002 34.0009 45.4857 27.9701
84.5 40.3469 33.9472 45.4397 28.0238
84.6 40.3936 33.8935 45.3936 28.0775
84.7 40.4403 33.8398 45.3476 28.1312
84.8 40.487 33.7861 45.3015 28.1849
84.9 40.5338 33.7324 45.2555 28.2386
85 40.5805 33.6787 45.2094 28.2923
85.1 40.6272 33.6249 45.1633 28.3461
85.2 40.6739 33.5712 45.1173 28.3998
85.3 40.7205 33.5174 45.0712 28.4536
85.4 40.7672 33.4637 45.0251 28.5073
85.5 40.8139 33.4099 44.979 28.5611
85.6 40.8606 33.3561 44.9329 28.6149
85.7 40.9072 33.3023 44.8868 28.6687
85.8 40.9539 33.2485 44.8407 28.7225
85.9 41.0006 33.1947 44.7945 28.7763
86 41.0472 33.1409 44.7484 28.8301
86.1 41.0939 33.0871 44.7023 28.8839
86.2 41.1405 33.0333 44.6561 28.9377
86.3 41.1871 32.9795 44.6099 28.9915
86.4 41.2338 32.9256 44.5638 29.0454
86.5 41.2804 32.8718 44.5176 29.0992
86.6 41.327 32.818 44.4714 29.153
86.7 41.3736 32.7641 44.4253 29.2069
86.8 41.4203 32.7103 44.3791 29.2607
86.9 41.4669 32.6564 44.3329 29.3146
87 41.5135 32.6025 44.2867 29.3685
87.1 41.56 32.5487 44.2405 29.4223
87.2 41.6066 32.4948 44.1942 29.4762
87.3 41.6532 32.4409 44.148 29.5301
87.4 41.6998 32.387 44.1018 29.584
87.5 41.7464 32.3331 44.0555 29.6379
87.6 41.7929 32.2793 44.0093 29.6917
87.7 41.8395 32.2254 43.963 29.7456
87.8 41.886 32.1715 43.9168 29.7995
87.9 41.9326 32.1176 43.8705 29.8534
88 41.9791 32.0636 43.8242 29.9074
88.1 42.0257 32.0097 43.778 29.9613
88.2 42.0722 31.9558 43.7317 30.0152
88.3 42.1187 31.9019 43.6854 30.0691
88.4 42.1653 31.848 43.6391 30.123
88.5 42.2118 31.7941 43.5928 30.1769
88.6 42.2583 31.7402 43.5465 30.2308
88.7 42.3048 31.6862 43.5002 30.2848
88.8 42.3513 31.6323 43.4538 30.3387
88.9 42.3978 31.5784 43.4075 30.3926
89 42.4443 31.5244 43.3612 30.4466
89.1 42.4907 31.4705 43.3148 30.5005
89.2 42.5372 31.4166 43.2685 30.5544
89.3 42.5837 31.3626 43.2221 30.6084
89.4 42.6301 31.3087 43.1758 30.6623
89.5 42.6766 31.2548 43.1294 30.7162
89.6 42.723 31.2008 43.083 30.7702
89.7 42.7695 31.1469 43.0366 30.8241
89.8 42.8159 31.0929 42.9902 30.8781
89.9 42.8623 31.039 42.9439 30.932
90 42.9088 30.9851 42.8975 30.9859
90.1 42.9552 30.9311 42.851 31.0399
90.2 43.0016 30.8772 42.8046 31.0938
90.3 43.048 30.8232 42.7582 31.1478
90.4 43.0944 30.7693 42.7118 31.2017
90.5 43.1408 30.7154 42.6654 31.2556
90.6 43.1872 30.6614 42.6189 31.3096
90.7 43.2336 30.6075 42.5725 31.3635
90.8 43.28 30.5535 42.526 31.4175
90.9 43.3263 30.4996 42.4796 31.4714
91 43.3727 30.4457 42.4331 31.5253
91.1 43.419 30.3917 42.3867 31.5793
91.2 43.4654 30.3378 42.3402 31.6332
91.3 43.5117 30.2839 42.2937 31.6871
91.4 43.5581 30.23 42.2472 31.741
91.5 43.6044 30.176 42.2007 31.795
91.6 43.6507 30.1221 42.1542 31.8489
91.7 43.6971 30.0682 42.1077 31.9028
91.8 43.7434 30.0143 42.0612 31.9567
91.9 43.7897 29.9604 42.0147 32.0106
92 43.836 29.9065 41.9682 32.0645
92.1 43.8823 29.8526 41.9217 32.1184
92.2 43.9285 29.7987 41.8752 32.1723
92.3 43.9748 29.7448 41.8286 32.2262
92.4 44.0211 29.6909 41.7821 32.2801
92.5 44.0674 29.637 41.7355 32.334
92.6 44.1136 29.5831 41.689 32.3879
92.7 44.1599 29.5292 41.6424 32.4418
92.8 44.2061 29.4753 41.5959 32.4957
92.9 44.2524 29.4215 41.5493 32.5495
93 44.2986 29.3676 41.5027 32.6034
93.1 44.3448 29.3137 41.4561 32.6573
93.2 44.391 29.2599 41.4095 32.7111
93.3 44.4372 29.206 41.363 32.765
93.4 44.4835 29.1522 41.3164 32.8188
93.5 44.5296 29.0983 41.2698 32.8727
93.6 44.5758 29.0445 41.2231 32.9265
93.7 44.622 28.9906 41.1765 32.9804
93.8 44.6682 28.9368 41.1299 33.0342
93.9 44.7144 28.883 41.0833 33.088
94 44.7605 28.8292 41.0367 33.1418
94.1 44.8067 28.7754 40.99 33.1956
94.2 44.8528 28.7216 40.9434 33.2494
94.3 44.899 28.6678 40.8967 33.3032
94.4 44.9451 28.614 40.8501 33.357
94.5 44.9912 28.5602 40.8034 33.4108
94.6 45.0374 28.5065 40.7568 33.4645
94.7 45.0835 28.4527 40.7101 33.5183
94.8 45.1296 28.3989 40.6634 33.5721
94.9 45.1757 28.3452 40.6168 33.6258
95 45.2218 28.2915 40.5701 33.6795
95.1 45.2679 28.2377 40.5234 33.7333
95.2 45.3139 28.184 40.4767 33.787
95.3 45.36 28.1303 40.43 33.8407
95.4 45.4061 28.0766 40.3833 33.8944
95.5 45.4521 28.0229 40.3366 33.9481
95.6 45.4982 27.9692 40.2899 34.0018
95.7 45.5442 27.9155 40.2432 34.0555
95.8 45.5902 27.8619 40.1964 34.1091
95.9 45.6363 27.8082 40.1497 34.1628
96 45.6823 27.7545 40.103 34.2165
96.1 45.7283 27.7009 40.0563 34.2701
96.2 45.7743 27.6473 40.0095 34.3237
96.3 45.8203 27.5937 39.9628 34.3773
96.4 45.8663 27.54 39.916 34.431
96.5 45.9122 27.4864 39.8693 34.4846
96.6 45.9582 27.4329 39.8225 34.5381
96.7 46.0042 27.3793 39.7757 34.5917
96.8 46.0501 27.3257 39.729 34.6453
96.9 46.0961 27.2722 39.6822 34.6988
97 46.142 27.2186 39.6354 34.7524
97.1 46.188 27.1651 39.5886 34.8059
97.2 46.2339 27.1116 39.5418 34.8594
97.3 46.2798 27.058 39.495 34.913
97.4 46.3257 27.0045 39.4482 34.9665
97.5 46.3716 26.9511 39.4014 35.0199
97.6 46.4175 26.8976 39.3546 35.0734
97.7 46.4634 26.8441 39.3078 35.1269
97.8 46.5092 26.7907 39.261 35.1803
97.9 46.5551 26.7372 39.2141 35.2338
98 46.601 26.6838 39.1673 35.2872
98.1 46.6468 26.6304 39.1205 35.3406
98.2 46.6927 26.577 39.0736 35.394
98.3 46.7385 26.5236 39.0268 35.4474
98.4 46.7843 26.4703 38.98 35.5007
98.5 46.8301 26.4169 38.9331 35.5541
98.6 46.876 26.3636 38.8862 35.6074
98.7 46.9218 26.3102 38.8394 35.6608
98.8 46.9676 26.2569 38.7925 35.7141
98.9 47.0133 26.2036 38.7456 35.7674
99 47.0591 26.1504 38.6988 35.8206
99.1 47.1049 26.0971 38.6519 35.8739
99.2 47.1506 26.0438 38.605 35.9272
99.3 47.1964 25.9906 38.5581 35.9804
99.4 47.2421 25.9374 38.5112 36.0336
99.5 47.2879 25.8842 38.4643 36.0868
99.6 47.3336 25.831 38.4174 36.14
99.7 47.3793 25.7778 38.3705 36.1932
99.8 47.425 25.7246 38.3236 36.2464
99.9 47.4707 25.6715 38.2767 36.2995
100 47.5164 25.6184 38.2298 36.3526
100.1 47.5621 25.5652 38.1829 36.4058
100.2 47.6077 25.5121 38.1359 36.4589
100.3 47.6534 25.4591 38.089 36.5119
100.4 47.6991 25.406 38.0421 36.565
100.5 47.7447 25.353 37.9951 36.618
100.6 47.7903 25.2999 37.9482 36.6711
100.7 47.836 25.2469 37.9012 36.7241
100.8 47.8816 25.1939 37.8543 36.7771
100.9 47.9272 25.1409 37.8073 36.8301
101 47.9728 25.088 37.7603 36.883
101.1 48.0184 25.035 37.7134 36.936
101.2 48.064 24.9821 37.6664 36.9889
101.3 48.1095 24.9292 37.6194 37.0418
101.4 48.1551 24.8763 37.5725 37.0947
101.5 48.2006 24.8235 37.5255 37.1475
101.6 48.2462 24.7706 37.4785 37.2004
101.7 48.2917 24.7178 37.4315 37.2532
101.8 48.3373 24.665 37.3845 37.306
101.9 48.3828 24.6122 37.3375 37.3588
102 48.4283 24.5594 37.2905 37.4116
102.1 48.4738 24.5067 37.2435 37.4643
102.2 48.5193 24.4539 37.1965 37.5171
102.3 48.5647 24.4012 37.1495 37.5698
102.4 48.6102 24.3485 37.1024 37.6225
102.5 48.6557 24.2959 37.0554 37.6751
102.6 48.7011 24.2432 37.0084 37.7278
102.7 48.7465 24.1906 36.9613 37.7804
102.8 48.792 24.138 36.9143 37.833
102.9 48.8374 24.0854 36.8673 37.8856
103 48.8828 24.0328 36.8202 37.9382
103.1 48.9282 23.9803 36.7732 37.9907
103.2 48.9736 23.9277 36.7261 38.0433
103.3 49.019 23.8752 36.6791 38.0958
103.4 49.0643 23.8227 36.632 38.1483
103.5 49.1097 23.7703 36.5849 38.2007
103.6 49.155 23.7178 36.5379 38.2532
103.7 49.2004 23.6654 36.4908 38.3056
103.8 49.2457 23.613 36.4437 38.358
103.9 49.291 23.5607 36.3967 38.4103
104 49.3363 23.5083 36.3496 38.4627
104.1 49.3816 23.456 36.3025 38.515
104.2 49.4269 23.4037 36.2554 38.5673
104.3 49.4722 23.3514 36.2083 38.6196
104.4 49.5174 23.2991 36.1612 38.6719
104.5 49.5627 23.2469 36.1141 38.7241
104.6 49.6079 23.1947 36.067 38.7763
104.7 49.6532 23.1425 36.0199 38.8285
104.8 49.6984 23.0903 35.9728 38.8807
104.9 49.7436 23.0382 35.9257 38.9328
105 49.7888 22.9861 35.8785 38.9849
105.1 49.834 22.934 35.8314 39.037
105.2 49.8792 22.8819 35.7843 39.0891
105.3 49.9243 22.8299 35.7371 39.1411
105.4 49.9695 22.7779 35.69 39.1931
105.5 50.0146 22.7259 35.6429 39.2451
105.6 50.0598 22.6739 35.5957 39.2971
105.7 50.1049 22.622 35.5486 39.349
105.8 50.15 22.5701 35.5014 39.4009
105.9 50.1951 22.5182 35.4543 39.4528
106 50.2402 22.4663 35.4071 39.5047
106.1 50.2853 22.4145 35.36 39.5565
106.2 50.3303 22.3627 35.3128 39.6083
106.3 50.3754 22.3109 35.2656 39.6601
106.4 50.4204 22.2591 35.2185 39.7119
106.5 50.4655 22.2074 35.1713 39.7636
106.6 50.5105 22.1557 35.1241 39.8153
106.7 50.5555 22.104 35.0769 39.867
106.8 50.6005 22.0523 35.0297 39.9187
106.9 50.6455 22.0007 34.9825 39.9703
107 50.6905 21.9491 34.9354 40.0219
107.1 50.7354 21.8976 34.8882 40.0734
107.2 50.7804 21.846 34.841 40.125
107.3 50.8253 21.7945 34.7938 40.1765
107.4 50.8703 21.743 34.7465 40.228
107.5 50.9152 21.6916 34.6993 40.2794
107.6 50.9601 21.6401 34.6521 40.3309
107.7 51.005 21.5887 34.6049 40.3823
107.8 51.0498 21.5374 34.5577 40.4336
107.9 51.0947 21.486 34.5105 40.485
108 51.1396 21.4347 34.4632 40.5363
108.1 51.1844 21.3834 34.416 40.5876
108.2 51.2292 21.3322 34.3688 40.6388
108.3 51.2741 21.2809 34.3215 40.6901
108.4 51.3189 21.2297 34.2743 40.7413
108.5 51.3637 21.1786 34.227 40.7924
108.6 51.4084 21.1274 34.1798 40.8436
108.7 51.4532 21.0763 34.1326 40.8947
108.8 51.498 21.0252 34.0853 40.9458
108.9 51.5427 20.9742 34.038 40.9968
109 51.5874 20.9232 33.9908 41.0478
109.1 51.6322 20.8722 33.9435 41.0988
109.2 51.6769 20.8212 33.8963 41.1498
109.3 51.7216 20.7703 33.849 41.2007
109.4 51.7662 20.7194 33.8017 41.2516
109.5 51.8109 20.6685 33.7544 41.3025
109.6 51.8556 20.6177 33.7072 41.3533
109.7 51.9002 20.5669 33.6599 41.4041
109.8 51.9448 20.5161 33.6126 41.4549
109.9 51.9894 20.4654 33.5653 41.5056
110 52.034 20.4147 33.518 41.5563
110.1 52.0786 20.364 33.4707 41.607
110.2 52.1232 20.3134 33.4234 41.6576
110.3 52.1678 20.2628 33.3761 41.7082
110.4 52.2123 20.2122 33.3288 41.7588
110.5 52.2568 20.1617 33.2815 41.8093
110.6 52.3014 20.1112 33.2342 41.8598
110.7 52.3459 20.0607 33.1869 41.9103
110.8 52.3903 20.0103 33.1395 41.9607
110.9 52.4348 19.9598 33.0922 42.0112
111 52.4793 19.9095 33.0449 42.0615
111.1 52.5237 19.8591 32.9976 42.1119
111.2 52.5682 19.8088 32.9502 42.1622
111.3 52.6126 19.7585 32.9029 42.2125
111.4 52.657 19.7083 32.8556 42.2627
111.5 52.7014 19.6581 32.8082 42.3129
111.6 52.7458 19.6079 32.7609 42.3631
111.7 52.7901 19.5578 32.7136 42.4132
111.8 52.8345 19.5077 32.6662 42.4633
111.9 52.8788 19.4576 32.6189 42.5134
112 52.9231 19.4076 32.5715 42.5634
112.1 52.9675 19.3576 32.5241 42.6134
112.2 53.0117 19.3077 32.4768 42.6633
112.3 53.056 19.2577 32.4294 42.7133
112.4 53.1003 19.2078 32.3821 42.7632
112.5 53.1445 19.158 32.3347 42.813
112.6 53.1888 19.1082 32.2873 42.8628
112.7 53.233 19.0584 32.2399 42.9126
112.8 53.2772 19.0086 32.1926 42.9624
112.9 53.3214 18.9589 32.1452 43.0121
113 53.3655 18.9093 32.0978 43.0617
113.1 53.4097 18.8596 32.0504 43.1114
113.2 53.4538 18.81 32.003 43.161
113.3 53.498 18.7605 31.9556 43.2105
113.4 53.5421 18.711 31.9082 43.26
113.5 53.5862 18.6615 31.8608 43.3095
113.6 53.6303 18.612 31.8134 43.359
113.7 53.6743 18.5626 31.766 43.4084
113.8 53.7184 18.5132 31.7186 43.4578
113.9 53.7624 18.4639 31.6712 43.5071
114 53.8064 18.4146 31.6238 43.5564
114.1 53.8504 18.3653 31.5764 43.6057
114.2 53.8944 18.3161 31.529 43.6549
114.3 53.9384 18.2669 31.4816 43.7041
114.4 53.9823 18.2178 31.4341 43.7532
114.5 54.0262 18.1687 31.3867 43.8023
114.6 54.0702 18.1196 31.3393 43.8514
114.7 54.1141 18.0706 31.2919 43.9004
114.8 54.158 18.0216 31.2444 43.9494
114.9 54.2018 17.9727 31.197 43.9983
115 54.2457 17.9238 31.1496 44.0472
115.1 54.2895 17.8749 31.1021 44.0961
115.2 54.3333 17.8261 31.0547 44.1449
115.3 54.3771 17.7773 31.0072 44.1937
115.4 54.4209 17.7285 30.9598 44.2425
115.5 54.4647 17.6798 30.9123 44.2912
115.6 54.5084 17.6312 30.8649 44.3398
115.7 54.5522 17.5826 30.8174 44.3884
115.8 54.5959 17.534 30.77 44.437
115.9 54.6396 17.4854 30.7225 44.4856
116 54.6833 17.4369 30.675 44.5341
116.1 54.7269 17.3885 30.6276 44.5825
116.2 54.7706 17.34 30.5801 44.631
116.3 54.8142 17.2917 30.5326 44.6793
116.4 54.8578 17.2433 30.4851 44.7277
116.5 54.9014 17.195 30.4377 44.776
116.6 54.945 17.1468 30.3902 44.8242
116.7 54.9885 17.0986 30.3427 44.8724
116.8 55.0321 17.0504 30.2952 44.9206
116.9 55.0756 17.0023 30.2477 44.9687
117 55.1191 16.9542 30.2002 45.0168
117.1 55.1626 16.9062 30.1527 45.0648
117.2 55.2061 16.8582 30.1052 45.1128
117.3 55.2495 16.8102 30.0577 45.1608
117.4 55.2929 16.7623 30.0102 45.2087
117.5 55.3363 16.7144 29.9627 45.2566
117.6 55.3797 16.6666 29.9152 45.3044
117.7 55.4231 16.6188 29.8677 45.3522
117.8 55.4664 16.5711 29.8202 45.3999
117.9 55.5098 16.5234 29.7727 45.4476
118 55.5531 16.4757 29.7252 45.4953
118.1 55.5964 16.4281 29.6777 45.5429
118.2 55.6397 16.3806 29.6301 45.5904
118.3 55.6829 16.3331 29.5826 45.6379
118.4 55.7262 16.2856 29.5351 45.6854
118.5 55.7694 16.2382 29.4876 45.7328
118.6 55.8126 16.1908 29.44 45.7802
118.7 55.8557 16.1434 29.3925 45.8276
118.8 55.8989 16.0962 29.345 45.8748
118.9 55.942 16.0489 29.2974 45.9221
119 55.9851 16.0017 29.2499 45.9693
119.1 56.0282 15.9546 29.2023 46.0164
119.2 56.0713 15.9074 29.1548 46.0636
119.3 56.1144 15.8604 29.1072 46.1106
119.4 56.1574 15.8134 29.0597 46.1576
119.5 56.2004 15.7664 29.0121 46.2046
119.6 56.2434 15.7195 28.9646 46.2515
119.7 56.2864 15.6726 28.917 46.2984
119.8 56.3293 15.6258 28.8695 46.3452
119.9 56.3723 15.579 28.8219 46.392
120 56.4152 15.5322 28.7743 46.4388
120.1 56.4581 15.4856 28.7268 46.4854
120.2 56.5009 15.4389 28.6792 46.5321
120.3 56.5438 15.3923 28.6316 46.5787
120.4 56.5866 15.3458 28.5841 46.6252
120.5 56.6294 15.2993 28.5365 46.6717
120.6 56.6722 15.2528 28.4889 46.7182
120.7 56.7149 15.2064 28.4413 46.7646
120.8 56.7577 15.1601 28.3938 46.8109
120.9 56.8004 15.1137 28.3462 46.8573
121 56.8431 15.0675 28.2986 46.9035
121.1 56.8857 15.0213 28.251 46.9497
121.2 56.9284 14.9751 28.2034 46.9959
121.3 56.971 14.929 28.1558 47.042
121.4 57.0136 14.8829 28.1082 47.0881
121.5 57.0562 14.8369 28.0606 47.1341
121.6 57.0987 14.7909 28.013 47.1801
121.7 57.1412 14.745 27.9654 47.226
121.8 57.1838 14.6992 27.9178 47.2718
121.9 57.2262 14.6533 27.8702 47.3177
122 57.2687 14.6076 27.8226 47.3634
122.1 57.3111 14.5618 27.775 47.4092
122.2 57.3535 14.5162 27.7274 47.4548
122.3 57.3959 14.4706 27.6798 47.5004
122.4 57.4383 14.425 27.6321 47.546
122.5 57.4806 14.3795 27.5845 47.5915
122.6 57.523 14.334 27.5369 47.637
122.7 57.5652 14.2886 27.4893 47.6824
122.8 57.6075 14.2432 27.4416 47.7278
122.9 57.6498 14.1979 27.394 47.7731
123 57.692 14.1526 27.3464 47.8184
123.1 57.7342 14.1074 27.2988 47.8636
123.2 57.7763 14.0623 27.2511 47.9087
123.3 57.8185 14.0172 27.2035 47.9538
123.4 57.8606 13.9721 27.1558 47.9989
123.5 57.9027 13.9271 27.1082 48.0439
123.6 57.9447 13.8821 27.0606 48.0889
123.7 57.9868 13.8372 27.0129 48.1338
123.8 58.0288 13.7924 26.9653 48.1786
123.9 58.0708 13.7476 26.9176 48.2234
124 58.1127 13.7028 26.87 48.2682
124.1 58.1547 13.6582 26.8223 48.3128
124.2 58.1966 13.6135 26.7747 48.3575
124.3 58.2385 13.5689 26.727 48.4021
124.4 58.2803 13.5244 26.6793 48.4466
124.5 58.3222 13.4799 26.6317 48.4911
124.6 58.364 13.4355 26.584 48.5355
124.7 58.4057 13.3911 26.5364 48.5799
124.8 58.4475 13.3468 26.4887 48.6242
124.9 58.4892 13.3025 26.441 48.6685
125 58.5309 13.2583 26.3934 48.7127
125.1 58.5726 13.2142 26.3457 48.7568
125.2 58.6142 13.1701 26.298 48.8009
125.3 58.6558 13.126 26.2503 48.845
125.4 58.6974 13.082 26.2026 48.889
125.5 58.7389 13.0381 26.155 48.9329
125.6 58.7805 12.9942 26.1073 48.9768
125.7 58.8219 12.9503 26.0596 49.0207
125.8 58.8634 12.9066 26.0119 49.0644
125.9 58.9049 12.8629 25.9642 49.1081
126 58.9463 12.8192 25.9165 49.1518
126.1 58.9876 12.7756 25.8688 49.1954
126.2 59.029 12.732 25.8211 49.239
126.3 59.0703 12.6885 25.7734 49.2825
126.4 59.1116 12.6451 25.7258 49.3259
126.5 59.1529 12.6017 25.6781 49.3693
126.6 59.1941 12.5584 25.6303 49.4126
126.7 59.2353 12.5151 25.5826 49.4559
126.8 59.2764 12.4719 25.5349 49.4991
126.9 59.3176 12.4287 25.4872 49.5423
127 59.3587 12.3856 25.4395 49.5854
127.1 59.3998 12.3425 25.3918 49.6285
127.2 59.4408 12.2995 25.3441 49.6715
127.3 59.4818 12.2566 25.2964 49.7144
127.4 59.5228 12.2137 25.2487 49.7573
127.5 59.5638 12.1709 25.2009 49.8001
127.6 59.6047 12.1281 25.1532 49.8429
127.7 59.6456 12.0854 25.1055 49.8856
127.8 59.6864 12.0428 25.0578 49.9282
127.9 59.7272 12.0002 25.0101 49.9708
128 59.768 11.9577 24.9623 50.0133
128.1 59.8088 11.9152 24.9146 50.0558
128.2 59.8495 11.8728 24.8669 50.0982
128.3 59.8902 11.8304 24.8191 50.1406
128.4 59.9308 11.7881 24.7714 50.1829
128.5 59.9715 11.7459 24.7237 50.2251
128.6 60.0121 11.7037 24.6759 50.2673
128.7 60.0526 11.6615 24.6282 50.3095
128.8 60.0931 11.6195 24.5804 50.3515
128.9 60.1336 11.5775 24.5327 50.3935
129 60.1741 11.5355 24.485 50.4355
129.1 60.2145 11.4936 24.4372 50.4774
129.2 60.2549 11.4518 24.3895 50.5192
129.3 60.2952 11.41 24.3417 50.561
129.4 60.3355 11.3683 24.294 50.6027
129.5 60.3758 11.3267 24.2462 50.6443
129.6 60.416 11.2851 24.1984 50.6859
129.7 60.4562 11.2435 24.1507 50.7275
129.8 60.4964 11.2021 24.1029 50.7689
129.9 60.5365 11.1607 24.0552 50.8103
130 60.5766 11.1193 24.0074 50.8517
130.1 60.6167 11.078 23.9596 50.893
130.2 60.6567 11.0368 23.9119 50.9342
130.3 60.6967 10.9956 23.8641 50.9754
130.4 60.7366 10.9545 23.8163 51.0165
130.5 60.7765 10.9135 23.7686 51.0575
130.6 60.8164 10.8725 23.7208 51.0985
130.7 60.8562 10.8315 23.673 51.1395
130.8 60.896 10.7907 23.6252 51.1803
130.9 60.9358 10.7499 23.5775 51.2211
131 60.9755 10.7091 23.5297 51.2619
131.1 61.0152 10.6685 23.4819 51.3025
131.2 61.0548 10.6278 23.4341 51.3432
131.3 61.0944 10.5873 23.3863 51.3837
131.4 61.1339 10.5468 23.3385 51.4242
131.5 61.1735 10.5064 23.2908 51.4646
131.6 61.2129 10.466 23.243 51.505
131.7 61.2524 10.4257 23.1952 51.5453
131.8 61.2918 10.3855 23.1474 51.5855
131.9 61.3311 10.3453 23.0996 51.6257
132 61.3704 10.3052 23.0518 51.6658
132.1 61.4097 10.2651 23.004 51.7059
132.2 61.4489 10.2251 22.9562 51.7459
132.3 61.4881 10.1852 22.9084 51.7858
132.4 61.5272 10.1453 22.8606 51.8257
132.5 61.5663 10.1055 22.8128 51.8655
132.6 61.6054 10.0658 22.765 51.9052
132.7 61.6444 10.0261 22.7172 51.9449
132.8 61.6834 9.9865 22.6694 51.9845
132.9 61.7223 9.94695 22.6216 52.0241
133 61.7612 9.90747 22.5738 52.0635
133.1 61.8 9.86805 22.5259 52.1029
133.2 61.8388 9.8287 22.4781 52.1423
133.3 61.8775 9.78941 22.4303 52.1816
133.4 61.9162 9.75018 22.3825 52.2208
133.5 61.9549 9.71103 22.3347 52.26
133.6 61.9935 9.67193 22.2869 52.2991
133.7 62.0321 9.6329 22.239 52.3381
133.8 62.0706 9.59394 22.1912 52.3771
133.9 62.1091 9.55504 22.1434 52.416
134 62.1475 9.5162 22.0956 52.4548
134.1 62.1858 9.47743 22.0477 52.4936
134.2 62.2242 9.43873 21.9999 52.5323
134.3 62.2625 9.40009 21.9521 52.5709
134.4 62.3007 9.36152 21.9042 52.6095
134.5 62.3389 9.32301 21.8564 52.648
134.6 62.377 9.28457 21.8086 52.6864
134.7 62.4151 9.2462 21.7607 52.7248
134.8 62.4531 9.20789 21.7129 52.7631
134.9 62.4911 9.16965 21.6651 52.8013
135 62.529 9.13148 21.6172 52.8395
135.1 62.5669 9.09337 21.5694 52.8776
135.2 62.6048 9.05533 21.5215 52.9157
135.3 62.6425 9.01735 21.4737 52.9536
135.4 62.6803 8.97944 21.4258 52.9916
135.5 62.7179 8.9416 21.378 53.0294
135.6 62.7556 8.90383 21.3301 53.0672
135.7 62.7931 8.86612 21.2823 53.1049
135.8 62.8307 8.82848 21.2344 53.1425
135.9 62.8681 8.79091 21.1866 53.1801
136 62.9055 8.75341 21.1387 53.2176
136.1 62.9429 8.71597 21.0909 53.255
136.2 62.9802 8.6786 21.043 53.2924
136.3 63.0174 8.6413 20.9952 53.3297
136.4 63.0546 8.60407 20.9473 53.3669
136.5 63.0918 8.56691 20.8994 53.4041
136.6 63.1289 8.52981 20.8516 53.4412
136.7 63.1659 8.49278 20.8037 53.4782
136.8 63.2029 8.45582 20.7558 53.5152
136.9 63.2398 8.41893 20.708 53.5521
137 63.2766 8.38211 20.6601 53.5889
137.1 63.3134 8.34536 20.6122 53.6256
137.2 63.3502 8.30867 20.5644 53.6623
137.3 63.3868 8.27206 20.5165 53.6989
137.4 63.4234 8.23551 20.4686 53.7355
137.5 63.46 8.19904 20.4207 53.772
137.6 63.4965 8.16263 20.3729 53.8084
137.7 63.5329 8.12629 20.325 53.8447
137.8 63.5693 8.09002 20.2771 53.881
137.9 63.6056 8.05383 20.2292 53.9172
138 63.6419 8.0177 20.1813 53.9533
138.1 63.6781 7.98164 20.1335 53.9894
138.2 63.7142 7.94565 20.0856 54.0253
138.3 63.7503 7.90973 20.0377 54.0613
138.4 63.7863 7.87389 19.9898 54.0971
138.5 63.8222 7.83811 19.9419 54.1329
138.6 63.8581 7.8024 19.894 54.1686
138.7 63.8939 7.76677 19.8461 54.2042
138.8 63.9297 7.7312 19.7982 54.2398
138.9 63.9654 7.69571 19.7504 54.2753
139 64.001 7.66028 19.7025 54.3107
139.1 64.0365 7.62493 19.6546 54.3461
139.2 64.072 7.58965 19.6067 54.3814
139.3 64.1074 7.55444 19.5588 54.4166
139.4 64.1427 7.5193 19.5109 54.4517
139.5 64.178 7.48423 19.463 54.4868
139.6 64.2132 7.44924 19.4151 54.5218
139.7 64.2484 7.41431 19.3672 54.5567
139.8 64.2834 7.37946 19.3193 54.5915
139.9 64.3184 7.34468 19.2713 54.6263
140 64.3533 7.30997 19.2234 54.661
140.1 64.3882 7.27533 19.1755 54.6957
140.2 64.423 7.24077 19.1276 54.7302
140.3 64.4577 7.20628 19.0797 54.7647
140.4 64.4923 7.17186 19.0318 54.7991
140.5 64.5269 7.13751 18.9839 54.8335
140.6 64.5614 7.10324 18.936 54.8678
140.7 64.5958 7.06904 18.8881 54.902
140.8 64.6301 7.03491 18.8401 54.9361
140.9 64.6644 7.00085 18.7922 54.9701
141 64.6985 6.96687 18.7443 55.0041
141.1 64.7326 6.93296 18.6964 55.038
141.2 64.7667 6.89913 18.6485 55.0719
141.3 64.8006 6.86536 18.6005 55.1056
141.4 64.8345 6.83167 18.5526 55.1393
141.5 64.8683 6.79806 18.5047 55.1729
141.6 64.902 6.76452 18.4568 55.2065
141.7 64.9356 6.73105 18.4088 55.24
141.8 64.9691 6.69765 18.3609 55.2733
141.9 65.0026 6.66433 18.313 55.3067
142 65.036 6.63109 18.265 55.3399
142.1 65.0693 6.59792 18.2171 55.3731
142.2 65.1025 6.56482 18.1692 55.4062
142.3 65.1356 6.5318 18.1212 55.4392
142.4 65.1687 6.49885 18.0733 55.4722
142.5 65.2016 6.46597 18.0254 55.505
142.6 65.2345 6.43317 17.9774 55.5378
142.7 65.2673 6.40045 17.9295 55.5706
142.8 65.2999 6.3678 17.8816 55.6032
142.9 65.3325 6.33522 17.8336 55.6358
143 65.3651 6.30272 17.7857 55.6683
143.1 65.3975 6.2703 17.7377 55.7007
143.2 65.4298 6.23795 17.6898 55.7331
143.3 65.462 6.20568 17.6418 55.7653
143.4 65.4942 6.17348 17.5939 55.7975
143.5 65.5262 6.14135 17.546 55.8296
143.6 65.5582 6.10931 17.498 55.8617
143.7 65.5901 6.07734 17.4501 55.8937
143.8 65.6218 6.04544 17.4021 55.9256
143.9 65.6535 6.01362 17.3542 55.9574
144 65.6851 5.98188 17.3062 55.9891
144.1 65.7165 5.95021 17.2582 56.0208
144.2 65.7479 5.91862 17.2103 56.0524
144.3 65.7792 5.8871 17.1623 56.0839
144.4 65.8104 5.85567 17.1144 56.1153
144.5 65.8414 5.8243 17.0664 56.1467
144.6 65.8724 5.79302 17.0185 56.178
144.7 65.9033 5.76181 16.9705 56.2092
144.8 65.934 5.73068 16.9225 56.2403
144.9 65.9647 5.69962 16.8746 56.2714
145 65.9953 5.66865 16.8266 56.3024
145.1 66.0257 5.63775 16.7787 56.3333
145.2 66.056 5.60692 16.7307 56.3641
145.3 66.0863 5.57618 16.6827 56.3948
145.4 66.1164 5.54551 16.6348 56.4255
145.5 66.1464 5.51492 16.5868 56.4561
145.6 66.1763 5.4844 16.5388 56.4866
145.7 66.2061 5.45397 16.4908 56.517
145.8 66.2358 5.42361 16.4429 56.5474
145.9 66.2653 5.39333 16.3949 56.5777
146 66.2948 5.36313 16.3469 56.6079
146.1 66.3241 5.333 16.299 56.638
146.2 66.3533 5.30296 16.251 56.668
146.3 66.3824 5.27299 16.203 56.698
146.4 66.4114 5.2431 16.155 56.7279
146.5 66.4402 5.21329 16.107 56.7577
146.6 66.469 5.18356 16.0591 56.7874
146.7 66.4976 5.1539 16.0111 56.8171
146.8 66.5261 5.12433 15.9631 56.8467
146.9 66.5544 5.09483 15.9151 56.8762
147 66.5827 5.06541 15.8671 56.9056
147.1 66.6108 5.03608 15.8192 56.9349
147.2 66.6388 5.00682 15.7712 56.9642
147.3 66.6666 4.97764 15.7232 56.9934
147.4 66.6943 4.94853 15.6752 57.0225
147.5 66.7219 4.91951 15.6272 57.0515
147.6 66.7494 4.89057 15.5792 57.0804
147.7 66.7767 4.86171 15.5312 57.1093
147.8 66.8039 4.83292 15.4832 57.1381
147.9 66.8309 4.80422 15.4353 57.1668
148 66.8579 4.7756 15.3873 57.1954
148.1 66.8846 4.74705 15.3393 57.2239
148.2 66.9113 4.71859 15.2913 57.2524
148.3 66.9378 4.6902 15.2433 57.2808
148.4 66.9641 4.6619 15.1953 57.3091
148.5 66.9903 4.63368 15.1473 57.3373
148.6 67.0164 4.60553 15.0993 57.3655
148.7 67.0423 4.57747 15.0513 57.3935
148.8 67.0681 4.54949 15.0033 57.4215
148.9 67.0937 4.52158 14.9553 57.4494
149 67.1191 4.49376 14.9073 57.4772
149.1 67.1445 4.46602 14.8593 57.505
149.2 67.1696 4.43836 14.8113 57.5326
149.3 67.1946 4.41078 14.7633 57.5602
149.4 67.2195 4.38328 14.7153 57.5877
149.5 67.2442 4.35586 14.6673 57.6151
149.6 67.2687 4.32853 14.6193 57.6425
149.7 67.2931 4.30127 14.5713 57.6697
149.8 67.3173 4.2741 14.5233 57.6969
149.9 67.3413 4.24701 14.4752 57.724
150 67.3652 4.22 14.4272 57.751
150.1 67.3889 4.19307 14.3792 57.7779
150.2 67.4124 4.16622 14.3312 57.8048
150.3 67.4358 4.13945 14.2832 57.8315
150.4 67.459 4.11277 14.2352 57.8582
150.5 67.482 4.08617 14.1872 57.8848
150.6 67.5048 4.05964 14.1392 57.9114
150.7 67.5275 4.03321 14.0911 57.9378
150.8 67.55 4.00685 14.0431 57.9642
150.9 67.5723 3.98058 13.9951 57.9904
151 67.5944 3.95438 13.9471 58.0166
151.1 67.6163 3.92827 13.8991 58.0427
151.2 67.6381 3.90225 13.8511 58.0688
151.3 67.6596 3.8763 13.803 58.0947
151.4 67.681 3.85044 13.755 58.1206
151.5 67.7022 3.82466 13.707 58.1463
151.6 67.7232 3.79896 13.659 58.172
151.7 67.7439 3.77335 13.6109 58.1977
151.8 67.7645 3.74782 13.5629 58.2232
151.9 67.7849 3.72237 13.5149 58.2486
152 67.8051 3.69701 13.4669 58.274
152.1 67.825 3.67172 13.4188 58.2993
152.2 67.8448 3.64652 13.3708 58.3245
152.3 67.8644 3.62141 13.3228 58.3496
152.4 67.8837 3.59638 13.2748 58.3746
152.5 67.9028 3.57143 13.2267 58.3996
152.6 67.9218 3.54656 13.1787 58.4244
152.7 67.9404 3.52178 13.1307 58.4492
152.8 67.9589 3.49708 13.0826 58.4739
152.9 67.9772 3.47247 13.0346 58.4985
153 67.9952 3.44794 12.9866 58.5231
153.1 68.013 3.42349 12.9385 58.5475
153.2 68.0306 3.39913 12.8905 58.5719
153.3 68.0479 3.37485 12.8425 58.5961
153.4 68.065 3.35066 12.7944 58.6203
153.5 68.0818 3.32655 12.7464 58.6445
153.6 68.0984 3.30252 12.6984 58.6685
153.7 68.1148 3.27858 12.6503 58.6924
153.8 68.1309 3.25472 12.6023 58.7163
153.9 68.1468 3.23095 12.5542 58.7401
154 68.1624 3.20726 12.5062 58.7637
154.1 68.1778 3.18366 12.4582 58.7873
154.2 68.1929 3.16014 12.4101 58.8109
154.3 68.2078 3.1367 12.3621 58.8343
154.4 68.2224 3.11335 12.314 58.8576
154.5 68.2367 3.09009 12.266 58.8809
154.6 68.2507 3.06691 12.2179 58.9041
154.7 68.2645 3.04382 12.1699 58.9272
154.8 68.278 3.02081 12.1218 58.9502
154.9 68.2912 2.99788 12.0738 58.9731
155 68.3042 2.97504 12.0258 58.996
155.1 68.3168 2.95229 11.9777 59.0187
155.2 68.3292 2.92962 11.9297 59.0414
155.3 68.3413 2.90704 11.8816 59.064
155.4 68.3531 2.88454 11.8336 59.0865
155.5 68.3646 2.86213 11.7855 59.1089
155.6 68.3757 2.8398 11.7375 59.1312
155.7 68.3866 2.81756 11.6894 59.1534
155.8 68.3972 2.79541 11.6413 59.1756
155.9 68.4074 2.77334 11.5933 59.1977
156 68.4173 2.75136 11.5452 59.2196
156.1 68.427 2.72946 11.4972 59.2415
156.2 68.4362 2.70765 11.4491 59.2633
156.3 68.4452 2.68593 11.4011 59.2851
156.4 68.4538 2.66429 11.353 59.3067
156.5 68.4621 2.64274 11.305 59.3283
156.6 68.47 2.62127 11.2569 59.3497
156.7 68.4776 2.59989 11.2088 59.3711
156.8 68.4849 2.5786 11.1608 59.3924
156.9 68.4918 2.55739 11.1127 59.4136
157 68.4983 2.53627 11.0647 59.4347
157.1 68.5045 2.51524 11.0166 59.4558
157.2 68.5103 2.4943 10.9685 59.4767
157.3 68.5157 2.47344 10.9205 59.4976
157.4 68.5208 2.45266 10.8724 59.5183
157.5 68.5255 2.43198 10.8243 59.539
157.6 68.5297 2.41138 10.7763 59.5596
157.7 68.5336 2.39087 10.7282 59.5801
157.8 68.5371 2.37044 10.6802 59.6006
157.9 68.5402 2.35011 10.6321 59.6209
158 68.5429 2.32986 10.584 59.6411
158.1 68.5452 2.30969 10.536 59.6613
158.2 68.5471 2.28962 10.4879 59.6814
158.3 68.5485 2.26963 10.4398 59.7014
158.4 68.5495 2.24973 10.3917 59.7213
158.5 68.5501 2.22992 10.3437 59.7411
158.6 68.5502 2.21019 10.2956 59.7608
158.7 68.5499 2.19055 10.2475 59.7804
158.8 68.5491 2.171 10.1995 59.8
158.9 68.5479 2.15154 10.1514 59.8195
159 68.5462 2.13217 10.1033 59.8388
159.1 68.544 2.11288 10.0553 59.8581
159.2 68.5414 2.09368 10.0072 59.8773
159.3 68.5383 2.07457 9.9591 59.8964
159.4 68.5346 2.05555 9.91103 59.9155
159.5 68.5305 2.03661 9.86295 59.9344
159.6 68.5259 2.01777 9.81488 59.9532
159.7 68.5208 1.99901 9.7668 59.972
159.8 68.5151 1.98034 9.71872 59.9907
159.9 68.5089 1.96176 9.67065 60.0092
160 68.5022 1.94326 9.62257 60.0277
160.1 68.495 1.92486 9.57449 60.0461
160.2 68.4872 1.90654 9.52641 60.0645
160.3 68.4788 1.88832 9.47833 60.0827
160.4 68.4699 1.87018 9.43025 60.1008
160.5 68.4604 1.85213 9.38217 60.1189
160.6 68.4503 1.83417 9.33409 60.1368
160.7 68.4396 1.81629 9.28601 60.1547
160.8 68.4284 1.79851 9.23793 60.1725
160.9 68.4165 1.78082 9.18984 60.1902
161 68.404 1.76321 9.14176 60.2078
161.1 68.3909 1.74569 9.09368 60.2253
161.2 68.3771 1.72826 9.04559 60.2427
161.3 68.3627 1.71093 8.99751 60.2601
161.4 68.3476 1.69368 8.94942 60.2773
161.5 68.3319 1.67652 8.90134 60.2945
161.6 68.3155 1.65945 8.85325 60.3116
161.7 68.2984 1.64246 8.80517 60.3285
161.8 68.2807 1.62557 8.75708 60.3454
161.9 68.2622 1.60877 8.70899 60.3622
162 68.243 1.59206 8.6609 60.3789
162.1 68.223 1.57543 8.61281 60.3956
162.2 68.2024 1.5589 8.56473 60.4121
162.3 68.1809 1.54245 8.51664 60.4285
162.4 68.1587 1.5261 8.46855 60.4449
162.5 68.1358 1.50983 8.42046 60.4612
162.6 68.112 1.49366 8.37237 60.4773
162.7 68.0875 1.47757 8.32427 60.4934
162.8 68.0621 1.46158 8.27618 60.5094
162.9 68.0359 1.44567 8.22809 60.5253
163 68.0089 1.42986 8.18 60.5411
163.1 67.981 1.41413 8.1319 60.5569
163.2 67.9522 1.39849 8.08381 60.5725
163.3 67.9226 1.38295 8.03572 60.5881
163.4 67.892 1.36749 7.98762 60.6035
163.5 67.8606 1.35213 7.93953 60.6189
163.6 67.8282 1.33685 7.89143 60.6341
163.7 67.7948 1.32167 7.84334 60.6493
163.8 67.7605 1.30658 7.79524 60.6644
163.9 67.7253 1.29157 7.74715 60.6794
164 67.689 1.27666 7.69905 60.6943
164.1 67.6517 1.26184 7.65095 60.7092
164.2 67.6134 1.2471 7.60285 60.7239
164.3 67.5741 1.23246 7.55476 60.7385
164.4 67.5337 1.21791 7.50666 60.7531
164.5 67.4922 1.20345 7.45856 60.7675
164.6 67.4495 1.18908 7.41046 60.7819
164.7 67.4058 1.1748 7.36236 60.7962
164.8 67.3609 1.16061 7.31426 60.8104
164.9 67.3149 1.14652 7.26616 60.8245
165 67.2677 1.13251 7.21806 60.8385
165.1 67.2193 1.11859 7.16996 60.8524
165.2 67.1696 1.10477 7.12185 60.8662
165.3 67.1187 1.09104 7.07375 60.88
165.4 67.0665 1.07739 7.02565 60.8936
165.5 67.013 1.06384 6.97755 60.9072
165.6 66.9582 1.05038 6.92944 60.9206
165.7 66.9021 1.03701 6.88134 60.934
165.8 66.8446 1.02374 6.83324 60.9473
165.9 66.7856 1.01055 6.78513 60.9604
166 66.7253 0.997456 6.73703 60.9735
166.1 66.6635 0.984452 6.68892 60.9865
166.2 66.6002 0.97154 6.64082 60.9995
166.3 66.5354 0.958719 6.59271 61.0123
166.4 66.4691 0.945989 6.5446 61.025
166.5 66.4011 0.933351 6.4965 61.0376
166.6 66.3316 0.920805 6.44839 61.0502
166.7 66.2605 0.90835 6.40028 61.0626
166.8 66.1877 0.895987 6.35218 61.075
166.9 66.1132 0.883716 6.30407 61.0873
167 66.0369 0.871536 6.25596 61.0995
167.1 65.9589 0.859448 6.20785 61.1116
167.2 65.8791 0.847451 6.15974 61.1235
167.3 65.7974 0.835547 6.11163 61.1355
167.4 65.7138 0.823734 6.06352 61.1473
167.5 65.6283 0.812013 6.01541 61.159
167.6 65.5409 0.800384 5.9673 61.1706
167.7 65.4515 0.788847 5.91919 61.1822
167.8 65.36 0.777402 5.87108 61.1936
167.9 65.2664 0.766049 5.82297 61.205
168 65.1707 0.754789 5.77486 61.2162
168.1 65.0727 0.74362 5.72675 61.2274
168.2 64.9726 0.732543 5.67864 61.2385
168.3 64.8702 0.721559 5.63052 61.2494
168.4 64.7655 0.710666 5.58241 61.2603
168.5 64.6583 0.699866 5.5343 61.2711
168.6 64.5488 0.689158 5.48619 61.2818
168.7 64.4367 0.678543 5.43807 61.2925
168.8 64.3221 0.668019 5.38996 61.303
168.9 64.205 0.657588 5.34184 61.3134
169 64.0851 0.64725 5.29373 61.3238
169.1 63.9625 0.637004 5.24562 61.334
169.2 63.8372 0.62685 5.1975 61.3441
169.3 63.7089 0.616789 5.14939 61.3542
169.4 63.5778 0.60682 5.10127 61.3642
169.5 63.4437 0.596944 5.05315 61.3741
169.6 63.3065 0.58716 5.00504 61.3838
169.7 63.1662 0.577469 4.95692 61.3935
169.8 63.0227 0.567871 4.90881 61.4031
169.9 62.8759 0.558365 4.86069 61.4126
170 62.7257 0.548952 4.81257 61.422
170.1 62.5721 0.539632 4.76445 61.4314
170.2 62.4149 0.530404 4.71634 61.4406
170.3 62.2542 0.52127 4.66822 61.4497
170.4 62.0897 0.512228 4.6201 61.4588
170.5 61.9214 0.503279 4.57198 61.4677
170.6 61.7493 0.494422 4.52386 61.4766
170.7 61.5731 0.485659 4.47574 61.4853
170.8 61.3928 0.476988 4.42763 61.494
170.9 61.2084 0.468411 4.37951 61.5026
171 61.0196 0.459926 4.33139 61.5111
171.1 60.8264 0.451534 4.28327 61.5195
171.2 60.6287 0.443236 4.23515 61.5278
171.3 60.4263 0.43503 4.18703 61.536
171.4 60.2191 0.426918 4.13891 61.5441
171.5 60.0071 0.418898 4.09079 61.5521
171.6 59.7899 0.410972 4.04266 61.56
171.7 59.5677 0.403138 3.99454 61.5679
171.8 59.3401 0.395398 3.94642 61.5756
171.9 59.107 0.387752 3.8983 61.5832
172 58.8683 0.380198 3.85018 61.5908
172.1 58.6239 0.372737 3.80206 61.5983
172.2 58.3736 0.36537 3.75394 61.6056
172.3 58.1172 0.358096 3.70581 61.6129
172.4 57.8545 0.350916 3.65769 61.6201
172.5 57.5854 0.343828 3.60957 61.6272
172.6 57.3098 0.336834 3.56144 61.6342
172.7 57.0273 0.329934 3.51332 61.6411
172.8 56.7378 0.323126 3.4652 61.6479
172.9 56.4412 0.316413 3.41707 61.6546
173 56.1372 0.309792 3.36895 61.6612
173.1 55.8256 0.303265 3.32083 61.6677
173.2 55.5062 0.296832 3.2727 61.6742
173.3 55.1787 0.290492 3.22458 61.6805
173.4 54.843 0.284245 3.17645 61.6868
173.5 54.4987 0.278092 3.12833 61.6929
173.6 54.1458 0.272033 3.08021 61.699
173.7 53.7838 0.266067 3.03208 61.7049
173.8 53.4125 0.260195 2.98396 61.7108
173.9 53.0317 0.254416 2.93583 61.7166
174 52.6411 0.248731 2.88771 61.7223
174.1 52.2404 0.243139 2.83958 61.7279
174.2 51.8292 0.237641 2.79145 61.7334
174.3 51.4074 0.232237 2.74333 61.7388
174.4 50.9746 0.226927 2.6952 61.7441
174.5 50.5304 0.22171 2.64708 61.7493
174.6 50.0746 0.216587 2.59895 61.7544
174.7 49.6068 0.211557 2.55082 61.7594
174.8 49.1266 0.206622 2.5027 61.7644
174.9 48.6337 0.20178 2.45457 61.7692
175 48.1278 0.197032 2.40644 61.774
175.1 47.6085 0.192377 2.35832 61.7786
175.2 47.0753 0.187817 2.31019 61.7832
175.3 46.528 0.18335 2.26206 61.7876
175.4 45.9661 0.178977 2.21394 61.792
175.5 45.3892 0.174698 2.16581 61.7963
175.6 44.7969 0.170513 2.11768 61.8005
175.7 44.1889 0.166422 2.06955 61.8046
175.8 43.5647 0.162424 2.02143 61.8086
175.9 42.9239 0.158521 1.9733 61.8125
176 42.2661 0.154711 1.92517 61.8163
176.1 41.5908 0.150995 1.87704 61.82
176.2 40.8977 0.147373 1.82891 61.8236
176.3 40.1864 0.143845 1.78079 61.8272
176.4 39.4564 0.140412 1.73266 61.8306
176.5 38.7073 0.137072 1.68453 61.8339
176.6 37.9389 0.133826 1.6364 61.8372
176.7 37.1506 0.130674 1.58827 61.8403
176.8 36.3422 0.127616 1.54014 61.8434
176.9 35.5133 0.124651 1.49202 61.8463
177 34.6635 0.121781 1.44389 61.8492
177.1 33.7927 0.119005 1.39576 61.852
177.2 32.9005 0.116323 1.34763 61.8547
177.3 31.9868 0.113735 1.2995 61.8573
177.4 31.0512 0.111242 1.25137 61.8598
177.5 30.0938 0.108842 1.20324 61.8622
177.6 29.1143 0.106536 1.15511 61.8645
177.7 28.1128 0.104324 1.10698 61.8667
177.8 27.0892 0.102206 1.05885 61.8688
177.9 26.0436 0.100183 1.01072 61.8708
178 24.9763 0.0982532 0.962595 61.8727
178.1 23.8873 0.0964178 0.914466 61.8746
178.2 22.777 0.0946764 0.866337 61.8763
178.3 21.6458 0.0930291 0.818207 61.878
178.4 20.494 0.091476 0.770077 61.8795
178.5 19.3223 0.0900169 0.721948 61.881
178.6 18.1314 0.088652 0.673818 61.8823
178.7 16.9218 0.0873812 0.625688 61.8836
178.8 15.6944 0.0862045 0.577559 61.8848
178.9 14.4503 0.0851219 0.529429 61.8859
179 13.1903 0.0841334 0.481299 61.8869
179.1 11.9155 0.0832391 0.433169 61.8878
179.2 10.6272 0.0824389 0.385039 61.8886
179.3 9.32664 0.0817328 0.336909 61.8893
179.4 8.01514 0.0811209 0.28878 61.8899
179.5 6.69413 0.0806031 0.24065 61.8904
179.6 5.36508 0.0801795 0.19252 61.8908
179.7 4.02955 0.07985 0.14439 61.8912
179.8 2.68911 0.0796146 0.0962599 61.8914
179.9 1.34538 0.0794734 0.0481299 61.8915
180 9.44209e-14 0.0794263 3.37714e-15 61.8916
