#kinematics calculation of gsex
#vertex z = 150 mm, E_reaction = 60.949 MeV
#theta_cm, theta3_lab, Ek3_lab, theta4_lab, Ek4_lab
0 0 56.421 0 0.0880296
0.1 0.047972 56.4209 1.21557 0.0880725
0.2 0.0959441 56.4208 2.42991 0.0882012
0.3 0.143916 56.4206 3.6418 0.0884157
0.4 0.191888 56.4203 4.85001 0.088716
0.5 0.23986 56.4199 6.05337 0.0891021
0.6 0.287832 56.4194 7.25072 0.089574
0.7 0.335804 56.4189 8.44091 0.0901317
0.8 0.383776 56.4182 9.62287 0.0907752
0.9 0.431748 56.4175 10.7956 0.0915045
1 0.47972 56.4167 11.958 0.0923196
1.1 0.527692 56.4158 13.1092 0.0932204
1.2 0.575664 56.4148 14.2483 0.0942071
1.3 0.623635 56.4137 15.3744 0.0952795
1.4 0.671607 56.4126 16.4869 0.0964377
1.5 0.719579 56.4113 17.585 0.0976817
1.6 0.767551 56.41 18.6681 0.0990115
1.7 0.815522 56.4086 19.7356 0.100427
1.8 0.863494 56.4071 20.787 0.101928
1.9 0.911466 56.4055 21.8218 0.103515
2 0.959437 56.4038 22.8397 0.105188
2.1 1.00741 56.4021 23.8403 0.106947
2.2 1.05538 56.4002 24.8234 0.108791
2.3 1.10335 56.3983 25.7887 0.110721
2.4 1.15132 56.3963 26.736 0.112737
2.5 1.19929 56.3942 27.6654 0.114838
2.6 1.24726 56.392 28.5766 0.117025
2.7 1.29524 56.3897 29.4696 0.119298
2.8 1.34321 56.3873 30.3446 0.121657
2.9 1.39118 56.3849 31.2014 0.124101
3 1.43915 56.3824 32.0403 0.126631
3.1 1.48712 56.3798 32.8613 0.129247
3.2 1.53509 56.3771 33.6645 0.131948
3.3 1.58306 56.3743 34.4502 0.134736
3.4 1.63103 56.3714 35.2185 0.137608
3.5 1.679 56.3684 35.9697 0.140567
3.6 1.72697 56.3654 36.704 0.143611
3.7 1.77494 56.3623 37.4215 0.14674
3.8 1.82291 56.359 38.1227 0.149955
3.9 1.87088 56.3557 38.8077 0.153256
4 1.91885 56.3524 39.4768 0.156643
4.1 1.96682 56.3489 40.1304 0.160115
4.2 2.01479 56.3453 40.7687 0.163672
4.3 2.06276 56.3417 41.392 0.167316
4.4 2.11073 56.338 42.0007 0.171044
4.5 2.1587 56.3341 42.595 0.174859
4.6 2.20667 56.3302 43.1752 0.178759
4.7 2.25464 56.3263 43.7417 0.182744
4.8 2.30261 56.3222 44.2947 0.186815
4.9 2.35057 56.318 44.8346 0.190971
5 2.39854 56.3138 45.3617 0.195213
5.1 2.44651 56.3095 45.8762 0.199541
5.2 2.49448 56.305 46.3785 0.203953
5.3 2.54245 56.3005 46.8689 0.208452
5.4 2.59042 56.296 47.3476 0.213035
5.5 2.63838 56.2913 47.815 0.217704
5.6 2.68635 56.2865 48.2713 0.222459
5.7 2.73432 56.2817 48.7168 0.227299
5.8 2.78229 56.2768 49.1517 0.232224
5.9 2.83025 56.2718 49.5764 0.237235
6 2.87822 56.2667 49.9911 0.242331
6.1 2.92619 56.2615 50.3961 0.247512
6.2 2.97416 56.2562 50.7915 0.252779
6.3 3.02212 56.2509 51.1777 0.258131
6.4 3.07009 56.2454 51.5548 0.263568
6.5 3.11805 56.2399 51.9232 0.269091
6.6 3.16602 56.2343 52.283 0.274698
6.7 3.21399 56.2286 52.6344 0.280391
6.8 3.26195 56.2228 52.9777 0.28617
6.9 3.30992 56.217 53.3132 0.292033
7 3.35788 56.211 53.6408 0.297981
7.1 3.40585 56.205 53.961 0.304015
7.2 3.45381 56.1989 54.2738 0.310134
7.3 3.50178 56.1927 54.5795 0.316338
7.4 3.54974 56.1864 54.8783 0.322627
7.5 3.59771 56.18 55.1702 0.329001
7.6 3.64567 56.1735 55.4556 0.335461
7.7 3.69363 56.167 55.7345 0.342005
7.8 3.7416 56.1604 56.0072 0.348634
7.9 3.78956 56.1537 56.2737 0.355349
8 3.83752 56.1469 56.5343 0.362148
8.1 3.88549 56.14 56.789 0.369032
8.2 3.93345 56.133 57.0381 0.376002
8.3 3.98141 56.1259 57.2817 0.383056
8.4 4.02937 56.1188 57.5198 0.390195
8.5 4.07734 56.1116 57.7527 0.397419
8.6 4.1253 56.1043 57.9805 0.404728
8.7 4.17326 56.0969 58.2033 0.412121
8.8 4.22122 56.0894 58.4212 0.4196
8.9 4.26918 56.0818 58.6343 0.427163
9 4.31714 56.0742 58.8428 0.434811
9.1 4.3651 56.0665 59.0468 0.442544
9.2 4.41306 56.0586 59.2464 0.450361
9.3 4.46102 56.0507 59.4416 0.458263
9.4 4.50898 56.0427 59.6326 0.46625
9.5 4.55694 56.0347 59.8195 0.474322
9.6 4.6049 56.0265 60.0023 0.482478
9.7 4.65286 56.0183 60.1813 0.490719
9.8 4.70082 56.01 60.3564 0.499044
9.9 4.74878 56.0015 60.5278 0.507454
10 4.79674 55.9931 60.6955 0.515948
10.1 4.84469 55.9845 60.8596 0.524527
10.2 4.89265 55.9758 61.0203 0.533191
10.3 4.94061 55.9671 61.1775 0.541938
10.4 4.98857 55.9582 61.3314 0.550771
10.5 5.03652 55.9493 61.4821 0.559687
10.6 5.08448 55.9403 61.6295 0.568688
10.7 5.13243 55.9312 61.7738 0.577773
10.8 5.18039 55.9221 61.9151 0.586943
10.9 5.22835 55.9128 62.0534 0.596197
11 5.2763 55.9035 62.1888 0.605535
11.1 5.32426 55.894 62.3214 0.614957
11.2 5.37221 55.8845 62.4511 0.624464
11.3 5.42016 55.8749 62.5782 0.634055
11.4 5.46812 55.8653 62.7025 0.64373
11.5 5.51607 55.8555 62.8243 0.653489
11.6 5.56403 55.8457 62.9435 0.663332
11.7 5.61198 55.8357 63.0601 0.673259
11.8 5.65993 55.8257 63.1744 0.68327
11.9 5.70788 55.8156 63.2862 0.693365
12 5.75584 55.8055 63.3957 0.703544
12.1 5.80379 55.7952 63.5029 0.713807
12.2 5.85174 55.7848 63.6078 0.724154
12.3 5.89969 55.7744 63.7105 0.734585
12.4 5.94764 55.7639 63.8111 0.745099
12.5 5.99559 55.7533 63.9095 0.755698
12.6 6.04354 55.7426 64.0059 0.76638
12.7 6.09149 55.7319 64.1002 0.777146
12.8 6.13944 55.721 64.1925 0.787996
12.9 6.18739 55.7101 64.2829 0.798929
13 6.23533 55.6991 64.3714 0.809946
13.1 6.28328 55.688 64.458 0.821046
13.2 6.33123 55.6768 64.5427 0.83223
13.3 6.37918 55.6655 64.6256 0.843498
13.4 6.42712 55.6542 64.7068 0.854849
13.5 6.47507 55.6427 64.7862 0.866284
13.6 6.52302 55.6312 64.864 0.877802
13.7 6.57096 55.6196 64.94 0.889403
13.8 6.61891 55.6079 65.0144 0.901088
13.9 6.66685 55.5961 65.0872 0.912856
14 6.7148 55.5843 65.1584 0.924707
14.1 6.76274 55.5724 65.2281 0.936642
14.2 6.81069 55.5603 65.2963 0.94866
14.3 6.85863 55.5482 65.3629 0.960761
14.4 6.90657 55.5361 65.4281 0.972945
14.5 6.95451 55.5238 65.4919 0.985212
14.6 7.00246 55.5114 65.5542 0.997563
14.7 7.0504 55.499 65.6152 1.01
14.8 7.09834 55.4865 65.6748 1.02251
14.9 7.14628 55.4739 65.733 1.03511
15 7.19422 55.4612 65.79 1.04779
15.1 7.24216 55.4484 65.8456 1.06056
15.2 7.2901 55.4356 65.9 1.07341
15.3 7.33804 55.4227 65.9531 1.08634
15.4 7.38598 55.4096 66.005 1.09935
15.5 7.43392 55.3966 66.0557 1.11245
15.6 7.48185 55.3834 66.1052 1.12563
15.7 7.52979 55.3701 66.1536 1.13889
15.8 7.57773 55.3568 66.2008 1.15223
15.9 7.62566 55.3433 66.2469 1.16566
16 7.6736 55.3298 66.2919 1.17917
16.1 7.72154 55.3162 66.3358 1.19276
16.2 7.76947 55.3026 66.3786 1.20643
16.3 7.81741 55.2888 66.4204 1.22019
16.4 7.86534 55.275 66.4611 1.23403
16.5 7.91327 55.261 66.5009 1.24795
16.6 7.96121 55.247 66.5396 1.26195
16.7 8.00914 55.233 66.5774 1.27604
16.8 8.05707 55.2188 66.6142 1.29021
16.9 8.105 55.2045 66.65 1.30446
17 8.15293 55.1902 66.6849 1.31879
17.1 8.20086 55.1758 66.7189 1.3332
17.2 8.24879 55.1613 66.7519 1.3477
17.3 8.29672 55.1467 66.7841 1.36228
17.4 8.34465 55.1321 66.8154 1.37694
17.5 8.39258 55.1173 66.8458 1.39168
17.6 8.44051 55.1025 66.8754 1.4065
17.7 8.48844 55.0876 66.9042 1.42141
17.8 8.53637 55.0726 66.9321 1.4364
17.9 8.58429 55.0575 66.9592 1.45147
18 8.63222 55.0424 66.9855 1.46662
18.1 8.68014 55.0272 67.0111 1.48185
18.2 8.72807 55.0118 67.0358 1.49716
18.3 8.77599 54.9964 67.0598 1.51256
18.4 8.82392 54.981 67.083 1.52803
18.5 8.87184 54.9654 67.1055 1.54359
18.6 8.91976 54.9498 67.1273 1.55923
18.7 8.96769 54.934 67.1484 1.57495
18.8 9.01561 54.9182 67.1687 1.59076
18.9 9.06353 54.9024 67.1883 1.60664
19 9.11145 54.8864 67.2073 1.6226
19.1 9.15937 54.8704 67.2256 1.63865
19.2 9.20729 54.8542 67.2432 1.65478
19.3 9.25521 54.838 67.2601 1.67098
19.4 9.30313 54.8217 67.2764 1.68727
19.5 9.35105 54.8054 67.2921 1.70364
19.6 9.39896 54.7889 67.3071 1.72009
19.7 9.44688 54.7724 67.3216 1.73662
19.8 9.4948 54.7558 67.3354 1.75324
19.9 9.54271 54.7391 67.3486 1.76993
20 9.59063 54.7223 67.3612 1.7867
20.1 9.63854 54.7054 67.3732 1.80356
20.2 9.68646 54.6885 67.3846 1.82049
20.3 9.73437 54.6715 67.3955 1.83751
20.4 9.78228 54.6544 67.4058 1.8546
20.5 9.83019 54.6372 67.4155 1.87178
20.6 9.87811 54.62 67.4247 1.88903
20.7 9.92602 54.6026 67.4334 1.90637
20.8 9.97393 54.5852 67.4415 1.92379
20.9 10.0218 54.5677 67.4491 1.94129
21 10.0697 54.5501 67.4562 1.95886
21.1 10.1177 54.5325 67.4628 1.97652
21.2 10.1656 54.5147 67.4688 1.99426
21.3 10.2135 54.4969 67.4744 2.01208
21.4 10.2614 54.479 67.4795 2.02997
21.5 10.3093 54.461 67.4841 2.04795
21.6 10.3572 54.443 67.4882 2.06601
21.7 10.4051 54.4249 67.4918 2.08415
21.8 10.453 54.4066 67.495 2.10236
21.9 10.5009 54.3883 67.4977 2.12066
22 10.5488 54.37 67.5 2.13904
22.1 10.5967 54.3515 67.5018 2.15749
22.2 10.6446 54.333 67.5032 2.17603
22.3 10.6925 54.3144 67.5041 2.19464
22.4 10.7404 54.2957 67.5046 2.21333
22.5 10.7883 54.2769 67.5047 2.23211
22.6 10.8362 54.258 67.5043 2.25096
22.7 10.8841 54.2391 67.5036 2.26989
22.8 10.932 54.2201 67.5024 2.2889
22.9 10.9799 54.201 67.5008 2.30799
23 11.0278 54.1818 67.4989 2.32716
23.1 11.0757 54.1626 67.4965 2.34641
23.2 11.1236 54.1433 67.4937 2.36574
23.3 11.1715 54.1239 67.4906 2.38514
23.4 11.2194 54.1044 67.487 2.40463
23.5 11.2673 54.0848 67.4831 2.42419
23.6 11.3152 54.0652 67.4789 2.44383
23.7 11.363 54.0454 67.4742 2.46355
23.8 11.4109 54.0256 67.4692 2.48335
23.9 11.4588 54.0058 67.4638 2.50323
24 11.5067 53.9858 67.4581 2.52319
24.1 11.5546 53.9658 67.4521 2.54322
24.2 11.6025 53.9457 67.4456 2.56333
24.3 11.6504 53.9255 67.4389 2.58353
24.4 11.6983 53.9052 67.4318 2.6038
24.5 11.7462 53.8849 67.4244 2.62414
24.6 11.794 53.8644 67.4166 2.64457
24.7 11.8419 53.8439 67.4085 2.66507
24.8 11.8898 53.8233 67.4001 2.68565
24.9 11.9377 53.8027 67.3914 2.70631
25 11.9856 53.782 67.3824 2.72705
25.1 12.0335 53.7611 67.373 2.74786
25.2 12.0813 53.7402 67.3633 2.76876
25.3 12.1292 53.7193 67.3534 2.78973
25.4 12.1771 53.6982 67.3431 2.81078
25.5 12.225 53.6771 67.3326 2.8319
25.6 12.2728 53.6559 67.3217 2.8531
25.7 12.3207 53.6346 67.3106 2.87438
25.8 12.3686 53.6133 67.2991 2.89574
25.9 12.4165 53.5918 67.2874 2.91718
26 12.4643 53.5703 67.2754 2.93869
26.1 12.5122 53.5487 67.2631 2.96028
26.2 12.5601 53.5271 67.2506 2.98194
26.3 12.608 53.5053 67.2378 3.00369
26.4 12.6558 53.4835 67.2247 3.02551
26.5 12.7037 53.4616 67.2113 3.0474
26.6 12.7516 53.4396 67.1977 3.06938
26.7 12.7994 53.4176 67.1838 3.09143
26.8 12.8473 53.3954 67.1697 3.11356
26.9 12.8952 53.3732 67.1553 3.13576
27 12.943 53.351 67.1406 3.15804
27.1 12.9909 53.3286 67.1257 3.1804
27.2 13.0388 53.3062 67.1106 3.20283
27.3 13.0866 53.2837 67.0952 3.22534
27.4 13.1345 53.2611 67.0796 3.24792
27.5 13.1824 53.2384 67.0637 3.27059
27.6 13.2302 53.2157 67.0476 3.29332
27.7 13.2781 53.1929 67.0313 3.31614
27.8 13.3259 53.17 67.0147 3.33903
27.9 13.3738 53.147 66.9979 3.36199
28 13.4217 53.124 66.9809 3.38503
28.1 13.4695 53.1008 66.9636 3.40815
28.2 13.5174 53.0777 66.9462 3.43134
28.3 13.5652 53.0544 66.9285 3.45461
28.4 13.6131 53.031 66.9106 3.47796
28.5 13.6609 53.0076 66.8924 3.50138
28.6 13.7088 52.9841 66.8741 3.52487
28.7 13.7566 52.9606 66.8556 3.54844
28.8 13.8045 52.9369 66.8368 3.57209
28.9 13.8523 52.9132 66.8178 3.59581
29 13.9002 52.8894 66.7987 3.61961
29.1 13.948 52.8655 66.7793 3.64348
29.2 13.9959 52.8416 66.7597 3.66742
29.3 14.0437 52.8176 66.74 3.69144
29.4 14.0916 52.7935 66.72 3.71554
29.5 14.1394 52.7693 66.6998 3.73971
29.6 14.1873 52.745 66.6795 3.76395
29.7 14.2351 52.7207 66.6589 3.78827
29.8 14.283 52.6963 66.6382 3.81267
29.9 14.3308 52.6719 66.6173 3.83714
30 14.3786 52.6473 66.5962 3.86168
30.1 14.4265 52.6227 66.5749 3.8863
30.2 14.4743 52.598 66.5534 3.91099
30.3 14.5221 52.5732 66.5318 3.93576
30.4 14.57 52.5484 66.5099 3.96059
30.5 14.6178 52.5235 66.4879 3.98551
30.6 14.6657 52.4985 66.4657 4.0105
30.7 14.7135 52.4734 66.4434 4.03556
30.8 14.7613 52.4483 66.4209 4.06069
30.9 14.8092 52.4231 66.3982 4.0859
31 14.857 52.3978 66.3753 4.11119
31.1 14.9048 52.3725 66.3523 4.13654
31.2 14.9526 52.347 66.3291 4.16197
31.3 15.0005 52.3215 66.3057 4.18747
31.4 15.0483 52.2959 66.2822 4.21305
31.5 15.0961 52.2703 66.2585 4.2387
31.6 15.1439 52.2446 66.2346 4.26442
31.7 15.1918 52.2188 66.2106 4.29022
31.8 15.2396 52.1929 66.1865 4.31609
31.9 15.2874 52.167 66.1622 4.34203
32 15.3352 52.141 66.1377 4.36805
32.1 15.3831 52.1149 66.1131 4.39413
32.2 15.4309 52.0887 66.0883 4.42029
32.3 15.4787 52.0625 66.0634 4.44653
32.4 15.5265 52.0362 66.0383 4.47283
32.5 15.5743 52.0098 66.0131 4.49921
32.6 15.6221 51.9833 65.9878 4.52566
32.7 15.67 51.9568 65.9623 4.55218
32.8 15.7178 51.9302 65.9366 4.57878
32.9 15.7656 51.9036 65.9108 4.60544
33 15.8134 51.8768 65.8849 4.63218
33.1 15.8612 51.85 65.8588 4.65899
33.2 15.909 51.8231 65.8326 4.68587
33.3 15.9568 51.7962 65.8063 4.71283
33.4 16.0046 51.7691 65.7798 4.73986
33.5 16.0524 51.742 65.7532 4.76695
33.6 16.1002 51.7149 65.7265 4.79412
33.7 16.148 51.6876 65.6996 4.82136
33.8 16.1958 51.6603 65.6726 4.84868
33.9 16.2436 51.6329 65.6454 4.87606
34 16.2914 51.6055 65.6182 4.90351
34.1 16.3392 51.578 65.5908 4.93104
34.2 16.387 51.5504 65.5633 4.95864
34.3 16.4348 51.5227 65.5356 4.9863
34.4 16.4826 51.495 65.5079 5.01404
34.5 16.5304 51.4671 65.48 5.04185
34.6 16.5782 51.4393 65.452 5.06973
34.7 16.626 51.4113 65.4238 5.09768
34.8 16.6738 51.3833 65.3956 5.1257
34.9 16.7216 51.3552 65.3672 5.1538
35 16.7694 51.327 65.3387 5.18196
35.1 16.8172 51.2988 65.3101 5.21019
35.2 16.8649 51.2705 65.2814 5.23849
35.3 16.9127 51.2421 65.2526 5.26687
35.4 16.9605 51.2137 65.2236 5.29531
35.5 17.0083 51.1852 65.1945 5.32382
35.6 17.0561 51.1566 65.1654 5.3524
35.7 17.1039 51.1279 65.1361 5.38106
35.8 17.1516 51.0992 65.1067 5.40978
35.9 17.1994 51.0704 65.0772 5.43857
36 17.2472 51.0416 65.0476 5.46743
36.1 17.295 51.0126 65.0178 5.49636
36.2 17.3428 50.9836 64.988 5.52536
36.3 17.3905 50.9546 64.9581 5.55443
36.4 17.4383 50.9254 64.928 5.58357
36.5 17.4861 50.8962 64.8979 5.61278
36.6 17.5338 50.8669 64.8676 5.64205
36.7 17.5816 50.8376 64.8373 5.6714
36.8 17.6294 50.8082 64.8068 5.70081
36.9 17.6771 50.7787 64.7763 5.73029
37 17.7249 50.7492 64.7456 5.75985
37.1 17.7727 50.7195 64.7149 5.78947
37.2 17.8204 50.6898 64.684 5.81915
37.3 17.8682 50.6601 64.6531 5.84891
37.4 17.916 50.6303 64.622 5.87873
37.5 17.9637 50.6004 64.5909 5.90863
37.6 18.0115 50.5704 64.5596 5.93859
37.7 18.0592 50.5404 64.5283 5.96862
37.8 18.107 50.5103 64.4969 5.99871
37.9 18.1547 50.4801 64.4654 6.02888
38 18.2025 50.4499 64.4337 6.05911
38.1 18.2503 50.4196 64.402 6.08941
38.2 18.298 50.3892 64.3702 6.11978
38.3 18.3458 50.3588 64.3384 6.15021
38.4 18.3935 50.3283 64.3064 6.18072
38.5 18.4412 50.2977 64.2743 6.21129
38.6 18.489 50.2671 64.2422 6.24192
38.7 18.5367 50.2364 64.2099 6.27263
38.8 18.5845 50.2056 64.1776 6.3034
38.9 18.6322 50.1748 64.1452 6.33424
39 18.68 50.1439 64.1127 6.36514
39.1 18.7277 50.1129 64.0801 6.39611
39.2 18.7754 50.0819 64.0474 6.42715
39.3 18.8232 50.0507 64.0147 6.45825
39.4 18.8709 50.0196 63.9818 6.48942
39.5 18.9186 49.9883 63.9489 6.52066
39.6 18.9664 49.957 63.9159 6.55196
39.7 19.0141 49.9257 63.8828 6.58333
39.8 19.0618 49.8942 63.8497 6.61477
39.9 19.1096 49.8627 63.8164 6.64627
40 19.1573 49.8312 63.7831 6.67784
40.1 19.205 49.7995 63.7497 6.70947
40.2 19.2528 49.7678 63.7162 6.74117
40.3 19.3005 49.7361 63.6827 6.77293
40.4 19.3482 49.7042 63.649 6.80476
40.5 19.3959 49.6723 63.6153 6.83665
40.6 19.4436 49.6404 63.5815 6.86861
40.7 19.4914 49.6084 63.5477 6.90064
40.8 19.5391 49.5763 63.5137 6.93273
40.9 19.5868 49.5441 63.4797 6.96488
41 19.6345 49.5119 63.4456 6.9971
41.1 19.6822 49.4796 63.4115 7.02939
41.2 19.7299 49.4473 63.3773 7.06174
41.3 19.7776 49.4148 63.3429 7.09415
41.4 19.8253 49.3824 63.3086 7.12663
41.5 19.8731 49.3498 63.2741 7.15917
41.6 19.9208 49.3172 63.2396 7.19178
41.7 19.9685 49.2846 63.205 7.22445
41.8 20.0162 49.2518 63.1704 7.25718
41.9 20.0639 49.219 63.1356 7.28998
42 20.1116 49.1862 63.1008 7.32285
42.1 20.1593 49.1532 63.066 7.35577
42.2 20.207 49.1202 63.031 7.38876
42.3 20.2547 49.0872 62.996 7.42182
42.4 20.3023 49.0541 62.961 7.45493
42.5 20.35 49.0209 62.9258 7.48812
42.6 20.3977 48.9876 62.8906 7.52136
42.7 20.4454 48.9543 62.8554 7.55467
42.8 20.4931 48.921 62.8201 7.58804
42.9 20.5408 48.8875 62.7847 7.62147
43 20.5885 48.854 62.7492 7.65497
43.1 20.6362 48.8205 62.7137 7.68852
43.2 20.6838 48.7869 62.6781 7.72215
43.3 20.7315 48.7532 62.6425 7.75583
43.4 20.7792 48.7194 62.6067 7.78958
43.5 20.8269 48.6856 62.571 7.82339
43.6 20.8746 48.6517 62.5351 7.85726
43.7 20.9222 48.6178 62.4992 7.89119
43.8 20.9699 48.5838 62.4633 7.92518
43.9 21.0176 48.5498 62.4273 7.95924
44 21.0653 48.5156 62.3912 7.99336
44.1 21.1129 48.4815 62.3551 8.02754
44.2 21.1606 48.4472 62.3189 8.06178
44.3 21.2083 48.4129 62.2826 8.09609
44.4 21.2559 48.3785 62.2463 8.13045
44.5 21.3036 48.3441 62.2099 8.16488
44.6 21.3512 48.3096 62.1735 8.19937
44.7 21.3989 48.2751 62.137 8.23392
44.8 21.4466 48.2405 62.1005 8.26852
44.9 21.4942 48.2058 62.0639 8.3032
45 21.5419 48.1711 62.0272 8.33793
45.1 21.5895 48.1363 61.9905 8.37272
45.2 21.6372 48.1014 61.9538 8.40757
45.3 21.6848 48.0665 61.917 8.44248
45.4 21.7325 48.0315 61.8801 8.47746
45.5 21.7801 47.9965 61.8432 8.51249
45.6 21.8278 47.9614 61.8062 8.54759
45.7 21.8754 47.9263 61.7691 8.58274
45.8 21.923 47.891 61.7321 8.61795
45.9 21.9707 47.8558 61.6949 8.65323
46 22.0183 47.8204 61.6577 8.68856
46.1 22.066 47.785 61.6205 8.72395
46.2 22.1136 47.7496 61.5832 8.75941
46.3 22.1612 47.7141 61.5458 8.79492
46.4 22.2089 47.6785 61.5084 8.83049
46.5 22.2565 47.6429 61.471 8.86612
46.6 22.3041 47.6072 61.4335 8.90181
46.7 22.3518 47.5714 61.3959 8.93756
46.8 22.3994 47.5356 61.3583 8.97336
46.9 22.447 47.4998 61.3207 9.00923
47 22.4946 47.4638 61.283 9.04515
47.1 22.5422 47.4279 61.2452 9.08114
47.2 22.5899 47.3918 61.2074 9.11718
47.3 22.6375 47.3557 61.1696 9.15328
47.4 22.6851 47.3196 61.1317 9.18944
47.5 22.7327 47.2833 61.0938 9.22565
47.6 22.7803 47.2471 61.0558 9.26193
47.7 22.8279 47.2107 61.0177 9.29826
47.8 22.8755 47.1744 60.9797 9.33465
47.9 22.9231 47.1379 60.9415 9.37109
48 22.9708 47.1014 60.9034 9.4076
48.1 23.0184 47.0648 60.8651 9.44416
48.2 23.066 47.0282 60.8269 9.48078
48.3 23.1136 46.9915 60.7886 9.51746
48.4 23.1612 46.9548 60.7502 9.55419
48.5 23.2087 46.918 60.7118 9.59098
48.6 23.2563 46.8812 60.6734 9.62783
48.7 23.3039 46.8443 60.6349 9.66473
48.8 23.3515 46.8073 60.5963 9.70169
48.9 23.3991 46.7703 60.5578 9.73871
49 23.4467 46.7332 60.5191 9.77578
49.1 23.4943 46.6961 60.4805 9.81291
49.2 23.5419 46.6589 60.4418 9.8501
49.3 23.5895 46.6217 60.403 9.88734
49.4 23.637 46.5844 60.3642 9.92464
49.5 23.6846 46.547 60.3254 9.962
49.6 23.7322 46.5096 60.2865 9.99941
49.7 23.7798 46.4721 60.2476 10.0369
49.8 23.8273 46.4346 60.2086 10.0744
49.9 23.8749 46.397 60.1696 10.112
50 23.9225 46.3594 60.1306 10.1496
50.1 23.97 46.3217 60.0915 10.1873
50.2 24.0176 46.284 60.0524 10.225
50.3 24.0652 46.2462 60.0132 10.2628
50.4 24.1127 46.2083 59.974 10.3007
50.5 24.1603 46.1704 59.9348 10.3386
50.6 24.2078 46.1325 59.8955 10.3765
50.7 24.2554 46.0944 59.8562 10.4146
50.8 24.303 46.0564 59.8168 10.4526
50.9 24.3505 46.0182 59.7774 10.4908
51 24.3981 45.9801 59.738 10.5289
51.1 24.4456 45.9418 59.6985 10.5672
51.2 24.4932 45.9036 59.659 10.6054
51.3 24.5407 45.8652 59.6194 10.6438
51.4 24.5882 45.8268 59.5799 10.6822
51.5 24.6358 45.7884 59.5402 10.7206
51.6 24.6833 45.7499 59.5006 10.7591
51.7 24.7309 45.7113 59.4609 10.7977
51.8 24.7784 45.6727 59.4211 10.8363
51.9 24.8259 45.6341 59.3814 10.8749
52 24.8735 45.5953 59.3415 10.9137
52.1 24.921 45.5566 59.3017 10.9524
52.2 24.9685 45.5178 59.2618 10.9912
52.3 25.016 45.4789 59.2219 11.0301
52.4 25.0636 45.44 59.1819 11.069
52.5 25.1111 45.401 59.142 11.108
52.6 25.1586 45.362 59.1019 11.147
52.7 25.2061 45.3229 59.0619 11.1861
52.8 25.2536 45.2837 59.0218 11.2253
52.9 25.3011 45.2446 58.9816 11.2644
53 25.3487 45.2053 58.9415 11.3037
53.1 25.3962 45.166 58.9013 11.343
53.2 25.4437 45.1267 58.8611 11.3823
53.3 25.4912 45.0873 58.8208 11.4217
53.4 25.5387 45.0479 58.7805 11.4611
53.5 25.5862 45.0084 58.7402 11.5006
53.6 25.6337 44.9688 58.6998 11.5402
53.7 25.6812 44.9292 58.6594 11.5798
53.8 25.7287 44.8896 58.619 11.6194
53.9 25.7762 44.8499 58.5785 11.6591
54 25.8236 44.8102 58.538 11.6988
54.1 25.8711 44.7704 58.4975 11.7386
54.2 25.9186 44.7305 58.4569 11.7785
54.3 25.9661 44.6906 58.4163 11.8184
54.4 26.0136 44.6507 58.3757 11.8583
54.5 26.0611 44.6107 58.3351 11.8983
54.6 26.1085 44.5706 58.2944 11.9384
54.7 26.156 44.5305 58.2536 11.9785
54.8 26.2035 44.4904 58.2129 12.0186
54.9 26.251 44.4502 58.1721 12.0588
55 26.2984 44.4099 58.1313 12.0991
55.1 26.3459 44.3696 58.0905 12.1394
55.2 26.3934 44.3293 58.0496 12.1797
55.3 26.4408 44.2889 58.0087 12.2201
55.4 26.4883 44.2485 57.9678 12.2605
55.5 26.5357 44.208 57.9268 12.301
55.6 26.5832 44.1674 57.8858 12.3416
55.7 26.6306 44.1268 57.8448 12.3822
55.8 26.6781 44.0862 57.8037 12.4228
55.9 26.7255 44.0455 57.7627 12.4635
56 26.773 44.0048 57.7215 12.5042
56.1 26.8204 43.964 57.6804 12.545
56.2 26.8679 43.9232 57.6392 12.5858
56.3 26.9153 43.8823 57.598 12.6267
56.4 26.9628 43.8414 57.5568 12.6676
56.5 27.0102 43.8004 57.5156 12.7086
56.6 27.0576 43.7594 57.4743 12.7496
56.7 27.105 43.7183 57.433 12.7907
56.8 27.1525 43.6772 57.3916 12.8318
56.9 27.1999 43.6361 57.3503 12.8729
57 27.2473 43.5949 57.3089 12.9141
57.1 27.2947 43.5536 57.2675 12.9554
57.2 27.3422 43.5123 57.226 12.9967
57.3 27.3896 43.471 57.1845 13.038
57.4 27.437 43.4296 57.143 13.0794
57.5 27.4844 43.3881 57.1015 13.1209
57.6 27.5318 43.3466 57.06 13.1624
57.7 27.5792 43.3051 57.0184 13.2039
57.8 27.6266 43.2635 56.9768 13.2455
57.9 27.674 43.2219 56.9351 13.2871
58 27.7214 43.1802 56.8935 13.3288
58.1 27.7688 43.1385 56.8518 13.3705
58.2 27.8162 43.0968 56.8101 13.4122
58.3 27.8636 43.055 56.7683 13.454
58.4 27.911 43.0131 56.7266 13.4959
58.5 27.9584 42.9712 56.6848 13.5378
58.6 28.0058 42.9293 56.643 13.5797
58.7 28.0532 42.8873 56.6011 13.6217
58.8 28.1005 42.8453 56.5593 13.6637
58.9 28.1479 42.8032 56.5174 13.7058
59 28.1953 42.7611 56.4755 13.7479
59.1 28.2427 42.7189 56.4335 13.7901
59.2 28.29 42.6767 56.3916 13.8323
59.3 28.3374 42.6345 56.3496 13.8745
59.4 28.3848 42.5922 56.3076 13.9168
59.5 28.4321 42.5498 56.2655 13.9592
59.6 28.4795 42.5075 56.2235 14.0015
59.7 28.5269 42.465 56.1814 14.044
59.8 28.5742 42.4226 56.1393 14.0864
59.9 28.6216 42.3801 56.0971 14.1289
60 28.6689 42.3375 56.055 14.1715
60.1 28.7163 42.2949 56.0128 14.2141
60.2 28.7636 42.2523 55.9706 14.2567
60.3 28.811 42.2096 55.9284 14.2994
60.4 28.8583 42.1669 55.8861 14.3421
60.5 28.9056 42.1241 55.8438 14.3849
60.6 28.953 42.0813 55.8016 14.4277
60.7 29.0003 42.0385 55.7592 14.4705
60.8 29.0476 41.9956 55.7169 14.5134
60.9 29.095 41.9526 55.6745 14.5564
61 29.1423 41.9096 55.6321 14.5994
61.1 29.1896 41.8666 55.5897 14.6424
61.2 29.2369 41.8236 55.5473 14.6854
61.3 29.2843 41.7805 55.5048 14.7285
61.4 29.3316 41.7373 55.4624 14.7717
61.5 29.3789 41.6941 55.4199 14.8149
61.6 29.4262 41.6509 55.3774 14.8581
61.7 29.4735 41.6077 55.3348 14.9013
61.8 29.5208 41.5644 55.2923 14.9446
61.9 29.5681 41.521 55.2497 14.988
62 29.6154 41.4776 55.2071 15.0314
62.1 29.6627 41.4342 55.1644 15.0748
62.2 29.71 41.3907 55.1218 15.1183
62.3 29.7573 41.3472 55.0791 15.1618
62.4 29.8046 41.3037 55.0364 15.2053
62.5 29.8519 41.2601 54.9937 15.2489
62.6 29.8991 41.2165 54.951 15.2925
62.7 29.9464 41.1728 54.9082 15.3362
62.8 29.9937 41.1291 54.8655 15.3799
62.9 30.041 41.0854 54.8227 15.4236
63 30.0882 41.0416 54.7799 15.4674
63.1 30.1355 40.9977 54.737 15.5113
63.2 30.1828 40.9539 54.6942 15.5551
63.3 30.23 40.91 54.6513 15.599
63.4 30.2773 40.866 54.6084 15.643
63.5 30.3246 40.8221 54.5655 15.6869
63.6 30.3718 40.7781 54.5225 15.7309
63.7 30.4191 40.734 54.4796 15.775
63.8 30.4663 40.6899 54.4366 15.8191
63.9 30.5136 40.6458 54.3936 15.8632
64 30.5608 40.6016 54.3506 15.9074
64.1 30.608 40.5574 54.3076 15.9516
64.2 30.6553 40.5132 54.2645 15.9958
64.3 30.7025 40.4689 54.2215 16.0401
64.4 30.7497 40.4246 54.1784 16.0844
64.5 30.797 40.3802 54.1353 16.1288
64.6 30.8442 40.3358 54.0921 16.1732
64.7 30.8914 40.2914 54.049 16.2176
64.8 30.9386 40.2469 54.0058 16.2621
64.9 30.9859 40.2024 53.9626 16.3066
65 31.0331 40.1579 53.9194 16.3511
65.1 31.0803 40.1133 53.8762 16.3957
65.2 31.1275 40.0687 53.833 16.4403
65.3 31.1747 40.0241 53.7897 16.4849
65.4 31.2219 39.9794 53.7464 16.5296
65.5 31.2691 39.9347 53.7031 16.5743
65.6 31.3163 39.8899 53.6598 16.6191
65.7 31.3635 39.8451 53.6165 16.6639
65.8 31.4107 39.8003 53.5732 16.7087
65.9 31.4579 39.7555 53.5298 16.7535
66 31.505 39.7106 53.4864 16.7984
66.1 31.5522 39.6656 53.443 16.8434
66.2 31.5994 39.6207 53.3996 16.8883
66.3 31.6466 39.5757 53.3562 16.9333
66.4 31.6938 39.5307 53.3127 16.9783
66.5 31.7409 39.4856 53.2692 17.0234
66.6 31.7881 39.4405 53.2257 17.0685
66.7 31.8352 39.3954 53.1822 17.1136
66.8 31.8824 39.3502 53.1387 17.1588
66.9 31.9296 39.305 53.0952 17.204
67 31.9767 39.2597 53.0516 17.2493
67.1 32.0239 39.2145 53.008 17.2945
67.2 32.071 39.1692 52.9645 17.3398
67.3 32.1182 39.1238 52.9208 17.3852
67.4 32.1653 39.0785 52.8772 17.4305
67.5 32.2124 39.0331 52.8336 17.4759
67.6 32.2596 38.9876 52.7899 17.5214
67.7 32.3067 38.9422 52.7463 17.5668
67.8 32.3538 38.8967 52.7026 17.6123
67.9 32.401 38.8511 52.6589 17.6579
68 32.4481 38.8056 52.6151 17.7034
68.1 32.4952 38.76 52.5714 17.749
68.2 32.5423 38.7143 52.5277 17.7947
68.3 32.5894 38.6687 52.4839 17.8403
68.4 32.6365 38.623 52.4401 17.886
68.5 32.6836 38.5773 52.3963 17.9317
68.6 32.7307 38.5315 52.3525 17.9775
68.7 32.7778 38.4857 52.3086 18.0233
68.8 32.8249 38.4399 52.2648 18.0691
68.9 32.872 38.3941 52.2209 18.1149
69 32.9191 38.3482 52.1771 18.1608
69.1 32.9662 38.3023 52.1332 18.2067
69.2 33.0133 38.2563 52.0893 18.2527
69.3 33.0603 38.2104 52.0453 18.2986
69.4 33.1074 38.1644 52.0014 18.3446
69.5 33.1545 38.1183 51.9574 18.3907
69.6 33.2016 38.0723 51.9135 18.4367
69.7 33.2486 38.0262 51.8695 18.4828
69.8 33.2957 37.98 51.8255 18.529
69.9 33.3427 37.9339 51.7815 18.5751
70 33.3898 37.8877 51.7374 18.6213
70.1 33.4368 37.8415 51.6934 18.6675
70.2 33.4839 37.7953 51.6493 18.7137
70.3 33.5309 37.749 51.6053 18.76
70.4 33.578 37.7027 51.5612 18.8063
70.5 33.625 37.6564 51.5171 18.8526
70.6 33.672 37.61 51.4729 18.899
70.7 33.7191 37.5636 51.4288 18.9454
70.8 33.7661 37.5172 51.3847 18.9918
70.9 33.8131 37.4708 51.3405 19.0382
71 33.8601 37.4243 51.2963 19.0847
71.1 33.9072 37.3778 51.2521 19.1312
71.2 33.9542 37.3313 51.2079 19.1777
71.3 34.0012 37.2847 51.1637 19.2243
71.4 34.0482 37.2382 51.1195 19.2708
71.5 34.0952 37.1916 51.0752 19.3174
71.6 34.1422 37.1449 51.031 19.3641
71.7 34.1892 37.0983 50.9867 19.4107
71.8 34.2362 37.0516 50.9424 19.4574
71.9 34.2831 37.0049 50.8981 19.5041
72 34.3301 36.9581 50.8538 19.5509
72.1 34.3771 36.9113 50.8095 19.5977
72.2 34.4241 36.8646 50.7652 19.6444
72.3 34.4711 36.8177 50.7208 19.6913
72.4 34.518 36.7709 50.6764 19.7381
72.5 34.565 36.724 50.6321 19.785
72.6 34.6119 36.6771 50.5877 19.8319
72.7 34.6589 36.6302 50.5433 19.8788
72.8 34.7059 36.5832 50.4988 19.9258
72.9 34.7528 36.5363 50.4544 19.9727
73 34.7997 36.4893 50.41 20.0197
73.1 34.8467 36.4422 50.3655 20.0668
73.2 34.8936 36.3952 50.321 20.1138
73.3 34.9406 36.3481 50.2765 20.1609
73.4 34.9875 36.301 50.232 20.208
73.5 35.0344 36.2539 50.1875 20.2551
73.6 35.0813 36.2067 50.143 20.3023
73.7 35.1283 36.1596 50.0985 20.3494
73.8 35.1752 36.1124 50.0539 20.3966
73.9 35.2221 36.0652 50.0094 20.4438
74 35.269 36.0179 49.9648 20.4911
74.1 35.3159 35.9706 49.9202 20.5384
74.2 35.3628 35.9234 49.8756 20.5856
74.3 35.4097 35.876 49.831 20.633
74.4 35.4566 35.8287 49.7864 20.6803
74.5 35.5035 35.7813 49.7417 20.7277
74.6 35.5503 35.734 49.6971 20.775
74.7 35.5972 35.6865 49.6524 20.8225
74.8 35.6441 35.6391 49.6078 20.8699
74.9 35.691 35.5917 49.5631 20.9173
75 35.7378 35.5442 49.5184 20.9648
75.1 35.7847 35.4967 49.4737 21.0123
75.2 35.8316 35.4492 49.429 21.0598
75.3 35.8784 35.4016 49.3842 21.1074
75.4 35.9253 35.3541 49.3395 21.1549
75.5 35.9721 35.3065 49.2947 21.2025
75.6 36.0189 35.2589 49.25 21.2501
75.7 36.0658 35.2113 49.2052 21.2977
75.8 36.1126 35.1636 49.1604 21.3454
75.9 36.1594 35.1159 49.1156 21.3931
76 36.2063 35.0683 49.0708 21.4407
76.1 36.2531 35.0205 49.026 21.4885
76.2 36.2999 34.9728 48.9811 21.5362
76.3 36.3467 34.9251 48.9363 21.5839
76.4 36.3935 34.8773 48.8914 21.6317
76.5 36.4403 34.8295 48.8466 21.6795
76.6 36.4871 34.7817 48.8017 21.7273
76.7 36.5339 34.7338 48.7568 21.7752
76.8 36.5807 34.686 48.7119 21.823
76.9 36.6275 34.6381 48.667 21.8709
77 36.6743 34.5902 48.622 21.9188
77.1 36.7211 34.5423 48.5771 21.9667
77.2 36.7678 34.4944 48.5322 22.0146
77.3 36.8146 34.4464 48.4872 22.0626
77.4 36.8614 34.3985 48.4422 22.1105
77.5 36.9081 34.3505 48.3973 22.1585
77.6 36.9549 34.3025 48.3523 22.2065
77.7 37.0016 34.2545 48.3073 22.2545
77.8 37.0484 34.2064 48.2622 22.3026
77.9 37.0951 34.1584 48.2172 22.3506
78 37.1419 34.1103 48.1722 22.3987
78.1 37.1886 34.0622 48.1272 22.4468
78.2 37.2353 34.0141 48.0821 22.4949
78.3 37.2821 33.966 48.037 22.543
78.4 37.3288 33.9178 47.992 22.5912
78.5 37.3755 33.8696 47.9469 22.6394
78.6 37.4222 33.8215 47.9018 22.6875
78.7 37.4689 33.7733 47.8567 22.7357
78.8 37.5156 33.725 47.8116 22.784
78.9 37.5623 33.6768 47.7664 22.8322
79 37.609 33.6286 47.7213 22.8804
79.1 37.6557 33.5803 47.6761 22.9287
79.2 37.7024 33.532 47.631 22.977
79.3 37.7491 33.4837 47.5858 23.0253
79.4 37.7957 33.4354 47.5406 23.0736
79.5 37.8424 33.3871 47.4955 23.1219
79.6 37.8891 33.3387 47.4503 23.1703
79.7 37.9357 33.2904 47.4051 23.2186
79.8 37.9824 33.242 47.3598 23.267
79.9 38.029 33.1936 47.3146 23.3154
80 38.0757 33.1452 47.2694 23.3638
80.1 38.1223 33.0968 47.2241 23.4122
80.2 38.169 33.0483 47.1789 23.4607
80.3 38.2156 32.9999 47.1336 23.5091
80.4 38.2622 32.9514 47.0883 23.5576
80.5 38.3089 32.9029 47.043 23.6061
80.6 38.3555 32.8544 46.9977 23.6546
80.7 38.4021 32.8059 46.9524 23.7031
80.8 38.4487 32.7574 46.9071 23.7516
80.9 38.4953 32.7089 46.8618 23.8001
81 38.5419 32.6603 46.8165 23.8487
81.1 38.5885 32.6118 46.7711 23.8972
81.2 38.6351 32.5632 46.7258 23.9458
81.3 38.6817 32.5146 46.6804 23.9944
81.4 38.7282 32.466 46.6351 24.043
81.5 38.7748 32.4174 46.5897 24.0916
81.6 38.8214 32.3688 46.5443 24.1402
81.7 38.8679 32.3201 46.4989 24.1889
81.8 38.9145 32.2715 46.4535 24.2375
81.9 38.961 32.2228 46.4081 24.2862
82 39.0076 32.1741 46.3626 24.3349
82.1 39.0541 32.1254 46.3172 24.3836
82.2 39.1007 32.0767 46.2718 24.4323
82.3 39.1472 32.028 46.2263 24.481
82.4 39.1937 31.9793 46.1808 24.5297
82.5 39.2403 31.9306 46.1354 24.5784
82.6 39.2868 31.8818 46.0899 24.6272
82.7 39.3333 31.8331 46.0444 24.6759
82.8 39.3798 31.7843 45.9989 24.7247
82.9 39.4263 31.7355 45.9534 24.7735
83 39.4728 31.6867 45.9079 24.8223
83.1 39.5193 31.6379 45.8624 24.8711
83.2 39.5658 31.5891 45.8168 24.9199
83.3 39.6122 31.5403 45.7713 24.9687
83.4 39.6587 31.4915 45.7258 25.0175
83.5 39.7052 31.4426 45.6802 25.0664
83.6 39.7517 31.3938 45.6346 25.1152
83.7 39.7981 31.3449 45.5891 25.1641
83.8 39.8446 31.2961 45.5435 25.2129
83.9 39.891 31.2472 45.4979 25.2618
84 39.9375 31.1983 45.4523 25.3107
84.1 39.9839 31.1494 45.4067 25.3596
84.2 40.0303 31.1005 45.3611 25.4085
84.3 40.0768 31.0516 45.3154 25.4574
84.4 40.1232 31.0027 45.2698 25.5063
84.5 40.1696 30.9537 45.2242 25.5553
84.6 40.216 30.9048 45.1785 25.6042
84.7 40.2624 30.8559 45.1328 25.6531
84.8 40.3088 30.8069 45.0872 25.7021
84.9 40.3552 30.7579 45.0415 25.7511
85 40.4016 30.709 44.9958 25.8
85.1 40.448 30.66 44.9501 25.849
85.2 40.4943 30.611 44.9044 25.898
85.3 40.5407 30.562 44.8587 25.947
85.4 40.5871 30.513 44.813 25.996
85.5 40.6334 30.464 44.7673 26.045
85.6 40.6798 30.415 44.7216 26.094
85.7 40.7261 30.366 44.6758 26.143
85.8 40.7725 30.317 44.6301 26.192
85.9 40.8188 30.2679 44.5843 26.2411
86 40.8651 30.2189 44.5386 26.2901
86.1 40.9115 30.1698 44.4928 26.3392
86.2 40.9578 30.1208 44.447 26.3882
86.3 41.0041 30.0717 44.4012 26.4373
86.4 41.0504 30.0227 44.3554 26.4863
86.5 41.0967 29.9736 44.3096 26.5354
86.6 41.143 29.9245 44.2638 26.5845
86.7 41.1893 29.8755 44.218 26.6335
86.8 41.2356 29.8264 44.1722 26.6826
86.9 41.2818 29.7773 44.1264 26.7317
87 41.3281 29.7282 44.0805 26.7808
87.1 41.3744 29.6791 44.0347 26.8299
87.2 41.4206 29.63 43.9888 26.879
87.3 41.4669 29.5809 43.943 26.9281
87.4 41.5131 29.5318 43.8971 26.9772
87.5 41.5594 29.4827 43.8512 27.0263
87.6 41.6056 29.4336 43.8053 27.0754
87.7 41.6518 29.3844 43.7594 27.1246
87.8 41.698 29.3353 43.7135 27.1737
87.9 41.7443 29.2862 43.6676 27.2228
88 41.7905 29.2371 43.6217 27.2719
88.1 41.8367 29.1879 43.5758 27.3211
88.2 41.8829 29.1388 43.5299 27.3702
88.3 41.9291 29.0897 43.4839 27.4193
88.4 41.9752 29.0405 43.438 27.4685
88.5 42.0214 28.9914 43.3921 27.5176
88.6 42.0676 28.9422 43.3461 27.5668
88.7 42.1138 28.8931 43.3001 27.6159
88.8 42.1599 28.8439 43.2542 27.6651
88.9 42.2061 28.7948 43.2082 27.7142
89 42.2522 28.7456 43.1622 27.7634
89.1 42.2983 28.6965 43.1162 27.8125
89.2 42.3445 28.6473 43.0702 27.8617
89.3 42.3906 28.5982 43.0242 27.9108
89.4 42.4367 28.549 42.9782 27.96
89.5 42.4828 28.4999 42.9322 28.0091
89.6 42.5289 28.4507 42.8862 28.0583
89.7 42.575 28.4015 42.8401 28.1075
89.8 42.6211 28.3524 42.7941 28.1566
89.9 42.6672 28.3032 42.748 28.2058
90 42.7133 28.2541 42.702 28.2549
90.1 42.7594 28.2049 42.6559 28.3041
90.2 42.8054 28.1557 42.6099 28.3533
90.3 42.8515 28.1066 42.5638 28.4024
90.4 42.8975 28.0574 42.5177 28.4516
90.5 42.9436 28.0083 42.4716 28.5007
90.6 42.9896 27.9591 42.4255 28.5499
90.7 43.0357 27.9099 42.3794 28.5991
90.8 43.0817 27.8608 42.3333 28.6482
90.9 43.1277 27.8116 42.2872 28.6974
91 43.1737 27.7625 42.2411 28.7465
91.1 43.2197 27.7133 42.195 28.7957
91.2 43.2657 27.6642 42.1488 28.8448
91.3 43.3117 27.615 42.1027 28.894
91.4 43.3577 27.5659 42.0565 28.9431
91.5 43.4037 27.5167 42.0104 28.9923
91.6 43.4496 27.4676 41.9642 29.0414
91.7 43.4956 27.4185 41.9181 29.0905
91.8 43.5416 27.3693 41.8719 29.1397
91.9 43.5875 27.3202 41.8257 29.1888
92 43.6334 27.271 41.7795 29.238
92.1 43.6794 27.2219 41.7333 29.2871
92.2 43.7253 27.1728 41.6872 29.3362
92.3 43.7712 27.1237 41.641 29.3853
92.4 43.8171 27.0746 41.5947 29.4344
92.5 43.863 27.0254 41.5485 29.4836
92.6 43.9089 26.9763 41.5023 29.5327
92.7 43.9548 26.9272 41.4561 29.5818
92.8 44.0007 26.8781 41.4098 29.6309
92.9 44.0466 26.829 41.3636 29.68
93 44.0924 26.7799 41.3174 29.7291
93.1 44.1383 26.7308 41.2711 29.7782
93.2 44.1842 26.6817 41.2249 29.8273
93.3 44.23 26.6327 41.1786 29.8763
93.4 44.2758 26.5836 41.1323 29.9254
93.5 44.3217 26.5345 41.086 29.9745
93.6 44.3675 26.4854 41.0398 30.0236
93.7 44.4133 26.4364 40.9935 30.0726
93.8 44.4591 26.3873 40.9472 30.1217
93.9 44.5049 26.3383 40.9009 30.1707
94 44.5507 26.2892 40.8546 30.2198
94.1 44.5965 26.2402 40.8083 30.2688
94.2 44.6423 26.1912 40.7619 30.3178
94.3 44.688 26.1421 40.7156 30.3669
94.4 44.7338 26.0931 40.6693 30.4159
94.5 44.7795 26.0441 40.623 30.4649
94.6 44.8253 25.9951 40.5766 30.5139
94.7 44.871 25.9461 40.5303 30.5629
94.8 44.9167 25.8971 40.4839 30.6119
94.9 44.9625 25.8481 40.4376 30.6609
95 45.0082 25.7992 40.3912 30.7098
95.1 45.0539 25.7502 40.3448 30.7588
95.2 45.0996 25.7012 40.2985 30.8078
95.3 45.1453 25.6523 40.2521 30.8567
95.4 45.1909 25.6033 40.2057 30.9057
95.5 45.2366 25.5544 40.1593 30.9546
95.6 45.2823 25.5055 40.1129 31.0035
95.7 45.3279 25.4565 40.0665 31.0525
95.8 45.3736 25.4076 40.0201 31.1014
95.9 45.4192 25.3587 39.9737 31.1503
96 45.4648 25.3098 39.9273 31.1992
96.1 45.5105 25.2609 39.8808 31.2481
96.2 45.5561 25.2121 39.8344 31.2969
96.3 45.6017 25.1632 39.788 31.3458
96.4 45.6473 25.1143 39.7415 31.3947
96.5 45.6929 25.0655 39.6951 31.4435
96.6 45.7384 25.0166 39.6486 31.4924
96.7 45.784 24.9678 39.6022 31.5412
96.8 45.8296 24.919 39.5557 31.59
96.9 45.8751 24.8702 39.5092 31.6388
97 45.9207 24.8214 39.4628 31.6876
97.1 45.9662 24.7726 39.4163 31.7364
97.2 46.0117 24.7238 39.3698 31.7852
97.3 46.0573 24.675 39.3233 31.834
97.4 46.1028 24.6263 39.2768 31.8827
97.5 46.1483 24.5775 39.2303 31.9315
97.6 46.1938 24.5288 39.1838 31.9802
97.7 46.2393 24.4801 39.1373 32.0289
97.8 46.2847 24.4314 39.0908 32.0776
97.9 46.3302 24.3827 39.0443 32.1263
98 46.3757 24.334 38.9978 32.175
98.1 46.4211 24.2853 38.9512 32.2237
98.2 46.4665 24.2366 38.9047 32.2724
98.3 46.512 24.188 38.8581 32.321
98.4 46.5574 24.1394 38.8116 32.3696
98.5 46.6028 24.0907 38.7651 32.4183
98.6 46.6482 24.0421 38.7185 32.4669
98.7 46.6936 23.9935 38.6719 32.5155
98.8 46.739 23.9449 38.6254 32.5641
98.9 46.7844 23.8963 38.5788 32.6127
99 46.8297 23.8478 38.5322 32.6612
99.1 46.8751 23.7992 38.4856 32.7098
99.2 46.9204 23.7507 38.4391 32.7583
99.3 46.9658 23.7022 38.3925 32.8068
99.4 47.0111 23.6537 38.3459 32.8553
99.5 47.0564 23.6052 38.2993 32.9038
99.6 47.1017 23.5567 38.2527 32.9523
99.7 47.147 23.5082 38.2061 33.0008
99.8 47.1923 23.4598 38.1594 33.0492
99.9 47.2376 23.4113 38.1128 33.0977
100 47.2829 23.3629 38.0662 33.1461
100.1 47.3281 23.3145 38.0196 33.1945
100.2 47.3734 23.2661 37.9729 33.2429
100.3 47.4186 23.2178 37.9263 33.2912
100.4 47.4638 23.1694 37.8796 33.3396
100.5 47.5091 23.121 37.833 33.388
100.6 47.5543 23.0727 37.7863 33.4363
100.7 47.5995 23.0244 37.7397 33.4846
100.8 47.6447 22.9761 37.693 33.5329
100.9 47.6898 22.9278 37.6464 33.5812
101 47.735 22.8796 37.5997 33.6294
101.1 47.7802 22.8313 37.553 33.6777
101.2 47.8253 22.7831 37.5063 33.7259
101.3 47.8705 22.7349 37.4596 33.7741
101.4 47.9156 22.6867 37.4129 33.8223
101.5 47.9607 22.6385 37.3663 33.8705
101.6 48.0058 22.5903 37.3196 33.9187
101.7 48.0509 22.5422 37.2728 33.9668
101.8 48.096 22.494 37.2261 34.015
101.9 48.1411 22.4459 37.1794 34.0631
102 48.1862 22.3978 37.1327 34.1112
102.1 48.2312 22.3498 37.086 34.1592
102.2 48.2763 22.3017 37.0393 34.2073
102.3 48.3213 22.2537 36.9925 34.2553
102.4 48.3663 22.2056 36.9458 34.3034
102.5 48.4113 22.1576 36.8991 34.3514
102.6 48.4563 22.1096 36.8523 34.3994
102.7 48.5013 22.0617 36.8056 34.4473
102.8 48.5463 22.0137 36.7588 34.4953
102.9 48.5913 21.9658 36.712 34.5432
103 48.6363 21.9179 36.6653 34.5911
103.1 48.6812 21.87 36.6185 34.639
103.2 48.7261 21.8221 36.5717 34.6869
103.3 48.7711 21.7743 36.525 34.7347
103.4 48.816 21.7264 36.4782 34.7826
103.5 48.8609 21.6786 36.4314 34.8304
103.6 48.9058 21.6308 36.3846 34.8782
103.7 48.9507 21.5831 36.3378 34.9259
103.8 48.9956 21.5353 36.291 34.9737
103.9 49.0404 21.4876 36.2442 35.0214
104 49.0853 21.4399 36.1974 35.0691
104.1 49.1301 21.3922 36.1506 35.1168
104.2 49.1749 21.3445 36.1038 35.1645
104.3 49.2197 21.2969 36.057 35.2121
104.4 49.2645 21.2492 36.0102 35.2598
104.5 49.3093 21.2016 35.9633 35.3074
104.6 49.3541 21.154 35.9165 35.355
104.7 49.3989 21.1065 35.8697 35.4025
104.8 49.4436 21.0589 35.8228 35.4501
104.9 49.4884 21.0114 35.776 35.4976
105 49.5331 20.9639 35.7291 35.5451
105.1 49.5778 20.9165 35.6823 35.5925
105.2 49.6226 20.869 35.6354 35.64
105.3 49.6673 20.8216 35.5886 35.6874
105.4 49.7119 20.7742 35.5417 35.7348
105.5 49.7566 20.7268 35.4949 35.7822
105.6 49.8013 20.6794 35.448 35.8296
105.7 49.8459 20.6321 35.4011 35.8769
105.8 49.8906 20.5848 35.3542 35.9242
105.9 49.9352 20.5375 35.3073 35.9715
106 49.9798 20.4902 35.2605 36.0188
106.1 50.0244 20.443 35.2136 36.066
106.2 50.069 20.3957 35.1667 36.1133
106.3 50.1136 20.3485 35.1198 36.1605
106.4 50.1581 20.3014 35.0729 36.2076
106.5 50.2027 20.2542 35.026 36.2548
106.6 50.2472 20.2071 34.9791 36.3019
106.7 50.2917 20.16 34.9321 36.349
106.8 50.3362 20.1129 34.8852 36.3961
106.9 50.3807 20.0659 34.8383 36.4431
107 50.4252 20.0189 34.7914 36.4901
107.1 50.4697 19.9719 34.7444 36.5371
107.2 50.5142 19.9249 34.6975 36.5841
107.3 50.5586 19.8779 34.6506 36.6311
107.4 50.603 19.831 34.6036 36.678
107.5 50.6475 19.7841 34.5567 36.7249
107.6 50.6919 19.7372 34.5097 36.7718
107.7 50.7363 19.6904 34.4628 36.8186
107.8 50.7807 19.6436 34.4158 36.8654
107.9 50.825 19.5968 34.3689 36.9122
108 50.8694 19.55 34.3219 36.959
108.1 50.9137 19.5033 34.2749 37.0057
108.2 50.958 19.4565 34.228 37.0525
108.3 51.0024 19.4099 34.181 37.0991
108.4 51.0467 19.3632 34.134 37.1458
108.5 51.091 19.3166 34.087 37.1924
108.6 51.1352 19.27 34.04 37.239
108.7 51.1795 19.2234 33.9931 37.2856
108.8 51.2237 19.1768 33.9461 37.3322
108.9 51.268 19.1303 33.8991 37.3787
109 51.3122 19.0838 33.8521 37.4252
109.1 51.3564 19.0373 33.8051 37.4717
109.2 51.4006 18.9909 33.7581 37.5181
109.3 51.4447 18.9445 33.711 37.5645
109.4 51.4889 18.8981 33.664 37.6109
109.5 51.5331 18.8518 33.617 37.6572
109.6 51.5772 18.8054 33.57 37.7036
109.7 51.6213 18.7591 33.523 37.7499
109.8 51.6654 18.7129 33.4759 37.7961
109.9 51.7095 18.6666 33.4289 37.8424
110 51.7536 18.6204 33.3819 37.8886
110.1 51.7976 18.5742 33.3348 37.9348
110.2 51.8417 18.5281 33.2878 37.9809
110.3 51.8857 18.482 33.2407 38.027
110.4 51.9297 18.4359 33.1937 38.0731
110.5 51.9737 18.3898 33.1466 38.1192
110.6 52.0177 18.3438 33.0996 38.1652
110.7 52.0617 18.2978 33.0525 38.2112
110.8 52.1056 18.2518 33.0055 38.2572
110.9 52.1496 18.2059 32.9584 38.3031
111 52.1935 18.1599 32.9113 38.3491
111.1 52.2374 18.1141 32.8642 38.3949
111.2 52.2813 18.0682 32.8172 38.4408
111.3 52.3252 18.0224 32.7701 38.4866
111.4 52.369 17.9766 32.723 38.5324
111.5 52.4129 17.9309 32.6759 38.5781
111.6 52.4567 17.8851 32.6288 38.6239
111.7 52.5005 17.8394 32.5817 38.6696
111.8 52.5443 17.7938 32.5346 38.7152
111.9 52.5881 17.7481 32.4875 38.7609
112 52.6319 17.7025 32.4404 38.8065
112.1 52.6756 17.657 32.3933 38.852
112.2 52.7194 17.6115 32.3462 38.8975
112.3 52.7631 17.566 32.2991 38.943
112.4 52.8068 17.5205 32.252 38.9885
112.5 52.8505 17.475 32.2049 39.034
112.6 52.8942 17.4296 32.1577 39.0794
112.7 52.9378 17.3843 32.1106 39.1247
112.8 52.9815 17.3389 32.0635 39.1701
112.9 53.0251 17.2936 32.0164 39.2154
113 53.0687 17.2484 31.9692 39.2606
113.1 53.1123 17.2031 31.9221 39.3059
113.2 53.1558 17.1579 31.8749 39.3511
113.3 53.1994 17.1128 31.8278 39.3962
113.4 53.2429 17.0676 31.7807 39.4414
113.5 53.2865 17.0225 31.7335 39.4865
113.6 53.33 16.9775 31.6863 39.5315
113.7 53.3735 16.9324 31.6392 39.5766
113.8 53.4169 16.8874 31.592 39.6216
113.9 53.4604 16.8425 31.5449 39.6665
114 53.5038 16.7975 31.4977 39.7115
114.1 53.5472 16.7527 31.4505 39.7563
114.2 53.5906 16.7078 31.4034 39.8012
114.3 53.634 16.663 31.3562 39.846
114.4 53.6774 16.6182 31.309 39.8908
114.5 53.7207 16.5734 31.2618 39.9356
114.6 53.764 16.5287 31.2146 39.9803
114.7 53.8073 16.484 31.1674 40.025
114.8 53.8506 16.4394 31.1203 40.0696
114.9 53.8939 16.3948 31.0731 40.1142
115 53.9372 16.3502 31.0259 40.1588
115.1 53.9804 16.3057 30.9787 40.2033
115.2 54.0236 16.2612 30.9315 40.2478
115.3 54.0668 16.2167 30.8843 40.2923
115.4 54.11 16.1723 30.837 40.3367
115.5 54.1532 16.1279 30.7898 40.3811
115.6 54.1963 16.0835 30.7426 40.4255
115.7 54.2394 16.0392 30.6954 40.4698
115.8 54.2825 15.9949 30.6482 40.5141
115.9 54.3256 15.9507 30.601 40.5583
116 54.3687 15.9065 30.5537 40.6025
116.1 54.4117 15.8623 30.5065 40.6467
116.2 54.4548 15.8182 30.4593 40.6908
116.3 54.4978 15.7741 30.412 40.7349
116.4 54.5408 15.7301 30.3648 40.7789
116.5 54.5837 15.686 30.3176 40.823
116.6 54.6267 15.6421 30.2703 40.8669
116.7 54.6696 15.5981 30.2231 40.9109
116.8 54.7125 15.5542 30.1758 40.9548
116.9 54.7554 15.5104 30.1286 40.9986
117 54.7983 15.4665 30.0813 41.0425
117.1 54.8411 15.4228 30.034 41.0862
117.2 54.884 15.379 29.9868 41.13
117.3 54.9268 15.3353 29.9395 41.1737
117.4 54.9696 15.2917 29.8923 41.2173
117.5 55.0123 15.248 29.845 41.261
117.6 55.0551 15.2044 29.7977 41.3046
117.7 55.0978 15.1609 29.7504 41.3481
117.8 55.1405 15.1174 29.7032 41.3916
117.9 55.1832 15.0739 29.6559 41.4351
118 55.2259 15.0305 29.6086 41.4785
118.1 55.2685 14.9871 29.5613 41.5219
118.2 55.3111 14.9438 29.514 41.5652
118.3 55.3537 14.9005 29.4667 41.6085
118.4 55.3963 14.8572 29.4194 41.6518
118.5 55.4389 14.814 29.3721 41.695
118.6 55.4814 14.7708 29.3248 41.7382
118.7 55.5239 14.7276 29.2775 41.7814
118.8 55.5664 14.6845 29.2302 41.8245
118.9 55.6089 14.6415 29.1829 41.8675
119 55.6513 14.5985 29.1356 41.9105
119.1 55.6937 14.5555 29.0883 41.9535
119.2 55.7361 14.5126 29.041 41.9964
119.3 55.7785 14.4697 28.9937 42.0393
119.4 55.8209 14.4268 28.9464 42.0822
119.5 55.8632 14.384 28.899 42.125
119.6 55.9055 14.3412 28.8517 42.1678
119.7 55.9478 14.2985 28.8044 42.2105
119.8 55.9901 14.2558 28.7571 42.2532
119.9 56.0323 14.2132 28.7097 42.2958
120 56.0745 14.1706 28.6624 42.3384
120.1 56.1167 14.1281 28.6151 42.3809
120.2 56.1589 14.0855 28.5677 42.4235
120.3 56.2011 14.0431 28.5204 42.4659
120.4 56.2432 14.0007 28.473 42.5083
120.5 56.2853 13.9583 28.4257 42.5507
120.6 56.3274 13.9159 28.3783 42.5931
120.7 56.3694 13.8736 28.331 42.6354
120.8 56.4114 13.8314 28.2836 42.6776
120.9 56.4534 13.7892 28.2363 42.7198
121 56.4954 13.747 28.1889 42.762
121.1 56.5374 13.7049 28.1415 42.8041
121.2 56.5793 13.6628 28.0942 42.8462
121.3 56.6212 13.6208 28.0468 42.8882
121.4 56.6631 13.5788 27.9994 42.9302
121.5 56.7049 13.5369 27.9521 42.9721
121.6 56.7468 13.495 27.9047 43.014
121.7 56.7886 13.4531 27.8573 43.0559
121.8 56.8304 13.4113 27.8099 43.0977
121.9 56.8721 13.3696 27.7625 43.1394
122 56.9138 13.3279 27.7152 43.1811
122.1 56.9555 13.2862 27.6678 43.2228
122.2 56.9972 13.2446 27.6204 43.2644
122.3 57.0389 13.203 27.573 43.306
122.4 57.0805 13.1615 27.5256 43.3475
122.5 57.1221 13.12 27.4782 43.389
122.6 57.1637 13.0785 27.4308 43.4305
122.7 57.2052 13.0372 27.3834 43.4718
122.8 57.2467 12.9958 27.336 43.5132
122.9 57.2882 12.9545 27.2886 43.5545
123 57.3297 12.9133 27.2412 43.5957
123.1 57.3711 12.8721 27.1938 43.6369
123.2 57.4125 12.8309 27.1464 43.6781
123.3 57.4539 12.7898 27.0989 43.7192
123.4 57.4952 12.7487 27.0515 43.7603
123.5 57.5366 12.7077 27.0041 43.8013
123.6 57.5779 12.6667 26.9567 43.8423
123.7 57.6191 12.6258 26.9093 43.8832
123.8 57.6604 12.5849 26.8618 43.9241
123.9 57.7016 12.5441 26.8144 43.9649
124 57.7428 12.5033 26.767 44.0057
124.1 57.7839 12.4626 26.7195 44.0464
124.2 57.825 12.4219 26.6721 44.0871
124.3 57.8661 12.3813 26.6247 44.1277
124.4 57.9072 12.3407 26.5772 44.1683
124.5 57.9482 12.3001 26.5298 44.2089
124.6 57.9892 12.2597 26.4823 44.2493
124.7 58.0302 12.2192 26.4349 44.2898
124.8 58.0712 12.1788 26.3874 44.3302
124.9 58.1121 12.1385 26.34 44.3705
125 58.153 12.0982 26.2925 44.4108
125.1 58.1938 12.0579 26.2451 44.4511
125.2 58.2347 12.0177 26.1976 44.4913
125.3 58.2755 11.9776 26.1502 44.5314
125.4 58.3162 11.9375 26.1027 44.5715
125.5 58.3569 11.8975 26.0552 44.6115
125.6 58.3977 11.8575 26.0078 44.6515
125.7 58.4383 11.8175 25.9603 44.6915
125.8 58.479 11.7776 25.9128 44.7314
125.9 58.5196 11.7378 25.8653 44.7712
126 58.5601 11.698 25.8179 44.811
126.1 58.6007 11.6582 25.7704 44.8508
126.2 58.6412 11.6185 25.7229 44.8905
126.3 58.6817 11.5789 25.6754 44.9301
126.4 58.7221 11.5393 25.628 44.9697
126.5 58.7625 11.4997 25.5805 45.0093
126.6 58.8029 11.4602 25.533 45.0488
126.7 58.8433 11.4208 25.4855 45.0882
126.8 58.8836 11.3814 25.438 45.1276
126.9 58.9239 11.3421 25.3905 45.1669
127 58.9641 11.3028 25.343 45.2062
127.1 59.0043 11.2636 25.2955 45.2454
127.2 59.0445 11.2244 25.248 45.2846
127.3 59.0846 11.1852 25.2005 45.3238
127.4 59.1247 11.1462 25.153 45.3628
127.5 59.1648 11.1071 25.1055 45.4019
127.6 59.2049 11.0682 25.058 45.4408
127.7 59.2449 11.0292 25.0105 45.4798
127.8 59.2848 10.9904 24.963 45.5186
127.9 59.3248 10.9515 24.9154 45.5575
128 59.3647 10.9128 24.8679 45.5962
128.1 59.4045 10.8741 24.8204 45.6349
128.2 59.4443 10.8354 24.7729 45.6736
128.3 59.4841 10.7968 24.7254 45.7122
128.4 59.5239 10.7582 24.6778 45.7508
128.5 59.5636 10.7197 24.6303 45.7893
128.6 59.6033 10.6813 24.5828 45.8277
128.7 59.6429 10.6429 24.5353 45.8661
128.8 59.6825 10.6046 24.4877 45.9044
128.9 59.7221 10.5663 24.4402 45.9427
129 59.7616 10.528 24.3927 45.981
129.1 59.8011 10.4899 24.3451 46.0191
129.2 59.8405 10.4517 24.2976 46.0573
129.3 59.88 10.4137 24.25 46.0953
129.4 59.9193 10.3757 24.2025 46.1333
129.5 59.9587 10.3377 24.155 46.1713
129.6 59.998 10.2998 24.1074 46.2092
129.7 60.0372 10.2619 24.0599 46.2471
129.8 60.0764 10.2241 24.0123 46.2849
129.9 60.1156 10.1864 23.9647 46.3226
130 60.1547 10.1487 23.9172 46.3603
130.1 60.1938 10.1111 23.8696 46.3979
130.2 60.2329 10.0735 23.8221 46.4355
130.3 60.2719 10.036 23.7745 46.473
130.4 60.3109 9.99852 23.727 46.5105
130.5 60.3498 9.96111 23.6794 46.5479
130.6 60.3887 9.92376 23.6318 46.5852
130.7 60.4276 9.88646 23.5843 46.6225
130.8 60.4664 9.84922 23.5367 46.6598
130.9 60.5051 9.81203 23.4891 46.697
131 60.5438 9.7749 23.4415 46.7341
131.1 60.5825 9.73783 23.394 46.7712
131.2 60.6212 9.70081 23.3464 46.8082
131.3 60.6597 9.66385 23.2988 46.8451
131.4 60.6983 9.62695 23.2512 46.8821
131.5 60.7368 9.5901 23.2036 46.9189
131.6 60.7753 9.55331 23.1561 46.9557
131.7 60.8137 9.51657 23.1085 46.9924
131.8 60.852 9.4799 23.0609 47.0291
131.9 60.8904 9.44328 23.0133 47.0657
132 60.9286 9.40672 22.9657 47.1023
132.1 60.9669 9.37021 22.9181 47.1388
132.2 61.0051 9.33376 22.8705 47.1752
132.3 61.0432 9.29738 22.8229 47.2116
132.4 61.0813 9.26104 22.7753 47.248
132.5 61.1193 9.22477 22.7277 47.2842
132.6 61.1573 9.18855 22.6801 47.3204
132.7 61.1953 9.1524 22.6325 47.3566
132.8 61.2332 9.1163 22.5849 47.3927
132.9 61.2711 9.08025 22.5373 47.4287
133 61.3089 9.04427 22.4897 47.4647
133.1 61.3466 9.00835 22.4421 47.5007
133.2 61.3843 8.97248 22.3945 47.5365
133.3 61.422 8.93667 22.3469 47.5723
133.4 61.4596 8.90093 22.2992 47.6081
133.5 61.4972 8.86524 22.2516 47.6438
133.6 61.5347 8.82961 22.204 47.6794
133.7 61.5721 8.79404 22.1564 47.715
133.8 61.6096 8.75852 22.1088 47.7505
133.9 61.6469 8.72307 22.0611 47.7859
134 61.6842 8.68768 22.0135 47.8213
134.1 61.7215 8.65234 21.9659 47.8567
134.2 61.7587 8.61707 21.9183 47.8919
134.3 61.7958 8.58186 21.8706 47.9271
134.4 61.8329 8.5467 21.823 47.9623
134.5 61.87 8.51161 21.7754 47.9974
134.6 61.907 8.47658 21.7277 48.0324
134.7 61.9439 8.4416 21.6801 48.0674
134.8 61.9808 8.40669 21.6325 48.1023
134.9 62.0176 8.37184 21.5848 48.1372
135 62.0544 8.33704 21.5372 48.172
135.1 62.0911 8.30231 21.4895 48.2067
135.2 62.1278 8.26764 21.4419 48.2414
135.3 62.1644 8.23303 21.3942 48.276
135.4 62.2009 8.19848 21.3466 48.3105
135.5 62.2374 8.164 21.2989 48.345
135.6 62.2739 8.12957 21.2513 48.3794
135.7 62.3102 8.09521 21.2036 48.4138
135.8 62.3466 8.0609 21.156 48.4481
135.9 62.3828 8.02666 21.1083 48.4823
136 62.419 7.99248 21.0607 48.5165
136.1 62.4552 7.95836 21.013 48.5506
136.2 62.4912 7.9243 20.9654 48.5847
136.3 62.5273 7.89031 20.9177 48.6187
136.4 62.5632 7.85637 20.87 48.6526
136.5 62.5991 7.8225 20.8224 48.6865
136.6 62.635 7.78869 20.7747 48.7203
136.7 62.6708 7.75495 20.727 48.7541
136.8 62.7065 7.72126 20.6794 48.7877
136.9 62.7421 7.68764 20.6317 48.8214
137 62.7777 7.65408 20.584 48.8549
137.1 62.8133 7.62059 20.5363 48.8884
137.2 62.8487 7.58715 20.4887 48.9218
137.3 62.8841 7.55378 20.441 48.9552
137.4 62.9195 7.52048 20.3933 48.9885
137.5 62.9547 7.48723 20.3456 49.0218
137.6 62.9899 7.45405 20.298 49.0549
137.7 63.0251 7.42094 20.2503 49.0881
137.8 63.0601 7.38788 20.2026 49.1211
137.9 63.0951 7.35489 20.1549 49.1541
138 63.1301 7.32196 20.1072 49.187
138.1 63.165 7.2891 20.0595 49.2199
138.2 63.1998 7.2563 20.0118 49.2527
138.3 63.2345 7.22357 19.9641 49.2854
138.4 63.2692 7.1909 19.9165 49.3181
138.5 63.3038 7.15829 19.8688 49.3507
138.6 63.3383 7.12575 19.8211 49.3833
138.7 63.3727 7.09327 19.7734 49.4157
138.8 63.4071 7.06085 19.7257 49.4481
138.9 63.4414 7.02851 19.678 49.4805
139 63.4757 6.99622 19.6303 49.5128
139.1 63.5098 6.964 19.5826 49.545
139.2 63.5439 6.93185 19.5349 49.5772
139.3 63.5779 6.89976 19.4872 49.6092
139.4 63.6119 6.86773 19.4394 49.6413
139.5 63.6457 6.83577 19.3917 49.6732
139.6 63.6795 6.80388 19.344 49.7051
139.7 63.7132 6.77205 19.2963 49.737
139.8 63.7469 6.74028 19.2486 49.7687
139.9 63.7804 6.70859 19.2009 49.8004
140 63.8139 6.67695 19.1532 49.832
140.1 63.8473 6.64539 19.1055 49.8636
140.2 63.8806 6.61389 19.0577 49.8951
140.3 63.9139 6.58245 19.01 49.9266
140.4 63.9471 6.55108 18.9623 49.9579
140.5 63.9801 6.51978 18.9146 49.9892
140.6 64.0131 6.48854 18.8669 50.0205
140.7 64.0461 6.45737 18.8191 50.0516
140.8 64.0789 6.42627 18.7714 50.0827
140.9 64.1117 6.39523 18.7237 50.1138
141 64.1443 6.36426 18.676 50.1447
141.1 64.1769 6.33335 18.6282 50.1756
141.2 64.2094 6.30252 18.5805 50.2065
141.3 64.2418 6.27174 18.5328 50.2373
141.4 64.2742 6.24104 18.485 50.268
141.5 64.3064 6.2104 18.4373 50.2986
141.6 64.3385 6.17983 18.3896 50.3292
141.7 64.3706 6.14933 18.3418 50.3597
141.8 64.4026 6.1189 18.2941 50.3901
141.9 64.4345 6.08853 18.2463 50.4205
142 64.4663 6.05823 18.1986 50.4508
142.1 64.498 6.028 18.1509 50.481
142.2 64.5296 5.99783 18.1031 50.5112
142.3 64.5611 5.96774 18.0554 50.5413
142.4 64.5925 5.93771 18.0076 50.5713
142.5 64.6239 5.90775 17.9599 50.6013
142.6 64.6551 5.87785 17.9121 50.6311
142.7 64.6862 5.84803 17.8644 50.661
142.8 64.7173 5.81827 17.8166 50.6907
142.9 64.7482 5.78858 17.7689 50.7204
143 64.7791 5.75896 17.7211 50.75
143.1 64.8098 5.72941 17.6734 50.7796
143.2 64.8405 5.69993 17.6256 50.8091
143.3 64.871 5.67052 17.5779 50.8385
143.4 64.9015 5.64117 17.5301 50.8678
143.5 64.9318 5.61189 17.4823 50.8971
143.6 64.962 5.58269 17.4346 50.9263
143.7 64.9922 5.55355 17.3868 50.9555
143.8 65.0222 5.52448 17.3391 50.9845
143.9 65.0521 5.49548 17.2913 51.0135
144 65.082 5.46655 17.2435 51.0425
144.1 65.1117 5.43769 17.1958 51.0713
144.2 65.1413 5.4089 17.148 51.1001
144.3 65.1708 5.38017 17.1002 51.1288
144.4 65.2002 5.35152 17.0524 51.1575
144.5 65.2295 5.32294 17.0047 51.1861
144.6 65.2586 5.29443 16.9569 51.2146
144.7 65.2877 5.26598 16.9091 51.243
144.8 65.3166 5.23761 16.8614 51.2714
144.9 65.3454 5.20931 16.8136 51.2997
145 65.3742 5.18108 16.7658 51.3279
145.1 65.4027 5.15291 16.718 51.3561
145.2 65.4312 5.12482 16.6702 51.3842
145.3 65.4596 5.0968 16.6225 51.4122
145.4 65.4878 5.06885 16.5747 51.4402
145.5 65.5159 5.04097 16.5269 51.468
145.6 65.5439 5.01316 16.4791 51.4958
145.7 65.5718 4.98542 16.4313 51.5236
145.8 65.5996 4.95775 16.3835 51.5512
145.9 65.6272 4.93016 16.3358 51.5788
146 65.6547 4.90263 16.288 51.6064
146.1 65.6821 4.87518 16.2402 51.6338
146.2 65.7093 4.84779 16.1924 51.6612
146.3 65.7364 4.82048 16.1446 51.6885
146.4 65.7634 4.79324 16.0968 51.7158
146.5 65.7903 4.76607 16.049 51.7429
146.6 65.817 4.73897 16.0012 51.77
146.7 65.8436 4.71195 15.9534 51.7971
146.8 65.87 4.68499 15.9056 51.824
146.9 65.8964 4.65811 15.8578 51.8509
147 65.9225 4.6313 15.81 51.8777
147.1 65.9486 4.60456 15.7622 51.9044
147.2 65.9745 4.57789 15.7144 51.9311
147.3 66.0003 4.5513 15.6666 51.9577
147.4 66.0259 4.52478 15.6188 51.9842
147.5 66.0514 4.49833 15.571 52.0107
147.6 66.0767 4.47195 15.5232 52.0371
147.7 66.1019 4.44564 15.4754 52.0634
147.8 66.1269 4.41941 15.4276 52.0896
147.9 66.1518 4.39325 15.3798 52.1157
148 66.1765 4.36716 15.332 52.1418
148.1 66.2011 4.34115 15.2842 52.1679
148.2 66.2256 4.31521 15.2364 52.1938
148.3 66.2499 4.28934 15.1886 52.2197
148.4 66.274 4.26354 15.1407 52.2455
148.5 66.298 4.23782 15.0929 52.2712
148.6 66.3218 4.21217 15.0451 52.2968
148.7 66.3454 4.18659 14.9973 52.3224
148.8 66.3689 4.16109 14.9495 52.3479
148.9 66.3922 4.13566 14.9017 52.3733
149 66.4154 4.1103 14.8538 52.3987
149.1 66.4384 4.08502 14.806 52.424
149.2 66.4612 4.05981 14.7582 52.4492
149.3 66.4839 4.03468 14.7104 52.4743
149.4 66.5064 4.00961 14.6626 52.4994
149.5 66.5287 3.98463 14.6147 52.5244
149.6 66.5508 3.95971 14.5669 52.5493
149.7 66.5728 3.93487 14.5191 52.5741
149.8 66.5946 3.91011 14.4713 52.5989
149.9 66.6162 3.88542 14.4234 52.6236
150 66.6376 3.8608 14.3756 52.6482
150.1 66.6589 3.83626 14.3278 52.6727
150.2 66.6799 3.81179 14.2799 52.6972
150.3 66.7008 3.78739 14.2321 52.7216
150.4 66.7215 3.76307 14.1843 52.7459
150.5 66.742 3.73883 14.1364 52.7702
150.6 66.7623 3.71466 14.0886 52.7943
150.7 66.7824 3.69056 14.0408 52.8184
150.8 66.8023 3.66654 13.9929 52.8425
150.9 66.822 3.64259 13.9451 52.8664
151 66.8416 3.61872 13.8973 52.8903
151.1 66.8609 3.59493 13.8494 52.9141
151.2 66.88 3.57121 13.8016 52.9378
151.3 66.8989 3.54756 13.7537 52.9614
151.4 66.9176 3.52399 13.7059 52.985
151.5 66.9361 3.5005 13.6581 53.0085
151.6 66.9544 3.47708 13.6102 53.0319
151.7 66.9724 3.45373 13.5624 53.0553
151.8 66.9903 3.43046 13.5145 53.0785
151.9 67.0079 3.40727 13.4667 53.1017
152 67.0253 3.38415 13.4188 53.1248
152.1 67.0425 3.36111 13.371 53.1479
152.2 67.0594 3.33815 13.3231 53.1709
152.3 67.0762 3.31526 13.2753 53.1937
152.4 67.0927 3.29244 13.2274 53.2166
152.5 67.1089 3.2697 13.1796 53.2393
152.6 67.1249 3.24704 13.1317 53.262
152.7 67.1407 3.22446 13.0839 53.2845
152.8 67.1563 3.20195 13.036 53.3071
152.9 67.1716 3.17951 12.9882 53.3295
153 67.1867 3.15716 12.9403 53.3518
153.1 67.2015 3.13488 12.8925 53.3741
153.2 67.216 3.11267 12.8446 53.3963
153.3 67.2303 3.09055 12.7968 53.4185
153.4 67.2444 3.0685 12.7489 53.4405
153.5 67.2582 3.04652 12.701 53.4625
153.6 67.2717 3.02463 12.6532 53.4844
153.7 67.285 3.00281 12.6053 53.5062
153.8 67.298 2.98106 12.5575 53.5279
153.9 67.3107 2.9594 12.5096 53.5496
154 67.3232 2.93781 12.4617 53.5712
154.1 67.3354 2.91629 12.4139 53.5927
154.2 67.3473 2.89486 12.366 53.6141
154.3 67.3589 2.8735 12.3181 53.6355
154.4 67.3702 2.85222 12.2703 53.6568
154.5 67.3812 2.83102 12.2224 53.678
154.6 67.392 2.80989 12.1745 53.6991
154.7 67.4024 2.78885 12.1267 53.7202
154.8 67.4126 2.76788 12.0788 53.7411
154.9 67.4224 2.74698 12.0309 53.762
155 67.432 2.72617 11.9831 53.7828
155.1 67.4412 2.70543 11.9352 53.8036
155.2 67.4501 2.68477 11.8873 53.8242
155.3 67.4587 2.66419 11.8394 53.8448
155.4 67.467 2.64369 11.7916 53.8653
155.5 67.475 2.62326 11.7437 53.8857
155.6 67.4826 2.60291 11.6958 53.9061
155.7 67.4899 2.58264 11.6479 53.9264
155.8 67.4968 2.56245 11.6001 53.9465
155.9 67.5035 2.54234 11.5522 53.9667
156 67.5097 2.5223 11.5043 53.9867
156.1 67.5157 2.50235 11.4564 54.0067
156.2 67.5212 2.48247 11.4086 54.0265
156.3 67.5265 2.46267 11.3607 54.0463
156.4 67.5313 2.44295 11.3128 54.066
156.5 67.5358 2.42331 11.2649 54.0857
156.6 67.5399 2.40375 11.217 54.1053
156.7 67.5437 2.38426 11.1691 54.1247
156.8 67.547 2.36486 11.1213 54.1441
156.9 67.55 2.34553 11.0734 54.1635
157 67.5526 2.32628 11.0255 54.1827
157.1 67.5548 2.30711 10.9776 54.2019
157.2 67.5566 2.28802 10.9297 54.221
157.3 67.558 2.26901 10.8818 54.24
157.4 67.559 2.25008 10.8339 54.2589
157.5 67.5596 2.23123 10.7861 54.2778
157.6 67.5597 2.21245 10.7382 54.2965
157.7 67.5595 2.19376 10.6903 54.3152
157.8 67.5588 2.17514 10.6424 54.3339
157.9 67.5576 2.15661 10.5945 54.3524
158 67.5561 2.13815 10.5466 54.3708
158.1 67.554 2.11978 10.4987 54.3892
158.2 67.5516 2.10148 10.4508 54.4075
158.3 67.5486 2.08326 10.4029 54.4257
158.4 67.5453 2.06513 10.355 54.4439
158.5 67.5414 2.04707 10.3071 54.4619
158.6 67.537 2.02909 10.2592 54.4799
158.7 67.5322 2.01119 10.2113 54.4978
158.8 67.5269 1.99338 10.1634 54.5156
158.9 67.5211 1.97564 10.1155 54.5334
159 67.5148 1.95798 10.0676 54.551
159.1 67.508 1.9404 10.0197 54.5686
159.2 67.5006 1.92291 9.97185 54.5861
159.3 67.4928 1.90549 9.92395 54.6035
159.4 67.4844 1.88815 9.87605 54.6208
159.5 67.4754 1.8709 9.82815 54.6381
159.6 67.466 1.85372 9.78025 54.6553
159.7 67.4559 1.83662 9.73234 54.6724
159.8 67.4453 1.81961 9.68444 54.6894
159.9 67.4342 1.80267 9.63654 54.7063
160 67.4225 1.78582 9.58863 54.7232
160.1 67.4101 1.76905 9.54073 54.74
160.2 67.3972 1.75235 9.49282 54.7566
160.3 67.3837 1.73574 9.44491 54.7733
160.4 67.3696 1.71921 9.39701 54.7898
160.5 67.3548 1.70276 9.3491 54.8062
160.6 67.3395 1.68639 9.30119 54.8226
160.7 67.3235 1.6701 9.25328 54.8389
160.8 67.3068 1.65389 9.20538 54.8551
160.9 67.2895 1.63777 9.15747 54.8712
161 67.2715 1.62172 9.10956 54.8873
161.1 67.2529 1.60576 9.06165 54.9032
161.2 67.2336 1.58987 9.01373 54.9191
161.3 67.2135 1.57407 8.96582 54.9349
161.4 67.1928 1.55835 8.91791 54.9506
161.5 67.1714 1.54271 8.87 54.9663
161.6 67.1492 1.52715 8.82208 54.9818
161.7 67.1263 1.51168 8.77417 54.9973
161.8 67.1026 1.49628 8.72626 55.0127
161.9 67.0782 1.48097 8.67834 55.028
162 67.053 1.46573 8.63043 55.0433
162.1 67.027 1.45058 8.58251 55.0584
162.2 67.0003 1.43551 8.53459 55.0735
162.3 66.9727 1.42053 8.48668 55.0885
162.4 66.9443 1.40562 8.43876 55.1034
162.5 66.915 1.3908 8.39084 55.1182
162.6 66.885 1.37606 8.34292 55.1329
162.7 66.854 1.3614 8.295 55.1476
162.8 66.8222 1.34682 8.24708 55.1622
162.9 66.7895 1.33232 8.19916 55.1767
163 66.7559 1.31791 8.15124 55.1911
163.1 66.7214 1.30358 8.10332 55.2054
163.2 66.6859 1.28933 8.0554 55.2197
163.3 66.6495 1.27516 8.00748 55.2338
163.4 66.6121 1.26107 7.95955 55.2479
163.5 66.5738 1.24707 7.91163 55.2619
163.6 66.5344 1.23315 7.86371 55.2759
163.7 66.4941 1.21931 7.81578 55.2897
163.8 66.4527 1.20555 7.76786 55.3034
163.9 66.4102 1.19188 7.71993 55.3171
164 66.3667 1.17829 7.67201 55.3307
164.1 66.3222 1.16478 7.62408 55.3442
164.2 66.2765 1.15135 7.57616 55.3577
164.3 66.2297 1.13801 7.52823 55.371
164.4 66.1818 1.12474 7.4803 55.3843
164.5 66.1327 1.11157 7.43238 55.3974
164.6 66.0824 1.09847 7.38445 55.4105
164.7 66.0309 1.08546 7.33652 55.4235
164.8 65.9782 1.07252 7.28859 55.4365
164.9 65.9243 1.05968 7.24066 55.4493
165 65.8691 1.04691 7.19273 55.4621
165.1 65.8126 1.03423 7.1448 55.4748
165.2 65.7548 1.02163 7.09687 55.4874
165.3 65.6956 1.00911 7.04894 55.4999
165.4 65.6352 0.99668 7.00101 55.5123
165.5 65.5733 0.98433 6.95307 55.5247
165.6 65.51 0.972063 6.90514 55.5369
165.7 65.4453 0.959879 6.85721 55.5491
165.8 65.3791 0.947778 6.80928 55.5612
165.9 65.3114 0.93576 6.76134 55.5732
166 65.2422 0.923825 6.71341 55.5852
166.1 65.1715 0.911974 6.66547 55.597
166.2 65.0992 0.900206 6.61754 55.6088
166.3 65.0253 0.888521 6.5696 55.6205
166.4 64.9498 0.87692 6.52167 55.6321
166.5 64.8726 0.865402 6.47373 55.6436
166.6 64.7936 0.853967 6.42579 55.655
166.7 64.713 0.842616 6.37786 55.6664
166.8 64.6306 0.831348 6.32992 55.6777
166.9 64.5464 0.820164 6.28198 55.6888
167 64.4603 0.809064 6.23405 55.6999
167.1 64.3724 0.798047 6.18611 55.711
167.2 64.2826 0.787113 6.13817 55.7219
167.3 64.1908 0.776264 6.09023 55.7327
167.4 64.0971 0.765498 6.04229 55.7435
167.5 64.0013 0.754816 5.99435 55.7542
167.6 63.9034 0.744217 5.94641 55.7648
167.7 63.8034 0.733703 5.89847 55.7753
167.8 63.7013 0.723272 5.85053 55.7857
167.9 63.5969 0.712925 5.80259 55.7961
168 63.4904 0.702662 5.75465 55.8063
168.1 63.3815 0.692483 5.7067 55.8165
168.2 63.2703 0.682388 5.65876 55.8266
168.3 63.1566 0.672377 5.61082 55.8366
168.4 63.0406 0.66245 5.56288 55.8466
168.5 62.922 0.652607 5.51493 55.8564
168.6 62.8009 0.642848 5.46699 55.8662
168.7 62.6772 0.633173 5.41904 55.8758
168.8 62.5508 0.623582 5.3711 55.8854
168.9 62.4217 0.614075 5.32316 55.8949
169 62.2898 0.604653 5.27521 55.9043
169.1 62.1551 0.595315 5.22727 55.9137
169.2 62.0174 0.586061 5.17932 55.9229
169.3 61.8768 0.576891 5.13137 55.9321
169.4 61.7331 0.567806 5.08343 55.9412
169.5 61.5864 0.558805 5.03548 55.9502
169.6 61.4364 0.549888 4.98754 55.9591
169.7 61.2832 0.541056 4.93959 55.9679
169.8 61.1267 0.532308 4.89164 55.9767
169.9 60.9668 0.523645 4.84369 55.9854
170 60.8033 0.515066 4.79575 55.9939
170.1 60.6363 0.506572 4.7478 56.0024
170.2 60.4657 0.498162 4.69985 56.0108
170.3 60.2913 0.489837 4.6519 56.0192
170.4 60.1131 0.481596 4.60395 56.0274
170.5 59.931 0.47344 4.556 56.0356
170.6 59.7448 0.465368 4.50805 56.0436
170.7 59.5546 0.457381 4.4601 56.0516
170.8 59.3601 0.449479 4.41215 56.0595
170.9 59.1613 0.441662 4.3642 56.0673
171 58.9582 0.433929 4.31625 56.0751
171.1 58.7504 0.426281 4.2683 56.0827
171.2 58.5381 0.418718 4.22035 56.0903
171.3 58.3209 0.411239 4.1724 56.0978
171.4 58.0989 0.403846 4.12445 56.1052
171.5 57.8719 0.396537 4.07649 56.1125
171.6 57.6398 0.389313 4.02854 56.1197
171.7 57.4025 0.382174 3.98059 56.1268
171.8 57.1597 0.37512 3.93264 56.1339
171.9 56.9114 0.36815 3.88469 56.1408
172 56.6575 0.361266 3.83673 56.1477
172.1 56.3977 0.354467 3.78878 56.1545
172.2 56.132 0.347752 3.74083 56.1612
172.3 55.8601 0.341123 3.69287 56.1679
172.4 55.582 0.334579 3.64492 56.1744
172.5 55.2974 0.328119 3.59696 56.1809
172.6 55.0063 0.321745 3.54901 56.1873
172.7 54.7083 0.315456 3.50105 56.1935
172.8 54.4034 0.309252 3.4531 56.1997
172.9 54.0914 0.303133 3.40515 56.2059
173 53.772 0.297099 3.35719 56.2119
173.1 53.4451 0.291151 3.30923 56.2178
173.2 53.1104 0.285287 3.26128 56.2237
173.3 52.7679 0.279509 3.21332 56.2295
173.4 52.4172 0.273816 3.16537 56.2352
173.5 52.0581 0.268209 3.11741 56.2408
173.6 51.6905 0.262686 3.06946 56.2463
173.7 51.314 0.257249 3.0215 56.2518
173.8 50.9285 0.251897 2.97354 56.2571
173.9 50.5338 0.24663 2.92559 56.2624
174 50.1295 0.241449 2.87763 56.2676
174.1 49.7154 0.236353 2.82967 56.2726
174.2 49.2913 0.231342 2.78171 56.2777
174.3 48.857 0.226417 2.73376 56.2826
174.4 48.412 0.221577 2.6858 56.2874
174.5 47.9562 0.216822 2.63784 56.2922
174.6 47.4894 0.212153 2.58988 56.2968
174.7 47.0111 0.20757 2.54192 56.3014
174.8 46.5211 0.203071 2.49397 56.3059
174.9 46.0192 0.198659 2.44601 56.3103
175 45.5049 0.194331 2.39805 56.3147
175.1 44.9781 0.190089 2.35009 56.3189
175.2 44.4384 0.185933 2.30213 56.3231
175.3 43.8856 0.181862 2.25417 56.3271
175.4 43.3192 0.177877 2.20621 56.3311
175.5 42.739 0.173977 2.15825 56.335
175.6 42.1447 0.170162 2.1103 56.3388
175.7 41.5359 0.166434 2.06234 56.3426
175.8 40.9124 0.16279 2.01438 56.3462
175.9 40.2738 0.159233 1.96642 56.3498
176 39.6198 0.155761 1.91846 56.3532
176.1 38.9502 0.152374 1.8705 56.3566
176.2 38.2646 0.149073 1.82254 56.3599
176.3 37.5628 0.145858 1.77458 56.3631
176.4 36.8444 0.142729 1.72662 56.3663
176.5 36.1092 0.139685 1.67866 56.3693
176.6 35.357 0.136726 1.63069 56.3723
176.7 34.5875 0.133853 1.58273 56.3751
176.8 33.8004 0.131066 1.53477 56.3779
176.9 32.9957 0.128365 1.48681 56.3806
177 32.1731 0.125749 1.43885 56.3833
177.1 31.3324 0.123219 1.39089 56.3858
177.2 30.4736 0.120775 1.34293 56.3882
177.3 29.5965 0.118416 1.29497 56.3906
177.4 28.7011 0.116143 1.24701 56.3929
177.5 27.7874 0.113956 1.19905 56.395
177.6 26.8554 0.111855 1.15109 56.3971
177.7 25.9052 0.109839 1.10312 56.3992
177.8 24.9368 0.107909 1.05516 56.4011
177.9 23.9505 0.106065 1.0072 56.4029
178 22.9464 0.104306 0.959239 56.4047
178.1 21.9248 0.102633 0.911278 56.4064
178.2 20.8861 0.101046 0.863316 56.408
178.3 19.8306 0.0995449 0.815354 56.4095
178.4 18.7588 0.0981294 0.767393 56.4109
178.5 17.6712 0.0967997 0.719431 56.4122
178.6 16.5684 0.0955557 0.671469 56.4134
178.7 15.451 0.0943975 0.623507 56.4146
178.8 14.3198 0.093325 0.575545 56.4157
178.9 13.1754 0.0923384 0.527583 56.4167
179 12.0188 0.0914375 0.479621 56.4176
179.1 10.8508 0.0906224 0.431659 56.4184
179.2 9.67236 0.0898932 0.383697 56.4191
179.3 8.48452 0.0892497 0.335735 56.4198
179.4 7.28833 0.088692 0.287773 56.4203
179.5 6.08489 0.0882201 0.239811 56.4208
179.6 4.87534 0.087834 0.191849 56.4212
179.7 3.66085 0.0875337 0.143886 56.4215
179.8 2.44265 0.0873192 0.0959243 56.4217
179.9 1.22195 0.0871905 0.0479622 56.4218
180 8.57553e-14 0.0871476 3.36537e-15 56.4219
