#kinematics calculation of gsex
#vertex z = 200 mm, E_reaction = 58.083 MeV
#theta_cm, theta3_lab, Ek3_lab, theta4_lab, Ek4_lab
0 0 53.5503 0 0.0927131
0.1 0.0478698 53.5502 1.15143 0.0927538
0.2 0.0957395 53.5501 2.30181 0.0928759
0.3 0.143609 53.5499 3.45008 0.0930795
0.4 0.191479 53.5496 4.59522 0.0933645
0.5 0.239349 53.5493 5.73619 0.0937309
0.6 0.287219 53.5488 6.87201 0.0941787
0.7 0.335088 53.5483 8.00169 0.0947079
0.8 0.382958 53.5477 9.12429 0.0953185
0.9 0.430828 53.547 10.2389 0.0960106
1 0.478697 53.5462 11.3447 0.0967841
1.1 0.526567 53.5454 12.4408 0.097639
1.2 0.574436 53.5444 13.5264 0.0985753
1.3 0.622306 53.5434 14.6008 0.0995929
1.4 0.670175 53.5423 15.6634 0.100692
1.5 0.718045 53.5411 16.7134 0.101873
1.6 0.765914 53.5399 17.7503 0.103134
1.7 0.813784 53.5385 18.7736 0.104478
1.8 0.861653 53.5371 19.7827 0.105902
1.9 0.909522 53.5356 20.7773 0.107408
2 0.957391 53.534 21.757 0.108996
2.1 1.00526 53.5323 22.7214 0.110665
2.2 1.05313 53.5306 23.6703 0.112415
2.3 1.101 53.5288 24.6034 0.114246
2.4 1.14887 53.5268 25.5205 0.116159
2.5 1.19674 53.5248 26.4214 0.118153
2.6 1.24461 53.5228 27.3062 0.120229
2.7 1.29247 53.5206 28.1746 0.122386
2.8 1.34034 53.5184 29.0267 0.124624
2.9 1.38821 53.5161 29.8624 0.126944
3 1.43608 53.5137 30.6818 0.129345
3.1 1.48395 53.5112 31.485 0.131827
3.2 1.53182 53.5086 32.272 0.13439
3.3 1.57968 53.506 33.0429 0.137035
3.4 1.62755 53.5032 33.798 0.139761
3.5 1.67542 53.5004 34.5372 0.142568
3.6 1.72329 53.4975 35.2608 0.145457
3.7 1.77116 53.4946 35.969 0.148427
3.8 1.81902 53.4915 36.662 0.151478
3.9 1.86689 53.4884 37.3399 0.154611
4 1.91476 53.4852 38.0031 0.157824
4.1 1.96263 53.4819 38.6517 0.161119
4.2 2.01049 53.4785 39.286 0.164495
4.3 2.05836 53.475 39.9062 0.167952
4.4 2.10623 53.4715 40.5127 0.171491
4.5 2.15409 53.4679 41.1055 0.17511
4.6 2.20196 53.4642 41.6851 0.178811
4.7 2.24983 53.4604 42.2516 0.182593
4.8 2.29769 53.4565 42.8054 0.186456
4.9 2.34556 53.4526 43.3466 0.190401
5 2.39343 53.4486 43.8756 0.194426
5.1 2.44129 53.4445 44.3926 0.198532
5.2 2.48916 53.4403 44.8979 0.20272
5.3 2.53702 53.436 45.3917 0.206989
5.4 2.58489 53.4317 45.8744 0.211338
5.5 2.63275 53.4272 46.346 0.215769
5.6 2.68062 53.4227 46.807 0.220281
5.7 2.72849 53.4181 47.2575 0.224874
5.8 2.77635 53.4135 47.6978 0.229548
5.9 2.82421 53.4087 48.1282 0.234303
6 2.87208 53.4039 48.5488 0.239139
6.1 2.91994 53.3989 48.9599 0.244055
6.2 2.96781 53.3939 49.3617 0.249053
6.3 3.01567 53.3889 49.7545 0.254132
6.4 3.06354 53.3837 50.1385 0.259292
6.5 3.1114 53.3785 50.5138 0.264532
6.6 3.15926 53.3731 50.8807 0.269854
6.7 3.20713 53.3677 51.2395 0.275256
6.8 3.25499 53.3623 51.5902 0.28074
6.9 3.30285 53.3567 51.9331 0.286304
7 3.35071 53.3511 52.2684 0.291949
7.1 3.39858 53.3453 52.5963 0.297674
7.2 3.44644 53.3395 52.9169 0.303481
7.3 3.4943 53.3336 53.2304 0.309368
7.4 3.54216 53.3277 53.5371 0.315336
7.5 3.59002 53.3216 53.837 0.321385
7.6 3.63788 53.3155 54.1303 0.327515
7.7 3.68575 53.3093 54.4172 0.333725
7.8 3.73361 53.303 54.6979 0.340016
7.9 3.78147 53.2966 54.9725 0.346388
8 3.82933 53.2902 55.2411 0.35284
8.1 3.87719 53.2836 55.5039 0.359373
8.2 3.92505 53.277 55.7611 0.365987
8.3 3.97291 53.2703 56.0127 0.372681
8.4 4.02077 53.2635 56.2589 0.379455
8.5 4.06863 53.2567 56.4998 0.386311
8.6 4.11648 53.2498 56.7356 0.393246
8.7 4.16434 53.2427 56.9664 0.400263
8.8 4.2122 53.2356 57.1922 0.407359
8.9 4.26006 53.2285 57.4133 0.414537
9 4.30792 53.2212 57.6296 0.421794
9.1 4.35578 53.2139 57.8414 0.429132
9.2 4.40363 53.2064 58.0488 0.436551
9.3 4.45149 53.199 58.2518 0.44405
9.4 4.49935 53.1914 58.4505 0.451629
9.5 4.5472 53.1837 58.6451 0.459288
9.6 4.59506 53.176 58.8356 0.467028
9.7 4.64291 53.1682 59.0221 0.474848
9.8 4.69077 53.1603 59.2047 0.482749
9.9 4.73863 53.1523 59.3836 0.490729
10 4.78648 53.1442 59.5587 0.49879
10.1 4.83434 53.1361 59.7302 0.506931
10.2 4.88219 53.1278 59.8981 0.515152
10.3 4.93004 53.1195 60.0626 0.523454
10.4 4.9779 53.1112 60.2237 0.531835
10.5 5.02575 53.1027 60.3815 0.540296
10.6 5.0736 53.0942 60.536 0.548838
10.7 5.12146 53.0855 60.6874 0.55746
10.8 5.16931 53.0768 60.8356 0.566161
10.9 5.21716 53.0681 60.9809 0.574943
11 5.26501 53.0592 61.1231 0.583804
11.1 5.31287 53.0503 61.2624 0.592746
11.2 5.36072 53.0412 61.3989 0.601767
11.3 5.40857 53.0321 61.5326 0.610868
11.4 5.45642 53.023 61.6636 0.620049
11.5 5.50427 53.0137 61.7919 0.62931
11.6 5.55212 53.0043 61.9176 0.638651
11.7 5.59997 52.9949 62.0407 0.648071
11.8 5.64782 52.9854 62.1613 0.657571
11.9 5.69567 52.9758 62.2794 0.667151
12 5.74351 52.9662 62.3952 0.676811
12.1 5.79136 52.9564 62.5085 0.68655
12.2 5.83921 52.9466 62.6196 0.696369
12.3 5.88706 52.9367 62.7284 0.706267
12.4 5.9349 52.9268 62.835 0.716245
12.5 5.98275 52.9167 62.9394 0.726303
12.6 6.0306 52.9066 63.0417 0.736439
12.7 6.07844 52.8963 63.1419 0.746656
12.8 6.12629 52.886 63.24 0.756952
12.9 6.17413 52.8757 63.3361 0.767327
13 6.22198 52.8652 63.4303 0.777781
13.1 6.26982 52.8547 63.5225 0.788315
13.2 6.31767 52.8441 63.6128 0.798929
13.3 6.36551 52.8334 63.7013 0.809621
13.4 6.41335 52.8226 63.7879 0.820393
13.5 6.46119 52.8118 63.8728 0.831244
13.6 6.50904 52.8008 63.9559 0.842174
13.7 6.55688 52.7898 64.0373 0.853183
13.8 6.60472 52.7787 64.117 0.864272
13.9 6.65256 52.7676 64.195 0.875439
14 6.7004 52.7563 64.2714 0.886685
14.1 6.74824 52.745 64.3462 0.898011
14.2 6.79608 52.7336 64.4194 0.909415
14.3 6.84392 52.7221 64.4911 0.920899
14.4 6.89176 52.7105 64.5612 0.932461
14.5 6.9396 52.6989 64.6299 0.944102
14.6 6.98744 52.6872 64.6972 0.955822
14.7 7.03527 52.6754 64.7629 0.967621
14.8 7.08311 52.6635 64.8273 0.979498
14.9 7.13095 52.6515 64.8903 0.991455
15 7.17878 52.6395 64.952 1.00349
15.1 7.22662 52.6274 65.0123 1.0156
15.2 7.27446 52.6152 65.0712 1.0278
15.3 7.32229 52.6029 65.1289 1.04007
15.4 7.37012 52.5906 65.1854 1.05242
15.5 7.41796 52.5782 65.2406 1.06484
15.6 7.46579 52.5657 65.2945 1.07735
15.7 7.51362 52.5531 65.3473 1.08993
15.8 7.56146 52.5404 65.3988 1.1026
15.9 7.60929 52.5277 65.4493 1.11534
16 7.65712 52.5148 65.4985 1.12816
16.1 7.70495 52.5019 65.5467 1.14106
16.2 7.75278 52.489 65.5937 1.15403
16.3 7.80061 52.4759 65.6396 1.16709
16.4 7.84844 52.4628 65.6845 1.18022
16.5 7.89627 52.4496 65.7283 1.19343
16.6 7.9441 52.4363 65.7711 1.20672
16.7 7.99193 52.4229 65.8129 1.22009
16.8 8.03975 52.4095 65.8536 1.23353
16.9 8.08758 52.3959 65.8934 1.24705
17 8.13541 52.3823 65.9322 1.26065
17.1 8.18323 52.3687 65.97 1.27433
17.2 8.23106 52.3549 66.0069 1.28809
17.3 8.27888 52.3411 66.0429 1.30192
17.4 8.32671 52.3272 66.078 1.31583
17.5 8.37453 52.3132 66.1121 1.32982
17.6 8.42236 52.2991 66.1454 1.34389
17.7 8.47018 52.285 66.1778 1.35804
17.8 8.518 52.2707 66.2094 1.37226
17.9 8.56582 52.2564 66.2401 1.38656
18 8.61364 52.2421 66.27 1.40093
18.1 8.66146 52.2276 66.299 1.41539
18.2 8.70928 52.2131 66.3273 1.42992
18.3 8.7571 52.1985 66.3547 1.44453
18.4 8.80492 52.1838 66.3814 1.45922
18.5 8.85274 52.169 66.4073 1.47398
18.6 8.90056 52.1542 66.4325 1.48882
18.7 8.94838 52.1393 66.4569 1.50374
18.8 8.99619 52.1243 66.4805 1.51874
18.9 9.04401 52.1092 66.5035 1.53381
19 9.09182 52.094 66.5257 1.54896
19.1 9.13964 52.0788 66.5472 1.56419
19.2 9.18745 52.0635 66.5681 1.57949
19.3 9.23527 52.0481 66.5882 1.59487
19.4 9.28308 52.0327 66.6077 1.61033
19.5 9.33089 52.0171 66.6265 1.62586
19.6 9.3787 52.0015 66.6446 1.64147
19.7 9.42651 51.9858 66.6621 1.65716
19.8 9.47433 51.9701 66.6789 1.67292
19.9 9.52214 51.9542 66.6952 1.68877
20 9.56994 51.9383 66.7108 1.70468
20.1 9.61775 51.9223 66.7258 1.72068
20.2 9.66556 51.9063 66.7402 1.73675
20.3 9.71337 51.8901 66.754 1.75289
20.4 9.76118 51.8739 66.7672 1.76912
20.5 9.80898 51.8576 66.7798 1.78542
20.6 9.85679 51.8412 66.7919 1.80179
20.7 9.90459 51.8248 66.8034 1.81824
20.8 9.9524 51.8082 66.8143 1.83477
20.9 10.0002 51.7916 66.8247 1.85138
21 10.048 51.7749 66.8345 1.86806
21.1 10.0958 51.7582 66.8439 1.88481
21.2 10.1436 51.7414 66.8527 1.90165
21.3 10.1914 51.7244 66.8609 1.91855
21.4 10.2392 51.7075 66.8687 1.93554
21.5 10.287 51.6904 66.8759 1.9526
21.6 10.3348 51.6733 66.8827 1.96973
21.7 10.3826 51.6561 66.8889 1.98694
21.8 10.4304 51.6388 66.8947 2.00423
21.9 10.4782 51.6214 66.9 2.02159
22 10.526 51.604 66.9048 2.03903
22.1 10.5738 51.5865 66.9092 2.05655
22.2 10.6216 51.5689 66.9131 2.07414
22.3 10.6694 51.5512 66.9165 2.0918
22.4 10.7172 51.5335 66.9195 2.10954
22.5 10.765 51.5156 66.922 2.12735
22.6 10.8128 51.4978 66.9241 2.14524
22.7 10.8606 51.4798 66.9258 2.16321
22.8 10.9083 51.4617 66.927 2.18125
22.9 10.9561 51.4436 66.9278 2.19937
23 11.0039 51.4254 66.9282 2.21756
23.1 11.0517 51.4072 66.9282 2.23582
23.2 11.0995 51.3888 66.9278 2.25416
23.3 11.1473 51.3704 66.9269 2.27258
23.4 11.1951 51.3519 66.9257 2.29107
23.5 11.2429 51.3334 66.9241 2.30963
23.6 11.2906 51.3147 66.9221 2.32827
23.7 11.3384 51.296 66.9197 2.34699
23.8 11.3862 51.2772 66.9169 2.36578
23.9 11.434 51.2584 66.9138 2.38464
24 11.4818 51.2394 66.9102 2.40358
24.1 11.5296 51.2204 66.9064 2.42259
24.2 11.5773 51.2013 66.9021 2.44167
24.3 11.6251 51.1822 66.8975 2.46084
24.4 11.6729 51.1629 66.8925 2.48007
24.5 11.7207 51.1436 66.8872 2.49938
24.6 11.7685 51.1242 66.8816 2.51876
24.7 11.8162 51.1048 66.8756 2.53822
24.8 11.864 51.0853 66.8693 2.55775
24.9 11.9118 51.0656 66.8626 2.57735
25 11.9596 51.046 66.8556 2.59703
25.1 12.0073 51.0262 66.8483 2.61679
25.2 12.0551 51.0064 66.8407 2.63661
25.3 12.1029 50.9865 66.8327 2.65651
25.4 12.1506 50.9665 66.8244 2.67649
25.5 12.1984 50.9465 66.8158 2.69653
25.6 12.2462 50.9263 66.807 2.71665
25.7 12.2939 50.9062 66.7978 2.73685
25.8 12.3417 50.8859 66.7883 2.75712
25.9 12.3895 50.8655 66.7785 2.77746
26 12.4373 50.8451 66.7684 2.79787
26.1 12.485 50.8246 66.758 2.81836
26.2 12.5328 50.8041 66.7473 2.83892
26.3 12.5805 50.7834 66.7364 2.85955
26.4 12.6283 50.7627 66.7251 2.88026
26.5 12.6761 50.742 66.7136 2.90104
26.6 12.7238 50.7211 66.7018 2.92189
26.7 12.7716 50.7002 66.6898 2.94281
26.8 12.8193 50.6792 66.6775 2.96381
26.9 12.8671 50.6581 66.6649 2.98488
27 12.9149 50.637 66.652 3.00602
27.1 12.9626 50.6158 66.6389 3.02724
27.2 13.0104 50.5945 66.6255 3.04853
27.3 13.0581 50.5731 66.6119 3.06989
27.4 13.1059 50.5517 66.598 3.09132
27.5 13.1536 50.5302 66.5838 3.11283
27.6 13.2014 50.5086 66.5695 3.1344
27.7 13.2491 50.4869 66.5548 3.15605
27.8 13.2969 50.4652 66.54 3.17777
27.9 13.3446 50.4434 66.5248 3.19957
28 13.3924 50.4216 66.5095 3.22143
28.1 13.4401 50.3996 66.4939 3.24337
28.2 13.4879 50.3776 66.4781 3.26538
28.3 13.5356 50.3555 66.462 3.28746
28.4 13.5834 50.3334 66.4458 3.30961
28.5 13.6311 50.3112 66.4293 3.33184
28.6 13.6789 50.2889 66.4125 3.35413
28.7 13.7266 50.2665 66.3956 3.3765
28.8 13.7743 50.2441 66.3784 3.39894
28.9 13.8221 50.2215 66.361 3.42145
29 13.8698 50.199 66.3434 3.44403
29.1 13.9176 50.1763 66.3256 3.46668
29.2 13.9653 50.1536 66.3076 3.48941
29.3 14.013 50.1308 66.2894 3.5122
29.4 14.0608 50.1079 66.2709 3.53507
29.5 14.1085 50.085 66.2523 3.55801
29.6 14.1562 50.062 66.2335 3.58101
29.7 14.204 50.0389 66.2144 3.60409
29.8 14.2517 50.0158 66.1952 3.62724
29.9 14.2994 49.9925 66.1758 3.65046
30 14.3472 49.9692 66.1561 3.67375
30.1 14.3949 49.9459 66.1363 3.69711
30.2 14.4426 49.9225 66.1163 3.72054
30.3 14.4904 49.899 66.0961 3.74404
30.4 14.5381 49.8754 66.0757 3.76762
30.5 14.5858 49.8517 66.0551 3.79126
30.6 14.6335 49.828 66.0344 3.81497
30.7 14.6813 49.8042 66.0134 3.83875
30.8 14.729 49.7804 65.9923 3.86261
30.9 14.7767 49.7565 65.971 3.88653
31 14.8244 49.7325 65.9495 3.91052
31.1 14.8721 49.7084 65.9279 3.93458
31.2 14.9199 49.6843 65.9061 3.95871
31.3 14.9676 49.6601 65.8841 3.98292
31.4 15.0153 49.6358 65.8619 4.00719
31.5 15.063 49.6115 65.8396 4.03153
31.6 15.1107 49.5871 65.8171 4.05594
31.7 15.1584 49.5626 65.7944 4.08042
31.8 15.2061 49.538 65.7716 4.10497
31.9 15.2538 49.5134 65.7486 4.12958
32 15.3016 49.4887 65.7254 4.15427
32.1 15.3493 49.464 65.7021 4.17903
32.2 15.397 49.4391 65.6787 4.20385
32.3 15.4447 49.4143 65.655 4.22874
32.4 15.4924 49.3893 65.6313 4.25371
32.5 15.5401 49.3643 65.6073 4.27874
32.6 15.5878 49.3392 65.5832 4.30384
32.7 15.6355 49.314 65.559 4.32901
32.8 15.6832 49.2888 65.5346 4.35424
32.9 15.7309 49.2634 65.5101 4.37955
33 15.7786 49.2381 65.4854 4.40492
33.1 15.8263 49.2126 65.4606 4.43037
33.2 15.874 49.1871 65.4356 4.45588
33.3 15.9217 49.1615 65.4105 4.48146
33.4 15.9694 49.1359 65.3852 4.5071
33.5 16.0171 49.1102 65.3598 4.53282
33.6 16.0648 49.0844 65.3343 4.5586
33.7 16.1125 49.0586 65.3086 4.58445
33.8 16.1601 49.0326 65.2828 4.61037
33.9 16.2078 49.0066 65.2568 4.63635
34 16.2555 48.9806 65.2307 4.66241
34.1 16.3032 48.9545 65.2045 4.68853
34.2 16.3509 48.9283 65.1781 4.71472
34.3 16.3986 48.902 65.1517 4.74097
34.4 16.4463 48.8757 65.125 4.76729
34.5 16.4939 48.8493 65.0983 4.79368
34.6 16.5416 48.8229 65.0714 4.82014
34.7 16.5893 48.7963 65.0444 4.84667
34.8 16.637 48.7697 65.0173 4.87326
34.9 16.6846 48.7431 64.9901 4.89991
35 16.7323 48.7164 64.9627 4.92664
35.1 16.78 48.6896 64.9352 4.95343
35.2 16.8277 48.6627 64.9076 4.98029
35.3 16.8753 48.6358 64.8798 5.00721
35.4 16.923 48.6088 64.852 5.0342
35.5 16.9707 48.5817 64.824 5.06126
35.6 17.0184 48.5546 64.7959 5.08839
35.7 17.066 48.5274 64.7677 5.11558
35.8 17.1137 48.5002 64.7394 5.14283
35.9 17.1614 48.4728 64.7109 5.17015
36 17.209 48.4455 64.6824 5.19754
36.1 17.2567 48.418 64.6537 5.225
36.2 17.3043 48.3905 64.6249 5.25251
36.3 17.352 48.3629 64.596 5.2801
36.4 17.3997 48.3352 64.567 5.30775
36.5 17.4473 48.3075 64.5379 5.33547
36.6 17.495 48.2798 64.5087 5.36325
36.7 17.5426 48.2519 64.4794 5.3911
36.8 17.5903 48.224 64.4499 5.41901
36.9 17.6379 48.196 64.4204 5.44699
37 17.6856 48.168 64.3907 5.47503
37.1 17.7332 48.1399 64.361 5.50314
37.2 17.7809 48.1117 64.3311 5.53131
37.3 17.8285 48.0835 64.3012 5.55955
37.4 17.8762 48.0551 64.2711 5.58785
37.5 17.9238 48.0268 64.2409 5.61622
37.6 17.9715 47.9983 64.2107 5.64465
37.7 18.0191 47.9699 64.1803 5.67315
37.8 18.0667 47.9413 64.1499 5.70171
37.9 18.1144 47.9127 64.1193 5.73033
38 18.162 47.884 64.0887 5.75902
38.1 18.2097 47.8552 64.0579 5.78778
38.2 18.2573 47.8264 64.0271 5.81659
38.3 18.3049 47.7975 63.9961 5.84547
38.4 18.3526 47.7686 63.9651 5.87442
38.5 18.4002 47.7396 63.934 5.90343
38.6 18.4478 47.7105 63.9027 5.9325
38.7 18.4955 47.6814 63.8714 5.96164
38.8 18.5431 47.6522 63.84 5.99084
38.9 18.5907 47.6229 63.8085 6.0201
39 18.6383 47.5936 63.7769 6.04943
39.1 18.686 47.5642 63.7453 6.07882
39.2 18.7336 47.5347 63.7135 6.10827
39.3 18.7812 47.5052 63.6817 6.13779
39.4 18.8288 47.4756 63.6497 6.16737
39.5 18.8764 47.446 63.6177 6.19701
39.6 18.924 47.4163 63.5856 6.22672
39.7 18.9717 47.3865 63.5534 6.25648
39.8 19.0193 47.3567 63.5211 6.28632
39.9 19.0669 47.3268 63.4887 6.31621
40 19.1145 47.2968 63.4563 6.34616
40.1 19.1621 47.2668 63.4238 6.37618
40.2 19.2097 47.2367 63.3911 6.40626
40.3 19.2573 47.2066 63.3585 6.43641
40.4 19.3049 47.1764 63.3257 6.46661
40.5 19.3525 47.1461 63.2928 6.49688
40.6 19.4001 47.1158 63.2599 6.52721
40.7 19.4477 47.0854 63.2269 6.5576
40.8 19.4953 47.055 63.1938 6.58805
40.9 19.5429 47.0244 63.1606 6.61856
41 19.5905 46.9939 63.1273 6.64914
41.1 19.6381 46.9632 63.094 6.67977
41.2 19.6857 46.9325 63.0606 6.71047
41.3 19.7333 46.9018 63.0271 6.74123
41.4 19.7809 46.8709 62.9936 6.77205
41.5 19.8285 46.8401 62.9599 6.80293
41.6 19.8761 46.8091 62.9262 6.83388
41.7 19.9237 46.7781 62.8925 6.86488
41.8 19.9712 46.7471 62.8586 6.89594
41.9 20.0188 46.7159 62.8247 6.92707
42 20.0664 46.6847 62.7907 6.95825
42.1 20.114 46.6535 62.7566 6.9895
42.2 20.1616 46.6222 62.7225 7.02081
42.3 20.2091 46.5908 62.6883 7.05217
42.4 20.2567 46.5594 62.654 7.0836
42.5 20.3043 46.5279 62.6196 7.11509
42.6 20.3519 46.4964 62.5852 7.14663
42.7 20.3994 46.4648 62.5507 7.17824
42.8 20.447 46.4331 62.5162 7.20991
42.9 20.4946 46.4014 62.4815 7.24163
43 20.5421 46.3696 62.4469 7.27342
43.1 20.5897 46.3377 62.4121 7.30527
43.2 20.6373 46.3058 62.3773 7.33717
43.3 20.6848 46.2739 62.3424 7.36914
43.4 20.7324 46.2418 62.3074 7.40116
43.5 20.7799 46.2098 62.2724 7.43324
43.6 20.8275 46.1776 62.2373 7.46539
43.7 20.8751 46.1454 62.2022 7.49759
43.8 20.9226 46.1132 62.1669 7.52985
43.9 20.9702 46.0808 62.1317 7.56217
44 21.0177 46.0485 62.0963 7.59454
44.1 21.0653 46.016 62.0609 7.62698
44.2 21.1128 45.9835 62.0254 7.65947
44.3 21.1603 45.951 61.9899 7.69203
44.4 21.2079 45.9184 61.9543 7.72464
44.5 21.2554 45.8857 61.9187 7.75731
44.6 21.303 45.853 61.883 7.79003
44.7 21.3505 45.8202 61.8472 7.82282
44.8 21.3981 45.7873 61.8114 7.85566
44.9 21.4456 45.7544 61.7755 7.88856
45 21.4931 45.7215 61.7395 7.92152
45.1 21.5407 45.6885 61.7035 7.95454
45.2 21.5882 45.6554 61.6675 7.98761
45.3 21.6357 45.6223 61.6313 8.02074
45.4 21.6832 45.5891 61.5952 8.05393
45.5 21.7308 45.5558 61.5589 8.08718
45.6 21.7783 45.5225 61.5226 8.12048
45.7 21.8258 45.4892 61.4863 8.15384
45.8 21.8733 45.4557 61.4499 8.18726
45.9 21.9208 45.4223 61.4134 8.22073
46 21.9684 45.3887 61.3769 8.25426
46.1 22.0159 45.3552 61.3403 8.28785
46.2 22.0634 45.3215 61.3037 8.32149
46.3 22.1109 45.2878 61.267 8.35519
46.4 22.1584 45.2541 61.2303 8.38894
46.5 22.2059 45.2202 61.1935 8.42275
46.6 22.2534 45.1864 61.1566 8.45662
46.7 22.3009 45.1525 61.1198 8.49055
46.8 22.3484 45.1185 61.0828 8.52453
46.9 22.3959 45.0844 61.0458 8.55856
47 22.4434 45.0503 61.0088 8.59265
47.1 22.4909 45.0162 60.9717 8.6268
47.2 22.5384 44.982 60.9345 8.661
47.3 22.5859 44.9477 60.8973 8.69526
47.4 22.6334 44.9134 60.8601 8.72957
47.5 22.6809 44.8791 60.8228 8.76394
47.6 22.7284 44.8446 60.7854 8.79836
47.7 22.7759 44.8102 60.748 8.83284
47.8 22.8234 44.7756 60.7105 8.86737
47.9 22.8708 44.741 60.673 8.90196
48 22.9183 44.7064 60.6355 8.9366
48.1 22.9658 44.6717 60.5979 8.97129
48.2 23.0133 44.637 60.5603 9.00604
48.3 23.0608 44.6022 60.5226 9.04085
48.4 23.1082 44.5673 60.4848 9.07571
48.5 23.1557 44.5324 60.447 9.11062
48.6 23.2032 44.4974 60.4092 9.14559
48.7 23.2506 44.4624 60.3713 9.18061
48.8 23.2981 44.4273 60.3334 9.21568
48.9 23.3456 44.3922 60.2954 9.25081
49 23.393 44.357 60.2574 9.28599
49.1 23.4405 44.3218 60.2193 9.32122
49.2 23.4879 44.2865 60.1812 9.35651
49.3 23.5354 44.2511 60.1431 9.39185
49.4 23.5829 44.2158 60.1049 9.42725
49.5 23.6303 44.1803 60.0666 9.4627
49.6 23.6778 44.1448 60.0283 9.4982
49.7 23.7252 44.1093 59.99 9.53375
49.8 23.7727 44.0736 59.9516 9.56936
49.9 23.8201 44.038 59.9132 9.60501
50 23.8675 44.0023 59.8748 9.64072
50.1 23.915 43.9665 59.8363 9.67649
50.2 23.9624 43.9307 59.7977 9.7123
50.3 24.0099 43.8948 59.7591 9.74817
50.4 24.0573 43.8589 59.7205 9.78409
50.5 24.1047 43.8229 59.6818 9.82006
50.6 24.1522 43.7869 59.6431 9.85608
50.7 24.1996 43.7508 59.6043 9.89216
50.8 24.247 43.7147 59.5656 9.92829
50.9 24.2944 43.6785 59.5267 9.96446
51 24.3419 43.6423 59.4878 10.0007
51.1 24.3893 43.606 59.4489 10.037
51.2 24.4367 43.5697 59.41 10.0733
51.3 24.4841 43.5333 59.371 10.1097
51.4 24.5315 43.4969 59.3319 10.1461
51.5 24.5789 43.4604 59.2929 10.1826
51.6 24.6264 43.4239 59.2537 10.2191
51.7 24.6738 43.3873 59.2146 10.2557
51.8 24.7212 43.3506 59.1754 10.2924
51.9 24.7686 43.314 59.1362 10.329
52 24.816 43.2772 59.0969 10.3658
52.1 24.8634 43.2404 59.0576 10.4026
52.2 24.9108 43.2036 59.0182 10.4394
52.3 24.9582 43.1667 58.9789 10.4763
52.4 25.0056 43.1298 58.9394 10.5132
52.5 25.053 43.0928 58.9 10.5502
52.6 25.1003 43.0557 58.8605 10.5873
52.7 25.1477 43.0187 58.8209 10.6243
52.8 25.1951 42.9815 58.7814 10.6615
52.9 25.2425 42.9443 58.7418 10.6987
53 25.2899 42.9071 58.7021 10.7359
53.1 25.3373 42.8698 58.6625 10.7732
53.2 25.3846 42.8325 58.6227 10.8105
53.3 25.432 42.7951 58.583 10.8479
53.4 25.4794 42.7577 58.5432 10.8853
53.5 25.5268 42.7202 58.5034 10.9228
53.6 25.5741 42.6827 58.4635 10.9603
53.7 25.6215 42.6451 58.4237 10.9979
53.8 25.6689 42.6075 58.3837 11.0355
53.9 25.7162 42.5698 58.3438 11.0732
54 25.7636 42.5321 58.3038 11.1109
54.1 25.8109 42.4943 58.2638 11.1487
54.2 25.8583 42.4565 58.2237 11.1865
54.3 25.9056 42.4187 58.1836 11.2243
54.4 25.953 42.3808 58.1435 11.2622
54.5 26.0003 42.3428 58.1033 11.3002
54.6 26.0477 42.3048 58.0631 11.3382
54.7 26.095 42.2667 58.0229 11.3763
54.8 26.1424 42.2286 57.9827 11.4144
54.9 26.1897 42.1905 57.9424 11.4525
55 26.237 42.1523 57.902 11.4907
55.1 26.2844 42.1141 57.8617 11.5289
55.2 26.3317 42.0758 57.8213 11.5672
55.3 26.379 42.0375 57.7809 11.6055
55.4 26.4264 41.9991 57.7404 11.6439
55.5 26.4737 41.9607 57.6999 11.6823
55.6 26.521 41.9222 57.6594 11.7208
55.7 26.5683 41.8837 57.6189 11.7593
55.8 26.6156 41.8451 57.5783 11.7979
55.9 26.663 41.8065 57.5377 11.8365
56 26.7103 41.7679 57.4971 11.8751
56.1 26.7576 41.7292 57.4564 11.9138
56.2 26.8049 41.6904 57.4157 11.9526
56.3 26.8522 41.6516 57.375 11.9914
56.4 26.8995 41.6128 57.3342 12.0302
56.5 26.9468 41.5739 57.2934 12.0691
56.6 26.9941 41.535 57.2526 12.108
56.7 27.0414 41.496 57.2118 12.147
56.8 27.0887 41.457 57.1709 12.186
56.9 27.136 41.4179 57.13 12.2251
57 27.1833 41.3788 57.0891 12.2642
57.1 27.2306 41.3397 57.0481 12.3033
57.2 27.2778 41.3005 57.0071 12.3425
57.3 27.3251 41.2613 56.9661 12.3817
57.4 27.3724 41.222 56.925 12.421
57.5 27.4197 41.1827 56.884 12.4603
57.6 27.467 41.1433 56.8429 12.4997
57.7 27.5142 41.1039 56.8017 12.5391
57.8 27.5615 41.0644 56.7606 12.5786
57.9 27.6088 41.0249 56.7194 12.6181
58 27.656 40.9854 56.6782 12.6576
58.1 27.7033 40.9458 56.6369 12.6972
58.2 27.7506 40.9062 56.5956 12.7368
58.3 27.7978 40.8665 56.5543 12.7765
58.4 27.8451 40.8268 56.513 12.8162
58.5 27.8923 40.787 56.4717 12.856
58.6 27.9396 40.7472 56.4303 12.8958
58.7 27.9868 40.7074 56.3889 12.9356
58.8 28.0341 40.6675 56.3475 12.9755
58.9 28.0813 40.6276 56.306 13.0154
59 28.1285 40.5876 56.2645 13.0554
59.1 28.1758 40.5476 56.223 13.0954
59.2 28.223 40.5076 56.1815 13.1354
59.3 28.2702 40.4675 56.1399 13.1755
59.4 28.3175 40.4273 56.0983 13.2157
59.5 28.3647 40.3872 56.0567 13.2558
59.6 28.4119 40.347 56.0151 13.296
59.7 28.4591 40.3067 55.9734 13.3363
59.8 28.5063 40.2664 55.9317 13.3766
59.9 28.5536 40.2261 55.89 13.4169
60 28.6008 40.1857 55.8483 13.4573
60.1 28.648 40.1453 55.8065 13.4977
60.2 28.6952 40.1048 55.7647 13.5382
60.3 28.7424 40.0643 55.7229 13.5787
60.4 28.7896 40.0237 55.6811 13.6193
60.5 28.8368 39.9832 55.6392 13.6598
60.6 28.884 39.9425 55.5973 13.7005
60.7 28.9312 39.9019 55.5554 13.7411
60.8 28.9784 39.8612 55.5135 13.7818
60.9 29.0256 39.8204 55.4715 13.8226
61 29.0727 39.7796 55.4295 13.8634
61.1 29.1199 39.7388 55.3875 13.9042
61.2 29.1671 39.698 55.3455 13.945
61.3 29.2143 39.6571 55.3034 13.9859
61.4 29.2615 39.6161 55.2614 14.0269
61.5 29.3086 39.5751 55.2193 14.0679
61.6 29.3558 39.5341 55.1772 14.1089
61.7 29.403 39.4931 55.135 14.1499
61.8 29.4501 39.452 55.0928 14.191
61.9 29.4973 39.4108 55.0507 14.2322
62 29.5444 39.3697 55.0084 14.2733
62.1 29.5916 39.3285 54.9662 14.3145
62.2 29.6388 39.2872 54.924 14.3558
62.3 29.6859 39.2459 54.8817 14.3971
62.4 29.733 39.2046 54.8394 14.4384
62.5 29.7802 39.1632 54.7971 14.4798
62.6 29.8273 39.1218 54.7547 14.5212
62.7 29.8745 39.0804 54.7123 14.5626
62.8 29.9216 39.0389 54.67 14.6041
62.9 29.9687 38.9974 54.6275 14.6456
63 30.0159 38.9559 54.5851 14.6871
63.1 30.063 38.9143 54.5427 14.7287
63.2 30.1101 38.8727 54.5002 14.7703
63.3 30.1572 38.831 54.4577 14.812
63.4 30.2043 38.7893 54.4152 14.8537
63.5 30.2515 38.7476 54.3726 14.8954
63.6 30.2986 38.7058 54.3301 14.9372
63.7 30.3457 38.664 54.2875 14.979
63.8 30.3928 38.6222 54.2449 15.0208
63.9 30.4399 38.5803 54.2023 15.0627
64 30.487 38.5384 54.1597 15.1046
64.1 30.5341 38.4964 54.117 15.1466
64.2 30.5812 38.4545 54.0743 15.1885
64.3 30.6283 38.4124 54.0316 15.2306
64.4 30.6753 38.3704 53.9889 15.2726
64.5 30.7224 38.3283 53.9461 15.3147
64.6 30.7695 38.2862 53.9034 15.3568
64.7 30.8166 38.244 53.8606 15.399
64.8 30.8637 38.2018 53.8178 15.4412
64.9 30.9107 38.1596 53.775 15.4834
65 30.9578 38.1173 53.7321 15.5257
65.1 31.0049 38.075 53.6893 15.568
65.2 31.0519 38.0327 53.6464 15.6103
65.3 31.099 37.9903 53.6035 15.6527
65.4 31.146 37.9479 53.5606 15.6951
65.5 31.1931 37.9055 53.5177 15.7375
65.6 31.2401 37.863 53.4747 15.78
65.7 31.2872 37.8205 53.4317 15.8225
65.8 31.3342 37.778 53.3887 15.865
65.9 31.3813 37.7354 53.3457 15.9076
66 31.4283 37.6928 53.3027 15.9502
66.1 31.4753 37.6502 53.2596 15.9928
66.2 31.5224 37.6075 53.2166 16.0355
66.3 31.5694 37.5648 53.1735 16.0782
66.4 31.6164 37.5221 53.1304 16.1209
66.5 31.6634 37.4793 53.0873 16.1637
66.6 31.7104 37.4365 53.0441 16.2065
66.7 31.7574 37.3937 53.001 16.2493
66.8 31.8045 37.3508 52.9578 16.2922
66.9 31.8515 37.3079 52.9146 16.3351
67 31.8985 37.265 52.8714 16.378
67.1 31.9455 37.222 52.8282 16.421
67.2 31.9925 37.1791 52.7849 16.4639
67.3 32.0395 37.136 52.7416 16.507
67.4 32.0864 37.093 52.6984 16.55
67.5 32.1334 37.0499 52.6551 16.5931
67.6 32.1804 37.0068 52.6117 16.6362
67.7 32.2274 36.9636 52.5684 16.6794
67.8 32.2744 36.9205 52.5251 16.7225
67.9 32.3213 36.8772 52.4817 16.7658
68 32.3683 36.834 52.4383 16.809
68.1 32.4153 36.7907 52.3949 16.8523
68.2 32.4622 36.7474 52.3515 16.8956
68.3 32.5092 36.7041 52.308 16.9389
68.4 32.5562 36.6607 52.2646 16.9823
68.5 32.6031 36.6174 52.2211 17.0256
68.6 32.6501 36.5739 52.1776 17.0691
68.7 32.697 36.5305 52.1341 17.1125
68.8 32.7439 36.487 52.0906 17.156
68.9 32.7909 36.4435 52.0471 17.1995
69 32.8378 36.4 52.0035 17.243
69.1 32.8847 36.3564 51.96 17.2866
69.2 32.9317 36.3128 51.9164 17.3302
69.3 32.9786 36.2692 51.8728 17.3738
69.4 33.0255 36.2255 51.8292 17.4175
69.5 33.0724 36.1818 51.7855 17.4612
69.6 33.1193 36.1381 51.7419 17.5049
69.7 33.1663 36.0944 51.6982 17.5486
69.8 33.2132 36.0506 51.6545 17.5924
69.9 33.2601 36.0068 51.6108 17.6362
70 33.307 35.963 51.5671 17.68
70.1 33.3539 35.9191 51.5234 17.7239
70.2 33.4007 35.8753 51.4797 17.7677
70.3 33.4476 35.8314 51.4359 17.8116
70.4 33.4945 35.7874 51.3921 17.8556
70.5 33.5414 35.7435 51.3483 17.8995
70.6 33.5883 35.6995 51.3045 17.9435
70.7 33.6351 35.6555 51.2607 17.9875
70.8 33.682 35.6114 51.2169 18.0316
70.9 33.7289 35.5673 51.173 18.0757
71 33.7757 35.5232 51.1292 18.1198
71.1 33.8226 35.4791 51.0853 18.1639
71.2 33.8694 35.435 51.0414 18.208
71.3 33.9163 35.3908 50.9975 18.2522
71.4 33.9631 35.3466 50.9536 18.2964
71.5 34.01 35.3024 50.9096 18.3406
71.6 34.0568 35.2581 50.8657 18.3849
71.7 34.1037 35.2138 50.8217 18.4292
71.8 34.1505 35.1695 50.7777 18.4735
71.9 34.1973 35.1252 50.7337 18.5178
72 34.2441 35.0808 50.6897 18.5622
72.1 34.291 35.0365 50.6457 18.6065
72.2 34.3378 34.9921 50.6017 18.6509
72.3 34.3846 34.9476 50.5576 18.6954
72.4 34.4314 34.9032 50.5135 18.7398
72.5 34.4782 34.8587 50.4695 18.7843
72.6 34.525 34.8142 50.4254 18.8288
72.7 34.5718 34.7697 50.3813 18.8733
72.8 34.6186 34.7251 50.3371 18.9179
72.9 34.6654 34.6805 50.293 18.9625
73 34.7121 34.6359 50.2489 19.0071
73.1 34.7589 34.5913 50.2047 19.0517
73.2 34.8057 34.5467 50.1605 19.0963
73.3 34.8525 34.502 50.1163 19.141
73.4 34.8992 34.4573 50.0721 19.1857
73.5 34.946 34.4126 50.0279 19.2304
73.6 34.9928 34.3678 49.9837 19.2752
73.7 35.0395 34.3231 49.9394 19.3199
73.8 35.0863 34.2783 49.8952 19.3647
73.9 35.133 34.2335 49.8509 19.4095
74 35.1798 34.1886 49.8066 19.4544
74.1 35.2265 34.1438 49.7623 19.4992
74.2 35.2732 34.0989 49.718 19.5441
74.3 35.32 34.054 49.6737 19.589
74.4 35.3667 34.0091 49.6294 19.6339
74.5 35.4134 33.9641 49.585 19.6789
74.6 35.4601 33.9192 49.5407 19.7238
74.7 35.5068 33.8742 49.4963 19.7688
74.8 35.5535 33.8292 49.4519 19.8138
74.9 35.6003 33.7841 49.4075 19.8589
75 35.647 33.7391 49.3631 19.9039
75.1 35.6936 33.694 49.3187 19.949
75.2 35.7403 33.6489 49.2742 19.9941
75.3 35.787 33.6038 49.2298 20.0392
75.4 35.8337 33.5587 49.1853 20.0843
75.5 35.8804 33.5135 49.1408 20.1295
75.6 35.9271 33.4683 49.0964 20.1747
75.7 35.9737 33.4232 49.0519 20.2198
75.8 36.0204 33.3779 49.0073 20.2651
75.9 36.0671 33.3327 48.9628 20.3103
76 36.1137 33.2874 48.9183 20.3556
76.1 36.1604 33.2422 48.8737 20.4008
76.2 36.207 33.1969 48.8292 20.4461
76.3 36.2537 33.1516 48.7846 20.4914
76.4 36.3003 33.1062 48.74 20.5368
76.5 36.3469 33.0609 48.6954 20.5821
76.6 36.3936 33.0155 48.6508 20.6275
76.7 36.4402 32.9701 48.6062 20.6729
76.8 36.4868 32.9247 48.5616 20.7183
76.9 36.5334 32.8793 48.5169 20.7637
77 36.58 32.8338 48.4723 20.8092
77.1 36.6266 32.7884 48.4276 20.8546
77.2 36.6733 32.7429 48.3829 20.9001
77.3 36.7198 32.6974 48.3382 20.9456
77.4 36.7664 32.6519 48.2935 20.9911
77.5 36.813 32.6063 48.2488 21.0367
77.6 36.8596 32.5608 48.2041 21.0822
77.7 36.9062 32.5152 48.1594 21.1278
77.8 36.9528 32.4696 48.1146 21.1734
77.9 36.9993 32.424 48.0699 21.219
78 37.0459 32.3784 48.0251 21.2646
78.1 37.0925 32.3327 47.9803 21.3103
78.2 37.139 32.2871 47.9355 21.3559
78.3 37.1856 32.2414 47.8907 21.4016
78.4 37.2321 32.1957 47.8459 21.4473
78.5 37.2787 32.15 47.8011 21.493
78.6 37.3252 32.1043 47.7563 21.5387
78.7 37.3717 32.0585 47.7114 21.5845
78.8 37.4183 32.0128 47.6666 21.6302
78.9 37.4648 31.967 47.6217 21.676
79 37.5113 31.9212 47.5768 21.7218
79.1 37.5578 31.8754 47.5319 21.7676
79.2 37.6043 31.8296 47.487 21.8134
79.3 37.6508 31.7838 47.4421 21.8592
79.4 37.6973 31.7379 47.3972 21.9051
79.5 37.7438 31.6921 47.3523 21.9509
79.6 37.7903 31.6462 47.3073 21.9968
79.7 37.8368 31.6003 47.2624 22.0427
79.8 37.8833 31.5544 47.2174 22.0886
79.9 37.9297 31.5085 47.1725 22.1345
80 37.9762 31.4625 47.1275 22.1805
80.1 38.0227 31.4166 47.0825 22.2264
80.2 38.0691 31.3706 47.0375 22.2724
80.3 38.1156 31.3247 46.9925 22.3183
80.4 38.162 31.2787 46.9474 22.3643
80.5 38.2085 31.2327 46.9024 22.4103
80.6 38.2549 31.1866 46.8574 22.4564
80.7 38.3013 31.1406 46.8123 22.5024
80.8 38.3478 31.0946 46.7673 22.5484
80.9 38.3942 31.0485 46.7222 22.5945
81 38.4406 31.0024 46.6771 22.6406
81.1 38.487 30.9563 46.632 22.6867
81.2 38.5334 30.9103 46.5869 22.7327
81.3 38.5798 30.8641 46.5418 22.7789
81.4 38.6262 30.818 46.4967 22.825
81.5 38.6726 30.7719 46.4515 22.8711
81.6 38.719 30.7257 46.4064 22.9173
81.7 38.7654 30.6796 46.3612 22.9634
81.8 38.8117 30.6334 46.3161 23.0096
81.9 38.8581 30.5872 46.2709 23.0558
82 38.9045 30.541 46.2257 23.102
82.1 38.9508 30.4948 46.1805 23.1482
82.2 38.9972 30.4486 46.1353 23.1944
82.3 39.0435 30.4024 46.0901 23.2406
82.4 39.0899 30.3562 46.0449 23.2868
82.5 39.1362 30.3099 45.9997 23.3331
82.6 39.1825 30.2637 45.9544 23.3793
82.7 39.2289 30.2174 45.9092 23.4256
82.8 39.2752 30.1711 45.8639 23.4719
82.9 39.3215 30.1248 45.8187 23.5182
83 39.3678 30.0785 45.7734 23.5645
83.1 39.4141 30.0322 45.7281 23.6108
83.2 39.4604 29.9859 45.6828 23.6571
83.3 39.5067 29.9396 45.6375 23.7034
83.4 39.553 29.8932 45.5922 23.7498
83.5 39.5993 29.8469 45.5469 23.7961
83.6 39.6456 29.8005 45.5016 23.8425
83.7 39.6918 29.7542 45.4562 23.8888
83.8 39.7381 29.7078 45.4109 23.9352
83.9 39.7843 29.6614 45.3655 23.9816
84 39.8306 29.615 45.3201 24.028
84.1 39.8768 29.5686 45.2748 24.0744
84.2 39.9231 29.5222 45.2294 24.1208
84.3 39.9693 29.4758 45.184 24.1672
84.4 40.0156 29.4294 45.1386 24.2136
84.5 40.0618 29.3829 45.0932 24.2601
84.6 40.108 29.3365 45.0478 24.3065
84.7 40.1542 29.2901 45.0023 24.3529
84.8 40.2004 29.2436 44.9569 24.3994
84.9 40.2466 29.1971 44.9115 24.4459
85 40.2928 29.1507 44.866 24.4923
85.1 40.339 29.1042 44.8206 24.5388
85.2 40.3852 29.0577 44.7751 24.5853
85.3 40.4314 29.0112 44.7296 24.6318
85.4 40.4775 28.9647 44.6841 24.6783
85.5 40.5237 28.9182 44.6386 24.7248
85.6 40.5698 28.8717 44.5931 24.7713
85.7 40.616 28.8252 44.5476 24.8178
85.8 40.6621 28.7787 44.5021 24.8643
85.9 40.7083 28.7321 44.4566 24.9109
86 40.7544 28.6856 44.411 24.9574
86.1 40.8005 28.6391 44.3655 25.0039
86.2 40.8467 28.5925 44.3199 25.0505
86.3 40.8928 28.546 44.2744 25.097
86.4 40.9389 28.4994 44.2288 25.1436
86.5 40.985 28.4528 44.1832 25.1902
86.6 41.0311 28.4063 44.1376 25.2367
86.7 41.0772 28.3597 44.092 25.2833
86.8 41.1233 28.3131 44.0464 25.3299
86.9 41.1693 28.2665 44.0008 25.3765
87 41.2154 28.22 43.9552 25.423
87.1 41.2615 28.1734 43.9096 25.4696
87.2 41.3075 28.1268 43.864 25.5162
87.3 41.3536 28.0802 43.8183 25.5628
87.4 41.3996 28.0336 43.7727 25.6094
87.5 41.4457 27.987 43.727 25.656
87.6 41.4917 27.9404 43.6814 25.7026
87.7 41.5377 27.8938 43.6357 25.7492
87.8 41.5837 27.8471 43.59 25.7959
87.9 41.6298 27.8005 43.5443 25.8425
88 41.6758 27.7539 43.4986 25.8891
88.1 41.7218 27.7073 43.4529 25.9357
88.2 41.7678 27.6606 43.4072 25.9824
88.3 41.8137 27.614 43.3615 26.029
88.4 41.8597 27.5674 43.3158 26.0756
88.5 41.9057 27.5207 43.27 26.1223
88.6 41.9517 27.4741 43.2243 26.1689
88.7 41.9976 27.4275 43.1785 26.2155
88.8 42.0436 27.3808 43.1328 26.2622
88.9 42.0895 27.3342 43.087 26.3088
89 42.1355 27.2875 43.0413 26.3555
89.1 42.1814 27.2409 42.9955 26.4021
89.2 42.2273 27.1943 42.9497 26.4487
89.3 42.2732 27.1476 42.9039 26.4954
89.4 42.3191 27.101 42.8581 26.542
89.5 42.3651 27.0543 42.8123 26.5887
89.6 42.4109 27.0077 42.7665 26.6353
89.7 42.4568 26.961 42.7207 26.682
89.8 42.5027 26.9144 42.6748 26.7286
89.9 42.5486 26.8677 42.629 26.7753
90 42.5945 26.8211 42.5832 26.8219
90.1 42.6403 26.7744 42.5373 26.8686
90.2 42.6862 26.7278 42.4914 26.9152
90.3 42.732 26.6811 42.4456 26.9619
90.4 42.7779 26.6345 42.3997 27.0085
90.5 42.8237 26.5878 42.3538 27.0552
90.6 42.8695 26.5412 42.3079 27.1018
90.7 42.9154 26.4945 42.2621 27.1485
90.8 42.9612 26.4479 42.2162 27.1951
90.9 43.007 26.4012 42.1703 27.2418
91 43.0528 26.3546 42.1243 27.2884
91.1 43.0986 26.3079 42.0784 27.3351
91.2 43.1443 26.2613 42.0325 27.3817
91.3 43.1901 26.2146 41.9866 27.4284
91.4 43.2359 26.168 41.9406 27.475
91.5 43.2816 26.1214 41.8947 27.5216
91.6 43.3274 26.0747 41.8487 27.5683
91.7 43.3731 26.0281 41.8028 27.6149
91.8 43.4189 25.9815 41.7568 27.6615
91.9 43.4646 25.9348 41.7108 27.7082
92 43.5103 25.8882 41.6648 27.7548
92.1 43.5561 25.8416 41.6189 27.8014
92.2 43.6018 25.795 41.5729 27.848
92.3 43.6475 25.7484 41.5269 27.8946
92.4 43.6932 25.7018 41.4808 27.9412
92.5 43.7388 25.6551 41.4348 27.9879
92.6 43.7845 25.6085 41.3888 28.0345
92.7 43.8302 25.5619 41.3428 28.0811
92.8 43.8758 25.5153 41.2968 28.1277
92.9 43.9215 25.4687 41.2507 28.1743
93 43.9671 25.4222 41.2047 28.2208
93.1 44.0128 25.3756 41.1586 28.2674
93.2 44.0584 25.329 41.1126 28.314
93.3 44.104 25.2824 41.0665 28.3606
93.4 44.1496 25.2358 41.0204 28.4072
93.5 44.1953 25.1893 40.9743 28.4537
93.6 44.2408 25.1427 40.9283 28.5003
93.7 44.2864 25.0962 40.8822 28.5468
93.8 44.332 25.0496 40.8361 28.5934
93.9 44.3776 25.0031 40.79 28.6399
94 44.4232 24.9565 40.7439 28.6865
94.1 44.4687 24.91 40.6977 28.733
94.2 44.5143 24.8635 40.6516 28.7795
94.3 44.5598 24.8169 40.6055 28.8261
94.4 44.6053 24.7704 40.5594 28.8726
94.5 44.6509 24.7239 40.5132 28.9191
94.6 44.6964 24.6774 40.4671 28.9656
94.7 44.7419 24.6309 40.4209 29.0121
94.8 44.7874 24.5844 40.3748 29.0586
94.9 44.8329 24.5379 40.3286 29.1051
95 44.8784 24.4915 40.2824 29.1515
95.1 44.9238 24.445 40.2363 29.198
95.2 44.9693 24.3985 40.1901 29.2445
95.3 45.0148 24.3521 40.1439 29.2909
95.4 45.0602 24.3056 40.0977 29.3374
95.5 45.1056 24.2592 40.0515 29.3838
95.6 45.1511 24.2127 40.0053 29.4303
95.7 45.1965 24.1663 39.9591 29.4767
95.8 45.2419 24.1199 39.9129 29.5231
95.9 45.2873 24.0735 39.8666 29.5695
96 45.3327 24.0271 39.8204 29.6159
96.1 45.3781 23.9807 39.7742 29.6623
96.2 45.4235 23.9343 39.7279 29.7087
96.3 45.4688 23.8879 39.6817 29.7551
96.4 45.5142 23.8416 39.6354 29.8014
96.5 45.5596 23.7952 39.5892 29.8478
96.6 45.6049 23.7489 39.5429 29.8941
96.7 45.6502 23.7025 39.4966 29.9405
96.8 45.6956 23.6562 39.4504 29.9868
96.9 45.7409 23.6099 39.4041 30.0331
97 45.7862 23.5636 39.3578 30.0794
97.1 45.8315 23.5173 39.3115 30.1257
97.2 45.8768 23.471 39.2652 30.172
97.3 45.922 23.4247 39.2189 30.2183
97.4 45.9673 23.3785 39.1726 30.2645
97.5 46.0126 23.3322 39.1263 30.3108
97.6 46.0578 23.2859 39.08 30.3571
97.7 46.1031 23.2397 39.0336 30.4033
97.8 46.1483 23.1935 38.9873 30.4495
97.9 46.1935 23.1473 38.941 30.4957
98 46.2387 23.1011 38.8946 30.5419
98.1 46.2839 23.0549 38.8483 30.5881
98.2 46.3291 23.0087 38.8019 30.6343
98.3 46.3743 22.9625 38.7556 30.6805
98.4 46.4195 22.9164 38.7092 30.7266
98.5 46.4647 22.8702 38.6629 30.7728
98.6 46.5098 22.8241 38.6165 30.8189
98.7 46.555 22.778 38.5701 30.865
98.8 46.6001 22.7319 38.5237 30.9111
98.9 46.6452 22.6858 38.4773 30.9572
99 46.6903 22.6397 38.4309 31.0033
99.1 46.7354 22.5936 38.3845 31.0494
99.2 46.7805 22.5476 38.3381 31.0954
99.3 46.8256 22.5015 38.2917 31.1415
99.4 46.8707 22.4555 38.2453 31.1875
99.5 46.9158 22.4095 38.1989 31.2335
99.6 46.9608 22.3635 38.1525 31.2795
99.7 47.0059 22.3175 38.106 31.3255
99.8 47.0509 22.2715 38.0596 31.3715
99.9 47.0959 22.2255 38.0131 31.4175
100 47.141 22.1796 37.9667 31.4634
100.1 47.186 22.1336 37.9203 31.5094
100.2 47.231 22.0877 37.8738 31.5553
100.3 47.2759 22.0418 37.8273 31.6012
100.4 47.3209 21.9959 37.7809 31.6471
100.5 47.3659 21.95 37.7344 31.693
100.6 47.4108 21.9042 37.6879 31.7388
100.7 47.4558 21.8583 37.6414 31.7847
100.8 47.5007 21.8125 37.595 31.8305
100.9 47.5456 21.7667 37.5485 31.8763
101 47.5905 21.7209 37.502 31.9221
101.1 47.6355 21.6751 37.4555 31.9679
101.2 47.6803 21.6293 37.409 32.0137
101.3 47.7252 21.5836 37.3624 32.0594
101.4 47.7701 21.5378 37.3159 32.1052
101.5 47.8149 21.4921 37.2694 32.1509
101.6 47.8598 21.4464 37.2229 32.1966
101.7 47.9046 21.4007 37.1764 32.2423
101.8 47.9495 21.355 37.1298 32.288
101.9 47.9943 21.3094 37.0833 32.3336
102 48.0391 21.2637 37.0367 32.3793
102.1 48.0839 21.2181 36.9902 32.4249
102.2 48.1286 21.1725 36.9436 32.4705
102.3 48.1734 21.1269 36.8971 32.5161
102.4 48.2182 21.0813 36.8505 32.5617
102.5 48.2629 21.0358 36.8039 32.6072
102.6 48.3077 20.9903 36.7574 32.6527
102.7 48.3524 20.9447 36.7108 32.6983
102.8 48.3971 20.8992 36.6642 32.7438
102.9 48.4418 20.8538 36.6176 32.7892
103 48.4865 20.8083 36.571 32.8347
103.1 48.5312 20.7628 36.5244 32.8802
103.2 48.5758 20.7174 36.4778 32.9256
103.3 48.6205 20.672 36.4312 32.971
103.4 48.6651 20.6266 36.3846 33.0164
103.5 48.7098 20.5812 36.338 33.0618
103.6 48.7544 20.5359 36.2914 33.1071
103.7 48.799 20.4906 36.2448 33.1524
103.8 48.8436 20.4452 36.1981 33.1978
103.9 48.8882 20.3999 36.1515 33.2431
104 48.9328 20.3547 36.1049 33.2883
104.1 48.9773 20.3094 36.0582 33.3336
104.2 49.0219 20.2642 36.0116 33.3788
104.3 49.0664 20.219 35.9649 33.424
104.4 49.1109 20.1738 35.9183 33.4692
104.5 49.1554 20.1286 35.8716 33.5144
104.6 49.1999 20.0834 35.825 33.5596
104.7 49.2444 20.0383 35.7783 33.6047
104.8 49.2889 19.9932 35.7316 33.6498
104.9 49.3334 19.9481 35.6849 33.6949
105 49.3778 19.903 35.6383 33.74
105.1 49.4223 19.858 35.5916 33.785
105.2 49.4667 19.8129 35.5449 33.8301
105.3 49.5111 19.7679 35.4982 33.8751
105.4 49.5555 19.7229 35.4515 33.9201
105.5 49.5999 19.678 35.4048 33.965
105.6 49.6443 19.633 35.3581 34.01
105.7 49.6886 19.5881 35.3114 34.0549
105.8 49.733 19.5432 35.2647 34.0998
105.9 49.7773 19.4983 35.218 34.1447
106 49.8216 19.4535 35.1712 34.1895
106.1 49.8659 19.4087 35.1245 34.2343
106.2 49.9102 19.3638 35.0778 34.2792
106.3 49.9545 19.3191 35.031 34.3239
106.4 49.9988 19.2743 34.9843 34.3687
106.5 50.0431 19.2295 34.9376 34.4135
106.6 50.0873 19.1848 34.8908 34.4582
106.7 50.1315 19.1401 34.8441 34.5029
106.8 50.1757 19.0955 34.7973 34.5475
106.9 50.2199 19.0508 34.7505 34.5922
107 50.2641 19.0062 34.7038 34.6368
107.1 50.3083 18.9616 34.657 34.6814
107.2 50.3525 18.917 34.6102 34.726
107.3 50.3966 18.8725 34.5635 34.7705
107.4 50.4408 18.8279 34.5167 34.8151
107.5 50.4849 18.7834 34.4699 34.8596
107.6 50.529 18.7389 34.4231 34.9041
107.7 50.5731 18.6945 34.3763 34.9485
107.8 50.6172 18.6501 34.3295 34.9929
107.9 50.6612 18.6057 34.2827 35.0373
108 50.7053 18.5613 34.2359 35.0817
108.1 50.7493 18.5169 34.1891 35.1261
108.2 50.7933 18.4726 34.1423 35.1704
108.3 50.8374 18.4283 34.0955 35.2147
108.4 50.8813 18.384 34.0487 35.259
108.5 50.9253 18.3398 34.0018 35.3032
108.6 50.9693 18.2955 33.955 35.3475
108.7 51.0132 18.2513 33.9082 35.3917
108.8 51.0572 18.2071 33.8613 35.4359
108.9 51.1011 18.163 33.8145 35.48
109 51.145 18.1189 33.7677 35.5241
109.1 51.1889 18.0748 33.7208 35.5682
109.2 51.2328 18.0307 33.674 35.6123
109.3 51.2766 17.9867 33.6271 35.6563
109.4 51.3205 17.9426 33.5803 35.7004
109.5 51.3643 17.8987 33.5334 35.7443
109.6 51.4081 17.8547 33.4865 35.7883
109.7 51.4519 17.8108 33.4397 35.8322
109.8 51.4957 17.7669 33.3928 35.8761
109.9 51.5395 17.723 33.3459 35.92
110 51.5833 17.6791 33.299 35.9639
110.1 51.627 17.6353 33.2521 36.0077
110.2 51.6707 17.5915 33.2053 36.0515
110.3 51.7144 17.5477 33.1584 36.0953
110.4 51.7581 17.504 33.1115 36.139
110.5 51.8018 17.4603 33.0646 36.1827
110.6 51.8455 17.4166 33.0177 36.2264
110.7 51.8891 17.3729 32.9708 36.2701
110.8 51.9328 17.3293 32.9239 36.3137
110.9 51.9764 17.2857 32.8769 36.3573
111 52.02 17.2422 32.83 36.4008
111.1 52.0635 17.1986 32.7831 36.4444
111.2 52.1071 17.1551 32.7362 36.4879
111.3 52.1507 17.1116 32.6893 36.5314
111.4 52.1942 17.0682 32.6423 36.5748
111.5 52.2377 17.0248 32.5954 36.6182
111.6 52.2812 16.9814 32.5485 36.6616
111.7 52.3247 16.938 32.5015 36.705
111.8 52.3682 16.8947 32.4546 36.7483
111.9 52.4116 16.8514 32.4076 36.7916
112 52.4551 16.8081 32.3607 36.8349
112.1 52.4985 16.7649 32.3137 36.8781
112.2 52.5419 16.7217 32.2668 36.9213
112.3 52.5853 16.6785 32.2198 36.9645
112.4 52.6286 16.6353 32.1728 37.0077
112.5 52.672 16.5922 32.1259 37.0508
112.6 52.7153 16.5491 32.0789 37.0939
112.7 52.7586 16.5061 32.0319 37.1369
112.8 52.8019 16.4631 31.9849 37.1799
112.9 52.8452 16.4201 31.938 37.2229
113 52.8885 16.3771 31.891 37.2659
113.1 52.9317 16.3342 31.844 37.3088
113.2 52.9749 16.2913 31.797 37.3517
113.3 53.0181 16.2484 31.75 37.3946
113.4 53.0613 16.2056 31.703 37.4374
113.5 53.1045 16.1628 31.656 37.4802
113.6 53.1476 16.12 31.609 37.523
113.7 53.1908 16.0773 31.562 37.5657
113.8 53.2339 16.0346 31.515 37.6084
113.9 53.277 15.9919 31.468 37.6511
114 53.3201 15.9493 31.4209 37.6937
114.1 53.3631 15.9067 31.3739 37.7363
114.2 53.4062 15.8641 31.3269 37.7789
114.3 53.4492 15.8216 31.2799 37.8214
114.4 53.4922 15.7791 31.2328 37.8639
114.5 53.5352 15.7366 31.1858 37.9064
114.6 53.5782 15.6942 31.1388 37.9488
114.7 53.6211 15.6518 31.0917 37.9912
114.8 53.6641 15.6094 31.0447 38.0336
114.9 53.707 15.5671 30.9976 38.0759
115 53.7499 15.5248 30.9506 38.1182
115.1 53.7927 15.4825 30.9035 38.1605
115.2 53.8356 15.4403 30.8565 38.2027
115.3 53.8784 15.3981 30.8094 38.2449
115.4 53.9212 15.356 30.7623 38.287
115.5 53.964 15.3138 30.7153 38.3292
115.6 54.0068 15.2717 30.6682 38.3713
115.7 54.0496 15.2297 30.6211 38.4133
115.8 54.0923 15.1877 30.5741 38.4553
115.9 54.135 15.1457 30.527 38.4973
116 54.1777 15.1037 30.4799 38.5393
116.1 54.2204 15.0618 30.4328 38.5812
116.2 54.2631 15.0199 30.3857 38.6231
116.3 54.3057 14.9781 30.3386 38.6649
116.4 54.3483 14.9363 30.2915 38.7067
116.5 54.3909 14.8945 30.2444 38.7485
116.6 54.4335 14.8528 30.1973 38.7902
116.7 54.476 14.8111 30.1502 38.8319
116.8 54.5185 14.7695 30.1031 38.8735
116.9 54.5611 14.7278 30.056 38.9152
117 54.6035 14.6862 30.0089 38.9568
117.1 54.646 14.6447 29.9618 38.9983
117.2 54.6885 14.6032 29.9147 39.0398
117.3 54.7309 14.5617 29.8676 39.0813
117.4 54.7733 14.5203 29.8204 39.1227
117.5 54.8157 14.4789 29.7733 39.1641
117.6 54.858 14.4375 29.7262 39.2055
117.7 54.9004 14.3962 29.6791 39.2468
117.8 54.9427 14.3549 29.6319 39.2881
117.9 54.985 14.3137 29.5848 39.3293
118 55.0272 14.2724 29.5376 39.3706
118.1 55.0695 14.2313 29.4905 39.4117
118.2 55.1117 14.1901 29.4434 39.4529
118.3 55.1539 14.149 29.3962 39.494
118.4 55.1961 14.108 29.3491 39.535
118.5 55.2382 14.067 29.3019 39.576
118.6 55.2804 14.026 29.2547 39.617
118.7 55.3225 13.9851 29.2076 39.6579
118.8 55.3646 13.9442 29.1604 39.6988
118.9 55.4066 13.9033 29.1132 39.7397
119 55.4487 13.8625 29.0661 39.7805
119.1 55.4907 13.8217 29.0189 39.8213
119.2 55.5327 13.7809 28.9717 39.8621
119.3 55.5747 13.7402 28.9246 39.9028
119.4 55.6166 13.6996 28.8774 39.9434
119.5 55.6585 13.659 28.8302 39.984
119.6 55.7004 13.6184 28.783 40.0246
119.7 55.7423 13.5778 28.7358 40.0652
119.8 55.7842 13.5373 28.6886 40.1057
119.9 55.826 13.4969 28.6414 40.1461
120 55.8678 13.4564 28.5942 40.1866
120.1 55.9096 13.4161 28.547 40.2269
120.2 55.9513 13.3757 28.4998 40.2673
120.3 55.9931 13.3354 28.4526 40.3076
120.4 56.0348 13.2952 28.4054 40.3478
120.5 56.0764 13.255 28.3582 40.388
120.6 56.1181 13.2148 28.311 40.4282
120.7 56.1597 13.1746 28.2638 40.4684
120.8 56.2013 13.1345 28.2166 40.5085
120.9 56.2429 13.0945 28.1694 40.5485
121 56.2845 13.0545 28.1221 40.5885
121.1 56.326 13.0145 28.0749 40.6285
121.2 56.3675 12.9746 28.0277 40.6684
121.3 56.4089 12.9347 27.9804 40.7083
121.4 56.4504 12.8949 27.9332 40.7481
121.5 56.4918 12.8551 27.886 40.7879
121.6 56.5332 12.8153 27.8387 40.8277
121.7 56.5746 12.7756 27.7915 40.8674
121.8 56.6159 12.7359 27.7442 40.9071
121.9 56.6572 12.6963 27.697 40.9467
122 56.6985 12.6567 27.6498 40.9863
122.1 56.7398 12.6172 27.6025 41.0258
122.2 56.781 12.5777 27.5552 41.0653
122.3 56.8222 12.5382 27.508 41.1048
122.4 56.8634 12.4988 27.4607 41.1442
122.5 56.9045 12.4595 27.4135 41.1835
122.6 56.9456 12.4201 27.3662 41.2229
122.7 56.9867 12.3809 27.3189 41.2621
122.8 57.0278 12.3416 27.2717 41.3014
122.9 57.0688 12.3024 27.2244 41.3406
123 57.1098 12.2633 27.1771 41.3797
123.1 57.1508 12.2242 27.1299 41.4188
123.2 57.1918 12.1851 27.0826 41.4579
123.3 57.2327 12.1461 27.0353 41.4969
123.4 57.2736 12.1071 26.988 41.5359
123.5 57.3144 12.0682 26.9407 41.5748
123.6 57.3553 12.0293 26.8934 41.6137
123.7 57.3961 11.9905 26.8461 41.6525
123.8 57.4368 11.9517 26.7988 41.6913
123.9 57.4776 11.913 26.7516 41.73
124 57.5183 11.8743 26.7043 41.7687
124.1 57.559 11.8356 26.657 41.8074
124.2 57.5996 11.797 26.6097 41.846
124.3 57.6402 11.7584 26.5623 41.8846
124.4 57.6808 11.7199 26.515 41.9231
124.5 57.7214 11.6815 26.4677 41.9615
124.6 57.7619 11.643 26.4204 42
124.7 57.8024 11.6047 26.3731 42.0383
124.8 57.8429 11.5663 26.3258 42.0767
124.9 57.8833 11.528 26.2785 42.115
125 57.9237 11.4898 26.2311 42.1532
125.1 57.9641 11.4516 26.1838 42.1914
125.2 58.0044 11.4135 26.1365 42.2295
125.3 58.0447 11.3754 26.0892 42.2676
125.4 58.085 11.3373 26.0418 42.3057
125.5 58.1252 11.2993 25.9945 42.3437
125.6 58.1654 11.2614 25.9472 42.3816
125.7 58.2056 11.2235 25.8998 42.4195
125.8 58.2457 11.1856 25.8525 42.4574
125.9 58.2858 11.1478 25.8051 42.4952
126 58.3259 11.11 25.7578 42.533
126.1 58.3659 11.0723 25.7105 42.5707
126.2 58.4059 11.0346 25.6631 42.6084
126.3 58.4459 10.997 25.6158 42.646
126.4 58.4858 10.9594 25.5684 42.6836
126.5 58.5257 10.9219 25.521 42.7211
126.6 58.5656 10.8844 25.4737 42.7586
126.7 58.6054 10.847 25.4263 42.796
126.8 58.6452 10.8096 25.379 42.8334
126.9 58.685 10.7723 25.3316 42.8707
127 58.7247 10.735 25.2842 42.908
127.1 58.7644 10.6978 25.2369 42.9452
127.2 58.8041 10.6606 25.1895 42.9824
127.3 58.8437 10.6235 25.1421 43.0195
127.4 58.8833 10.5864 25.0947 43.0566
127.5 58.9228 10.5493 25.0474 43.0937
127.6 58.9623 10.5123 25 43.1307
127.7 59.0018 10.4754 24.9526 43.1676
127.8 59.0412 10.4385 24.9052 43.2045
127.9 59.0806 10.4017 24.8578 43.2413
128 59.12 10.3649 24.8105 43.2781
128.1 59.1593 10.3282 24.7631 43.3148
128.2 59.1986 10.2915 24.7157 43.3515
128.3 59.2378 10.2548 24.6683 43.3882
128.4 59.277 10.2183 24.6209 43.4247
128.5 59.3162 10.1817 24.5735 43.4613
128.6 59.3553 10.1452 24.5261 43.4978
128.7 59.3944 10.1088 24.4787 43.5342
128.8 59.4335 10.0724 24.4313 43.5706
128.9 59.4725 10.0361 24.3839 43.6069
129 59.5114 9.99981 24.3365 43.6432
129.1 59.5504 9.96358 24.289 43.6794
129.2 59.5893 9.9274 24.2416 43.7156
129.3 59.6281 9.89128 24.1942 43.7517
129.4 59.6669 9.8552 24.1468 43.7878
129.5 59.7057 9.81918 24.0994 43.8238
129.6 59.7444 9.78321 24.052 43.8598
129.7 59.7831 9.74729 24.0045 43.8957
129.8 59.8217 9.71142 23.9571 43.9316
129.9 59.8603 9.67561 23.9097 43.9674
130 59.8989 9.63984 23.8623 44.0032
130.1 59.9374 9.60413 23.8148 44.0389
130.2 59.9759 9.56847 23.7674 44.0745
130.3 60.0143 9.53287 23.72 44.1101
130.4 60.0527 9.49731 23.6725 44.1457
130.5 60.091 9.46181 23.6251 44.1812
130.6 60.1293 9.42637 23.5776 44.2166
130.7 60.1676 9.39097 23.5302 44.252
130.8 60.2058 9.35563 23.4828 44.2874
130.9 60.244 9.32034 23.4353 44.3227
131 60.2821 9.28511 23.3879 44.3579
131.1 60.3202 9.24993 23.3404 44.3931
131.2 60.3582 9.2148 23.293 44.4282
131.3 60.3962 9.17972 23.2455 44.4633
131.4 60.4341 9.1447 23.1981 44.4983
131.5 60.472 9.10974 23.1506 44.5333
131.6 60.5098 9.07482 23.1031 44.5682
131.7 60.5476 9.03997 23.0557 44.603
131.8 60.5854 9.00516 23.0082 44.6378
131.9 60.6231 8.97041 22.9607 44.6726
132 60.6608 8.93571 22.9133 44.7073
132.1 60.6984 8.90107 22.8658 44.7419
132.2 60.7359 8.86649 22.8183 44.7765
132.3 60.7734 8.83195 22.7709 44.811
132.4 60.8109 8.79748 22.7234 44.8455
132.5 60.8483 8.76305 22.6759 44.8799
132.6 60.8857 8.72869 22.6284 44.9143
132.7 60.923 8.69437 22.581 44.9486
132.8 60.9602 8.66012 22.5335 44.9829
132.9 60.9975 8.62592 22.486 45.0171
133 61.0346 8.59177 22.4385 45.0512
133.1 61.0717 8.55768 22.391 45.0853
133.2 61.1088 8.52364 22.3435 45.1194
133.3 61.1458 8.48966 22.296 45.1533
133.4 61.1827 8.45574 22.2485 45.1873
133.5 61.2196 8.42187 22.2011 45.2211
133.6 61.2565 8.38806 22.1536 45.2549
133.7 61.2933 8.35431 22.1061 45.2887
133.8 61.33 8.32061 22.0586 45.3224
133.9 61.3667 8.28696 22.0111 45.356
134 61.4034 8.25338 21.9636 45.3896
134.1 61.4399 8.21985 21.9161 45.4232
134.2 61.4765 8.18637 21.8685 45.4566
134.3 61.5129 8.15296 21.821 45.49
134.4 61.5493 8.1196 21.7735 45.5234
134.5 61.5857 8.0863 21.726 45.5567
134.6 61.622 8.05305 21.6785 45.59
134.7 61.6583 8.01986 21.631 45.6231
134.8 61.6944 7.98673 21.5835 45.6563
134.9 61.7306 7.95366 21.5359 45.6893
135 61.7666 7.92064 21.4884 45.7224
135.1 61.8027 7.88768 21.4409 45.7553
135.2 61.8386 7.85478 21.3934 45.7882
135.3 61.8745 7.82194 21.3459 45.8211
135.4 61.9103 7.78915 21.2983 45.8538
135.5 61.9461 7.75643 21.2508 45.8866
135.6 61.9818 7.72376 21.2033 45.9192
135.7 62.0175 7.69114 21.1557 45.9519
135.8 62.0531 7.65859 21.1082 45.9844
135.9 62.0886 7.6261 21.0607 46.0169
136 62.1241 7.59366 21.0131 46.0493
136.1 62.1595 7.56128 20.9656 46.0817
136.2 62.1949 7.52897 20.9181 46.114
136.3 62.2301 7.49671 20.8705 46.1463
136.4 62.2654 7.4645 20.823 46.1785
136.5 62.3005 7.43236 20.7754 46.2106
136.6 62.3356 7.40028 20.7279 46.2427
136.7 62.3706 7.36826 20.6803 46.2747
136.8 62.4056 7.33629 20.6328 46.3067
136.9 62.4405 7.30439 20.5852 46.3386
137 62.4753 7.27254 20.5377 46.3705
137.1 62.5101 7.24075 20.4901 46.4022
137.2 62.5448 7.20903 20.4426 46.434
137.3 62.5794 7.17736 20.395 46.4656
137.4 62.614 7.14575 20.3474 46.4972
137.5 62.6485 7.1142 20.2999 46.5288
137.6 62.6829 7.08272 20.2523 46.5603
137.7 62.7173 7.05129 20.2048 46.5917
137.8 62.7515 7.01992 20.1572 46.6231
137.9 62.7858 6.98862 20.1096 46.6544
138 62.8199 6.95737 20.0621 46.6856
138.1 62.854 6.92619 20.0145 46.7168
138.2 62.888 6.89506 19.9669 46.7479
138.3 62.9219 6.864 19.9193 46.779
138.4 62.9558 6.83299 19.8718 46.81
138.5 62.9895 6.80205 19.8242 46.8409
138.6 63.0232 6.77117 19.7766 46.8718
138.7 63.0569 6.74035 19.729 46.9027
138.8 63.0904 6.70959 19.6815 46.9334
138.9 63.1239 6.67889 19.6339 46.9641
139 63.1573 6.64825 19.5863 46.9947
139.1 63.1906 6.61768 19.5387 47.0253
139.2 63.2239 6.58717 19.4911 47.0558
139.3 63.2571 6.55671 19.4435 47.0863
139.4 63.2902 6.52632 19.3959 47.1167
139.5 63.3232 6.49599 19.3484 47.147
139.6 63.3561 6.46573 19.3008 47.1773
139.7 63.389 6.43552 19.2532 47.2075
139.8 63.4218 6.40538 19.2056 47.2376
139.9 63.4544 6.3753 19.158 47.2677
140 63.4871 6.34528 19.1104 47.2977
140.1 63.5196 6.31533 19.0628 47.3277
140.2 63.552 6.28543 19.0152 47.3576
140.3 63.5844 6.2556 18.9676 47.3874
140.4 63.6167 6.22583 18.92 47.4172
140.5 63.6489 6.19613 18.8724 47.4469
140.6 63.681 6.16649 18.8248 47.4765
140.7 63.713 6.13691 18.7772 47.5061
140.8 63.7449 6.10739 18.7295 47.5356
140.9 63.7768 6.07794 18.6819 47.5651
141 63.8085 6.04855 18.6343 47.5945
141.1 63.8402 6.01922 18.5867 47.6238
141.2 63.8718 5.98996 18.5391 47.653
141.3 63.9033 5.96076 18.4915 47.6822
141.4 63.9347 5.93162 18.4439 47.7114
141.5 63.966 5.90255 18.3962 47.7405
141.6 63.9972 5.87354 18.3486 47.7695
141.7 64.0283 5.84459 18.301 47.7984
141.8 64.0594 5.81571 18.2534 47.8273
141.9 64.0903 5.78689 18.2058 47.8561
142 64.1211 5.75814 18.1581 47.8849
142.1 64.1519 5.72945 18.1105 47.9135
142.2 64.1825 5.70083 18.0629 47.9422
142.3 64.2131 5.67226 18.0152 47.9707
142.4 64.2435 5.64377 17.9676 47.9992
142.5 64.2739 5.61534 17.92 48.0277
142.6 64.3041 5.58697 17.8723 48.056
142.7 64.3343 5.55867 17.8247 48.0843
142.8 64.3643 5.53043 17.7771 48.1126
142.9 64.3943 5.50226 17.7294 48.1407
143 64.4241 5.47415 17.6818 48.1689
143.1 64.4539 5.44611 17.6342 48.1969
143.2 64.4835 5.41813 17.5865 48.2249
143.3 64.513 5.39022 17.5389 48.2528
143.4 64.5425 5.36237 17.4912 48.2806
143.5 64.5718 5.33459 17.4436 48.3084
143.6 64.601 5.30687 17.3959 48.3361
143.7 64.6301 5.27922 17.3483 48.3638
143.8 64.6591 5.25163 17.3006 48.3914
143.9 64.688 5.22411 17.253 48.4189
144 64.7167 5.19666 17.2053 48.4463
144.1 64.7454 5.16927 17.1577 48.4737
144.2 64.7739 5.14195 17.11 48.5011
144.3 64.8023 5.11469 17.0624 48.5283
144.4 64.8307 5.0875 17.0147 48.5555
144.5 64.8589 5.06038 16.9671 48.5826
144.6 64.8869 5.03332 16.9194 48.6097
144.7 64.9149 5.00633 16.8717 48.6367
144.8 64.9427 4.97941 16.8241 48.6636
144.9 64.9705 4.95255 16.7764 48.6905
145 64.9981 4.92576 16.7288 48.7172
145.1 65.0255 4.89903 16.6811 48.744
145.2 65.0529 4.87237 16.6334 48.7706
145.3 65.0801 4.84578 16.5858 48.7972
145.4 65.1072 4.81926 16.5381 48.8237
145.5 65.1342 4.7928 16.4904 48.8502
145.6 65.1611 4.76641 16.4427 48.8766
145.7 65.1878 4.74009 16.3951 48.9029
145.8 65.2144 4.71383 16.3474 48.9292
145.9 65.2408 4.68765 16.2997 48.9554
146 65.2672 4.66152 16.2521 48.9815
146.1 65.2934 4.63547 16.2044 49.0075
146.2 65.3194 4.60949 16.1567 49.0335
146.3 65.3453 4.58357 16.109 49.0594
146.4 65.3711 4.55772 16.0613 49.0853
146.5 65.3968 4.53193 16.0137 49.1111
146.6 65.4223 4.50622 15.966 49.1368
146.7 65.4477 4.48057 15.9183 49.1624
146.8 65.4729 4.45499 15.8706 49.188
146.9 65.498 4.42948 15.8229 49.2135
147 65.5229 4.40404 15.7752 49.239
147.1 65.5477 4.37867 15.7275 49.2643
147.2 65.5724 4.35336 15.6799 49.2896
147.3 65.5969 4.32813 15.6322 49.3149
147.4 65.6213 4.30296 15.5845 49.34
147.5 65.6455 4.27786 15.5368 49.3651
147.6 65.6695 4.25283 15.4891 49.3902
147.7 65.6934 4.22786 15.4414 49.4151
147.8 65.7172 4.20297 15.3937 49.44
147.9 65.7408 4.17814 15.346 49.4649
148 65.7642 4.15339 15.2983 49.4896
148.1 65.7875 4.1287 15.2506 49.5143
148.2 65.8106 4.10408 15.2029 49.5389
148.3 65.8335 4.07953 15.1552 49.5635
148.4 65.8563 4.05506 15.1075 49.5879
148.5 65.879 4.03065 15.0598 49.6124
148.6 65.9014 4.00631 15.0121 49.6367
148.7 65.9237 3.98203 14.9644 49.661
148.8 65.9458 3.95783 14.9167 49.6852
148.9 65.9678 3.9337 14.869 49.7093
149 65.9896 3.90964 14.8213 49.7334
149.1 66.0112 3.88565 14.7736 49.7574
149.2 66.0326 3.86172 14.7259 49.7813
149.3 66.0538 3.83787 14.6781 49.8051
149.4 66.0749 3.81409 14.6304 49.8289
149.5 66.0958 3.79038 14.5827 49.8526
149.6 66.1165 3.76673 14.535 49.8763
149.7 66.137 3.74316 14.4873 49.8998
149.8 66.1574 3.71966 14.4396 49.9233
149.9 66.1775 3.69623 14.3919 49.9468
150 66.1975 3.67287 14.3441 49.9701
150.1 66.2172 3.64958 14.2964 49.9934
150.2 66.2368 3.62636 14.2487 50.0166
150.3 66.2562 3.60321 14.201 50.0398
150.4 66.2754 3.58013 14.1533 50.0629
150.5 66.2944 3.55712 14.1055 50.0859
150.6 66.3131 3.53419 14.0578 50.1088
150.7 66.3317 3.51132 14.0101 50.1317
150.8 66.3501 3.48853 13.9624 50.1545
150.9 66.3683 3.4658 13.9146 50.1772
151 66.3862 3.44315 13.8669 50.1999
151.1 66.404 3.42057 13.8192 50.2224
151.2 66.4215 3.39806 13.7714 50.2449
151.3 66.4388 3.37562 13.7237 50.2674
151.4 66.4559 3.35325 13.676 50.2897
151.5 66.4728 3.33096 13.6282 50.312
151.6 66.4894 3.30873 13.5805 50.3343
151.7 66.5059 3.28658 13.5328 50.3564
151.8 66.5221 3.2645 13.485 50.3785
151.9 66.538 3.24249 13.4373 50.4005
152 66.5538 3.22055 13.3896 50.4224
152.1 66.5693 3.19869 13.3418 50.4443
152.2 66.5845 3.17689 13.2941 50.4661
152.3 66.5996 3.15517 13.2464 50.4878
152.4 66.6144 3.13352 13.1986 50.5095
152.5 66.6289 3.11194 13.1509 50.5311
152.6 66.6432 3.09044 13.1031 50.5526
152.7 66.6573 3.06901 13.0554 50.574
152.8 66.6711 3.04765 13.0076 50.5954
152.9 66.6846 3.02636 12.9599 50.6166
153 66.6979 3.00514 12.9121 50.6379
153.1 66.7109 2.984 12.8644 50.659
153.2 66.7237 2.96293 12.8167 50.6801
153.3 66.7362 2.94193 12.7689 50.7011
153.4 66.7484 2.92101 12.7212 50.722
153.5 66.7604 2.90015 12.6734 50.7428
153.6 66.7721 2.87938 12.6257 50.7636
153.7 66.7835 2.85867 12.5779 50.7843
153.8 66.7946 2.83804 12.5301 50.805
153.9 66.8054 2.81748 12.4824 50.8255
154 66.816 2.79699 12.4346 50.846
154.1 66.8263 2.77657 12.3869 50.8664
154.2 66.8362 2.75623 12.3391 50.8868
154.3 66.8459 2.73597 12.2914 50.907
154.4 66.8553 2.71577 12.2436 50.9272
154.5 66.8644 2.69565 12.1959 50.9473
154.6 66.8731 2.6756 12.1481 50.9674
154.7 66.8816 2.65563 12.1003 50.9874
154.8 66.8897 2.63573 12.0526 51.0073
154.9 66.8976 2.6159 12.0048 51.0271
155 66.9051 2.59615 11.957 51.0468
155.1 66.9122 2.57647 11.9093 51.0665
155.2 66.9191 2.55687 11.8615 51.0861
155.3 66.9256 2.53734 11.8137 51.1057
155.4 66.9318 2.51788 11.766 51.1251
155.5 66.9377 2.4985 11.7182 51.1445
155.6 66.9432 2.47919 11.6704 51.1638
155.7 66.9483 2.45995 11.6227 51.183
155.8 66.9531 2.44079 11.5749 51.2022
155.9 66.9576 2.42171 11.5271 51.2213
156 66.9617 2.40269 11.4794 51.2403
156.1 66.9654 2.38376 11.4316 51.2592
156.2 66.9687 2.36489 11.3838 51.2781
156.3 66.9717 2.3461 11.3361 51.2969
156.4 66.9743 2.32739 11.2883 51.3156
156.5 66.9765 2.30875 11.2405 51.3342
156.6 66.9784 2.29019 11.1927 51.3528
156.7 66.9798 2.2717 11.145 51.3713
156.8 66.9809 2.25328 11.0972 51.3897
156.9 66.9815 2.23494 11.0494 51.4081
157 66.9818 2.21667 11.0016 51.4263
157.1 66.9816 2.19848 10.9538 51.4445
157.2 66.981 2.18037 10.9061 51.4626
157.3 66.98 2.16233 10.8583 51.4807
157.4 66.9786 2.14436 10.8105 51.4986
157.5 66.9767 2.12647 10.7627 51.5165
157.6 66.9744 2.10866 10.7149 51.5343
157.7 66.9716 2.09092 10.6672 51.5521
157.8 66.9684 2.07325 10.6194 51.5697
157.9 66.9648 2.05566 10.5716 51.5873
158 66.9607 2.03815 10.5238 51.6048
158.1 66.9561 2.02071 10.476 51.6223
158.2 66.951 2.00335 10.4282 51.6397
158.3 66.9455 1.98606 10.3804 51.6569
158.4 66.9395 1.96885 10.3326 51.6741
158.5 66.933 1.95172 10.2849 51.6913
158.6 66.926 1.93466 10.2371 51.7083
158.7 66.9185 1.91767 10.1893 51.7253
158.8 66.9104 1.90076 10.1415 51.7422
158.9 66.9019 1.88393 10.0937 51.7591
159 66.8928 1.86717 10.0459 51.7758
159.1 66.8832 1.85049 9.99811 51.7925
159.2 66.8731 1.83389 9.95032 51.8091
159.3 66.8624 1.81736 9.90253 51.8256
159.4 66.8512 1.80091 9.85473 51.8421
159.5 66.8394 1.78453 9.80694 51.8585
159.6 66.827 1.76824 9.75914 51.8748
159.7 66.8141 1.75201 9.71134 51.891
159.8 66.8006 1.73587 9.66355 51.9071
159.9 66.7865 1.71979 9.61575 51.9232
160 66.7718 1.7038 9.56795 51.9392
160.1 66.7564 1.68788 9.52015 51.9551
160.2 66.7405 1.67204 9.47235 51.971
160.3 66.7239 1.65628 9.42455 51.9867
160.4 66.7067 1.64059 9.37675 52.0024
160.5 66.6888 1.62498 9.32895 52.018
160.6 66.6703 1.60945 9.28114 52.0336
160.7 66.6512 1.59399 9.23334 52.049
160.8 66.6313 1.57861 9.18554 52.0644
160.9 66.6108 1.5633 9.13773 52.0797
161 66.5896 1.54808 9.08993 52.0949
161.1 66.5677 1.53293 9.04212 52.1101
161.2 66.545 1.51786 8.99432 52.1251
161.3 66.5217 1.50286 8.94651 52.1401
161.4 66.4976 1.48794 8.8987 52.1551
161.5 66.4728 1.4731 8.8509 52.1699
161.6 66.4472 1.45834 8.80309 52.1847
161.7 66.4208 1.44365 8.75528 52.1994
161.8 66.3937 1.42904 8.70747 52.214
161.9 66.3657 1.41451 8.65966 52.2285
162 66.337 1.40005 8.61185 52.2429
162.1 66.3075 1.38568 8.56404 52.2573
162.2 66.2771 1.37138 8.51623 52.2716
162.3 66.2459 1.35715 8.46842 52.2858
162.4 66.2138 1.34301 8.4206 52.3
162.5 66.1809 1.32894 8.37279 52.3141
162.6 66.147 1.31495 8.32498 52.328
162.7 66.1123 1.30104 8.27716 52.342
162.8 66.0767 1.28721 8.22935 52.3558
162.9 66.0402 1.27345 8.18153 52.3696
163 66.0027 1.25977 8.13372 52.3832
163.1 65.9642 1.24617 8.0859 52.3968
163.2 65.9248 1.23265 8.03808 52.4104
163.3 65.8844 1.2192 7.99027 52.4238
163.4 65.843 1.20584 7.94245 52.4372
163.5 65.8006 1.19255 7.89463 52.4505
163.6 65.7572 1.17934 7.84681 52.4637
163.7 65.7127 1.1662 7.79899 52.4768
163.8 65.6672 1.15315 7.75117 52.4898
163.9 65.6205 1.14017 7.70335 52.5028
164 65.5728 1.12728 7.65553 52.5157
164.1 65.5239 1.11446 7.60771 52.5285
164.2 65.4739 1.10171 7.55989 52.5413
164.3 65.4227 1.08905 7.51206 52.5539
164.4 65.3704 1.07647 7.46424 52.5665
164.5 65.3168 1.06396 7.41642 52.579
164.6 65.2621 1.05153 7.36859 52.5915
164.7 65.2061 1.03918 7.32077 52.6038
164.8 65.1488 1.02691 7.27294 52.6161
164.9 65.0902 1.01472 7.22512 52.6283
165 65.0304 1.00261 7.17729 52.6404
165.1 64.9692 0.990572 7.12947 52.6524
165.2 64.9066 0.978616 7.08164 52.6644
165.3 64.8427 0.966739 7.03381 52.6763
165.4 64.7773 0.95494 6.98599 52.6881
165.5 64.7105 0.94322 6.93816 52.6998
165.6 64.6423 0.931579 6.89033 52.7114
165.7 64.5726 0.920017 6.8425 52.723
165.8 64.5014 0.908533 6.79467 52.7345
165.9 64.4286 0.897129 6.74684 52.7459
166 64.3543 0.885803 6.69901 52.7572
166.1 64.2784 0.874557 6.65118 52.7684
166.2 64.2009 0.863389 6.60335 52.7796
166.3 64.1217 0.852301 6.55552 52.7907
166.4 64.0408 0.841292 6.50769 52.8017
166.5 63.9582 0.830362 6.45985 52.8126
166.6 63.8738 0.819511 6.41202 52.8235
166.7 63.7877 0.808739 6.36419 52.8343
166.8 63.6997 0.798047 6.31636 52.845
166.9 63.6099 0.787433 6.26852 52.8556
167 63.5182 0.776899 6.22069 52.8661
167.1 63.4246 0.766445 6.17285 52.8766
167.2 63.329 0.75607 6.12502 52.8869
167.3 63.2314 0.745774 6.07718 52.8972
167.4 63.1317 0.735557 6.02935 52.9074
167.5 63.03 0.72542 5.98151 52.9176
167.6 62.9261 0.715363 5.93367 52.9276
167.7 62.8201 0.705385 5.88584 52.9376
167.8 62.7119 0.695487 5.838 52.9475
167.9 62.6014 0.685668 5.79016 52.9573
168 62.4886 0.675929 5.74232 52.9671
168.1 62.3734 0.666269 5.69449 52.9767
168.2 62.2558 0.656689 5.64665 52.9863
168.3 62.1358 0.647189 5.59881 52.9958
168.4 62.0133 0.637769 5.55097 53.0052
168.5 61.8882 0.628428 5.50313 53.0146
168.6 61.7605 0.619167 5.45529 53.0238
168.7 61.6301 0.609986 5.40745 53.033
168.8 61.4971 0.600885 5.35961 53.0421
168.9 61.3612 0.591864 5.31177 53.0511
169 61.2225 0.582922 5.26392 53.0601
169.1 61.0809 0.574061 5.21608 53.0689
169.2 60.9363 0.565279 5.16824 53.0777
169.3 60.7887 0.556578 5.1204 53.0864
169.4 60.638 0.547956 5.07255 53.095
169.5 60.4841 0.539414 5.02471 53.1036
169.6 60.3269 0.530953 4.97687 53.112
169.7 60.1665 0.522572 4.92902 53.1204
169.8 60.0027 0.51427 4.88118 53.1287
169.9 59.8354 0.506049 4.83334 53.137
170 59.6646 0.497908 4.78549 53.1451
170.1 59.4901 0.489847 4.73765 53.1532
170.2 59.3119 0.481867 4.6898 53.1611
170.3 59.13 0.473966 4.64195 53.169
170.4 58.9442 0.466146 4.59411 53.1769
170.5 58.7544 0.458406 4.54626 53.1846
170.6 58.5605 0.450747 4.49842 53.1923
170.7 58.3625 0.443168 4.45057 53.1998
170.8 58.1602 0.435669 4.40272 53.2073
170.9 57.9535 0.42825 4.35487 53.2147
171 57.7424 0.420912 4.30703 53.2221
171.1 57.5268 0.413655 4.25918 53.2293
171.2 57.3064 0.406477 4.21133 53.2365
171.3 57.0813 0.399381 4.16348 53.2436
171.4 56.8513 0.392364 4.11563 53.2506
171.5 56.6162 0.385429 4.06778 53.2576
171.6 56.376 0.378573 4.01994 53.2644
171.7 56.1305 0.371799 3.97209 53.2712
171.8 55.8796 0.365104 3.92424 53.2779
171.9 55.6232 0.358491 3.87639 53.2845
172 55.3611 0.351958 3.82854 53.291
172.1 55.0932 0.345506 3.78069 53.2975
172.2 54.8194 0.339134 3.73284 53.3039
172.3 54.5394 0.332843 3.68498 53.3102
172.4 54.2532 0.326633 3.63713 53.3164
172.5 53.9605 0.320503 3.58928 53.3225
172.6 53.6613 0.314454 3.54143 53.3285
172.7 53.3554 0.308486 3.49358 53.3345
172.8 53.0425 0.302599 3.44573 53.3404
172.9 52.7226 0.296792 3.39787 53.3462
173 52.3954 0.291067 3.35002 53.3519
173.1 52.0608 0.285422 3.30217 53.3576
173.2 51.7185 0.279858 3.25432 53.3631
173.3 51.3685 0.274374 3.20646 53.3686
173.4 51.0104 0.268972 3.15861 53.374
173.5 50.6441 0.26365 3.11076 53.3793
173.6 50.2693 0.25841 3.0629 53.3846
173.7 49.886 0.25325 3.01505 53.3897
173.8 49.4937 0.248171 2.96719 53.3948
173.9 49.0924 0.243173 2.91934 53.3998
174 48.6818 0.238257 2.87149 53.4047
174.1 48.2617 0.233421 2.82363 53.4096
174.2 47.8319 0.228666 2.77578 53.4143
174.3 47.392 0.223992 2.72792 53.419
174.4 46.9419 0.219399 2.68007 53.4236
174.5 46.4813 0.214887 2.63221 53.4281
174.6 46.0099 0.210456 2.58436 53.4325
174.7 45.5276 0.206107 2.5365 53.4369
174.8 45.034 0.201838 2.48864 53.4412
174.9 44.529 0.19765 2.44079 53.4453
175 44.0121 0.193544 2.39293 53.4495
175.1 43.4832 0.189518 2.34508 53.4535
175.2 42.942 0.185574 2.29722 53.4574
175.3 42.3883 0.181711 2.24936 53.4613
175.4 41.8217 0.177929 2.20151 53.4651
175.5 41.242 0.174228 2.15365 53.4688
175.6 40.6489 0.170609 2.10579 53.4724
175.7 40.0422 0.16707 2.05794 53.4759
175.8 39.4216 0.163613 2.01008 53.4794
175.9 38.7869 0.160237 1.96222 53.4828
176 38.1378 0.156942 1.91436 53.4861
176.1 37.474 0.153728 1.86651 53.4893
176.2 36.7953 0.150596 1.81865 53.4924
176.3 36.1015 0.147545 1.77079 53.4955
176.4 35.3924 0.144575 1.72293 53.4984
176.5 34.6677 0.141686 1.67507 53.5013
176.6 33.9273 0.138879 1.62722 53.5041
176.7 33.171 0.136153 1.57936 53.5068
176.8 32.3986 0.133508 1.5315 53.5095
176.9 31.6101 0.130945 1.48364 53.5121
177 30.8052 0.128463 1.43578 53.5145
177.1 29.9839 0.126062 1.38792 53.5169
177.2 29.1462 0.123742 1.34007 53.5193
177.3 28.292 0.121504 1.29221 53.5215
177.4 27.4212 0.119347 1.24435 53.5237
177.5 26.534 0.117271 1.19649 53.5257
177.6 25.6304 0.115277 1.14863 53.5277
177.7 24.7105 0.113364 1.10077 53.5296
177.8 23.7745 0.111533 1.05291 53.5315
177.9 22.8224 0.109783 1.00505 53.5332
178 21.8547 0.108114 0.957194 53.5349
178.1 20.8715 0.106526 0.909334 53.5365
178.2 19.8732 0.10502 0.861475 53.538
178.3 18.8602 0.103596 0.813616 53.5394
178.4 17.8329 0.102252 0.765756 53.5407
178.5 16.7918 0.10099 0.717897 53.542
178.6 15.7374 0.09981 0.670037 53.5432
178.7 14.6703 0.0987109 0.622177 53.5443
178.8 13.5912 0.0976932 0.574318 53.5453
178.9 12.5008 0.0967569 0.526458 53.5462
179 11.3997 0.095902 0.478598 53.5471
179.1 10.2888 0.0951286 0.430739 53.5479
179.2 9.169 0.0944365 0.382879 53.5486
179.3 8.04106 0.0938258 0.335019 53.5492
179.4 6.90595 0.0932966 0.287159 53.5497
179.5 5.76461 0.0928488 0.239299 53.5502
179.6 4.61805 0.0924824 0.19144 53.5505
179.7 3.46726 0.0921974 0.14358 53.5508
179.8 2.31328 0.0919939 0.0957198 53.551
179.9 1.15718 0.0918717 0.0478599 53.5511
180 8.12082e-14 0.091831 3.35819e-15 53.5512
