#kinematics calculation of exex
#vertex z = 250 mm, E_reaction = 55.105 MeV
#theta_cm, theta3_lab, Ek3_lab, theta4_lab, Ek4_lab
0 0 45.7934 0 0.431551
0.1 0.0450955 45.7934 0.464993 0.431585
0.2 0.090191 45.7933 0.929904 0.431689
0.3 0.135287 45.7931 1.39465 0.431862
0.4 0.180382 45.7929 1.85915 0.432104
0.5 0.225477 45.7926 2.32332 0.432415
0.6 0.270573 45.7922 2.78708 0.432795
0.7 0.315668 45.7918 3.25034 0.433244
0.8 0.360764 45.7912 3.71304 0.433762
0.9 0.405859 45.7907 4.17508 0.434349
1 0.450954 45.79 4.63639 0.435005
1.1 0.496049 45.7893 5.09689 0.435731
1.2 0.541144 45.7885 5.5565 0.436525
1.3 0.586239 45.7876 6.01514 0.437389
1.4 0.631334 45.7867 6.47274 0.438321
1.5 0.676429 45.7857 6.92921 0.439323
1.6 0.721524 45.7846 7.3845 0.440394
1.7 0.766618 45.7835 7.83852 0.441534
1.8 0.811713 45.7823 8.2912 0.442743
1.9 0.856807 45.781 8.74247 0.444021
2 0.901901 45.7796 9.19226 0.445368
2.1 0.946995 45.7782 9.6405 0.446784
2.2 0.992089 45.7767 10.0871 0.448269
2.3 1.03718 45.7752 10.5321 0.449823
2.4 1.08228 45.7736 10.9753 0.451446
2.5 1.12737 45.7719 11.4167 0.453138
2.6 1.17246 45.7701 11.8562 0.454899
2.7 1.21756 45.7683 12.2938 0.45673
2.8 1.26265 45.7664 12.7294 0.458629
2.9 1.30774 45.7644 13.163 0.460597
3 1.35283 45.7624 13.5944 0.462634
3.1 1.39793 45.7603 14.0238 0.464741
3.2 1.44302 45.7581 14.4509 0.466916
3.3 1.48811 45.7558 14.8757 0.46916
3.4 1.5332 45.7535 15.2983 0.471473
3.5 1.57829 45.7511 15.7185 0.473855
3.6 1.62338 45.7487 16.1363 0.476307
3.7 1.66847 45.7462 16.5517 0.478827
3.8 1.71356 45.7436 16.9646 0.481416
3.9 1.75865 45.7409 17.375 0.484074
4 1.80374 45.7382 17.7829 0.486801
4.1 1.84883 45.7354 18.1881 0.489596
4.2 1.89392 45.7325 18.5907 0.492461
4.3 1.93901 45.7296 18.9907 0.495395
4.4 1.9841 45.7266 19.388 0.498397
4.5 2.02919 45.7235 19.7825 0.501469
4.6 2.07428 45.7204 20.1744 0.504609
4.7 2.11937 45.7172 20.5634 0.507818
4.8 2.16445 45.7139 20.9497 0.511096
4.9 2.20954 45.7106 21.3331 0.514443
5 2.25463 45.7071 21.7137 0.517859
5.1 2.29971 45.7037 22.0914 0.521343
5.2 2.3448 45.7001 22.4663 0.524897
5.3 2.38989 45.6965 22.8382 0.528519
5.4 2.43497 45.6928 23.2073 0.53221
5.5 2.48006 45.689 23.5734 0.53597
5.6 2.52514 45.6852 23.9366 0.539798
5.7 2.57022 45.6813 24.2968 0.543695
5.8 2.61531 45.6773 24.6541 0.547661
5.9 2.66039 45.6733 25.0085 0.551696
6 2.70547 45.6692 25.3598 0.5558
6.1 2.75056 45.665 25.7082 0.559972
6.2 2.79564 45.6608 26.0536 0.564213
6.3 2.84072 45.6565 26.396 0.568522
6.4 2.8858 45.6521 26.7354 0.5729
6.5 2.93088 45.6477 27.0719 0.577347
6.6 2.97596 45.6431 27.4053 0.581863
6.7 3.02104 45.6386 27.7358 0.586447
6.8 3.06612 45.6339 28.0632 0.5911
6.9 3.1112 45.6292 28.3877 0.595821
7 3.15628 45.6244 28.7092 0.600611
7.1 3.20135 45.6195 29.0278 0.60547
7.2 3.24643 45.6146 29.3434 0.610397
7.3 3.29151 45.6096 29.656 0.615393
7.4 3.33658 45.6045 29.9656 0.620457
7.5 3.38166 45.5994 30.2724 0.62559
7.6 3.42673 45.5942 30.5762 0.630791
7.7 3.47181 45.5889 30.877 0.636061
7.8 3.51688 45.5836 31.175 0.641399
7.9 3.56196 45.5782 31.47 0.646805
8 3.60703 45.5727 31.7622 0.65228
8.1 3.6521 45.5672 32.0514 0.657824
8.2 3.69717 45.5616 32.3379 0.663436
8.3 3.74224 45.5559 32.6214 0.669116
8.4 3.78731 45.5501 32.9021 0.674865
8.5 3.83238 45.5443 33.18 0.680682
8.6 3.87745 45.5384 33.4551 0.686567
8.7 3.92252 45.5325 33.7274 0.69252
8.8 3.96759 45.5265 33.997 0.698542
8.9 4.01266 45.5204 34.2637 0.704633
9 4.05772 45.5142 34.5278 0.710791
9.1 4.10279 45.508 34.7891 0.717018
9.2 4.14786 45.5017 35.0477 0.723313
9.3 4.19292 45.4953 35.3036 0.729676
9.4 4.23798 45.4889 35.5568 0.736107
9.5 4.28305 45.4824 35.8074 0.742607
9.6 4.32811 45.4758 36.0553 0.749174
9.7 4.37317 45.4692 36.3007 0.75581
9.8 4.41823 45.4625 36.5434 0.762514
9.9 4.46329 45.4557 36.7836 0.769286
10 4.50835 45.4489 37.0212 0.776126
10.1 4.55341 45.442 37.2563 0.783034
10.2 4.59847 45.435 37.4888 0.79001
10.3 4.64353 45.4279 37.7189 0.797054
10.4 4.68859 45.4208 37.9465 0.804166
10.5 4.73364 45.4137 38.1716 0.811346
10.6 4.7787 45.4064 38.3943 0.818593
10.7 4.82375 45.3991 38.6146 0.825909
10.8 4.86881 45.3917 38.8325 0.833293
10.9 4.91386 45.3843 39.048 0.840744
11 4.95891 45.3767 39.2611 0.848264
11.1 5.00396 45.3691 39.4719 0.855851
11.2 5.04901 45.3615 39.6804 0.863506
11.3 5.09406 45.3538 39.8867 0.871229
11.4 5.13911 45.346 40.0906 0.879019
11.5 5.18416 45.3381 40.2923 0.886878
11.6 5.22921 45.3302 40.4918 0.894804
11.7 5.27426 45.3222 40.689 0.902797
11.8 5.3193 45.3141 40.8841 0.910859
11.9 5.36435 45.306 41.077 0.918988
12 5.40939 45.2978 41.2677 0.927184
12.1 5.45443 45.2896 41.4563 0.935448
12.2 5.49947 45.2812 41.6429 0.94378
12.3 5.54452 45.2728 41.8273 0.952179
12.4 5.58956 45.2644 42.0096 0.960646
12.5 5.6346 45.2558 42.1899 0.96918
12.6 5.67963 45.2472 42.3682 0.977782
12.7 5.72467 45.2385 42.5445 0.986451
12.8 5.76971 45.2298 42.7188 0.995187
12.9 5.81475 45.221 42.8911 1.00399
13 5.85978 45.2121 43.0615 1.01286
13.1 5.90481 45.2032 43.2299 1.0218
13.2 5.94985 45.1942 43.3964 1.03081
13.3 5.99488 45.1851 43.5611 1.03988
13.4 6.03991 45.176 43.7239 1.04902
13.5 6.08494 45.1668 43.8848 1.05823
13.6 6.12997 45.1575 44.0438 1.0675
13.7 6.175 45.1482 44.2011 1.07684
13.8 6.22002 45.1387 44.3566 1.08625
13.9 6.26505 45.1293 44.5103 1.09573
14 6.31008 45.1197 44.6622 1.10527
14.1 6.3551 45.1101 44.8124 1.11488
14.2 6.40012 45.1004 44.9608 1.12456
14.3 6.44514 45.0907 45.1076 1.1343
14.4 6.49017 45.0809 45.2527 1.14411
14.5 6.53519 45.071 45.3961 1.15399
14.6 6.5802 45.0611 45.5378 1.16394
14.7 6.62522 45.0511 45.6779 1.17395
14.8 6.67024 45.041 45.8164 1.18403
14.9 6.71525 45.0308 45.9533 1.19417
15 6.76027 45.0206 46.0885 1.20439
15.1 6.80528 45.0103 46.2223 1.21466
15.2 6.85029 45 46.3544 1.22501
15.3 6.89531 44.9896 46.4851 1.23542
15.4 6.94032 44.9791 46.6142 1.2459
15.5 6.98532 44.9686 46.7418 1.25645
15.6 7.03033 44.9579 46.8679 1.26706
15.7 7.07534 44.9473 46.9925 1.27774
15.8 7.12034 44.9365 47.1157 1.28848
15.9 7.16535 44.9257 47.2375 1.29929
16 7.21035 44.9148 47.3578 1.31017
16.1 7.25535 44.9039 47.4767 1.32112
16.2 7.30035 44.8929 47.5942 1.33213
16.3 7.34535 44.8818 47.7103 1.34321
16.4 7.39035 44.8707 47.825 1.35435
16.5 7.43535 44.8594 47.9384 1.36556
16.6 7.48035 44.8482 48.0505 1.37683
16.7 7.52534 44.8368 48.1612 1.38818
16.8 7.57033 44.8254 48.2706 1.39959
16.9 7.61533 44.8139 48.3788 1.41106
17 7.66032 44.8024 48.4856 1.4226
17.1 7.70531 44.7908 48.5912 1.43421
17.2 7.75029 44.7791 48.6955 1.44588
17.3 7.79528 44.7674 48.7985 1.45762
17.4 7.84027 44.7556 48.9003 1.46942
17.5 7.88525 44.7437 49.001 1.48129
17.6 7.93024 44.7318 49.1004 1.49323
17.7 7.97522 44.7198 49.1986 1.50523
17.8 8.0202 44.7077 49.2956 1.5173
17.9 8.06518 44.6956 49.3915 1.52944
18 8.11016 44.6834 49.4862 1.54164
18.1 8.15513 44.6711 49.5797 1.5539
18.2 8.20011 44.6588 49.6722 1.56623
18.3 8.24508 44.6464 49.7635 1.57863
18.4 8.29006 44.6339 49.8537 1.59109
18.5 8.33503 44.6214 49.9428 1.60362
18.6 8.38 44.6088 50.0308 1.61621
18.7 8.42497 44.5961 50.1177 1.62887
18.8 8.46993 44.5834 50.2036 1.6416
18.9 8.5149 44.5706 50.2885 1.65439
19 8.55986 44.5578 50.3722 1.66724
19.1 8.60483 44.5448 50.455 1.68016
19.2 8.64979 44.5319 50.5367 1.69315
19.3 8.69475 44.5188 50.6175 1.7062
19.4 8.73971 44.5057 50.6972 1.71931
19.5 8.78466 44.4925 50.7759 1.7325
19.6 8.82962 44.4793 50.8537 1.74574
19.7 8.87457 44.4659 50.9305 1.75905
19.8 8.91953 44.4526 51.0063 1.77243
19.9 8.96448 44.4391 51.0812 1.78587
20 9.00943 44.4256 51.1552 1.79938
20.1 9.05438 44.412 51.2282 1.81295
20.2 9.09932 44.3984 51.3003 1.82659
20.3 9.14427 44.3847 51.3715 1.84029
20.4 9.18921 44.3709 51.4417 1.85405
20.5 9.23415 44.3571 51.5111 1.86789
20.6 9.27909 44.3432 51.5796 1.88178
20.7 9.32403 44.3293 51.6473 1.89574
20.8 9.36897 44.3152 51.714 1.90977
20.9 9.41391 44.3011 51.78 1.92386
21 9.45884 44.287 51.845 1.93801
21.1 9.50378 44.2728 51.9092 1.95223
21.2 9.54871 44.2585 51.9726 1.96651
21.3 9.59364 44.2441 52.0352 1.98086
21.4 9.63856 44.2297 52.097 1.99527
21.5 9.68349 44.2153 52.1579 2.00975
21.6 9.72842 44.2007 52.2181 2.02429
21.7 9.77334 44.1861 52.2774 2.03889
21.8 9.81826 44.1714 52.336 2.05356
21.9 9.86318 44.1567 52.3938 2.06829
22 9.9081 44.1419 52.4509 2.08309
22.1 9.95302 44.127 52.5071 2.09795
22.2 9.99793 44.1121 52.5627 2.11288
22.3 10.0428 44.0971 52.6174 2.12787
22.4 10.0878 44.0821 52.6715 2.14292
22.5 10.1327 44.067 52.7248 2.15804
22.6 10.1776 44.0518 52.7774 2.17322
22.7 10.2225 44.0365 52.8293 2.18846
22.8 10.2674 44.0212 52.8804 2.20377
22.9 10.3123 44.0059 52.9309 2.21914
23 10.3572 43.9904 52.9807 2.23458
23.1 10.4021 43.9749 53.0298 2.25008
23.2 10.447 43.9594 53.0782 2.26564
23.3 10.4919 43.9437 53.1259 2.28126
23.4 10.5368 43.928 53.1729 2.29695
23.5 10.5817 43.9123 53.2193 2.31271
23.6 10.6266 43.8965 53.2651 2.32852
23.7 10.6715 43.8806 53.3101 2.3444
23.8 10.7163 43.8647 53.3546 2.36035
23.9 10.7612 43.8486 53.3984 2.37635
24 10.8061 43.8326 53.4416 2.39242
24.1 10.851 43.8164 53.4841 2.40855
24.2 10.8959 43.8002 53.526 2.42475
24.3 10.9407 43.784 53.5674 2.44101
24.4 10.9856 43.7677 53.6081 2.45733
24.5 11.0305 43.7513 53.6482 2.47371
24.6 11.0754 43.7348 53.6877 2.49016
24.7 11.1202 43.7183 53.7266 2.50667
24.8 11.1651 43.7018 53.7649 2.52325
24.9 11.21 43.6851 53.8027 2.53988
25 11.2548 43.6684 53.8399 2.55658
25.1 11.2997 43.6517 53.8765 2.57334
25.2 11.3446 43.6348 53.9125 2.59016
25.3 11.3894 43.618 53.948 2.60705
25.4 11.4343 43.601 53.983 2.624
25.5 11.4791 43.584 54.0174 2.64101
25.6 11.524 43.5669 54.0512 2.65808
25.7 11.5688 43.5498 54.0845 2.67522
25.8 11.6137 43.5326 54.1173 2.69242
25.9 11.6585 43.5153 54.1495 2.70968
26 11.7034 43.498 54.1813 2.727
26.1 11.7482 43.4806 54.2125 2.74438
26.2 11.7931 43.4632 54.2432 2.76183
26.3 11.8379 43.4457 54.2733 2.77934
26.4 11.8827 43.4281 54.303 2.79691
26.5 11.9276 43.4105 54.3322 2.81454
26.6 11.9724 43.3928 54.3609 2.83223
26.7 12.0172 43.375 54.3891 2.84999
26.8 12.0621 43.3572 54.4168 2.86781
26.9 12.1069 43.3393 54.444 2.88569
27 12.1517 43.3214 54.4707 2.90363
27.1 12.1966 43.3034 54.497 2.92163
27.2 12.2414 43.2853 54.5228 2.93969
27.3 12.2862 43.2672 54.5481 2.95782
27.4 12.331 43.249 54.573 2.976
27.5 12.3758 43.2307 54.5974 2.99425
27.6 12.4206 43.2124 54.6214 3.01256
27.7 12.4654 43.1941 54.6449 3.03093
27.8 12.5103 43.1756 54.668 3.04936
27.9 12.5551 43.1571 54.6906 3.06786
28 12.5999 43.1386 54.7128 3.08641
28.1 12.6447 43.12 54.7345 3.10503
28.2 12.6895 43.1013 54.7559 3.1237
28.3 12.7343 43.0826 54.7768 3.14244
28.4 12.7791 43.0638 54.7972 3.16124
28.5 12.8239 43.0449 54.8173 3.18009
28.6 12.8686 43.026 54.8369 3.19901
28.7 12.9134 43.007 54.8562 3.21799
28.8 12.9582 42.988 54.875 3.23703
28.9 13.003 42.9689 54.8934 3.25613
29 13.0478 42.9497 54.9114 3.27529
29.1 13.0926 42.9305 54.9291 3.29452
29.2 13.1373 42.9112 54.9463 3.3138
29.3 13.1821 42.8919 54.9631 3.33314
29.4 13.2269 42.8725 54.9796 3.35254
29.5 13.2717 42.853 54.9956 3.37201
29.6 13.3164 42.8335 55.0113 3.39153
29.7 13.3612 42.8139 55.0266 3.41111
29.8 13.406 42.7942 55.0415 3.43076
29.9 13.4507 42.7745 55.0561 3.45046
30 13.4955 42.7548 55.0703 3.47022
30.1 13.5402 42.735 55.0841 3.49004
30.2 13.585 42.7151 55.0976 3.50993
30.3 13.6297 42.6951 55.1107 3.52987
30.4 13.6745 42.6751 55.1234 3.54987
30.5 13.7192 42.6551 55.1358 3.56993
30.6 13.764 42.6349 55.1479 3.59005
30.7 13.8087 42.6148 55.1596 3.61023
30.8 13.8535 42.5945 55.1709 3.63047
30.9 13.8982 42.5742 55.1819 3.65077
31 13.9429 42.5539 55.1926 3.67113
31.1 13.9877 42.5335 55.2029 3.69155
31.2 14.0324 42.513 55.2129 3.71203
31.3 14.0771 42.4924 55.2226 3.73256
31.4 14.1218 42.4718 55.232 3.75316
31.5 14.1666 42.4512 55.241 3.77381
31.6 14.2113 42.4305 55.2497 3.79452
31.7 14.256 42.4097 55.258 3.8153
31.8 14.3007 42.3889 55.2661 3.83613
31.9 14.3454 42.368 55.2738 3.85702
32 14.3901 42.347 55.2813 3.87796
32.1 14.4348 42.326 55.2884 3.89897
32.2 14.4795 42.305 55.2952 3.92004
32.3 14.5242 42.2838 55.3017 3.94116
32.4 14.5689 42.2627 55.3079 3.96234
32.5 14.6136 42.2414 55.3138 3.98358
32.6 14.6583 42.2201 55.3194 4.00488
32.7 14.703 42.1988 55.3247 4.02624
32.8 14.7477 42.1773 55.3298 4.04765
32.9 14.7924 42.1559 55.3345 4.06912
33 14.8371 42.1343 55.3389 4.09066
33.1 14.8818 42.1128 55.3431 4.11224
33.2 14.9264 42.0911 55.3469 4.13389
33.3 14.9711 42.0694 55.3505 4.1556
33.4 15.0158 42.0476 55.3538 4.17736
33.5 15.0605 42.0258 55.3569 4.19918
33.6 15.1051 42.0039 55.3596 4.22106
33.7 15.1498 41.982 55.3621 4.24299
33.8 15.1945 41.96 55.3643 4.26498
33.9 15.2391 41.938 55.3662 4.28703
34 15.2838 41.9159 55.3679 4.30914
34.1 15.3284 41.8937 55.3693 4.33131
34.2 15.3731 41.8715 55.3705 4.35353
34.3 15.4177 41.8492 55.3714 4.37581
34.4 15.4624 41.8269 55.372 4.39814
34.5 15.507 41.8045 55.3723 4.42054
34.6 15.5517 41.782 55.3725 4.44299
34.7 15.5963 41.7595 55.3723 4.46549
34.8 15.6409 41.7369 55.3719 4.48806
34.9 15.6856 41.7143 55.3713 4.51068
35 15.7302 41.6916 55.3704 4.53335
35.1 15.7748 41.6689 55.3693 4.55609
35.2 15.8194 41.6461 55.3679 4.57888
35.3 15.8641 41.6233 55.3663 4.60172
35.4 15.9087 41.6004 55.3644 4.62463
35.5 15.9533 41.5774 55.3623 4.64759
35.6 15.9979 41.5544 55.36 4.6706
35.7 16.0425 41.5313 55.3574 4.69367
35.8 16.0871 41.5082 55.3546 4.7168
35.9 16.1317 41.485 55.3516 4.73999
36 16.1763 41.4618 55.3483 4.76323
36.1 16.2209 41.4385 55.3448 4.78652
36.2 16.2655 41.4151 55.3411 4.80987
36.3 16.3101 41.3917 55.3372 4.83328
36.4 16.3547 41.3683 55.333 4.85674
36.5 16.3993 41.3447 55.3286 4.88026
36.6 16.4438 41.3212 55.324 4.90384
36.7 16.4884 41.2975 55.3192 4.92747
36.8 16.533 41.2738 55.3141 4.95115
36.9 16.5776 41.2501 55.3089 4.97489
37 16.6221 41.2263 55.3034 4.99869
37.1 16.6667 41.2025 55.2977 5.02254
37.2 16.7113 41.1786 55.2919 5.04645
37.3 16.7558 41.1546 55.2858 5.07041
37.4 16.8004 41.1306 55.2795 5.09442
37.5 16.8449 41.1065 55.2729 5.11849
37.6 16.8895 41.0824 55.2662 5.14262
37.7 16.934 41.0582 55.2593 5.1668
37.8 16.9786 41.034 55.2522 5.19103
37.9 17.0231 41.0097 55.2449 5.21532
38 17.0677 40.9853 55.2373 5.23967
38.1 17.1122 40.9609 55.2296 5.26407
38.2 17.1567 40.9365 55.2217 5.28852
38.3 17.2013 40.912 55.2136 5.31303
38.4 17.2458 40.8874 55.2053 5.33759
38.5 17.2903 40.8628 55.1968 5.3622
38.6 17.3348 40.8381 55.1881 5.38687
38.7 17.3793 40.8134 55.1793 5.4116
38.8 17.4239 40.7886 55.1702 5.43638
38.9 17.4684 40.7638 55.161 5.46121
39 17.5129 40.7389 55.1515 5.48609
39.1 17.5574 40.714 55.1419 5.51103
39.2 17.6019 40.689 55.1321 5.53602
39.3 17.6464 40.6639 55.1221 5.56107
39.4 17.6909 40.6388 55.112 5.58617
39.5 17.7354 40.6137 55.1016 5.61132
39.6 17.7798 40.5885 55.0911 5.63653
39.7 17.8243 40.5632 55.0804 5.66179
39.8 17.8688 40.5379 55.0696 5.6871
39.9 17.9133 40.5125 55.0585 5.71247
40 17.9578 40.4871 55.0473 5.73788
40.1 18.0022 40.4616 55.0359 5.76336
40.2 18.0467 40.4361 55.0244 5.78888
40.3 18.0912 40.4105 55.0126 5.81446
40.4 18.1356 40.3849 55.0007 5.84009
40.5 18.1801 40.3592 54.9887 5.86577
40.6 18.2245 40.3335 54.9764 5.89151
40.7 18.269 40.3077 54.964 5.91729
40.8 18.3134 40.2819 54.9515 5.94313
40.9 18.3579 40.256 54.9388 5.96903
41 18.4023 40.23 54.9259 5.99497
41.1 18.4467 40.204 54.9128 6.02097
41.2 18.4912 40.178 54.8996 6.04702
41.3 18.5356 40.1519 54.8863 6.07312
41.4 18.58 40.1257 54.8728 6.09927
41.5 18.6244 40.0995 54.8591 6.12547
41.6 18.6689 40.0733 54.8453 6.15173
41.7 18.7133 40.047 54.8313 6.17804
41.8 18.7577 40.0206 54.8171 6.2044
41.9 18.8021 39.9942 54.8029 6.23081
42 18.8465 39.9677 54.7884 6.25727
42.1 18.8909 39.9412 54.7738 6.28378
42.2 18.9353 39.9147 54.7591 6.31035
42.3 18.9797 39.888 54.7442 6.33696
42.4 19.0241 39.8614 54.7292 6.36363
42.5 19.0684 39.8346 54.714 6.39035
42.6 19.1128 39.8079 54.6987 6.41712
42.7 19.1572 39.7811 54.6832 6.44394
42.8 19.2016 39.7542 54.6676 6.47081
42.9 19.2459 39.7273 54.6518 6.49773
43 19.2903 39.7003 54.6359 6.5247
43.1 19.3347 39.6733 54.6199 6.55173
43.2 19.379 39.6462 54.6037 6.5788
43.3 19.4234 39.6191 54.5874 6.60592
43.4 19.4677 39.5919 54.5709 6.6331
43.5 19.5121 39.5647 54.5543 6.66032
43.6 19.5564 39.5374 54.5376 6.68759
43.7 19.6008 39.5101 54.5207 6.71492
43.8 19.6451 39.4827 54.5037 6.74229
43.9 19.6894 39.4553 54.4866 6.76972
44 19.7338 39.4278 54.4693 6.79719
44.1 19.7781 39.4003 54.4519 6.82471
44.2 19.8224 39.3727 54.4344 6.85229
44.3 19.8667 39.3451 54.4167 6.87991
44.4 19.911 39.3174 54.3989 6.90758
44.5 19.9553 39.2897 54.381 6.9353
44.6 19.9997 39.2619 54.3629 6.96307
44.7 20.044 39.2341 54.3448 6.99089
44.8 20.0883 39.2062 54.3265 7.01876
44.9 20.1325 39.1783 54.308 7.04668
45 20.1768 39.1504 54.2895 7.07465
45.1 20.2211 39.1223 54.2708 7.10266
45.2 20.2654 39.0943 54.252 7.13073
45.3 20.3097 39.0662 54.2331 7.15884
45.4 20.3539 39.038 54.214 7.187
45.5 20.3982 39.0098 54.1949 7.21521
45.6 20.4425 38.9815 54.1756 7.24347
45.7 20.4867 38.9532 54.1562 7.27178
45.8 20.531 38.9249 54.1366 7.30013
45.9 20.5752 38.8965 54.117 7.32854
46 20.6195 38.868 54.0972 7.35699
46.1 20.6637 38.8395 54.0773 7.38549
46.2 20.708 38.811 54.0573 7.41404
46.3 20.7522 38.7824 54.0372 7.44263
46.4 20.7964 38.7537 54.017 7.47127
46.5 20.8407 38.725 53.9967 7.49996
46.6 20.8849 38.6963 53.9762 7.5287
46.7 20.9291 38.6675 53.9556 7.55749
46.8 20.9733 38.6387 53.935 7.58632
46.9 21.0175 38.6098 53.9142 7.6152
47 21.0618 38.5809 53.8933 7.64413
47.1 21.106 38.5519 53.8722 7.6731
47.2 21.1502 38.5229 53.8511 7.70213
47.3 21.1943 38.4938 53.8299 7.7312
47.4 21.2385 38.4647 53.8086 7.76031
47.5 21.2827 38.4355 53.7871 7.78947
47.6 21.3269 38.4063 53.7656 7.81868
47.7 21.3711 38.3771 53.7439 7.84794
47.8 21.4152 38.3478 53.7221 7.87724
47.9 21.4594 38.3184 53.7003 7.90659
48 21.5036 38.289 53.6783 7.93598
48.1 21.5477 38.2596 53.6562 7.96542
48.2 21.5919 38.2301 53.634 7.99491
48.3 21.636 38.2006 53.6118 8.02444
48.4 21.6802 38.171 53.5894 8.05402
48.5 21.7243 38.1414 53.5669 8.08365
48.6 21.7685 38.1117 53.5443 8.11332
48.7 21.8126 38.082 53.5216 8.14304
48.8 21.8567 38.0522 53.4988 8.1728
48.9 21.9008 38.0224 53.4759 8.20261
49 21.945 37.9925 53.453 8.23246
49.1 21.9891 37.9626 53.4299 8.26236
49.2 22.0332 37.9327 53.4067 8.2923
49.3 22.0773 37.9027 53.3834 8.32229
49.4 22.1214 37.8727 53.36 8.35232
49.5 22.1655 37.8426 53.3366 8.3824
49.6 22.2096 37.8125 53.313 8.41253
49.7 22.2537 37.7823 53.2893 8.44269
49.8 22.2977 37.7521 53.2656 8.47291
49.9 22.3418 37.7218 53.2418 8.50316
50 22.3859 37.6915 53.2178 8.53347
50.1 22.43 37.6612 53.1938 8.56381
50.2 22.474 37.6308 53.1697 8.5942
50.3 22.5181 37.6004 53.1454 8.62464
50.4 22.5621 37.5699 53.1211 8.65512
50.5 22.6062 37.5394 53.0967 8.68564
50.6 22.6502 37.5088 53.0723 8.71621
50.7 22.6943 37.4782 53.0477 8.74682
50.8 22.7383 37.4475 53.023 8.77748
50.9 22.7823 37.4168 52.9983 8.80817
51 22.8264 37.3861 52.9734 8.83892
51.1 22.8704 37.3553 52.9485 8.8697
51.2 22.9144 37.3245 52.9235 8.90053
51.3 22.9584 37.2936 52.8984 8.9314
51.4 23.0024 37.2627 52.8732 8.96232
51.5 23.0464 37.2317 52.8479 8.99328
51.6 23.0904 37.2007 52.8226 9.02428
51.7 23.1344 37.1697 52.7971 9.05532
51.8 23.1784 37.1386 52.7716 9.08641
51.9 23.2224 37.1075 52.746 9.11754
52 23.2663 37.0763 52.7203 9.14871
52.1 23.3103 37.0451 52.6945 9.17993
52.2 23.3543 37.0138 52.6686 9.21119
52.3 23.3982 36.9825 52.6427 9.24249
52.4 23.4422 36.9512 52.6167 9.27383
52.5 23.4862 36.9198 52.5906 9.30521
52.6 23.5301 36.8884 52.5644 9.33664
52.7 23.574 36.8569 52.5381 9.36811
52.8 23.618 36.8254 52.5118 9.39962
52.9 23.6619 36.7938 52.4854 9.43117
53 23.7058 36.7622 52.4589 9.46276
53.1 23.7498 36.7306 52.4323 9.4944
53.2 23.7937 36.6989 52.4056 9.52608
53.3 23.8376 36.6672 52.3789 9.55779
53.4 23.8815 36.6354 52.3521 9.58955
53.5 23.9254 36.6036 52.3252 9.62135
53.6 23.9693 36.5718 52.2982 9.6532
53.7 24.0132 36.5399 52.2712 9.68508
53.8 24.0571 36.508 52.2441 9.717
53.9 24.1009 36.476 52.2169 9.74897
54 24.1448 36.444 52.1896 9.78097
54.1 24.1887 36.412 52.1623 9.81302
54.2 24.2325 36.3799 52.1348 9.8451
54.3 24.2764 36.3478 52.1073 9.87723
54.4 24.3203 36.3156 52.0798 9.9094
54.5 24.3641 36.2834 52.0522 9.94161
54.6 24.4079 36.2511 52.0244 9.97385
54.7 24.4518 36.2189 51.9967 10.0061
54.8 24.4956 36.1865 51.9688 10.0385
54.9 24.5394 36.1542 51.9409 10.0708
55 24.5833 36.1218 51.9129 10.1032
55.1 24.6271 36.0893 51.8848 10.1357
55.2 24.6709 36.0568 51.8567 10.1682
55.3 24.7147 36.0243 51.8285 10.2007
55.4 24.7585 35.9917 51.8002 10.2333
55.5 24.8023 35.9591 51.7719 10.2659
55.6 24.8461 35.9265 51.7435 10.2985
55.7 24.8898 35.8938 51.715 10.3312
55.8 24.9336 35.8611 51.6864 10.3639
55.9 24.9774 35.8283 51.6578 10.3967
56 25.0212 35.7955 51.6291 10.4295
56.1 25.0649 35.7627 51.6004 10.4623
56.2 25.1087 35.7298 51.5716 10.4952
56.3 25.1524 35.6969 51.5427 10.5281
56.4 25.1962 35.6639 51.5137 10.5611
56.5 25.2399 35.631 51.4847 10.594
56.6 25.2836 35.5979 51.4556 10.6271
56.7 25.3273 35.5649 51.4265 10.6601
56.8 25.3711 35.5318 51.3973 10.6932
56.9 25.4148 35.4986 51.368 10.7264
57 25.4585 35.4654 51.3387 10.7596
57.1 25.5022 35.4322 51.3093 10.7928
57.2 25.5459 35.399 51.2798 10.826
57.3 25.5896 35.3657 51.2503 10.8593
57.4 25.6333 35.3323 51.2207 10.8927
57.5 25.6769 35.299 51.191 10.926
57.6 25.7206 35.2656 51.1613 10.9594
57.7 25.7643 35.2321 51.1316 10.9929
57.8 25.8079 35.1986 51.1017 11.0264
57.9 25.8516 35.1651 51.0718 11.0599
58 25.8952 35.1316 51.0419 11.0934
58.1 25.9389 35.098 51.0118 11.127
58.2 25.9825 35.0644 50.9818 11.1606
58.3 26.0262 35.0307 50.9516 11.1943
58.4 26.0698 34.997 50.9214 11.228
58.5 26.1134 34.9633 50.8912 11.2617
58.6 26.157 34.9295 50.8608 11.2955
58.7 26.2006 34.8957 50.8305 11.3293
58.8 26.2442 34.8618 50.8 11.3632
58.9 26.2878 34.828 50.7695 11.397
59 26.3314 34.7941 50.739 11.4309
59.1 26.375 34.7601 50.7084 11.4649
59.2 26.4186 34.7261 50.6777 11.4989
59.3 26.4621 34.6921 50.647 11.5329
59.4 26.5057 34.658 50.6162 11.567
59.5 26.5493 34.624 50.5854 11.601
59.6 26.5928 34.5898 50.5545 11.6352
59.7 26.6364 34.5557 50.5235 11.6693
59.8 26.6799 34.5215 50.4925 11.7035
59.9 26.7234 34.4872 50.4614 11.7378
60 26.767 34.453 50.4303 11.772
60.1 26.8105 34.4187 50.3992 11.8063
60.2 26.854 34.3843 50.3679 11.8407
60.3 26.8975 34.35 50.3367 11.875
60.4 26.941 34.3156 50.3053 11.9094
60.5 26.9845 34.2811 50.2739 11.9439
60.6 27.028 34.2467 50.2425 11.9783
60.7 27.0715 34.2122 50.211 12.0128
60.8 27.1149 34.1776 50.1794 12.0474
60.9 27.1584 34.143 50.1478 12.082
61 27.2019 34.1084 50.1162 12.1166
61.1 27.2453 34.0738 50.0845 12.1512
61.2 27.2888 34.0391 50.0527 12.1859
61.3 27.3322 34.0044 50.0209 12.2206
61.4 27.3756 33.9697 49.9891 12.2553
61.5 27.4191 33.9349 49.9571 12.2901
61.6 27.4625 33.9001 49.9252 12.3249
61.7 27.5059 33.8653 49.8932 12.3597
61.8 27.5493 33.8304 49.8611 12.3946
61.9 27.5927 33.7955 49.829 12.4295
62 27.6361 33.7606 49.7968 12.4644
62.1 27.6795 33.7256 49.7646 12.4994
62.2 27.7229 33.6906 49.7323 12.5344
62.3 27.7663 33.6556 49.7 12.5694
62.4 27.8096 33.6205 49.6677 12.6045
62.5 27.853 33.5854 49.6352 12.6396
62.6 27.8964 33.5503 49.6028 12.6747
62.7 27.9397 33.5151 49.5703 12.7099
62.8 27.983 33.4799 49.5377 12.7451
62.9 28.0264 33.4447 49.5051 12.7803
63 28.0697 33.4094 49.4724 12.8156
63.1 28.113 33.3741 49.4397 12.8509
63.2 28.1563 33.3388 49.407 12.8862
63.3 28.1996 33.3035 49.3742 12.9215
63.4 28.2429 33.2681 49.3414 12.9569
63.5 28.2862 33.2327 49.3085 12.9923
63.6 28.3295 33.1972 49.2755 13.0278
63.7 28.3728 33.1618 49.2425 13.0632
63.8 28.4161 33.1263 49.2095 13.0987
63.9 28.4593 33.0907 49.1764 13.1343
64 28.5026 33.0552 49.1433 13.1698
64.1 28.5458 33.0196 49.1101 13.2054
64.2 28.5891 32.984 49.0769 13.241
64.3 28.6323 32.9483 49.0437 13.2767
64.4 28.6756 32.9126 49.0104 13.3124
64.5 28.7188 32.8769 48.977 13.3481
64.6 28.762 32.8412 48.9436 13.3838
64.7 28.8052 32.8054 48.9102 13.4196
64.8 28.8484 32.7696 48.8767 13.4554
64.9 28.8916 32.7337 48.8432 13.4913
65 28.9348 32.6979 48.8096 13.5271
65.1 28.9779 32.662 48.776 13.563
65.2 29.0211 32.6261 48.7424 13.5989
65.3 29.0643 32.5901 48.7087 13.6349
65.4 29.1074 32.5541 48.6749 13.6709
65.5 29.1506 32.5181 48.6411 13.7069
65.6 29.1937 32.4821 48.6073 13.7429
65.7 29.2369 32.446 48.5734 13.779
65.8 29.28 32.4099 48.5395 13.8151
65.9 29.3231 32.3738 48.5056 13.8512
66 29.3662 32.3377 48.4716 13.8873
66.1 29.4093 32.3015 48.4375 13.9235
66.2 29.4524 32.2653 48.4035 13.9597
66.3 29.4955 32.2291 48.3693 13.9959
66.4 29.5386 32.1928 48.3352 14.0322
66.5 29.5816 32.1565 48.301 14.0685
66.6 29.6247 32.1202 48.2667 14.1048
66.7 29.6678 32.0838 48.2325 14.1412
66.8 29.7108 32.0475 48.1981 14.1775
66.9 29.7538 32.0111 48.1638 14.2139
67 29.7969 31.9747 48.1294 14.2503
67.1 29.8399 31.9382 48.0949 14.2868
67.2 29.8829 31.9017 48.0605 14.3233
67.3 29.9259 31.8652 48.0259 14.3598
67.4 29.9689 31.8287 47.9914 14.3963
67.5 30.0119 31.7921 47.9568 14.4329
67.6 30.0549 31.7555 47.9221 14.4695
67.7 30.0979 31.7189 47.8875 14.5061
67.8 30.1409 31.6823 47.8527 14.5427
67.9 30.1838 31.6456 47.818 14.5794
68 30.2268 31.6089 47.7832 14.6161
68.1 30.2697 31.5722 47.7484 14.6528
68.2 30.3126 31.5355 47.7135 14.6895
68.3 30.3556 31.4987 47.6786 14.7263
68.4 30.3985 31.4619 47.6436 14.7631
68.5 30.4414 31.4251 47.6087 14.7999
68.6 30.4843 31.3883 47.5736 14.8367
68.7 30.5272 31.3514 47.5386 14.8736
68.8 30.5701 31.3145 47.5035 14.9105
68.9 30.613 31.2776 47.4684 14.9474
69 30.6558 31.2406 47.4332 14.9844
69.1 30.6987 31.2037 47.398 15.0213
69.2 30.7416 31.1667 47.3628 15.0583
69.3 30.7844 31.1296 47.3275 15.0954
69.4 30.8273 31.0926 47.2922 15.1324
69.5 30.8701 31.0555 47.2568 15.1695
69.6 30.9129 31.0184 47.2214 15.2066
69.7 30.9557 30.9813 47.186 15.2437
69.8 30.9985 30.9442 47.1506 15.2808
69.9 31.0413 30.907 47.1151 15.318
70 31.0841 30.8698 47.0796 15.3552
70.1 31.1269 30.8326 47.044 15.3924
70.2 31.1696 30.7954 47.0084 15.4296
70.3 31.2124 30.7581 46.9728 15.4669
70.4 31.2552 30.7209 46.9371 15.5041
70.5 31.2979 30.6836 46.9014 15.5414
70.6 31.3406 30.6462 46.8657 15.5788
70.7 31.3834 30.6089 46.8299 15.6161
70.8 31.4261 30.5715 46.7941 15.6535
70.9 31.4688 30.5341 46.7583 15.6909
71 31.5115 30.4967 46.7224 15.7283
71.1 31.5542 30.4593 46.6865 15.7657
71.2 31.5969 30.4218 46.6506 15.8032
71.3 31.6395 30.3843 46.6146 15.8407
71.4 31.6822 30.3468 46.5786 15.8782
71.5 31.7249 30.3093 46.5426 15.9157
71.6 31.7675 30.2717 46.5065 15.9533
71.7 31.8101 30.2341 46.4704 15.9909
71.8 31.8528 30.1966 46.4343 16.0284
71.9 31.8954 30.1589 46.3981 16.0661
72 31.938 30.1213 46.3619 16.1037
72.1 31.9806 30.0836 46.3257 16.1414
72.2 32.0232 30.046 46.2894 16.179
72.3 32.0658 30.0083 46.2531 16.2167
72.4 32.1083 29.9705 46.2168 16.2545
72.5 32.1509 29.9328 46.1805 16.2922
72.6 32.1935 29.895 46.1441 16.33
72.7 32.236 29.8572 46.1076 16.3678
72.8 32.2785 29.8194 46.0712 16.4056
72.9 32.3211 29.7816 46.0347 16.4434
73 32.3636 29.7438 45.9982 16.4812
73.1 32.4061 29.7059 45.9617 16.5191
73.2 32.4486 29.668 45.9251 16.557
73.3 32.4911 29.6301 45.8885 16.5949
73.4 32.5336 29.5922 45.8518 16.6328
73.5 32.576 29.5542 45.8152 16.6708
73.6 32.6185 29.5163 45.7785 16.7087
73.7 32.6609 29.4783 45.7418 16.7467
73.8 32.7034 29.4403 45.705 16.7847
73.9 32.7458 29.4023 45.6682 16.8227
74 32.7882 29.3642 45.6314 16.8608
74.1 32.8306 29.3262 45.5945 16.8988
74.2 32.873 29.2881 45.5577 16.9369
74.3 32.9154 29.25 45.5208 16.975
74.4 32.9578 29.2119 45.4838 17.0131
74.5 33.0002 29.1737 45.4469 17.0513
74.6 33.0425 29.1356 45.4099 17.0894
74.7 33.0849 29.0974 45.3729 17.1276
74.8 33.1272 29.0592 45.3358 17.1658
74.9 33.1696 29.021 45.2987 17.204
75 33.2119 28.9828 45.2616 17.2422
75.1 33.2542 28.9445 45.2245 17.2805
75.2 33.2965 28.9063 45.1873 17.3187
75.3 33.3388 28.868 45.1501 17.357
75.4 33.3811 28.8297 45.1129 17.3953
75.5 33.4234 28.7914 45.0757 17.4336
75.6 33.4656 28.753 45.0384 17.472
75.7 33.5079 28.7147 45.0011 17.5103
75.8 33.5501 28.6763 44.9637 17.5487
75.9 33.5923 28.6379 44.9264 17.5871
76 33.6346 28.5995 44.889 17.6255
76.1 33.6768 28.5611 44.8516 17.6639
76.2 33.719 28.5227 44.8141 17.7023
76.3 33.7612 28.4842 44.7767 17.7408
76.4 33.8033 28.4457 44.7392 17.7793
76.5 33.8455 28.4073 44.7016 17.8177
76.6 33.8877 28.3688 44.6641 17.8562
76.7 33.9298 28.3302 44.6265 17.8948
76.8 33.972 28.2917 44.5889 17.9333
76.9 34.0141 28.2532 44.5513 17.9718
77 34.0562 28.2146 44.5136 18.0104
77.1 34.0983 28.176 44.4759 18.049
77.2 34.1404 28.1374 44.4382 18.0876
77.3 34.1825 28.0988 44.4005 18.1262
77.4 34.2246 28.0602 44.3627 18.1648
77.5 34.2666 28.0216 44.325 18.2034
77.6 34.3087 27.9829 44.2871 18.2421
77.7 34.3507 27.9442 44.2493 18.2808
77.8 34.3927 27.9055 44.2114 18.3195
77.9 34.4348 27.8668 44.1735 18.3582
78 34.4768 27.8281 44.1356 18.3969
78.1 34.5188 27.7894 44.0977 18.4356
78.2 34.5608 27.7507 44.0597 18.4743
78.3 34.6027 27.7119 44.0217 18.5131
78.4 34.6447 27.6731 43.9837 18.5519
78.5 34.6866 27.6344 43.9457 18.5906
78.6 34.7286 27.5956 43.9076 18.6294
78.7 34.7705 27.5567 43.8695 18.6683
78.8 34.8124 27.5179 43.8314 18.7071
78.9 34.8543 27.4791 43.7933 18.7459
79 34.8962 27.4402 43.7551 18.7848
79.1 34.9381 27.4014 43.7169 18.8236
79.2 34.98 27.3625 43.6787 18.8625
79.3 35.0219 27.3236 43.6405 18.9014
79.4 35.0637 27.2847 43.6022 18.9403
79.5 35.1055 27.2458 43.5639 18.9792
79.6 35.1474 27.2068 43.5256 19.0182
79.7 35.1892 27.1679 43.4873 19.0571
79.8 35.231 27.1289 43.4489 19.0961
79.9 35.2728 27.09 43.4105 19.135
80 35.3146 27.051 43.3721 19.174
80.1 35.3563 27.012 43.3337 19.213
80.2 35.3981 26.973 43.2952 19.252
80.3 35.4398 26.934 43.2568 19.291
80.4 35.4816 26.895 43.2183 19.33
80.5 35.5233 26.8559 43.1797 19.3691
80.6 35.565 26.8169 43.1412 19.4081
80.7 35.6067 26.7778 43.1026 19.4472
80.8 35.6484 26.7388 43.064 19.4862
80.9 35.69 26.6997 43.0254 19.5253
81 35.7317 26.6606 42.9868 19.5644
81.1 35.7734 26.6215 42.9481 19.6035
81.2 35.815 26.5824 42.9095 19.6426
81.3 35.8566 26.5432 42.8708 19.6818
81.4 35.8982 26.5041 42.832 19.7209
81.5 35.9398 26.465 42.7933 19.76
81.6 35.9814 26.4258 42.7545 19.7992
81.7 36.023 26.3866 42.7157 19.8384
81.8 36.0646 26.3475 42.6769 19.8775
81.9 36.1061 26.3083 42.6381 19.9167
82 36.1476 26.2691 42.5992 19.9559
82.1 36.1892 26.2299 42.5603 19.9951
82.2 36.2307 26.1907 42.5214 20.0343
82.3 36.2722 26.1514 42.4825 20.0736
82.4 36.3137 26.1122 42.4436 20.1128
82.5 36.3551 26.073 42.4046 20.152
82.6 36.3966 26.0337 42.3656 20.1913
82.7 36.4381 25.9944 42.3266 20.2306
82.8 36.4795 25.9552 42.2876 20.2698
82.9 36.5209 25.9159 42.2485 20.3091
83 36.5623 25.8766 42.2094 20.3484
83.1 36.6037 25.8373 42.1704 20.3877
83.2 36.6451 25.798 42.1312 20.427
83.3 36.6865 25.7587 42.0921 20.4663
83.4 36.7278 25.7194 42.053 20.5056
83.5 36.7692 25.6801 42.0138 20.5449
83.6 36.8105 25.6407 41.9746 20.5843
83.7 36.8518 25.6014 41.9354 20.6236
83.8 36.8931 25.562 41.8961 20.663
83.9 36.9344 25.5227 41.8569 20.7023
84 36.9757 25.4833 41.8176 20.7417
84.1 37.017 25.4439 41.7783 20.7811
84.2 37.0582 25.4046 41.739 20.8204
84.3 37.0995 25.3652 41.6996 20.8598
84.4 37.1407 25.3258 41.6603 20.8992
84.5 37.1819 25.2864 41.6209 20.9386
84.6 37.2231 25.247 41.5815 20.978
84.7 37.2643 25.2076 41.5421 21.0174
84.8 37.3055 25.1681 41.5026 21.0569
84.9 37.3466 25.1287 41.4632 21.0963
85 37.3878 25.0893 41.4237 21.1357
85.1 37.4289 25.0498 41.3842 21.1752
85.2 37.47 25.0104 41.3447 21.2146
85.3 37.5111 24.9709 41.3051 21.2541
85.4 37.5522 24.9315 41.2656 21.2935
85.5 37.5933 24.892 41.226 21.333
85.6 37.6343 24.8526 41.1864 21.3724
85.7 37.6754 24.8131 41.1468 21.4119
85.8 37.7164 24.7736 41.1072 21.4514
85.9 37.7574 24.7341 41.0675 21.4909
86 37.7984 24.6946 41.0278 21.5304
86.1 37.8394 24.6552 40.9882 21.5698
86.2 37.8804 24.6157 40.9485 21.6093
86.3 37.9213 24.5762 40.9087 21.6488
86.4 37.9623 24.5366 40.869 21.6884
86.5 38.0032 24.4971 40.8292 21.7279
86.6 38.0441 24.4576 40.7894 21.7674
86.7 38.085 24.4181 40.7496 21.8069
86.8 38.1259 24.3786 40.7098 21.8464
86.9 38.1668 24.3391 40.67 21.8859
87 38.2077 24.2995 40.6301 21.9255
87.1 38.2485 24.26 40.5902 21.965
87.2 38.2893 24.2205 40.5504 22.0045
87.3 38.3301 24.1809 40.5104 22.0441
87.4 38.3709 24.1414 40.4705 22.0836
87.5 38.4117 24.1018 40.4306 22.1232
87.6 38.4525 24.0623 40.3906 22.1627
87.7 38.4932 24.0227 40.3506 22.2023
87.8 38.534 23.9832 40.3106 22.2418
87.9 38.5747 23.9436 40.2706 22.2814
88 38.6154 23.9041 40.2306 22.3209
88.1 38.6561 23.8645 40.1905 22.3605
88.2 38.6968 23.8249 40.1504 22.4001
88.3 38.7374 23.7854 40.1104 22.4396
88.4 38.7781 23.7458 40.0703 22.4792
88.5 38.8187 23.7062 40.0301 22.5188
88.6 38.8593 23.6666 39.99 22.5584
88.7 38.8999 23.6271 39.9498 22.5979
88.8 38.9405 23.5875 39.9097 22.6375
88.9 38.9811 23.5479 39.8695 22.6771
89 39.0216 23.5083 39.8293 22.7167
89.1 39.0622 23.4688 39.789 22.7562
89.2 39.1027 23.4292 39.7488 22.7958
89.3 39.1432 23.3896 39.7085 22.8354
89.4 39.1837 23.35 39.6683 22.875
89.5 39.2241 23.3104 39.628 22.9146
89.6 39.2646 23.2708 39.5877 22.9542
89.7 39.305 23.2313 39.5473 22.9937
89.8 39.3455 23.1917 39.507 23.0333
89.9 39.3859 23.1521 39.4666 23.0729
90 39.4263 23.1125 39.4263 23.1125
90.1 39.4666 23.0729 39.3859 23.1521
90.2 39.507 23.0333 39.3455 23.1917
90.3 39.5473 22.9937 39.305 23.2313
90.4 39.5877 22.9542 39.2646 23.2708
90.5 39.628 22.9146 39.2241 23.3104
90.6 39.6683 22.875 39.1837 23.35
90.7 39.7085 22.8354 39.1432 23.3896
90.8 39.7488 22.7958 39.1027 23.4292
90.9 39.789 22.7562 39.0622 23.4688
91 39.8293 22.7167 39.0216 23.5083
91.1 39.8695 22.6771 38.9811 23.5479
91.2 39.9097 22.6375 38.9405 23.5875
91.3 39.9498 22.5979 38.8999 23.6271
91.4 39.99 22.5584 38.8593 23.6666
91.5 40.0301 22.5188 38.8187 23.7062
91.6 40.0703 22.4792 38.7781 23.7458
91.7 40.1104 22.4396 38.7374 23.7854
91.8 40.1504 22.4001 38.6968 23.8249
91.9 40.1905 22.3605 38.6561 23.8645
92 40.2306 22.3209 38.6154 23.9041
92.1 40.2706 22.2814 38.5747 23.9436
92.2 40.3106 22.2418 38.534 23.9832
92.3 40.3506 22.2023 38.4932 24.0227
92.4 40.3906 22.1627 38.4525 24.0623
92.5 40.4306 22.1232 38.4117 24.1018
92.6 40.4705 22.0836 38.3709 24.1414
92.7 40.5104 22.0441 38.3301 24.1809
92.8 40.5504 22.0045 38.2893 24.2205
92.9 40.5902 21.965 38.2485 24.26
93 40.6301 21.9255 38.2077 24.2995
93.1 40.67 21.8859 38.1668 24.3391
93.2 40.7098 21.8464 38.1259 24.3786
93.3 40.7496 21.8069 38.085 24.4181
93.4 40.7894 21.7674 38.0441 24.4576
93.5 40.8292 21.7279 38.0032 24.4971
93.6 40.869 21.6884 37.9623 24.5366
93.7 40.9087 21.6488 37.9213 24.5762
93.8 40.9485 21.6093 37.8804 24.6157
93.9 40.9882 21.5698 37.8394 24.6552
94 41.0278 21.5304 37.7984 24.6946
94.1 41.0675 21.4909 37.7574 24.7341
94.2 41.1072 21.4514 37.7164 24.7736
94.3 41.1468 21.4119 37.6754 24.8131
94.4 41.1864 21.3724 37.6343 24.8526
94.5 41.226 21.333 37.5933 24.892
94.6 41.2656 21.2935 37.5522 24.9315
94.7 41.3051 21.2541 37.5111 24.9709
94.8 41.3447 21.2146 37.47 25.0104
94.9 41.3842 21.1752 37.4289 25.0498
95 41.4237 21.1357 37.3878 25.0893
95.1 41.4632 21.0963 37.3466 25.1287
95.2 41.5026 21.0569 37.3055 25.1681
95.3 41.5421 21.0174 37.2643 25.2076
95.4 41.5815 20.978 37.2231 25.247
95.5 41.6209 20.9386 37.1819 25.2864
95.6 41.6603 20.8992 37.1407 25.3258
95.7 41.6996 20.8598 37.0995 25.3652
95.8 41.739 20.8204 37.0582 25.4046
95.9 41.7783 20.7811 37.017 25.4439
96 41.8176 20.7417 36.9757 25.4833
96.1 41.8569 20.7023 36.9344 25.5227
96.2 41.8961 20.663 36.8931 25.562
96.3 41.9354 20.6236 36.8518 25.6014
96.4 41.9746 20.5843 36.8105 25.6407
96.5 42.0138 20.5449 36.7692 25.6801
96.6 42.053 20.5056 36.7278 25.7194
96.7 42.0921 20.4663 36.6865 25.7587
96.8 42.1312 20.427 36.6451 25.798
96.9 42.1704 20.3877 36.6037 25.8373
97 42.2094 20.3484 36.5623 25.8766
97.1 42.2485 20.3091 36.5209 25.9159
97.2 42.2876 20.2698 36.4795 25.9552
97.3 42.3266 20.2306 36.4381 25.9944
97.4 42.3656 20.1913 36.3966 26.0337
97.5 42.4046 20.152 36.3551 26.073
97.6 42.4436 20.1128 36.3137 26.1122
97.7 42.4825 20.0736 36.2722 26.1514
97.8 42.5214 20.0343 36.2307 26.1907
97.9 42.5603 19.9951 36.1892 26.2299
98 42.5992 19.9559 36.1476 26.2691
98.1 42.6381 19.9167 36.1061 26.3083
98.2 42.6769 19.8775 36.0646 26.3475
98.3 42.7157 19.8384 36.023 26.3866
98.4 42.7545 19.7992 35.9814 26.4258
98.5 42.7933 19.76 35.9398 26.465
98.6 42.832 19.7209 35.8982 26.5041
98.7 42.8708 19.6818 35.8566 26.5432
98.8 42.9095 19.6426 35.815 26.5824
98.9 42.9481 19.6035 35.7734 26.6215
99 42.9868 19.5644 35.7317 26.6606
99.1 43.0254 19.5253 35.69 26.6997
99.2 43.064 19.4862 35.6484 26.7388
99.3 43.1026 19.4472 35.6067 26.7778
99.4 43.1412 19.4081 35.565 26.8169
99.5 43.1797 19.3691 35.5233 26.8559
99.6 43.2183 19.33 35.4816 26.895
99.7 43.2568 19.291 35.4398 26.934
99.8 43.2952 19.252 35.3981 26.973
99.9 43.3337 19.213 35.3563 27.012
100 43.3721 19.174 35.3146 27.051
100.1 43.4105 19.135 35.2728 27.09
100.2 43.4489 19.0961 35.231 27.1289
100.3 43.4873 19.0571 35.1892 27.1679
100.4 43.5256 19.0182 35.1474 27.2068
100.5 43.5639 18.9792 35.1055 27.2458
100.6 43.6022 18.9403 35.0637 27.2847
100.7 43.6405 18.9014 35.0219 27.3236
100.8 43.6787 18.8625 34.98 27.3625
100.9 43.7169 18.8236 34.9381 27.4014
101 43.7551 18.7848 34.8962 27.4402
101.1 43.7933 18.7459 34.8543 27.4791
101.2 43.8314 18.7071 34.8124 27.5179
101.3 43.8695 18.6683 34.7705 27.5567
101.4 43.9076 18.6294 34.7286 27.5956
101.5 43.9457 18.5906 34.6866 27.6344
101.6 43.9837 18.5519 34.6447 27.6731
101.7 44.0217 18.5131 34.6027 27.7119
101.8 44.0597 18.4743 34.5608 27.7507
101.9 44.0977 18.4356 34.5188 27.7894
102 44.1356 18.3969 34.4768 27.8281
102.1 44.1735 18.3582 34.4348 27.8668
102.2 44.2114 18.3195 34.3927 27.9055
102.3 44.2493 18.2808 34.3507 27.9442
102.4 44.2871 18.2421 34.3087 27.9829
102.5 44.325 18.2034 34.2666 28.0216
102.6 44.3627 18.1648 34.2246 28.0602
102.7 44.4005 18.1262 34.1825 28.0988
102.8 44.4382 18.0876 34.1404 28.1374
102.9 44.4759 18.049 34.0983 28.176
103 44.5136 18.0104 34.0562 28.2146
103.1 44.5513 17.9718 34.0141 28.2532
103.2 44.5889 17.9333 33.972 28.2917
103.3 44.6265 17.8948 33.9298 28.3302
103.4 44.6641 17.8562 33.8877 28.3688
103.5 44.7016 17.8177 33.8455 28.4073
103.6 44.7392 17.7793 33.8033 28.4457
103.7 44.7767 17.7408 33.7612 28.4842
103.8 44.8141 17.7023 33.719 28.5227
103.9 44.8516 17.6639 33.6768 28.5611
104 44.889 17.6255 33.6346 28.5995
104.1 44.9264 17.5871 33.5923 28.6379
104.2 44.9637 17.5487 33.5501 28.6763
104.3 45.0011 17.5103 33.5079 28.7147
104.4 45.0384 17.472 33.4656 28.753
104.5 45.0757 17.4336 33.4234 28.7914
104.6 45.1129 17.3953 33.3811 28.8297
104.7 45.1501 17.357 33.3388 28.868
104.8 45.1873 17.3187 33.2965 28.9063
104.9 45.2245 17.2805 33.2542 28.9445
105 45.2616 17.2422 33.2119 28.9828
105.1 45.2987 17.204 33.1696 29.021
105.2 45.3358 17.1658 33.1272 29.0592
105.3 45.3729 17.1276 33.0849 29.0974
105.4 45.4099 17.0894 33.0425 29.1356
105.5 45.4469 17.0513 33.0002 29.1737
105.6 45.4838 17.0131 32.9578 29.2119
105.7 45.5208 16.975 32.9154 29.25
105.8 45.5577 16.9369 32.873 29.2881
105.9 45.5945 16.8988 32.8306 29.3262
106 45.6314 16.8608 32.7882 29.3642
106.1 45.6682 16.8227 32.7458 29.4023
106.2 45.705 16.7847 32.7034 29.4403
106.3 45.7418 16.7467 32.6609 29.4783
106.4 45.7785 16.7087 32.6185 29.5163
106.5 45.8152 16.6708 32.576 29.5542
106.6 45.8518 16.6328 32.5336 29.5922
106.7 45.8885 16.5949 32.4911 29.6301
106.8 45.9251 16.557 32.4486 29.668
106.9 45.9617 16.5191 32.4061 29.7059
107 45.9982 16.4812 32.3636 29.7438
107.1 46.0347 16.4434 32.3211 29.7816
107.2 46.0712 16.4056 32.2785 29.8194
107.3 46.1076 16.3678 32.236 29.8572
107.4 46.1441 16.33 32.1935 29.895
107.5 46.1805 16.2922 32.1509 29.9328
107.6 46.2168 16.2545 32.1083 29.9705
107.7 46.2531 16.2167 32.0658 30.0083
107.8 46.2894 16.179 32.0232 30.046
107.9 46.3257 16.1414 31.9806 30.0836
108 46.3619 16.1037 31.938 30.1213
108.1 46.3981 16.0661 31.8954 30.1589
108.2 46.4343 16.0284 31.8528 30.1966
108.3 46.4704 15.9909 31.8101 30.2341
108.4 46.5065 15.9533 31.7675 30.2717
108.5 46.5426 15.9157 31.7249 30.3093
108.6 46.5786 15.8782 31.6822 30.3468
108.7 46.6146 15.8407 31.6395 30.3843
108.8 46.6506 15.8032 31.5969 30.4218
108.9 46.6865 15.7657 31.5542 30.4593
109 46.7224 15.7283 31.5115 30.4967
109.1 46.7583 15.6909 31.4688 30.5341
109.2 46.7941 15.6535 31.4261 30.5715
109.3 46.8299 15.6161 31.3834 30.6089
109.4 46.8657 15.5788 31.3406 30.6462
109.5 46.9014 15.5414 31.2979 30.6836
109.6 46.9371 15.5041 31.2552 30.7209
109.7 46.9728 15.4669 31.2124 30.7581
109.8 47.0084 15.4296 31.1696 30.7954
109.9 47.044 15.3924 31.1269 30.8326
110 47.0796 15.3552 31.0841 30.8698
110.1 47.1151 15.318 31.0413 30.907
110.2 47.1506 15.2808 30.9985 30.9442
110.3 47.186 15.2437 30.9557 30.9813
110.4 47.2214 15.2066 30.9129 31.0184
110.5 47.2568 15.1695 30.8701 31.0555
110.6 47.2922 15.1324 30.8273 31.0926
110.7 47.3275 15.0954 30.7844 31.1296
110.8 47.3628 15.0583 30.7416 31.1667
110.9 47.398 15.0213 30.6987 31.2037
111 47.4332 14.9844 30.6558 31.2406
111.1 47.4684 14.9474 30.613 31.2776
111.2 47.5035 14.9105 30.5701 31.3145
111.3 47.5386 14.8736 30.5272 31.3514
111.4 47.5736 14.8367 30.4843 31.3883
111.5 47.6087 14.7999 30.4414 31.4251
111.6 47.6436 14.7631 30.3985 31.4619
111.7 47.6786 14.7263 30.3556 31.4987
111.8 47.7135 14.6895 30.3126 31.5355
111.9 47.7484 14.6528 30.2697 31.5722
112 47.7832 14.6161 30.2268 31.6089
112.1 47.818 14.5794 30.1838 31.6456
112.2 47.8527 14.5427 30.1409 31.6823
112.3 47.8875 14.5061 30.0979 31.7189
112.4 47.9221 14.4695 30.0549 31.7555
112.5 47.9568 14.4329 30.0119 31.7921
112.6 47.9914 14.3963 29.9689 31.8287
112.7 48.0259 14.3598 29.9259 31.8652
112.8 48.0605 14.3233 29.8829 31.9017
112.9 48.0949 14.2868 29.8399 31.9382
113 48.1294 14.2503 29.7969 31.9747
113.1 48.1638 14.2139 29.7538 32.0111
113.2 48.1981 14.1775 29.7108 32.0475
113.3 48.2325 14.1412 29.6678 32.0838
113.4 48.2667 14.1048 29.6247 32.1202
113.5 48.301 14.0685 29.5816 32.1565
113.6 48.3352 14.0322 29.5386 32.1928
113.7 48.3693 13.9959 29.4955 32.2291
113.8 48.4035 13.9597 29.4524 32.2653
113.9 48.4375 13.9235 29.4093 32.3015
114 48.4716 13.8873 29.3662 32.3377
114.1 48.5056 13.8512 29.3231 32.3738
114.2 48.5395 13.8151 29.28 32.4099
114.3 48.5734 13.779 29.2369 32.446
114.4 48.6073 13.7429 29.1937 32.4821
114.5 48.6411 13.7069 29.1506 32.5181
114.6 48.6749 13.6709 29.1074 32.5541
114.7 48.7087 13.6349 29.0643 32.5901
114.8 48.7424 13.5989 29.0211 32.6261
114.9 48.776 13.563 28.9779 32.662
115 48.8096 13.5271 28.9348 32.6979
115.1 48.8432 13.4913 28.8916 32.7337
115.2 48.8767 13.4554 28.8484 32.7696
115.3 48.9102 13.4196 28.8052 32.8054
115.4 48.9436 13.3838 28.762 32.8412
115.5 48.977 13.3481 28.7188 32.8769
115.6 49.0104 13.3124 28.6756 32.9126
115.7 49.0437 13.2767 28.6323 32.9483
115.8 49.0769 13.241 28.5891 32.984
115.9 49.1101 13.2054 28.5458 33.0196
116 49.1433 13.1698 28.5026 33.0552
116.1 49.1764 13.1343 28.4593 33.0907
116.2 49.2095 13.0987 28.4161 33.1263
116.3 49.2425 13.0632 28.3728 33.1618
116.4 49.2755 13.0278 28.3295 33.1972
116.5 49.3085 12.9923 28.2862 33.2327
116.6 49.3414 12.9569 28.2429 33.2681
116.7 49.3742 12.9215 28.1996 33.3035
116.8 49.407 12.8862 28.1563 33.3388
116.9 49.4397 12.8509 28.113 33.3741
117 49.4724 12.8156 28.0697 33.4094
117.1 49.5051 12.7803 28.0264 33.4447
117.2 49.5377 12.7451 27.983 33.4799
117.3 49.5703 12.7099 27.9397 33.5151
117.4 49.6028 12.6747 27.8964 33.5503
117.5 49.6352 12.6396 27.853 33.5854
117.6 49.6677 12.6045 27.8096 33.6205
117.7 49.7 12.5694 27.7663 33.6556
117.8 49.7323 12.5344 27.7229 33.6906
117.9 49.7646 12.4994 27.6795 33.7256
118 49.7968 12.4644 27.6361 33.7606
118.1 49.829 12.4295 27.5927 33.7955
118.2 49.8611 12.3946 27.5493 33.8304
118.3 49.8932 12.3597 27.5059 33.8653
118.4 49.9252 12.3249 27.4625 33.9001
118.5 49.9571 12.2901 27.4191 33.9349
118.6 49.9891 12.2553 27.3756 33.9697
118.7 50.0209 12.2206 27.3322 34.0044
118.8 50.0527 12.1859 27.2888 34.0391
118.9 50.0845 12.1512 27.2453 34.0738
119 50.1162 12.1166 27.2019 34.1084
119.1 50.1478 12.082 27.1584 34.143
119.2 50.1794 12.0474 27.1149 34.1776
119.3 50.211 12.0128 27.0715 34.2122
119.4 50.2425 11.9783 27.028 34.2467
119.5 50.2739 11.9439 26.9845 34.2811
119.6 50.3053 11.9094 26.941 34.3156
119.7 50.3367 11.875 26.8975 34.35
119.8 50.3679 11.8407 26.854 34.3843
119.9 50.3992 11.8063 26.8105 34.4187
120 50.4303 11.772 26.767 34.453
120.1 50.4614 11.7378 26.7234 34.4872
120.2 50.4925 11.7035 26.6799 34.5215
120.3 50.5235 11.6693 26.6364 34.5557
120.4 50.5545 11.6352 26.5928 34.5898
120.5 50.5854 11.601 26.5493 34.624
120.6 50.6162 11.567 26.5057 34.658
120.7 50.647 11.5329 26.4621 34.6921
120.8 50.6777 11.4989 26.4186 34.7261
120.9 50.7084 11.4649 26.375 34.7601
121 50.739 11.4309 26.3314 34.7941
121.1 50.7695 11.397 26.2878 34.828
121.2 50.8 11.3632 26.2442 34.8618
121.3 50.8305 11.3293 26.2006 34.8957
121.4 50.8608 11.2955 26.157 34.9295
121.5 50.8912 11.2617 26.1134 34.9633
121.6 50.9214 11.228 26.0698 34.997
121.7 50.9516 11.1943 26.0262 35.0307
121.8 50.9818 11.1606 25.9825 35.0644
121.9 51.0118 11.127 25.9389 35.098
122 51.0419 11.0934 25.8952 35.1316
122.1 51.0718 11.0599 25.8516 35.1651
122.2 51.1017 11.0264 25.8079 35.1986
122.3 51.1316 10.9929 25.7643 35.2321
122.4 51.1613 10.9594 25.7206 35.2656
122.5 51.191 10.926 25.6769 35.299
122.6 51.2207 10.8927 25.6333 35.3323
122.7 51.2503 10.8593 25.5896 35.3657
122.8 51.2798 10.826 25.5459 35.399
122.9 51.3093 10.7928 25.5022 35.4322
123 51.3387 10.7596 25.4585 35.4654
123.1 51.368 10.7264 25.4148 35.4986
123.2 51.3973 10.6932 25.3711 35.5318
123.3 51.4265 10.6601 25.3273 35.5649
123.4 51.4556 10.6271 25.2836 35.5979
123.5 51.4847 10.594 25.2399 35.631
123.6 51.5137 10.5611 25.1962 35.6639
123.7 51.5427 10.5281 25.1524 35.6969
123.8 51.5716 10.4952 25.1087 35.7298
123.9 51.6004 10.4623 25.0649 35.7627
124 51.6291 10.4295 25.0212 35.7955
124.1 51.6578 10.3967 24.9774 35.8283
124.2 51.6864 10.3639 24.9336 35.8611
124.3 51.715 10.3312 24.8898 35.8938
124.4 51.7435 10.2985 24.8461 35.9265
124.5 51.7719 10.2659 24.8023 35.9591
124.6 51.8002 10.2333 24.7585 35.9917
124.7 51.8285 10.2007 24.7147 36.0243
124.8 51.8567 10.1682 24.6709 36.0568
124.9 51.8848 10.1357 24.6271 36.0893
125 51.9129 10.1032 24.5833 36.1218
125.1 51.9409 10.0708 24.5394 36.1542
125.2 51.9688 10.0385 24.4956 36.1865
125.3 51.9967 10.0061 24.4518 36.2189
125.4 52.0244 9.97385 24.4079 36.2511
125.5 52.0522 9.94161 24.3641 36.2834
125.6 52.0798 9.9094 24.3203 36.3156
125.7 52.1073 9.87723 24.2764 36.3478
125.8 52.1348 9.8451 24.2325 36.3799
125.9 52.1623 9.81302 24.1887 36.412
126 52.1896 9.78097 24.1448 36.444
126.1 52.2169 9.74897 24.1009 36.476
126.2 52.2441 9.717 24.0571 36.508
126.3 52.2712 9.68508 24.0132 36.5399
126.4 52.2982 9.6532 23.9693 36.5718
126.5 52.3252 9.62135 23.9254 36.6036
126.6 52.3521 9.58955 23.8815 36.6354
126.7 52.3789 9.55779 23.8376 36.6672
126.8 52.4056 9.52608 23.7937 36.6989
126.9 52.4323 9.4944 23.7498 36.7306
127 52.4589 9.46276 23.7058 36.7622
127.1 52.4854 9.43117 23.6619 36.7938
127.2 52.5118 9.39962 23.618 36.8254
127.3 52.5381 9.36811 23.574 36.8569
127.4 52.5644 9.33664 23.5301 36.8884
127.5 52.5906 9.30521 23.4862 36.9198
127.6 52.6167 9.27383 23.4422 36.9512
127.7 52.6427 9.24249 23.3982 36.9825
127.8 52.6686 9.21119 23.3543 37.0138
127.9 52.6945 9.17993 23.3103 37.0451
128 52.7203 9.14871 23.2663 37.0763
128.1 52.746 9.11754 23.2224 37.1075
128.2 52.7716 9.08641 23.1784 37.1386
128.3 52.7971 9.05532 23.1344 37.1697
128.4 52.8226 9.02428 23.0904 37.2007
128.5 52.8479 8.99328 23.0464 37.2317
128.6 52.8732 8.96232 23.0024 37.2627
128.7 52.8984 8.9314 22.9584 37.2936
128.8 52.9235 8.90053 22.9144 37.3245
128.9 52.9485 8.8697 22.8704 37.3553
129 52.9734 8.83892 22.8264 37.3861
129.1 52.9983 8.80817 22.7823 37.4168
129.2 53.023 8.77748 22.7383 37.4475
129.3 53.0477 8.74682 22.6943 37.4782
129.4 53.0723 8.71621 22.6502 37.5088
129.5 53.0967 8.68564 22.6062 37.5394
129.6 53.1211 8.65512 22.5621 37.5699
129.7 53.1454 8.62464 22.5181 37.6004
129.8 53.1697 8.5942 22.474 37.6308
129.9 53.1938 8.56381 22.43 37.6612
130 53.2178 8.53347 22.3859 37.6915
130.1 53.2418 8.50316 22.3418 37.7218
130.2 53.2656 8.47291 22.2977 37.7521
130.3 53.2893 8.44269 22.2537 37.7823
130.4 53.313 8.41253 22.2096 37.8125
130.5 53.3366 8.3824 22.1655 37.8426
130.6 53.36 8.35232 22.1214 37.8727
130.7 53.3834 8.32229 22.0773 37.9027
130.8 53.4067 8.2923 22.0332 37.9327
130.9 53.4299 8.26236 21.9891 37.9626
131 53.453 8.23246 21.945 37.9925
131.1 53.4759 8.20261 21.9008 38.0224
131.2 53.4988 8.1728 21.8567 38.0522
131.3 53.5216 8.14304 21.8126 38.082
131.4 53.5443 8.11332 21.7685 38.1117
131.5 53.5669 8.08365 21.7243 38.1414
131.6 53.5894 8.05402 21.6802 38.171
131.7 53.6118 8.02444 21.636 38.2006
131.8 53.634 7.99491 21.5919 38.2301
131.9 53.6562 7.96542 21.5477 38.2596
132 53.6783 7.93598 21.5036 38.289
132.1 53.7003 7.90659 21.4594 38.3184
132.2 53.7221 7.87724 21.4152 38.3478
132.3 53.7439 7.84794 21.3711 38.3771
132.4 53.7656 7.81868 21.3269 38.4063
132.5 53.7871 7.78947 21.2827 38.4355
132.6 53.8086 7.76031 21.2385 38.4647
132.7 53.8299 7.7312 21.1943 38.4938
132.8 53.8511 7.70213 21.1502 38.5229
132.9 53.8722 7.6731 21.106 38.5519
133 53.8933 7.64413 21.0618 38.5809
133.1 53.9142 7.6152 21.0175 38.6098
133.2 53.935 7.58632 20.9733 38.6387
133.3 53.9556 7.55749 20.9291 38.6675
133.4 53.9762 7.5287 20.8849 38.6963
133.5 53.9967 7.49996 20.8407 38.725
133.6 54.017 7.47127 20.7964 38.7537
133.7 54.0372 7.44263 20.7522 38.7824
133.8 54.0573 7.41404 20.708 38.811
133.9 54.0773 7.38549 20.6637 38.8395
134 54.0972 7.35699 20.6195 38.868
134.1 54.117 7.32854 20.5752 38.8965
134.2 54.1366 7.30013 20.531 38.9249
134.3 54.1562 7.27178 20.4867 38.9532
134.4 54.1756 7.24347 20.4425 38.9815
134.5 54.1949 7.21521 20.3982 39.0098
134.6 54.214 7.187 20.3539 39.038
134.7 54.2331 7.15884 20.3097 39.0662
134.8 54.252 7.13073 20.2654 39.0943
134.9 54.2708 7.10266 20.2211 39.1223
135 54.2895 7.07465 20.1768 39.1504
135.1 54.308 7.04668 20.1325 39.1783
135.2 54.3265 7.01876 20.0883 39.2062
135.3 54.3448 6.99089 20.044 39.2341
135.4 54.3629 6.96307 19.9997 39.2619
135.5 54.381 6.9353 19.9553 39.2897
135.6 54.3989 6.90758 19.911 39.3174
135.7 54.4167 6.87991 19.8667 39.3451
135.8 54.4344 6.85229 19.8224 39.3727
135.9 54.4519 6.82471 19.7781 39.4003
136 54.4693 6.79719 19.7338 39.4278
136.1 54.4866 6.76972 19.6894 39.4553
136.2 54.5037 6.74229 19.6451 39.4827
136.3 54.5207 6.71492 19.6008 39.5101
136.4 54.5376 6.68759 19.5564 39.5374
136.5 54.5543 6.66032 19.5121 39.5647
136.6 54.5709 6.6331 19.4677 39.5919
136.7 54.5874 6.60592 19.4234 39.6191
136.8 54.6037 6.5788 19.379 39.6462
136.9 54.6199 6.55173 19.3347 39.6733
137 54.6359 6.5247 19.2903 39.7003
137.1 54.6518 6.49773 19.2459 39.7273
137.2 54.6676 6.47081 19.2016 39.7542
137.3 54.6832 6.44394 19.1572 39.7811
137.4 54.6987 6.41712 19.1128 39.8079
137.5 54.714 6.39035 19.0684 39.8346
137.6 54.7292 6.36363 19.0241 39.8614
137.7 54.7442 6.33696 18.9797 39.888
137.8 54.7591 6.31035 18.9353 39.9147
137.9 54.7738 6.28378 18.8909 39.9412
138 54.7884 6.25727 18.8465 39.9677
138.1 54.8029 6.23081 18.8021 39.9942
138.2 54.8171 6.2044 18.7577 40.0206
138.3 54.8313 6.17804 18.7133 40.047
138.4 54.8453 6.15173 18.6689 40.0733
138.5 54.8591 6.12547 18.6244 40.0995
138.6 54.8728 6.09927 18.58 40.1257
138.7 54.8863 6.07312 18.5356 40.1519
138.8 54.8996 6.04702 18.4912 40.178
138.9 54.9128 6.02097 18.4467 40.204
139 54.9259 5.99497 18.4023 40.23
139.1 54.9388 5.96903 18.3579 40.256
139.2 54.9515 5.94313 18.3134 40.2819
139.3 54.964 5.91729 18.269 40.3077
139.4 54.9764 5.89151 18.2245 40.3335
139.5 54.9887 5.86577 18.1801 40.3592
139.6 55.0007 5.84009 18.1356 40.3849
139.7 55.0126 5.81446 18.0912 40.4105
139.8 55.0244 5.78888 18.0467 40.4361
139.9 55.0359 5.76336 18.0022 40.4616
140 55.0473 5.73788 17.9578 40.4871
140.1 55.0585 5.71247 17.9133 40.5125
140.2 55.0696 5.6871 17.8688 40.5379
140.3 55.0804 5.66179 17.8243 40.5632
140.4 55.0911 5.63653 17.7798 40.5885
140.5 55.1016 5.61132 17.7354 40.6137
140.6 55.112 5.58617 17.6909 40.6388
140.7 55.1221 5.56107 17.6464 40.6639
140.8 55.1321 5.53602 17.6019 40.689
140.9 55.1419 5.51103 17.5574 40.714
141 55.1515 5.48609 17.5129 40.7389
141.1 55.161 5.46121 17.4684 40.7638
141.2 55.1702 5.43638 17.4239 40.7886
141.3 55.1793 5.4116 17.3793 40.8134
141.4 55.1881 5.38687 17.3348 40.8381
141.5 55.1968 5.3622 17.2903 40.8628
141.6 55.2053 5.33759 17.2458 40.8874
141.7 55.2136 5.31303 17.2013 40.912
141.8 55.2217 5.28852 17.1567 40.9365
141.9 55.2296 5.26407 17.1122 40.9609
142 55.2373 5.23967 17.0677 40.9853
142.1 55.2449 5.21532 17.0231 41.0097
142.2 55.2522 5.19103 16.9786 41.034
142.3 55.2593 5.1668 16.934 41.0582
142.4 55.2662 5.14262 16.8895 41.0824
142.5 55.2729 5.11849 16.8449 41.1065
142.6 55.2795 5.09442 16.8004 41.1306
142.7 55.2858 5.07041 16.7558 41.1546
142.8 55.2919 5.04645 16.7113 41.1786
142.9 55.2977 5.02254 16.6667 41.2025
143 55.3034 4.99869 16.6221 41.2263
143.1 55.3089 4.97489 16.5776 41.2501
143.2 55.3141 4.95115 16.533 41.2738
143.3 55.3192 4.92747 16.4884 41.2975
143.4 55.324 4.90384 16.4438 41.3212
143.5 55.3286 4.88026 16.3993 41.3447
143.6 55.333 4.85674 16.3547 41.3683
143.7 55.3372 4.83328 16.3101 41.3917
143.8 55.3411 4.80987 16.2655 41.4151
143.9 55.3448 4.78652 16.2209 41.4385
144 55.3483 4.76323 16.1763 41.4618
144.1 55.3516 4.73999 16.1317 41.485
144.2 55.3546 4.7168 16.0871 41.5082
144.3 55.3574 4.69367 16.0425 41.5313
144.4 55.36 4.6706 15.9979 41.5544
144.5 55.3623 4.64759 15.9533 41.5774
144.6 55.3644 4.62463 15.9087 41.6004
144.7 55.3663 4.60172 15.8641 41.6233
144.8 55.3679 4.57888 15.8194 41.6461
144.9 55.3693 4.55609 15.7748 41.6689
145 55.3704 4.53335 15.7302 41.6916
145.1 55.3713 4.51068 15.6856 41.7143
145.2 55.3719 4.48806 15.6409 41.7369
145.3 55.3723 4.46549 15.5963 41.7595
145.4 55.3725 4.44299 15.5517 41.782
145.5 55.3723 4.42054 15.507 41.8045
145.6 55.372 4.39814 15.4624 41.8269
145.7 55.3714 4.37581 15.4177 41.8492
145.8 55.3705 4.35353 15.3731 41.8715
145.9 55.3693 4.33131 15.3284 41.8937
146 55.3679 4.30914 15.2838 41.9159
146.1 55.3662 4.28703 15.2391 41.938
146.2 55.3643 4.26498 15.1945 41.96
146.3 55.3621 4.24299 15.1498 41.982
146.4 55.3596 4.22106 15.1051 42.0039
146.5 55.3569 4.19918 15.0605 42.0258
146.6 55.3538 4.17736 15.0158 42.0476
146.7 55.3505 4.1556 14.9711 42.0694
146.8 55.3469 4.13389 14.9264 42.0911
146.9 55.3431 4.11224 14.8818 42.1128
147 55.3389 4.09066 14.8371 42.1343
147.1 55.3345 4.06912 14.7924 42.1559
147.2 55.3298 4.04765 14.7477 42.1773
147.3 55.3247 4.02624 14.703 42.1988
147.4 55.3194 4.00488 14.6583 42.2201
147.5 55.3138 3.98358 14.6136 42.2414
147.6 55.3079 3.96234 14.5689 42.2627
147.7 55.3017 3.94116 14.5242 42.2838
147.8 55.2952 3.92004 14.4795 42.305
147.9 55.2884 3.89897 14.4348 42.326
148 55.2813 3.87796 14.3901 42.347
148.1 55.2738 3.85702 14.3454 42.368
148.2 55.2661 3.83613 14.3007 42.3889
148.3 55.258 3.8153 14.256 42.4097
148.4 55.2497 3.79452 14.2113 42.4305
148.5 55.241 3.77381 14.1666 42.4512
148.6 55.232 3.75316 14.1218 42.4718
148.7 55.2226 3.73256 14.0771 42.4924
148.8 55.2129 3.71203 14.0324 42.513
148.9 55.2029 3.69155 13.9877 42.5335
149 55.1926 3.67113 13.9429 42.5539
149.1 55.1819 3.65077 13.8982 42.5742
149.2 55.1709 3.63047 13.8535 42.5945
149.3 55.1596 3.61023 13.8087 42.6148
149.4 55.1479 3.59005 13.764 42.6349
149.5 55.1358 3.56993 13.7192 42.6551
149.6 55.1234 3.54987 13.6745 42.6751
149.7 55.1107 3.52987 13.6297 42.6951
149.8 55.0976 3.50993 13.585 42.7151
149.9 55.0841 3.49004 13.5402 42.735
150 55.0703 3.47022 13.4955 42.7548
150.1 55.0561 3.45046 13.4507 42.7745
150.2 55.0415 3.43076 13.406 42.7942
150.3 55.0266 3.41111 13.3612 42.8139
150.4 55.0113 3.39153 13.3164 42.8335
150.5 54.9956 3.37201 13.2717 42.853
150.6 54.9796 3.35254 13.2269 42.8725
150.7 54.9631 3.33314 13.1821 42.8919
150.8 54.9463 3.3138 13.1373 42.9112
150.9 54.9291 3.29452 13.0926 42.9305
151 54.9114 3.27529 13.0478 42.9497
151.1 54.8934 3.25613 13.003 42.9689
151.2 54.875 3.23703 12.9582 42.988
151.3 54.8562 3.21799 12.9134 43.007
151.4 54.8369 3.19901 12.8686 43.026
151.5 54.8173 3.18009 12.8239 43.0449
151.6 54.7972 3.16124 12.7791 43.0638
151.7 54.7768 3.14244 12.7343 43.0826
151.8 54.7559 3.1237 12.6895 43.1013
151.9 54.7345 3.10503 12.6447 43.12
152 54.7128 3.08641 12.5999 43.1386
152.1 54.6906 3.06786 12.5551 43.1571
152.2 54.668 3.04936 12.5103 43.1756
152.3 54.6449 3.03093 12.4654 43.1941
152.4 54.6214 3.01256 12.4206 43.2124
152.5 54.5974 2.99425 12.3758 43.2307
152.6 54.573 2.976 12.331 43.249
152.7 54.5481 2.95782 12.2862 43.2672
152.8 54.5228 2.93969 12.2414 43.2853
152.9 54.497 2.92163 12.1966 43.3034
153 54.4707 2.90363 12.1517 43.3214
153.1 54.444 2.88569 12.1069 43.3393
153.2 54.4168 2.86781 12.0621 43.3572
153.3 54.3891 2.84999 12.0172 43.375
153.4 54.3609 2.83223 11.9724 43.3928
153.5 54.3322 2.81454 11.9276 43.4105
153.6 54.303 2.79691 11.8827 43.4281
153.7 54.2733 2.77934 11.8379 43.4457
153.8 54.2432 2.76183 11.7931 43.4632
153.9 54.2125 2.74438 11.7482 43.4806
154 54.1813 2.727 11.7034 43.498
154.1 54.1495 2.70968 11.6585 43.5153
154.2 54.1173 2.69242 11.6137 43.5326
154.3 54.0845 2.67522 11.5688 43.5498
154.4 54.0512 2.65808 11.524 43.5669
154.5 54.0174 2.64101 11.4791 43.584
154.6 53.983 2.624 11.4343 43.601
154.7 53.948 2.60705 11.3894 43.618
154.8 53.9125 2.59016 11.3446 43.6348
154.9 53.8765 2.57334 11.2997 43.6517
155 53.8399 2.55658 11.2548 43.6684
155.1 53.8027 2.53988 11.21 43.6851
155.2 53.7649 2.52325 11.1651 43.7018
155.3 53.7266 2.50667 11.1202 43.7183
155.4 53.6877 2.49016 11.0754 43.7348
155.5 53.6482 2.47371 11.0305 43.7513
155.6 53.6081 2.45733 10.9856 43.7677
155.7 53.5674 2.44101 10.9407 43.784
155.8 53.526 2.42475 10.8959 43.8002
155.9 53.4841 2.40855 10.851 43.8164
156 53.4416 2.39242 10.8061 43.8326
156.1 53.3984 2.37635 10.7612 43.8486
156.2 53.3546 2.36035 10.7163 43.8647
156.3 53.3101 2.3444 10.6715 43.8806
156.4 53.2651 2.32852 10.6266 43.8965
156.5 53.2193 2.31271 10.5817 43.9123
156.6 53.1729 2.29695 10.5368 43.928
156.7 53.1259 2.28126 10.4919 43.9437
156.8 53.0782 2.26564 10.447 43.9594
156.9 53.0298 2.25008 10.4021 43.9749
157 52.9807 2.23458 10.3572 43.9904
157.1 52.9309 2.21914 10.3123 44.0059
157.2 52.8804 2.20377 10.2674 44.0212
157.3 52.8293 2.18846 10.2225 44.0365
157.4 52.7774 2.17322 10.1776 44.0518
157.5 52.7248 2.15804 10.1327 44.067
157.6 52.6715 2.14292 10.0878 44.0821
157.7 52.6174 2.12787 10.0428 44.0971
157.8 52.5627 2.11288 9.99793 44.1121
157.9 52.5071 2.09795 9.95302 44.127
158 52.4509 2.08309 9.9081 44.1419
158.1 52.3938 2.06829 9.86318 44.1567
158.2 52.336 2.05356 9.81826 44.1714
158.3 52.2774 2.03889 9.77334 44.1861
158.4 52.2181 2.02429 9.72842 44.2007
158.5 52.1579 2.00975 9.68349 44.2153
158.6 52.097 1.99527 9.63856 44.2297
158.7 52.0352 1.98086 9.59364 44.2441
158.8 51.9726 1.96651 9.54871 44.2585
158.9 51.9092 1.95223 9.50378 44.2728
159 51.845 1.93801 9.45884 44.287
159.1 51.78 1.92386 9.41391 44.3011
159.2 51.714 1.90977 9.36897 44.3152
159.3 51.6473 1.89574 9.32403 44.3293
159.4 51.5796 1.88178 9.27909 44.3432
159.5 51.5111 1.86789 9.23415 44.3571
159.6 51.4417 1.85405 9.18921 44.3709
159.7 51.3715 1.84029 9.14427 44.3847
159.8 51.3003 1.82659 9.09932 44.3984
159.9 51.2282 1.81295 9.05438 44.412
160 51.1552 1.79938 9.00943 44.4256
160.1 51.0812 1.78587 8.96448 44.4391
160.2 51.0063 1.77243 8.91953 44.4526
160.3 50.9305 1.75905 8.87457 44.4659
160.4 50.8537 1.74574 8.82962 44.4793
160.5 50.7759 1.7325 8.78466 44.4925
160.6 50.6972 1.71931 8.73971 44.5057
160.7 50.6175 1.7062 8.69475 44.5188
160.8 50.5367 1.69315 8.64979 44.5319
160.9 50.455 1.68016 8.60483 44.5448
161 50.3722 1.66724 8.55986 44.5578
161.1 50.2885 1.65439 8.5149 44.5706
161.2 50.2036 1.6416 8.46993 44.5834
161.3 50.1177 1.62887 8.42497 44.5961
161.4 50.0308 1.61621 8.38 44.6088
161.5 49.9428 1.60362 8.33503 44.6214
161.6 49.8537 1.59109 8.29006 44.6339
161.7 49.7635 1.57863 8.24508 44.6464
161.8 49.6722 1.56623 8.20011 44.6588
161.9 49.5797 1.5539 8.15513 44.6711
162 49.4862 1.54164 8.11016 44.6834
162.1 49.3915 1.52944 8.06518 44.6956
162.2 49.2956 1.5173 8.0202 44.7077
162.3 49.1986 1.50523 7.97522 44.7198
162.4 49.1004 1.49323 7.93024 44.7318
162.5 49.001 1.48129 7.88525 44.7437
162.6 48.9003 1.46942 7.84027 44.7556
162.7 48.7985 1.45762 7.79528 44.7674
162.8 48.6955 1.44588 7.75029 44.7791
162.9 48.5912 1.43421 7.70531 44.7908
163 48.4856 1.4226 7.66032 44.8024
163.1 48.3788 1.41106 7.61533 44.8139
163.2 48.2706 1.39959 7.57033 44.8254
163.3 48.1612 1.38818 7.52534 44.8368
163.4 48.0505 1.37683 7.48035 44.8482
163.5 47.9384 1.36556 7.43535 44.8594
163.6 47.825 1.35435 7.39035 44.8707
163.7 47.7103 1.34321 7.34535 44.8818
163.8 47.5942 1.33213 7.30035 44.8929
163.9 47.4767 1.32112 7.25535 44.9039
164 47.3578 1.31017 7.21035 44.9148
164.1 47.2375 1.29929 7.16535 44.9257
164.2 47.1157 1.28848 7.12034 44.9365
164.3 46.9925 1.27774 7.07534 44.9473
164.4 46.8679 1.26706 7.03033 44.9579
164.5 46.7418 1.25645 6.98532 44.9686
164.6 46.6142 1.2459 6.94032 44.9791
164.7 46.4851 1.23542 6.89531 44.9896
164.8 46.3544 1.22501 6.85029 45
164.9 46.2223 1.21466 6.80528 45.0103
165 46.0885 1.20439 6.76027 45.0206
165.1 45.9533 1.19417 6.71525 45.0308
165.2 45.8164 1.18403 6.67024 45.041
165.3 45.6779 1.17395 6.62522 45.0511
165.4 45.5378 1.16394 6.5802 45.0611
165.5 45.3961 1.15399 6.53519 45.071
165.6 45.2527 1.14411 6.49017 45.0809
165.7 45.1076 1.1343 6.44514 45.0907
165.8 44.9608 1.12456 6.40012 45.1004
165.9 44.8124 1.11488 6.3551 45.1101
166 44.6622 1.10527 6.31008 45.1197
166.1 44.5103 1.09573 6.26505 45.1293
166.2 44.3566 1.08625 6.22002 45.1387
166.3 44.2011 1.07684 6.175 45.1482
166.4 44.0438 1.0675 6.12997 45.1575
166.5 43.8848 1.05823 6.08494 45.1668
166.6 43.7239 1.04902 6.03991 45.176
166.7 43.5611 1.03988 5.99488 45.1851
166.8 43.3964 1.03081 5.94985 45.1942
166.9 43.2299 1.0218 5.90481 45.2032
167 43.0615 1.01286 5.85978 45.2121
167.1 42.8911 1.00399 5.81475 45.221
167.2 42.7188 0.995187 5.76971 45.2298
167.3 42.5445 0.986451 5.72467 45.2385
167.4 42.3682 0.977782 5.67963 45.2472
167.5 42.1899 0.96918 5.6346 45.2558
167.6 42.0096 0.960646 5.58956 45.2644
167.7 41.8273 0.952179 5.54452 45.2728
167.8 41.6429 0.94378 5.49947 45.2812
167.9 41.4563 0.935448 5.45443 45.2896
168 41.2677 0.927184 5.40939 45.2978
168.1 41.077 0.918988 5.36435 45.306
168.2 40.8841 0.910859 5.3193 45.3141
168.3 40.689 0.902797 5.27426 45.3222
168.4 40.4918 0.894804 5.22921 45.3302
168.5 40.2923 0.886878 5.18416 45.3381
168.6 40.0906 0.879019 5.13911 45.346
168.7 39.8867 0.871229 5.09406 45.3538
168.8 39.6804 0.863506 5.04901 45.3615
168.9 39.4719 0.855851 5.00396 45.3691
169 39.2611 0.848264 4.95891 45.3767
169.1 39.048 0.840744 4.91386 45.3843
169.2 38.8325 0.833293 4.86881 45.3917
169.3 38.6146 0.825909 4.82375 45.3991
169.4 38.3943 0.818593 4.7787 45.4064
169.5 38.1716 0.811346 4.73364 45.4137
169.6 37.9465 0.804166 4.68859 45.4208
169.7 37.7189 0.797054 4.64353 45.4279
169.8 37.4888 0.79001 4.59847 45.435
169.9 37.2563 0.783034 4.55341 45.442
170 37.0212 0.776126 4.50835 45.4489
170.1 36.7836 0.769286 4.46329 45.4557
170.2 36.5434 0.762514 4.41823 45.4625
170.3 36.3007 0.75581 4.37317 45.4692
170.4 36.0553 0.749174 4.32811 45.4758
170.5 35.8074 0.742607 4.28305 45.4824
170.6 35.5568 0.736107 4.23798 45.4889
170.7 35.3036 0.729676 4.19292 45.4953
170.8 35.0477 0.723313 4.14786 45.5017
170.9 34.7891 0.717018 4.10279 45.508
171 34.5278 0.710791 4.05772 45.5142
171.1 34.2637 0.704633 4.01266 45.5204
171.2 33.997 0.698542 3.96759 45.5265
171.3 33.7274 0.69252 3.92252 45.5325
171.4 33.4551 0.686567 3.87745 45.5384
171.5 33.18 0.680682 3.83238 45.5443
171.6 32.9021 0.674865 3.78731 45.5501
171.7 32.6214 0.669116 3.74224 45.5559
171.8 32.3379 0.663436 3.69717 45.5616
171.9 32.0514 0.657824 3.6521 45.5672
172 31.7622 0.65228 3.60703 45.5727
172.1 31.47 0.646805 3.56196 45.5782
172.2 31.175 0.641399 3.51688 45.5836
172.3 30.877 0.636061 3.47181 45.5889
172.4 30.5762 0.630791 3.42673 45.5942
172.5 30.2724 0.62559 3.38166 45.5994
172.6 29.9656 0.620457 3.33658 45.6045
172.7 29.656 0.615393 3.29151 45.6096
172.8 29.3434 0.610397 3.24643 45.6146
172.9 29.0278 0.60547 3.20135 45.6195
173 28.7092 0.600611 3.15628 45.6244
173.1 28.3877 0.595821 3.1112 45.6292
173.2 28.0632 0.5911 3.06612 45.6339
173.3 27.7358 0.586447 3.02104 45.6386
173.4 27.4053 0.581863 2.97596 45.6431
173.5 27.0719 0.577347 2.93088 45.6477
173.6 26.7354 0.5729 2.8858 45.6521
173.7 26.396 0.568522 2.84072 45.6565
173.8 26.0536 0.564213 2.79564 45.6608
173.9 25.7082 0.559972 2.75056 45.665
174 25.3598 0.5558 2.70547 45.6692
174.1 25.0085 0.551696 2.66039 45.6733
174.2 24.6541 0.547661 2.61531 45.6773
174.3 24.2968 0.543695 2.57022 45.6813
174.4 23.9366 0.539798 2.52514 45.6852
174.5 23.5734 0.53597 2.48006 45.689
174.6 23.2073 0.53221 2.43497 45.6928
174.7 22.8382 0.528519 2.38989 45.6965
174.8 22.4663 0.524897 2.3448 45.7001
174.9 22.0914 0.521343 2.29971 45.7037
175 21.7137 0.517859 2.25463 45.7071
175.1 21.3331 0.514443 2.20954 45.7106
175.2 20.9497 0.511096 2.16445 45.7139
175.3 20.5634 0.507818 2.11937 45.7172
175.4 20.1744 0.504609 2.07428 45.7204
175.5 19.7825 0.501469 2.02919 45.7235
175.6 19.388 0.498397 1.9841 45.7266
175.7 18.9907 0.495395 1.93901 45.7296
175.8 18.5907 0.492461 1.89392 45.7325
175.9 18.1881 0.489596 1.84883 45.7354
176 17.7829 0.486801 1.80374 45.7382
176.1 17.375 0.484074 1.75865 45.7409
176.2 16.9646 0.481416 1.71356 45.7436
176.3 16.5517 0.478827 1.66847 45.7462
176.4 16.1363 0.476307 1.62338 45.7487
176.5 15.7185 0.473855 1.57829 45.7511
176.6 15.2983 0.471473 1.5332 45.7535
176.7 14.8757 0.46916 1.48811 45.7558
176.8 14.4509 0.466916 1.44302 45.7581
176.9 14.0238 0.464741 1.39793 45.7603
177 13.5944 0.462634 1.35283 45.7624
177.1 13.163 0.460597 1.30774 45.7644
177.2 12.7294 0.458629 1.26265 45.7664
177.3 12.2938 0.45673 1.21756 45.7683
177.4 11.8562 0.454899 1.17246 45.7701
177.5 11.4167 0.453138 1.12737 45.7719
177.6 10.9753 0.451446 1.08228 45.7736
177.7 10.5321 0.449823 1.03718 45.7752
177.8 10.0871 0.448269 0.992089 45.7767
177.9 9.6405 0.446784 0.946995 45.7782
178 9.19226 0.445368 0.901901 45.7796
178.1 8.74247 0.444021 0.856807 45.781
178.2 8.2912 0.442743 0.811713 45.7823
178.3 7.83852 0.441534 0.766618 45.7835
178.4 7.3845 0.440394 0.721524 45.7846
178.5 6.92921 0.439323 0.676429 45.7857
178.6 6.47274 0.438321 0.631334 45.7867
178.7 6.01514 0.437389 0.586239 45.7876
178.8 5.5565 0.436525 0.541144 45.7885
178.9 5.09689 0.435731 0.496049 45.7893
179 4.63639 0.435005 0.450954 45.79
179.1 4.17508 0.434349 0.405859 45.7907
179.2 3.71304 0.433762 0.360764 45.7912
179.3 3.25034 0.433244 0.315668 45.7918
179.4 2.78708 0.432795 0.270573 45.7922
179.5 2.32332 0.432415 0.225477 45.7926
179.6 1.85915 0.432104 0.180382 45.7929
179.7 1.39465 0.431862 0.135287 45.7931
179.8 0.929904 0.431689 0.090191 45.7933
179.9 0.464993 0.431585 0.0450955 45.7934
180 3.26282e-14 0.431551 3.16422e-15 45.7934
