#kinematics calculation of exex
#vertex z = 300 mm, E_reaction = 52.061 MeV
#theta_cm, theta3_lab, Ek3_lab, theta4_lab, Ek4_lab
0 0 42.7184 0 0.462552
0.1 0.04475 42.7184 0.430446 0.462585
0.2 0.0894999 42.7183 0.860825 0.462681
0.3 0.13425 42.7182 1.29107 0.462842
0.4 0.179 42.7179 1.72112 0.463067
0.5 0.22375 42.7176 2.15089 0.463357
0.6 0.268499 42.7173 2.58034 0.463711
0.7 0.313249 42.7169 3.00939 0.464129
0.8 0.357999 42.7164 3.43797 0.464612
0.9 0.402749 42.7158 3.86602 0.465159
1 0.447498 42.7152 4.29347 0.46577
1.1 0.492248 42.7146 4.72027 0.466446
1.2 0.536997 42.7138 5.14635 0.467186
1.3 0.581747 42.713 5.57163 0.467991
1.4 0.626496 42.7121 5.99607 0.468859
1.5 0.671245 42.7112 6.4196 0.469792
1.6 0.715994 42.7102 6.84216 0.47079
1.7 0.760743 42.7091 7.26368 0.471852
1.8 0.805492 42.708 7.68411 0.472978
1.9 0.85024 42.7068 8.10339 0.474168
2 0.894989 42.7056 8.52146 0.475423
2.1 0.939737 42.7043 8.93827 0.476742
2.2 0.984485 42.7029 9.35376 0.478125
2.3 1.02923 42.7014 9.76786 0.479573
2.4 1.07398 42.6999 10.1805 0.481085
2.5 1.11873 42.6983 10.5917 0.482662
2.6 1.16348 42.6967 11.0014 0.484302
2.7 1.20822 42.695 11.4095 0.486007
2.8 1.25297 42.6932 11.8159 0.487776
2.9 1.29772 42.6914 12.2207 0.48961
3 1.34246 42.6895 12.6237 0.491508
3.1 1.38721 42.6875 13.025 0.49347
3.2 1.43196 42.6855 13.4244 0.495496
3.3 1.4767 42.6834 13.822 0.497586
3.4 1.52145 42.6813 14.2176 0.499741
3.5 1.56619 42.679 14.6114 0.50196
3.6 1.61094 42.6768 15.0031 0.504244
3.7 1.65568 42.6744 15.3928 0.506591
3.8 1.70043 42.672 15.7805 0.509003
3.9 1.74517 42.6695 16.166 0.511479
4 1.78992 42.667 16.5494 0.514019
4.1 1.83466 42.6644 16.9307 0.516623
4.2 1.8794 42.6617 17.3098 0.519292
4.3 1.92415 42.659 17.6866 0.522025
4.4 1.96889 42.6562 18.0612 0.524822
4.5 2.01363 42.6533 18.4335 0.527683
4.6 2.05837 42.6504 18.8035 0.530608
4.7 2.10311 42.6474 19.1711 0.533598
4.8 2.14786 42.6443 19.5364 0.536651
4.9 2.1926 42.6412 19.8993 0.539769
5 2.23734 42.638 20.2599 0.542951
5.1 2.28208 42.6348 20.6179 0.546197
5.2 2.32682 42.6315 20.9736 0.549507
5.3 2.37156 42.6281 21.3268 0.552881
5.4 2.4163 42.6247 21.6775 0.556319
5.5 2.46103 42.6212 22.0257 0.559821
5.6 2.50577 42.6176 22.3714 0.563388
5.7 2.55051 42.614 22.7146 0.567018
5.8 2.59525 42.6103 23.0553 0.570713
5.9 2.63998 42.6065 23.3934 0.574471
6 2.68472 42.6027 23.729 0.578294
6.1 2.72946 42.5988 24.062 0.58218
6.2 2.77419 42.5949 24.3924 0.586131
6.3 2.81893 42.5909 24.7203 0.590145
6.4 2.86366 42.5868 25.0456 0.594223
6.5 2.90839 42.5826 25.3682 0.598366
6.6 2.95313 42.5784 25.6883 0.602572
6.7 2.99786 42.5742 26.0058 0.606843
6.8 3.04259 42.5698 26.3208 0.611177
6.9 3.08732 42.5654 26.6331 0.615575
7 3.13206 42.561 26.9428 0.620037
7.1 3.17679 42.5564 27.2499 0.624563
7.2 3.22152 42.5518 27.5544 0.629153
7.3 3.26625 42.5472 27.8563 0.633806
7.4 3.31098 42.5425 28.1557 0.638524
7.5 3.3557 42.5377 28.4524 0.643305
7.6 3.40043 42.5328 28.7466 0.64815
7.7 3.44516 42.5279 29.0381 0.653059
7.8 3.48989 42.523 29.3271 0.658032
7.9 3.53461 42.5179 29.6136 0.663068
8 3.57934 42.5128 29.8974 0.668168
8.1 3.62406 42.5077 30.1788 0.673332
8.2 3.66879 42.5024 30.4575 0.67856
8.3 3.71351 42.4971 30.7338 0.683851
8.4 3.75823 42.4918 31.0075 0.689206
8.5 3.80296 42.4864 31.2786 0.694625
8.6 3.84768 42.4809 31.5473 0.700107
8.7 3.8924 42.4753 31.8135 0.705653
8.8 3.93712 42.4697 32.0771 0.711263
8.9 3.98184 42.4641 32.3383 0.716936
9 4.02656 42.4583 32.5971 0.722672
9.1 4.07128 42.4525 32.8534 0.728473
9.2 4.11599 42.4467 33.1072 0.734337
9.3 4.16071 42.4407 33.3586 0.740264
9.4 4.20543 42.4347 33.6076 0.746255
9.5 4.25014 42.4287 33.8542 0.752309
9.6 4.29486 42.4226 34.0984 0.758427
9.7 4.33957 42.4164 34.3402 0.764609
9.8 4.38428 42.4101 34.5797 0.770854
9.9 4.429 42.4038 34.8168 0.777162
10 4.47371 42.3975 35.0515 0.783533
10.1 4.51842 42.391 35.284 0.789968
10.2 4.56313 42.3845 35.5142 0.796467
10.3 4.60784 42.378 35.742 0.803028
10.4 4.65255 42.3713 35.9676 0.809654
10.5 4.69726 42.3647 36.191 0.816342
10.6 4.74196 42.3579 36.412 0.823093
10.7 4.78667 42.3511 36.6309 0.829908
10.8 4.83137 42.3442 36.8476 0.836786
10.9 4.87608 42.3373 37.0621 0.843728
11 4.92078 42.3303 37.2743 0.850732
11.1 4.96548 42.3232 37.4845 0.8578
11.2 5.01019 42.3161 37.6925 0.864931
11.3 5.05489 42.3089 37.8983 0.872125
11.4 5.09959 42.3016 38.1021 0.879382
11.5 5.14429 42.2943 38.3037 0.886702
11.6 5.18898 42.2869 38.5033 0.894085
11.7 5.23368 42.2795 38.7008 0.901532
11.8 5.27838 42.272 38.8963 0.909041
11.9 5.32307 42.2644 39.0897 0.916613
12 5.36777 42.2568 39.2811 0.924249
12.1 5.41246 42.2491 39.4706 0.931947
12.2 5.45715 42.2413 39.658 0.939708
12.3 5.50185 42.2335 39.8435 0.947532
12.4 5.54654 42.2256 40.0271 0.955419
12.5 5.59123 42.2176 40.2087 0.963369
12.6 5.63592 42.2096 40.3884 0.971382
12.7 5.6806 42.2015 40.5662 0.979457
12.8 5.72529 42.1934 40.7422 0.987596
12.9 5.76998 42.1852 40.9162 0.995797
13 5.81466 42.1769 41.0885 1.00406
13.1 5.85935 42.1686 41.2589 1.01239
13.2 5.90403 42.1602 41.4275 1.02078
13.3 5.94871 42.1518 41.5943 1.02923
13.4 5.99339 42.1433 41.7593 1.03774
13.5 6.03807 42.1347 41.9225 1.04632
13.6 6.08275 42.126 42.084 1.05496
13.7 6.12743 42.1173 42.2438 1.06366
13.8 6.1721 42.1086 42.4019 1.07243
13.9 6.21678 42.0997 42.5582 1.08125
14 6.26145 42.0909 42.7129 1.09014
14.1 6.30613 42.0819 42.8659 1.09909
14.2 6.3508 42.0729 43.0172 1.10811
14.3 6.39547 42.0638 43.1669 1.11719
14.4 6.44014 42.0547 43.315 1.12633
14.5 6.48481 42.0455 43.4615 1.13553
14.6 6.52948 42.0362 43.6064 1.14479
14.7 6.57414 42.0269 43.7497 1.15412
14.8 6.61881 42.0175 43.8915 1.16351
14.9 6.66347 42.008 44.0317 1.17296
15 6.70813 41.9985 44.1704 1.18247
15.1 6.7528 41.989 44.3075 1.19204
15.2 6.79746 41.9793 44.4432 1.20168
15.3 6.84212 41.9696 44.5773 1.21138
15.4 6.88677 41.9599 44.71 1.22114
15.5 6.93143 41.95 44.8413 1.23097
15.6 6.97609 41.9401 44.9711 1.24085
15.7 7.02074 41.9302 45.0994 1.2508
15.8 7.06539 41.9202 45.2264 1.26081
15.9 7.11005 41.9101 45.3519 1.27088
16 7.1547 41.9 45.4761 1.28101
16.1 7.19935 41.8898 45.5988 1.29121
16.2 7.244 41.8795 45.7202 1.30147
16.3 7.28864 41.8692 45.8403 1.31178
16.4 7.33329 41.8588 45.959 1.32216
16.5 7.37793 41.8484 46.0764 1.33261
16.6 7.42258 41.8379 46.1925 1.34311
16.7 7.46722 41.8273 46.3073 1.35368
16.8 7.51186 41.8167 46.4208 1.3643
16.9 7.5565 41.806 46.533 1.37499
17 7.60113 41.7953 46.644 1.38574
17.1 7.64577 41.7844 46.7537 1.39656
17.2 7.69041 41.7736 46.8622 1.40743
17.3 7.73504 41.7626 46.9695 1.41836
17.4 7.77967 41.7516 47.0755 1.42936
17.5 7.8243 41.7406 47.1804 1.44042
17.6 7.86893 41.7295 47.284 1.45154
17.7 7.91356 41.7183 47.3865 1.46272
17.8 7.95819 41.707 47.4878 1.47396
17.9 8.00281 41.6957 47.588 1.48526
18 8.04744 41.6844 47.687 1.49663
18.1 8.09206 41.6729 47.7849 1.50805
18.2 8.13668 41.6615 47.8817 1.51954
18.3 8.1813 41.6499 47.9774 1.53109
18.4 8.22592 41.6383 48.072 1.5427
18.5 8.27053 41.6266 48.1654 1.55437
18.6 8.31515 41.6149 48.2578 1.5661
18.7 8.35976 41.6031 48.3492 1.57789
18.8 8.40438 41.5913 48.4395 1.58974
18.9 8.44899 41.5793 48.5287 1.60166
19 8.4936 41.5674 48.6169 1.61363
19.1 8.5382 41.5553 48.7041 1.62567
19.2 8.58281 41.5432 48.7903 1.63777
19.3 8.62741 41.5311 48.8754 1.64992
19.4 8.67202 41.5189 48.9596 1.66214
19.5 8.71662 41.5066 49.0428 1.67442
19.6 8.76122 41.4942 49.125 1.68676
19.7 8.80582 41.4818 49.2062 1.69916
19.8 8.85041 41.4694 49.2865 1.71162
19.9 8.89501 41.4569 49.3659 1.72414
20 8.9396 41.4443 49.4443 1.73672
20.1 8.98419 41.4316 49.5217 1.74937
20.2 9.02878 41.4189 49.5983 1.76207
20.3 9.07337 41.4062 49.6739 1.77483
20.4 9.11796 41.3933 49.7486 1.78766
20.5 9.16255 41.3805 49.8225 1.80054
20.6 9.20713 41.3675 49.8954 1.81348
20.7 9.25171 41.3545 49.9675 1.82649
20.8 9.29629 41.3414 50.0387 1.83955
20.9 9.34087 41.3283 50.1091 1.85268
21 9.38545 41.3151 50.1786 1.86586
21.1 9.43002 41.3019 50.2472 1.87911
21.2 9.4746 41.2886 50.315 1.89241
21.3 9.51917 41.2752 50.382 1.90578
21.4 9.56374 41.2618 50.4482 1.9192
21.5 9.60831 41.2483 50.5136 1.93269
21.6 9.65288 41.2348 50.5781 1.94623
21.7 9.69744 41.2212 50.6419 1.95984
21.8 9.74201 41.2075 50.7048 1.9735
21.9 9.78657 41.1938 50.767 1.98722
22 9.83113 41.18 50.8284 2.00101
22.1 9.87568 41.1661 50.8891 2.01485
22.2 9.92024 41.1522 50.949 2.02875
22.3 9.9648 41.1383 51.0081 2.04272
22.4 10.0093 41.1243 51.0665 2.05674
22.5 10.0539 41.1102 51.1242 2.07082
22.6 10.0984 41.096 51.1811 2.08496
22.7 10.143 41.0818 51.2373 2.09916
22.8 10.1875 41.0676 51.2928 2.11342
22.9 10.2321 41.0533 51.3475 2.12774
23 10.2766 41.0389 51.4016 2.14212
23.1 10.3212 41.0244 51.4549 2.15656
23.2 10.3657 41.0099 51.5076 2.17106
23.3 10.4102 40.9954 51.5596 2.18561
23.4 10.4548 40.9808 51.6109 2.20023
23.5 10.4993 40.9661 51.6616 2.2149
23.6 10.5438 40.9514 51.7115 2.22964
23.7 10.5884 40.9366 51.7608 2.24443
23.8 10.6329 40.9217 51.8095 2.25928
23.9 10.6774 40.9068 51.8575 2.27419
24 10.7219 40.8918 51.9049 2.28916
24.1 10.7665 40.8768 51.9516 2.30419
24.2 10.811 40.8617 51.9977 2.31927
24.3 10.8555 40.8466 52.0432 2.33442
24.4 10.9 40.8314 52.088 2.34962
24.5 10.9445 40.8161 52.1323 2.36489
24.6 10.989 40.8008 52.1759 2.38021
24.7 11.0335 40.7854 52.219 2.39559
24.8 11.078 40.77 52.2614 2.41103
24.9 11.1226 40.7545 52.3032 2.42652
25 11.1671 40.7389 52.3445 2.44208
25.1 11.2116 40.7233 52.3852 2.45769
25.2 11.2561 40.7076 52.4253 2.47336
25.3 11.3006 40.6919 52.4648 2.48909
25.4 11.345 40.6761 52.5038 2.50488
25.5 11.3895 40.6603 52.5422 2.52073
25.6 11.434 40.6444 52.5801 2.53663
25.7 11.4785 40.6284 52.6174 2.55259
25.8 11.523 40.6124 52.6541 2.56861
25.9 11.5675 40.5963 52.6903 2.58469
26 11.612 40.5802 52.726 2.60083
26.1 11.6564 40.564 52.7612 2.61702
26.2 11.7009 40.5477 52.7958 2.63327
26.3 11.7454 40.5314 52.8299 2.64958
26.4 11.7899 40.5151 52.8635 2.66595
26.5 11.8343 40.4986 52.8965 2.68237
26.6 11.8788 40.4821 52.9291 2.69886
26.7 11.9233 40.4656 52.9612 2.7154
26.8 11.9677 40.449 52.9927 2.73199
26.9 12.0122 40.4324 53.0238 2.74865
27 12.0567 40.4156 53.0544 2.76536
27.1 12.1011 40.3989 53.0844 2.78213
27.2 12.1456 40.382 53.1141 2.79896
27.3 12.19 40.3652 53.1432 2.81584
27.4 12.2345 40.3482 53.1718 2.83278
27.5 12.2789 40.3312 53.2 2.84978
27.6 12.3234 40.3142 53.2277 2.86684
27.7 12.3678 40.2971 53.255 2.88395
27.8 12.4123 40.2799 53.2818 2.90112
27.9 12.4567 40.2627 53.3081 2.91835
28 12.5011 40.2454 53.334 2.93563
28.1 12.5456 40.228 53.3595 2.95297
28.2 12.59 40.2106 53.3845 2.97037
28.3 12.6344 40.1932 53.409 2.98782
28.4 12.6789 40.1757 53.4332 3.00533
28.5 12.7233 40.1581 53.4569 3.0229
28.6 12.7677 40.1405 53.4801 3.04052
28.7 12.8121 40.1228 53.503 3.0582
28.8 12.8565 40.1051 53.5254 3.07594
28.9 12.901 40.0873 53.5474 3.09373
29 12.9454 40.0694 53.569 3.11158
29.1 12.9898 40.0515 53.5902 3.12949
29.2 13.0342 40.0336 53.611 3.14745
29.3 13.0786 40.0155 53.6313 3.16547
29.4 13.123 39.9975 53.6513 3.18354
29.5 13.1674 39.9793 53.6709 3.20167
29.6 13.2118 39.9611 53.6901 3.21986
29.7 13.2562 39.9429 53.7089 3.2381
29.8 13.3006 39.9246 53.7273 3.2564
29.9 13.345 39.9062 53.7453 3.27475
30 13.3894 39.8878 53.7629 3.29316
30.1 13.4338 39.8694 53.7802 3.31163
30.2 13.4781 39.8509 53.7971 3.33015
30.3 13.5225 39.8323 53.8136 3.34872
30.4 13.5669 39.8136 53.8297 3.36736
30.5 13.6113 39.795 53.8455 3.38604
30.6 13.6556 39.7762 53.8609 3.40479
30.7 13.7 39.7574 53.876 3.42359
30.8 13.7444 39.7386 53.8907 3.44244
30.9 13.7888 39.7197 53.905 3.46135
31 13.8331 39.7007 53.919 3.48031
31.1 13.8775 39.6817 53.9327 3.49933
31.2 13.9218 39.6626 53.946 3.51841
31.3 13.9662 39.6435 53.9589 3.53754
31.4 14.0105 39.6243 53.9716 3.55672
31.5 14.0549 39.605 53.9838 3.57596
31.6 14.0992 39.5857 53.9958 3.59526
31.7 14.1436 39.5664 54.0074 3.61461
31.8 14.1879 39.547 54.0187 3.63401
31.9 14.2323 39.5275 54.0296 3.65347
32 14.2766 39.508 54.0403 3.67298
32.1 14.3209 39.4884 54.0506 3.69255
32.2 14.3653 39.4688 54.0606 3.71218
32.3 14.4096 39.4491 54.0703 3.73185
32.4 14.4539 39.4294 54.0796 3.75158
32.5 14.4982 39.4096 54.0887 3.77137
32.6 14.5425 39.3898 54.0974 3.79121
32.7 14.5869 39.3699 54.1058 3.8111
32.8 14.6312 39.3499 54.114 3.83105
32.9 14.6755 39.3299 54.1218 3.85106
33 14.7198 39.3099 54.1293 3.87111
33.1 14.7641 39.2898 54.1365 3.89122
33.2 14.8084 39.2696 54.1435 3.91139
33.3 14.8527 39.2494 54.1501 3.93161
33.4 14.897 39.2291 54.1565 3.95188
33.5 14.9413 39.2088 54.1625 3.9722
33.6 14.9856 39.1884 54.1683 3.99258
33.7 15.0299 39.168 54.1738 4.01302
33.8 15.0742 39.1475 54.179 4.0335
33.9 15.1184 39.127 54.1839 4.05404
34 15.1627 39.1064 54.1885 4.07464
34.1 15.207 39.0857 54.1929 4.09528
34.2 15.2513 39.065 54.197 4.11598
34.3 15.2955 39.0443 54.2008 4.13674
34.4 15.3398 39.0235 54.2044 4.15755
34.5 15.3841 39.0026 54.2077 4.17841
34.6 15.4283 38.9817 54.2107 4.19932
34.7 15.4726 38.9607 54.2135 4.22028
34.8 15.5168 38.9397 54.2159 4.2413
34.9 15.5611 38.9186 54.2182 4.26237
35 15.6053 38.8975 54.2202 4.2835
35.1 15.6496 38.8763 54.2219 4.30468
35.2 15.6938 38.8551 54.2233 4.32591
35.3 15.7381 38.8338 54.2246 4.34719
35.4 15.7823 38.8125 54.2255 4.36852
35.5 15.8265 38.7911 54.2262 4.38991
35.6 15.8708 38.7697 54.2267 4.41135
35.7 15.915 38.7482 54.2269 4.43284
35.8 15.9592 38.7266 54.2269 4.45439
35.9 16.0034 38.705 54.2266 4.47598
36 16.0477 38.6834 54.2261 4.49763
36.1 16.0919 38.6617 54.2254 4.51933
36.2 16.1361 38.6399 54.2244 4.54108
36.3 16.1803 38.6181 54.2232 4.56289
36.4 16.2245 38.5963 54.2218 4.58475
36.5 16.2687 38.5743 54.2201 4.60665
36.6 16.3129 38.5524 54.2182 4.62861
36.7 16.3571 38.5304 54.2161 4.65063
36.8 16.4013 38.5083 54.2137 4.67269
36.9 16.4455 38.4862 54.2111 4.6948
37 16.4897 38.464 54.2083 4.71697
37.1 16.5338 38.4418 54.2053 4.73919
37.2 16.578 38.4195 54.202 4.76146
37.3 16.6222 38.3972 54.1986 4.78378
37.4 16.6664 38.3749 54.1949 4.80615
37.5 16.7105 38.3524 54.191 4.82857
37.6 16.7547 38.33 54.1869 4.85105
37.7 16.7989 38.3074 54.1825 4.87357
37.8 16.843 38.2849 54.178 4.89615
37.9 16.8872 38.2622 54.1732 4.91877
38 16.9313 38.2395 54.1683 4.94145
38.1 16.9755 38.2168 54.1631 4.96418
38.2 17.0196 38.194 54.1578 4.98696
38.3 17.0638 38.1712 54.1522 5.00979
38.4 17.1079 38.1483 54.1464 5.03267
38.5 17.152 38.1254 54.1404 5.0556
38.6 17.1962 38.1024 54.1343 5.07858
38.7 17.2403 38.0794 54.1279 5.10161
38.8 17.2844 38.0563 54.1213 5.12469
38.9 17.3286 38.0332 54.1146 5.14782
39 17.3727 38.01 54.1076 5.171
39.1 17.4168 37.9868 54.1005 5.19423
39.2 17.4609 37.9635 54.0931 5.21751
39.3 17.505 37.9402 54.0856 5.24084
39.4 17.5491 37.9168 54.0779 5.26423
39.5 17.5932 37.8933 54.0699 5.28766
39.6 17.6373 37.8699 54.0619 5.31114
39.7 17.6814 37.8463 54.0536 5.33467
39.8 17.7255 37.8228 54.0451 5.35825
39.9 17.7696 37.7991 54.0365 5.38187
40 17.8137 37.7754 54.0276 5.40555
40.1 17.8577 37.7517 54.0186 5.42928
40.2 17.9018 37.7279 54.0094 5.45306
40.3 17.9459 37.7041 54.0001 5.47688
40.4 17.9899 37.6802 53.9905 5.50076
40.5 18.034 37.6563 53.9808 5.52468
40.6 18.0781 37.6323 53.9709 5.54866
40.7 18.1221 37.6083 53.9608 5.57268
40.8 18.1662 37.5843 53.9506 5.59675
40.9 18.2102 37.5601 53.9402 5.62087
41 18.2543 37.536 53.9296 5.64504
41.1 18.2983 37.5117 53.9189 5.66925
41.2 18.3423 37.4875 53.908 5.69352
41.3 18.3864 37.4632 53.8969 5.71783
41.4 18.4304 37.4388 53.8856 5.74219
41.5 18.4744 37.4144 53.8742 5.7666
41.6 18.5185 37.3899 53.8626 5.79106
41.7 18.5625 37.3654 53.8509 5.81557
41.8 18.6065 37.3409 53.839 5.84012
41.9 18.6505 37.3163 53.827 5.86472
42 18.6945 37.2916 53.8147 5.88938
42.1 18.7385 37.2669 53.8024 5.91407
42.2 18.7825 37.2422 53.7898 5.93882
42.3 18.8265 37.2174 53.7771 5.96361
42.4 18.8705 37.1925 53.7643 5.98845
42.5 18.9145 37.1677 53.7513 6.01334
42.6 18.9585 37.1427 53.7381 6.03828
42.7 19.0024 37.1177 53.7248 6.06326
42.8 19.0464 37.0927 53.7114 6.08829
42.9 19.0904 37.0676 53.6978 6.11337
43 19.1344 37.0425 53.684 6.1385
43.1 19.1783 37.0173 53.6701 6.16367
43.2 19.2223 36.9921 53.6561 6.18889
43.3 19.2662 36.9668 53.6419 6.21416
43.4 19.3102 36.9415 53.6276 6.23947
43.5 19.3541 36.9162 53.6131 6.26483
43.6 19.3981 36.8908 53.5984 6.29023
43.7 19.442 36.8653 53.5837 6.31569
43.8 19.486 36.8398 53.5688 6.34119
43.9 19.5299 36.8143 53.5537 6.36673
44 19.5738 36.7887 53.5385 6.39233
44.1 19.6177 36.763 53.5232 6.41797
44.2 19.6617 36.7373 53.5077 6.44365
44.3 19.7056 36.7116 53.4921 6.46938
44.4 19.7495 36.6858 53.4763 6.49516
44.5 19.7934 36.66 53.4605 6.52098
44.6 19.8373 36.6341 53.4444 6.54685
44.7 19.8812 36.6082 53.4283 6.57277
44.8 19.9251 36.5823 53.412 6.59873
44.9 19.969 36.5563 53.3956 6.62473
45 20.0128 36.5302 53.379 6.65078
45.1 20.0567 36.5041 53.3624 6.67688
45.2 20.1006 36.478 53.3455 6.70303
45.3 20.1445 36.4518 53.3286 6.72921
45.4 20.1883 36.4256 53.3115 6.75545
45.5 20.2322 36.3993 53.2943 6.78173
45.6 20.2761 36.373 53.277 6.80805
45.7 20.3199 36.3466 53.2596 6.83442
45.8 20.3638 36.3202 53.242 6.86083
45.9 20.4076 36.2937 53.2243 6.88729
46 20.4515 36.2672 53.2065 6.91379
46.1 20.4953 36.2407 53.1885 6.94034
46.2 20.5391 36.2141 53.1705 6.96694
46.3 20.583 36.1874 53.1523 6.99357
46.4 20.6268 36.1607 53.1339 7.02025
46.5 20.6706 36.134 53.1155 7.04698
46.6 20.7144 36.1072 53.097 7.07375
46.7 20.7582 36.0804 53.0783 7.10057
46.8 20.802 36.0536 53.0595 7.12742
46.9 20.8458 36.0267 53.0406 7.15433
47 20.8896 35.9997 53.0216 7.18127
47.1 20.9334 35.9727 53.0024 7.20827
47.2 20.9772 35.9457 52.9832 7.2353
47.3 21.021 35.9186 52.9638 7.26238
47.4 21.0648 35.8915 52.9443 7.2895
47.5 21.1085 35.8643 52.9247 7.31667
47.6 21.1523 35.8371 52.905 7.34387
47.7 21.1961 35.8099 52.8852 7.37113
47.8 21.2398 35.7826 52.8652 7.39842
47.9 21.2836 35.7552 52.8452 7.42576
48 21.3273 35.7279 52.825 7.45314
48.1 21.3711 35.7004 52.8048 7.48057
48.2 21.4148 35.673 52.7844 7.50804
48.3 21.4586 35.6455 52.7639 7.53555
48.4 21.5023 35.6179 52.7433 7.5631
48.5 21.546 35.5903 52.7226 7.5907
48.6 21.5897 35.5627 52.7018 7.61834
48.7 21.6334 35.535 52.6809 7.64602
48.8 21.6772 35.5073 52.6599 7.67374
48.9 21.7209 35.4795 52.6388 7.70151
49 21.7646 35.4517 52.6176 7.72932
49.1 21.8083 35.4238 52.5962 7.75717
49.2 21.852 35.3959 52.5748 7.78506
49.3 21.8956 35.368 52.5533 7.813
49.4 21.9393 35.34 52.5316 7.84098
49.5 21.983 35.312 52.5099 7.869
49.6 22.0267 35.2839 52.4881 7.89706
49.7 22.0703 35.2558 52.4661 7.92516
49.8 22.114 35.2277 52.4441 7.9533
49.9 22.1577 35.1995 52.422 7.98149
50 22.2013 35.1713 52.3997 8.00972
50.1 22.245 35.143 52.3774 8.03799
50.2 22.2886 35.1147 52.355 8.0663
50.3 22.3322 35.0864 52.3324 8.09465
50.4 22.3759 35.058 52.3098 8.12304
50.5 22.4195 35.0295 52.2871 8.15147
50.6 22.4631 35.0011 52.2643 8.17995
50.7 22.5067 34.9725 52.2414 8.20846
50.8 22.5504 34.944 52.2184 8.23702
50.9 22.594 34.9154 52.1953 8.26561
51 22.6376 34.8867 52.1721 8.29425
51.1 22.6812 34.8581 52.1488 8.32293
51.2 22.7248 34.8294 52.1255 8.35165
51.3 22.7683 34.8006 52.102 8.38041
51.4 22.8119 34.7718 52.0784 8.4092
51.5 22.8555 34.743 52.0548 8.43804
51.6 22.8991 34.7141 52.0311 8.46692
51.7 22.9426 34.6852 52.0072 8.49584
51.8 22.9862 34.6562 51.9833 8.5248
51.9 23.0298 34.6272 51.9593 8.5538
52 23.0733 34.5982 51.9352 8.58284
52.1 23.1168 34.5691 51.9111 8.61191
52.2 23.1604 34.54 51.8868 8.64103
52.3 23.2039 34.5108 51.8624 8.67019
52.4 23.2474 34.4816 51.838 8.69938
52.5 23.291 34.4524 51.8135 8.72862
52.6 23.3345 34.4231 51.7889 8.7579
52.7 23.378 34.3938 51.7642 8.78721
52.8 23.4215 34.3644 51.7394 8.81656
52.9 23.465 34.335 51.7145 8.84595
53 23.5085 34.3056 51.6896 8.87538
53.1 23.552 34.2761 51.6646 8.90485
53.2 23.5955 34.2466 51.6395 8.93436
53.3 23.639 34.2171 51.6143 8.96391
53.4 23.6824 34.1875 51.589 8.99349
53.5 23.7259 34.1579 51.5636 9.02312
53.6 23.7694 34.1282 51.5382 9.05278
53.7 23.8128 34.0985 51.5127 9.08248
53.8 23.8563 34.0688 51.4871 9.11221
53.9 23.8997 34.039 51.4614 9.14199
54 23.9432 34.0092 51.4357 9.1718
54.1 23.9866 33.9793 51.4098 9.20166
54.2 24.03 33.9495 51.3839 9.23154
54.3 24.0734 33.9195 51.3579 9.26147
54.4 24.1169 33.8896 51.3319 9.29144
54.5 24.1603 33.8596 51.3057 9.32144
54.6 24.2037 33.8295 51.2795 9.35148
54.7 24.2471 33.7994 51.2532 9.38155
54.8 24.2905 33.7693 51.2268 9.41167
54.9 24.3339 33.7392 51.2004 9.44182
55 24.3772 33.709 51.1738 9.47201
55.1 24.4206 33.6788 51.1472 9.50223
55.2 24.464 33.6485 51.1206 9.53249
55.3 24.5073 33.6182 51.0938 9.56279
55.4 24.5507 33.5879 51.067 9.59313
55.5 24.5941 33.5575 51.0401 9.6235
55.6 24.6374 33.5271 51.0131 9.65391
55.7 24.6807 33.4966 50.9861 9.68435
55.8 24.7241 33.4662 50.959 9.71483
55.9 24.7674 33.4357 50.9318 9.74535
56 24.8107 33.4051 50.9045 9.7759
56.1 24.8541 33.3745 50.8772 9.80649
56.2 24.8974 33.3439 50.8498 9.83712
56.3 24.9407 33.3132 50.8224 9.86778
56.4 24.984 33.2825 50.7948 9.89847
56.5 25.0273 33.2518 50.7672 9.9292
56.6 25.0705 33.221 50.7395 9.95997
56.7 25.1138 33.1902 50.7118 9.99077
56.8 25.1571 33.1594 50.684 10.0216
56.9 25.2004 33.1285 50.6561 10.0525
57 25.2436 33.0976 50.6281 10.0834
57.1 25.2869 33.0667 50.6001 10.1143
57.2 25.3301 33.0357 50.572 10.1453
57.3 25.3734 33.0047 50.5439 10.1763
57.4 25.4166 32.9736 50.5157 10.2074
57.5 25.4599 32.9425 50.4874 10.2385
57.6 25.5031 32.9114 50.459 10.2696
57.7 25.5463 32.8803 50.4306 10.3007
57.8 25.5895 32.8491 50.4021 10.3319
57.9 25.6327 32.8179 50.3736 10.3631
58 25.6759 32.7866 50.345 10.3944
58.1 25.7191 32.7553 50.3163 10.4257
58.2 25.7623 32.724 50.2876 10.457
58.3 25.8055 32.6926 50.2588 10.4884
58.4 25.8486 32.6612 50.2299 10.5198
58.5 25.8918 32.6298 50.201 10.5512
58.6 25.935 32.5984 50.172 10.5826
58.7 25.9781 32.5669 50.1429 10.6141
58.8 26.0213 32.5353 50.1138 10.6457
58.9 26.0644 32.5038 50.0846 10.6772
59 26.1075 32.4722 50.0554 10.7088
59.1 26.1507 32.4406 50.0261 10.7404
59.2 26.1938 32.4089 49.9967 10.7721
59.3 26.2369 32.3772 49.9673 10.8038
59.4 26.28 32.3455 49.9378 10.8355
59.5 26.3231 32.3137 49.9083 10.8673
59.6 26.3662 32.282 49.8787 10.899
59.7 26.4093 32.2501 49.849 10.9309
59.8 26.4524 32.2183 49.8193 10.9627
59.9 26.4955 32.1864 49.7895 10.9946
60 26.5385 32.1545 49.7597 11.0265
60.1 26.5816 32.1225 49.7298 11.0585
60.2 26.6246 32.0905 49.6998 11.0905
60.3 26.6677 32.0585 49.6698 11.1225
60.4 26.7107 32.0265 49.6398 11.1545
60.5 26.7538 31.9944 49.6096 11.1866
60.6 26.7968 31.9623 49.5794 11.2187
60.7 26.8398 31.9301 49.5492 11.2509
60.8 26.8828 31.898 49.5189 11.283
60.9 26.9258 31.8658 49.4886 11.3152
61 26.9688 31.8335 49.4582 11.3475
61.1 27.0118 31.8013 49.4277 11.3797
61.2 27.0548 31.769 49.3972 11.412
61.3 27.0978 31.7366 49.3666 11.4444
61.4 27.1408 31.7043 49.336 11.4767
61.5 27.1837 31.6719 49.3053 11.5091
61.6 27.2267 31.6395 49.2745 11.5415
61.7 27.2696 31.607 49.2438 11.574
61.8 27.3126 31.5745 49.2129 11.6065
61.9 27.3555 31.542 49.182 11.639
62 27.3984 31.5095 49.1511 11.6715
62.1 27.4413 31.4769 49.12 11.7041
62.2 27.4843 31.4443 49.089 11.7367
62.3 27.5272 31.4117 49.0579 11.7693
62.4 27.5701 31.379 49.0267 11.802
62.5 27.613 31.3463 48.9955 11.8347
62.6 27.6558 31.3136 48.9642 11.8674
62.7 27.6987 31.2808 48.9329 11.9002
62.8 27.7416 31.248 48.9015 11.933
62.9 27.7844 31.2152 48.8701 11.9658
63 27.8273 31.1824 48.8386 11.9986
63.1 27.8701 31.1495 48.8071 12.0315
63.2 27.913 31.1166 48.7756 12.0644
63.3 27.9558 31.0837 48.7439 12.0973
63.4 27.9986 31.0507 48.7123 12.1303
63.5 28.0415 31.0177 48.6805 12.1633
63.6 28.0843 30.9847 48.6488 12.1963
63.7 28.1271 30.9517 48.6169 12.2293
63.8 28.1699 30.9186 48.5851 12.2624
63.9 28.2127 30.8855 48.5531 12.2955
64 28.2554 30.8524 48.5212 12.3286
64.1 28.2982 30.8192 48.4892 12.3618
64.2 28.341 30.786 48.4571 12.395
64.3 28.3837 30.7528 48.425 12.4282
64.4 28.4265 30.7196 48.3928 12.4614
64.5 28.4692 30.6863 48.3606 12.4947
64.6 28.5119 30.653 48.3284 12.528
64.7 28.5547 30.6197 48.2961 12.5613
64.8 28.5974 30.5863 48.2637 12.5947
64.9 28.6401 30.553 48.2313 12.628
65 28.6828 30.5196 48.1989 12.6614
65.1 28.7255 30.4861 48.1664 12.6949
65.2 28.7682 30.4527 48.1338 12.7283
65.3 28.8109 30.4192 48.1013 12.7618
65.4 28.8535 30.3857 48.0686 12.7953
65.5 28.8962 30.3521 48.036 12.8289
65.6 28.9388 30.3185 48.0032 12.8625
65.7 28.9815 30.285 47.9705 12.896
65.8 29.0241 30.2513 47.9377 12.9297
65.9 29.0668 30.2177 47.9048 12.9633
66 29.1094 30.184 47.8719 12.997
66.1 29.152 30.1503 47.839 13.0307
66.2 29.1946 30.1166 47.806 13.0644
66.3 29.2372 30.0828 47.773 13.0982
66.4 29.2798 30.0491 47.7399 13.1319
66.5 29.3224 30.0152 47.7068 13.1658
66.6 29.3649 29.9814 47.6736 13.1996
66.7 29.4075 29.9476 47.6404 13.2334
66.8 29.4501 29.9137 47.6072 13.2673
66.9 29.4926 29.8798 47.5739 13.3012
67 29.5351 29.8458 47.5406 13.3352
67.1 29.5777 29.8119 47.5072 13.3691
67.2 29.6202 29.7779 47.4738 13.4031
67.3 29.6627 29.7439 47.4403 13.4371
67.4 29.7052 29.7099 47.4068 13.4711
67.5 29.7477 29.6758 47.3733 13.5052
67.6 29.7902 29.6417 47.3397 13.5393
67.7 29.8327 29.6076 47.3061 13.5734
67.8 29.8751 29.5735 47.2724 13.6075
67.9 29.9176 29.5393 47.2387 13.6417
68 29.9601 29.5052 47.205 13.6758
68.1 30.0025 29.471 47.1712 13.71
68.2 30.0449 29.4367 47.1373 13.7443
68.3 30.0874 29.4025 47.1035 13.7785
68.4 30.1298 29.3682 47.0696 13.8128
68.5 30.1722 29.3339 47.0356 13.8471
68.6 30.2146 29.2996 47.0016 13.8814
68.7 30.257 29.2653 46.9676 13.9157
68.8 30.2994 29.2309 46.9336 13.9501
68.9 30.3418 29.1965 46.8994 13.9845
69 30.3841 29.1621 46.8653 14.0189
69.1 30.4265 29.1276 46.8311 14.0534
69.2 30.4688 29.0932 46.7969 14.0878
69.3 30.5112 29.0587 46.7626 14.1223
69.4 30.5535 29.0242 46.7283 14.1568
69.5 30.5958 28.9897 46.694 14.1913
69.6 30.6381 28.9551 46.6596 14.2259
69.7 30.6804 28.9205 46.6252 14.2605
69.8 30.7227 28.8859 46.5908 14.2951
69.9 30.765 28.8513 46.5563 14.3297
70 30.8073 28.8167 46.5218 14.3643
70.1 30.8496 28.782 46.4872 14.399
70.2 30.8918 28.7473 46.4526 14.4337
70.3 30.9341 28.7126 46.418 14.4684
70.4 30.9763 28.6779 46.3833 14.5031
70.5 31.0185 28.6432 46.3486 14.5378
70.6 31.0607 28.6084 46.3138 14.5726
70.7 31.103 28.5736 46.2791 14.6074
70.8 31.1452 28.5388 46.2442 14.6422
70.9 31.1873 28.5039 46.2094 14.6771
71 31.2295 28.4691 46.1745 14.7119
71.1 31.2717 28.4342 46.1396 14.7468
71.2 31.3139 28.3993 46.1046 14.7817
71.3 31.356 28.3644 46.0696 14.8166
71.4 31.3982 28.3295 46.0346 14.8515
71.5 31.4403 28.2945 45.9995 14.8865
71.6 31.4824 28.2595 45.9644 14.9215
71.7 31.5245 28.2245 45.9293 14.9565
71.8 31.5666 28.1895 45.8941 14.9915
71.9 31.6087 28.1545 45.8589 15.0265
72 31.6508 28.1194 45.8237 15.0616
72.1 31.6929 28.0843 45.7884 15.0967
72.2 31.735 28.0492 45.7531 15.1318
72.3 31.777 28.0141 45.7177 15.1669
72.4 31.8191 27.979 45.6823 15.202
72.5 31.8611 27.9438 45.6469 15.2372
72.6 31.9031 27.9086 45.6115 15.2724
72.7 31.9452 27.8734 45.576 15.3076
72.8 31.9872 27.8382 45.5405 15.3428
72.9 32.0292 27.803 45.505 15.378
73 32.0711 27.7677 45.4694 15.4133
73.1 32.1131 27.7324 45.4338 15.4486
73.2 32.1551 27.6971 45.3981 15.4839
73.3 32.197 27.6618 45.3625 15.5192
73.4 32.239 27.6265 45.3267 15.5545
73.5 32.2809 27.5912 45.291 15.5898
73.6 32.3229 27.5558 45.2552 15.6252
73.7 32.3648 27.5204 45.2194 15.6606
73.8 32.4067 27.485 45.1836 15.696
73.9 32.4486 27.4496 45.1477 15.7314
74 32.4905 27.4142 45.1118 15.7668
74.1 32.5323 27.3787 45.0759 15.8023
74.2 32.5742 27.3432 45.0399 15.8378
74.3 32.616 27.3077 45.0039 15.8733
74.4 32.6579 27.2722 44.9679 15.9088
74.5 32.6997 27.2367 44.9318 15.9443
74.6 32.7415 27.2012 44.8958 15.9798
74.7 32.7834 27.1656 44.8596 16.0154
74.8 32.8252 27.13 44.8235 16.051
74.9 32.8669 27.0944 44.7873 16.0866
75 32.9087 27.0588 44.7511 16.1222
75.1 32.9505 27.0232 44.7149 16.1578
75.2 32.9923 26.9875 44.6786 16.1935
75.3 33.034 26.9519 44.6423 16.2291
75.4 33.0757 26.9162 44.6059 16.2648
75.5 33.1175 26.8805 44.5696 16.3005
75.6 33.1592 26.8448 44.5332 16.3362
75.7 33.2009 26.8091 44.4968 16.3719
75.8 33.2426 26.7733 44.4603 16.4077
75.9 33.2843 26.7376 44.4238 16.4434
76 33.3259 26.7018 44.3873 16.4792
76.1 33.3676 26.666 44.3508 16.515
76.2 33.4092 26.6302 44.3142 16.5508
76.3 33.4509 26.5944 44.2776 16.5866
76.4 33.4925 26.5586 44.241 16.6224
76.5 33.5341 26.5227 44.2043 16.6583
76.6 33.5757 26.4869 44.1677 16.6941
76.7 33.6173 26.451 44.131 16.73
76.8 33.6589 26.4151 44.0942 16.7659
76.9 33.7005 26.3792 44.0574 16.8018
77 33.742 26.3433 44.0206 16.8377
77.1 33.7836 26.3073 43.9838 16.8737
77.2 33.8251 26.2714 43.947 16.9096
77.3 33.8666 26.2354 43.9101 16.9456
77.4 33.9081 26.1994 43.8732 16.9816
77.5 33.9496 26.1634 43.8362 17.0176
77.6 33.9911 26.1274 43.7993 17.0536
77.7 34.0326 26.0914 43.7623 17.0896
77.8 34.0741 26.0554 43.7253 17.1256
77.9 34.1155 26.0193 43.6882 17.1617
78 34.157 25.9832 43.6512 17.1978
78.1 34.1984 25.9472 43.6141 17.2338
78.2 34.2398 25.9111 43.5769 17.2699
78.3 34.2812 25.875 43.5398 17.306
78.4 34.3226 25.8389 43.5026 17.3421
78.5 34.364 25.8027 43.4654 17.3783
78.6 34.4054 25.7666 43.4282 17.4144
78.7 34.4467 25.7304 43.3909 17.4506
78.8 34.4881 25.6943 43.3536 17.4867
78.9 34.5294 25.6581 43.3163 17.5229
79 34.5707 25.6219 43.279 17.5591
79.1 34.612 25.5857 43.2416 17.5953
79.2 34.6533 25.5495 43.2042 17.6315
79.3 34.6946 25.5133 43.1668 17.6677
79.4 34.7359 25.477 43.1293 17.704
79.5 34.7772 25.4408 43.0919 17.7402
79.6 34.8184 25.4045 43.0544 17.7765
79.7 34.8596 25.3682 43.0169 17.8128
79.8 34.9009 25.3319 42.9793 17.8491
79.9 34.9421 25.2956 42.9418 17.8854
80 34.9833 25.2593 42.9042 17.9217
80.1 35.0245 25.223 42.8665 17.958
80.2 35.0656 25.1867 42.8289 17.9943
80.3 35.1068 25.1503 42.7912 18.0307
80.4 35.1479 25.114 42.7535 18.067
80.5 35.1891 25.0776 42.7158 18.1034
80.6 35.2302 25.0412 42.6781 18.1398
80.7 35.2713 25.0049 42.6403 18.1761
80.8 35.3124 24.9685 42.6025 18.2125
80.9 35.3535 24.9321 42.5647 18.2489
81 35.3946 24.8956 42.5269 18.2854
81.1 35.4356 24.8592 42.489 18.3218
81.2 35.4767 24.8228 42.4511 18.3582
81.3 35.5177 24.7863 42.4132 18.3947
81.4 35.5587 24.7499 42.3753 18.4311
81.5 35.5997 24.7134 42.3373 18.4676
81.6 35.6407 24.6769 42.2993 18.5041
81.7 35.6817 24.6405 42.2613 18.5405
81.8 35.7227 24.604 42.2233 18.577
81.9 35.7636 24.5675 42.1852 18.6135
82 35.8046 24.5309 42.1471 18.6501
82.1 35.8455 24.4944 42.109 18.6866
82.2 35.8864 24.4579 42.0709 18.7231
82.3 35.9273 24.4214 42.0328 18.7596
82.4 35.9682 24.3848 41.9946 18.7962
82.5 36.0091 24.3483 41.9564 18.8327
82.6 36.0499 24.3117 41.9182 18.8693
82.7 36.0908 24.2751 41.88 18.9059
82.8 36.1316 24.2385 41.8417 18.9425
82.9 36.1724 24.2019 41.8034 18.9791
83 36.2132 24.1653 41.7651 19.0157
83.1 36.254 24.1287 41.7268 19.0523
83.2 36.2948 24.0921 41.6884 19.0889
83.3 36.3355 24.0555 41.6501 19.1255
83.4 36.3763 24.0189 41.6117 19.1621
83.5 36.417 23.9823 41.5732 19.1987
83.6 36.4577 23.9456 41.5348 19.2354
83.7 36.4984 23.909 41.4963 19.272
83.8 36.5391 23.8723 41.4579 19.3087
83.9 36.5798 23.8356 41.4193 19.3454
84 36.6205 23.799 41.3808 19.382
84.1 36.6611 23.7623 41.3423 19.4187
84.2 36.7018 23.7256 41.3037 19.4554
84.3 36.7424 23.6889 41.2651 19.4921
84.4 36.783 23.6522 41.2265 19.5288
84.5 36.8236 23.6155 41.1879 19.5655
84.6 36.8642 23.5788 41.1492 19.6022
84.7 36.9047 23.5421 41.1105 19.6389
84.8 36.9453 23.5054 41.0718 19.6756
84.9 36.9858 23.4687 41.0331 19.7123
85 37.0263 23.4319 40.9944 19.7491
85.1 37.0668 23.3952 40.9556 19.7858
85.2 37.1073 23.3584 40.9168 19.8226
85.3 37.1478 23.3217 40.878 19.8593
85.4 37.1882 23.2849 40.8392 19.8961
85.5 37.2287 23.2482 40.8004 19.9328
85.6 37.2691 23.2114 40.7615 19.9696
85.7 37.3095 23.1746 40.7226 20.0064
85.8 37.3499 23.1379 40.6837 20.0431
85.9 37.3903 23.1011 40.6448 20.0799
86 37.4307 23.0643 40.6058 20.1167
86.1 37.471 23.0275 40.5669 20.1535
86.2 37.5114 22.9907 40.5279 20.1903
86.3 37.5517 22.9539 40.4889 20.2271
86.4 37.592 22.9171 40.4499 20.2639
86.5 37.6323 22.8803 40.4108 20.3007
86.6 37.6726 22.8435 40.3718 20.3375
86.7 37.7128 22.8067 40.3327 20.3743
86.8 37.7531 22.7699 40.2936 20.4111
86.9 37.7933 22.7331 40.2544 20.4479
87 37.8335 22.6963 40.2153 20.4847
87.1 37.8737 22.6594 40.1761 20.5216
87.2 37.9139 22.6226 40.137 20.5584
87.3 37.954 22.5858 40.0978 20.5952
87.4 37.9942 22.5489 40.0585 20.6321
87.5 38.0343 22.5121 40.0193 20.6689
87.6 38.0744 22.4752 39.98 20.7058
87.7 38.1145 22.4384 39.9408 20.7426
87.8 38.1546 22.4016 39.9015 20.7794
87.9 38.1947 22.3647 39.8622 20.8163
88 38.2348 22.3279 39.8228 20.8531
88.1 38.2748 22.291 39.7835 20.89
88.2 38.3148 22.2541 39.7441 20.9269
88.3 38.3548 22.2173 39.7047 20.9637
88.4 38.3948 22.1804 39.6653 21.0006
88.5 38.4348 22.1436 39.6259 21.0374
88.6 38.4747 22.1067 39.5864 21.0743
88.7 38.5147 22.0698 39.547 21.1112
88.8 38.5546 22.033 39.5075 21.148
88.9 38.5945 21.9961 39.468 21.1849
89 38.6344 21.9592 39.4285 21.2218
89.1 38.6742 21.9224 39.3889 21.2586
89.2 38.7141 21.8855 39.3494 21.2955
89.3 38.7539 21.8486 39.3098 21.3324
89.4 38.7937 21.8117 39.2702 21.3693
89.5 38.8335 21.7749 39.2306 21.4061
89.6 38.8733 21.738 39.191 21.443
89.7 38.9131 21.7011 39.1513 21.4799
89.8 38.9528 21.6643 39.1117 21.5167
89.9 38.9926 21.6274 39.072 21.5536
90 39.0323 21.5905 39.0323 21.5905
90.1 39.072 21.5536 38.9926 21.6274
90.2 39.1117 21.5167 38.9528 21.6643
90.3 39.1513 21.4799 38.9131 21.7011
90.4 39.191 21.443 38.8733 21.738
90.5 39.2306 21.4061 38.8335 21.7749
90.6 39.2702 21.3693 38.7937 21.8117
90.7 39.3098 21.3324 38.7539 21.8486
90.8 39.3494 21.2955 38.7141 21.8855
90.9 39.3889 21.2586 38.6742 21.9224
91 39.4285 21.2218 38.6344 21.9592
91.1 39.468 21.1849 38.5945 21.9961
91.2 39.5075 21.148 38.5546 22.033
91.3 39.547 21.1112 38.5147 22.0698
91.4 39.5864 21.0743 38.4747 22.1067
91.5 39.6259 21.0374 38.4348 22.1436
91.6 39.6653 21.0006 38.3948 22.1804
91.7 39.7047 20.9637 38.3548 22.2173
91.8 39.7441 20.9269 38.3148 22.2541
91.9 39.7835 20.89 38.2748 22.291
92 39.8228 20.8531 38.2348 22.3279
92.1 39.8622 20.8163 38.1947 22.3647
92.2 39.9015 20.7794 38.1546 22.4016
92.3 39.9408 20.7426 38.1145 22.4384
92.4 39.98 20.7058 38.0744 22.4752
92.5 40.0193 20.6689 38.0343 22.5121
92.6 40.0585 20.6321 37.9942 22.5489
92.7 40.0978 20.5952 37.954 22.5858
92.8 40.137 20.5584 37.9139 22.6226
92.9 40.1761 20.5216 37.8737 22.6594
93 40.2153 20.4847 37.8335 22.6963
93.1 40.2544 20.4479 37.7933 22.7331
93.2 40.2936 20.4111 37.7531 22.7699
93.3 40.3327 20.3743 37.7128 22.8067
93.4 40.3718 20.3375 37.6726 22.8435
93.5 40.4108 20.3007 37.6323 22.8803
93.6 40.4499 20.2639 37.592 22.9171
93.7 40.4889 20.2271 37.5517 22.9539
93.8 40.5279 20.1903 37.5114 22.9907
93.9 40.5669 20.1535 37.471 23.0275
94 40.6058 20.1167 37.4307 23.0643
94.1 40.6448 20.0799 37.3903 23.1011
94.2 40.6837 20.0431 37.3499 23.1379
94.3 40.7226 20.0064 37.3095 23.1746
94.4 40.7615 19.9696 37.2691 23.2114
94.5 40.8004 19.9328 37.2287 23.2482
94.6 40.8392 19.8961 37.1882 23.2849
94.7 40.878 19.8593 37.1478 23.3217
94.8 40.9168 19.8226 37.1073 23.3584
94.9 40.9556 19.7858 37.0668 23.3952
95 40.9944 19.7491 37.0263 23.4319
95.1 41.0331 19.7123 36.9858 23.4687
95.2 41.0718 19.6756 36.9453 23.5054
95.3 41.1105 19.6389 36.9047 23.5421
95.4 41.1492 19.6022 36.8642 23.5788
95.5 41.1879 19.5655 36.8236 23.6155
95.6 41.2265 19.5288 36.783 23.6522
95.7 41.2651 19.4921 36.7424 23.6889
95.8 41.3037 19.4554 36.7018 23.7256
95.9 41.3423 19.4187 36.6611 23.7623
96 41.3808 19.382 36.6205 23.799
96.1 41.4193 19.3454 36.5798 23.8356
96.2 41.4579 19.3087 36.5391 23.8723
96.3 41.4963 19.272 36.4984 23.909
96.4 41.5348 19.2354 36.4577 23.9456
96.5 41.5732 19.1987 36.417 23.9823
96.6 41.6117 19.1621 36.3763 24.0189
96.7 41.6501 19.1255 36.3355 24.0555
96.8 41.6884 19.0889 36.2948 24.0921
96.9 41.7268 19.0523 36.254 24.1287
97 41.7651 19.0157 36.2132 24.1653
97.1 41.8034 18.9791 36.1724 24.2019
97.2 41.8417 18.9425 36.1316 24.2385
97.3 41.88 18.9059 36.0908 24.2751
97.4 41.9182 18.8693 36.0499 24.3117
97.5 41.9564 18.8327 36.0091 24.3483
97.6 41.9946 18.7962 35.9682 24.3848
97.7 42.0328 18.7596 35.9273 24.4214
97.8 42.0709 18.7231 35.8864 24.4579
97.9 42.109 18.6866 35.8455 24.4944
98 42.1471 18.6501 35.8046 24.5309
98.1 42.1852 18.6135 35.7636 24.5675
98.2 42.2233 18.577 35.7227 24.604
98.3 42.2613 18.5405 35.6817 24.6405
98.4 42.2993 18.5041 35.6407 24.6769
98.5 42.3373 18.4676 35.5997 24.7134
98.6 42.3753 18.4311 35.5587 24.7499
98.7 42.4132 18.3947 35.5177 24.7863
98.8 42.4511 18.3582 35.4767 24.8228
98.9 42.489 18.3218 35.4356 24.8592
99 42.5269 18.2854 35.3946 24.8956
99.1 42.5647 18.2489 35.3535 24.9321
99.2 42.6025 18.2125 35.3124 24.9685
99.3 42.6403 18.1761 35.2713 25.0049
99.4 42.6781 18.1398 35.2302 25.0412
99.5 42.7158 18.1034 35.1891 25.0776
99.6 42.7535 18.067 35.1479 25.114
99.7 42.7912 18.0307 35.1068 25.1503
99.8 42.8289 17.9943 35.0656 25.1867
99.9 42.8665 17.958 35.0245 25.223
100 42.9042 17.9217 34.9833 25.2593
100.1 42.9418 17.8854 34.9421 25.2956
100.2 42.9793 17.8491 34.9009 25.3319
100.3 43.0169 17.8128 34.8596 25.3682
100.4 43.0544 17.7765 34.8184 25.4045
100.5 43.0919 17.7402 34.7772 25.4408
100.6 43.1293 17.704 34.7359 25.477
100.7 43.1668 17.6677 34.6946 25.5133
100.8 43.2042 17.6315 34.6533 25.5495
100.9 43.2416 17.5953 34.612 25.5857
101 43.279 17.5591 34.5707 25.6219
101.1 43.3163 17.5229 34.5294 25.6581
101.2 43.3536 17.4867 34.4881 25.6943
101.3 43.3909 17.4506 34.4467 25.7304
101.4 43.4282 17.4144 34.4054 25.7666
101.5 43.4654 17.3783 34.364 25.8027
101.6 43.5026 17.3421 34.3226 25.8389
101.7 43.5398 17.306 34.2812 25.875
101.8 43.5769 17.2699 34.2398 25.9111
101.9 43.6141 17.2338 34.1984 25.9472
102 43.6512 17.1978 34.157 25.9832
102.1 43.6882 17.1617 34.1155 26.0193
102.2 43.7253 17.1256 34.0741 26.0554
102.3 43.7623 17.0896 34.0326 26.0914
102.4 43.7993 17.0536 33.9911 26.1274
102.5 43.8362 17.0176 33.9496 26.1634
102.6 43.8732 16.9816 33.9081 26.1994
102.7 43.9101 16.9456 33.8666 26.2354
102.8 43.947 16.9096 33.8251 26.2714
102.9 43.9838 16.8737 33.7836 26.3073
103 44.0206 16.8377 33.742 26.3433
103.1 44.0574 16.8018 33.7005 26.3792
103.2 44.0942 16.7659 33.6589 26.4151
103.3 44.131 16.73 33.6173 26.451
103.4 44.1677 16.6941 33.5757 26.4869
103.5 44.2043 16.6583 33.5341 26.5227
103.6 44.241 16.6224 33.4925 26.5586
103.7 44.2776 16.5866 33.4509 26.5944
103.8 44.3142 16.5508 33.4092 26.6302
103.9 44.3508 16.515 33.3676 26.666
104 44.3873 16.4792 33.3259 26.7018
104.1 44.4238 16.4434 33.2843 26.7376
104.2 44.4603 16.4077 33.2426 26.7733
104.3 44.4968 16.3719 33.2009 26.8091
104.4 44.5332 16.3362 33.1592 26.8448
104.5 44.5696 16.3005 33.1175 26.8805
104.6 44.6059 16.2648 33.0757 26.9162
104.7 44.6423 16.2291 33.034 26.9519
104.8 44.6786 16.1935 32.9923 26.9875
104.9 44.7149 16.1578 32.9505 27.0232
105 44.7511 16.1222 32.9087 27.0588
105.1 44.7873 16.0866 32.8669 27.0944
105.2 44.8235 16.051 32.8252 27.13
105.3 44.8596 16.0154 32.7834 27.1656
105.4 44.8958 15.9798 32.7415 27.2012
105.5 44.9318 15.9443 32.6997 27.2367
105.6 44.9679 15.9088 32.6579 27.2722
105.7 45.0039 15.8733 32.616 27.3077
105.8 45.0399 15.8378 32.5742 27.3432
105.9 45.0759 15.8023 32.5323 27.3787
106 45.1118 15.7668 32.4905 27.4142
106.1 45.1477 15.7314 32.4486 27.4496
106.2 45.1836 15.696 32.4067 27.485
106.3 45.2194 15.6606 32.3648 27.5204
106.4 45.2552 15.6252 32.3229 27.5558
106.5 45.291 15.5898 32.2809 27.5912
106.6 45.3267 15.5545 32.239 27.6265
106.7 45.3625 15.5192 32.197 27.6618
106.8 45.3981 15.4839 32.1551 27.6971
106.9 45.4338 15.4486 32.1131 27.7324
107 45.4694 15.4133 32.0711 27.7677
107.1 45.505 15.378 32.0292 27.803
107.2 45.5405 15.3428 31.9872 27.8382
107.3 45.576 15.3076 31.9452 27.8734
107.4 45.6115 15.2724 31.9031 27.9086
107.5 45.6469 15.2372 31.8611 27.9438
107.6 45.6823 15.202 31.8191 27.979
107.7 45.7177 15.1669 31.777 28.0141
107.8 45.7531 15.1318 31.735 28.0492
107.9 45.7884 15.0967 31.6929 28.0843
108 45.8237 15.0616 31.6508 28.1194
108.1 45.8589 15.0265 31.6087 28.1545
108.2 45.8941 14.9915 31.5666 28.1895
108.3 45.9293 14.9565 31.5245 28.2245
108.4 45.9644 14.9215 31.4824 28.2595
108.5 45.9995 14.8865 31.4403 28.2945
108.6 46.0346 14.8515 31.3982 28.3295
108.7 46.0696 14.8166 31.356 28.3644
108.8 46.1046 14.7817 31.3139 28.3993
108.9 46.1396 14.7468 31.2717 28.4342
109 46.1745 14.7119 31.2295 28.4691
109.1 46.2094 14.6771 31.1873 28.5039
109.2 46.2442 14.6422 31.1452 28.5388
109.3 46.2791 14.6074 31.103 28.5736
109.4 46.3138 14.5726 31.0607 28.6084
109.5 46.3486 14.5378 31.0185 28.6432
109.6 46.3833 14.5031 30.9763 28.6779
109.7 46.418 14.4684 30.9341 28.7126
109.8 46.4526 14.4337 30.8918 28.7473
109.9 46.4872 14.399 30.8496 28.782
110 46.5218 14.3643 30.8073 28.8167
110.1 46.5563 14.3297 30.765 28.8513
110.2 46.5908 14.2951 30.7227 28.8859
110.3 46.6252 14.2605 30.6804 28.9205
110.4 46.6596 14.2259 30.6381 28.9551
110.5 46.694 14.1913 30.5958 28.9897
110.6 46.7283 14.1568 30.5535 29.0242
110.7 46.7626 14.1223 30.5112 29.0587
110.8 46.7969 14.0878 30.4688 29.0932
110.9 46.8311 14.0534 30.4265 29.1276
111 46.8653 14.0189 30.3841 29.1621
111.1 46.8994 13.9845 30.3418 29.1965
111.2 46.9336 13.9501 30.2994 29.2309
111.3 46.9676 13.9157 30.257 29.2653
111.4 47.0016 13.8814 30.2146 29.2996
111.5 47.0356 13.8471 30.1722 29.3339
111.6 47.0696 13.8128 30.1298 29.3682
111.7 47.1035 13.7785 30.0874 29.4025
111.8 47.1373 13.7443 30.0449 29.4367
111.9 47.1712 13.71 30.0025 29.471
112 47.205 13.6758 29.9601 29.5052
112.1 47.2387 13.6417 29.9176 29.5393
112.2 47.2724 13.6075 29.8751 29.5735
112.3 47.3061 13.5734 29.8327 29.6076
112.4 47.3397 13.5393 29.7902 29.6417
112.5 47.3733 13.5052 29.7477 29.6758
112.6 47.4068 13.4711 29.7052 29.7099
112.7 47.4403 13.4371 29.6627 29.7439
112.8 47.4738 13.4031 29.6202 29.7779
112.9 47.5072 13.3691 29.5777 29.8119
113 47.5406 13.3352 29.5351 29.8458
113.1 47.5739 13.3012 29.4926 29.8798
113.2 47.6072 13.2673 29.4501 29.9137
113.3 47.6404 13.2334 29.4075 29.9476
113.4 47.6736 13.1996 29.3649 29.9814
113.5 47.7068 13.1658 29.3224 30.0152
113.6 47.7399 13.1319 29.2798 30.0491
113.7 47.773 13.0982 29.2372 30.0828
113.8 47.806 13.0644 29.1946 30.1166
113.9 47.839 13.0307 29.152 30.1503
114 47.8719 12.997 29.1094 30.184
114.1 47.9048 12.9633 29.0668 30.2177
114.2 47.9377 12.9297 29.0241 30.2513
114.3 47.9705 12.896 28.9815 30.285
114.4 48.0032 12.8625 28.9388 30.3185
114.5 48.036 12.8289 28.8962 30.3521
114.6 48.0686 12.7953 28.8535 30.3857
114.7 48.1013 12.7618 28.8109 30.4192
114.8 48.1338 12.7283 28.7682 30.4527
114.9 48.1664 12.6949 28.7255 30.4861
115 48.1989 12.6614 28.6828 30.5196
115.1 48.2313 12.628 28.6401 30.553
115.2 48.2637 12.5947 28.5974 30.5863
115.3 48.2961 12.5613 28.5547 30.6197
115.4 48.3284 12.528 28.5119 30.653
115.5 48.3606 12.4947 28.4692 30.6863
115.6 48.3928 12.4614 28.4265 30.7196
115.7 48.425 12.4282 28.3837 30.7528
115.8 48.4571 12.395 28.341 30.786
115.9 48.4892 12.3618 28.2982 30.8192
116 48.5212 12.3286 28.2554 30.8524
116.1 48.5531 12.2955 28.2127 30.8855
116.2 48.5851 12.2624 28.1699 30.9186
116.3 48.6169 12.2293 28.1271 30.9517
116.4 48.6488 12.1963 28.0843 30.9847
116.5 48.6805 12.1633 28.0415 31.0177
116.6 48.7123 12.1303 27.9986 31.0507
116.7 48.7439 12.0973 27.9558 31.0837
116.8 48.7756 12.0644 27.913 31.1166
116.9 48.8071 12.0315 27.8701 31.1495
117 48.8386 11.9986 27.8273 31.1824
117.1 48.8701 11.9658 27.7844 31.2152
117.2 48.9015 11.933 27.7416 31.248
117.3 48.9329 11.9002 27.6987 31.2808
117.4 48.9642 11.8674 27.6558 31.3136
117.5 48.9955 11.8347 27.613 31.3463
117.6 49.0267 11.802 27.5701 31.379
117.7 49.0579 11.7693 27.5272 31.4117
117.8 49.089 11.7367 27.4843 31.4443
117.9 49.12 11.7041 27.4413 31.4769
118 49.1511 11.6715 27.3984 31.5095
118.1 49.182 11.639 27.3555 31.542
118.2 49.2129 11.6065 27.3126 31.5745
118.3 49.2438 11.574 27.2696 31.607
118.4 49.2745 11.5415 27.2267 31.6395
118.5 49.3053 11.5091 27.1837 31.6719
118.6 49.336 11.4767 27.1408 31.7043
118.7 49.3666 11.4444 27.0978 31.7366
118.8 49.3972 11.412 27.0548 31.769
118.9 49.4277 11.3797 27.0118 31.8013
119 49.4582 11.3475 26.9688 31.8335
119.1 49.4886 11.3152 26.9258 31.8658
119.2 49.5189 11.283 26.8828 31.898
119.3 49.5492 11.2509 26.8398 31.9301
119.4 49.5794 11.2187 26.7968 31.9623
119.5 49.6096 11.1866 26.7538 31.9944
119.6 49.6398 11.1545 26.7107 32.0265
119.7 49.6698 11.1225 26.6677 32.0585
119.8 49.6998 11.0905 26.6246 32.0905
119.9 49.7298 11.0585 26.5816 32.1225
120 49.7597 11.0265 26.5385 32.1545
120.1 49.7895 10.9946 26.4955 32.1864
120.2 49.8193 10.9627 26.4524 32.2183
120.3 49.849 10.9309 26.4093 32.2501
120.4 49.8787 10.899 26.3662 32.282
120.5 49.9083 10.8673 26.3231 32.3137
120.6 49.9378 10.8355 26.28 32.3455
120.7 49.9673 10.8038 26.2369 32.3772
120.8 49.9967 10.7721 26.1938 32.4089
120.9 50.0261 10.7404 26.1507 32.4406
121 50.0554 10.7088 26.1075 32.4722
121.1 50.0846 10.6772 26.0644 32.5038
121.2 50.1138 10.6457 26.0213 32.5353
121.3 50.1429 10.6141 25.9781 32.5669
121.4 50.172 10.5826 25.935 32.5984
121.5 50.201 10.5512 25.8918 32.6298
121.6 50.2299 10.5198 25.8486 32.6612
121.7 50.2588 10.4884 25.8055 32.6926
121.8 50.2876 10.457 25.7623 32.724
121.9 50.3163 10.4257 25.7191 32.7553
122 50.345 10.3944 25.6759 32.7866
122.1 50.3736 10.3631 25.6327 32.8179
122.2 50.4021 10.3319 25.5895 32.8491
122.3 50.4306 10.3007 25.5463 32.8803
122.4 50.459 10.2696 25.5031 32.9114
122.5 50.4874 10.2385 25.4599 32.9425
122.6 50.5157 10.2074 25.4166 32.9736
122.7 50.5439 10.1763 25.3734 33.0047
122.8 50.572 10.1453 25.3301 33.0357
122.9 50.6001 10.1143 25.2869 33.0667
123 50.6281 10.0834 25.2436 33.0976
123.1 50.6561 10.0525 25.2004 33.1285
123.2 50.684 10.0216 25.1571 33.1594
123.3 50.7118 9.99077 25.1138 33.1902
123.4 50.7395 9.95997 25.0705 33.221
123.5 50.7672 9.9292 25.0273 33.2518
123.6 50.7948 9.89847 24.984 33.2825
123.7 50.8224 9.86778 24.9407 33.3132
123.8 50.8498 9.83712 24.8974 33.3439
123.9 50.8772 9.80649 24.8541 33.3745
124 50.9045 9.7759 24.8107 33.4051
124.1 50.9318 9.74535 24.7674 33.4357
124.2 50.959 9.71483 24.7241 33.4662
124.3 50.9861 9.68435 24.6807 33.4966
124.4 51.0131 9.65391 24.6374 33.5271
124.5 51.0401 9.6235 24.5941 33.5575
124.6 51.067 9.59313 24.5507 33.5879
124.7 51.0938 9.56279 24.5073 33.6182
124.8 51.1206 9.53249 24.464 33.6485
124.9 51.1472 9.50223 24.4206 33.6788
125 51.1738 9.47201 24.3772 33.709
125.1 51.2004 9.44182 24.3339 33.7392
125.2 51.2268 9.41167 24.2905 33.7693
125.3 51.2532 9.38155 24.2471 33.7994
125.4 51.2795 9.35148 24.2037 33.8295
125.5 51.3057 9.32144 24.1603 33.8596
125.6 51.3319 9.29144 24.1169 33.8896
125.7 51.3579 9.26147 24.0734 33.9195
125.8 51.3839 9.23154 24.03 33.9495
125.9 51.4098 9.20166 23.9866 33.9793
126 51.4357 9.1718 23.9432 34.0092
126.1 51.4614 9.14199 23.8997 34.039
126.2 51.4871 9.11221 23.8563 34.0688
126.3 51.5127 9.08248 23.8128 34.0985
126.4 51.5382 9.05278 23.7694 34.1282
126.5 51.5636 9.02312 23.7259 34.1579
126.6 51.589 8.99349 23.6824 34.1875
126.7 51.6143 8.96391 23.639 34.2171
126.8 51.6395 8.93436 23.5955 34.2466
126.9 51.6646 8.90485 23.552 34.2761
127 51.6896 8.87538 23.5085 34.3056
127.1 51.7145 8.84595 23.465 34.335
127.2 51.7394 8.81656 23.4215 34.3644
127.3 51.7642 8.78721 23.378 34.3938
127.4 51.7889 8.7579 23.3345 34.4231
127.5 51.8135 8.72862 23.291 34.4524
127.6 51.838 8.69938 23.2474 34.4816
127.7 51.8624 8.67019 23.2039 34.5108
127.8 51.8868 8.64103 23.1604 34.54
127.9 51.9111 8.61191 23.1168 34.5691
128 51.9352 8.58284 23.0733 34.5982
128.1 51.9593 8.5538 23.0298 34.6272
128.2 51.9833 8.5248 22.9862 34.6562
128.3 52.0072 8.49584 22.9426 34.6852
128.4 52.0311 8.46692 22.8991 34.7141
128.5 52.0548 8.43804 22.8555 34.743
128.6 52.0784 8.4092 22.8119 34.7718
128.7 52.102 8.38041 22.7683 34.8006
128.8 52.1255 8.35165 22.7248 34.8294
128.9 52.1488 8.32293 22.6812 34.8581
129 52.1721 8.29425 22.6376 34.8867
129.1 52.1953 8.26561 22.594 34.9154
129.2 52.2184 8.23702 22.5504 34.944
129.3 52.2414 8.20846 22.5067 34.9725
129.4 52.2643 8.17995 22.4631 35.0011
129.5 52.2871 8.15147 22.4195 35.0295
129.6 52.3098 8.12304 22.3759 35.058
129.7 52.3324 8.09465 22.3322 35.0864
129.8 52.355 8.0663 22.2886 35.1147
129.9 52.3774 8.03799 22.245 35.143
130 52.3997 8.00972 22.2013 35.1713
130.1 52.422 7.98149 22.1577 35.1995
130.2 52.4441 7.9533 22.114 35.2277
130.3 52.4661 7.92516 22.0703 35.2558
130.4 52.4881 7.89706 22.0267 35.2839
130.5 52.5099 7.869 21.983 35.312
130.6 52.5316 7.84098 21.9393 35.34
130.7 52.5533 7.813 21.8956 35.368
130.8 52.5748 7.78506 21.852 35.3959
130.9 52.5962 7.75717 21.8083 35.4238
131 52.6176 7.72932 21.7646 35.4517
131.1 52.6388 7.70151 21.7209 35.4795
131.2 52.6599 7.67374 21.6772 35.5073
131.3 52.6809 7.64602 21.6334 35.535
131.4 52.7018 7.61834 21.5897 35.5627
131.5 52.7226 7.5907 21.546 35.5903
131.6 52.7433 7.5631 21.5023 35.6179
131.7 52.7639 7.53555 21.4586 35.6455
131.8 52.7844 7.50804 21.4148 35.673
131.9 52.8048 7.48057 21.3711 35.7004
132 52.825 7.45314 21.3273 35.7279
132.1 52.8452 7.42576 21.2836 35.7552
132.2 52.8652 7.39842 21.2398 35.7826
132.3 52.8852 7.37113 21.1961 35.8099
132.4 52.905 7.34387 21.1523 35.8371
132.5 52.9247 7.31667 21.1085 35.8643
132.6 52.9443 7.2895 21.0648 35.8915
132.7 52.9638 7.26238 21.021 35.9186
132.8 52.9832 7.2353 20.9772 35.9457
132.9 53.0024 7.20827 20.9334 35.9727
133 53.0216 7.18127 20.8896 35.9997
133.1 53.0406 7.15433 20.8458 36.0267
133.2 53.0595 7.12742 20.802 36.0536
133.3 53.0783 7.10057 20.7582 36.0804
133.4 53.097 7.07375 20.7144 36.1072
133.5 53.1155 7.04698 20.6706 36.134
133.6 53.1339 7.02025 20.6268 36.1607
133.7 53.1523 6.99357 20.583 36.1874
133.8 53.1705 6.96694 20.5391 36.2141
133.9 53.1885 6.94034 20.4953 36.2407
134 53.2065 6.91379 20.4515 36.2672
134.1 53.2243 6.88729 20.4076 36.2937
134.2 53.242 6.86083 20.3638 36.3202
134.3 53.2596 6.83442 20.3199 36.3466
134.4 53.277 6.80805 20.2761 36.373
134.5 53.2943 6.78173 20.2322 36.3993
134.6 53.3115 6.75545 20.1883 36.4256
134.7 53.3286 6.72921 20.1445 36.4518
134.8 53.3455 6.70303 20.1006 36.478
134.9 53.3624 6.67688 20.0567 36.5041
135 53.379 6.65078 20.0128 36.5302
135.1 53.3956 6.62473 19.969 36.5563
135.2 53.412 6.59873 19.9251 36.5823
135.3 53.4283 6.57277 19.8812 36.6082
135.4 53.4444 6.54685 19.8373 36.6341
135.5 53.4605 6.52098 19.7934 36.66
135.6 53.4763 6.49516 19.7495 36.6858
135.7 53.4921 6.46938 19.7056 36.7116
135.8 53.5077 6.44365 19.6617 36.7373
135.9 53.5232 6.41797 19.6177 36.763
136 53.5385 6.39233 19.5738 36.7887
136.1 53.5537 6.36673 19.5299 36.8143
136.2 53.5688 6.34119 19.486 36.8398
136.3 53.5837 6.31569 19.442 36.8653
136.4 53.5984 6.29023 19.3981 36.8908
136.5 53.6131 6.26483 19.3541 36.9162
136.6 53.6276 6.23947 19.3102 36.9415
136.7 53.6419 6.21416 19.2662 36.9668
136.8 53.6561 6.18889 19.2223 36.9921
136.9 53.6701 6.16367 19.1783 37.0173
137 53.684 6.1385 19.1344 37.0425
137.1 53.6978 6.11337 19.0904 37.0676
137.2 53.7114 6.08829 19.0464 37.0927
137.3 53.7248 6.06326 19.0024 37.1177
137.4 53.7381 6.03828 18.9585 37.1427
137.5 53.7513 6.01334 18.9145 37.1677
137.6 53.7643 5.98845 18.8705 37.1925
137.7 53.7771 5.96361 18.8265 37.2174
137.8 53.7898 5.93882 18.7825 37.2422
137.9 53.8024 5.91407 18.7385 37.2669
138 53.8147 5.88938 18.6945 37.2916
138.1 53.827 5.86472 18.6505 37.3163
138.2 53.839 5.84012 18.6065 37.3409
138.3 53.8509 5.81557 18.5625 37.3654
138.4 53.8626 5.79106 18.5185 37.3899
138.5 53.8742 5.7666 18.4744 37.4144
138.6 53.8856 5.74219 18.4304 37.4388
138.7 53.8969 5.71783 18.3864 37.4632
138.8 53.908 5.69352 18.3423 37.4875
138.9 53.9189 5.66925 18.2983 37.5117
139 53.9296 5.64504 18.2543 37.536
139.1 53.9402 5.62087 18.2102 37.5601
139.2 53.9506 5.59675 18.1662 37.5843
139.3 53.9608 5.57268 18.1221 37.6083
139.4 53.9709 5.54866 18.0781 37.6323
139.5 53.9808 5.52468 18.034 37.6563
139.6 53.9905 5.50076 17.9899 37.6802
139.7 54.0001 5.47688 17.9459 37.7041
139.8 54.0094 5.45306 17.9018 37.7279
139.9 54.0186 5.42928 17.8577 37.7517
140 54.0276 5.40555 17.8137 37.7754
140.1 54.0365 5.38187 17.7696 37.7991
140.2 54.0451 5.35825 17.7255 37.8228
140.3 54.0536 5.33467 17.6814 37.8463
140.4 54.0619 5.31114 17.6373 37.8699
140.5 54.0699 5.28766 17.5932 37.8933
140.6 54.0779 5.26423 17.5491 37.9168
140.7 54.0856 5.24084 17.505 37.9402
140.8 54.0931 5.21751 17.4609 37.9635
140.9 54.1005 5.19423 17.4168 37.9868
141 54.1076 5.171 17.3727 38.01
141.1 54.1146 5.14782 17.3286 38.0332
141.2 54.1213 5.12469 17.2844 38.0563
141.3 54.1279 5.10161 17.2403 38.0794
141.4 54.1343 5.07858 17.1962 38.1024
141.5 54.1404 5.0556 17.152 38.1254
141.6 54.1464 5.03267 17.1079 38.1483
141.7 54.1522 5.00979 17.0638 38.1712
141.8 54.1578 4.98696 17.0196 38.194
141.9 54.1631 4.96418 16.9755 38.2168
142 54.1683 4.94145 16.9313 38.2395
142.1 54.1732 4.91877 16.8872 38.2622
142.2 54.178 4.89615 16.843 38.2849
142.3 54.1825 4.87357 16.7989 38.3074
142.4 54.1869 4.85105 16.7547 38.33
142.5 54.191 4.82857 16.7105 38.3524
142.6 54.1949 4.80615 16.6664 38.3749
142.7 54.1986 4.78378 16.6222 38.3972
142.8 54.202 4.76146 16.578 38.4195
142.9 54.2053 4.73919 16.5338 38.4418
143 54.2083 4.71697 16.4897 38.464
143.1 54.2111 4.6948 16.4455 38.4862
143.2 54.2137 4.67269 16.4013 38.5083
143.3 54.2161 4.65063 16.3571 38.5304
143.4 54.2182 4.62861 16.3129 38.5524
143.5 54.2201 4.60665 16.2687 38.5743
143.6 54.2218 4.58475 16.2245 38.5963
143.7 54.2232 4.56289 16.1803 38.6181
143.8 54.2244 4.54108 16.1361 38.6399
143.9 54.2254 4.51933 16.0919 38.6617
144 54.2261 4.49763 16.0477 38.6834
144.1 54.2266 4.47598 16.0034 38.705
144.2 54.2269 4.45439 15.9592 38.7266
144.3 54.2269 4.43284 15.915 38.7482
144.4 54.2267 4.41135 15.8708 38.7697
144.5 54.2262 4.38991 15.8265 38.7911
144.6 54.2255 4.36852 15.7823 38.8125
144.7 54.2246 4.34719 15.7381 38.8338
144.8 54.2233 4.32591 15.6938 38.8551
144.9 54.2219 4.30468 15.6496 38.8763
145 54.2202 4.2835 15.6053 38.8975
145.1 54.2182 4.26237 15.5611 38.9186
145.2 54.2159 4.2413 15.5168 38.9397
145.3 54.2135 4.22028 15.4726 38.9607
145.4 54.2107 4.19932 15.4283 38.9817
145.5 54.2077 4.17841 15.3841 39.0026
145.6 54.2044 4.15755 15.3398 39.0235
145.7 54.2008 4.13674 15.2955 39.0443
145.8 54.197 4.11598 15.2513 39.065
145.9 54.1929 4.09528 15.207 39.0857
146 54.1885 4.07464 15.1627 39.1064
146.1 54.1839 4.05404 15.1184 39.127
146.2 54.179 4.0335 15.0742 39.1475
146.3 54.1738 4.01302 15.0299 39.168
146.4 54.1683 3.99258 14.9856 39.1884
146.5 54.1625 3.9722 14.9413 39.2088
146.6 54.1565 3.95188 14.897 39.2291
146.7 54.1501 3.93161 14.8527 39.2494
146.8 54.1435 3.91139 14.8084 39.2696
146.9 54.1365 3.89122 14.7641 39.2898
147 54.1293 3.87111 14.7198 39.3099
147.1 54.1218 3.85106 14.6755 39.3299
147.2 54.114 3.83105 14.6312 39.3499
147.3 54.1058 3.8111 14.5869 39.3699
147.4 54.0974 3.79121 14.5425 39.3898
147.5 54.0887 3.77137 14.4982 39.4096
147.6 54.0796 3.75158 14.4539 39.4294
147.7 54.0703 3.73185 14.4096 39.4491
147.8 54.0606 3.71218 14.3653 39.4688
147.9 54.0506 3.69255 14.3209 39.4884
148 54.0403 3.67298 14.2766 39.508
148.1 54.0296 3.65347 14.2323 39.5275
148.2 54.0187 3.63401 14.1879 39.547
148.3 54.0074 3.61461 14.1436 39.5664
148.4 53.9958 3.59526 14.0992 39.5857
148.5 53.9838 3.57596 14.0549 39.605
148.6 53.9716 3.55672 14.0105 39.6243
148.7 53.9589 3.53754 13.9662 39.6435
148.8 53.946 3.51841 13.9218 39.6626
148.9 53.9327 3.49933 13.8775 39.6817
149 53.919 3.48031 13.8331 39.7007
149.1 53.905 3.46135 13.7888 39.7197
149.2 53.8907 3.44244 13.7444 39.7386
149.3 53.876 3.42359 13.7 39.7574
149.4 53.8609 3.40479 13.6556 39.7762
149.5 53.8455 3.38604 13.6113 39.795
149.6 53.8297 3.36736 13.5669 39.8136
149.7 53.8136 3.34872 13.5225 39.8323
149.8 53.7971 3.33015 13.4781 39.8509
149.9 53.7802 3.31163 13.4338 39.8694
150 53.7629 3.29316 13.3894 39.8878
150.1 53.7453 3.27475 13.345 39.9062
150.2 53.7273 3.2564 13.3006 39.9246
150.3 53.7089 3.2381 13.2562 39.9429
150.4 53.6901 3.21986 13.2118 39.9611
150.5 53.6709 3.20167 13.1674 39.9793
150.6 53.6513 3.18354 13.123 39.9975
150.7 53.6313 3.16547 13.0786 40.0155
150.8 53.611 3.14745 13.0342 40.0336
150.9 53.5902 3.12949 12.9898 40.0515
151 53.569 3.11158 12.9454 40.0694
151.1 53.5474 3.09373 12.901 40.0873
151.2 53.5254 3.07594 12.8565 40.1051
151.3 53.503 3.0582 12.8121 40.1228
151.4 53.4801 3.04052 12.7677 40.1405
151.5 53.4569 3.0229 12.7233 40.1581
151.6 53.4332 3.00533 12.6789 40.1757
151.7 53.409 2.98782 12.6344 40.1932
151.8 53.3845 2.97037 12.59 40.2106
151.9 53.3595 2.95297 12.5456 40.228
152 53.334 2.93563 12.5011 40.2454
152.1 53.3081 2.91835 12.4567 40.2627
152.2 53.2818 2.90112 12.4123 40.2799
152.3 53.255 2.88395 12.3678 40.2971
152.4 53.2277 2.86684 12.3234 40.3142
152.5 53.2 2.84978 12.2789 40.3312
152.6 53.1718 2.83278 12.2345 40.3482
152.7 53.1432 2.81584 12.19 40.3652
152.8 53.1141 2.79896 12.1456 40.382
152.9 53.0844 2.78213 12.1011 40.3989
153 53.0544 2.76536 12.0567 40.4156
153.1 53.0238 2.74865 12.0122 40.4324
153.2 52.9927 2.73199 11.9677 40.449
153.3 52.9612 2.7154 11.9233 40.4656
153.4 52.9291 2.69886 11.8788 40.4821
153.5 52.8965 2.68237 11.8343 40.4986
153.6 52.8635 2.66595 11.7899 40.5151
153.7 52.8299 2.64958 11.7454 40.5314
153.8 52.7958 2.63327 11.7009 40.5477
153.9 52.7612 2.61702 11.6564 40.564
154 52.726 2.60083 11.612 40.5802
154.1 52.6903 2.58469 11.5675 40.5963
154.2 52.6541 2.56861 11.523 40.6124
154.3 52.6174 2.55259 11.4785 40.6284
154.4 52.5801 2.53663 11.434 40.6444
154.5 52.5422 2.52073 11.3895 40.6603
154.6 52.5038 2.50488 11.345 40.6761
154.7 52.4648 2.48909 11.3006 40.6919
154.8 52.4253 2.47336 11.2561 40.7076
154.9 52.3852 2.45769 11.2116 40.7233
155 52.3445 2.44208 11.1671 40.7389
155.1 52.3032 2.42652 11.1226 40.7545
155.2 52.2614 2.41103 11.078 40.77
155.3 52.219 2.39559 11.0335 40.7854
155.4 52.1759 2.38021 10.989 40.8008
155.5 52.1323 2.36489 10.9445 40.8161
155.6 52.088 2.34962 10.9 40.8314
155.7 52.0432 2.33442 10.8555 40.8466
155.8 51.9977 2.31927 10.811 40.8617
155.9 51.9516 2.30419 10.7665 40.8768
156 51.9049 2.28916 10.7219 40.8918
156.1 51.8575 2.27419 10.6774 40.9068
156.2 51.8095 2.25928 10.6329 40.9217
156.3 51.7608 2.24443 10.5884 40.9366
156.4 51.7115 2.22964 10.5438 40.9514
156.5 51.6616 2.2149 10.4993 40.9661
156.6 51.6109 2.20023 10.4548 40.9808
156.7 51.5596 2.18561 10.4102 40.9954
156.8 51.5076 2.17106 10.3657 41.0099
156.9 51.4549 2.15656 10.3212 41.0244
157 51.4016 2.14212 10.2766 41.0389
157.1 51.3475 2.12774 10.2321 41.0533
157.2 51.2928 2.11342 10.1875 41.0676
157.3 51.2373 2.09916 10.143 41.0818
157.4 51.1811 2.08496 10.0984 41.096
157.5 51.1242 2.07082 10.0539 41.1102
157.6 51.0665 2.05674 10.0093 41.1243
157.7 51.0081 2.04272 9.9648 41.1383
157.8 50.949 2.02875 9.92024 41.1522
157.9 50.8891 2.01485 9.87568 41.1661
158 50.8284 2.00101 9.83113 41.18
158.1 50.767 1.98722 9.78657 41.1938
158.2 50.7048 1.9735 9.74201 41.2075
158.3 50.6419 1.95984 9.69744 41.2212
158.4 50.5781 1.94623 9.65288 41.2348
158.5 50.5136 1.93269 9.60831 41.2483
158.6 50.4482 1.9192 9.56374 41.2618
158.7 50.382 1.90578 9.51917 41.2752
158.8 50.315 1.89241 9.4746 41.2886
158.9 50.2472 1.87911 9.43002 41.3019
159 50.1786 1.86586 9.38545 41.3151
159.1 50.1091 1.85268 9.34087 41.3283
159.2 50.0387 1.83955 9.29629 41.3414
159.3 49.9675 1.82649 9.25171 41.3545
159.4 49.8954 1.81348 9.20713 41.3675
159.5 49.8225 1.80054 9.16255 41.3805
159.6 49.7486 1.78766 9.11796 41.3933
159.7 49.6739 1.77483 9.07337 41.4062
159.8 49.5983 1.76207 9.02878 41.4189
159.9 49.5217 1.74937 8.98419 41.4316
160 49.4443 1.73672 8.9396 41.4443
160.1 49.3659 1.72414 8.89501 41.4569
160.2 49.2865 1.71162 8.85041 41.4694
160.3 49.2062 1.69916 8.80582 41.4818
160.4 49.125 1.68676 8.76122 41.4942
160.5 49.0428 1.67442 8.71662 41.5066
160.6 48.9596 1.66214 8.67202 41.5189
160.7 48.8754 1.64992 8.62741 41.5311
160.8 48.7903 1.63777 8.58281 41.5432
160.9 48.7041 1.62567 8.5382 41.5553
161 48.6169 1.61363 8.4936 41.5674
161.1 48.5287 1.60166 8.44899 41.5793
161.2 48.4395 1.58974 8.40438 41.5913
161.3 48.3492 1.57789 8.35976 41.6031
161.4 48.2578 1.5661 8.31515 41.6149
161.5 48.1654 1.55437 8.27053 41.6266
161.6 48.072 1.5427 8.22592 41.6383
161.7 47.9774 1.53109 8.1813 41.6499
161.8 47.8817 1.51954 8.13668 41.6615
161.9 47.7849 1.50805 8.09206 41.6729
162 47.687 1.49663 8.04744 41.6844
162.1 47.588 1.48526 8.00281 41.6957
162.2 47.4878 1.47396 7.95819 41.707
162.3 47.3865 1.46272 7.91356 41.7183
162.4 47.284 1.45154 7.86893 41.7295
162.5 47.1804 1.44042 7.8243 41.7406
162.6 47.0755 1.42936 7.77967 41.7516
162.7 46.9695 1.41836 7.73504 41.7626
162.8 46.8622 1.40743 7.69041 41.7736
162.9 46.7537 1.39656 7.64577 41.7844
163 46.644 1.38574 7.60113 41.7953
163.1 46.533 1.37499 7.5565 41.806
163.2 46.4208 1.3643 7.51186 41.8167
163.3 46.3073 1.35368 7.46722 41.8273
163.4 46.1925 1.34311 7.42258 41.8379
163.5 46.0764 1.33261 7.37793 41.8484
163.6 45.959 1.32216 7.33329 41.8588
163.7 45.8403 1.31178 7.28864 41.8692
163.8 45.7202 1.30147 7.244 41.8795
163.9 45.5988 1.29121 7.19935 41.8898
164 45.4761 1.28101 7.1547 41.9
164.1 45.3519 1.27088 7.11005 41.9101
164.2 45.2264 1.26081 7.06539 41.9202
164.3 45.0994 1.2508 7.02074 41.9302
164.4 44.9711 1.24085 6.97609 41.9401
164.5 44.8413 1.23097 6.93143 41.95
164.6 44.71 1.22114 6.88677 41.9599
164.7 44.5773 1.21138 6.84212 41.9696
164.8 44.4432 1.20168 6.79746 41.9793
164.9 44.3075 1.19204 6.7528 41.989
165 44.1704 1.18247 6.70813 41.9985
165.1 44.0317 1.17296 6.66347 42.008
165.2 43.8915 1.16351 6.61881 42.0175
165.3 43.7497 1.15412 6.57414 42.0269
165.4 43.6064 1.14479 6.52948 42.0362
165.5 43.4615 1.13553 6.48481 42.0455
165.6 43.315 1.12633 6.44014 42.0547
165.7 43.1669 1.11719 6.39547 42.0638
165.8 43.0172 1.10811 6.3508 42.0729
165.9 42.8659 1.09909 6.30613 42.0819
166 42.7129 1.09014 6.26145 42.0909
166.1 42.5582 1.08125 6.21678 42.0997
166.2 42.4019 1.07243 6.1721 42.1086
166.3 42.2438 1.06366 6.12743 42.1173
166.4 42.084 1.05496 6.08275 42.126
166.5 41.9225 1.04632 6.03807 42.1347
166.6 41.7593 1.03774 5.99339 42.1433
166.7 41.5943 1.02923 5.94871 42.1518
166.8 41.4275 1.02078 5.90403 42.1602
166.9 41.2589 1.01239 5.85935 42.1686
167 41.0885 1.00406 5.81466 42.1769
167.1 40.9162 0.995797 5.76998 42.1852
167.2 40.7422 0.987596 5.72529 42.1934
167.3 40.5662 0.979457 5.6806 42.2015
167.4 40.3884 0.971382 5.63592 42.2096
167.5 40.2087 0.963369 5.59123 42.2176
167.6 40.0271 0.955419 5.54654 42.2256
167.7 39.8435 0.947532 5.50185 42.2335
167.8 39.658 0.939708 5.45715 42.2413
167.9 39.4706 0.931947 5.41246 42.2491
168 39.2811 0.924249 5.36777 42.2568
168.1 39.0897 0.916613 5.32307 42.2644
168.2 38.8963 0.909041 5.27838 42.272
168.3 38.7008 0.901532 5.23368 42.2795
168.4 38.5033 0.894085 5.18898 42.2869
168.5 38.3037 0.886702 5.14429 42.2943
168.6 38.1021 0.879382 5.09959 42.3016
168.7 37.8983 0.872125 5.05489 42.3089
168.8 37.6925 0.864931 5.01019 42.3161
168.9 37.4845 0.8578 4.96548 42.3232
169 37.2743 0.850732 4.92078 42.3303
169.1 37.0621 0.843728 4.87608 42.3373
169.2 36.8476 0.836786 4.83137 42.3442
169.3 36.6309 0.829908 4.78667 42.3511
169.4 36.412 0.823093 4.74196 42.3579
169.5 36.191 0.816342 4.69726 42.3647
169.6 35.9676 0.809654 4.65255 42.3713
169.7 35.742 0.803028 4.60784 42.378
169.8 35.5142 0.796467 4.56313 42.3845
169.9 35.284 0.789968 4.51842 42.391
170 35.0515 0.783533 4.47371 42.3975
170.1 34.8168 0.777162 4.429 42.4038
170.2 34.5797 0.770854 4.38428 42.4101
170.3 34.3402 0.764609 4.33957 42.4164
170.4 34.0984 0.758427 4.29486 42.4226
170.5 33.8542 0.752309 4.25014 42.4287
170.6 33.6076 0.746255 4.20543 42.4347
170.7 33.3586 0.740264 4.16071 42.4407
170.8 33.1072 0.734337 4.11599 42.4467
170.9 32.8534 0.728473 4.07128 42.4525
171 32.5971 0.722672 4.02656 42.4583
171.1 32.3383 0.716936 3.98184 42.4641
171.2 32.0771 0.711263 3.93712 42.4697
171.3 31.8135 0.705653 3.8924 42.4753
171.4 31.5473 0.700107 3.84768 42.4809
171.5 31.2786 0.694625 3.80296 42.4864
171.6 31.0075 0.689206 3.75823 42.4918
171.7 30.7338 0.683851 3.71351 42.4971
171.8 30.4575 0.67856 3.66879 42.5024
171.9 30.1788 0.673332 3.62406 42.5077
172 29.8974 0.668168 3.57934 42.5128
172.1 29.6136 0.663068 3.53461 42.5179
172.2 29.3271 0.658032 3.48989 42.523
172.3 29.0381 0.653059 3.44516 42.5279
172.4 28.7466 0.64815 3.40043 42.5328
172.5 28.4524 0.643305 3.3557 42.5377
172.6 28.1557 0.638524 3.31098 42.5425
172.7 27.8563 0.633806 3.26625 42.5472
172.8 27.5544 0.629153 3.22152 42.5518
172.9 27.2499 0.624563 3.17679 42.5564
173 26.9428 0.620037 3.13206 42.561
173.1 26.6331 0.615575 3.08732 42.5654
173.2 26.3208 0.611177 3.04259 42.5698
173.3 26.0058 0.606843 2.99786 42.5742
173.4 25.6883 0.602572 2.95313 42.5784
173.5 25.3682 0.598366 2.90839 42.5826
173.6 25.0456 0.594223 2.86366 42.5868
173.7 24.7203 0.590145 2.81893 42.5909
173.8 24.3924 0.586131 2.77419 42.5949
173.9 24.062 0.58218 2.72946 42.5988
174 23.729 0.578294 2.68472 42.6027
174.1 23.3934 0.574471 2.63998 42.6065
174.2 23.0553 0.570713 2.59525 42.6103
174.3 22.7146 0.567018 2.55051 42.614
174.4 22.3714 0.563388 2.50577 42.6176
174.5 22.0257 0.559821 2.46103 42.6212
174.6 21.6775 0.556319 2.4163 42.6247
174.7 21.3268 0.552881 2.37156 42.6281
174.8 20.9736 0.549507 2.32682 42.6315
174.9 20.6179 0.546197 2.28208 42.6348
175 20.2599 0.542951 2.23734 42.638
175.1 19.8993 0.539769 2.1926 42.6412
175.2 19.5364 0.536651 2.14786 42.6443
175.3 19.1711 0.533598 2.10311 42.6474
175.4 18.8035 0.530608 2.05837 42.6504
175.5 18.4335 0.527683 2.01363 42.6533
175.6 18.0612 0.524822 1.96889 42.6562
175.7 17.6866 0.522025 1.92415 42.659
175.8 17.3098 0.519292 1.8794 42.6617
175.9 16.9307 0.516623 1.83466 42.6644
176 16.5494 0.514019 1.78992 42.667
176.1 16.166 0.511479 1.74517 42.6695
176.2 15.7805 0.509003 1.70043 42.672
176.3 15.3928 0.506591 1.65568 42.6744
176.4 15.0031 0.504244 1.61094 42.6768
176.5 14.6114 0.50196 1.56619 42.679
176.6 14.2176 0.499741 1.52145 42.6813
176.7 13.822 0.497586 1.4767 42.6834
176.8 13.4244 0.495496 1.43196 42.6855
176.9 13.025 0.49347 1.38721 42.6875
177 12.6237 0.491508 1.34246 42.6895
177.1 12.2207 0.48961 1.29772 42.6914
177.2 11.8159 0.487776 1.25297 42.6932
177.3 11.4095 0.486007 1.20822 42.695
177.4 11.0014 0.484302 1.16348 42.6967
177.5 10.5917 0.482662 1.11873 42.6983
177.6 10.1805 0.481085 1.07398 42.6999
177.7 9.76786 0.479573 1.02923 42.7014
177.8 9.35376 0.478125 0.984485 42.7029
177.9 8.93827 0.476742 0.939737 42.7043
178 8.52146 0.475423 0.894989 42.7056
178.1 8.10339 0.474168 0.85024 42.7068
178.2 7.68411 0.472978 0.805492 42.708
178.3 7.26368 0.471852 0.760743 42.7091
178.4 6.84216 0.47079 0.715994 42.7102
178.5 6.4196 0.469792 0.671245 42.7112
178.6 5.99607 0.468859 0.626496 42.7121
178.7 5.57163 0.467991 0.581747 42.713
178.8 5.14635 0.467186 0.536997 42.7138
178.9 4.72027 0.466446 0.492248 42.7146
179 4.29347 0.46577 0.447498 42.7152
179.1 3.86602 0.465159 0.402749 42.7158
179.2 3.43797 0.464612 0.357999 42.7164
179.3 3.00939 0.464129 0.313249 42.7169
179.4 2.58034 0.463711 0.268499 42.7173
179.5 2.15089 0.463357 0.22375 42.7176
179.6 1.72112 0.463067 0.179 42.7179
179.7 1.29107 0.462842 0.13425 42.7182
179.8 0.860825 0.462681 0.0894999 42.7183
179.9 0.430446 0.462585 0.04475 42.7184
180 3.02039e-14 0.462552 3.13997e-15 42.7184
