#kinematics calculation by https://skisickness.com/math-physics/kinematics/
#vertex z = 300 
#scattered particle
#angle [deg], energy [MeV]
   90.000000      0.000000
   88.186166      0.041500
   87.434425      0.083000
   86.857302      0.124500
   86.370521      0.166000
   85.941443      0.207500
   85.553332      0.249000
   85.196248      0.290500
   84.863715      0.332000
   84.551237      0.373500
   84.255539      0.415000
   83.974150      0.456500
   83.705151      0.498000
   83.447016      0.539500
   83.198506      0.581000
   82.958603      0.622500
   82.726455      0.664000
   82.501341      0.705500
   82.282646      0.747000
   82.069837      0.788500
   81.862454      0.830000
   81.660091      0.871500
   81.462390      0.913000
   81.269036      0.954500
   81.079745      0.996000
   80.894263      1.037500
   80.712362      1.079000
   80.533836      1.120500
   80.358496      1.162000
   80.186173      1.203500
   80.016708      1.245000
   79.849960      1.286500
   79.685796      1.328000
   79.524094      1.369500
   79.364742      1.411000
   79.207636      1.452500
   79.052679      1.494000
   78.899780      1.535500
   78.748856      1.577000
   78.599828      1.618500
   78.452622      1.660000
   78.307170      1.701500
   78.163406      1.743000
   78.021270      1.784500
   77.880704      1.826000
   77.741654      1.867500
   77.604069      1.909000
   77.467900      1.950500
   77.333102      1.992000
   77.199631      2.033500
   77.067446      2.075000
   76.936508      2.116500
   76.806779      2.158000
   76.678224      2.199500
   76.550809      2.241000
   76.424502      2.282500
   76.299273      2.324000
   76.175091      2.365500
   76.051928      2.407000
   75.929758      2.448500
   75.808555      2.490000
   75.688294      2.531500
   75.568952      2.573000
   75.450505      2.614500
   75.332933      2.656000
   75.216213      2.697500
   75.100326      2.739000
   74.985252      2.780500
   74.870972      2.822000
   74.757470      2.863500
   74.644726      2.905000
   74.532725      2.946500
   74.421450      2.988000
   74.310887      3.029500
   74.201018      3.071000
   74.091831      3.112500
   73.983311      3.154000
   73.875445      3.195500
   73.768218      3.237000
   73.661620      3.278500
   73.555636      3.320000
   73.450256      3.361500
   73.345468      3.403000
   73.241260      3.444500
   73.137621      3.486000
   73.034542      3.527500
   72.932011      3.569000
   72.830020      3.610500
   72.728557      3.652000
   72.627614      3.693500
   72.527182      3.735000
   72.427251      3.776500
   72.327814      3.818000
   72.228861      3.859500
   72.130385      3.901000
   72.032377      3.942500
   71.934830      3.984000
   71.837736      4.025500
   71.741088      4.067000
   71.644879      4.108500
   71.549102      4.150000
   71.453749      4.191500
   71.358815      4.233000
   71.264292      4.274500
   71.170176      4.316000
   71.076458      4.357500
   70.983133      4.399000
   70.890196      4.440500
   70.797641      4.482000
   70.705462      4.523500
   70.613653      4.565000
   70.522209      4.606500
   70.431126      4.648000
   70.340397      4.689500
   70.250018      4.731000
   70.159984      4.772500
   70.070290      4.814000
   69.980931      4.855500
   69.891904      4.897000
   69.803202      4.938500
   69.714823      4.980000
   69.626761      5.021500
   69.539012      5.063000
   69.451573      5.104500
   69.364439      5.146000
   69.277607      5.187500
   69.191071      5.229000
   69.104830      5.270500
   69.018878      5.312000
   68.933212      5.353500
   68.847829      5.395000
   68.762724      5.436500
   68.677896      5.478000
   68.593339      5.519500
   68.509052      5.561000
   68.425030      5.602500
   68.341270      5.644000
   68.257770      5.685500
   68.174526      5.727000
   68.091534      5.768500
   68.008793      5.810000
   67.926299      5.851500
   67.844050      5.893000
   67.762042      5.934500
   67.680272      5.976000
   67.598739      6.017500
   67.517439      6.059000
   67.436369      6.100500
   67.355528      6.142000
   67.274912      6.183500
   67.194519      6.225000
   67.114347      6.266500
   67.034393      6.308000
   66.954654      6.349500
   66.875129      6.391000
   66.795815      6.432500
   66.716709      6.474000
   66.637811      6.515500
   66.559116      6.557000
   66.480624      6.598500
   66.402332      6.640000
   66.324238      6.681500
   66.246339      6.723000
   66.168635      6.764500
   66.091122      6.806000
   66.013800      6.847500
   65.936665      6.889000
   65.859716      6.930500
   65.782952      6.972000
   65.706369      7.013500
   65.629967      7.055000
   65.553744      7.096500
   65.477697      7.138000
   65.401826      7.179500
   65.326128      7.221000
   65.250601      7.262500
   65.175245      7.304000
   65.100057      7.345500
   65.025035      7.387000
   64.950179      7.428500
   64.875486      7.470000
   64.800955      7.511500
   64.726584      7.553000
   64.652372      7.594500
   64.578318      7.636000
   64.504419      7.677500
   64.430675      7.719000
   64.357083      7.760500
   64.283643      7.802000
   64.210353      7.843500
   64.137212      7.885000
   64.064218      7.926500
   63.991371      7.968000
   63.918667      8.009500
   63.846107      8.051000
   63.773689      8.092500
   63.701412      8.134000
   63.629274      8.175500
   63.557275      8.217000
   63.485412      8.258500
   63.413685      8.300000
   63.342092      8.341500
   63.270633      8.383000
   63.199306      8.424500
   63.128110      8.466000
   63.057043      8.507500
   62.986106      8.549000
   62.915295      8.590500
   62.844612      8.632000
   62.774053      8.673500
   62.703619      8.715000
   62.633308      8.756500
   62.563119      8.798000
   62.493051      8.839500
   62.423103      8.881000
   62.353274      8.922500
   62.283563      8.964000
   62.213969      9.005500
   62.144490      9.047000
   62.075127      9.088500
   62.005878      9.130000
   61.936742      9.171500
   61.867718      9.213000
   61.798805      9.254500
   61.730002      9.296000
   61.661308      9.337500
   61.592723      9.379000
   61.524245      9.420500
   61.455874      9.462000
   61.387609      9.503500
   61.319449      9.545000
   61.251392      9.586500
   61.183438      9.628000
   61.115587      9.669500
   61.047837      9.711000
   60.980188      9.752500
   60.912639      9.794000
   60.845188      9.835500
   60.777836      9.877000
   60.710581      9.918500
   60.643423      9.960000
   60.576360     10.001500
   60.509393     10.043000
   60.442519     10.084500
   60.375739     10.126000
   60.309052     10.167500
   60.242457     10.209000
   60.175953     10.250500
   60.109540     10.292000
   60.043216     10.333500
   59.976982     10.375000
   59.910836     10.416500
   59.844778     10.458000
   59.778806     10.499500
   59.712921     10.541000
   59.647122     10.582500
   59.581407     10.624000
   59.515777     10.665500
   59.450230     10.707000
   59.384766     10.748500
   59.319384     10.790000
   59.254085     10.831500
   59.188866     10.873000
   59.123727     10.914500
   59.058668     10.956000
   58.993688     10.997500
   58.928787     11.039000
   58.863964     11.080500
   58.799217     11.122000
   58.734548     11.163500
   58.669954     11.205000
   58.605436     11.246500
   58.540993     11.288000
   58.476624     11.329500
   58.412329     11.371000
   58.348107     11.412500
   58.283957     11.454000
   58.219880     11.495500
   58.155874     11.537000
   58.091938     11.578500
   58.028073     11.620000
   57.964278     11.661500
   57.900552     11.703000
   57.836895     11.744500
   57.773306     11.786000
   57.709785     11.827500
   57.646330     11.869000
   57.582943     11.910500
   57.519621     11.952000
   57.456365     11.993500
   57.393174     12.035000
   57.330047     12.076500
   57.266985     12.118000
   57.203986     12.159500
   57.141050     12.201000
   57.078176     12.242500
   57.015365     12.284000
   56.952615     12.325500
   56.889926     12.367000
   56.827298     12.408500
   56.764730     12.450000
   56.702222     12.491500
   56.639773     12.533000
   56.577383     12.574500
   56.515051     12.616000
   56.452777     12.657500
   56.390560     12.699000
   56.328400     12.740500
   56.266297     12.782000
   56.204249     12.823500
   56.142258     12.865000
   56.080321     12.906500
   56.018439     12.948000
   55.956612     12.989500
   55.894838     13.031000
   55.833118     13.072500
   55.771450     13.114000
   55.709836     13.155500
   55.648273     13.197000
   55.586762     13.238500
   55.525303     13.280000
   55.463894     13.321500
   55.402536     13.363000
   55.341228     13.404500
   55.279970     13.446000
   55.218762     13.487500
   55.157602     13.529000
   55.096490     13.570500
   55.035427     13.612000
   54.974412     13.653500
   54.913443     13.695000
   54.852522     13.736500
   54.791648     13.778000
   54.730819     13.819500
   54.670037     13.861000
   54.609300     13.902500
   54.548608     13.944000
   54.487961     13.985500
   54.427358     14.027000
   54.366799     14.068500
   54.306283     14.110000
   54.245811     14.151500
   54.185382     14.193000
   54.124995     14.234500
   54.064651     14.276000
   54.004348     14.317500
   53.944087     14.359000
   53.883867     14.400500
   53.823687     14.442000
   53.763548     14.483500
   53.703449     14.525000
   53.643390     14.566500
   53.583370     14.608000
   53.523390     14.649500
   53.463448     14.691000
   53.403544     14.732500
   53.343678     14.774000
   53.283850     14.815500
   53.224060     14.857000
   53.164306     14.898500
   53.104589     14.940000
   53.044909     14.981500
   52.985264     15.023000
   52.925656     15.064500
   52.866083     15.106000
   52.806544     15.147500
   52.747041     15.189000
   52.687572     15.230500
   52.628137     15.272000
   52.568737     15.313500
   52.509369     15.355000
   52.450035     15.396500
   52.390734     15.438000
   52.331465     15.479500
   52.272229     15.521000
   52.213024     15.562500
   52.153851     15.604000
   52.094710     15.645500
   52.035600     15.687000
   51.976520     15.728500
   51.917471     15.770000
   51.858452     15.811500
   51.799463     15.853000
   51.740504     15.894500
   51.681574     15.936000
   51.622673     15.977500
   51.563800     16.019000
   51.504956     16.060500
   51.446141     16.102000
   51.387353     16.143500
   51.328592     16.185000
   51.269859     16.226500
   51.211153     16.268000
   51.152473     16.309500
   51.093820     16.351000
   51.035193     16.392500
   50.976592     16.434000
   50.918017     16.475500
   50.859467     16.517000
   50.800942     16.558500
   50.742441     16.600000
   50.683965     16.641500
   50.625514     16.683000
   50.567086     16.724500
   50.508682     16.766000
   50.450301     16.807500
   50.391944     16.849000
   50.333609     16.890500
   50.275297     16.932000
   50.217007     16.973500
   50.158739     17.015000
   50.100493     17.056500
   50.042269     17.098000
   49.984065     17.139500
   49.925883     17.181000
   49.867722     17.222500
   49.809581     17.264000
   49.751460     17.305500
   49.693359     17.347000
   49.635278     17.388500
   49.577216     17.430000
   49.519173     17.471500
   49.461150     17.513000
   49.403144     17.554500
   49.345158     17.596000
   49.287189     17.637500
   49.229239     17.679000
   49.171306     17.720500
   49.113390     17.762000
   49.055492     17.803500
   48.997610     17.845000
   48.939746     17.886500
   48.881897     17.928000
   48.824065     17.969500
   48.766248     18.011000
   48.708447     18.052500
   48.650662     18.094000
   48.592892     18.135500
   48.535136     18.177000
   48.477395     18.218500
   48.419669     18.260000
   48.361957     18.301500
   48.304259     18.343000
   48.246574     18.384500
   48.188903     18.426000
   48.131245     18.467500
   48.073600     18.509000
   48.015968     18.550500
   47.958348     18.592000
   47.900740     18.633500
   47.843145     18.675000
   47.785561     18.716500
   47.727988     18.758000
   47.670427     18.799500
   47.612877     18.841000
   47.555338     18.882500
   47.497809     18.924000
   47.440290     18.965500
   47.382782     19.007000
   47.325283     19.048500
   47.267794     19.090000
   47.210315     19.131500
   47.152844     19.173000
   47.095383     19.214500
   47.037930     19.256000
   46.980485     19.297500
   46.923049     19.339000
   46.865621     19.380500
   46.808200     19.422000
   46.750787     19.463500
   46.693381     19.505000
   46.635982     19.546500
   46.578590     19.588000
   46.521204     19.629500
   46.463825     19.671000
   46.406452     19.712500
   46.349085     19.754000
   46.291723     19.795500
   46.234367     19.837000
   46.177016     19.878500
   46.119669     19.920000
   46.062328     19.961500
   46.004991     20.003000
   45.947658     20.044500
   45.890330     20.086000
   45.833005     20.127500
   45.775683     20.169000
   45.718365     20.210500
   45.661050     20.252000
   45.603738     20.293500
   45.546428     20.335000
   45.489121     20.376500
   45.431816     20.418000
   45.374513     20.459500
   45.317212     20.501000
   45.259912     20.542500
   45.202614     20.584000
   45.145316     20.625500
   45.088019     20.667000
   45.030723     20.708500
   44.973427     20.750000
   44.916132     20.791500
   44.858836     20.833000
   44.801539     20.874500
   44.744243     20.916000
   44.686945     20.957500
   44.629646     20.999000
   44.572347     21.040500
   44.515045     21.082000
   44.457742     21.123500
   44.400437     21.165000
   44.343130     21.206500
   44.285820     21.248000
   44.228508     21.289500
   44.171192     21.331000
   44.113874     21.372500
   44.056552     21.414000
   43.999227     21.455500
   43.941898     21.497000
   43.884565     21.538500
   43.827228     21.580000
   43.769886     21.621500
   43.712539     21.663000
   43.655188     21.704500
   43.597831     21.746000
   43.540469     21.787500
   43.483101     21.829000
   43.425728     21.870500
   43.368348     21.912000
   43.310962     21.953500
   43.253570     21.995000
   43.196170     22.036500
   43.138764     22.078000
   43.081350     22.119500
   43.023929     22.161000
   42.966500     22.202500
   42.909063     22.244000
   42.851618     22.285500
   42.794164     22.327000
   42.736702     22.368500
   42.679231     22.410000
   42.621750     22.451500
   42.564261     22.493000
   42.506761     22.534500
   42.449252     22.576000
   42.391733     22.617500
   42.334203     22.659000
   42.276663     22.700500
   42.219112     22.742000
   42.161550     22.783500
   42.103976     22.825000
   42.046392     22.866500
   41.988795     22.908000
   41.931186     22.949500
   41.873565     22.991000
   41.815932     23.032500
   41.758286     23.074000
   41.700627     23.115500
   41.642955     23.157000
   41.585269     23.198500
   41.527570     23.240000
   41.469856     23.281500
   41.412129     23.323000
   41.354387     23.364500
   41.296630     23.406000
   41.238858     23.447500
   41.181071     23.489000
   41.123269     23.530500
   41.065451     23.572000
   41.007618     23.613500
   40.949768     23.655000
   40.891901     23.696500
   40.834018     23.738000
   40.776118     23.779500
   40.718201     23.821000
   40.660266     23.862500
   40.602314     23.904000
   40.544344     23.945500
   40.486356     23.987000
   40.428349     24.028500
   40.370323     24.070000
   40.312279     24.111500
   40.254215     24.153000
   40.196132     24.194500
   40.138029     24.236000
   40.079907     24.277500
   40.021764     24.319000
   39.963600     24.360500
   39.905416     24.402000
   39.847210     24.443500
   39.788984     24.485000
   39.730735     24.526500
   39.672465     24.568000
   39.614173     24.609500
   39.555859     24.651000
   39.497522     24.692500
   39.439162     24.734000
   39.380778     24.775500
   39.322372     24.817000
   39.263941     24.858500
   39.205487     24.900000
   39.147009     24.941500
   39.088505     24.983000
   39.029978     25.024500
   38.971425     25.066000
   38.912846     25.107500
   38.854242     25.149000
   38.795612     25.190500
   38.736956     25.232000
   38.678274     25.273500
   38.619564     25.315000
   38.560828     25.356500
   38.502064     25.398000
   38.443273     25.439500
   38.384454     25.481000
   38.325607     25.522500
   38.266731     25.564000
   38.207826     25.605500
   38.148892     25.647000
   38.089929     25.688500
   38.030937     25.730000
   37.971914     25.771500
   37.912861     25.813000
   37.853778     25.854500
   37.794663     25.896000
   37.735518     25.937500
   37.676341     25.979000
   37.617133     26.020500
   37.557892     26.062000
   37.498619     26.103500
   37.439313     26.145000
   37.379975     26.186500
   37.320603     26.228000
   37.261197     26.269500
   37.201758     26.311000
   37.142284     26.352500
   37.082776     26.394000
   37.023233     26.435500
   36.963654     26.477000
   36.904041     26.518500
   36.844391     26.560000
   36.784705     26.601500
   36.724983     26.643000
   36.665224     26.684500
   36.605428     26.726000
   36.545595     26.767500
   36.485723     26.809000
   36.425814     26.850500
   36.365866     26.892000
   36.305879     26.933500
   36.245853     26.975000
   36.185788     27.016500
   36.125683     27.058000
   36.065537     27.099500
   36.005351     27.141000
   35.945125     27.182500
   35.884857     27.224000
   35.824547     27.265500
   35.764196     27.307000
   35.703802     27.348500
   35.643366     27.390000
   35.582887     27.431500
   35.522364     27.473000
   35.461797     27.514500
   35.401187     27.556000
   35.340532     27.597500
   35.279832     27.639000
   35.219087     27.680500
   35.158297     27.722000
   35.097460     27.763500
   35.036577     27.805000
   34.975648     27.846500
   34.914671     27.888000
   34.853647     27.929500
   34.792575     27.971000
   34.731455     28.012500
   34.670286     28.054000
   34.609068     28.095500
   34.547800     28.137000
   34.486483     28.178500
   34.425115     28.220000
   34.363697     28.261500
   34.302227     28.303000
   34.240707     28.344500
   34.179134     28.386000
   34.117509     28.427500
   34.055831     28.469000
   33.994100     28.510500
   33.932315     28.552000
   33.870477     28.593500
   33.808584     28.635000
   33.746636     28.676500
   33.684632     28.718000
   33.622573     28.759500
   33.560458     28.801000
   33.498286     28.842500
   33.436057     28.884000
   33.373771     28.925500
   33.311426     28.967000
   33.249023     29.008500
   33.186561     29.050000
   33.124040     29.091500
   33.061458     29.133000
   32.998817     29.174500
   32.936114     29.216000
   32.873351     29.257500
   32.810525     29.299000
   32.747637     29.340500
   32.684687     29.382000
   32.621673     29.423500
   32.558596     29.465000
   32.495454     29.506500
   32.432247     29.548000
   32.368976     29.589500
   32.305638     29.631000
   32.242234     29.672500
   32.178763     29.714000
   32.115225     29.755500
   32.051620     29.797000
   31.987945     29.838500
   31.924202     29.880000
   31.860389     29.921500
   31.796507     29.963000
   31.732553     30.004500
   31.668529     30.046000
   31.604433     30.087500
   31.540264     30.129000
   31.476023     30.170500
   31.411709     30.212000
   31.347320     30.253500
   31.282857     30.295000
   31.218319     30.336500
   31.153705     30.378000
   31.089014     30.419500
   31.024247     30.461000
   30.959402     30.502500
   30.894479     30.544000
   30.829477     30.585500
   30.764396     30.627000
   30.699235     30.668500
   30.633993     30.710000
   30.568670     30.751500
   30.503264     30.793000
   30.437777     30.834500
   30.372205     30.876000
   30.306550     30.917500
   30.240811     30.959000
   30.174986     31.000500
   30.109075     31.042000
   30.043078     31.083500
   29.976993     31.125000
   29.910820     31.166500
   29.844558     31.208000
   29.778207     31.249500
   29.711766     31.291000
   29.645233     31.332500
   29.578609     31.374000
   29.511893     31.415500
   29.445084     31.457000
   29.378180     31.498500
   29.311182     31.540000
   29.244089     31.581500
   29.176899     31.623000
   29.109612     31.664500
   29.042228     31.706000
   28.974745     31.747500
   28.907162     31.789000
   28.839479     31.830500
   28.771695     31.872000
   28.703809     31.913500
   28.635821     31.955000
   28.567729     31.996500
   28.499532     32.038000
   28.431230     32.079500
   28.362822     32.121000
   28.294307     32.162500
   28.225683     32.204000
   28.156951     32.245500
   28.088109     32.287000
   28.019156     32.328500
   27.950092     32.370000
   27.880914     32.411500
   27.811624     32.453000
   27.742218     32.494500
   27.672697     32.536000
   27.603060     32.577500
   27.533304     32.619000
   27.463431     32.660500
   27.393437     32.702000
   27.323324     32.743500
   27.253088     32.785000
   27.182730     32.826500
   27.112247     32.868000
   27.041640     32.909500
   26.970907     32.951000
   26.900047     32.992500
   26.829058     33.034000
   26.757941     33.075500
   26.686692     33.117000
   26.615312     33.158500
   26.543799     33.200000
   26.472152     33.241500
   26.400369     33.283000
   26.328451     33.324500
   26.256394     33.366000
   26.184198     33.407500
   26.111862     33.449000
   26.039385     33.490500
   25.966764     33.532000
   25.894000     33.573500
   25.821090     33.615000
   25.748033     33.656500
   25.674828     33.698000
   25.601473     33.739500
   25.527967     33.781000
   25.454309     33.822500
   25.380496     33.864000
   25.306529     33.905500
   25.232404     33.947000
   25.158121     33.988500
   25.083679     34.030000
   25.009074     34.071500
   24.934307     34.113000
   24.859375     34.154500
   24.784277     34.196000
   24.709012     34.237500
   24.633576     34.279000
   24.557970     34.320500
   24.482191     34.362000
   24.406237     34.403500
   24.330107     34.445000
   24.253798     34.486500
   24.177310     34.528000
   24.100640     34.569500
   24.023786     34.611000
   23.946747     34.652500
   23.869521     34.694000
   23.792105     34.735500
   23.714498     34.777000
   23.636697     34.818500
   23.558701     34.860000
   23.480508     34.901500
   23.402115     34.943000
   23.323521     34.984500
   23.244722     35.026000
   23.165718     35.067500
   23.086506     35.109000
   23.007083     35.150500
   22.927447     35.192000
   22.847596     35.233500
   22.767527     35.275000
   22.687239     35.316500
   22.606728     35.358000
   22.525992     35.399500
   22.445029     35.441000
   22.363836     35.482500
   22.282410     35.524000
   22.200749     35.565500
   22.118849     35.607000
   22.036709     35.648500
   21.954325     35.690000
   21.871695     35.731500
   21.788815     35.773000
   21.705682     35.814500
   21.622295     35.856000
   21.538648     35.897500
   21.454740     35.939000
   21.370567     35.980500
   21.286126     36.022000
   21.201413     36.063500
   21.116425     36.105000
   21.031159     36.146500
   20.945612     36.188000
   20.859778     36.229500
   20.773656     36.271000
   20.687241     36.312500
   20.600529     36.354000
   20.513517     36.395500
   20.426200     36.437000
   20.338575     36.478500
   20.250637     36.520000
   20.162382     36.561500
   20.073806     36.603000
   19.984905     36.644500
   19.895673     36.686000
   19.806107     36.727500
   19.716202     36.769000
   19.625952     36.810500
   19.535354     36.852000
   19.444401     36.893500
   19.353090     36.935000
   19.261414     36.976500
   19.169368     37.018000
   19.076948     37.059500
   18.984146     37.101000
   18.890958     37.142500
   18.797378     37.184000
   18.703399     37.225500
   18.609016     37.267000
   18.514222     37.308500
   18.419011     37.350000
   18.323376     37.391500
   18.227310     37.433000
   18.130806     37.474500
   18.033858     37.516000
   17.936457     37.557500
   17.838597     37.599000
   17.740269     37.640500
   17.641465     37.682000
   17.542179     37.723500
   17.442400     37.765000
   17.342120     37.806500
   17.241331     37.848000
   17.140024     37.889500
   17.038188     37.931000
   16.935815     37.972500
   16.832895     38.014000
   16.729417     38.055500
   16.625370     38.097000
   16.520744     38.138500
   16.415528     38.180000
   16.309710     38.221500
   16.203278     38.263000
   16.096219     38.304500
   15.988522     38.346000
   15.880173     38.387500
   15.771158     38.429000
   15.661463     38.470500
   15.551075     38.512000
   15.439977     38.553500
   15.328154     38.595000
   15.215591     38.636500
   15.102269     38.678000
   14.988173     38.719500
   14.873284     38.761000
   14.757584     38.802500
   14.641052     38.844000
   14.523670     38.885500
   14.405415     38.927000
   14.286267     38.968500
   14.166202     39.010000
   14.045197     39.051500
   13.923227     39.093000
   13.800267     39.134500
   13.676289     39.176000
   13.551265     39.217500
   13.425167     39.259000
   13.297963     39.300500
   13.169622     39.342000
   13.040109     39.383500
   12.909388     39.425000
   12.777424     39.466500
   12.644177     39.508000
   12.509605     39.549500
   12.373665     39.591000
   12.236312     39.632500
   12.097496     39.674000
   11.957168     39.715500
   11.815273     39.757000
   11.671754     39.798500
   11.526549     39.840000
   11.379595     39.881500
   11.230821     39.923000
   11.080156     39.964500
   10.927520     40.006000
   10.772830     40.047500
   10.615995     40.089000
   10.456918     40.130500
   10.295497     40.172000
   10.131618     40.213500
    9.965160     40.255000
    9.795991     40.296500
    9.623969     40.338000
    9.448936     40.379500
    9.270723     40.421000
    9.089143     40.462500
    8.903988     40.504000
    8.715031     40.545500
    8.522019     40.587000
    8.324669     40.628500
    8.122665     40.670000
    7.915651     40.711500
    7.703223     40.753000
    7.484918     40.794500
    7.260208     40.836000
    7.028477     40.877500
    6.789006     40.919000
    6.540944     40.960500
    6.283275     41.002000
    6.014763     41.043500
    5.733885     41.085000
    5.438725     41.126500
    5.126816     41.168000
    4.794890     41.209500
    4.438460     41.251000
    4.051060     41.292500
    3.622770     41.334000
    3.136885     41.375500
    2.560827     41.417000
    1.810475     41.458500
    0.000000     41.500000
