#kinematics calculation by https://skisickness.com/math-physics/kinematics/
#vertex z = 200 
#scattered particle
#angle [deg], energy [MeV]
   90.000000      0.000000
   88.185882      0.048500
   87.434024      0.097000
   86.856812      0.145500
   86.369955      0.194000
   85.940810      0.242500
   85.552640      0.291000
   85.195501      0.339500
   84.862917      0.388000
   84.550391      0.436500
   84.254647      0.485000
   83.973216      0.533500
   83.704175      0.582000
   83.446000      0.630500
   83.197453      0.679000
   82.957514      0.727500
   82.725330      0.776000
   82.500183      0.824500
   82.281454      0.873000
   82.068614      0.921500
   81.861199      0.970000
   81.658806      1.018500
   81.461076      1.067000
   81.267692      1.115500
   81.078373      1.164000
   80.892863      1.212500
   80.710936      1.261000
   80.532383      1.309500
   80.357018      1.358000
   80.184669      1.406500
   80.015179      1.455000
   79.848407      1.503500
   79.684218      1.552000
   79.522493      1.600500
   79.363118      1.649000
   79.205989      1.697500
   79.051009      1.746000
   78.898088      1.794500
   78.747142      1.843000
   78.598093      1.891500
   78.450866      1.940000
   78.305393      1.988500
   78.161608      2.037000
   78.019452      2.085500
   77.878866      2.134000
   77.739796      2.182500
   77.602191      2.231000
   77.466003      2.279500
   77.331186      2.328000
   77.197696      2.376500
   77.065493      2.425000
   76.934536      2.473500
   76.804789      2.522000
   76.676216      2.570500
   76.548783      2.619000
   76.422459      2.667500
   76.297212      2.716000
   76.173013      2.764500
   76.049833      2.813000
   75.927646      2.861500
   75.806427      2.910000
   75.686149      2.958500
   75.566791      3.007000
   75.448328      3.055500
   75.330739      3.104000
   75.214003      3.152500
   75.098100      3.201000
   74.983011      3.249500
   74.868716      3.298000
   74.755198      3.346500
   74.642439      3.395000
   74.530423      3.443500
   74.419134      3.492000
   74.308555      3.540500
   74.198672      3.589000
   74.089471      3.637500
   73.980936      3.686000
   73.873055      3.734500
   73.765815      3.783000
   73.659202      3.831500
   73.553205      3.880000
   73.447811      3.928500
   73.343009      3.977000
   73.238787      4.025500
   73.135135      4.074000
   73.032043      4.122500
   72.929499      4.171000
   72.827494      4.219500
   72.726018      4.268000
   72.625062      4.316500
   72.524617      4.365000
   72.424674      4.413500
   72.325224      4.462000
   72.226258      4.510500
   72.127769      4.559000
   72.029749      4.607500
   71.932190      4.656000
   71.835084      4.704500
   71.738424      4.753000
   71.642203      4.801500
   71.546413      4.850000
   71.451049      4.898500
   71.356103      4.947000
   71.261568      4.995500
   71.167440      5.044000
   71.073711      5.092500
   70.980375      5.141000
   70.887426      5.189500
   70.794860      5.238000
   70.702669      5.286500
   70.610849      5.335000
   70.519394      5.383500
   70.428300      5.432000
   70.337560      5.480500
   70.247170      5.529000
   70.157125      5.577500
   70.067420      5.626000
   69.978051      5.674500
   69.889012      5.723000
   69.800301      5.771500
   69.711911      5.820000
   69.623838      5.868500
   69.536079      5.917000
   69.448630      5.965500
   69.361486      6.014000
   69.274643      6.062500
   69.188098      6.111000
   69.101846      6.159500
   69.015884      6.208000
   68.930208      6.256500
   68.844815      6.305000
   68.759701      6.353500
   68.674863      6.402000
   68.590296      6.450500
   68.505999      6.499000
   68.421968      6.547500
   68.338198      6.596000
   68.254689      6.644500
   68.171435      6.693000
   68.088434      6.741500
   68.005684      6.790000
   67.923181      6.838500
   67.840922      6.887000
   67.758905      6.935500
   67.677126      6.984000
   67.595584      7.032500
   67.514275      7.081000
   67.433196      7.129500
   67.352346      7.178000
   67.271721      7.226500
   67.191319      7.275000
   67.111138      7.323500
   67.031175      7.372000
   66.951428      7.420500
   66.871894      7.469000
   66.792572      7.517500
   66.713458      7.566000
   66.634551      7.614500
   66.555848      7.663000
   66.477347      7.711500
   66.399047      7.760000
   66.320944      7.808500
   66.243038      7.857000
   66.165325      7.905500
   66.087805      7.954000
   66.010474      8.002500
   65.933331      8.051000
   65.856374      8.099500
   65.779601      8.148000
   65.703011      8.196500
   65.626601      8.245000
   65.550370      8.293500
   65.474316      8.342000
   65.398437      8.390500
   65.322731      8.439000
   65.247197      8.487500
   65.171833      8.536000
   65.096637      8.584500
   65.021608      8.633000
   64.946744      8.681500
   64.872043      8.730000
   64.797505      8.778500
   64.723127      8.827000
   64.648908      8.875500
   64.574846      8.924000
   64.500940      8.972500
   64.427188      9.021000
   64.353590      9.069500
   64.280142      9.118000
   64.206845      9.166500
   64.133697      9.215000
   64.060696      9.263500
   63.987841      9.312000
   63.915131      9.360500
   63.842564      9.409000
   63.770139      9.457500
   63.697855      9.506000
   63.625710      9.554500
   63.553704      9.603000
   63.481835      9.651500
   63.410101      9.700000
   63.338502      9.748500
   63.267036      9.797000
   63.195702      9.845500
   63.124499      9.894000
   63.053426      9.942500
   62.982482      9.991000
   62.911665     10.039500
   62.840975     10.088000
   62.770410     10.136500
   62.699970     10.185000
   62.629652     10.233500
   62.559457     10.282000
   62.489382     10.330500
   62.419428     10.379000
   62.349593     10.427500
   62.279876     10.476000
   62.210275     10.524500
   62.140791     10.573000
   62.071422     10.621500
   62.002166     10.670000
   61.933024     10.718500
   61.863994     10.767000
   61.795075     10.815500
   61.726266     10.864000
   61.657567     10.912500
   61.588976     10.961000
   61.520492     11.009500
   61.452116     11.058000
   61.383844     11.106500
   61.315678     11.155000
   61.247616     11.203500
   61.179657     11.252000
   61.111800     11.300500
   61.044044     11.349000
   60.976390     11.397500
   60.908835     11.446000
   60.841379     11.494500
   60.774021     11.543000
   60.706760     11.591500
   60.639596     11.640000
   60.572528     11.688500
   60.505555     11.737000
   60.438677     11.785500
   60.371892     11.834000
   60.305199     11.882500
   60.238599     11.931000
   60.172090     11.979500
   60.105671     12.028000
   60.039342     12.076500
   59.973103     12.125000
   59.906951     12.173500
   59.840888     12.222000
   59.774911     12.270500
   59.709021     12.319000
   59.643217     12.367500
   59.577497     12.416000
   59.511862     12.464500
   59.446310     12.513000
   59.380841     12.561500
   59.315455     12.610000
   59.250150     12.658500
   59.184926     12.707000
   59.119783     12.755500
   59.054719     12.804000
   58.989735     12.852500
   58.924828     12.901000
   58.860000     12.949500
   58.795249     12.998000
   58.730575     13.046500
   58.665977     13.095000
   58.601454     13.143500
   58.537007     13.192000
   58.472633     13.240500
   58.408333     13.289000
   58.344107     13.337500
   58.279953     13.386000
   58.215871     13.434500
   58.151860     13.483000
   58.087920     13.531500
   58.024051     13.580000
   57.960252     13.628500
   57.896521     13.677000
   57.832860     13.725500
   57.769266     13.774000
   57.705741     13.822500
   57.642282     13.871000
   57.578890     13.919500
   57.515564     13.968000
   57.452304     14.016500
   57.389109     14.065000
   57.325978     14.113500
   57.262911     14.162000
   57.199908     14.210500
   57.136968     14.259000
   57.074091     14.307500
   57.011276     14.356000
   56.948522     14.404500
   56.885829     14.453000
   56.823197     14.501500
   56.760625     14.550000
   56.698113     14.598500
   56.635660     14.647000
   56.573266     14.695500
   56.510930     14.744000
   56.448652     14.792500
   56.386432     14.841000
   56.324268     14.889500
   56.262161     14.938000
   56.200110     14.986500
   56.138115     15.035000
   56.076174     15.083500
   56.014289     15.132000
   55.952458     15.180500
   55.890680     15.229000
   55.828956     15.277500
   55.767286     15.326000
   55.705667     15.374500
   55.644101     15.423000
   55.582587     15.471500
   55.521124     15.520000
   55.459712     15.568500
   55.398351     15.617000
   55.337040     15.665500
   55.275778     15.714000
   55.214566     15.762500
   55.153403     15.811000
   55.092288     15.859500
   55.031222     15.908000
   54.970203     15.956500
   54.909231     16.005000
   54.848307     16.053500
   54.787429     16.102000
   54.726598     16.150500
   54.665812     16.199000
   54.605072     16.247500
   54.544377     16.296000
   54.483726     16.344500
   54.423120     16.393000
   54.362558     16.441500
   54.302040     16.490000
   54.241565     16.538500
   54.181133     16.587000
   54.120743     16.635500
   54.060396     16.684000
   54.000090     16.732500
   53.939826     16.781000
   53.879603     16.829500
   53.819420     16.878000
   53.759279     16.926500
   53.699177     16.975000
   53.639115     17.023500
   53.579092     17.072000
   53.519109     17.120500
   53.459164     17.169000
   53.399258     17.217500
   53.339389     17.266000
   53.279559     17.314500
   53.219765     17.363000
   53.160009     17.411500
   53.100290     17.460000
   53.040607     17.508500
   52.980960     17.557000
   52.921349     17.605500
   52.861773     17.654000
   52.802232     17.702500
   52.742726     17.751000
   52.683255     17.799500
   52.623818     17.848000
   52.564415     17.896500
   52.505045     17.945000
   52.445708     17.993500
   52.386405     18.042000
   52.327133     18.090500
   52.267895     18.139000
   52.208688     18.187500
   52.149513     18.236000
   52.090369     18.284500
   52.031257     18.333000
   51.972175     18.381500
   51.913124     18.430000
   51.854103     18.478500
   51.795112     18.527000
   51.736150     18.575500
   51.677218     18.624000
   51.618315     18.672500
   51.559440     18.721000
   51.500594     18.769500
   51.441776     18.818000
   51.382986     18.866500
   51.324224     18.915000
   51.265488     18.963500
   51.206780     19.012000
   51.148099     19.060500
   51.089444     19.109000
   51.030815     19.157500
   50.972212     19.206000
   50.913635     19.254500
   50.855083     19.303000
   50.796556     19.351500
   50.738054     19.400000
   50.679576     19.448500
   50.621122     19.497000
   50.562693     19.545500
   50.504287     19.594000
   50.445905     19.642500
   50.387545     19.691000
   50.329209     19.739500
   50.270895     19.788000
   50.212604     19.836500
   50.154334     19.885000
   50.096086     19.933500
   50.037860     19.982000
   49.979656     20.030500
   49.921472     20.079000
   49.863309     20.127500
   49.805166     20.176000
   49.747044     20.224500
   49.688941     20.273000
   49.630859     20.321500
   49.572795     20.370000
   49.514751     20.418500
   49.456726     20.467000
   49.398720     20.515500
   49.340732     20.564000
   49.282762     20.612500
   49.224810     20.661000
   49.166876     20.709500
   49.108959     20.758000
   49.051059     20.806500
   48.993177     20.855000
   48.935310     20.903500
   48.877461     20.952000
   48.819627     21.000500
   48.761810     21.049000
   48.704008     21.097500
   48.646221     21.146000
   48.588449     21.194500
   48.530693     21.243000
   48.472951     21.291500
   48.415224     21.340000
   48.357510     21.388500
   48.299811     21.437000
   48.242126     21.485500
   48.184453     21.534000
   48.126794     21.582500
   48.069148     21.631000
   48.011515     21.679500
   47.953894     21.728000
   47.896286     21.776500
   47.838689     21.825000
   47.781104     21.873500
   47.723531     21.922000
   47.665969     21.970500
   47.608418     22.019000
   47.550878     22.067500
   47.493348     22.116000
   47.435829     22.164500
   47.378320     22.213000
   47.320821     22.261500
   47.263331     22.310000
   47.205851     22.358500
   47.148380     22.407000
   47.090917     22.455500
   47.033464     22.504000
   46.976019     22.552500
   46.918582     22.601000
   46.861153     22.649500
   46.803732     22.698000
   46.746318     22.746500
   46.688911     22.795000
   46.631512     22.843500
   46.574119     22.892000
   46.516733     22.940500
   46.459354     22.989000
   46.401980     23.037500
   46.344612     23.086000
   46.287250     23.134500
   46.229894     23.183000
   46.172542     23.231500
   46.115196     23.280000
   46.057854     23.328500
   46.000516     23.377000
   45.943183     23.425500
   45.885854     23.474000
   45.828529     23.522500
   45.771207     23.571000
   45.713889     23.619500
   45.656574     23.668000
   45.599262     23.716500
   45.541952     23.765000
   45.484645     23.813500
   45.427340     23.862000
   45.370036     23.910500
   45.312735     23.959000
   45.255435     24.007500
   45.198136     24.056000
   45.140839     24.104500
   45.083542     24.153000
   45.026246     24.201500
   44.968950     24.250000
   44.911654     24.298500
   44.854358     24.347000
   44.797062     24.395500
   44.739766     24.444000
   44.682468     24.492500
   44.625170     24.541000
   44.567870     24.589500
   44.510568     24.638000
   44.453265     24.686500
   44.395961     24.735000
   44.338653     24.783500
   44.281344     24.832000
   44.224032     24.880500
   44.166717     24.929000
   44.109399     24.977500
   44.052077     25.026000
   43.994753     25.074500
   43.937424     25.123000
   43.880091     25.171500
   43.822754     25.220000
   43.765413     25.268500
   43.708067     25.317000
   43.650716     25.365500
   43.593359     25.414000
   43.535998     25.462500
   43.478630     25.511000
   43.421257     25.559500
   43.363878     25.608000
   43.306493     25.656500
   43.249101     25.705000
   43.191702     25.753500
   43.134296     25.802000
   43.076883     25.850500
   43.019462     25.899000
   42.962034     25.947500
   42.904597     25.996000
   42.847153     26.044500
   42.789700     26.093000
   42.732238     26.141500
   42.674768     26.190000
   42.617288     26.238500
   42.559799     26.287000
   42.502301     26.335500
   42.444792     26.384000
   42.387274     26.432500
   42.329745     26.481000
   42.272206     26.529500
   42.214656     26.578000
   42.157095     26.626500
   42.099522     26.675000
   42.041938     26.723500
   41.984342     26.772000
   41.926735     26.820500
   41.869115     26.869000
   41.811483     26.917500
   41.753837     26.966000
   41.696179     27.014500
   41.638508     27.063000
   41.580823     27.111500
   41.523125     27.160000
   41.465413     27.208500
   41.407686     27.257000
   41.349945     27.305500
   41.292190     27.354000
   41.234420     27.402500
   41.176634     27.451000
   41.118833     27.499500
   41.061016     27.548000
   41.003184     27.596500
   40.945335     27.645000
   40.887470     27.693500
   40.829588     27.742000
   40.771690     27.790500
   40.713774     27.839000
   40.655841     27.887500
   40.597890     27.936000
   40.539921     27.984500
   40.481934     28.033000
   40.423929     28.081500
   40.365905     28.130000
   40.307862     28.178500
   40.249799     28.227000
   40.191718     28.275500
   40.133617     28.324000
   40.075495     28.372500
   40.017354     28.421000
   39.959192     28.469500
   39.901009     28.518000
   39.842805     28.566500
   39.784580     28.615000
   39.726334     28.663500
   39.668065     28.712000
   39.609775     28.760500
   39.551462     28.809000
   39.493127     28.857500
   39.434768     28.906000
   39.376387     28.954500
   39.317982     29.003000
   39.259554     29.051500
   39.201101     29.100000
   39.142624     29.148500
   39.084123     29.197000
   39.025597     29.245500
   38.967046     29.294000
   38.908470     29.342500
   38.849868     29.391000
   38.791240     29.439500
   38.732586     29.488000
   38.673905     29.536500
   38.615198     29.585000
   38.556464     29.633500
   38.497702     29.682000
   38.438913     29.730500
   38.380096     29.779000
   38.321250     29.827500
   38.262377     29.876000
   38.203474     29.924500
   38.144543     29.973000
   38.085582     30.021500
   38.026591     30.070000
   37.967571     30.118500
   37.908520     30.167000
   37.849439     30.215500
   37.790327     30.264000
   37.731184     30.312500
   37.672009     30.361000
   37.612803     30.409500
   37.553565     30.458000
   37.494294     30.506500
   37.434991     30.555000
   37.375655     30.603500
   37.316285     30.652000
   37.256882     30.700500
   37.197445     30.749000
   37.137974     30.797500
   37.078468     30.846000
   37.018928     30.894500
   36.959352     30.943000
   36.899741     30.991500
   36.840094     31.040000
   36.780411     31.088500
   36.720692     31.137000
   36.660935     31.185500
   36.601142     31.234000
   36.541311     31.282500
   36.481442     31.331000
   36.421536     31.379500
   36.361590     31.428000
   36.301607     31.476500
   36.241583     31.525000
   36.181521     31.573500
   36.121419     31.622000
   36.061276     31.670500
   36.001093     31.719000
   35.940869     31.767500
   35.880604     31.816000
   35.820298     31.864500
   35.759949     31.913000
   35.699559     31.961500
   35.639125     32.010000
   35.578649     32.058500
   35.518129     32.107000
   35.457566     32.155500
   35.396959     32.204000
   35.336307     32.252500
   35.275610     32.301000
   35.214868     32.349500
   35.154081     32.398000
   35.093248     32.446500
   35.032368     32.495000
   34.971442     32.543500
   34.910468     32.592000
   34.849448     32.640500
   34.788379     32.689000
   34.727262     32.737500
   34.666096     32.786000
   34.604882     32.834500
   34.543618     32.883000
   34.482304     32.931500
   34.420939     32.980000
   34.359525     33.028500
   34.298059     33.077000
   34.236541     33.125500
   34.174972     33.174000
   34.113351     33.222500
   34.051676     33.271000
   33.989949     33.319500
   33.928168     33.368000
   33.866333     33.416500
   33.804444     33.465000
   33.742500     33.513500
   33.680500     33.562000
   33.618445     33.610500
   33.556333     33.659000
   33.494165     33.707500
   33.431940     33.756000
   33.369657     33.804500
   33.307316     33.853000
   33.244917     33.901500
   33.182459     33.950000
   33.119942     33.998500
   33.057364     34.047000
   32.994727     34.095500
   32.932028     34.144000
   32.869269     34.192500
   32.806447     34.241000
   32.743564     34.289500
   32.680617     34.338000
   32.617607     34.386500
   32.554534     34.435000
   32.491396     34.483500
   32.428194     34.532000
   32.364927     34.580500
   32.301593     34.629000
   32.238194     34.677500
   32.174727     34.726000
   32.111194     34.774500
   32.047592     34.823000
   31.983922     34.871500
   31.920183     34.920000
   31.856375     34.968500
   31.792497     35.017000
   31.728548     35.065500
   31.664528     35.114000
   31.600436     35.162500
   31.536272     35.211000
   31.472036     35.259500
   31.407726     35.308000
   31.343342     35.356500
   31.278883     35.405000
   31.214350     35.453500
   31.149740     35.502000
   31.085055     35.550500
   31.020292     35.599000
   30.955452     35.647500
   30.890534     35.696000
   30.825537     35.744500
   30.760460     35.793000
   30.695304     35.841500
   30.630067     35.890000
   30.564749     35.938500
   30.499348     35.987000
   30.433866     36.035500
   30.368299     36.084000
   30.302649     36.132500
   30.236915     36.181000
   30.171095     36.229500
   30.105189     36.278000
   30.039197     36.326500
   29.973117     36.375000
   29.906949     36.423500
   29.840693     36.472000
   29.774347     36.520500
   29.707911     36.569000
   29.641384     36.617500
   29.574766     36.666000
   29.508055     36.714500
   29.441250     36.763000
   29.374352     36.811500
   29.307360     36.860000
   29.240272     36.908500
   29.173088     36.957000
   29.105806     37.005500
   29.038427     37.054000
   28.970950     37.102500
   28.903373     37.151000
   28.835696     37.199500
   28.767917     37.248000
   28.700037     37.296500
   28.632055     37.345000
   28.563968     37.393500
   28.495777     37.442000
   28.427481     37.490500
   28.359079     37.539000
   28.290569     37.587500
   28.221952     37.636000
   28.153226     37.684500
   28.084390     37.733000
   28.015443     37.781500
   27.946384     37.830000
   27.877213     37.878500
   27.807928     37.927000
   27.738529     37.975500
   27.669014     38.024000
   27.599383     38.072500
   27.529634     38.121000
   27.459767     38.169500
   27.389780     38.218000
   27.319672     38.266500
   27.249443     38.315000
   27.179091     38.363500
   27.108615     38.412000
   27.038014     38.460500
   26.967288     38.509000
   26.896434     38.557500
   26.825452     38.606000
   26.754341     38.654500
   26.683099     38.703000
   26.611726     38.751500
   26.540219     38.800000
   26.468579     38.848500
   26.396803     38.897000
   26.324891     38.945500
   26.252841     38.994000
   26.180653     39.042500
   26.108324     39.091000
   26.035853     39.139500
   25.963240     39.188000
   25.890482     39.236500
   25.817579     39.285000
   25.744529     39.333500
   25.671331     39.382000
   25.597983     39.430500
   25.524485     39.479000
   25.450834     39.527500
   25.377029     39.576000
   25.303068     39.624500
   25.228951     39.673000
   25.154676     39.721500
   25.080240     39.770000
   25.005644     39.818500
   24.930884     39.867000
   24.855960     39.915500
   24.780870     39.964000
   24.705611     40.012500
   24.630184     40.061000
   24.554585     40.109500
   24.478814     40.158000
   24.402868     40.206500
   24.326745     40.255000
   24.250445     40.303500
   24.173964     40.352000
   24.097302     40.400500
   24.020457     40.449000
   23.943426     40.497500
   23.866207     40.546000
   23.788800     40.594500
   23.711201     40.643000
   23.633408     40.691500
   23.555421     40.740000
   23.477236     40.788500
   23.398851     40.837000
   23.320265     40.885500
   23.241475     40.934000
   23.162480     40.982500
   23.083276     41.031000
   23.003861     41.079500
   22.924234     41.128000
   22.844392     41.176500
   22.764332     41.225000
   22.684053     41.273500
   22.603551     41.322000
   22.522824     41.370500
   22.441870     41.419000
   22.360685     41.467500
   22.279268     41.516000
   22.197616     41.564500
   22.115726     41.613000
   22.033595     41.661500
   21.951220     41.710000
   21.868599     41.758500
   21.785729     41.807000
   21.702606     41.855500
   21.619227     41.904000
   21.535590     41.952500
   21.451692     42.001000
   21.367528     42.049500
   21.283097     42.098000
   21.198394     42.146500
   21.113416     42.195000
   21.028160     42.243500
   20.942622     42.292000
   20.856799     42.340500
   20.770687     42.389000
   20.684282     42.437500
   20.597580     42.486000
   20.510578     42.534500
   20.423272     42.583000
   20.335657     42.631500
   20.247729     42.680000
   20.159485     42.728500
   20.070920     42.777000
   19.982029     42.825500
   19.892808     42.874000
   19.803253     42.922500
   19.713358     42.971000
   19.623119     43.019500
   19.532532     43.068000
   19.441590     43.116500
   19.350290     43.165000
   19.258625     43.213500
   19.166591     43.262000
   19.074182     43.310500
   18.981392     43.359000
   18.888215     43.407500
   18.794647     43.456000
   18.700680     43.504500
   18.606308     43.553000
   18.511526     43.601500
   18.416327     43.650000
   18.320704     43.698500
   18.224650     43.747000
   18.128158     43.795500
   18.031222     43.844000
   17.933834     43.892500
   17.835986     43.941000
   17.737670     43.989500
   17.638879     44.038000
   17.539605     44.086500
   17.439839     44.135000
   17.339573     44.183500
   17.238797     44.232000
   17.137502     44.280500
   17.035680     44.329000
   16.933320     44.377500
   16.830413     44.426000
   16.726948     44.474500
   16.622915     44.523000
   16.518303     44.571500
   16.413101     44.620000
   16.307296     44.668500
   16.200878     44.717000
   16.093834     44.765500
   15.986151     44.814000
   15.877816     44.862500
   15.768816     44.911000
   15.659136     44.959500
   15.548762     45.008000
   15.437679     45.056500
   15.325871     45.105000
   15.213323     45.153500
   15.100017     45.202000
   14.985936     45.250500
   14.871063     45.299000
   14.755378     45.347500
   14.638863     45.396000
   14.521496     45.444500
   14.403258     45.493000
   14.284126     45.541500
   14.164077     45.590000
   14.043089     45.638500
   13.921136     45.687000
   13.798193     45.735500
   13.674232     45.784000
   13.549226     45.832500
   13.423145     45.881000
   13.295959     45.929500
   13.167635     45.978000
   13.038140     46.026500
   12.907439     46.075000
   12.775493     46.123500
   12.642264     46.172000
   12.507711     46.220500
   12.371791     46.269000
   12.234457     46.317500
   12.095662     46.366000
   11.955354     46.414500
   11.813479     46.463000
   11.669980     46.511500
   11.524796     46.560000
   11.377863     46.608500
   11.229111     46.657000
   11.078467     46.705500
   10.925854     46.754000
   10.771186     46.802500
   10.614373     46.851000
   10.455320     46.899500
   10.293922     46.948000
   10.130067     46.996500
    9.963634     47.045000
    9.794490     47.093500
    9.622493     47.142000
    9.447486     47.190500
    9.269300     47.239000
    9.087746     47.287500
    8.902618     47.336000
    8.713690     47.384500
    8.520706     47.433000
    8.323386     47.481500
    8.121413     47.530000
    7.914430     47.578500
    7.702033     47.627000
    7.483762     47.675500
    7.259086     47.724000
    7.027389     47.772500
    6.787955     47.821000
    6.539931     47.869500
    6.282301     47.918000
    6.013830     47.966500
    5.732995     48.015000
    5.437880     48.063500
    5.126019     48.112000
    4.794145     48.160500
    4.437769     48.209000
    4.050429     48.257500
    3.622206     48.306000
    3.136396     48.354500
    2.560427     48.403000
    1.810192     48.451500
    0.000000     48.500000
