    0.000000      0.000000
   18.289634      1.653398
   24.813329      2.338577
   29.256183      2.864550
   32.616766      3.308149
   35.295716      3.699128
   37.502382      4.052745
   39.362026      4.378063
   40.956169      4.680986
   42.341030      4.965615
   43.557067      5.234935
   44.634366      5.491198
   45.595902      5.736155
   46.459593      5.971198
   47.239676      6.197455
   47.947633      6.415856
   48.592850      6.627178
   49.183087      6.832077
   49.724831      7.031116
   50.223548      7.224779
   50.683886      7.413487
   51.109824      7.597610
   51.504794      7.777474
   51.871771      7.953367
   52.213352      8.125548
   52.531811      8.294247
   52.829155      8.459674
   53.107156      8.622016
   53.367391      8.781446
   53.611266      8.938118
   53.840037      9.092176
   54.054836      9.243751
   54.256679      9.392962
   54.446486      9.539920
   54.625090      9.684730
   54.793248      9.827484
   54.951649      9.968273
   55.100922     10.107177
   55.241642     10.244274
   55.374336     10.379636
   55.499490     10.513330
   55.617549     10.645418
   55.728925     10.775960
   55.833996     10.905011
   55.933116     11.032624
   56.026609     11.158848
   56.114777     11.283731
   56.197902     11.407315
   56.276245     11.529643
   56.350049     11.650754
   56.419542     11.770687
   56.484937     11.889477
   56.546432     12.007158
   56.604214     12.123761
   56.658457     12.239320
   56.709324     12.353861
   56.756971     12.467415
   56.801541     12.580007
   56.843172     12.691663
   56.881991     12.802408
   56.918120     12.912265
   56.951674     13.021258
   56.982759     13.129406
   57.011479     13.236732
   57.037931     13.343255
   57.062205     13.448995
   57.084390     13.553969
   57.104566     13.658195
   57.122813     13.761692
   57.139205     13.864474
   57.153812     13.966557
   57.166701     14.067958
   57.177936     14.168691
   57.187579     14.268770
   57.195687     14.368208
   57.202315     14.467020
   57.207516     14.565218
   57.211341     14.662813
   57.213837     14.759819
   57.215050     14.856247
   57.215025     14.952109
   57.213803     15.047414
   57.211425     15.142174
   57.207928     15.236399
   57.203351     15.330098
   57.197727     15.423282
   57.191091     15.515960
   57.183476     15.608141
   57.174912     15.699834
   57.165430     15.791047
   57.155057     15.881788
   57.143823     15.972067
   57.131752     16.061890
   57.118871     16.151265
   57.105205     16.240200
   57.090776     16.328702
   57.075608     16.416779
   57.059721     16.504436
   57.043139     16.591681
   57.025879     16.678520
   57.007963     16.764959
   56.989409     16.851006
   56.970235     16.936665
   56.950459     17.021943
   56.930097     17.106846
   56.909166     17.191379
   56.887681     17.275547
   56.865659     17.359357
   56.843112     17.442813
   56.820057     17.525920
   56.796506     17.608684
   56.772472     17.691109
   56.747970     17.773199
   56.723010     17.854961
   56.697605     17.936398
   56.671766     18.017515
   56.645505     18.098316
   56.618834     18.178805
   56.591761     18.258987
   56.564298     18.338865
   56.536454     18.418444
   56.508239     18.497728
   56.479662     18.576720
   56.450733     18.655425
   56.421460     18.733845
   56.391851     18.811985
   56.361915     18.889848
   56.331659     18.967438
   56.301093     19.044757
   56.270222     19.121810
   56.239054     19.198600
   56.207597     19.275129
   56.175857     19.351401
   56.143841     19.427419
   56.111556     19.503186
   56.079007     19.578705
   56.046201     19.653979
   56.013144     19.729011
   55.979842     19.803803
   55.946300     19.878359
   55.912524     19.952681
   55.878519     20.026772
   55.844290     20.100634
   55.809843     20.174270
   55.775182     20.247682
   55.740312     20.320874
   55.705238     20.393847
   55.669965     20.466603
   55.634495     20.539146
   55.598835     20.611477
   55.562988     20.683599
   55.526959     20.755514
   55.490750     20.827224
   55.454367     20.898731
   55.417812     20.970038
   55.381091     21.041147
   55.344205     21.112059
   55.307159     21.182777
   55.269956     21.253302
   55.232599     21.323637
   55.195092     21.393784
   55.157437     21.463744
   55.119639     21.533520
   55.081699     21.603113
   55.043621     21.672525
   55.005408     21.741757
   54.967062     21.810812
   54.928586     21.879692
   54.889984     21.948397
   54.851256     22.016931
   54.812407     22.085293
   54.773438     22.153487
   54.734351     22.221513
   54.695150     22.289374
   54.655837     22.357070
   54.616413     22.424604
   54.576881     22.491976
   54.537244     22.559189
   54.497502     22.626244
   54.457659     22.693142
   54.417716     22.759884
   54.377675     22.826473
   54.337538     22.892910
   54.297307     22.959195
   54.256985     23.025331
   54.216571     23.091318
   54.176069     23.157158
   54.135480     23.222853
   54.094806     23.288403
   54.054048     23.353810
   54.013209     23.419075
   53.972288     23.484199
   53.931289     23.549184
   53.890212     23.614031
   53.849059     23.678740
   53.807832     23.743314
   53.766531     23.807753
   53.725159     23.872058
   53.683716     23.936231
   53.642204     24.000273
   53.600624     24.064185
   53.558978     24.127967
   53.517266     24.191621
   53.475490     24.255149
   53.433650     24.318550
   53.391749     24.381827
   53.349787     24.444979
   53.307766     24.508009
   53.265686     24.570917
   53.223548     24.633704
   53.181354     24.696372
   53.139104     24.758920
   53.096800     24.821350
   53.054442     24.883664
   53.012032     24.945861
   52.969570     25.007943
   52.927058     25.069911
   52.884495     25.131766
   52.841884     25.193508
   52.799224     25.255138
   52.756517     25.316658
   52.713764     25.378068
   52.670965     25.439369
   52.628121     25.500562
   52.585233     25.561647
   52.542302     25.622626
   52.499328     25.683500
   52.456313     25.744268
   52.413256     25.804933
   52.370158     25.865494
   52.327021     25.925952
   52.283845     25.986309
   52.240630     26.046565
   52.197377     26.106720
   52.154087     26.166776
   52.110761     26.226734
   52.067398     26.286593
   52.024001     26.346355
   51.980568     26.406020
   51.937101     26.465590
   51.893600     26.525065
   51.850067     26.584444
   51.806500     26.643731
   51.762902     26.702924
   51.719271     26.762024
   51.675610     26.821033
   51.631918     26.879951
   51.588196     26.938778
   51.544445     26.997516
   51.500664     27.056164
   51.456854     27.114724
   51.413017     27.173196
   51.369151     27.231580
   51.325258     27.289878
   51.281338     27.348090
   51.237391     27.406216
   51.193418     27.464258
   51.149419     27.522215
   51.105395     27.580088
   51.061346     27.637879
   51.017272     27.695587
   50.973173     27.753213
   50.929051     27.810757
   50.884905     27.868221
   50.840736     27.925604
   50.796544     27.982908
   50.752329     28.040132
   50.708092     28.097278
   50.663833     28.154346
   50.619552     28.211336
   50.575250     28.268249
   50.530926     28.325085
   50.486582     28.381846
   50.442217     28.438531
   50.397833     28.495140
   50.353428     28.551676
   50.309003     28.608137
   50.264559     28.664525
   50.220095     28.720839
   50.175613     28.777082
   50.131112     28.833252
   50.086592     28.889350
   50.042055     28.945378
   49.997499     29.001334
   49.952925     29.057221
   49.908334     29.113037
   49.863725     29.168785
   49.819099     29.224463
   49.774456     29.280073
   49.729797     29.335616
   49.685121     29.391090
   49.640428     29.446498
   49.595719     29.501839
   49.550994     29.557113
   49.506254     29.612322
   49.461497     29.667466
   49.416726     29.722545
   49.371938     29.777559
   49.327136     29.832509
   49.282319     29.887395
   49.237486     29.942218
   49.192639     29.996978
   49.147778     30.051675
   49.102902     30.106310
   49.058012     30.160884
   49.013107     30.215396
   48.968189     30.269848
   48.923256     30.324238
   48.878310     30.378569
   48.833350     30.432840
   48.788377     30.487051
   48.743390     30.541203
   48.698390     30.595296
   48.653377     30.649332
   48.608351     30.703309
   48.563312     30.757228
   48.518260     30.811091
   48.473195     30.864896
   48.428117     30.918645
   48.383027     30.972337
   48.337924     31.025974
   48.292809     31.079555
   48.247682     31.133081
   48.202542     31.186553
   48.157391     31.239969
   48.112227     31.293332
   48.067051     31.346641
   48.021863     31.399896
   47.976664     31.453098
   47.931452     31.506247
   47.886229     31.559343
   47.840994     31.612388
   47.795748     31.665380
   47.750490     31.718321
   47.705221     31.771210
   47.659940     31.824049
   47.614648     31.876837
   47.569344     31.929575
   47.524029     31.982262
   47.478703     32.034900
   47.433366     32.087488
   47.388018     32.140027
   47.342658     32.192517
   47.297288     32.244959
   47.251906     32.297353
   47.206514     32.349698
   47.161110     32.401996
   47.115696     32.454246
   47.070271     32.506449
   47.024835     32.558605
   46.979388     32.610715
   46.933930     32.662778
   46.888461     32.714796
   46.842982     32.766767
   46.797492     32.818694
   46.751991     32.870574
   46.706479     32.922410
   46.660957     32.974202
   46.615424     33.025949
   46.569880     33.077651
   46.524326     33.129310
   46.478761     33.180925
   46.433185     33.232497
   46.387599     33.284026
   46.342002     33.335511
   46.296395     33.386955
   46.250776     33.438355
   46.205148     33.489714
   46.159508     33.541031
   46.113858     33.592306
   46.068197     33.643540
   46.022526     33.694733
   45.976844     33.745884
   45.931151     33.796995
   45.885447     33.848066
   45.839733     33.899097
   45.794009     33.950087
   45.748273     34.001038
   45.702527     34.051949
   45.656770     34.102821
   45.611002     34.153654
   45.565223     34.204449
   45.519434     34.255204
   45.473634     34.305922
   45.427823     34.356601
   45.382001     34.407242
   45.336168     34.457846
   45.290325     34.508412
   45.244470     34.558941
   45.198605     34.609433
   45.152728     34.659888
   45.106840     34.710306
   45.060942     34.760688
   45.015032     34.811034
   44.969111     34.861344
   44.923179     34.911618
   44.877236     34.961857
   44.831282     35.012060
   44.785316     35.062228
   44.739339     35.112361
   44.693351     35.162460
   44.647352     35.212524
   44.601341     35.262553
   44.555318     35.312549
   44.509284     35.362510
   44.463239     35.412438
   44.417182     35.462332
   44.371113     35.512193
   44.325033     35.562021
   44.278941     35.611816
   44.232837     35.661578
   44.186721     35.711307
   44.140594     35.761004
   44.094454     35.810669
   44.048303     35.860302
   44.002140     35.909903
   43.955964     35.959472
   43.909777     36.009010
   43.863577     36.058517
   43.817365     36.107992
   43.771141     36.157437
   43.724904     36.206850
   43.678655     36.256234
   43.632394     36.305587
   43.586120     36.354909
   43.539833     36.404202
   43.493534     36.453464
   43.447222     36.502697
   43.400898     36.551901
   43.354560     36.601075
   43.308210     36.650220
   43.261847     36.699336
   43.215470     36.748423
   43.169081     36.797482
   43.122678     36.846512
   43.076263     36.895513
   43.029834     36.944487
   42.983391     36.993432
   42.936935     37.042350
   42.890466     37.091240
   42.843983     37.140102
   42.797486     37.188937
   42.750976     37.237745
   42.704452     37.286525
   42.657914     37.335279
   42.611362     37.384006
   42.564796     37.432707
   42.518216     37.481381
   42.471622     37.530029
   42.425014     37.578650
   42.378391     37.627246
   42.331754     37.675816
   42.285102     37.724360
   42.238436     37.772879
   42.191755     37.821372
   42.145060     37.869840
   42.098349     37.918284
   42.051624     37.966702
   42.004884     38.015095
   41.958129     38.063464
   41.911358     38.111808
   41.864572     38.160128
   41.817771     38.208423
   41.770955     38.256695
   41.724123     38.304943
   41.677276     38.353167
   41.630412     38.401367
   41.583533     38.449544
   41.536639     38.497697
   41.489728     38.545827
   41.442801     38.593934
   41.395858     38.642018
   41.348899     38.690079
   41.301923     38.738118
   41.254931     38.786134
   41.207923     38.834127
   41.160898     38.882099
   41.113856     38.930048
   41.066797     38.977975
   41.019722     39.025880
   40.972629     39.073763
   40.925520     39.121625
   40.878393     39.169465
   40.831249     39.217284
   40.784087     39.265082
   40.736908     39.312858
   40.689711     39.360613
   40.642497     39.408348
   40.595265     39.456061
   40.548015     39.503754
   40.500746     39.551427
   40.453460     39.599079
   40.406155     39.646711
   40.358833     39.694323
   40.311491     39.741914
   40.264131     39.789486
   40.216753     39.837038
   40.169355     39.884570
   40.121939     39.932082
   40.074503     39.979575
   40.027049     40.027049
   39.979575     40.074503
   39.932082     40.121939
   39.884570     40.169355
   39.837038     40.216753
   39.789486     40.264131
   39.741914     40.311491
   39.694323     40.358833
   39.646711     40.406155
   39.599079     40.453460
   39.551427     40.500746
   39.503754     40.548015
   39.456061     40.595265
   39.408348     40.642497
   39.360613     40.689711
   39.312858     40.736908
   39.265082     40.784087
   39.217284     40.831249
   39.169465     40.878393
   39.121625     40.925520
   39.073763     40.972629
   39.025880     41.019722
   38.977975     41.066797
   38.930048     41.113856
   38.882099     41.160898
   38.834127     41.207923
   38.786134     41.254931
   38.738118     41.301923
   38.690079     41.348899
   38.642018     41.395858
   38.593934     41.442801
   38.545827     41.489728
   38.497697     41.536639
   38.449544     41.583533
   38.401367     41.630412
   38.353167     41.677276
   38.304943     41.724123
   38.256695     41.770955
   38.208423     41.817771
   38.160128     41.864572
   38.111808     41.911358
   38.063464     41.958129
   38.015095     42.004884
   37.966702     42.051624
   37.918284     42.098349
   37.869840     42.145060
   37.821372     42.191755
   37.772879     42.238436
   37.724360     42.285102
   37.675816     42.331754
   37.627246     42.378391
   37.578650     42.425014
   37.530029     42.471622
   37.481381     42.518216
   37.432707     42.564796
   37.384006     42.611362
   37.335279     42.657914
   37.286525     42.704452
   37.237745     42.750976
   37.188937     42.797486
   37.140102     42.843983
   37.091240     42.890466
   37.042350     42.936935
   36.993432     42.983391
   36.944487     43.029834
   36.895513     43.076263
   36.846512     43.122678
   36.797482     43.169081
   36.748423     43.215470
   36.699336     43.261847
   36.650220     43.308210
   36.601075     43.354560
   36.551901     43.400898
   36.502697     43.447222
   36.453464     43.493534
   36.404202     43.539833
   36.354909     43.586120
   36.305587     43.632394
   36.256234     43.678655
   36.206850     43.724904
   36.157437     43.771141
   36.107992     43.817365
   36.058517     43.863577
   36.009010     43.909777
   35.959472     43.955964
   35.909903     44.002140
   35.860302     44.048303
   35.810669     44.094454
   35.761004     44.140594
   35.711307     44.186721
   35.661578     44.232837
   35.611816     44.278941
   35.562021     44.325033
   35.512193     44.371113
   35.462332     44.417182
   35.412438     44.463239
   35.362510     44.509284
   35.312549     44.555318
   35.262553     44.601341
   35.212524     44.647352
   35.162460     44.693351
   35.112361     44.739339
   35.062228     44.785316
   35.012060     44.831282
   34.961857     44.877236
   34.911618     44.923179
   34.861344     44.969111
   34.811034     45.015032
   34.760688     45.060942
   34.710306     45.106840
   34.659888     45.152728
   34.609433     45.198605
   34.558941     45.244470
   34.508412     45.290325
   34.457846     45.336168
   34.407242     45.382001
   34.356601     45.427823
   34.305922     45.473634
   34.255204     45.519434
   34.204449     45.565223
   34.153654     45.611002
   34.102821     45.656770
   34.051949     45.702527
   34.001038     45.748273
   33.950087     45.794009
   33.899097     45.839733
   33.848066     45.885447
   33.796995     45.931151
   33.745884     45.976844
   33.694733     46.022526
   33.643540     46.068197
   33.592306     46.113858
   33.541031     46.159508
   33.489714     46.205148
   33.438355     46.250776
   33.386955     46.296395
   33.335511     46.342002
   33.284026     46.387599
   33.232497     46.433185
   33.180925     46.478761
   33.129310     46.524326
   33.077651     46.569880
   33.025949     46.615424
   32.974202     46.660957
   32.922410     46.706479
   32.870574     46.751991
   32.818694     46.797492
   32.766767     46.842982
   32.714796     46.888461
   32.662778     46.933930
   32.610715     46.979388
   32.558605     47.024835
   32.506449     47.070271
   32.454246     47.115696
   32.401996     47.161110
   32.349698     47.206514
   32.297353     47.251906
   32.244959     47.297288
   32.192517     47.342658
   32.140027     47.388018
   32.087488     47.433366
   32.034900     47.478703
   31.982262     47.524029
   31.929575     47.569344
   31.876837     47.614648
   31.824049     47.659940
   31.771210     47.705221
   31.718321     47.750490
   31.665380     47.795748
   31.612388     47.840994
   31.559343     47.886229
   31.506247     47.931452
   31.453098     47.976664
   31.399896     48.021863
   31.346641     48.067051
   31.293332     48.112227
   31.239969     48.157391
   31.186553     48.202542
   31.133081     48.247682
   31.079555     48.292809
   31.025974     48.337924
   30.972337     48.383027
   30.918645     48.428117
   30.864896     48.473195
   30.811091     48.518260
   30.757228     48.563312
   30.703309     48.608351
   30.649332     48.653377
   30.595296     48.698390
   30.541203     48.743390
   30.487051     48.788377
   30.432840     48.833350
   30.378569     48.878310
   30.324238     48.923256
   30.269848     48.968189
   30.215396     49.013107
   30.160884     49.058012
   30.106310     49.102902
   30.051675     49.147778
   29.996978     49.192639
   29.942218     49.237486
   29.887395     49.282319
   29.832509     49.327136
   29.777559     49.371938
   29.722545     49.416726
   29.667466     49.461497
   29.612322     49.506254
   29.557113     49.550994
   29.501839     49.595719
   29.446498     49.640428
   29.391090     49.685121
   29.335616     49.729797
   29.280073     49.774456
   29.224463     49.819099
   29.168785     49.863725
   29.113037     49.908334
   29.057221     49.952925
   29.001334     49.997499
   28.945378     50.042055
   28.889350     50.086592
   28.833252     50.131112
   28.777082     50.175613
   28.720839     50.220095
   28.664525     50.264559
   28.608137     50.309003
   28.551676     50.353428
   28.495140     50.397833
   28.438531     50.442217
   28.381846     50.486582
   28.325085     50.530926
   28.268249     50.575250
   28.211336     50.619552
   28.154346     50.663833
   28.097278     50.708092
   28.040132     50.752329
   27.982908     50.796544
   27.925604     50.840736
   27.868221     50.884905
   27.810757     50.929051
   27.753213     50.973173
   27.695587     51.017272
   27.637879     51.061346
   27.580088     51.105395
   27.522215     51.149419
   27.464258     51.193418
   27.406216     51.237391
   27.348090     51.281338
   27.289878     51.325258
   27.231580     51.369151
   27.173196     51.413017
   27.114724     51.456854
   27.056164     51.500664
   26.997516     51.544445
   26.938778     51.588196
   26.879951     51.631918
   26.821033     51.675610
   26.762024     51.719271
   26.702924     51.762902
   26.643731     51.806500
   26.584444     51.850067
   26.525065     51.893600
   26.465590     51.937101
   26.406020     51.980568
   26.346355     52.024001
   26.286593     52.067398
   26.226734     52.110761
   26.166776     52.154087
   26.106720     52.197377
   26.046565     52.240630
   25.986309     52.283845
   25.925952     52.327021
   25.865494     52.370158
   25.804933     52.413256
   25.744268     52.456313
   25.683500     52.499328
   25.622626     52.542302
   25.561647     52.585233
   25.500562     52.628121
   25.439369     52.670965
   25.378068     52.713764
   25.316658     52.756517
   25.255138     52.799224
   25.193508     52.841884
   25.131766     52.884495
   25.069911     52.927058
   25.007943     52.969570
   24.945861     53.012032
   24.883664     53.054442
   24.821350     53.096800
   24.758920     53.139104
   24.696372     53.181354
   24.633704     53.223548
   24.570917     53.265686
   24.508009     53.307766
   24.444979     53.349787
   24.381827     53.391749
   24.318550     53.433650
   24.255149     53.475490
   24.191621     53.517266
   24.127967     53.558978
   24.064185     53.600624
   24.000273     53.642204
   23.936231     53.683716
   23.872058     53.725159
   23.807753     53.766531
   23.743314     53.807832
   23.678740     53.849059
   23.614031     53.890212
   23.549184     53.931289
   23.484199     53.972288
   23.419075     54.013209
   23.353810     54.054048
   23.288403     54.094806
   23.222853     54.135480
   23.157158     54.176069
   23.091318     54.216571
   23.025331     54.256985
   22.959195     54.297307
   22.892910     54.337538
   22.826473     54.377675
   22.759884     54.417716
   22.693142     54.457659
   22.626244     54.497502
   22.559189     54.537244
   22.491976     54.576881
   22.424604     54.616413
   22.357070     54.655837
   22.289374     54.695150
   22.221513     54.734351
   22.153487     54.773438
   22.085293     54.812407
   22.016931     54.851256
   21.948397     54.889984
   21.879692     54.928586
   21.810812     54.967062
   21.741757     55.005408
   21.672525     55.043621
   21.603113     55.081699
   21.533520     55.119639
   21.463744     55.157437
   21.393784     55.195092
   21.323637     55.232599
   21.253302     55.269956
   21.182777     55.307159
   21.112059     55.344205
   21.041147     55.381091
   20.970038     55.417812
   20.898731     55.454367
   20.827224     55.490750
   20.755514     55.526959
   20.683599     55.562988
   20.611477     55.598835
   20.539146     55.634495
   20.466603     55.669965
   20.393847     55.705238
   20.320874     55.740312
   20.247682     55.775182
   20.174270     55.809843
   20.100634     55.844290
   20.026772     55.878519
   19.952681     55.912524
   19.878359     55.946300
   19.803803     55.979842
   19.729011     56.013144
   19.653979     56.046201
   19.578705     56.079007
   19.503186     56.111556
   19.427419     56.143841
   19.351401     56.175857
   19.275129     56.207597
   19.198600     56.239054
   19.121810     56.270222
   19.044757     56.301093
   18.967438     56.331659
   18.889848     56.361915
   18.811985     56.391851
   18.733845     56.421460
   18.655425     56.450733
   18.576720     56.479662
   18.497728     56.508239
   18.418444     56.536454
   18.338865     56.564298
   18.258987     56.591761
   18.178805     56.618834
   18.098316     56.645505
   18.017515     56.671766
   17.936398     56.697605
   17.854961     56.723010
   17.773199     56.747970
   17.691109     56.772472
   17.608684     56.796506
   17.525920     56.820057
   17.442813     56.843112
   17.359357     56.865659
   17.275547     56.887681
   17.191379     56.909166
   17.106846     56.930097
   17.021943     56.950459
   16.936665     56.970235
   16.851006     56.989409
   16.764959     57.007963
   16.678520     57.025879
   16.591681     57.043139
   16.504436     57.059721
   16.416779     57.075608
   16.328702     57.090776
   16.240200     57.105205
   16.151265     57.118871
   16.061890     57.131752
   15.972067     57.143823
   15.881788     57.155057
   15.791047     57.165430
   15.699834     57.174912
   15.608141     57.183476
   15.515960     57.191091
   15.423282     57.197727
   15.330098     57.203351
   15.236399     57.207928
   15.142174     57.211425
   15.047414     57.213803
   14.952109     57.215025
   14.856247     57.215050
   14.759819     57.213837
   14.662813     57.211341
   14.565218     57.207516
   14.467020     57.202315
   14.368208     57.195687
   14.268770     57.187579
   14.168691     57.177936
   14.067958     57.166701
   13.966557     57.153812
   13.864474     57.139205
   13.761692     57.122813
   13.658195     57.104566
   13.553969     57.084390
   13.448995     57.062205
   13.343255     57.037931
   13.236732     57.011479
   13.129406     56.982759
   13.021258     56.951674
   12.912265     56.918120
   12.802408     56.881991
   12.691663     56.843172
   12.580007     56.801541
   12.467415     56.756971
   12.353861     56.709324
   12.239320     56.658457
   12.123761     56.604214
   12.007158     56.546432
   11.889477     56.484937
   11.770687     56.419542
   11.650754     56.350049
   11.529643     56.276245
   11.407315     56.197902
   11.283731     56.114777
   11.158848     56.026609
   11.032624     55.933116
   10.905011     55.833996
   10.775960     55.728925
   10.645418     55.617549
   10.513330     55.499490
   10.379636     55.374336
   10.244274     55.241642
   10.107177     55.100922
    9.968273     54.951649
    9.827484     54.793248
    9.684730     54.625090
    9.539920     54.446486
    9.392962     54.256679
    9.243751     54.054836
    9.092176     53.840037
    8.938118     53.611266
    8.781446     53.367391
    8.622016     53.107156
    8.459674     52.829155
    8.294247     52.531811
    8.125548     52.213352
    7.953367     51.871771
    7.777474     51.504794
    7.597610     51.109824
    7.413487     50.683886
    7.224779     50.223548
    7.031116     49.724831
    6.832077     49.183087
    6.627178     48.592850
    6.415856     47.947633
    6.197455     47.239676
    5.971198     46.459593
    5.736155     45.595902
    5.491198     44.634366
    5.234935     43.557067
    4.965615     42.341030
    4.680986     40.956169
    4.378063     39.362026
    4.052745     37.502382
    3.699128     35.295716
    3.308149     32.616766
    2.864550     29.256183
    2.338577     24.813329
    1.653398     18.289634
    0.000000      0.000000
