#x,y,z,charge
122.706 11.3012 -5280 0
68.7153 11.3012 -5280 0
71.1694 9.95207 -5280 0
76.0776 9.95207 -5280 0
80.9859 9.95207 -5280 0
83.44 14.2027 -5280 0
85.8941 9.95207 -5280 0
88.3483 11.3012 -5280 0
90.8024 9.95207 -5280 0
95.7106 9.95207 -5280 0
98.1647 11.3012 -5280 0
100.619 9.95207 -5280 0
105.527 9.95207 -5280 0
115.344 9.95207 -5280 0
117.798 11.3012 -5280 0
120.252 9.95207 -5280 0
66.2612 9.95207 -5280 0
127.614 11.3012 -5280 0
130.068 9.95207 -5280 0
132.522 11.3012 -5280 0
134.976 9.95207 -5280 0
137.431 11.3012 -5280 0
139.885 9.95207 -5280 0
142.339 11.3012 -5280 0
144.793 9.95207 -5280 0
147.247 11.3012 -5280 0
149.701 9.95207 -5280 0
152.155 14.3382 -5280 0
161.972 14.3382 -5280 0
171.788 14.3382 -5280 0
181.605 14.3382 -5280 0
29.4494 11.3012 -5280 0
-26.9953 9.95207 -5280 0
-24.5412 14.2027 -5280 0
-24.5412 11.3012 -5280 0
-22.0871 9.95207 -5280 0
-19.6329 11.3012 -5280 0
-17.1788 15.5519 -5280 0
-12.2706 15.5519 -5280 0
-7.36237 15.5519 -5280 0
9.81648 11.3012 -5280 0
14.7247 11.3012 -5280 0
17.1788 9.95207 -5280 0
19.6329 11.3012 -5280 0
22.0871 9.95207 -5280 0
24.5412 11.3012 -5280 0
26.9953 9.95207 -5280 0
-26.9953 -1.45075 -5280 0
29.4494 14.2027 -5280 0
34.3577 11.3012 -5280 0
36.8118 9.95207 -5280 0
39.2659 11.3012 -5280 0
41.72 9.95207 -5280 0
44.1741 11.3012 -5280 0
46.6282 9.95207 -5280 0
49.0824 11.3012 -5280 0
49.0824 14.2027 -5280 0
51.5365 9.95207 -5280 0
53.9906 11.3012 -5280 0
56.4447 9.95207 -5280 0
61.3529 9.95207 -5280 0
63.8071 11.3012 -5280 0
127.614 -14.2027 -5280 0
76.0776 -15.5519 -5280 0
78.5318 -14.2027 -5280 0
80.9859 -15.5519 -5280 0
83.44 -14.2027 -5280 0
85.8941 -15.5519 -5280 0
88.3483 -14.2027 -5280 0
93.2565 -14.2027 -5280 0
98.1647 -14.2027 -5280 0
100.619 -15.5519 -5280 0
103.073 -14.2027 -5280 0
105.527 -15.5519 -5280 0
107.981 -14.2027 -5280 0
112.889 -14.2027 -5280 0
115.344 -15.5519 -5280 0
122.706 -14.2027 -5280 0
73.6235 -14.2027 -5280 0
132.522 -14.2027 -5280 0
137.431 -11.3012 -5280 0
137.431 -14.2027 -5280 0
147.247 -11.3012 -5280 0
147.247 -14.2027 -5280 0
161.972 -14.3382 -5280 0
171.788 -14.3382 -5280 0
186.513 -11.369 -5280 0
191.421 -14.3382 -5280 0
196.329 -11.369 -5280 0
201.238 -14.3382 -5280 0
206.146 -11.369 -5280 0
225.779 -11.369 -5280 0
61.3529 -18.4534 -5280 0
24.5412 -11.3012 -5280 0
-24.5412 -2.7999 -5280 0
-24.5412 -5.70141 -5280 0
-22.0871 -7.05056 -5280 0
-22.0871 -9.95207 -5280 0
-19.6329 -11.3012 -5280 0
-14.7247 -14.2027 -5280 0
4.90825 -14.2027 -5280 0
9.81648 -11.3012 -5280 0
9.81648 -14.2027 -5280 0
12.2706 -15.5519 -5280 0
14.7247 -11.3012 -5280 0
19.6329 -11.3012 -5280 0
19.6329 -14.2027 -5280 0
24.5412 -14.2027 -5280 0
-26.9953 7.05056 -5280 0
29.4494 -11.3012 -5280 0
29.4494 -14.2027 -5280 0
31.9035 -15.5519 -5280 0
34.3577 -11.3012 -5280 0
39.2659 -11.3012 -5280 0
39.2659 -14.2027 -5280 0
44.1741 -14.2027 -5280 0
49.0824 -14.2027 -5280 0
53.9906 -14.2027 -5280 0
56.4447 -15.5519 -5280 0
58.8988 -14.2027 -5280 0
63.8071 -14.2027 -5280 0
66.2612 -15.5519 -5280 0
68.7153 -14.2027 -5280 0
-29.4494 5.70141 -5280 0
-26.9953 1.45075 -5280 0
-24.5412 2.7999 -5280 0
-24.5412 5.70141 -5280 0
-22.0871 7.05056 -5280 0
80.9859 7.05056 -5280 0
215.962 5.83687 -384 12923.8
215.962 -5.83687 -384 1810.34
220.871 2.86764 -384 21640.4
225.779 5.83687 -384 961.932
230.687 2.86764 -384 62.9355
230.687 -2.86764 -384 23.422
225.779 -5.83687 -384 143.572
220.871 -2.86764 -384 5444.41
225.779 11.369 -384 47.6372
220.871 14.3382 -384 25.4893
215.962 11.369 -384 337.161
211.054 -2.86764 -368 6083.67
206.146 -5.83687 -368 1325.16
196.329 5.83687 -368 5058.89
215.962 -11.369 -368 2.73141
196.329 11.369 -368 163.937
201.238 14.3382 -368 22.4534
206.146 11.369 -368 296.389
211.054 14.3382 -368 37.3437
211.054 2.86764 -368 24039.7
206.146 5.83687 -368 7984.1
196.329 -5.83687 -368 1273.82
201.238 -2.86764 -368 5540.23
201.238 2.86764 -368 18379.3
191.421 2.86764 -352 14224.9
176.697 -5.83687 -352 1790.68
181.605 -14.3382 -352 2.1171
176.697 -11.369 -352 21.9102
186.513 5.83687 -352 3654.22
181.605 2.86764 -352 11689.5
176.697 5.83687 -352 2433.99
191.421 -2.86764 -352 5675.97
186.513 -5.83687 -352 1546.05
191.421 14.3382 -352 15.1907
186.513 11.369 -352 80.9194
176.697 11.369 -352 37.622
181.605 -2.86764 -352 6572.53
171.788 -2.86764 -336 8159.29
166.88 -11.369 -336 21.171
166.88 -5.83687 -336 2568.68
161.972 -2.86764 -336 9042.99
157.064 -5.83687 -336 2170.4
166.88 11.369 -336 36.7529
157.064 5.83687 -336 1032.83
161.972 2.86764 -336 5481.78
166.88 5.83687 -336 1917.19
171.788 2.86764 -336 8308.92
139.885 -1.45075 -320 2993.67
142.339 5.70141 -320 104.622
137.431 -5.70141 -320 646.109
137.431 -2.7999 -320 2599.56
157.064 11.369 -320 3.1198
139.885 -7.05056 -320 242.47
144.793 -1.45075 -320 2814.87
142.339 -2.7999 -320 2240.1
142.339 -5.70141 -320 483.477
154.609 -1.45075 -320 3221.01
152.155 -5.70141 -320 423.328
152.155 -2.7999 -320 1891.91
149.701 -1.45075 -320 3104.17
149.701 -7.05056 -320 188.822
147.247 -2.7999 -320 2016.04
147.247 -5.70141 -320 495.594
144.793 -7.05056 -320 226.866
144.793 1.45075 -320 1165.6
139.885 1.45075 -320 1017.49
142.339 2.7999 -320 521.482
139.885 7.05056 -320 31.6836
137.431 2.7999 -320 533.177
157.064 -11.369 -320 34.572
152.155 -14.3382 -320 2.29104
149.701 -9.95207 -320 12.9283
154.609 1.45075 -320 1484.04
144.793 -9.95207 -320 45.1487
142.339 -11.3012 -320 3.04462
152.155 5.70141 -320 152.877
152.155 2.7999 -320 762.05
149.701 1.45075 -320 1313.03
149.701 7.05056 -320 60.5777
147.247 2.7999 -320 592.895
147.247 5.70141 -320 113.712
144.793 7.05056 -320 42.1848
137.431 5.70141 -320 117.506
139.885 -9.95207 -320 34.3353
120.252 -1.45075 -304 2788.15
120.252 -7.05056 -304 366.645
117.798 -2.7999 -304 2597.37
127.614 -5.70141 -304 659.572
117.798 -5.70141 -304 829.588
-17.1788 -1.45075 -304 1548.48
-19.6329 -2.7999 -304 248.277
-19.6329 -5.70141 -304 39.8721
-22.0871 -1.45075 -304 27.5327
-19.6329 5.70141 -304 199.159
-22.0871 1.45075 -304 83.4319
134.976 -1.45075 -304 2925.54
-19.6329 2.7999 -304 467.07
120.252 -9.95207 -304 55.1225
122.706 -11.3012 -304 7.79775
125.16 -9.95207 -304 46.4816
127.614 -11.3012 -304 15.2884
130.068 -9.95207 -304 32.5531
132.522 -11.3012 -304 5.19953
134.976 -9.95207 -304 36.7417
-17.1788 1.45075 -304 2506.81
134.976 -7.05056 -304 313.826
122.706 -2.7999 -304 2649.25
132.522 -5.70141 -304 685.157
132.522 -2.7999 -304 2342.63
130.068 -1.45075 -304 2814.17
130.068 -7.05056 -304 333.032
127.614 -2.7999 -304 2544.86
122.706 5.70141 -304 88.4251
125.16 -7.05056 -304 324.458
125.16 -1.45075 -304 3193.98
122.706 -5.70141 -304 755.274
122.706 2.7999 -304 489.187
117.798 2.7999 -304 451.184
120.252 7.05056 -304 14.1174
120.252 1.45075 -304 868.813
134.976 7.05056 -304 24.4263
134.976 1.45075 -304 1018.78
132.522 5.70141 -304 106.423
132.522 2.7999 -304 564.883
130.068 7.05056 -304 27.6052
127.614 2.7999 -304 520.872
127.614 5.70141 -304 76.4775
125.16 7.05056 -304 13.1445
130.068 1.45075 -304 873.429
125.16 1.45075 -304 973.848
115.344 -7.05056 -288 471.809
98.1647 2.7999 -288 329.177
100.619 1.45075 -288 619.715
103.073 2.7999 -288 399.212
103.073 5.70141 -288 48.2852
105.527 1.45075 -288 843.986
105.527 7.05056 -288 20.1111
107.981 5.70141 -288 40.0601
107.981 2.7999 -288 439.137
110.435 7.05056 -288 24.8563
110.435 1.45075 -288 800.624
-17.1788 -9.95207 -288 5.92678
-14.7247 -11.3012 -288 21.4876
100.619 -9.95207 -288 42.2893
-7.36237 -15.5519 -288 18.5875
115.344 -1.45075 -288 3093.63
112.889 -5.70141 -288 833.598
112.889 -2.7999 -288 2829.6
110.435 -1.45075 -288 2667.12
110.435 -7.05056 -288 548.255
107.981 -2.7999 -288 3225.99
107.981 -5.70141 -288 953.997
105.527 -7.05056 -288 564.028
105.527 -1.45075 -288 2837.26
103.073 -5.70141 -288 877.809
103.073 -2.7999 -288 2592.25
100.619 -1.45075 -288 2121.81
100.619 -7.05056 -288 441.5
98.1647 -2.7999 -288 2342.15
98.1647 -5.70141 -288 694.856
110.435 -9.95207 -288 82.6819
-14.7247 14.2027 -288 7.33071
115.344 1.45075 -288 894.354
-17.1788 9.95207 -288 40.4186
-14.7247 2.7999 -288 6622.7
115.344 7.05056 -288 13.4797
117.798 5.70141 -288 60.5676
-17.1788 7.05056 -288 389.265
112.889 2.7999 -288 382.9
117.798 -11.3012 -288 17.9796
115.344 -9.95207 -288 82.4124
112.889 -11.3012 -288 29.2405
110.435 9.95207 -288 13.6404
107.981 -11.3012 -288 13.3771
105.527 -9.95207 -288 93.2383
-14.7247 5.70141 -288 2277.4
-14.7247 -2.7999 -288 4588.82
-12.2706 -1.45075 -288 23464.2
103.073 -11.3012 -288 0.848849
112.889 5.70141 -288 91.9961
-12.2706 9.95207 -272 687.046
-12.2706 1.45075 -272 26506
-14.7247 11.3012 -272 118.769
-12.2706 7.05056 -272 4140.9
85.8941 7.05056 -272 4.71257
95.7106 -7.05056 -272 410.005
95.7106 -1.45075 -272 2320.43
93.2565 -5.70141 -272 712.022
93.2565 -2.7999 -272 2145.7
90.8024 -1.45075 -272 1800.96
90.8024 -7.05056 -272 327.991
88.3483 -2.7999 -272 2180.21
88.3483 -5.70141 -272 680.017
85.8941 -7.05056 -272 346.539
85.8941 -1.45075 -272 1922.66
100.619 7.05056 -272 3.4603
98.1647 -11.3012 -272 9.99752
95.7106 -9.95207 -272 53.5819
93.2565 -11.3012 -272 14.5265
90.8024 -9.95207 -272 70.0757
88.3483 -11.3012 -272 9.75285
85.8941 -9.95207 -272 51.3754
83.44 -11.3012 -272 26.001
80.9859 -9.95207 -272 57.8287
95.7106 7.05056 -272 8.77883
-7.36237 1.45075 -272 313679
-9.81648 2.7999 -272 61655.3
-9.81648 14.2027 -272 42.7133
-9.81648 11.3012 -272 645.377
80.9859 1.45075 -272 533.941
-9.81648 5.70141 -272 16953
98.1647 5.70141 -272 26.1525
95.7106 1.45075 -272 614.891
93.2565 5.70141 -272 44.4181
93.2565 2.7999 -272 262.062
90.8024 1.45075 -272 557.892
90.8024 7.05056 -272 9.04809
88.3483 2.7999 -272 288.156
88.3483 5.70141 -272 18.7995
85.8941 1.45075 -272 470.722
83.44 5.70141 -272 27.3173
83.44 2.7999 -272 276.597
-17.1788 -7.05056 -272 150.109
83.44 -5.70141 -272 690.413
-9.81648 -2.7999 -272 43352.9
-9.81648 -5.70141 -272 12299.9
-12.2706 -7.05056 -272 2227.77
-14.7247 -5.70141 -272 1244.78
80.9859 -7.05056 -272 352.145
80.9859 -1.45075 -272 1674.51
83.44 -2.7999 -272 2104.53
63.8071 5.70141 -256 12.7203
66.2612 1.45075 -256 567.288
66.2612 7.05056 -256 10.178
68.7153 5.70141 -256 37.7979
61.3529 1.45075 -256 587.797
68.7153 2.7999 -256 325.492
63.8071 2.7999 -256 250.593
-2.45413 -15.5519 -256 50.4769
-7.36236 -7.05056 -256 10080.6
-7.36237 -1.45075 -256 166756
-7.36236 9.95207 -256 2907.59
-7.36236 7.05056 -256 16064.7
-4.90825 2.7999 -256 192900
-4.90825 5.70141 -256 39113.1
78.5318 -11.3012 -256 6.68956
76.0776 -9.95207 -256 40.6656
73.6235 -11.3012 -256 23.2758
71.1694 -9.95207 -256 31.6045
68.7153 -11.3012 -256 26.9172
66.2612 -9.95207 -256 27.8049
63.8071 -11.3012 -256 15.5754
61.3529 -9.95207 -256 41.2506
-4.90825 11.3012 -256 1310.11
-4.90825 14.2027 -256 130.523
-12.2706 -9.95207 -256 313.835
-9.81648 -11.3012 -256 246.552
-7.36236 -9.95207 -256 1366.74
73.6235 2.7999 -256 328.659
61.3529 -1.45075 -256 1933.44
61.3529 -7.05056 -256 295.034
63.8071 -2.7999 -256 2044.35
73.6235 -5.70141 -256 659.68
76.0776 -1.45075 -256 2269.19
73.6235 -2.7999 -256 2342
63.8071 -5.70141 -256 555.723
66.2612 -1.45075 -256 1824.49
66.2612 -7.05056 -256 324.727
68.7153 -5.70141 -256 660.998
71.1694 7.05056 -256 29.1595
71.1694 1.45075 -256 589.532
73.6235 5.70141 -256 34.2841
76.0776 1.45075 -256 528.541
76.0776 -7.05056 -256 393.421
78.5318 -5.70141 -256 655.069
78.5318 -2.7999 -256 1923.43
76.0776 7.05056 -256 10.3494
78.5318 5.70141 -256 32.4816
78.5318 2.7999 -256 205.748
68.7153 -2.7999 -256 2382.67
71.1694 -7.05056 -256 379.89
71.1694 -1.45075 -256 2015.35
51.5365 -9.95207 -240 43.0827
58.8988 -11.3012 -240 4.53504
56.4447 -9.95207 -240 41.5413
53.9906 -11.3012 -240 16.7082
51.5365 1.45075 -240 727.811
49.0824 -11.3012 -240 8.29904
46.6282 -9.95207 -240 30.9531
44.1741 -11.3012 -240 5.80025
-1.33514e-05 -14.2027 -240 46.4356
58.8988 5.70141 -240 63.4603
-2.45413 7.05056 -240 17944.5
-4.90825 -5.70141 -240 29040.4
49.0824 2.7999 -240 392.272
-4.90825 -2.7999 -240 122953
53.9906 2.7999 -240 441.908
49.0824 5.70141 -240 81.3308
53.9906 5.70141 -240 80.767
46.6282 7.05056 -240 17.2127
56.4447 1.45075 -240 660.941
44.1741 2.7999 -240 315.385
44.1741 5.70141 -240 45.7678
46.6282 1.45075 -240 636.361
56.4447 7.05056 -240 7.07203
61.3529 7.05056 -240 3.62229
58.8988 2.7999 -240 359.301
-4.90825 -11.3012 -240 795.987
51.5365 7.05056 -240 10.1637
-2.45413 9.95207 -240 2715.21
41.72 -7.05056 -240 190.57
44.1741 -2.7999 -240 1535.09
44.1741 -5.70141 -240 466.271
46.6282 -1.45075 -240 1826.02
46.6282 -7.05056 -240 279.224
49.0824 -5.70141 -240 538.612
49.0824 -2.7999 -240 2020.46
51.5365 -7.05056 -240 283.619
51.5365 -1.45075 -240 2431.47
53.9906 -2.7999 -240 2069.78
53.9906 -5.70141 -240 622.892
56.4447 -1.45075 -240 2419.29
56.4447 -7.05056 -240 326.642
58.8988 -5.70141 -240 553.908
58.8988 -2.7999 -240 1745.95
2.4541 9.95207 -224 984.725
24.5412 -5.70141 -224 341.087
-2.45413 -1.45075 -224 272903
-2.45413 -7.05056 -224 14448.2
26.9953 -1.45075 -224 2331.42
-1.33514e-05 -5.70141 -224 24449.6
24.5412 -2.7999 -224 1257.07
9.81648 14.2027 -224 39.2677
-2.45413 1.45075 -224 354729
-1.33514e-05 5.70141 -224 27996.6
-1.33514e-05 2.7999 -224 94114.1
7.36237 15.5519 -224 47.0389
2.45413 15.5519 -224 28.1668
-2.45413 -9.95207 -224 2118.3
26.9953 -7.05056 -224 194.787
29.4494 -5.70141 -224 377.43
29.4494 -2.7999 -224 1384.62
31.9035 -7.05056 -224 209.474
31.9035 -1.45075 -224 2241.93
31.9035 9.95207 -224 1.3072
34.3577 -2.7999 -224 1656.85
34.3577 -5.70141 -224 460.363
36.8118 -1.45075 -224 2323.65
41.72 1.45075 -224 619.522
36.8118 -7.05056 -224 213.682
39.2659 -5.70141 -224 384.05
39.2659 -2.7999 -224 1537.22
41.72 -1.45075 -224 1940.29
26.9953 7.05056 -224 30.297
41.72 7.05056 -224 24.7767
-1.33514e-05 14.2027 -224 98.9255
39.2659 5.70141 -224 76.3182
41.72 -9.95207 -224 26.4916
36.8118 -9.95207 -224 29.9343
24.5412 2.7999 -224 477.903
31.9035 -9.95207 -224 4.67508
24.5412 5.70141 -224 158.188
26.9953 1.45075 -224 870.808
39.2659 2.7999 -224 428.059
29.4494 5.70141 -224 107.667
29.4494 2.7999 -224 500.146
31.9035 7.05056 -224 23.9781
31.9035 1.45075 -224 976.869
34.3577 2.7999 -224 461.49
34.3577 5.70141 -224 98.2996
36.8118 1.45075 -224 833.433
36.8118 7.05056 -224 49.8004
-1.33514e-05 -11.3012 -224 595.459
-1.33514e-05 11.3012 -224 750.499
17.1788 -9.95207 -208 13.2742
14.7247 -2.7999 -208 1054.72
22.0871 1.45075 -208 1015.52
14.7247 -5.70141 -208 260.314
2.45413 1.45075 -208 57853.9
17.1788 -1.45075 -208 1987.77
4.90825 2.7999 -208 13112.8
26.9953 -9.95207 -208 1.70775
4.90825 5.70141 -208 5198.16
17.1788 -7.05056 -208 136.999
22.0871 -9.95207 -208 19.2003
7.36237 1.45075 -208 4651.32
7.36237 9.95207 -208 67.4702
22.0871 7.05056 -208 56.5056
7.36237 7.05056 -208 988.549
12.2706 -9.95207 -208 5.24491
4.90825 11.3012 -208 163.859
9.81648 5.70141 -208 321.084
7.36237 -9.95207 -208 69.6155
4.90825 -11.3012 -208 243.411
12.2706 7.05056 -208 162.626
2.4541 -9.95207 -208 1039.52
-4.90825 -14.2027 -208 53.7568
9.81648 2.7999 -208 1373.51
-1.33514e-05 -2.7999 -208 95478.9
9.81648 -5.70141 -208 689.762
14.7247 2.7999 -208 641.888
7.36237 -7.05056 -208 809.112
22.0871 -1.45075 -208 2278.16
-2.45413 15.5519 -208 75.1254
7.36237 -1.45075 -208 5584.24
12.2706 -7.05056 -208 141.113
4.90825 -5.70141 -208 4688.42
4.90825 -2.7999 -208 13305.7
12.2706 9.95207 -208 30.6246
2.45413 -1.45075 -208 59758.6
2.4541 -7.05056 -208 6619.34
9.81648 -2.7999 -208 1643.3
14.7247 5.70141 -208 151.924
12.2706 1.45075 -208 1230.83
17.1788 1.45075 -208 1125.01
22.0871 -7.05056 -208 136.441
17.1788 7.05056 -208 49.6628
12.2706 -1.45075 -208 2097.11
19.6329 -2.7999 -208 1304.18
19.6329 -5.70141 -208 345.724
19.6329 5.70141 -208 139.847
2.4541 7.05056 -208 6735.54
19.6329 2.7999 -208 659.119
