#theta_cm, theta3_lab, Ek3_lab, theta4_lab, Ek4_lab
0 0 144.603 0 130.397
0.1 0.0490633 144.602 0.0224362 130.398
0.2 0.0981266 144.602 0.0448723 130.398
0.3 0.14719 144.602 0.0673081 130.398
0.4 0.196253 144.601 0.0897436 130.399
0.5 0.245317 144.6 0.112179 130.4
0.6 0.29438 144.599 0.134613 130.401
0.7 0.343443 144.597 0.157047 130.403
0.8 0.392507 144.596 0.179479 130.404
0.9 0.44157 144.594 0.201911 130.406
1 0.490633 144.592 0.224342 130.408
1.1 0.539697 144.589 0.246771 130.411
1.2 0.58876 144.587 0.2692 130.413
1.3 0.637824 144.584 0.291626 130.416
1.4 0.686887 144.581 0.314051 130.419
1.5 0.735951 144.578 0.336475 130.422
1.6 0.785015 144.574 0.358896 130.426
1.7 0.834078 144.571 0.381316 130.429
1.8 0.883142 144.567 0.403734 130.433
1.9 0.932206 144.563 0.426149 130.437
2 0.98127 144.559 0.448562 130.441
2.1 1.03033 144.554 0.470972 130.446
2.2 1.0794 144.549 0.49338 130.451
2.3 1.12846 144.544 0.515786 130.456
2.4 1.17753 144.539 0.538188 130.461
2.5 1.22659 144.534 0.560588 130.466
2.6 1.27565 144.528 0.582985 130.472
2.7 1.32472 144.522 0.605378 130.478
2.8 1.37378 144.516 0.627768 130.484
2.9 1.42285 144.51 0.650155 130.49
3 1.47191 144.504 0.672538 130.496
3.1 1.52098 144.497 0.694917 130.503
3.2 1.57004 144.49 0.717293 130.51
3.3 1.61911 144.483 0.739665 130.517
3.4 1.66817 144.475 0.762033 130.525
3.5 1.71724 144.468 0.784396 130.532
3.6 1.7663 144.46 0.806756 130.54
3.7 1.81537 144.452 0.829111 130.548
3.8 1.86443 144.444 0.851461 130.556
3.9 1.9135 144.435 0.873807 130.565
4 1.96256 144.426 0.896148 130.574
4.1 2.01163 144.418 0.918484 130.582
4.2 2.06069 144.408 0.940816 130.592
4.3 2.10976 144.399 0.963142 130.601
4.4 2.15882 144.39 0.985463 130.61
4.5 2.20789 144.38 1.00778 130.62
4.6 2.25696 144.37 1.03009 130.63
4.7 2.30602 144.359 1.05239 130.641
4.8 2.35509 144.349 1.07469 130.651
4.9 2.40416 144.338 1.09698 130.662
5 2.45322 144.327 1.11927 130.673
5.1 2.50229 144.316 1.14155 130.684
5.2 2.55136 144.305 1.16383 130.695
5.3 2.60042 144.293 1.1861 130.707
5.4 2.64949 144.282 1.20836 130.718
5.5 2.69856 144.27 1.23061 130.73
5.6 2.74763 144.258 1.25286 130.742
5.7 2.79669 144.245 1.2751 130.755
5.8 2.84576 144.232 1.29734 130.768
5.9 2.89483 144.22 1.31957 130.78
6 2.9439 144.207 1.34179 130.793
6.1 2.99297 144.193 1.364 130.807
6.2 3.04203 144.18 1.38621 130.82
6.3 3.0911 144.166 1.40841 130.834
6.4 3.14017 144.152 1.4306 130.848
6.5 3.18924 144.138 1.45278 130.862
6.6 3.23831 144.123 1.47496 130.877
6.7 3.28738 144.109 1.49712 130.891
6.8 3.33645 144.094 1.51928 130.906
6.9 3.38552 144.079 1.54144 130.921
7 3.43459 144.064 1.56358 130.936
7.1 3.48366 144.048 1.58571 130.952
7.2 3.53273 144.032 1.60784 130.968
7.3 3.5818 144.017 1.62996 130.983
7.4 3.63087 144 1.65206 131
7.5 3.67994 143.984 1.67416 131.016
7.6 3.72901 143.967 1.69625 131.033
7.7 3.77808 143.951 1.71834 131.049
7.8 3.82716 143.934 1.74041 131.066
7.9 3.87623 143.916 1.76247 131.084
8 3.9253 143.899 1.78452 131.101
8.1 3.97437 143.881 1.80657 131.119
8.2 4.02344 143.863 1.8286 131.137
8.3 4.07252 143.845 1.85062 131.155
8.4 4.12159 143.827 1.87264 131.173
8.5 4.17066 143.808 1.89464 131.192
8.6 4.21974 143.79 1.91663 131.21
8.7 4.26881 143.771 1.93862 131.229
8.8 4.31788 143.751 1.96059 131.249
8.9 4.36696 143.732 1.98255 131.268
9 4.41603 143.712 2.0045 131.288
9.1 4.46511 143.693 2.02644 131.307
9.2 4.51418 143.673 2.04837 131.327
9.3 4.56326 143.652 2.07029 131.348
9.4 4.61233 143.632 2.0922 131.368
9.5 4.66141 143.611 2.1141 131.389
9.6 4.71048 143.59 2.13598 131.41
9.7 4.75956 143.569 2.15786 131.431
9.8 4.80864 143.548 2.17972 131.452
9.9 4.85771 143.526 2.20157 131.474
10 4.90679 143.504 2.22341 131.496
10.1 4.95587 143.482 2.24523 131.518
10.2 5.00495 143.46 2.26705 131.54
10.3 5.05402 143.437 2.28885 131.563
10.4 5.1031 143.415 2.31064 131.585
10.5 5.15218 143.392 2.33242 131.608
10.6 5.20126 143.369 2.35418 131.631
10.7 5.25034 143.345 2.37593 131.655
10.8 5.29942 143.322 2.39767 131.678
10.9 5.3485 143.298 2.4194 131.702
11 5.39758 143.274 2.44111 131.726
11.1 5.44666 143.25 2.46281 131.75
11.2 5.49574 143.226 2.4845 131.774
11.3 5.54482 143.201 2.50618 131.799
11.4 5.5939 143.176 2.52784 131.824
11.5 5.64298 143.151 2.54948 131.849
11.6 5.69206 143.126 2.57112 131.874
11.7 5.74114 143.1 2.59274 131.9
11.8 5.79023 143.075 2.61434 131.925
11.9 5.83931 143.049 2.63593 131.951
12 5.88839 143.023 2.65751 131.977
12.1 5.93748 142.996 2.67908 132.004
12.2 5.98656 142.97 2.70063 132.03
12.3 6.03564 142.943 2.72216 132.057
12.4 6.08473 142.916 2.74368 132.084
12.5 6.13381 142.889 2.76519 132.111
12.6 6.1829 142.861 2.78668 132.139
12.7 6.23198 142.834 2.80815 132.166
12.8 6.28107 142.806 2.82962 132.194
12.9 6.33016 142.778 2.85106 132.222
13 6.37924 142.75 2.87249 132.25
13.1 6.42833 142.721 2.89391 132.279
13.2 6.47742 142.692 2.91531 132.308
13.3 6.5265 142.663 2.93669 132.337
13.4 6.57559 142.634 2.95806 132.366
13.5 6.62468 142.605 2.97942 132.395
13.6 6.67377 142.575 3.00075 132.425
13.7 6.72286 142.546 3.02207 132.454
13.8 6.77195 142.516 3.04338 132.484
13.9 6.82104 142.485 3.06467 132.515
14 6.87013 142.455 3.08594 132.545
14.1 6.91922 142.424 3.1072 132.576
14.2 6.96831 142.393 3.12844 132.607
14.3 7.0174 142.362 3.14966 132.638
14.4 7.06649 142.331 3.17087 132.669
14.5 7.11558 142.3 3.19206 132.7
14.6 7.16468 142.268 3.21323 132.732
14.7 7.21377 142.236 3.23439 132.764
14.8 7.26286 142.204 3.25553 132.796
14.9 7.31196 142.172 3.27665 132.828
15 7.36105 142.139 3.29776 132.861
15.1 7.41014 142.106 3.31884 132.894
15.2 7.45924 142.073 3.33991 132.927
15.3 7.50833 142.04 3.36096 132.96
15.4 7.55743 142.007 3.382 132.993
15.5 7.60653 141.973 3.40301 133.027
15.6 7.65562 141.939 3.42401 133.061
15.7 7.70472 141.905 3.44499 133.095
15.8 7.75382 141.871 3.46595 133.129
15.9 7.80292 141.836 3.4869 133.164
16 7.85201 141.802 3.50782 133.198
16.1 7.90111 141.767 3.52873 133.233
16.2 7.95021 141.732 3.54962 133.268
16.3 7.99931 141.696 3.57049 133.304
16.4 8.04841 141.661 3.59134 133.339
16.5 8.09751 141.625 3.61217 133.375
16.6 8.14661 141.589 3.63298 133.411
16.7 8.19571 141.553 3.65378 133.447
16.8 8.24482 141.517 3.67455 133.483
16.9 8.29392 141.48 3.69531 133.52
17 8.34302 141.443 3.71604 133.557
17.1 8.39213 141.406 3.73676 133.594
17.2 8.44123 141.369 3.75746 133.631
17.3 8.49033 141.332 3.77814 133.668
17.4 8.53944 141.294 3.79879 133.706
17.5 8.58854 141.256 3.81943 133.744
17.6 8.63765 141.218 3.84005 133.782
17.7 8.68676 141.18 3.86065 133.82
17.8 8.73586 141.141 3.88122 133.859
17.9 8.78497 141.103 3.90178 133.897
18 8.83408 141.064 3.92232 133.936
18.1 8.88319 141.025 3.94283 133.975
18.2 8.93229 140.986 3.96333 134.014
18.3 8.9814 140.946 3.9838 134.054
18.4 9.03051 140.906 4.00426 134.094
18.5 9.07962 140.866 4.02469 134.134
18.6 9.12873 140.826 4.0451 134.174
18.7 9.17784 140.786 4.06549 134.214
18.8 9.22696 140.745 4.08586 134.255
18.9 9.27607 140.704 4.10621 134.296
19 9.32518 140.664 4.12654 134.336
19.1 9.37429 140.622 4.14685 134.378
19.2 9.42341 140.581 4.16713 134.419
19.3 9.47252 140.539 4.18739 134.461
19.4 9.52164 140.498 4.20763 134.502
19.5 9.57075 140.456 4.22785 134.544
19.6 9.61987 140.413 4.24805 134.587
19.7 9.66898 140.371 4.26823 134.629
19.8 9.7181 140.328 4.28838 134.672
19.9 9.76722 140.285 4.30851 134.715
20 9.81634 140.242 4.32862 134.758
20.1 9.86546 140.199 4.3487 134.801
20.2 9.91457 140.156 4.36877 134.844
20.3 9.96369 140.112 4.38881 134.888
20.4 10.0128 140.068 4.40883 134.932
20.5 10.0619 140.024 4.42882 134.976
20.6 10.1111 139.98 4.4488 135.02
20.7 10.1602 139.935 4.46875 135.065
20.8 10.2093 139.89 4.48867 135.11
20.9 10.2584 139.845 4.50858 135.155
21 10.3075 139.8 4.52846 135.2
21.1 10.3567 139.755 4.54831 135.245
21.2 10.4058 139.71 4.56815 135.29
21.3 10.4549 139.664 4.58796 135.336
21.4 10.504 139.618 4.60774 135.382
21.5 10.5532 139.572 4.62751 135.428
21.6 10.6023 139.525 4.64725 135.475
21.7 10.6514 139.479 4.66696 135.521
21.8 10.7006 139.432 4.68665 135.568
21.9 10.7497 139.385 4.70632 135.615
22 10.7988 139.338 4.72596 135.662
22.1 10.8479 139.291 4.74558 135.709
22.2 10.8971 139.243 4.76518 135.757
22.3 10.9462 139.195 4.78475 135.805
22.4 10.9953 139.147 4.80429 135.853
22.5 11.0445 139.099 4.82382 135.901
22.6 11.0936 139.051 4.84331 135.949
22.7 11.1427 139.002 4.86278 135.998
22.8 11.1919 138.953 4.88223 136.047
22.9 11.241 138.904 4.90165 136.096
23 11.2901 138.855 4.92105 136.145
23.1 11.3393 138.806 4.94042 136.194
23.2 11.3884 138.756 4.95977 136.244
23.3 11.4376 138.706 4.97909 136.294
23.4 11.4867 138.656 4.99839 136.344
23.5 11.5358 138.606 5.01766 136.394
23.6 11.585 138.556 5.03691 136.444
23.7 11.6341 138.505 5.05613 136.495
23.8 11.6832 138.454 5.07532 136.546
23.9 11.7324 138.403 5.09449 136.597
24 11.7815 138.352 5.11363 136.648
24.1 11.8307 138.3 5.13275 136.7
24.2 11.8798 138.249 5.15184 136.751
24.3 11.929 138.197 5.1709 136.803
24.4 11.9781 138.145 5.18994 136.855
24.5 12.0273 138.093 5.20896 136.907
24.6 12.0764 138.04 5.22794 136.96
24.7 12.1255 137.988 5.2469 137.012
24.8 12.1747 137.935 5.26584 137.065
24.9 12.2238 137.882 5.28474 137.118
25 12.273 137.829 5.30362 137.171
25.1 12.3221 137.775 5.32248 137.225
25.2 12.3713 137.721 5.3413 137.279
25.3 12.4204 137.668 5.3601 137.332
25.4 12.4696 137.614 5.37888 137.386
25.5 12.5187 137.559 5.39762 137.441
25.6 12.5679 137.505 5.41634 137.495
25.7 12.617 137.45 5.43503 137.55
25.8 12.6662 137.396 5.4537 137.604
25.9 12.7154 137.34 5.47233 137.66
26 12.7645 137.285 5.49094 137.715
26.1 12.8137 137.23 5.50952 137.77
26.2 12.8628 137.174 5.52808 137.826
26.3 12.912 137.118 5.54661 137.882
26.4 12.9611 137.062 5.56511 137.938
26.5 13.0103 137.006 5.58358 137.994
26.6 13.0595 136.95 5.60202 138.05
26.7 13.1086 136.893 5.62044 138.107
26.8 13.1578 136.836 5.63882 138.164
26.9 13.2069 136.779 5.65718 138.221
27 13.2561 136.722 5.67551 138.278
27.1 13.3053 136.665 5.69382 138.335
27.2 13.3544 136.607 5.71209 138.393
27.3 13.4036 136.549 5.73034 138.451
27.4 13.4528 136.492 5.74856 138.508
27.5 13.5019 136.433 5.76675 138.567
27.6 13.5511 136.375 5.78491 138.625
27.7 13.6003 136.316 5.80304 138.684
27.8 13.6494 136.258 5.82114 138.742
27.9 13.6986 136.199 5.83922 138.801
28 13.7478 136.14 5.85726 138.86
28.1 13.7969 136.08 5.87528 138.92
28.2 13.8461 136.021 5.89327 138.979
28.3 13.8953 135.961 5.91123 139.039
28.4 13.9444 135.901 5.92916 139.099
28.5 13.9936 135.841 5.94706 139.159
28.6 14.0428 135.781 5.96493 139.219
28.7 14.092 135.72 5.98277 139.28
28.8 14.1411 135.659 6.00058 139.341
28.9 14.1903 135.599 6.01837 139.401
29 14.2395 135.537 6.03612 139.463
29.1 14.2887 135.476 6.05384 139.524
29.2 14.3379 135.415 6.07154 139.585
29.3 14.387 135.353 6.0892 139.647
29.4 14.4362 135.291 6.10684 139.709
29.5 14.4854 135.229 6.12444 139.771
29.6 14.5346 135.167 6.14201 139.833
29.7 14.5838 135.104 6.15956 139.896
29.8 14.6329 135.042 6.17707 139.958
29.9 14.6821 134.979 6.19456 140.021
30 14.7313 134.916 6.21201 140.084
30.1 14.7805 134.853 6.22944 140.147
30.2 14.8297 134.789 6.24683 140.211
30.3 14.8789 134.726 6.26419 140.274
30.4 14.9281 134.662 6.28152 140.338
30.5 14.9773 134.598 6.29883 140.402
30.6 15.0264 134.534 6.3161 140.466
30.7 15.0756 134.47 6.33334 140.53
30.8 15.1248 134.405 6.35055 140.595
30.9 15.174 134.341 6.36773 140.659
31 15.2232 134.276 6.38487 140.724
31.1 15.2724 134.211 6.40199 140.789
31.2 15.3216 134.145 6.41908 140.855
31.3 15.3708 134.08 6.43613 140.92
31.4 15.42 134.014 6.45316 140.986
31.5 15.4692 133.948 6.47015 141.052
31.6 15.5184 133.882 6.48711 141.118
31.7 15.5676 133.816 6.50404 141.184
31.8 15.6168 133.75 6.52094 141.25
31.9 15.666 133.683 6.53781 141.317
32 15.7152 133.616 6.55465 141.384
32.1 15.7644 133.549 6.57145 141.451
32.2 15.8136 133.482 6.58822 141.518
32.3 15.8628 133.415 6.60497 141.585
32.4 15.912 133.347 6.62168 141.653
32.5 15.9612 133.28 6.63835 141.72
32.6 16.0104 133.212 6.655 141.788
32.7 16.0596 133.144 6.67162 141.856
32.8 16.1088 133.075 6.6882 141.925
32.9 16.158 133.007 6.70475 141.993
33 16.2073 132.938 6.72127 142.062
33.1 16.2565 132.869 6.73775 142.131
33.2 16.3057 132.8 6.75421 142.2
33.3 16.3549 132.731 6.77063 142.269
33.4 16.4041 132.662 6.78702 142.338
33.5 16.4533 132.592 6.80338 142.408
33.6 16.5025 132.523 6.8197 142.477
33.7 16.5518 132.453 6.836 142.547
33.8 16.601 132.383 6.85226 142.617
33.9 16.6502 132.312 6.86849 142.688
34 16.6994 132.242 6.88468 142.758
34.1 16.7486 132.171 6.90084 142.829
34.2 16.7978 132.1 6.91697 142.9
34.3 16.8471 132.029 6.93307 142.971
34.4 16.8963 131.958 6.94914 143.042
34.5 16.9455 131.887 6.96517 143.113
34.6 16.9947 131.815 6.98117 143.185
34.7 17.044 131.743 6.99713 143.257
34.8 17.0932 131.671 7.01307 143.329
34.9 17.1424 131.599 7.02897 143.401
35 17.1916 131.527 7.04483 143.473
35.1 17.2409 131.455 7.06067 143.545
35.2 17.2901 131.382 7.07647 143.618
35.3 17.3393 131.309 7.09224 143.691
35.4 17.3886 131.236 7.10797 143.764
35.5 17.4378 131.163 7.12367 143.837
35.6 17.487 131.09 7.13934 143.91
35.7 17.5363 131.016 7.15497 143.984
35.8 17.5855 130.942 7.17057 144.058
35.9 17.6347 130.868 7.18614 144.132
36 17.684 130.794 7.20168 144.206
36.1 17.7332 130.72 7.21718 144.28
36.2 17.7825 130.646 7.23264 144.354
36.3 17.8317 130.571 7.24807 144.429
36.4 17.8809 130.496 7.26347 144.504
36.5 17.9302 130.421 7.27884 144.579
36.6 17.9794 130.346 7.29417 144.654
36.7 18.0287 130.271 7.30947 144.729
36.8 18.0779 130.195 7.32473 144.805
36.9 18.1272 130.12 7.33996 144.88
37 18.1764 130.044 7.35516 144.956
37.1 18.2257 129.968 7.37032 145.032
37.2 18.2749 129.891 7.38545 145.109
37.3 18.3241 129.815 7.40054 145.185
37.4 18.3734 129.739 7.4156 145.261
37.5 18.4227 129.662 7.43062 145.338
37.6 18.4719 129.585 7.44562 145.415
37.7 18.5212 129.508 7.46057 145.492
37.8 18.5704 129.431 7.47549 145.569
37.9 18.6197 129.353 7.49038 145.647
38 18.6689 129.275 7.50524 145.725
38.1 18.7182 129.198 7.52006 145.802
38.2 18.7674 129.12 7.53484 145.88
38.3 18.8167 129.042 7.54959 145.958
38.4 18.866 128.963 7.56431 146.037
38.5 18.9152 128.885 7.57899 146.115
38.6 18.9645 128.806 7.59363 146.194
38.7 19.0137 128.727 7.60824 146.273
38.8 19.063 128.648 7.62282 146.352
38.9 19.1123 128.569 7.63736 146.431
39 19.1615 128.49 7.65187 146.51
39.1 19.2108 128.41 7.66634 146.59
39.2 19.2601 128.331 7.68078 146.669
39.3 19.3094 128.251 7.69518 146.749
39.4 19.3586 128.171 7.70955 146.829
39.5 19.4079 128.091 7.72388 146.909
39.6 19.4572 128.01 7.73818 146.99
39.7 19.5064 127.93 7.75244 147.07
39.8 19.5557 127.849 7.76667 147.151
39.9 19.605 127.768 7.78086 147.232
40 19.6543 127.687 7.79502 147.313
40.1 19.7035 127.606 7.80914 147.394
40.2 19.7528 127.525 7.82323 147.475
40.3 19.8021 127.443 7.83728 147.557
40.4 19.8514 127.362 7.8513 147.638
40.5 19.9007 127.28 7.86528 147.72
40.6 19.9499 127.198 7.87922 147.802
40.7 19.9992 127.115 7.89313 147.885
40.8 20.0485 127.033 7.90701 147.967
40.9 20.0978 126.95 7.92085 148.05
41 20.1471 126.868 7.93465 148.132
41.1 20.1964 126.785 7.94842 148.215
41.2 20.2457 126.702 7.96215 148.298
41.3 20.295 126.619 7.97585 148.381
41.4 20.3443 126.535 7.98951 148.465
41.5 20.3935 126.452 8.00314 148.548
41.6 20.4428 126.368 8.01673 148.632
41.7 20.4921 126.284 8.03028 148.716
41.8 20.5414 126.2 8.0438 148.8
41.9 20.5907 126.116 8.05728 148.884
42 20.64 126.032 8.07073 148.968
42.1 20.6893 125.947 8.08414 149.053
42.2 20.7386 125.862 8.09752 149.138
42.3 20.7879 125.778 8.11086 149.222
42.4 20.8372 125.693 8.12416 149.307
42.5 20.8865 125.607 8.13743 149.393
42.6 20.9358 125.522 8.15066 149.478
42.7 20.9851 125.437 8.16386 149.563
42.8 21.0344 125.351 8.17702 149.649
42.9 21.0837 125.265 8.19014 149.735
43 21.1331 125.179 8.20323 149.821
43.1 21.1824 125.093 8.21628 149.907
43.2 21.2317 125.007 8.2293 149.993
43.3 21.281 124.92 8.24228 150.08
43.4 21.3303 124.834 8.25522 150.166
43.5 21.3796 124.747 8.26813 150.253
43.6 21.4289 124.66 8.281 150.34
43.7 21.4782 124.573 8.29383 150.427
43.8 21.5276 124.485 8.30663 150.515
43.9 21.5769 124.398 8.31939 150.602
44 21.6262 124.31 8.33212 150.69
44.1 21.6755 124.223 8.34481 150.777
44.2 21.7248 124.135 8.35746 150.865
44.3 21.7742 124.047 8.37008 150.953
44.4 21.8235 123.959 8.38266 151.041
44.5 21.8728 123.87 8.3952 151.13
44.6 21.9221 123.782 8.40771 151.218
44.7 21.9715 123.693 8.42018 151.307
44.8 22.0208 123.604 8.43261 151.396
44.9 22.0701 123.515 8.44501 151.485
45 22.1195 123.426 8.45737 151.574
45.1 22.1688 123.337 8.4697 151.663
45.2 22.2181 123.247 8.48199 151.753
45.3 22.2675 123.158 8.49424 151.842
45.4 22.3168 123.068 8.50645 151.932
45.5 22.3661 122.978 8.51863 152.022
45.6 22.4155 122.888 8.53077 152.112
45.7 22.4648 122.798 8.54288 152.202
45.8 22.5142 122.707 8.55495 152.293
45.9 22.5635 122.617 8.56698 152.383
46 22.6128 122.526 8.57897 152.474
46.1 22.6622 122.435 8.59093 152.565
46.2 22.7115 122.344 8.60285 152.656
46.3 22.7609 122.253 8.61474 152.747
46.4 22.8102 122.162 8.62658 152.838
46.5 22.8596 122.07 8.6384 152.93
46.6 22.9089 121.979 8.65017 153.021
46.7 22.9583 121.887 8.66191 153.113
46.8 23.0076 121.795 8.67361 153.205
46.9 23.057 121.703 8.68527 153.297
47 23.1063 121.611 8.6969 153.389
47.1 23.1557 121.518 8.70849 153.482
47.2 23.205 121.426 8.72004 153.574
47.3 23.2544 121.333 8.73156 153.667
47.4 23.3037 121.24 8.74303 153.76
47.5 23.3531 121.147 8.75448 153.853
47.6 23.4025 121.054 8.76588 153.946
47.7 23.4518 120.961 8.77725 154.039
47.8 23.5012 120.868 8.78858 154.132
47.9 23.5506 120.774 8.79987 154.226
48 23.5999 120.68 8.81113 154.32
48.1 23.6493 120.586 8.82235 154.414
48.2 23.6987 120.492 8.83353 154.508
48.3 23.748 120.398 8.84468 154.602
48.4 23.7974 120.304 8.85579 154.696
48.5 23.8468 120.21 8.86686 154.79
48.6 23.8961 120.115 8.87789 154.885
48.7 23.9455 120.02 8.88889 154.98
48.8 23.9949 119.925 8.89985 155.075
48.9 24.0443 119.83 8.91077 155.17
49 24.0937 119.735 8.92166 155.265
49.1 24.143 119.64 8.93251 155.36
49.2 24.1924 119.544 8.94332 155.456
49.3 24.2418 119.449 8.95409 155.551
49.4 24.2912 119.353 8.96483 155.647
49.5 24.3406 119.257 8.97553 155.743
49.6 24.3899 119.161 8.98619 155.839
49.7 24.4393 119.065 8.99682 155.935
49.8 24.4887 118.969 9.00741 156.031
49.9 24.5381 118.872 9.01796 156.128
50 24.5875 118.776 9.02847 156.224
50.1 24.6369 118.679 9.03895 156.321
50.2 24.6863 118.582 9.04938 156.418
50.3 24.7357 118.485 9.05979 156.515
50.4 24.7851 118.388 9.07015 156.612
50.5 24.8345 118.291 9.08048 156.709
50.6 24.8839 118.193 9.09077 156.807
50.7 24.9333 118.096 9.10102 156.904
50.8 24.9827 117.998 9.11124 157.002
50.9 25.0321 117.9 9.12141 157.1
51 25.0815 117.802 9.13155 157.198
51.1 25.1309 117.704 9.14166 157.296
51.2 25.1803 117.606 9.15172 157.394
51.3 25.2297 117.507 9.16175 157.493
51.4 25.2791 117.409 9.17174 157.591
51.5 25.3285 117.31 9.1817 157.69
51.6 25.3779 117.211 9.19161 157.789
51.7 25.4273 117.112 9.20149 157.888
51.8 25.4767 117.013 9.21133 157.987
51.9 25.5261 116.914 9.22114 158.086
52 25.5756 116.814 9.2309 158.186
52.1 25.625 116.715 9.24063 158.285
52.2 25.6744 116.615 9.25033 158.385
52.3 25.7238 116.515 9.25998 158.485
52.4 25.7732 116.416 9.2696 158.584
52.5 25.8227 116.316 9.27918 158.684
52.6 25.8721 116.215 9.28872 158.785
52.7 25.9215 116.115 9.29823 158.885
52.8 25.9709 116.015 9.30769 158.985
52.9 26.0204 115.914 9.31712 159.086
53 26.0698 115.813 9.32652 159.187
53.1 26.1192 115.712 9.33587 159.288
53.2 26.1686 115.611 9.34519 159.389
53.3 26.2181 115.51 9.35447 159.49
53.4 26.2675 115.409 9.36371 159.591
53.5 26.3169 115.308 9.37292 159.692
53.6 26.3664 115.206 9.38209 159.794
53.7 26.4158 115.105 9.39122 159.895
53.8 26.4653 115.003 9.40031 159.997
53.9 26.5147 114.901 9.40937 160.099
54 26.5641 114.799 9.41839 160.201
54.1 26.6136 114.697 9.42737 160.303
54.2 26.663 114.594 9.43631 160.406
54.3 26.7125 114.492 9.44522 160.508
54.4 26.7619 114.39 9.45409 160.61
54.5 26.8114 114.287 9.46292 160.713
54.6 26.8608 114.184 9.47171 160.816
54.7 26.9103 114.081 9.48047 160.919
54.8 26.9597 113.978 9.48919 161.022
54.9 27.0092 113.875 9.49787 161.125
55 27.0586 113.772 9.50652 161.228
55.1 27.1081 113.668 9.51513 161.332
55.2 27.1575 113.565 9.52369 161.435
55.3 27.207 113.461 9.53223 161.539
55.4 27.2564 113.357 9.54072 161.643
55.5 27.3059 113.253 9.54918 161.747
55.6 27.3554 113.149 9.5576 161.851
55.7 27.4048 113.045 9.56598 161.955
55.8 27.4543 112.941 9.57433 162.059
55.9 27.5038 112.836 9.58264 162.164
56 27.5532 112.732 9.59091 162.268
56.1 27.6027 112.627 9.59914 162.373
56.2 27.6522 112.522 9.60734 162.478
56.3 27.7016 112.417 9.6155 162.583
56.4 27.7511 112.312 9.62362 162.688
56.5 27.8006 112.207 9.6317 162.793
56.6 27.8501 112.102 9.63975 162.898
56.7 27.8995 111.996 9.64776 163.004
56.8 27.949 111.891 9.65573 163.109
56.9 27.9985 111.785 9.66366 163.215
57 28.048 111.679 9.67156 163.321
57.1 28.0975 111.574 9.67942 163.426
57.2 28.1469 111.468 9.68724 163.532
57.3 28.1964 111.361 9.69503 163.639
57.4 28.2459 111.255 9.70278 163.745
57.5 28.2954 111.149 9.71049 163.851
57.6 28.3449 111.042 9.71816 163.958
57.7 28.3944 110.936 9.7258 164.064
57.8 28.4439 110.829 9.7334 164.171
57.9 28.4934 110.722 9.74096 164.278
58 28.5429 110.615 9.74848 164.385
58.1 28.5924 110.508 9.75597 164.492
58.2 28.6418 110.401 9.76342 164.599
58.3 28.6913 110.294 9.77083 164.706
58.4 28.7408 110.186 9.77821 164.814
58.5 28.7903 110.079 9.78555 164.921
58.6 28.8399 109.971 9.79285 165.029
58.7 28.8894 109.863 9.80011 165.137
58.8 28.9389 109.755 9.80734 165.245
58.9 28.9884 109.647 9.81453 165.353
59 29.0379 109.539 9.82168 165.461
59.1 29.0874 109.431 9.8288 165.569
59.2 29.1369 109.323 9.83588 165.677
59.3 29.1864 109.214 9.84292 165.786
59.4 29.2359 109.106 9.84992 165.894
59.5 29.2854 108.997 9.85689 166.003
59.6 29.335 108.888 9.86382 166.112
59.7 29.3845 108.779 9.87071 166.221
59.8 29.434 108.67 9.87757 166.33
59.9 29.4835 108.561 9.88439 166.439
60 29.533 108.452 9.89117 166.548
60.1 29.5826 108.343 9.89791 166.657
60.2 29.6321 108.233 9.90462 166.767
60.3 29.6816 108.124 9.91129 166.876
60.4 29.7311 108.014 9.91792 166.986
60.5 29.7807 107.904 9.92452 167.096
60.6 29.8302 107.794 9.93108 167.206
60.7 29.8797 107.684 9.9376 167.316
60.8 29.9293 107.574 9.94409 167.426
60.9 29.9788 107.464 9.95054 167.536
61 30.0283 107.354 9.95695 167.646
61.1 30.0779 107.243 9.96332 167.757
61.2 30.1274 107.133 9.96966 167.867
61.3 30.1769 107.022 9.97596 167.978
61.4 30.2265 106.911 9.98223 168.089
61.5 30.276 106.8 9.98845 168.2
61.6 30.3256 106.69 9.99464 168.31
61.7 30.3751 106.578 10.0008 168.422
61.8 30.4247 106.467 10.0069 168.533
61.9 30.4742 106.356 10.013 168.644
62 30.5238 106.245 10.019 168.755
62.1 30.5733 106.133 10.025 168.867
62.2 30.6229 106.022 10.031 168.978
62.3 30.6724 105.91 10.0369 169.09
62.4 30.722 105.798 10.0428 169.202
62.5 30.7715 105.686 10.0487 169.314
62.6 30.8211 105.574 10.0545 169.426
62.7 30.8707 105.462 10.0603 169.538
62.8 30.9202 105.35 10.0661 169.65
62.9 30.9698 105.238 10.0718 169.762
63 31.0194 105.125 10.0774 169.875
63.1 31.0689 105.013 10.0831 169.987
63.2 31.1185 104.9 10.0887 170.1
63.3 31.1681 104.788 10.0943 170.212
63.4 31.2176 104.675 10.0998 170.325
63.5 31.2672 104.562 10.1053 170.438
63.6 31.3168 104.449 10.1107 170.551
63.7 31.3664 104.336 10.1162 170.664
63.8 31.4159 104.223 10.1215 170.777
63.9 31.4655 104.109 10.1269 170.891
64 31.5151 103.996 10.1322 171.004
64.1 31.5647 103.883 10.1375 171.117
64.2 31.6142 103.769 10.1427 171.231
64.3 31.6638 103.655 10.1479 171.345
64.4 31.7134 103.542 10.1531 171.458
64.5 31.763 103.428 10.1582 171.572
64.6 31.8126 103.314 10.1633 171.686
64.7 31.8622 103.2 10.1684 171.8
64.8 31.9118 103.086 10.1734 171.914
64.9 31.9614 102.971 10.1784 172.029
65 32.011 102.857 10.1833 172.143
65.1 32.0606 102.743 10.1882 172.257
65.2 32.1101 102.628 10.1931 172.372
65.3 32.1597 102.514 10.1979 172.486
65.4 32.2093 102.399 10.2027 172.601
65.5 32.2589 102.284 10.2075 172.716
65.6 32.3086 102.169 10.2122 172.831
65.7 32.3582 102.054 10.2169 172.946
65.8 32.4078 101.939 10.2216 173.061
65.9 32.4574 101.824 10.2262 173.176
66 32.507 101.709 10.2308 173.291
66.1 32.5566 101.594 10.2353 173.406
66.2 32.6062 101.478 10.2398 173.522
66.3 32.6558 101.363 10.2443 173.637
66.4 32.7054 101.247 10.2488 173.753
66.5 32.755 101.131 10.2532 173.869
66.6 32.8047 101.016 10.2575 173.984
66.7 32.8543 100.9 10.2619 174.1
66.8 32.9039 100.784 10.2662 174.216
66.9 32.9535 100.668 10.2704 174.332
67 33.0031 100.552 10.2747 174.448
67.1 33.0528 100.435 10.2788 174.565
67.2 33.1024 100.319 10.283 174.681
67.3 33.152 100.203 10.2871 174.797
67.4 33.2017 100.086 10.2912 174.914
67.5 33.2513 99.9698 10.2952 175.03
67.6 33.3009 99.8532 10.2993 175.147
67.7 33.3506 99.7365 10.3032 175.264
67.8 33.4002 99.6197 10.3072 175.38
67.9 33.4498 99.5028 10.3111 175.497
68 33.4995 99.3858 10.3149 175.614
68.1 33.5491 99.2688 10.3188 175.731
68.2 33.5987 99.1517 10.3226 175.848
68.3 33.6484 99.0345 10.3263 175.966
68.4 33.698 98.9172 10.3301 176.083
68.5 33.7477 98.7998 10.3337 176.2
68.6 33.7973 98.6824 10.3374 176.318
68.7 33.847 98.5648 10.341 176.435
68.8 33.8966 98.4472 10.3446 176.553
68.9 33.9463 98.3295 10.3482 176.67
69 33.9959 98.2118 10.3517 176.788
69.1 34.0456 98.0939 10.3551 176.906
69.2 34.0952 97.976 10.3586 177.024
69.3 34.1449 97.858 10.362 177.142
69.4 34.1946 97.7399 10.3654 177.26
69.5 34.2442 97.6217 10.3687 177.378
69.6 34.2939 97.5035 10.372 177.496
69.7 34.3436 97.3852 10.3753 177.615
69.8 34.3932 97.2668 10.3785 177.733
69.9 34.4429 97.1483 10.3817 177.852
70 34.4926 97.0298 10.3848 177.97
70.1 34.5422 96.9112 10.388 178.089
70.2 34.5919 96.7925 10.3911 178.208
70.3 34.6416 96.6737 10.3941 178.326
70.4 34.6913 96.5549 10.3971 178.445
70.5 34.7409 96.436 10.4001 178.564
70.6 34.7906 96.317 10.4031 178.683
70.7 34.8403 96.1979 10.406 178.802
70.8 34.89 96.0788 10.4089 178.921
70.9 34.9396 95.9596 10.4117 179.04
71 34.9893 95.8403 10.4145 179.16
71.1 35.039 95.7209 10.4173 179.279
71.2 35.0887 95.6015 10.42 179.398
71.3 35.1384 95.482 10.4227 179.518
71.4 35.1881 95.3625 10.4254 179.638
71.5 35.2378 95.2428 10.428 179.757
71.6 35.2875 95.1231 10.4306 179.877
71.7 35.3372 95.0034 10.4332 179.997
71.8 35.3869 94.8835 10.4357 180.116
71.9 35.4366 94.7636 10.4382 180.236
72 35.4863 94.6436 10.4407 180.356
72.1 35.536 94.5236 10.4431 180.476
72.2 35.5857 94.4035 10.4455 180.597
72.3 35.6354 94.2833 10.4479 180.717
72.4 35.6851 94.163 10.4502 180.837
72.5 35.7348 94.0427 10.4525 180.957
72.6 35.7845 93.9223 10.4547 181.078
72.7 35.8342 93.8019 10.457 181.198
72.8 35.8839 93.6814 10.4591 181.319
72.9 35.9336 93.5608 10.4613 181.439
73 35.9833 93.4402 10.4634 181.56
73.1 36.0331 93.3194 10.4655 181.681
73.2 36.0828 93.1987 10.4675 181.801
73.3 36.1325 93.0778 10.4695 181.922
73.4 36.1822 92.9569 10.4715 182.043
73.5 36.2319 92.836 10.4735 182.164
73.6 36.2817 92.715 10.4754 182.285
73.7 36.3314 92.5939 10.4773 182.406
73.8 36.3811 92.4727 10.4791 182.527
73.9 36.4309 92.3515 10.4809 182.648
74 36.4806 92.2302 10.4827 182.77
74.1 36.5303 92.1089 10.4844 182.891
74.2 36.5801 91.9875 10.4861 183.012
74.3 36.6298 91.8661 10.4878 183.134
74.4 36.6795 91.7445 10.4894 183.255
74.5 36.7293 91.623 10.491 183.377
74.6 36.779 91.5013 10.4926 183.499
74.7 36.8287 91.3797 10.4941 183.62
74.8 36.8785 91.2579 10.4956 183.742
74.9 36.9282 91.1361 10.4971 183.864
75 36.978 91.0143 10.4985 183.986
75.1 37.0277 90.8923 10.4999 184.108
75.2 37.0775 90.7704 10.5013 184.23
75.3 37.1272 90.6483 10.5026 184.352
75.4 37.177 90.5262 10.5039 184.474
75.5 37.2267 90.4041 10.5052 184.596
75.6 37.2765 90.2819 10.5064 184.718
75.7 37.3263 90.1596 10.5076 184.84
75.8 37.376 90.0373 10.5088 184.963
75.9 37.4258 89.915 10.5099 185.085
76 37.4755 89.7926 10.511 185.207
76.1 37.5253 89.6701 10.5121 185.33
76.2 37.5751 89.5476 10.5131 185.452
76.3 37.6248 89.425 10.5141 185.575
76.4 37.6746 89.3024 10.5151 185.698
76.5 37.7244 89.1797 10.516 185.82
76.6 37.7741 89.057 10.5169 185.943
76.7 37.8239 88.9342 10.5178 186.066
76.8 37.8737 88.8114 10.5186 186.189
76.9 37.9235 88.6885 10.5194 186.312
77 37.9733 88.5656 10.5202 186.434
77.1 38.023 88.4426 10.5209 186.557
77.2 38.0728 88.3195 10.5216 186.68
77.3 38.1226 88.1965 10.5223 186.804
77.4 38.1724 88.0733 10.5229 186.927
77.5 38.2222 87.9502 10.5235 187.05
77.6 38.272 87.8269 10.5241 187.173
77.7 38.3217 87.7037 10.5246 187.296
77.8 38.3715 87.5804 10.5251 187.42
77.9 38.4213 87.457 10.5256 187.543
78 38.4711 87.3336 10.526 187.666
78.1 38.5209 87.2101 10.5264 187.79
78.2 38.5707 87.0866 10.5268 187.913
78.3 38.6205 86.9631 10.5271 188.037
78.4 38.6703 86.8395 10.5274 188.161
78.5 38.7201 86.7159 10.5277 188.284
78.6 38.7699 86.5922 10.5279 188.408
78.7 38.8197 86.4685 10.5281 188.532
78.8 38.8695 86.3447 10.5283 188.655
78.9 38.9193 86.2209 10.5284 188.779
79 38.9692 86.097 10.5285 188.903
79.1 39.019 85.9731 10.5286 189.027
79.2 39.0688 85.8492 10.5286 189.151
79.3 39.1186 85.7252 10.5286 189.275
79.4 39.1684 85.6012 10.5286 189.399
79.5 39.2182 85.4772 10.5286 189.523
79.6 39.2681 85.3531 10.5285 189.647
79.7 39.3179 85.2289 10.5283 189.771
79.8 39.3677 85.1048 10.5282 189.895
79.9 39.4175 84.9805 10.528 190.019
80 39.4674 84.8563 10.5278 190.144
80.1 39.5172 84.732 10.5275 190.268
80.2 39.567 84.6077 10.5273 190.392
80.3 39.6168 84.4833 10.5269 190.517
80.4 39.6667 84.3589 10.5266 190.641
80.5 39.7165 84.2345 10.5262 190.766
80.6 39.7663 84.11 10.5258 190.89
80.7 39.8162 83.9855 10.5254 191.015
80.8 39.866 83.8609 10.5249 191.139
80.9 39.9159 83.7363 10.5244 191.264
81 39.9657 83.6117 10.5238 191.388
81.1 40.0156 83.4871 10.5233 191.513
81.2 40.0654 83.3624 10.5227 191.638
81.3 40.1152 83.2377 10.522 191.762
81.4 40.1651 83.1129 10.5214 191.887
81.5 40.2149 82.9881 10.5207 192.012
81.6 40.2648 82.8633 10.5199 192.137
81.7 40.3147 82.7384 10.5192 192.262
81.8 40.3645 82.6136 10.5184 192.386
81.9 40.4144 82.4886 10.5175 192.511
82 40.4642 82.3637 10.5167 192.636
82.1 40.5141 82.2387 10.5158 192.761
82.2 40.5639 82.1137 10.5149 192.886
82.3 40.6138 81.9887 10.5139 193.011
82.4 40.6637 81.8636 10.5129 193.136
82.5 40.7135 81.7385 10.5119 193.261
82.6 40.7634 81.6134 10.5109 193.387
82.7 40.8133 81.4882 10.5098 193.512
82.8 40.8632 81.3631 10.5087 193.637
82.9 40.913 81.2378 10.5076 193.762
83 40.9629 81.1126 10.5064 193.887
83.1 41.0128 80.9873 10.5052 194.013
83.2 41.0627 80.8621 10.5039 194.138
83.3 41.1125 80.7367 10.5027 194.263
83.4 41.1624 80.6114 10.5014 194.389
83.5 41.2123 80.486 10.5001 194.514
83.6 41.2622 80.3606 10.4987 194.639
83.7 41.3121 80.2352 10.4973 194.765
83.8 41.362 80.1098 10.4959 194.89
83.9 41.4119 79.9843 10.4944 195.016
84 41.4617 79.8588 10.493 195.141
84.1 41.5116 79.7333 10.4914 195.267
84.2 41.5615 79.6078 10.4899 195.392
84.3 41.6114 79.4822 10.4883 195.518
84.4 41.6613 79.3567 10.4867 195.643
84.5 41.7112 79.2311 10.4851 195.769
84.6 41.7611 79.1055 10.4834 195.895
84.7 41.811 78.9798 10.4817 196.02
84.8 41.8609 78.8542 10.48 196.146
84.9 41.9108 78.7285 10.4782 196.272
85 41.9608 78.6028 10.4764 196.397
85.1 42.0107 78.4771 10.4746 196.523
85.2 42.0606 78.3513 10.4728 196.649
85.3 42.1105 78.2256 10.4709 196.774
85.4 42.1604 78.0998 10.469 196.9
85.5 42.2103 77.974 10.467 197.026
85.6 42.2602 77.8482 10.4651 197.152
85.7 42.3102 77.7224 10.4631 197.278
85.8 42.3601 77.5965 10.461 197.403
85.9 42.41 77.4707 10.459 197.529
86 42.4599 77.3448 10.4569 197.655
86.1 42.5098 77.2189 10.4547 197.781
86.2 42.5598 77.093 10.4526 197.907
86.3 42.6097 76.9671 10.4504 198.033
86.4 42.6596 76.8411 10.4482 198.159
86.5 42.7096 76.7152 10.4459 198.285
86.6 42.7595 76.5892 10.4437 198.411
86.7 42.8094 76.4633 10.4414 198.537
86.8 42.8594 76.3373 10.439 198.663
86.9 42.9093 76.2113 10.4367 198.789
87 42.9593 76.0853 10.4343 198.915
87.1 43.0092 75.9592 10.4318 199.041
87.2 43.0591 75.8332 10.4294 199.167
87.3 43.1091 75.7072 10.4269 199.293
87.4 43.159 75.5811 10.4244 199.419
87.5 43.209 75.455 10.4219 199.545
87.6 43.2589 75.329 10.4193 199.671
87.7 43.3089 75.2029 10.4167 199.797
87.8 43.3588 75.0768 10.414 199.923
87.9 43.4088 74.9507 10.4114 200.049
88 43.4588 74.8246 10.4087 200.175
88.1 43.5087 74.6985 10.406 200.302
88.2 43.5587 74.5723 10.4032 200.428
88.3 43.6086 74.4462 10.4004 200.554
88.4 43.6586 74.3201 10.3976 200.68
88.5 43.7086 74.1939 10.3948 200.806
88.6 43.7585 74.0678 10.3919 200.932
88.7 43.8085 73.9416 10.389 201.058
88.8 43.8585 73.8155 10.3861 201.185
88.9 43.9084 73.6893 10.3832 201.311
89 43.9584 73.5631 10.3802 201.437
89.1 44.0084 73.437 10.3772 201.563
89.2 44.0584 73.3108 10.3741 201.689
89.3 44.1084 73.1846 10.371 201.815
89.4 44.1583 73.0584 10.3679 201.942
89.5 44.2083 72.9322 10.3648 202.068
89.6 44.2583 72.8061 10.3616 202.194
89.7 44.3083 72.6799 10.3585 202.32
89.8 44.3583 72.5537 10.3552 202.446
89.9 44.4083 72.4275 10.352 202.573
90 44.4582 72.3013 10.3487 202.699
90.1 44.5082 72.1751 10.3454 202.825
90.2 44.5582 72.0489 10.3421 202.951
90.3 44.6082 71.9227 10.3387 203.077
90.4 44.6582 71.7965 10.3353 203.203
90.5 44.7082 71.6704 10.3319 203.33
90.6 44.7582 71.5442 10.3285 203.456
90.7 44.8082 71.418 10.325 203.582
90.8 44.8582 71.2918 10.3215 203.708
90.9 44.9082 71.1656 10.318 203.834
91 44.9582 71.0395 10.3144 203.961
91.1 45.0082 70.9133 10.3108 204.087
91.2 45.0583 70.7871 10.3072 204.213
91.3 45.1083 70.661 10.3036 204.339
91.4 45.1583 70.5348 10.2999 204.465
91.5 45.2083 70.4087 10.2962 204.591
91.6 45.2583 70.2825 10.2924 204.717
91.7 45.3083 70.1564 10.2887 204.844
91.8 45.3584 70.0303 10.2849 204.97
91.9 45.4084 69.9041 10.2811 205.096
92 45.4584 69.778 10.2772 205.222
92.1 45.5084 69.6519 10.2734 205.348
92.2 45.5585 69.5258 10.2695 205.474
92.3 45.6085 69.3997 10.2655 205.6
92.4 45.6585 69.2736 10.2616 205.726
92.5 45.7085 69.1476 10.2576 205.852
92.6 45.7586 69.0215 10.2536 205.979
92.7 45.8086 68.8954 10.2496 206.105
92.8 45.8586 68.7694 10.2455 206.231
92.9 45.9087 68.6434 10.2414 206.357
93 45.9587 68.5173 10.2373 206.483
93.1 46.0088 68.3913 10.2331 206.609
93.2 46.0588 68.2653 10.229 206.735
93.3 46.1089 68.1393 10.2248 206.861
93.4 46.1589 68.0134 10.2205 206.987
93.5 46.2089 67.8874 10.2163 207.113
93.6 46.259 67.7615 10.212 207.239
93.7 46.309 67.6355 10.2077 207.364
93.8 46.3591 67.5096 10.2033 207.49
93.9 46.4092 67.3837 10.1989 207.616
94 46.4592 67.2578 10.1945 207.742
94.1 46.5093 67.1319 10.1901 207.868
94.2 46.5593 67.0061 10.1857 207.994
94.3 46.6094 66.8802 10.1812 208.12
94.4 46.6595 66.7544 10.1767 208.246
94.5 46.7095 66.6286 10.1722 208.371
94.6 46.7596 66.5028 10.1676 208.497
94.7 46.8097 66.377 10.163 208.623
94.8 46.8597 66.2513 10.1584 208.749
94.9 46.9098 66.1255 10.1538 208.874
95 46.9599 65.9998 10.1491 209
95.1 47.0099 65.8741 10.1444 209.126
95.2 47.06 65.7484 10.1397 209.252
95.3 47.1101 65.6228 10.1349 209.377
95.4 47.1602 65.4971 10.1301 209.503
95.5 47.2103 65.3715 10.1253 209.628
95.6 47.2603 65.2459 10.1205 209.754
95.7 47.3104 65.1204 10.1157 209.88
95.8 47.3605 64.9948 10.1108 210.005
95.9 47.4106 64.8693 10.1059 210.131
96 47.4607 64.7438 10.1009 210.256
96.1 47.5108 64.6183 10.096 210.382
96.2 47.5609 64.4928 10.091 210.507
96.3 47.611 64.3674 10.086 210.633
96.4 47.6611 64.2419 10.0809 210.758
96.5 47.7112 64.1166 10.0758 210.883
96.6 47.7613 63.9912 10.0708 211.009
96.7 47.8114 63.8659 10.0656 211.134
96.8 47.8615 63.7405 10.0605 211.259
96.9 47.9116 63.6152 10.0553 211.385
97 47.9617 63.49 10.0501 211.51
97.1 48.0118 63.3648 10.0449 211.635
97.2 48.0619 63.2395 10.0396 211.76
97.3 48.112 63.1144 10.0344 211.886
97.4 48.1621 62.9892 10.029 212.011
97.5 48.2122 62.8641 10.0237 212.136
97.6 48.2623 62.739 10.0184 212.261
97.7 48.3125 62.6139 10.013 212.386
97.8 48.3626 62.4889 10.0076 212.511
97.9 48.4127 62.3639 10.0021 212.636
98 48.4628 62.2389 9.99667 212.761
98.1 48.5129 62.114 9.99118 212.886
98.2 48.5631 61.989 9.98567 213.011
98.3 48.6132 61.8642 9.98013 213.136
98.4 48.6633 61.7393 9.97457 213.261
98.5 48.7134 61.6145 9.96898 213.386
98.6 48.7636 61.4897 9.96337 213.51
98.7 48.8137 61.3649 9.95772 213.635
98.8 48.8638 61.2402 9.95206 213.76
98.9 48.914 61.1155 9.94637 213.884
99 48.9641 60.9909 9.94065 214.009
99.1 49.0143 60.8663 9.93491 214.134
99.2 49.0644 60.7417 9.92914 214.258
99.3 49.1146 60.6171 9.92334 214.383
99.4 49.1647 60.4926 9.91753 214.507
99.5 49.2148 60.3681 9.91168 214.632
99.6 49.265 60.2437 9.90581 214.756
99.7 49.3151 60.1193 9.89992 214.881
99.8 49.3653 59.9949 9.894 215.005
99.9 49.4154 59.8706 9.88805 215.129
100 49.4656 59.7463 9.88208 215.254
100.1 49.5158 59.6221 9.87609 215.378
100.2 49.5659 59.4978 9.87007 215.502
100.3 49.6161 59.3737 9.86402 215.626
100.4 49.6662 59.2495 9.85795 215.75
100.5 49.7164 59.1254 9.85185 215.875
100.6 49.7666 59.0014 9.84573 215.999
100.7 49.8167 58.8774 9.83959 216.123
100.8 49.8669 58.7534 9.83342 216.247
100.9 49.9171 58.6295 9.82722 216.371
101 49.9672 58.5056 9.821 216.494
101.1 50.0174 58.3817 9.81476 216.618
101.2 50.0676 58.2579 9.80849 216.742
101.3 50.1178 58.1341 9.8022 216.866
101.4 50.1679 58.0104 9.79588 216.99
101.5 50.2181 57.8867 9.78954 217.113
101.6 50.2683 57.7631 9.78317 217.237
101.7 50.3185 57.6395 9.77678 217.36
101.8 50.3687 57.516 9.77036 217.484
101.9 50.4189 57.3925 9.76392 217.608
102 50.469 57.269 9.75746 217.731
102.1 50.5192 57.1456 9.75097 217.854
102.2 50.5694 57.0222 9.74445 217.978
102.3 50.6196 56.8989 9.73791 218.101
102.4 50.6698 56.7757 9.73135 218.224
102.5 50.72 56.6524 9.72476 218.348
102.6 50.7702 56.5293 9.71815 218.471
102.7 50.8204 56.4061 9.71152 218.594
102.8 50.8706 56.2831 9.70486 218.717
102.9 50.9208 56.16 9.69818 218.84
103 50.971 56.037 9.69147 218.963
103.1 51.0212 55.9141 9.68474 219.086
103.2 51.0714 55.7912 9.67798 219.209
103.3 51.1216 55.6684 9.6712 219.332
103.4 51.1718 55.5456 9.6644 219.454
103.5 51.2221 55.4229 9.65758 219.577
103.6 51.2723 55.3002 9.65073 219.7
103.7 51.3225 55.1776 9.64385 219.822
103.8 51.3727 55.055 9.63695 219.945
103.9 51.4229 54.9325 9.63003 220.068
104 51.4731 54.81 9.62309 220.19
104.1 51.5234 54.6876 9.61612 220.312
104.2 51.5736 54.5653 9.60912 220.435
104.3 51.6238 54.4429 9.60211 220.557
104.4 51.674 54.3207 9.59507 220.679
104.5 51.7243 54.1985 9.58801 220.802
104.6 51.7745 54.0764 9.58092 220.924
104.7 51.8247 53.9543 9.57381 221.046
104.8 51.875 53.8322 9.56668 221.168
104.9 51.9252 53.7103 9.55952 221.29
105 51.9754 53.5883 9.55234 221.412
105.1 52.0257 53.4665 9.54514 221.534
105.2 52.0759 53.3447 9.53791 221.655
105.3 52.1261 53.2229 9.53066 221.777
105.4 52.1764 53.1012 9.52339 221.899
105.5 52.2266 52.9796 9.51609 222.02
105.6 52.2769 52.858 9.50878 222.142
105.7 52.3271 52.7365 9.50143 222.263
105.8 52.3774 52.6151 9.49407 222.385
105.9 52.4276 52.4937 9.48668 222.506
106 52.4779 52.3724 9.47927 222.628
106.1 52.5281 52.2511 9.47184 222.749
106.2 52.5784 52.1299 9.46438 222.87
106.3 52.6286 52.0087 9.4569 222.991
106.4 52.6789 51.8876 9.4494 223.112
106.5 52.7292 51.7666 9.44188 223.233
106.6 52.7794 51.6457 9.43433 223.354
106.7 52.8297 51.5248 9.42676 223.475
106.8 52.8799 51.4039 9.41917 223.596
106.9 52.9302 51.2832 9.41155 223.717
107 52.9805 51.1624 9.40391 223.838
107.1 53.0308 51.0418 9.39625 223.958
107.2 53.081 50.9212 9.38857 224.079
107.3 53.1313 50.8007 9.38086 224.199
107.4 53.1816 50.6803 9.37314 224.32
107.5 53.2318 50.5599 9.36539 224.44
107.6 53.2821 50.4396 9.35761 224.56
107.7 53.3324 50.3193 9.34982 224.681
107.8 53.3827 50.1991 9.342 224.801
107.9 53.433 50.079 9.33416 224.921
108 53.4833 49.959 9.3263 225.041
108.1 53.5335 49.839 9.31842 225.161
108.2 53.5838 49.7191 9.31051 225.281
108.3 53.6341 49.5992 9.30259 225.401
108.4 53.6844 49.4795 9.29464 225.521
108.5 53.7347 49.3598 9.28666 225.64
108.6 53.785 49.2401 9.27867 225.76
108.7 53.8353 49.1206 9.27066 225.879
108.8 53.8856 49.0011 9.26262 225.999
108.9 53.9359 48.8816 9.25456 226.118
109 53.9862 48.7623 9.24648 226.238
109.1 54.0365 48.643 9.23838 226.357
109.2 54.0868 48.5238 9.23025 226.476
109.3 54.1371 48.4047 9.2221 226.595
109.4 54.1874 48.2856 9.21394 226.714
109.5 54.2377 48.1666 9.20575 226.833
109.6 54.288 48.0477 9.19754 226.952
109.7 54.3383 47.9289 9.1893 227.071
109.8 54.3886 47.8101 9.18105 227.19
109.9 54.439 47.6914 9.17277 227.309
110 54.4893 47.5728 9.16447 227.427
110.1 54.5396 47.4543 9.15616 227.546
110.2 54.5899 47.3358 9.14782 227.664
110.3 54.6402 47.2174 9.13945 227.783
110.4 54.6905 47.0991 9.13107 227.901
110.5 54.7409 46.9808 9.12267 228.019
110.6 54.7912 46.8627 9.11424 228.137
110.7 54.8415 46.7446 9.1058 228.255
110.8 54.8918 46.6266 9.09733 228.373
110.9 54.9422 46.5087 9.08884 228.491
111 54.9925 46.3908 9.08033 228.609
111.1 55.0428 46.2731 9.0718 228.727
111.2 55.0932 46.1554 9.06325 228.845
111.3 55.1435 46.0378 9.05467 228.962
111.4 55.1939 45.9202 9.04608 229.08
111.5 55.2442 45.8028 9.03747 229.197
111.6 55.2945 45.6854 9.02883 229.315
111.7 55.3449 45.5681 9.02017 229.432
111.8 55.3952 45.4509 9.0115 229.549
111.9 55.4456 45.3338 9.0028 229.666
112 55.4959 45.2168 8.99408 229.783
112.1 55.5463 45.0998 8.98534 229.9
112.2 55.5966 44.9829 8.97658 230.017
112.3 55.647 44.8661 8.9678 230.134
112.4 55.6973 44.7494 8.959 230.251
112.5 55.7477 44.6328 8.95017 230.367
112.6 55.798 44.5162 8.94133 230.484
112.7 55.8484 44.3998 8.93247 230.6
112.8 55.8987 44.2834 8.92359 230.717
112.9 55.9491 44.1671 8.91468 230.833
113 55.9995 44.0509 8.90576 230.949
113.1 56.0498 43.9348 8.89681 231.065
113.2 56.1002 43.8188 8.88785 231.181
113.3 56.1506 43.7028 8.87886 231.297
113.4 56.2009 43.587 8.86986 231.413
113.5 56.2513 43.4712 8.86083 231.529
113.6 56.3017 43.3555 8.85179 231.644
113.7 56.352 43.24 8.84272 231.76
113.8 56.4024 43.1244 8.83363 231.876
113.9 56.4528 43.009 8.82453 231.991
114 56.5032 42.8937 8.8154 232.106
114.1 56.5536 42.7785 8.80626 232.222
114.2 56.6039 42.6633 8.79709 232.337
114.3 56.6543 42.5483 8.7879 232.452
114.4 56.7047 42.4333 8.7787 232.567
114.5 56.7551 42.3184 8.76947 232.682
114.6 56.8055 42.2037 8.76023 232.796
114.7 56.8559 42.089 8.75096 232.911
114.8 56.9062 41.9744 8.74168 233.026
114.9 56.9566 41.8599 8.73237 233.14
115 57.007 41.7454 8.72305 233.255
115.1 57.0574 41.6311 8.7137 233.369
115.2 57.1078 41.5169 8.70434 233.483
115.3 57.1582 41.4028 8.69496 233.597
115.4 57.2086 41.2887 8.68556 233.711
115.5 57.259 41.1748 8.67613 233.825
115.6 57.3094 41.0609 8.66669 233.939
115.7 57.3598 40.9472 8.65723 234.053
115.8 57.4102 40.8335 8.64775 234.166
115.9 57.4606 40.72 8.63825 234.28
116 57.511 40.6065 8.62873 234.394
116.1 57.5615 40.4931 8.61919 234.507
116.2 57.6119 40.3799 8.60964 234.62
116.3 57.6623 40.2667 8.60006 234.733
116.4 57.7127 40.1536 8.59046 234.846
116.5 57.7631 40.0406 8.58085 234.959
116.6 57.8135 39.9277 8.57121 235.072
116.7 57.8639 39.815 8.56156 235.185
116.8 57.9144 39.7023 8.55189 235.298
116.9 57.9648 39.5897 8.5422 235.41
117 58.0152 39.4772 8.53249 235.523
117.1 58.0656 39.3648 8.52276 235.635
117.2 58.1161 39.2525 8.51301 235.747
117.3 58.1665 39.1403 8.50324 235.86
117.4 58.2169 39.0283 8.49346 235.972
117.5 58.2673 38.9163 8.48365 236.084
117.6 58.3178 38.8044 8.47383 236.196
117.7 58.3682 38.6926 8.46399 236.307
117.8 58.4187 38.5809 8.45413 236.419
117.9 58.4691 38.4694 8.44425 236.531
118 58.5195 38.3579 8.43435 236.642
118.1 58.57 38.2465 8.42444 236.753
118.2 58.6204 38.1353 8.4145 236.865
118.3 58.6708 38.0241 8.40455 236.976
118.4 58.7213 37.9131 8.39458 237.087
118.5 58.7717 37.8021 8.38459 237.198
118.6 58.8222 37.6913 8.37458 237.309
118.7 58.8726 37.5805 8.36455 237.419
118.8 58.9231 37.4699 8.35451 237.53
118.9 58.9735 37.3594 8.34444 237.641
119 59.024 37.2489 8.33436 237.751
119.1 59.0744 37.1386 8.32426 237.861
119.2 59.1249 37.0284 8.31414 237.972
119.3 59.1754 36.9183 8.304 238.082
119.4 59.2258 36.8083 8.29385 238.192
119.5 59.2763 36.6984 8.28368 238.302
119.6 59.3267 36.5887 8.27349 238.411
119.7 59.3772 36.479 8.26328 238.521
119.8 59.4277 36.3694 8.25305 238.631
119.9 59.4781 36.26 8.24281 238.74
120 59.5286 36.1506 8.23254 238.849
120.1 59.5791 36.0414 8.22226 238.959
120.2 59.6295 35.9323 8.21197 239.068
120.3 59.68 35.8233 8.20165 239.177
120.4 59.7305 35.7144 8.19132 239.286
120.5 59.781 35.6056 8.18096 239.394
120.6 59.8314 35.4969 8.1706 239.503
120.7 59.8819 35.3884 8.16021 239.612
120.8 59.9324 35.2799 8.1498 239.72
120.9 59.9829 35.1716 8.13938 239.828
121 60.0334 35.0634 8.12894 239.937
121.1 60.0838 34.9553 8.11848 240.045
121.2 60.1343 34.8473 8.10801 240.153
121.3 60.1848 34.7394 8.09752 240.261
121.4 60.2353 34.6316 8.08701 240.368
121.5 60.2858 34.524 8.07648 240.476
121.6 60.3363 34.4164 8.06594 240.584
121.7 60.3868 34.309 8.05537 240.691
121.8 60.4373 34.2017 8.0448 240.798
121.9 60.4878 34.0945 8.0342 240.905
122 60.5383 33.9874 8.02359 241.013
122.1 60.5887 33.8805 8.01296 241.12
122.2 60.6392 33.7737 8.00231 241.226
122.3 60.6897 33.6669 7.99164 241.333
122.4 60.7403 33.5603 7.98096 241.44
122.5 60.7908 33.4538 7.97026 241.546
122.6 60.8413 33.3475 7.95955 241.653
122.7 60.8918 33.2412 7.94881 241.759
122.8 60.9423 33.1351 7.93806 241.865
122.9 60.9928 33.0291 7.9273 241.971
123 61.0433 32.9232 7.91651 242.077
123.1 61.0938 32.8174 7.90571 242.183
123.2 61.1443 32.7118 7.89489 242.288
123.3 61.1948 32.6062 7.88406 242.394
123.4 61.2453 32.5008 7.87321 242.499
123.5 61.2959 32.3955 7.86234 242.604
123.6 61.3464 32.2904 7.85146 242.71
123.7 61.3969 32.1853 7.84056 242.815
123.8 61.4474 32.0804 7.82964 242.92
123.9 61.498 31.9756 7.8187 243.024
124 61.5485 31.8709 7.80775 243.129
124.1 61.599 31.7664 7.79679 243.234
124.2 61.6495 31.6619 7.7858 243.338
124.3 61.7001 31.5576 7.7748 243.442
124.4 61.7506 31.4535 7.76379 243.547
124.5 61.8011 31.3494 7.75275 243.651
124.6 61.8517 31.2455 7.7417 243.755
124.7 61.9022 31.1416 7.73064 243.858
124.8 61.9527 31.038 7.71956 243.962
124.9 62.0033 30.9344 7.70846 244.066
125 62.0538 30.831 7.69734 244.169
125.1 62.1043 30.7277 7.68621 244.272
125.2 62.1549 30.6245 7.67507 244.376
125.3 62.2054 30.5214 7.6639 244.479
125.4 62.256 30.4185 7.65273 244.581
125.5 62.3065 30.3157 7.64153 244.684
125.6 62.3571 30.2131 7.63032 244.787
125.7 62.4076 30.1105 7.61909 244.889
125.8 62.4582 30.0081 7.60785 244.992
125.9 62.5087 29.9058 7.59659 245.094
126 62.5593 29.8037 7.58532 245.196
126.1 62.6098 29.7016 7.57403 245.298
126.2 62.6604 29.5997 7.56272 245.4
126.3 62.7109 29.498 7.5514 245.502
126.4 62.7615 29.3963 7.54006 245.604
126.5 62.812 29.2948 7.52871 245.705
126.6 62.8626 29.1935 7.51734 245.807
126.7 62.9132 29.0922 7.50596 245.908
126.8 62.9637 28.9911 7.49456 246.009
126.9 63.0143 28.8901 7.48314 246.11
127 63.0649 28.7893 7.47171 246.211
127.1 63.1154 28.6886 7.46026 246.311
127.2 63.166 28.588 7.4488 246.412
127.3 63.2166 28.4876 7.43732 246.512
127.4 63.2671 28.3872 7.42583 246.613
127.5 63.3177 28.2871 7.41432 246.713
127.6 63.3683 28.187 7.4028 246.813
127.7 63.4189 28.0871 7.39126 246.913
127.8 63.4694 27.9873 7.3797 247.013
127.9 63.52 27.8877 7.36813 247.112
128 63.5706 27.7882 7.35655 247.212
128.1 63.6212 27.6888 7.34495 247.311
128.2 63.6718 27.5896 7.33333 247.41
128.3 63.7223 27.4905 7.3217 247.51
128.4 63.7729 27.3915 7.31006 247.608
128.5 63.8235 27.2927 7.2984 247.707
128.6 63.8741 27.194 7.28672 247.806
128.7 63.9247 27.0954 7.27503 247.905
128.8 63.9753 26.997 7.26333 248.003
128.9 64.0259 26.8988 7.25161 248.101
129 64.0765 26.8006 7.23987 248.199
129.1 64.127 26.7026 7.22812 248.297
129.2 64.1776 26.6048 7.21636 248.395
129.3 64.2282 26.507 7.20458 248.493
129.4 64.2788 26.4095 7.19278 248.591
129.5 64.3294 26.312 7.18098 248.688
129.6 64.38 26.2147 7.16915 248.785
129.7 64.4306 26.1176 7.15731 248.882
129.8 64.4812 26.0205 7.14546 248.979
129.9 64.5318 25.9237 7.13359 249.076
130 64.5825 25.8269 7.12171 249.173
130.1 64.6331 25.7303 7.10982 249.27
130.2 64.6837 25.6339 7.09791 249.366
130.3 64.7343 25.5376 7.08598 249.462
130.4 64.7849 25.4414 7.07404 249.559
130.5 64.8355 25.3454 7.06209 249.655
130.6 64.8861 25.2495 7.05012 249.751
130.7 64.9367 25.1537 7.03814 249.846
130.8 64.9873 25.0581 7.02614 249.942
130.9 65.038 24.9627 7.01413 250.037
131 65.0886 24.8674 7.0021 250.133
131.1 65.1392 24.7722 6.99006 250.228
131.2 65.1898 24.6772 6.97801 250.323
131.3 65.2404 24.5823 6.96594 250.418
131.4 65.2911 24.4876 6.95386 250.512
131.5 65.3417 24.393 6.94176 250.607
131.6 65.3923 24.2986 6.92965 250.701
131.7 65.4429 24.2043 6.91753 250.796
131.8 65.4936 24.1101 6.90539 250.89
131.9 65.5442 24.0161 6.89324 250.984
132 65.5948 23.9223 6.88107 251.078
132.1 65.6455 23.8286 6.86889 251.171
132.2 65.6961 23.735 6.8567 251.265
132.3 65.7467 23.6416 6.84449 251.358
132.4 65.7974 23.5484 6.83227 251.452
132.5 65.848 23.4552 6.82004 251.545
132.6 65.8986 23.3623 6.80779 251.638
132.7 65.9493 23.2695 6.79553 251.731
132.8 65.9999 23.1768 6.78325 251.823
132.9 66.0506 23.0843 6.77096 251.916
133 66.1012 22.9919 6.75866 252.008
133.1 66.1519 22.8997 6.74634 252.1
133.2 66.2025 22.8077 6.73401 252.192
133.3 66.2531 22.7157 6.72167 252.284
133.4 66.3038 22.624 6.70931 252.376
133.5 66.3544 22.5324 6.69694 252.468
133.6 66.4051 22.4409 6.68456 252.559
133.7 66.4558 22.3496 6.67216 252.65
133.8 66.5064 22.2584 6.65975 252.742
133.9 66.5571 22.1674 6.64733 252.833
134 66.6077 22.0766 6.63489 252.923
134.1 66.6584 21.9859 6.62244 253.014
134.2 66.709 21.8954 6.60998 253.105
134.3 66.7597 21.805 6.5975 253.195
134.4 66.8103 21.7147 6.58501 253.285
134.5 66.861 21.6246 6.57251 253.375
134.6 66.9117 21.5347 6.55999 253.465
134.7 66.9623 21.4449 6.54746 253.555
134.8 67.013 21.3553 6.53492 253.645
134.9 67.0637 21.2659 6.52237 253.734
135 67.1143 21.1766 6.5098 253.823
135.1 67.165 21.0874 6.49722 253.913
135.2 67.2157 20.9984 6.48462 254.002
135.3 67.2664 20.9096 6.47202 254.09
135.4 67.317 20.8209 6.4594 254.179
135.5 67.3677 20.7324 6.44677 254.268
135.6 67.4184 20.644 6.43412 254.356
135.7 67.469 20.5558 6.42146 254.444
135.8 67.5197 20.4677 6.4088 254.532
135.9 67.5704 20.3798 6.39611 254.62
136 67.6211 20.2921 6.38342 254.708
136.1 67.6718 20.2045 6.37071 254.795
136.2 67.7224 20.1171 6.35799 254.883
136.3 67.7731 20.0298 6.34526 254.97
136.4 67.8238 19.9427 6.33251 255.057
136.5 67.8745 19.8558 6.31975 255.144
136.6 67.9252 19.769 6.30698 255.231
136.7 67.9759 19.6824 6.2942 255.318
136.8 68.0266 19.5959 6.28141 255.404
136.9 68.0773 19.5096 6.2686 255.49
137 68.1279 19.4235 6.25578 255.577
137.1 68.1786 19.3375 6.24295 255.663
137.2 68.2293 19.2517 6.2301 255.748
137.3 68.28 19.166 6.21725 255.834
137.4 68.3307 19.0805 6.20438 255.919
137.5 68.3814 18.9952 6.1915 256.005
137.6 68.4321 18.91 6.1786 256.09
137.7 68.4828 18.825 6.1657 256.175
137.8 68.5335 18.7402 6.15278 256.26
137.9 68.5842 18.6555 6.13985 256.345
138 68.6349 18.571 6.12691 256.429
138.1 68.6856 18.4866 6.11396 256.513
138.2 68.7363 18.4024 6.10099 256.598
138.3 68.787 18.3184 6.08802 256.682
138.4 68.8377 18.2345 6.07503 256.765
138.5 68.8885 18.1508 6.06203 256.849
138.6 68.9392 18.0673 6.04902 256.933
138.7 68.9899 17.9839 6.03599 257.016
138.8 69.0406 17.9007 6.02296 257.099
138.9 69.0913 17.8177 6.00991 257.182
139 69.142 17.7348 5.99685 257.265
139.1 69.1927 17.6521 5.98378 257.348
139.2 69.2435 17.5696 5.9707 257.43
139.3 69.2942 17.4872 5.9576 257.513
139.4 69.3449 17.405 5.9445 257.595
139.5 69.3956 17.323 5.93138 257.677
139.6 69.4463 17.2411 5.91825 257.759
139.7 69.497 17.1594 5.90511 257.841
139.8 69.5478 17.0779 5.89196 257.922
139.9 69.5985 16.9965 5.8788 258.004
140 69.6492 16.9153 5.86563 258.085
140.1 69.6999 16.8343 5.85244 258.166
140.2 69.7507 16.7534 5.83924 258.247
140.3 69.8014 16.6727 5.82603 258.327
140.4 69.8521 16.5922 5.81282 258.408
140.5 69.9029 16.5118 5.79959 258.488
140.6 69.9536 16.4317 5.78634 258.568
140.7 70.0043 16.3516 5.77309 258.648
140.8 70.0551 16.2718 5.75983 258.728
140.9 70.1058 16.1921 5.74655 258.808
141 70.1565 16.1126 5.73327 258.887
141.1 70.2073 16.0333 5.71997 258.967
141.2 70.258 15.9542 5.70666 259.046
141.3 70.3087 15.8752 5.69334 259.125
141.4 70.3595 15.7964 5.68001 259.204
141.5 70.4102 15.7177 5.66667 259.282
141.6 70.461 15.6392 5.65332 259.361
141.7 70.5117 15.5609 5.63996 259.439
141.8 70.5625 15.4828 5.62658 259.517
141.9 70.6132 15.4049 5.6132 259.595
142 70.664 15.3271 5.5998 259.673
142.1 70.7147 15.2495 5.5864 259.751
142.2 70.7655 15.1721 5.57298 259.828
142.3 70.8162 15.0948 5.55955 259.905
142.4 70.867 15.0177 5.54612 259.982
142.5 70.9177 14.9408 5.53267 260.059
142.6 70.9685 14.8641 5.51921 260.136
142.7 71.0192 14.7875 5.50574 260.212
142.8 71.07 14.7112 5.49226 260.289
142.9 71.1207 14.6349 5.47877 260.365
143 71.1715 14.5589 5.46527 260.441
143.1 71.2222 14.4831 5.45176 260.517
143.2 71.273 14.4074 5.43824 260.593
143.3 71.3238 14.3319 5.4247 260.668
143.4 71.3745 14.2566 5.41116 260.743
143.5 71.4253 14.1814 5.39761 260.819
143.6 71.476 14.1064 5.38405 260.894
143.7 71.5268 14.0316 5.37047 260.968
143.8 71.5776 13.957 5.35689 261.043
143.9 71.6283 13.8826 5.3433 261.117
144 71.6791 13.8083 5.32969 261.192
144.1 71.7299 13.7342 5.31608 261.266
144.2 71.7806 13.6603 5.30245 261.34
144.3 71.8314 13.5866 5.28882 261.413
144.4 71.8822 13.5131 5.27518 261.487
144.5 71.933 13.4397 5.26152 261.56
144.6 71.9837 13.3665 5.24786 261.633
144.7 72.0345 13.2935 5.23418 261.707
144.8 72.0853 13.2207 5.2205 261.779
144.9 72.1361 13.148 5.20681 261.852
145 72.1868 13.0755 5.1931 261.924
145.1 72.2376 13.0033 5.17939 261.997
145.2 72.2884 12.9311 5.16567 262.069
145.3 72.3392 12.8592 5.15193 262.141
145.4 72.39 12.7875 5.13819 262.213
145.5 72.4407 12.7159 5.12444 262.284
145.6 72.4915 12.6445 5.11068 262.355
145.7 72.5423 12.5733 5.09691 262.427
145.8 72.5931 12.5023 5.08313 262.498
145.9 72.6439 12.4315 5.06933 262.569
146 72.6947 12.3608 5.05553 262.639
146.1 72.7454 12.2903 5.04172 262.71
146.2 72.7962 12.22 5.02791 262.78
146.3 72.847 12.1499 5.01408 262.85
146.4 72.8978 12.08 5.00024 262.92
146.5 72.9486 12.0103 4.98639 262.99
146.6 72.9994 11.9407 4.97253 263.059
146.7 73.0502 11.8713 4.95867 263.129
146.8 73.101 11.8022 4.94479 263.198
146.9 73.1518 11.7331 4.93091 263.267
147 73.2026 11.6643 4.91701 263.336
147.1 73.2534 11.5957 4.90311 263.404
147.2 73.3042 11.5272 4.8892 263.473
147.3 73.355 11.459 4.87528 263.541
147.4 73.4058 11.3909 4.86134 263.609
147.5 73.4566 11.323 4.8474 263.677
147.6 73.5074 11.2553 4.83346 263.745
147.7 73.5582 11.1878 4.8195 263.812
147.8 73.609 11.1204 4.80553 263.88
147.9 73.6598 11.0533 4.79155 263.947
148 73.7106 10.9863 4.77757 264.014
148.1 73.7614 10.9195 4.76358 264.08
148.2 73.8122 10.853 4.74957 264.147
148.3 73.863 10.7866 4.73556 264.213
148.4 73.9138 10.7203 4.72154 264.28
148.5 73.9646 10.6543 4.70751 264.346
148.6 74.0154 10.5885 4.69347 264.412
148.7 74.0663 10.5228 4.67943 264.477
148.8 74.1171 10.4574 4.66537 264.543
148.9 74.1679 10.3921 4.65131 264.608
149 74.2187 10.327 4.63723 264.673
149.1 74.2695 10.2621 4.62315 264.738
149.2 74.3203 10.1974 4.60906 264.803
149.3 74.3711 10.1329 4.59496 264.867
149.4 74.422 10.0685 4.58086 264.931
149.5 74.4728 10.0044 4.56674 264.996
149.6 74.5236 9.94044 4.55262 265.06
149.7 74.5744 9.87668 4.53848 265.123
149.8 74.6252 9.81311 4.52434 265.187
149.9 74.6761 9.74973 4.51019 265.25
150 74.7269 9.68654 4.49604 265.313
150.1 74.7777 9.62354 4.48187 265.376
150.2 74.8285 9.56073 4.46769 265.439
150.3 74.8794 9.49811 4.45351 265.502
150.4 74.9302 9.43569 4.43932 265.564
150.5 74.981 9.37345 4.42512 265.627
150.6 75.0318 9.31141 4.41091 265.689
150.7 75.0827 9.24956 4.3967 265.75
150.8 75.1335 9.1879 4.38248 265.812
150.9 75.1843 9.12643 4.36824 265.874
151 75.2352 9.06516 4.354 265.935
151.1 75.286 9.00408 4.33976 265.996
151.2 75.3368 8.94319 4.3255 266.057
151.3 75.3877 8.88249 4.31124 266.118
151.4 75.4385 8.82199 4.29696 266.178
151.5 75.4893 8.76168 4.28268 266.238
151.6 75.5402 8.70156 4.2684 266.298
151.7 75.591 8.64164 4.2541 266.358
151.8 75.6418 8.58191 4.2398 266.418
151.9 75.6927 8.52238 4.22549 266.478
152 75.7435 8.46304 4.21117 266.537
152.1 75.7944 8.4039 4.19684 266.596
152.2 75.8452 8.34495 4.18251 266.655
152.3 75.896 8.28619 4.16816 266.714
152.4 75.9469 8.22763 4.15381 266.772
152.5 75.9977 8.16926 4.13946 266.831
152.6 76.0486 8.11109 4.12509 266.889
152.7 76.0994 8.05312 4.11072 266.947
152.8 76.1503 7.99534 4.09634 267.005
152.9 76.2011 7.93776 4.08195 267.062
153 76.252 7.88037 4.06755 267.12
153.1 76.3028 7.82318 4.05315 267.177
153.2 76.3537 7.76618 4.03874 267.234
153.3 76.4045 7.70939 4.02432 267.291
153.4 76.4554 7.65279 4.0099 267.347
153.5 76.5062 7.59638 3.99547 267.404
153.6 76.5571 7.54018 3.98103 267.46
153.7 76.6079 7.48417 3.96658 267.516
153.8 76.6588 7.42835 3.95213 267.572
153.9 76.7096 7.37274 3.93767 267.627
154 76.7605 7.31732 3.9232 267.683
154.1 76.8113 7.2621 3.90872 267.738
154.2 76.8622 7.20708 3.89424 267.793
154.3 76.913 7.15226 3.87975 267.848
154.4 76.9639 7.09764 3.86525 267.902
154.5 77.0148 7.04321 3.85075 267.957
154.6 77.0656 6.98898 3.83624 268.011
154.7 77.1165 6.93496 3.82172 268.065
154.8 77.1673 6.88113 3.80719 268.119
154.9 77.2182 6.8275 3.79266 268.173
155 77.2691 6.77407 3.77812 268.226
155.1 77.3199 6.72084 3.76357 268.279
155.2 77.3708 6.66781 3.74902 268.332
155.3 77.4217 6.61498 3.73446 268.385
155.4 77.4725 6.56235 3.7199 268.438
155.5 77.5234 6.50992 3.70532 268.49
155.6 77.5743 6.45769 3.69074 268.542
155.7 77.6251 6.40566 3.67616 268.594
155.8 77.676 6.35383 3.66156 268.646
155.9 77.7269 6.3022 3.64696 268.698
156 77.7777 6.25078 3.63236 268.749
156.1 77.8286 6.19955 3.61774 268.8
156.2 77.8795 6.14853 3.60312 268.851
156.3 77.9303 6.0977 3.5885 268.902
156.4 77.9812 6.04708 3.57386 268.953
156.5 78.0321 5.99666 3.55922 269.003
156.6 78.083 5.94645 3.54458 269.054
156.7 78.1338 5.89643 3.52993 269.104
156.8 78.1847 5.84662 3.51527 269.153
156.9 78.2356 5.79701 3.5006 269.203
157 78.2865 5.7476 3.48593 269.252
157.1 78.3373 5.6984 3.47125 269.302
157.2 78.3882 5.6494 3.45657 269.351
157.3 78.4391 5.6006 3.44188 269.399
157.4 78.49 5.552 3.42718 269.448
157.5 78.5408 5.50361 3.41248 269.496
157.6 78.5917 5.45542 3.39777 269.545
157.7 78.6426 5.40743 3.38305 269.593
157.8 78.6935 5.35965 3.36833 269.64
157.9 78.7444 5.31208 3.35361 269.688
158 78.7953 5.2647 3.33887 269.735
158.1 78.8461 5.21753 3.32413 269.782
158.2 78.897 5.17057 3.30939 269.829
158.3 78.9479 5.12381 3.29464 269.876
158.4 78.9988 5.07725 3.27988 269.923
158.5 79.0497 5.0309 3.26511 269.969
158.6 79.1006 4.98475 3.25035 270.015
158.7 79.1515 4.93881 3.23557 270.061
158.8 79.2023 4.89308 3.22079 270.107
158.9 79.2532 4.84755 3.206 270.152
159 79.3041 4.80222 3.19121 270.198
159.1 79.355 4.7571 3.17641 270.243
159.2 79.4059 4.71219 3.16161 270.288
159.3 79.4568 4.66748 3.1468 270.333
159.4 79.5077 4.62298 3.13198 270.377
159.5 79.5586 4.57868 3.11716 270.421
159.6 79.6095 4.53459 3.10234 270.465
159.7 79.6604 4.49071 3.0875 270.509
159.8 79.7113 4.44703 3.07267 270.553
159.9 79.7621 4.40356 3.05782 270.596
160 79.813 4.3603 3.04297 270.64
160.1 79.8639 4.31725 3.02812 270.683
160.2 79.9148 4.2744 3.01326 270.726
160.3 79.9657 4.23176 2.99839 270.768
160.4 80.0166 4.18932 2.98352 270.811
160.5 80.0675 4.14709 2.96865 270.853
160.6 80.1184 4.10508 2.95377 270.895
160.7 80.1693 4.06326 2.93888 270.937
160.8 80.2202 4.02166 2.92399 270.978
160.9 80.2711 3.98027 2.90909 271.02
161 80.322 3.93908 2.89419 271.061
161.1 80.3729 3.8981 2.87928 271.102
161.2 80.4238 3.85733 2.86437 271.143
161.3 80.4747 3.81677 2.84945 271.183
161.4 80.5256 3.77641 2.83453 271.224
161.5 80.5765 3.73627 2.8196 271.264
161.6 80.6274 3.69633 2.80467 271.304
161.7 80.6783 3.6566 2.78973 271.343
161.8 80.7293 3.61709 2.77478 271.383
161.9 80.7802 3.57778 2.75984 271.422
162 80.8311 3.53868 2.74488 271.461
162.1 80.882 3.49979 2.72993 271.5
162.2 80.9329 3.46111 2.71496 271.539
162.3 80.9838 3.42264 2.69999 271.577
162.4 81.0347 3.38438 2.68502 271.616
162.5 81.0856 3.34632 2.67005 271.654
162.6 81.1365 3.30848 2.65506 271.692
162.7 81.1874 3.27085 2.64008 271.729
162.8 81.2383 3.23343 2.62508 271.767
162.9 81.2892 3.19622 2.61009 271.804
163 81.3402 3.15922 2.59509 271.841
163.1 81.3911 3.12243 2.58008 271.878
163.2 81.442 3.08586 2.56507 271.914
163.3 81.4929 3.04949 2.55006 271.951
163.4 81.5438 3.01333 2.53504 271.987
163.5 81.5947 2.97739 2.52001 272.023
163.6 81.6456 2.94165 2.50499 272.058
163.7 81.6966 2.90613 2.48995 272.094
163.8 81.7475 2.87082 2.47491 272.129
163.9 81.7984 2.83572 2.45987 272.164
164 81.8493 2.80083 2.44483 272.199
164.1 81.9002 2.76615 2.42978 272.234
164.2 81.9511 2.73169 2.41472 272.268
164.3 82.0021 2.69744 2.39966 272.303
164.4 82.053 2.66339 2.3846 272.337
164.5 82.1039 2.62957 2.36953 272.37
164.6 82.1548 2.59595 2.35446 272.404
164.7 82.2057 2.56254 2.33938 272.437
164.8 82.2566 2.52935 2.3243 272.471
164.9 82.3076 2.49637 2.30922 272.504
165 82.3585 2.46361 2.29413 272.536
165.1 82.4094 2.43105 2.27904 272.569
165.2 82.4603 2.39871 2.26394 272.601
165.3 82.5113 2.36658 2.24884 272.633
165.4 82.5622 2.33467 2.23374 272.665
165.5 82.6131 2.30297 2.21863 272.697
165.6 82.664 2.27148 2.20352 272.729
165.7 82.7149 2.2402 2.1884 272.76
165.8 82.7659 2.20914 2.17328 272.791
165.9 82.8168 2.17829 2.15815 272.822
166 82.8677 2.14766 2.14303 272.852
166.1 82.9186 2.11724 2.12789 272.883
166.2 82.9696 2.08703 2.11276 272.913
166.3 83.0205 2.05704 2.09762 272.943
166.4 83.0714 2.02726 2.08248 272.973
166.5 83.1224 1.99769 2.06733 273.002
166.6 83.1733 1.96834 2.05218 273.032
166.7 83.2242 1.9392 2.03702 273.061
166.8 83.2751 1.91028 2.02187 273.09
166.9 83.3261 1.88157 2.00671 273.118
167 83.377 1.85308 1.99154 273.147
167.1 83.4279 1.8248 1.97637 273.175
167.2 83.4789 1.79673 1.9612 273.203
167.3 83.5298 1.76888 1.94602 273.231
167.4 83.5807 1.74125 1.93085 273.259
167.5 83.6316 1.71383 1.91566 273.286
167.6 83.6826 1.68662 1.90048 273.313
167.7 83.7335 1.65963 1.88529 273.34
167.8 83.7844 1.63286 1.8701 273.367
167.9 83.8354 1.6063 1.8549 273.394
168 83.8863 1.57996 1.8397 273.42
168.1 83.9372 1.55383 1.8245 273.446
168.2 83.9882 1.52792 1.80929 273.472
168.3 84.0391 1.50222 1.79408 273.498
168.4 84.09 1.47674 1.77887 273.523
168.5 84.141 1.45147 1.76366 273.549
168.6 84.1919 1.42642 1.74844 273.574
168.7 84.2428 1.40159 1.73322 273.598
168.8 84.2938 1.37697 1.71799 273.623
168.9 84.3447 1.35256 1.70277 273.647
169 84.3957 1.32838 1.68754 273.672
169.1 84.4466 1.30441 1.6723 273.696
169.2 84.4975 1.28065 1.65707 273.719
169.3 84.5485 1.25712 1.64183 273.743
169.4 84.5994 1.2338 1.62658 273.766
169.5 84.6503 1.21069 1.61134 273.789
169.6 84.7013 1.1878 1.59609 273.812
169.7 84.7522 1.16513 1.58084 273.835
169.8 84.8032 1.14268 1.56559 273.857
169.9 84.8541 1.12044 1.55033 273.88
170 84.905 1.09842 1.53507 273.902
170.1 84.956 1.07662 1.51981 273.923
170.2 85.0069 1.05503 1.50455 273.945
170.3 85.0579 1.03366 1.48928 273.966
170.4 85.1088 1.0125 1.47401 273.987
170.5 85.1597 0.991569 1.45874 274.008
170.6 85.2107 0.97085 1.44346 274.029
170.7 85.2616 0.950349 1.42818 274.05
170.8 85.3126 0.930065 1.4129 274.07
170.9 85.3635 0.909998 1.39762 274.09
171 85.4144 0.890149 1.38234 274.11
171.1 85.4654 0.870517 1.36705 274.129
171.2 85.5163 0.851103 1.35176 274.149
171.3 85.5673 0.831907 1.33647 274.168
171.4 85.6182 0.812928 1.32117 274.187
171.5 85.6692 0.794167 1.30588 274.206
171.6 85.7201 0.775624 1.29058 274.224
171.7 85.7711 0.757299 1.27528 274.243
171.8 85.822 0.739192 1.25997 274.261
171.9 85.8729 0.721302 1.24467 274.279
172 85.9239 0.703631 1.22936 274.296
172.1 85.9748 0.686178 1.21405 274.314
172.2 86.0258 0.668943 1.19874 274.331
172.3 86.0767 0.651926 1.18342 274.348
172.4 86.1277 0.635128 1.1681 274.365
172.5 86.1786 0.618548 1.15279 274.381
172.6 86.2296 0.602186 1.13746 274.398
172.7 86.2805 0.586042 1.12214 274.414
172.8 86.3315 0.570117 1.10682 274.43
172.9 86.3824 0.554411 1.09149 274.446
173 86.4333 0.538923 1.07616 274.461
173.1 86.4843 0.523654 1.06083 274.476
173.2 86.5352 0.508603 1.0455 274.491
173.3 86.5862 0.493771 1.03017 274.506
173.4 86.6371 0.479158 1.01483 274.521
173.5 86.6881 0.464763 0.999491 274.535
173.6 86.739 0.450588 0.984152 274.549
173.7 86.79 0.436631 0.96881 274.563
173.8 86.8409 0.422893 0.953468 274.577
173.9 86.8919 0.409374 0.938123 274.591
174 86.9428 0.396074 0.922777 274.604
174.1 86.9938 0.382993 0.907429 274.617
174.2 87.0447 0.370131 0.892079 274.63
174.3 87.0957 0.357489 0.876728 274.643
174.4 87.1466 0.345065 0.861375 274.655
174.5 87.1976 0.332861 0.846021 274.667
174.6 87.2485 0.320876 0.830665 274.679
174.7 87.2995 0.30911 0.815308 274.691
174.8 87.3504 0.297563 0.79995 274.702
174.9 87.4014 0.286236 0.78459 274.714
175 87.4523 0.275128 0.769229 274.725
175.1 87.5033 0.26424 0.753866 274.736
175.2 87.5542 0.253571 0.738502 274.746
175.3 87.6052 0.243121 0.723136 274.757
175.4 87.6561 0.232891 0.70777 274.767
175.5 87.7071 0.222881 0.692402 274.777
175.6 87.758 0.21309 0.677033 274.787
175.7 87.809 0.203518 0.661663 274.796
175.8 87.8599 0.194167 0.646291 274.806
175.9 87.9109 0.185035 0.630919 274.815
176 87.9618 0.176122 0.615545 274.824
176.1 88.0128 0.16743 0.60017 274.833
176.2 88.0638 0.158957 0.584795 274.841
176.3 88.1147 0.150704 0.569418 274.849
176.4 88.1657 0.14267 0.55404 274.857
176.5 88.2166 0.134856 0.538661 274.865
176.6 88.2676 0.127263 0.523281 274.873
176.7 88.3185 0.119889 0.507901 274.88
176.8 88.3695 0.112735 0.492519 274.887
176.9 88.4204 0.105801 0.477137 274.894
177 88.4714 0.0990864 0.461754 274.901
177.1 88.5223 0.0925921 0.446369 274.907
177.2 88.5733 0.0863178 0.430985 274.914
177.3 88.6242 0.0802635 0.415599 274.92
177.4 88.6752 0.0744291 0.400213 274.926
177.5 88.7261 0.0688148 0.384826 274.931
177.6 88.7771 0.0634205 0.369438 274.937
177.7 88.8281 0.0582463 0.35405 274.942
177.8 88.879 0.0532921 0.338661 274.947
177.9 88.93 0.048558 0.323271 274.951
178 88.9809 0.044044 0.307881 274.956
178.1 89.0319 0.0397501 0.29249 274.96
178.2 89.0828 0.0356763 0.277099 274.964
178.3 89.1338 0.0318227 0.261707 274.968
178.4 89.1847 0.0281892 0.246315 274.972
178.5 89.2357 0.0247758 0.230922 274.975
178.6 89.2866 0.0215827 0.215529 274.978
178.7 89.3376 0.0186097 0.200136 274.981
178.8 89.3885 0.0158569 0.184742 274.984
178.9 89.4395 0.0133243 0.169348 274.987
179 89.4905 0.0110118 0.153954 274.989
179.1 89.5414 0.00891963 0.138559 274.991
179.2 89.5924 0.00704764 0.123164 274.993
179.3 89.6433 0.00539587 0.107769 274.995
179.4 89.6943 0.00396433 0.0923741 274.996
179.5 89.7452 0.00275301 0.0769786 274.997
179.6 89.7962 0.00176193 0.0615831 274.998
179.7 89.8471 0.000991088 0.0461874 274.999
179.8 89.8981 0.000440484 0.0307916 275
179.9 89.949 0.000110121 0.0153958 275
180 0.611006 0 1.08028e-15 275
