#theta_cm, theta3_lab, Ek3_lab, theta4_lab, Ek4_lab
0 0 67.7 0 0
0.1 0.0499244 67.6999 89.9499 5.15565e-05
0.2 0.0998489 67.6998 89.8998 0.000206226
0.3 0.149773 67.6995 89.8498 0.000464007
0.4 0.199698 67.6992 89.7997 0.000824901
0.5 0.249622 67.6987 89.7496 0.0012889
0.6 0.299547 67.6981 89.6995 0.00185602
0.7 0.349471 67.6975 89.6495 0.00252624
0.8 0.399396 67.6967 89.5994 0.00329956
0.9 0.44932 67.6958 89.5493 0.00417599
1 0.499244 67.6948 89.4992 0.00515552
1.1 0.549169 67.6938 89.4492 0.00623814
1.2 0.599093 67.6926 89.3991 0.00742386
1.3 0.649018 67.6913 89.349 0.00871267
1.4 0.698942 67.6899 89.2989 0.0101046
1.5 0.748867 67.6884 89.2489 0.0115995
1.6 0.798791 67.6868 89.1988 0.0131976
1.7 0.848716 67.6851 89.1487 0.0148987
1.8 0.89864 67.6833 89.0986 0.0167029
1.9 0.948565 67.6814 89.0486 0.0186102
2 0.998489 67.6794 88.9985 0.0206205
2.1 1.04841 67.6773 88.9484 0.0227339
2.2 1.09834 67.675 88.8983 0.0249503
2.3 1.14826 67.6727 88.8483 0.0272697
2.4 1.19819 67.6703 88.7982 0.0296922
2.5 1.24811 67.6678 88.7481 0.0322177
2.6 1.29804 67.6652 88.698 0.0348462
2.7 1.34796 67.6624 88.648 0.0375777
2.8 1.39789 67.6596 88.5979 0.0404123
2.9 1.44781 67.6567 88.5478 0.0433498
3 1.49773 67.6536 88.4977 0.0463902
3.1 1.54766 67.6505 88.4477 0.0495337
3.2 1.59758 67.6472 88.3976 0.0527801
3.3 1.64751 67.6439 88.3475 0.0561295
3.4 1.69743 67.6404 88.2974 0.0595818
3.5 1.74736 67.6369 88.2474 0.0631371
3.6 1.79728 67.6332 88.1973 0.0667952
3.7 1.84721 67.6294 88.1472 0.0705563
3.8 1.89713 67.6256 88.0971 0.0744203
3.9 1.94706 67.6216 88.0471 0.0783872
4 1.99698 67.6175 87.997 0.0824569
4.1 2.0469 67.6134 87.9469 0.0866295
4.2 2.09683 67.6091 87.8968 0.0909049
4.3 2.14675 67.6047 87.8467 0.0952832
4.4 2.19668 67.6002 87.7967 0.0997643
4.5 2.2466 67.5957 87.7466 0.104348
4.6 2.29653 67.591 87.6965 0.109035
4.7 2.34645 67.5862 87.6464 0.113824
4.8 2.39638 67.5813 87.5964 0.118717
4.9 2.4463 67.5763 87.5463 0.123712
5 2.49623 67.5712 87.4962 0.128809
5.1 2.54615 67.566 87.4461 0.13401
5.2 2.59608 67.5607 87.3961 0.139313
5.3 2.646 67.5553 87.346 0.144719
5.4 2.69593 67.5498 87.2959 0.150227
5.5 2.74585 67.5442 87.2458 0.155839
5.6 2.79578 67.5384 87.1958 0.161553
5.7 2.8457 67.5326 87.1457 0.167369
5.8 2.89563 67.5267 87.0956 0.173288
5.9 2.94555 67.5207 87.0455 0.17931
6 2.99547 67.5146 86.9955 0.185434
6.1 3.0454 67.5083 86.9454 0.191661
6.2 3.09532 67.502 86.8953 0.19799
6.3 3.14525 67.4956 86.8452 0.204422
6.4 3.19517 67.489 86.7952 0.210956
6.5 3.2451 67.4824 86.7451 0.217593
6.6 3.29502 67.4757 86.695 0.224332
6.7 3.34495 67.4688 86.6449 0.231174
6.8 3.39487 67.4619 86.5949 0.238118
6.9 3.4448 67.4548 86.5448 0.245164
7 3.49472 67.4477 86.4947 0.252313
7.1 3.54465 67.4404 86.4446 0.259564
7.2 3.59457 67.4331 86.3946 0.266917
7.3 3.6445 67.4256 86.3445 0.274373
7.4 3.69442 67.4181 86.2944 0.281931
7.5 3.74435 67.4104 86.2443 0.289591
7.6 3.79427 67.4026 86.1943 0.297354
7.7 3.8442 67.3948 86.1442 0.305219
7.8 3.89412 67.3868 86.0941 0.313186
7.9 3.94405 67.3787 86.044 0.321255
8 3.99398 67.3706 85.994 0.329426
8.1 4.0439 67.3623 85.9439 0.337699
8.2 4.09383 67.3539 85.8938 0.346075
8.3 4.14375 67.3454 85.8437 0.354552
8.4 4.19368 67.3369 85.7937 0.363132
8.5 4.2436 67.3282 85.7436 0.371813
8.6 4.29353 67.3194 85.6935 0.380597
8.7 4.34345 67.3105 85.6434 0.389482
8.8 4.39338 67.3015 85.5934 0.398469
8.9 4.4433 67.2924 85.5433 0.407559
9 4.49323 67.2833 85.4932 0.41675
9.1 4.54315 67.274 85.4431 0.426043
9.2 4.59308 67.2646 85.3931 0.435437
9.3 4.643 67.2551 85.343 0.444934
9.4 4.69293 67.2455 85.2929 0.454532
9.5 4.74285 67.2358 85.2428 0.464232
9.6 4.79278 67.226 85.1928 0.474034
9.7 4.84271 67.2161 85.1427 0.483938
9.8 4.89263 67.2061 85.0926 0.493943
9.9 4.94256 67.196 85.0425 0.504049
10 4.99248 67.1857 84.9925 0.514258
10.1 5.04241 67.1754 84.9424 0.524567
10.2 5.09233 67.165 84.8923 0.534979
10.3 5.14226 67.1545 84.8422 0.545491
10.4 5.19219 67.1439 84.7922 0.556106
10.5 5.24211 67.1332 84.7421 0.566821
10.6 5.29204 67.1224 84.692 0.577638
10.7 5.34196 67.1114 84.642 0.588557
10.8 5.39189 67.1004 84.5919 0.599577
10.9 5.44181 67.0893 84.5418 0.610698
11 5.49174 67.0781 84.4917 0.62192
11.1 5.54167 67.0668 84.4417 0.633243
11.2 5.59159 67.0553 84.3916 0.644668
11.3 5.64152 67.0438 84.3415 0.656194
11.4 5.69144 67.0322 84.2914 0.667821
11.5 5.74137 67.0205 84.2414 0.679549
11.6 5.7913 67.0086 84.1913 0.691378
11.7 5.84122 66.9967 84.1412 0.703308
11.8 5.89115 66.9847 84.0911 0.715339
11.9 5.94107 66.9725 84.0411 0.727471
12 5.991 66.9603 83.991 0.739704
12.1 6.04093 66.948 83.9409 0.752037
12.2 6.09085 66.9355 83.8908 0.764472
12.3 6.14078 66.923 83.8408 0.777007
12.4 6.1907 66.9104 83.7907 0.789643
12.5 6.24063 66.8976 83.7406 0.80238
12.6 6.29056 66.8848 83.6905 0.815218
12.7 6.34048 66.8718 83.6405 0.828156
12.8 6.39041 66.8588 83.5904 0.841194
12.9 6.44034 66.8457 83.5403 0.854334
13 6.49026 66.8324 83.4902 0.867573
13.1 6.54019 66.8191 83.4402 0.880914
13.2 6.59011 66.8056 83.3901 0.894354
13.3 6.64004 66.7921 83.34 0.907895
13.4 6.68997 66.7785 83.29 0.921537
13.5 6.73989 66.7647 83.2399 0.935278
13.6 6.78982 66.7509 83.1898 0.94912
13.7 6.83975 66.7369 83.1397 0.963062
13.8 6.88967 66.7229 83.0897 0.977105
13.9 6.9396 66.7088 83.0396 0.991247
14 6.98953 66.6945 82.9895 1.00549
14.1 7.03945 66.6802 82.9394 1.01983
14.2 7.08938 66.6657 82.8894 1.03427
14.3 7.13931 66.6512 82.8393 1.04882
14.4 7.18923 66.6365 82.7892 1.06346
14.5 7.23916 66.6218 82.7391 1.0782
14.6 7.28909 66.607 82.6891 1.09304
14.7 7.33901 66.592 82.639 1.10799
14.8 7.38894 66.577 82.5889 1.12303
14.9 7.43887 66.5618 82.5389 1.13817
15 7.4888 66.5466 82.4888 1.15341
15.1 7.53872 66.5312 82.4387 1.16875
15.2 7.58865 66.5158 82.3886 1.18419
15.3 7.63858 66.5003 82.3386 1.19973
15.4 7.6885 66.4846 82.2885 1.21537
15.5 7.73843 66.4689 82.2384 1.23111
15.6 7.78836 66.4531 82.1883 1.24695
15.7 7.83829 66.4371 82.1383 1.26288
15.8 7.88821 66.4211 82.0882 1.27892
15.9 7.93814 66.4049 82.0381 1.29506
16 7.98807 66.3887 81.988 1.31129
16.1 8.03799 66.3724 81.938 1.32763
16.2 8.08792 66.3559 81.8879 1.34406
16.3 8.13785 66.3394 81.8378 1.36059
16.4 8.18778 66.3228 81.7878 1.37722
16.5 8.2377 66.306 81.7377 1.39395
16.6 8.28763 66.2892 81.6876 1.41078
16.7 8.33756 66.2723 81.6375 1.42771
16.8 8.38749 66.2553 81.5875 1.44474
16.9 8.43741 66.2381 81.5374 1.46186
17 8.48734 66.2209 81.4873 1.47908
17.1 8.53727 66.2036 81.4373 1.49641
17.2 8.5872 66.1862 81.3872 1.51383
17.3 8.63713 66.1687 81.3371 1.53135
17.4 8.68705 66.151 81.287 1.54896
17.5 8.73698 66.1333 81.237 1.56668
17.6 8.78691 66.1155 81.1869 1.5845
17.7 8.83684 66.0976 81.1368 1.60241
17.8 8.88677 66.0796 81.0867 1.62042
17.9 8.93669 66.0615 81.0367 1.63853
18 8.98662 66.0433 80.9866 1.65674
18.1 9.03655 66.025 80.9365 1.67504
18.2 9.08648 66.0066 80.8865 1.69345
18.3 9.13641 65.9881 80.8364 1.71195
18.4 9.18633 65.9695 80.7863 1.73055
18.5 9.23626 65.9508 80.7362 1.74924
18.6 9.28619 65.932 80.6862 1.76804
18.7 9.33612 65.9131 80.6361 1.78693
18.8 9.38605 65.8941 80.586 1.80592
18.9 9.43598 65.875 80.536 1.82501
19 9.48591 65.8558 80.4859 1.8442
19.1 9.53583 65.8365 80.4358 1.86348
19.2 9.58576 65.8171 80.3857 1.88286
19.3 9.63569 65.7977 80.3357 1.90234
19.4 9.68562 65.7781 80.2856 1.92191
19.5 9.73555 65.7584 80.2355 1.94159
19.6 9.78548 65.7386 80.1855 1.96136
19.7 9.83541 65.7188 80.1354 1.98122
19.8 9.88534 65.6988 80.0853 2.00119
19.9 9.93526 65.6788 80.0352 2.02125
20 9.98519 65.6586 79.9852 2.0414
20.1 10.0351 65.6383 79.9351 2.06166
20.2 10.0851 65.618 79.885 2.08201
20.3 10.135 65.5975 79.835 2.10246
20.4 10.1849 65.577 79.7849 2.123
20.5 10.2348 65.5564 79.7348 2.14365
20.6 10.2848 65.5356 79.6847 2.16438
20.7 10.3347 65.5148 79.6347 2.18522
20.8 10.3846 65.4938 79.5846 2.20615
20.9 10.4346 65.4728 79.5345 2.22718
21 10.4845 65.4517 79.4845 2.2483
21.1 10.5344 65.4305 79.4344 2.26952
21.2 10.5843 65.4092 79.3843 2.29084
21.3 10.6343 65.3877 79.3343 2.31225
21.4 10.6842 65.3662 79.2842 2.33376
21.5 10.7341 65.3446 79.2341 2.35537
21.6 10.7841 65.3229 79.184 2.37707
21.7 10.834 65.3011 79.134 2.39886
21.8 10.8839 65.2792 79.0839 2.42075
21.9 10.9339 65.2573 79.0338 2.44274
22 10.9838 65.2352 78.9838 2.46483
22.1 11.0337 65.213 78.9337 2.48701
22.2 11.0836 65.1907 78.8836 2.50928
22.3 11.1336 65.1683 78.8335 2.53165
22.4 11.1835 65.1459 78.7835 2.55412
22.5 11.2334 65.1233 78.7334 2.57668
22.6 11.2834 65.1007 78.6833 2.59933
22.7 11.3333 65.0779 78.6333 2.62209
22.8 11.3832 65.0551 78.5832 2.64493
22.9 11.4332 65.0321 78.5331 2.66787
23 11.4831 65.0091 78.4831 2.69091
23.1 11.533 64.986 78.433 2.71404
23.2 11.5829 64.9627 78.3829 2.73727
23.3 11.6329 64.9394 78.3329 2.76059
23.4 11.6828 64.916 78.2828 2.78401
23.5 11.7327 64.8925 78.2327 2.80752
23.6 11.7827 64.8689 78.1826 2.83112
23.7 11.8326 64.8452 78.1326 2.85482
23.8 11.8825 64.8214 78.0825 2.87862
23.9 11.9325 64.7975 78.0324 2.9025
24 11.9824 64.7735 77.9824 2.92649
24.1 12.0323 64.7494 77.9323 2.95056
24.2 12.0823 64.7253 77.8822 2.97473
24.3 12.1322 64.701 77.8322 2.999
24.4 12.1821 64.6766 77.7821 3.02336
24.5 12.232 64.6522 77.732 3.04781
24.6 12.282 64.6276 77.682 3.07236
24.7 12.3319 64.603 77.6319 3.097
24.8 12.3818 64.5783 77.5818 3.12173
24.9 12.4318 64.5534 77.5317 3.14656
25 12.4817 64.5285 77.4817 3.17148
25.1 12.5316 64.5035 77.4316 3.1965
25.2 12.5816 64.4784 77.3815 3.2216
25.3 12.6315 64.4532 77.3315 3.24681
25.4 12.6814 64.4279 77.2814 3.2721
25.5 12.7314 64.4025 77.2313 3.29749
25.6 12.7813 64.377 77.1813 3.32297
25.7 12.8312 64.3515 77.1312 3.34854
25.8 12.8812 64.3258 77.0811 3.37421
25.9 12.9311 64.3 77.0311 3.39997
26 12.981 64.2742 76.981 3.42582
26.1 13.031 64.2482 76.9309 3.45177
26.2 13.0809 64.2222 76.8809 3.4778
26.3 13.1308 64.1961 76.8308 3.50393
26.4 13.1807 64.1698 76.7807 3.53016
26.5 13.2307 64.1435 76.7307 3.55647
26.6 13.2806 64.1171 76.6806 3.58288
26.7 13.3305 64.0906 76.6305 3.60938
26.8 13.3805 64.064 76.5805 3.63597
26.9 13.4304 64.0373 76.5304 3.66265
27 13.4803 64.0106 76.4803 3.68943
27.1 13.5303 63.9837 76.4303 3.7163
27.2 13.5802 63.9567 76.3802 3.74326
27.3 13.6301 63.9297 76.3301 3.77031
27.4 13.6801 63.9026 76.28 3.79745
27.5 13.73 63.8753 76.23 3.82468
27.6 13.7799 63.848 76.1799 3.85201
27.7 13.8299 63.8206 76.1298 3.87943
27.8 13.8798 63.7931 76.0798 3.90693
27.9 13.9297 63.7655 76.0297 3.93453
28 13.9797 63.7378 75.9796 3.96222
28.1 14.0296 63.71 75.9296 3.99001
28.2 14.0795 63.6821 75.8795 4.01788
28.3 14.1295 63.6542 75.8294 4.04584
28.4 14.1794 63.6261 75.7794 4.0739
28.5 14.2293 63.598 75.7293 4.10204
28.6 14.2793 63.5697 75.6792 4.13028
28.7 14.3292 63.5414 75.6292 4.1586
28.8 14.3791 63.513 75.5791 4.18702
28.9 14.4291 63.4845 75.529 4.21553
29 14.479 63.4559 75.479 4.24412
29.1 14.5289 63.4272 75.4289 4.27281
29.2 14.5789 63.3984 75.3789 4.30159
29.3 14.6288 63.3695 75.3288 4.33046
29.4 14.6787 63.3406 75.2787 4.35941
29.5 14.7287 63.3115 75.2287 4.38846
29.6 14.7786 63.2824 75.1786 4.4176
29.7 14.8285 63.2532 75.1285 4.44682
29.8 14.8785 63.2239 75.0785 4.47614
29.9 14.9284 63.1945 75.0284 4.50555
30 14.9784 63.165 74.9783 4.53504
30.1 15.0283 63.1354 74.9283 4.56462
30.2 15.0782 63.1057 74.8782 4.5943
30.3 15.1282 63.0759 74.8281 4.62406
30.4 15.1781 63.0461 74.7781 4.65391
30.5 15.228 63.0161 74.728 4.68385
30.6 15.278 62.9861 74.6779 4.71388
30.7 15.3279 62.956 74.6279 4.744
30.8 15.3778 62.9258 74.5778 4.77421
30.9 15.4278 62.8955 74.5277 4.8045
31 15.4777 62.8651 74.4777 4.83489
31.1 15.5276 62.8346 74.4276 4.86536
31.2 15.5776 62.8041 74.3775 4.89592
31.3 15.6275 62.7734 74.3275 4.92657
31.4 15.6774 62.7427 74.2774 4.95731
31.5 15.7274 62.7119 74.2273 4.98813
31.6 15.7773 62.681 74.1773 5.01904
31.7 15.8272 62.65 74.1272 5.05004
31.8 15.8772 62.6189 74.0772 5.08113
31.9 15.9271 62.5877 74.0271 5.11231
32 15.9771 62.5564 73.977 5.14357
32.1 16.027 62.5251 73.927 5.17492
32.2 16.0769 62.4936 73.8769 5.20636
32.3 16.1269 62.4621 73.8268 5.23789
32.4 16.1768 62.4305 73.7768 5.2695
32.5 16.2267 62.3988 73.7267 5.3012
32.6 16.2767 62.367 73.6766 5.33299
32.7 16.3266 62.3351 73.6266 5.36486
32.8 16.3765 62.3032 73.5765 5.39682
32.9 16.4265 62.2711 73.5265 5.42887
33 16.4764 62.239 73.4764 5.461
33.1 16.5264 62.2068 73.4263 5.49322
33.2 16.5763 62.1745 73.3763 5.52553
33.3 16.6262 62.1421 73.3262 5.55792
33.4 16.6762 62.1096 73.2761 5.5904
33.5 16.7261 62.077 73.2261 5.62296
33.6 16.776 62.0444 73.176 5.65562
33.7 16.826 62.0116 73.1259 5.68835
33.8 16.8759 61.9788 73.0759 5.72118
33.9 16.9259 61.9459 73.0258 5.75408
34 16.9758 61.9129 72.9758 5.78708
34.1 17.0257 61.8798 72.9257 5.82016
34.2 17.0757 61.8467 72.8756 5.85332
34.3 17.1256 61.8134 72.8256 5.88657
34.4 17.1755 61.7801 72.7755 5.91991
34.5 17.2255 61.7467 72.7254 5.95333
34.6 17.2754 61.7132 72.6754 5.98683
34.7 17.3254 61.6796 72.6253 6.02042
34.8 17.3753 61.6459 72.5753 6.0541
34.9 17.4252 61.6121 72.5252 6.08786
35 17.4752 61.5783 72.4751 6.1217
35.1 17.5251 61.5444 72.4251 6.15563
35.2 17.575 61.5104 72.375 6.18965
35.3 17.625 61.4763 72.3249 6.22374
35.4 17.6749 61.4421 72.2749 6.25792
35.5 17.7249 61.4078 72.2248 6.29219
35.6 17.7748 61.3735 72.1748 6.32654
35.7 17.8247 61.339 72.1247 6.36097
35.8 17.8747 61.3045 72.0746 6.39549
35.9 17.9246 61.2699 72.0246 6.43009
36 17.9746 61.2352 71.9745 6.46477
36.1 18.0245 61.2005 71.9245 6.49954
36.2 18.0744 61.1656 71.8744 6.53439
36.3 18.1244 61.1307 71.8243 6.56933
36.4 18.1743 61.0957 71.7743 6.60434
36.5 18.2242 61.0606 71.7242 6.63945
36.6 18.2742 61.0254 71.6742 6.67463
36.7 18.3241 60.9901 71.6241 6.70989
36.8 18.3741 60.9548 71.574 6.74524
36.9 18.424 60.9193 71.524 6.78067
37 18.4739 60.8838 71.4739 6.81619
37.1 18.5239 60.8482 71.4239 6.85178
37.2 18.5738 60.8125 71.3738 6.88746
37.3 18.6238 60.7768 71.3237 6.92322
37.4 18.6737 60.7409 71.2737 6.95907
37.5 18.7236 60.705 71.2236 6.99499
37.6 18.7736 60.669 71.1736 7.031
37.7 18.8235 60.6329 71.1235 7.06708
37.8 18.8735 60.5967 71.0734 7.10325
37.9 18.9234 60.5605 71.0234 7.1395
38 18.9733 60.5242 70.9733 7.17584
38.1 19.0233 60.4878 70.9233 7.21225
38.2 19.0732 60.4513 70.8732 7.24874
38.3 19.1232 60.4147 70.8231 7.28532
38.4 19.1731 60.378 70.7731 7.32198
38.5 19.223 60.3413 70.723 7.35871
38.6 19.273 60.3045 70.673 7.39553
38.7 19.3229 60.2676 70.6229 7.43243
38.8 19.3729 60.2306 70.5728 7.46941
38.9 19.4228 60.1935 70.5228 7.50647
39 19.4728 60.1564 70.4727 7.54361
39.1 19.5227 60.1192 70.4227 7.58083
39.2 19.5726 60.0819 70.3726 7.61813
39.3 19.6226 60.0445 70.3225 7.65551
39.4 19.6725 60.007 70.2725 7.69297
39.5 19.7225 59.9695 70.2224 7.73051
39.6 19.7724 59.9319 70.1724 7.76813
39.7 19.8223 59.8942 70.1223 7.80583
39.8 19.8723 59.8564 70.0723 7.8436
39.9 19.9222 59.8185 70.0222 7.88146
40 19.9722 59.7806 69.9721 7.9194
40.1 20.0221 59.7426 69.9221 7.95741
40.2 20.0721 59.7045 69.872 7.9955
40.3 20.122 59.6663 69.822 8.03368
40.4 20.1719 59.6281 69.7719 8.07193
40.5 20.2219 59.5897 69.7218 8.11026
40.6 20.2718 59.5513 69.6718 8.14867
40.7 20.3218 59.5128 69.6217 8.18715
40.8 20.3717 59.4743 69.5717 8.22572
40.9 20.4217 59.4356 69.5216 8.26436
41 20.4716 59.3969 69.4716 8.30308
41.1 20.5215 59.3581 69.4215 8.34188
41.2 20.5715 59.3192 69.3714 8.38076
41.3 20.6214 59.2803 69.3214 8.41971
41.4 20.6714 59.2413 69.2713 8.45874
41.5 20.7213 59.2022 69.2213 8.49785
41.6 20.7713 59.163 69.1712 8.53703
41.7 20.8212 59.1237 69.1212 8.5763
41.8 20.8711 59.0844 69.0711 8.61564
41.9 20.9211 59.0449 69.0211 8.65505
42 20.971 59.0055 68.971 8.69455
42.1 21.021 58.9659 68.9209 8.73412
42.2 21.0709 58.9262 68.8709 8.77376
42.3 21.1209 58.8865 68.8208 8.81349
42.4 21.1708 58.8467 68.7708 8.85329
42.5 21.2207 58.8068 68.7207 8.89316
42.6 21.2707 58.7669 68.6707 8.93311
42.7 21.3206 58.7269 68.6206 8.97314
42.8 21.3706 58.6868 68.5705 9.01324
42.9 21.4205 58.6466 68.5205 9.05342
43 21.4705 58.6063 68.4704 9.09368
43.1 21.5204 58.566 68.4204 9.13401
43.2 21.5704 58.5256 68.3703 9.17441
43.3 21.6203 58.4851 68.3203 9.21489
43.4 21.6702 58.4446 68.2702 9.25545
43.5 21.7202 58.4039 68.2202 9.29608
43.6 21.7701 58.3632 68.1701 9.33678
43.7 21.8201 58.3224 68.1201 9.37756
43.8 21.87 58.2816 68.07 9.41842
43.9 21.92 58.2407 68.0199 9.45934
44 21.9699 58.1997 67.9699 9.50035
44.1 22.0199 58.1586 67.9198 9.54142
44.2 22.0698 58.1174 67.8698 9.58258
44.3 22.1198 58.0762 67.8197 9.6238
44.4 22.1697 58.0349 67.7697 9.6651
44.5 22.2197 57.9935 67.7196 9.70647
44.6 22.2696 57.9521 67.6696 9.74792
44.7 22.3195 57.9106 67.6195 9.78944
44.8 22.3695 57.869 67.5695 9.83103
44.9 22.4194 57.8273 67.5194 9.8727
45 22.4694 57.7856 67.4693 9.91444
45.1 22.5193 57.7438 67.4193 9.95625
45.2 22.5693 57.7019 67.3692 9.99813
45.3 22.6192 57.6599 67.3192 10.0401
45.4 22.6692 57.6179 67.2691 10.0821
45.5 22.7191 57.5758 67.2191 10.1242
45.6 22.7691 57.5336 67.169 10.1664
45.7 22.819 57.4914 67.119 10.2086
45.8 22.869 57.449 67.0689 10.251
45.9 22.9189 57.4066 67.0189 10.2934
46 22.9689 57.3642 66.9688 10.3358
46.1 23.0188 57.3217 66.9188 10.3783
46.2 23.0687 57.279 66.8687 10.421
46.3 23.1187 57.2364 66.8187 10.4636
46.4 23.1686 57.1936 66.7686 10.5064
46.5 23.2186 57.1508 66.7186 10.5492
46.6 23.2685 57.1079 66.6685 10.5921
46.7 23.3185 57.065 66.6185 10.635
46.8 23.3684 57.0219 66.5684 10.6781
46.9 23.4184 56.9788 66.5184 10.7212
47 23.4683 56.9356 66.4683 10.7644
47.1 23.5183 56.8924 66.4182 10.8076
47.2 23.5682 56.8491 66.3682 10.8509
47.3 23.6182 56.8057 66.3181 10.8943
47.4 23.6681 56.7623 66.2681 10.9377
47.5 23.7181 56.7187 66.218 10.9813
47.6 23.768 56.6751 66.168 11.0249
47.7 23.818 56.6315 66.1179 11.0685
47.8 23.8679 56.5877 66.0679 11.1123
47.9 23.9179 56.5439 66.0178 11.1561
48 23.9678 56.5001 65.9678 11.1999
48.1 24.0178 56.4561 65.9177 11.2439
48.2 24.0677 56.4121 65.8677 11.2879
48.3 24.1177 56.368 65.8176 11.332
48.4 24.1676 56.3239 65.7676 11.3761
48.5 24.2176 56.2797 65.7175 11.4203
48.6 24.2675 56.2354 65.6675 11.4646
48.7 24.3175 56.1911 65.6174 11.5089
48.8 24.3674 56.1466 65.5674 11.5534
48.9 24.4174 56.1022 65.5173 11.5978
49 24.4673 56.0576 65.4673 11.6424
49.1 24.5173 56.013 65.4172 11.687
49.2 24.5672 55.9683 65.3672 11.7317
49.3 24.6172 55.9235 65.3171 11.7765
49.4 24.6671 55.8787 65.2671 11.8213
49.5 24.7171 55.8338 65.217 11.8662
49.6 24.767 55.7889 65.167 11.9111
49.7 24.817 55.7438 65.1169 11.9562
49.8 24.8669 55.6987 65.0669 12.0013
49.9 24.9169 55.6536 65.0168 12.0464
50 24.9668 55.6084 64.9668 12.0916
50.1 25.0168 55.5631 64.9167 12.1369
50.2 25.0667 55.5177 64.8667 12.1823
50.3 25.1167 55.4723 64.8167 12.2277
50.4 25.1666 55.4268 64.7666 12.2732
50.5 25.2166 55.3812 64.7166 12.3188
50.6 25.2665 55.3356 64.6665 12.3644
50.7 25.3165 55.2899 64.6165 12.4101
50.8 25.3664 55.2442 64.5664 12.4558
50.9 25.4164 55.1984 64.5164 12.5016
51 25.4663 55.1525 64.4663 12.5475
51.1 25.5163 55.1065 64.4163 12.5935
51.2 25.5663 55.0605 64.3662 12.6395
51.3 25.6162 55.0145 64.3162 12.6855
51.4 25.6662 54.9683 64.2661 12.7317
51.5 25.7161 54.9221 64.2161 12.7779
51.6 25.7661 54.8759 64.166 12.8241
51.7 25.816 54.8295 64.116 12.8705
51.8 25.866 54.7831 64.0659 12.9169
51.9 25.9159 54.7367 64.0159 12.9633
52 25.9659 54.6901 63.9658 13.0099
52.1 26.0158 54.6436 63.9158 13.0564
52.2 26.0658 54.5969 63.8658 13.1031
52.3 26.1157 54.5502 63.8157 13.1498
52.4 26.1657 54.5034 63.7657 13.1966
52.5 26.2156 54.4566 63.7156 13.2434
52.6 26.2656 54.4097 63.6656 13.2903
52.7 26.3156 54.3627 63.6155 13.3373
52.8 26.3655 54.3157 63.5655 13.3843
52.9 26.4155 54.2686 63.5154 13.4314
53 26.4654 54.2214 63.4654 13.4786
53.1 26.5154 54.1742 63.4153 13.5258
53.2 26.5653 54.1269 63.3653 13.5731
53.3 26.6153 54.0796 63.3152 13.6204
53.4 26.6652 54.0322 63.2652 13.6678
53.5 26.7152 53.9848 63.2152 13.7152
53.6 26.7651 53.9372 63.1651 13.7628
53.7 26.8151 53.8896 63.1151 13.8104
53.8 26.8651 53.842 63.065 13.858
53.9 26.915 53.7943 63.015 13.9057
54 26.965 53.7465 62.9649 13.9535
54.1 27.0149 53.6987 62.9149 14.0013
54.2 27.0649 53.6508 62.8648 14.0492
54.3 27.1148 53.6029 62.8148 14.0971
54.4 27.1648 53.5549 62.7648 14.1451
54.5 27.2147 53.5068 62.7147 14.1932
54.6 27.2647 53.4587 62.6647 14.2413
54.7 27.3147 53.4105 62.6146 14.2895
54.8 27.3646 53.3622 62.5646 14.3378
54.9 27.4146 53.3139 62.5145 14.3861
55 27.4645 53.2656 62.4645 14.4344
55.1 27.5145 53.2171 62.4145 14.4829
55.2 27.5644 53.1687 62.3644 14.5313
55.3 27.6144 53.1201 62.3144 14.5799
55.4 27.6644 53.0715 62.2643 14.6285
55.5 27.7143 53.0229 62.2143 14.6771
55.6 27.7643 52.9741 62.1642 14.7259
55.7 27.8142 52.9254 62.1142 14.7746
55.8 27.8642 52.8765 62.0642 14.8235
55.9 27.9141 52.8276 62.0141 14.8724
56 27.9641 52.7787 61.9641 14.9213
56.1 28.0141 52.7297 61.914 14.9703
56.2 28.064 52.6806 61.864 15.0194
56.3 28.114 52.6315 61.8139 15.0685
56.4 28.1639 52.5823 61.7639 15.1177
56.5 28.2139 52.5331 61.7139 15.1669
56.6 28.2638 52.4838 61.6638 15.2162
56.7 28.3138 52.4344 61.6138 15.2656
56.8 28.3638 52.385 61.5637 15.315
56.9 28.4137 52.3356 61.5137 15.3644
57 28.4637 52.286 61.4637 15.414
57.1 28.5136 52.2365 61.4136 15.4635
57.2 28.5636 52.1868 61.3636 15.5132
57.3 28.6136 52.1371 61.3135 15.5629
57.4 28.6635 52.0874 61.2635 15.6126
57.5 28.7135 52.0376 61.2134 15.6624
57.6 28.7634 51.9877 61.1634 15.7123
57.7 28.8134 51.9378 61.1134 15.7622
57.8 28.8634 51.8879 61.0633 15.8121
57.9 28.9133 51.8378 61.0133 15.8622
58 28.9633 51.7878 60.9632 15.9122
58.1 29.0132 51.7376 60.9132 15.9624
58.2 29.0632 51.6875 60.8632 16.0125
58.3 29.1132 51.6372 60.8131 16.0628
58.4 29.1631 51.5869 60.7631 16.1131
58.5 29.2131 51.5366 60.713 16.1634
58.6 29.263 51.4862 60.663 16.2138
58.7 29.313 51.4357 60.613 16.2643
58.8 29.363 51.3852 60.5629 16.3148
58.9 29.4129 51.3347 60.5129 16.3653
59 29.4629 51.284 60.4629 16.416
59.1 29.5128 51.2334 60.4128 16.4666
59.2 29.5628 51.1827 60.3628 16.5173
59.3 29.6128 51.1319 60.3127 16.5681
59.4 29.6627 51.0811 60.2627 16.6189
59.5 29.7127 51.0302 60.2127 16.6698
59.6 29.7626 50.9792 60.1626 16.7208
59.7 29.8126 50.9283 60.1126 16.7717
59.8 29.8626 50.8772 60.0625 16.8228
59.9 29.9125 50.8261 60.0125 16.8739
60 29.9625 50.775 59.9625 16.925
60.1 30.0125 50.7238 59.9124 16.9762
60.2 30.0624 50.6726 59.8624 17.0274
60.3 30.1124 50.6213 59.8124 17.0787
60.4 30.1623 50.5699 59.7623 17.1301
60.5 30.2123 50.5185 59.7123 17.1815
60.6 30.2623 50.4671 59.6622 17.2329
60.7 30.3122 50.4156 59.6122 17.2844
60.8 30.3622 50.364 59.5622 17.336
60.9 30.4122 50.3125 59.5121 17.3875
61 30.4621 50.2608 59.4621 17.4392
61.1 30.5121 50.2091 59.4121 17.4909
61.2 30.562 50.1574 59.362 17.5426
61.3 30.612 50.1056 59.312 17.5944
61.4 30.662 50.0537 59.2619 17.6463
61.5 30.7119 50.0018 59.2119 17.6982
61.6 30.7619 49.9499 59.1619 17.7501
61.7 30.8119 49.8979 59.1118 17.8021
61.8 30.8618 49.8458 59.0618 17.8542
61.9 30.9118 49.7938 59.0118 17.9062
62 30.9618 49.7416 58.9617 17.9584
62.1 31.0117 49.6894 58.9117 18.0106
62.2 31.0617 49.6372 58.8617 18.0628
62.3 31.1117 49.5849 58.8116 18.1151
62.4 31.1616 49.5326 58.7616 18.1674
62.5 31.2116 49.4802 58.7116 18.2198
62.6 31.2616 49.4278 58.6615 18.2722
62.7 31.3115 49.3753 58.6115 18.3247
62.8 31.3615 49.3228 58.5615 18.3772
62.9 31.4114 49.2702 58.5114 18.4298
63 31.4614 49.2176 58.4614 18.4824
63.1 31.5114 49.1649 58.4114 18.5351
63.2 31.5613 49.1122 58.3613 18.5878
63.3 31.6113 49.0594 58.3113 18.6406
63.4 31.6613 49.0066 58.2612 18.6934
63.5 31.7112 48.9538 58.2112 18.7462
63.6 31.7612 48.9009 58.1612 18.7991
63.7 31.8112 48.848 58.1111 18.852
63.8 31.8611 48.795 58.0611 18.905
63.9 31.9111 48.7419 58.0111 18.9581
64 31.9611 48.6889 57.961 19.0111
64.1 32.011 48.6357 57.911 19.0643
64.2 32.061 48.5826 57.861 19.1174
64.3 32.111 48.5294 57.8109 19.1706
64.4 32.1609 48.4761 57.7609 19.2239
64.5 32.2109 48.4228 57.7109 19.2772
64.6 32.2609 48.3695 57.6609 19.3305
64.7 32.3108 48.3161 57.6108 19.3839
64.8 32.3608 48.2626 57.5608 19.4374
64.9 32.4108 48.2092 57.5108 19.4908
65 32.4607 48.1556 57.4607 19.5444
65.1 32.5107 48.1021 57.4107 19.5979
65.2 32.5607 48.0485 57.3607 19.6515
65.3 32.6107 47.9948 57.3106 19.7052
65.4 32.6606 47.9411 57.2606 19.7589
65.5 32.7106 47.8874 57.2106 19.8126
65.6 32.7606 47.8336 57.1605 19.8664
65.7 32.8105 47.7798 57.1105 19.9202
65.8 32.8605 47.7259 57.0605 19.9741
65.9 32.9105 47.672 57.0104 20.028
66 32.9604 47.618 56.9604 20.082
66.1 33.0104 47.564 56.9104 20.136
66.2 33.0604 47.51 56.8603 20.19
66.3 33.1103 47.4559 56.8103 20.2441
66.4 33.1603 47.4018 56.7603 20.2982
66.5 33.2103 47.3477 56.7103 20.3523
66.6 33.2603 47.2935 56.6602 20.4065
66.7 33.3102 47.2392 56.6102 20.4608
66.8 33.3602 47.1849 56.5602 20.5151
66.9 33.4102 47.1306 56.5101 20.5694
67 33.4601 47.0762 56.4601 20.6238
67.1 33.5101 47.0218 56.4101 20.6782
67.2 33.5601 46.9674 56.3601 20.7326
67.3 33.61 46.9129 56.31 20.7871
67.4 33.66 46.8584 56.26 20.8416
67.5 33.71 46.8038 56.21 20.8962
67.6 33.76 46.7492 56.1599 20.9508
67.7 33.8099 46.6946 56.1099 21.0054
67.8 33.8599 46.6399 56.0599 21.0601
67.9 33.9099 46.5852 56.0098 21.1148
68 33.9598 46.5304 55.9598 21.1696
68.1 34.0098 46.4756 55.9098 21.2244
68.2 34.0598 46.4208 55.8598 21.2792
68.3 34.1098 46.3659 55.8097 21.3341
68.4 34.1597 46.311 55.7597 21.389
68.5 34.2097 46.2561 55.7097 21.4439
68.6 34.2597 46.2011 55.6597 21.4989
68.7 34.3096 46.1461 55.6096 21.5539
68.8 34.3596 46.091 55.5596 21.609
68.9 34.4096 46.0359 55.5096 21.6641
69 34.4596 45.9808 55.4595 21.7192
69.1 34.5095 45.9256 55.4095 21.7744
69.2 34.5595 45.8704 55.3595 21.8296
69.3 34.6095 45.8151 55.3095 21.8849
69.4 34.6595 45.7598 55.2594 21.9402
69.5 34.7094 45.7045 55.2094 21.9955
69.6 34.7594 45.6492 55.1594 22.0508
69.7 34.8094 45.5938 55.1094 22.1062
69.8 34.8594 45.5383 55.0593 22.1617
69.9 34.9093 45.4829 55.0093 22.2171
70 34.9593 45.4274 54.9593 22.2726
70.1 35.0093 45.3718 54.9093 22.3282
70.2 35.0592 45.3163 54.8592 22.3837
70.3 35.1092 45.2607 54.8092 22.4393
70.4 35.1592 45.205 54.7592 22.495
70.5 35.2092 45.1494 54.7092 22.5506
70.6 35.2591 45.0937 54.6591 22.6063
70.7 35.3091 45.0379 54.6091 22.6621
70.8 35.3591 44.9821 54.5591 22.7179
70.9 35.4091 44.9263 54.5091 22.7737
71 35.459 44.8705 54.459 22.8295
71.1 35.509 44.8146 54.409 22.8854
71.2 35.559 44.7587 54.359 22.9413
71.3 35.609 44.7027 54.309 22.9973
71.4 35.6589 44.6468 54.2589 23.0532
71.5 35.7089 44.5908 54.2089 23.1092
71.6 35.7589 44.5347 54.1589 23.1653
71.7 35.8089 44.4786 54.1089 23.2214
71.8 35.8589 44.4225 54.0588 23.2775
71.9 35.9088 44.3664 54.0088 23.3336
72 35.9588 44.3102 53.9588 23.3898
72.1 36.0088 44.254 53.9088 23.446
72.2 36.0588 44.1978 53.8587 23.5022
72.3 36.1087 44.1415 53.8087 23.5585
72.4 36.1587 44.0852 53.7587 23.6148
72.5 36.2087 44.0289 53.7087 23.6711
72.6 36.2587 43.9725 53.6586 23.7275
72.7 36.3086 43.9161 53.6086 23.7839
72.8 36.3586 43.8597 53.5586 23.8403
72.9 36.4086 43.8033 53.5086 23.8967
73 36.4586 43.7468 53.4586 23.9532
73.1 36.5086 43.6903 53.4085 24.0097
73.2 36.5585 43.6337 53.3585 24.0663
73.3 36.6085 43.5772 53.3085 24.1228
73.4 36.6585 43.5206 53.2585 24.1794
73.5 36.7085 43.4639 53.2085 24.2361
73.6 36.7584 43.4073 53.1584 24.2927
73.7 36.8084 43.3506 53.1084 24.3494
73.8 36.8584 43.2938 53.0584 24.4062
73.9 36.9084 43.2371 53.0084 24.4629
74 36.9584 43.1803 52.9583 24.5197
74.1 37.0083 43.1235 52.9083 24.5765
74.2 37.0583 43.0667 52.8583 24.6333
74.3 37.1083 43.0098 52.8083 24.6902
74.4 37.1583 42.9529 52.7583 24.7471
74.5 37.2083 42.896 52.7082 24.804
74.6 37.2582 42.8391 52.6582 24.8609
74.7 37.3082 42.7821 52.6082 24.9179
74.8 37.3582 42.7251 52.5582 24.9749
74.9 37.4082 42.6681 52.5082 25.0319
75 37.4582 42.611 52.4581 25.089
75.1 37.5081 42.5539 52.4081 25.1461
75.2 37.5581 42.4968 52.3581 25.2032
75.3 37.6081 42.4397 52.3081 25.2603
75.4 37.6581 42.3825 52.2581 25.3175
75.5 37.7081 42.3254 52.208 25.3746
75.6 37.758 42.2682 52.158 25.4318
75.7 37.808 42.2109 52.108 25.4891
75.8 37.858 42.1537 52.058 25.5463
75.9 37.908 42.0964 52.008 25.6036
76 37.958 42.0391 51.958 25.6609
76.1 38.008 41.9817 51.9079 25.7183
76.2 38.0579 41.9244 51.8579 25.7756
76.3 38.1079 41.867 51.8079 25.833
76.4 38.1579 41.8096 51.7579 25.8904
76.5 38.2079 41.7521 51.7079 25.9479
76.6 38.2579 41.6947 51.6578 26.0053
76.7 38.3078 41.6372 51.6078 26.0628
76.8 38.3578 41.5797 51.5578 26.1203
76.9 38.4078 41.5221 51.5078 26.1779
77 38.4578 41.4646 51.4578 26.2354
77.1 38.5078 41.407 51.4078 26.293
77.2 38.5578 41.3494 51.3577 26.3506
77.3 38.6077 41.2918 51.3077 26.4082
77.4 38.6577 41.2341 51.2577 26.4659
77.5 38.7077 41.1765 51.2077 26.5235
77.6 38.7577 41.1188 51.1577 26.5812
77.7 38.8077 41.0611 51.1077 26.6389
77.8 38.8577 41.0033 51.0576 26.6967
77.9 38.9076 40.9456 51.0076 26.7544
78 38.9576 40.8878 50.9576 26.8122
78.1 39.0076 40.83 50.9076 26.87
78.2 39.0576 40.7722 50.8576 26.9278
78.3 39.1076 40.7143 50.8076 26.9857
78.4 39.1576 40.6565 50.7576 27.0435
78.5 39.2076 40.5986 50.7075 27.1014
78.6 39.2575 40.5407 50.6575 27.1593
78.7 39.3075 40.4828 50.6075 27.2172
78.8 39.3575 40.4248 50.5575 27.2752
78.9 39.4075 40.3669 50.5075 27.3331
79 39.4575 40.3089 50.4575 27.3911
79.1 39.5075 40.2509 50.4075 27.4491
79.2 39.5575 40.1929 50.3574 27.5071
79.3 39.6074 40.1348 50.3074 27.5652
79.4 39.6574 40.0768 50.2574 27.6232
79.5 39.7074 40.0187 50.2074 27.6813
79.6 39.7574 39.9606 50.1574 27.7394
79.7 39.8074 39.9025 50.1074 27.7975
79.8 39.8574 39.8443 50.0574 27.8557
79.9 39.9074 39.7862 50.0073 27.9138
80 39.9573 39.728 49.9573 27.972
80.1 40.0073 39.6698 49.9073 28.0302
80.2 40.0573 39.6116 49.8573 28.0884
80.3 40.1073 39.5534 49.8073 28.1466
80.4 40.1573 39.4951 49.7573 28.2049
80.5 40.2073 39.4369 49.7073 28.2631
80.6 40.2573 39.3786 49.6573 28.3214
80.7 40.3073 39.3203 49.6072 28.3797
80.8 40.3572 39.262 49.5572 28.438
80.9 40.4072 39.2037 49.5072 28.4963
81 40.4572 39.1453 49.4572 28.5547
81.1 40.5072 39.0869 49.4072 28.6131
81.2 40.5572 39.0286 49.3572 28.6714
81.3 40.6072 38.9702 49.3072 28.7298
81.4 40.6572 38.9118 49.2572 28.7882
81.5 40.7072 38.8533 49.2071 28.8467
81.6 40.7571 38.7949 49.1571 28.9051
81.7 40.8071 38.7365 49.1071 28.9635
81.8 40.8571 38.678 49.0571 29.022
81.9 40.9071 38.6195 49.0071 29.0805
82 40.9571 38.561 48.9571 29.139
82.1 41.0071 38.5025 48.9071 29.1975
82.2 41.0571 38.444 48.8571 29.256
82.3 41.1071 38.3854 48.8071 29.3146
82.4 41.1571 38.3269 48.7571 29.3731
82.5 41.2071 38.2683 48.707 29.4317
82.6 41.257 38.2097 48.657 29.4903
82.7 41.307 38.1511 48.607 29.5489
82.8 41.357 38.0925 48.557 29.6075
82.9 41.407 38.0339 48.507 29.6661
83 41.457 37.9753 48.457 29.7247
83.1 41.507 37.9166 48.407 29.7834
83.2 41.557 37.858 48.357 29.842
83.3 41.607 37.7993 48.307 29.9007
83.4 41.657 37.7406 48.257 29.9594
83.5 41.707 37.6819 48.207 30.0181
83.6 41.757 37.6232 48.1569 30.0768
83.7 41.8069 37.5645 48.1069 30.1355
83.8 41.8569 37.5058 48.0569 30.1942
83.9 41.9069 37.447 48.0069 30.253
84 41.9569 37.3883 47.9569 30.3117
84.1 42.0069 37.3295 47.9069 30.3705
84.2 42.0569 37.2708 47.8569 30.4292
84.3 42.1069 37.212 47.8069 30.488
84.4 42.1569 37.1532 47.7569 30.5468
84.5 42.2069 37.0944 47.7069 30.6056
84.6 42.2569 37.0356 47.6569 30.6644
84.7 42.3069 36.9767 47.6069 30.7233
84.8 42.3569 36.9179 47.5569 30.7821
84.9 42.4069 36.8591 47.5068 30.8409
85 42.4568 36.8002 47.4568 30.8998
85.1 42.5068 36.7414 47.4068 30.9586
85.2 42.5568 36.6825 47.3568 31.0175
85.3 42.6068 36.6236 47.3068 31.0764
85.4 42.6568 36.5647 47.2568 31.1353
85.5 42.7068 36.5058 47.2068 31.1942
85.6 42.7568 36.4469 47.1568 31.2531
85.7 42.8068 36.388 47.1068 31.312
85.8 42.8568 36.3291 47.0568 31.3709
85.9 42.9068 36.2702 47.0068 31.4298
86 42.9568 36.2113 46.9568 31.4887
86.1 43.0068 36.1523 46.9068 31.5477
86.2 43.0568 36.0934 46.8568 31.6066
86.3 43.1068 36.0344 46.8068 31.6656
86.4 43.1568 35.9755 46.7568 31.7245
86.5 43.2068 35.9165 46.7068 31.7835
86.6 43.2568 35.8575 46.6568 31.8425
86.7 43.3068 35.7985 46.6067 31.9015
86.8 43.3567 35.7396 46.5567 31.9604
86.9 43.4067 35.6806 46.5067 32.0194
87 43.4567 35.6216 46.4567 32.0784
87.1 43.5067 35.5626 46.4067 32.1374
87.2 43.5567 35.5036 46.3567 32.1964
87.3 43.6067 35.4446 46.3067 32.2554
87.4 43.6567 35.3855 46.2567 32.3145
87.5 43.7067 35.3265 46.2067 32.3735
87.6 43.7567 35.2675 46.1567 32.4325
87.7 43.8067 35.2085 46.1067 32.4915
87.8 43.8567 35.1494 46.0567 32.5506
87.9 43.9067 35.0904 46.0067 32.6096
88 43.9567 35.0313 45.9567 32.6687
88.1 44.0067 34.9723 45.9067 32.7277
88.2 44.0567 34.9133 45.8567 32.7867
88.3 44.1067 34.8542 45.8067 32.8458
88.4 44.1567 34.7951 45.7567 32.9049
88.5 44.2067 34.7361 45.7067 32.9639
88.6 44.2567 34.677 45.6567 33.023
88.7 44.3067 34.618 45.6067 33.082
88.8 44.3567 34.5589 45.5567 33.1411
88.9 44.4067 34.4998 45.5067 33.2002
89 44.4567 34.4408 45.4567 33.2592
89.1 44.5067 34.3817 45.4067 33.3183
89.2 44.5567 34.3226 45.3567 33.3774
89.3 44.6067 34.2635 45.3067 33.4365
89.4 44.6567 34.2045 45.2567 33.4955
89.5 44.7067 34.1454 45.2067 33.5546
89.6 44.7567 34.0863 45.1567 33.6137
89.7 44.8067 34.0272 45.1067 33.6728
89.8 44.8567 33.9682 45.0567 33.7318
89.9 44.9067 33.9091 45.0067 33.7909
90 44.9567 33.85 44.9567 33.85
90.1 45.0067 33.7909 44.9067 33.9091
90.2 45.0567 33.7318 44.8567 33.9682
90.3 45.1067 33.6728 44.8067 34.0272
90.4 45.1567 33.6137 44.7567 34.0863
90.5 45.2067 33.5546 44.7067 34.1454
90.6 45.2567 33.4955 44.6567 34.2045
90.7 45.3067 33.4365 44.6067 34.2635
90.8 45.3567 33.3774 44.5567 34.3226
90.9 45.4067 33.3183 44.5067 34.3817
91 45.4567 33.2592 44.4567 34.4408
91.1 45.5067 33.2002 44.4067 34.4998
91.2 45.5567 33.1411 44.3567 34.5589
91.3 45.6067 33.082 44.3067 34.618
91.4 45.6567 33.023 44.2567 34.677
91.5 45.7067 32.9639 44.2067 34.7361
91.6 45.7567 32.9049 44.1567 34.7951
91.7 45.8067 32.8458 44.1067 34.8542
91.8 45.8567 32.7867 44.0567 34.9133
91.9 45.9067 32.7277 44.0067 34.9723
92 45.9567 32.6687 43.9567 35.0313
92.1 46.0067 32.6096 43.9067 35.0904
92.2 46.0567 32.5506 43.8567 35.1494
92.3 46.1067 32.4915 43.8067 35.2085
92.4 46.1567 32.4325 43.7567 35.2675
92.5 46.2067 32.3735 43.7067 35.3265
92.6 46.2567 32.3145 43.6567 35.3855
92.7 46.3067 32.2554 43.6067 35.4446
92.8 46.3567 32.1964 43.5567 35.5036
92.9 46.4067 32.1374 43.5067 35.5626
93 46.4567 32.0784 43.4567 35.6216
93.1 46.5067 32.0194 43.4067 35.6806
93.2 46.5567 31.9604 43.3567 35.7396
93.3 46.6067 31.9015 43.3068 35.7985
93.4 46.6568 31.8425 43.2568 35.8575
93.5 46.7068 31.7835 43.2068 35.9165
93.6 46.7568 31.7245 43.1568 35.9755
93.7 46.8068 31.6656 43.1068 36.0344
93.8 46.8568 31.6066 43.0568 36.0934
93.9 46.9068 31.5477 43.0068 36.1523
94 46.9568 31.4887 42.9568 36.2113
94.1 47.0068 31.4298 42.9068 36.2702
94.2 47.0568 31.3709 42.8568 36.3291
94.3 47.1068 31.312 42.8068 36.388
94.4 47.1568 31.2531 42.7568 36.4469
94.5 47.2068 31.1942 42.7068 36.5058
94.6 47.2568 31.1353 42.6568 36.5647
94.7 47.3068 31.0764 42.6068 36.6236
94.8 47.3568 31.0175 42.5568 36.6825
94.9 47.4068 30.9586 42.5068 36.7414
95 47.4568 30.8998 42.4568 36.8002
95.1 47.5068 30.8409 42.4069 36.8591
95.2 47.5569 30.7821 42.3569 36.9179
95.3 47.6069 30.7233 42.3069 36.9767
95.4 47.6569 30.6644 42.2569 37.0356
95.5 47.7069 30.6056 42.2069 37.0944
95.6 47.7569 30.5468 42.1569 37.1532
95.7 47.8069 30.488 42.1069 37.212
95.8 47.8569 30.4292 42.0569 37.2708
95.9 47.9069 30.3705 42.0069 37.3295
96 47.9569 30.3117 41.9569 37.3883
96.1 48.0069 30.253 41.9069 37.447
96.2 48.0569 30.1942 41.8569 37.5058
96.3 48.1069 30.1355 41.8069 37.5645
96.4 48.1569 30.0768 41.757 37.6232
96.5 48.207 30.0181 41.707 37.6819
96.6 48.257 29.9594 41.657 37.7406
96.7 48.307 29.9007 41.607 37.7993
96.8 48.357 29.842 41.557 37.858
96.9 48.407 29.7834 41.507 37.9166
97 48.457 29.7247 41.457 37.9753
97.1 48.507 29.6661 41.407 38.0339
97.2 48.557 29.6075 41.357 38.0925
97.3 48.607 29.5489 41.307 38.1511
97.4 48.657 29.4903 41.257 38.2097
97.5 48.707 29.4317 41.2071 38.2683
97.6 48.7571 29.3731 41.1571 38.3269
97.7 48.8071 29.3146 41.1071 38.3854
97.8 48.8571 29.256 41.0571 38.444
97.9 48.9071 29.1975 41.0071 38.5025
98 48.9571 29.139 40.9571 38.561
98.1 49.0071 29.0805 40.9071 38.6195
98.2 49.0571 29.022 40.8571 38.678
98.3 49.1071 28.9635 40.8071 38.7365
98.4 49.1571 28.9051 40.7571 38.7949
98.5 49.2071 28.8467 40.7072 38.8533
98.6 49.2572 28.7882 40.6572 38.9118
98.7 49.3072 28.7298 40.6072 38.9702
98.8 49.3572 28.6714 40.5572 39.0286
98.9 49.4072 28.6131 40.5072 39.0869
99 49.4572 28.5547 40.4572 39.1453
99.1 49.5072 28.4963 40.4072 39.2037
99.2 49.5572 28.438 40.3572 39.262
99.3 49.6072 28.3797 40.3073 39.3203
99.4 49.6573 28.3214 40.2573 39.3786
99.5 49.7073 28.2631 40.2073 39.4369
99.6 49.7573 28.2049 40.1573 39.4951
99.7 49.8073 28.1466 40.1073 39.5534
99.8 49.8573 28.0884 40.0573 39.6116
99.9 49.9073 28.0302 40.0073 39.6698
100 49.9573 27.972 39.9573 39.728
100.1 50.0073 27.9138 39.9074 39.7862
100.2 50.0574 27.8557 39.8574 39.8443
100.3 50.1074 27.7975 39.8074 39.9025
100.4 50.1574 27.7394 39.7574 39.9606
100.5 50.2074 27.6813 39.7074 40.0187
100.6 50.2574 27.6232 39.6574 40.0768
100.7 50.3074 27.5652 39.6074 40.1348
100.8 50.3574 27.5071 39.5575 40.1929
100.9 50.4075 27.4491 39.5075 40.2509
101 50.4575 27.3911 39.4575 40.3089
101.1 50.5075 27.3331 39.4075 40.3669
101.2 50.5575 27.2752 39.3575 40.4248
101.3 50.6075 27.2172 39.3075 40.4828
101.4 50.6575 27.1593 39.2575 40.5407
101.5 50.7075 27.1014 39.2076 40.5986
101.6 50.7576 27.0435 39.1576 40.6565
101.7 50.8076 26.9857 39.1076 40.7143
101.8 50.8576 26.9278 39.0576 40.7722
101.9 50.9076 26.87 39.0076 40.83
102 50.9576 26.8122 38.9576 40.8878
102.1 51.0076 26.7544 38.9076 40.9456
102.2 51.0576 26.6967 38.8577 41.0033
102.3 51.1077 26.6389 38.8077 41.0611
102.4 51.1577 26.5812 38.7577 41.1188
102.5 51.2077 26.5235 38.7077 41.1765
102.6 51.2577 26.4659 38.6577 41.2341
102.7 51.3077 26.4082 38.6077 41.2918
102.8 51.3577 26.3506 38.5578 41.3494
102.9 51.4078 26.293 38.5078 41.407
103 51.4578 26.2354 38.4578 41.4646
103.1 51.5078 26.1779 38.4078 41.5221
103.2 51.5578 26.1203 38.3578 41.5797
103.3 51.6078 26.0628 38.3078 41.6372
103.4 51.6578 26.0053 38.2579 41.6947
103.5 51.7079 25.9479 38.2079 41.7521
103.6 51.7579 25.8904 38.1579 41.8096
103.7 51.8079 25.833 38.1079 41.867
103.8 51.8579 25.7756 38.0579 41.9244
103.9 51.9079 25.7183 38.008 41.9817
104 51.958 25.6609 37.958 42.0391
104.1 52.008 25.6036 37.908 42.0964
104.2 52.058 25.5463 37.858 42.1537
104.3 52.108 25.4891 37.808 42.2109
104.4 52.158 25.4318 37.758 42.2682
104.5 52.208 25.3746 37.7081 42.3254
104.6 52.2581 25.3175 37.6581 42.3825
104.7 52.3081 25.2603 37.6081 42.4397
104.8 52.3581 25.2032 37.5581 42.4968
104.9 52.4081 25.1461 37.5081 42.5539
105 52.4581 25.089 37.4582 42.611
105.1 52.5082 25.0319 37.4082 42.6681
105.2 52.5582 24.9749 37.3582 42.7251
105.3 52.6082 24.9179 37.3082 42.7821
105.4 52.6582 24.8609 37.2582 42.8391
105.5 52.7082 24.804 37.2083 42.896
105.6 52.7583 24.7471 37.1583 42.9529
105.7 52.8083 24.6902 37.1083 43.0098
105.8 52.8583 24.6333 37.0583 43.0667
105.9 52.9083 24.5765 37.0083 43.1235
106 52.9583 24.5197 36.9584 43.1803
106.1 53.0084 24.4629 36.9084 43.2371
106.2 53.0584 24.4062 36.8584 43.2938
106.3 53.1084 24.3494 36.8084 43.3506
106.4 53.1584 24.2927 36.7584 43.4073
106.5 53.2085 24.2361 36.7085 43.4639
106.6 53.2585 24.1794 36.6585 43.5206
106.7 53.3085 24.1228 36.6085 43.5772
106.8 53.3585 24.0663 36.5585 43.6337
106.9 53.4085 24.0097 36.5086 43.6903
107 53.4586 23.9532 36.4586 43.7468
107.1 53.5086 23.8967 36.4086 43.8033
107.2 53.5586 23.8403 36.3586 43.8597
107.3 53.6086 23.7839 36.3086 43.9161
107.4 53.6586 23.7275 36.2587 43.9725
107.5 53.7087 23.6711 36.2087 44.0289
107.6 53.7587 23.6148 36.1587 44.0852
107.7 53.8087 23.5585 36.1087 44.1415
107.8 53.8587 23.5022 36.0588 44.1978
107.9 53.9088 23.446 36.0088 44.254
108 53.9588 23.3898 35.9588 44.3102
108.1 54.0088 23.3336 35.9088 44.3664
108.2 54.0588 23.2775 35.8589 44.4225
108.3 54.1089 23.2214 35.8089 44.4786
108.4 54.1589 23.1653 35.7589 44.5347
108.5 54.2089 23.1092 35.7089 44.5908
108.6 54.2589 23.0532 35.6589 44.6468
108.7 54.309 22.9973 35.609 44.7027
108.8 54.359 22.9413 35.559 44.7587
108.9 54.409 22.8854 35.509 44.8146
109 54.459 22.8295 35.459 44.8705
109.1 54.5091 22.7737 35.4091 44.9263
109.2 54.5591 22.7179 35.3591 44.9821
109.3 54.6091 22.6621 35.3091 45.0379
109.4 54.6591 22.6063 35.2591 45.0937
109.5 54.7092 22.5506 35.2092 45.1494
109.6 54.7592 22.495 35.1592 45.205
109.7 54.8092 22.4393 35.1092 45.2607
109.8 54.8592 22.3837 35.0592 45.3163
109.9 54.9093 22.3282 35.0093 45.3718
110 54.9593 22.2726 34.9593 45.4274
110.1 55.0093 22.2171 34.9093 45.4829
110.2 55.0593 22.1617 34.8594 45.5383
110.3 55.1094 22.1062 34.8094 45.5938
110.4 55.1594 22.0508 34.7594 45.6492
110.5 55.2094 21.9955 34.7094 45.7045
110.6 55.2594 21.9402 34.6595 45.7598
110.7 55.3095 21.8849 34.6095 45.8151
110.8 55.3595 21.8296 34.5595 45.8704
110.9 55.4095 21.7744 34.5095 45.9256
111 55.4595 21.7192 34.4596 45.9808
111.1 55.5096 21.6641 34.4096 46.0359
111.2 55.5596 21.609 34.3596 46.091
111.3 55.6096 21.5539 34.3096 46.1461
111.4 55.6597 21.4989 34.2597 46.2011
111.5 55.7097 21.4439 34.2097 46.2561
111.6 55.7597 21.389 34.1597 46.311
111.7 55.8097 21.3341 34.1098 46.3659
111.8 55.8598 21.2792 34.0598 46.4208
111.9 55.9098 21.2244 34.0098 46.4756
112 55.9598 21.1696 33.9598 46.5304
112.1 56.0098 21.1148 33.9099 46.5852
112.2 56.0599 21.0601 33.8599 46.6399
112.3 56.1099 21.0054 33.8099 46.6946
112.4 56.1599 20.9508 33.76 46.7492
112.5 56.21 20.8962 33.71 46.8038
112.6 56.26 20.8416 33.66 46.8584
112.7 56.31 20.7871 33.61 46.9129
112.8 56.3601 20.7326 33.5601 46.9674
112.9 56.4101 20.6782 33.5101 47.0218
113 56.4601 20.6238 33.4601 47.0762
113.1 56.5101 20.5694 33.4102 47.1306
113.2 56.5602 20.5151 33.3602 47.1849
113.3 56.6102 20.4608 33.3102 47.2392
113.4 56.6602 20.4065 33.2603 47.2935
113.5 56.7103 20.3523 33.2103 47.3477
113.6 56.7603 20.2982 33.1603 47.4018
113.7 56.8103 20.2441 33.1103 47.4559
113.8 56.8603 20.19 33.0604 47.51
113.9 56.9104 20.136 33.0104 47.564
114 56.9604 20.082 32.9604 47.618
114.1 57.0104 20.028 32.9105 47.672
114.2 57.0605 19.9741 32.8605 47.7259
114.3 57.1105 19.9202 32.8105 47.7798
114.4 57.1605 19.8664 32.7606 47.8336
114.5 57.2106 19.8126 32.7106 47.8874
114.6 57.2606 19.7589 32.6606 47.9411
114.7 57.3106 19.7052 32.6107 47.9948
114.8 57.3607 19.6515 32.5607 48.0485
114.9 57.4107 19.5979 32.5107 48.1021
115 57.4607 19.5444 32.4607 48.1556
115.1 57.5108 19.4908 32.4108 48.2092
115.2 57.5608 19.4374 32.3608 48.2626
115.3 57.6108 19.3839 32.3108 48.3161
115.4 57.6609 19.3305 32.2609 48.3695
115.5 57.7109 19.2772 32.2109 48.4228
115.6 57.7609 19.2239 32.1609 48.4761
115.7 57.8109 19.1706 32.111 48.5294
115.8 57.861 19.1174 32.061 48.5826
115.9 57.911 19.0643 32.011 48.6357
116 57.961 19.0111 31.9611 48.6889
116.1 58.0111 18.9581 31.9111 48.7419
116.2 58.0611 18.905 31.8611 48.795
116.3 58.1111 18.852 31.8112 48.848
116.4 58.1612 18.7991 31.7612 48.9009
116.5 58.2112 18.7462 31.7112 48.9538
116.6 58.2612 18.6934 31.6613 49.0066
116.7 58.3113 18.6406 31.6113 49.0594
116.8 58.3613 18.5878 31.5613 49.1122
116.9 58.4114 18.5351 31.5114 49.1649
117 58.4614 18.4824 31.4614 49.2176
117.1 58.5114 18.4298 31.4114 49.2702
117.2 58.5615 18.3772 31.3615 49.3228
117.3 58.6115 18.3247 31.3115 49.3753
117.4 58.6615 18.2722 31.2616 49.4278
117.5 58.7116 18.2198 31.2116 49.4802
117.6 58.7616 18.1674 31.1616 49.5326
117.7 58.8116 18.1151 31.1117 49.5849
117.8 58.8617 18.0628 31.0617 49.6372
117.9 58.9117 18.0106 31.0117 49.6894
118 58.9617 17.9584 30.9618 49.7416
118.1 59.0118 17.9062 30.9118 49.7938
118.2 59.0618 17.8542 30.8618 49.8458
118.3 59.1118 17.8021 30.8119 49.8979
118.4 59.1619 17.7501 30.7619 49.9499
118.5 59.2119 17.6982 30.7119 50.0018
118.6 59.2619 17.6463 30.662 50.0537
118.7 59.312 17.5944 30.612 50.1056
118.8 59.362 17.5426 30.562 50.1574
118.9 59.4121 17.4909 30.5121 50.2091
119 59.4621 17.4392 30.4621 50.2608
119.1 59.5121 17.3875 30.4122 50.3125
119.2 59.5622 17.336 30.3622 50.364
119.3 59.6122 17.2844 30.3122 50.4156
119.4 59.6622 17.2329 30.2623 50.4671
119.5 59.7123 17.1815 30.2123 50.5185
119.6 59.7623 17.1301 30.1623 50.5699
119.7 59.8124 17.0787 30.1124 50.6213
119.8 59.8624 17.0274 30.0624 50.6726
119.9 59.9124 16.9762 30.0125 50.7238
120 59.9625 16.925 29.9625 50.775
120.1 60.0125 16.8739 29.9125 50.8261
120.2 60.0625 16.8228 29.8626 50.8772
120.3 60.1126 16.7717 29.8126 50.9283
120.4 60.1626 16.7208 29.7626 50.9792
120.5 60.2127 16.6698 29.7127 51.0302
120.6 60.2627 16.6189 29.6627 51.0811
120.7 60.3127 16.5681 29.6128 51.1319
120.8 60.3628 16.5173 29.5628 51.1827
120.9 60.4128 16.4666 29.5128 51.2334
121 60.4629 16.416 29.4629 51.284
121.1 60.5129 16.3653 29.4129 51.3347
121.2 60.5629 16.3148 29.363 51.3852
121.3 60.613 16.2643 29.313 51.4357
121.4 60.663 16.2138 29.263 51.4862
121.5 60.713 16.1634 29.2131 51.5366
121.6 60.7631 16.1131 29.1631 51.5869
121.7 60.8131 16.0628 29.1132 51.6372
121.8 60.8632 16.0125 29.0632 51.6875
121.9 60.9132 15.9624 29.0132 51.7376
122 60.9632 15.9122 28.9633 51.7878
122.1 61.0133 15.8622 28.9133 51.8378
122.2 61.0633 15.8121 28.8634 51.8879
122.3 61.1134 15.7622 28.8134 51.9378
122.4 61.1634 15.7123 28.7634 51.9877
122.5 61.2134 15.6624 28.7135 52.0376
122.6 61.2635 15.6126 28.6635 52.0874
122.7 61.3135 15.5629 28.6136 52.1371
122.8 61.3636 15.5132 28.5636 52.1868
122.9 61.4136 15.4635 28.5136 52.2365
123 61.4637 15.414 28.4637 52.286
123.1 61.5137 15.3644 28.4137 52.3356
123.2 61.5637 15.315 28.3638 52.385
123.3 61.6138 15.2656 28.3138 52.4344
123.4 61.6638 15.2162 28.2638 52.4838
123.5 61.7139 15.1669 28.2139 52.5331
123.6 61.7639 15.1177 28.1639 52.5823
123.7 61.8139 15.0685 28.114 52.6315
123.8 61.864 15.0194 28.064 52.6806
123.9 61.914 14.9703 28.0141 52.7297
124 61.9641 14.9213 27.9641 52.7787
124.1 62.0141 14.8724 27.9141 52.8276
124.2 62.0642 14.8235 27.8642 52.8765
124.3 62.1142 14.7746 27.8142 52.9254
124.4 62.1642 14.7259 27.7643 52.9741
124.5 62.2143 14.6771 27.7143 53.0229
124.6 62.2643 14.6285 27.6644 53.0715
124.7 62.3144 14.5799 27.6144 53.1201
124.8 62.3644 14.5313 27.5644 53.1687
124.9 62.4145 14.4829 27.5145 53.2171
125 62.4645 14.4344 27.4645 53.2656
125.1 62.5145 14.3861 27.4146 53.3139
125.2 62.5646 14.3378 27.3646 53.3622
125.3 62.6146 14.2895 27.3147 53.4105
125.4 62.6647 14.2413 27.2647 53.4587
125.5 62.7147 14.1932 27.2147 53.5068
125.6 62.7648 14.1451 27.1648 53.5549
125.7 62.8148 14.0971 27.1148 53.6029
125.8 62.8648 14.0492 27.0649 53.6508
125.9 62.9149 14.0013 27.0149 53.6987
126 62.9649 13.9535 26.965 53.7465
126.1 63.015 13.9057 26.915 53.7943
126.2 63.065 13.858 26.8651 53.842
126.3 63.1151 13.8104 26.8151 53.8896
126.4 63.1651 13.7628 26.7651 53.9372
126.5 63.2152 13.7152 26.7152 53.9848
126.6 63.2652 13.6678 26.6652 54.0322
126.7 63.3152 13.6204 26.6153 54.0796
126.8 63.3653 13.5731 26.5653 54.1269
126.9 63.4153 13.5258 26.5154 54.1742
127 63.4654 13.4786 26.4654 54.2214
127.1 63.5154 13.4314 26.4155 54.2686
127.2 63.5655 13.3843 26.3655 54.3157
127.3 63.6155 13.3373 26.3156 54.3627
127.4 63.6656 13.2903 26.2656 54.4097
127.5 63.7156 13.2434 26.2156 54.4566
127.6 63.7657 13.1966 26.1657 54.5034
127.7 63.8157 13.1498 26.1157 54.5502
127.8 63.8658 13.1031 26.0658 54.5969
127.9 63.9158 13.0564 26.0158 54.6436
128 63.9658 13.0099 25.9659 54.6901
128.1 64.0159 12.9633 25.9159 54.7367
128.2 64.0659 12.9169 25.866 54.7831
128.3 64.116 12.8705 25.816 54.8295
128.4 64.166 12.8241 25.7661 54.8759
128.5 64.2161 12.7779 25.7161 54.9221
128.6 64.2661 12.7317 25.6662 54.9683
128.7 64.3162 12.6855 25.6162 55.0145
128.8 64.3662 12.6395 25.5663 55.0605
128.9 64.4163 12.5935 25.5163 55.1065
129 64.4663 12.5475 25.4663 55.1525
129.1 64.5164 12.5016 25.4164 55.1984
129.2 64.5664 12.4558 25.3664 55.2442
129.3 64.6165 12.4101 25.3165 55.2899
129.4 64.6665 12.3644 25.2665 55.3356
129.5 64.7166 12.3188 25.2166 55.3812
129.6 64.7666 12.2732 25.1666 55.4268
129.7 64.8167 12.2277 25.1167 55.4723
129.8 64.8667 12.1823 25.0667 55.5177
129.9 64.9167 12.1369 25.0168 55.5631
130 64.9668 12.0916 24.9668 55.6084
130.1 65.0168 12.0464 24.9169 55.6536
130.2 65.0669 12.0013 24.8669 55.6987
130.3 65.1169 11.9562 24.817 55.7438
130.4 65.167 11.9111 24.767 55.7889
130.5 65.217 11.8662 24.7171 55.8338
130.6 65.2671 11.8213 24.6671 55.8787
130.7 65.3171 11.7765 24.6172 55.9235
130.8 65.3672 11.7317 24.5672 55.9683
130.9 65.4172 11.687 24.5173 56.013
131 65.4673 11.6424 24.4673 56.0576
131.1 65.5173 11.5978 24.4174 56.1022
131.2 65.5674 11.5534 24.3674 56.1466
131.3 65.6174 11.5089 24.3175 56.1911
131.4 65.6675 11.4646 24.2675 56.2354
131.5 65.7175 11.4203 24.2176 56.2797
131.6 65.7676 11.3761 24.1676 56.3239
131.7 65.8176 11.332 24.1177 56.368
131.8 65.8677 11.2879 24.0677 56.4121
131.9 65.9177 11.2439 24.0178 56.4561
132 65.9678 11.1999 23.9678 56.5001
132.1 66.0178 11.1561 23.9179 56.5439
132.2 66.0679 11.1123 23.8679 56.5877
132.3 66.1179 11.0685 23.818 56.6315
132.4 66.168 11.0249 23.768 56.6751
132.5 66.218 10.9813 23.7181 56.7187
132.6 66.2681 10.9377 23.6681 56.7623
132.7 66.3181 10.8943 23.6182 56.8057
132.8 66.3682 10.8509 23.5682 56.8491
132.9 66.4182 10.8076 23.5183 56.8924
133 66.4683 10.7644 23.4683 56.9356
133.1 66.5184 10.7212 23.4184 56.9788
133.2 66.5684 10.6781 23.3684 57.0219
133.3 66.6185 10.635 23.3185 57.065
133.4 66.6685 10.5921 23.2685 57.1079
133.5 66.7186 10.5492 23.2186 57.1508
133.6 66.7686 10.5064 23.1686 57.1936
133.7 66.8187 10.4636 23.1187 57.2364
133.8 66.8687 10.421 23.0687 57.279
133.9 66.9188 10.3783 23.0188 57.3217
134 66.9688 10.3358 22.9689 57.3642
134.1 67.0189 10.2934 22.9189 57.4066
134.2 67.0689 10.251 22.869 57.449
134.3 67.119 10.2086 22.819 57.4914
134.4 67.169 10.1664 22.7691 57.5336
134.5 67.2191 10.1242 22.7191 57.5758
134.6 67.2691 10.0821 22.6692 57.6179
134.7 67.3192 10.0401 22.6192 57.6599
134.8 67.3692 9.99813 22.5693 57.7019
134.9 67.4193 9.95625 22.5193 57.7438
135 67.4693 9.91444 22.4694 57.7856
135.1 67.5194 9.8727 22.4194 57.8273
135.2 67.5695 9.83103 22.3695 57.869
135.3 67.6195 9.78944 22.3195 57.9106
135.4 67.6696 9.74792 22.2696 57.9521
135.5 67.7196 9.70647 22.2197 57.9935
135.6 67.7697 9.6651 22.1697 58.0349
135.7 67.8197 9.6238 22.1198 58.0762
135.8 67.8698 9.58258 22.0698 58.1174
135.9 67.9198 9.54142 22.0199 58.1586
136 67.9699 9.50035 21.9699 58.1997
136.1 68.0199 9.45934 21.92 58.2407
136.2 68.07 9.41842 21.87 58.2816
136.3 68.1201 9.37756 21.8201 58.3224
136.4 68.1701 9.33678 21.7701 58.3632
136.5 68.2202 9.29608 21.7202 58.4039
136.6 68.2702 9.25545 21.6702 58.4446
136.7 68.3203 9.21489 21.6203 58.4851
136.8 68.3703 9.17441 21.5704 58.5256
136.9 68.4204 9.13401 21.5204 58.566
137 68.4704 9.09368 21.4705 58.6063
137.1 68.5205 9.05342 21.4205 58.6466
137.2 68.5705 9.01324 21.3706 58.6868
137.3 68.6206 8.97314 21.3206 58.7269
137.4 68.6707 8.93311 21.2707 58.7669
137.5 68.7207 8.89316 21.2207 58.8068
137.6 68.7708 8.85329 21.1708 58.8467
137.7 68.8208 8.81349 21.1209 58.8865
137.8 68.8709 8.77376 21.0709 58.9262
137.9 68.9209 8.73412 21.021 58.9659
138 68.971 8.69455 20.971 59.0055
138.1 69.0211 8.65505 20.9211 59.0449
138.2 69.0711 8.61564 20.8711 59.0844
138.3 69.1212 8.5763 20.8212 59.1237
138.4 69.1712 8.53703 20.7713 59.163
138.5 69.2213 8.49785 20.7213 59.2022
138.6 69.2713 8.45874 20.6714 59.2413
138.7 69.3214 8.41971 20.6214 59.2803
138.8 69.3714 8.38076 20.5715 59.3192
138.9 69.4215 8.34188 20.5215 59.3581
139 69.4716 8.30308 20.4716 59.3969
139.1 69.5216 8.26436 20.4217 59.4356
139.2 69.5717 8.22572 20.3717 59.4743
139.3 69.6217 8.18715 20.3218 59.5128
139.4 69.6718 8.14867 20.2718 59.5513
139.5 69.7218 8.11026 20.2219 59.5897
139.6 69.7719 8.07193 20.1719 59.6281
139.7 69.822 8.03368 20.122 59.6663
139.8 69.872 7.9955 20.0721 59.7045
139.9 69.9221 7.95741 20.0221 59.7426
140 69.9721 7.9194 19.9722 59.7806
140.1 70.0222 7.88146 19.9222 59.8185
140.2 70.0723 7.8436 19.8723 59.8564
140.3 70.1223 7.80583 19.8223 59.8942
140.4 70.1724 7.76813 19.7724 59.9319
140.5 70.2224 7.73051 19.7225 59.9695
140.6 70.2725 7.69297 19.6725 60.007
140.7 70.3225 7.65551 19.6226 60.0445
140.8 70.3726 7.61813 19.5726 60.0819
140.9 70.4227 7.58083 19.5227 60.1192
141 70.4727 7.54361 19.4728 60.1564
141.1 70.5228 7.50647 19.4228 60.1935
141.2 70.5728 7.46941 19.3729 60.2306
141.3 70.6229 7.43243 19.3229 60.2676
141.4 70.673 7.39553 19.273 60.3045
141.5 70.723 7.35871 19.223 60.3413
141.6 70.7731 7.32198 19.1731 60.378
141.7 70.8231 7.28532 19.1232 60.4147
141.8 70.8732 7.24874 19.0732 60.4513
141.9 70.9233 7.21225 19.0233 60.4878
142 70.9733 7.17584 18.9733 60.5242
142.1 71.0234 7.1395 18.9234 60.5605
142.2 71.0734 7.10325 18.8735 60.5967
142.3 71.1235 7.06708 18.8235 60.6329
142.4 71.1736 7.031 18.7736 60.669
142.5 71.2236 6.99499 18.7236 60.705
142.6 71.2737 6.95907 18.6737 60.7409
142.7 71.3237 6.92322 18.6238 60.7768
142.8 71.3738 6.88746 18.5738 60.8125
142.9 71.4239 6.85178 18.5239 60.8482
143 71.4739 6.81619 18.4739 60.8838
143.1 71.524 6.78067 18.424 60.9193
143.2 71.574 6.74524 18.3741 60.9548
143.3 71.6241 6.70989 18.3241 60.9901
143.4 71.6742 6.67463 18.2742 61.0254
143.5 71.7242 6.63945 18.2242 61.0606
143.6 71.7743 6.60434 18.1743 61.0957
143.7 71.8243 6.56933 18.1244 61.1307
143.8 71.8744 6.53439 18.0744 61.1656
143.9 71.9245 6.49954 18.0245 61.2005
144 71.9745 6.46477 17.9746 61.2352
144.1 72.0246 6.43009 17.9246 61.2699
144.2 72.0746 6.39549 17.8747 61.3045
144.3 72.1247 6.36097 17.8247 61.339
144.4 72.1748 6.32654 17.7748 61.3735
144.5 72.2248 6.29219 17.7249 61.4078
144.6 72.2749 6.25792 17.6749 61.4421
144.7 72.3249 6.22374 17.625 61.4763
144.8 72.375 6.18965 17.575 61.5104
144.9 72.4251 6.15563 17.5251 61.5444
145 72.4751 6.1217 17.4752 61.5783
145.1 72.5252 6.08786 17.4252 61.6121
145.2 72.5753 6.0541 17.3753 61.6459
145.3 72.6253 6.02042 17.3254 61.6796
145.4 72.6754 5.98683 17.2754 61.7132
145.5 72.7254 5.95333 17.2255 61.7467
145.6 72.7755 5.91991 17.1755 61.7801
145.7 72.8256 5.88657 17.1256 61.8134
145.8 72.8756 5.85332 17.0757 61.8467
145.9 72.9257 5.82016 17.0257 61.8798
146 72.9758 5.78708 16.9758 61.9129
146.1 73.0258 5.75408 16.9259 61.9459
146.2 73.0759 5.72118 16.8759 61.9788
146.3 73.1259 5.68835 16.826 62.0116
146.4 73.176 5.65562 16.776 62.0444
146.5 73.2261 5.62296 16.7261 62.077
146.6 73.2761 5.5904 16.6762 62.1096
146.7 73.3262 5.55792 16.6262 62.1421
146.8 73.3763 5.52553 16.5763 62.1745
146.9 73.4263 5.49322 16.5264 62.2068
147 73.4764 5.461 16.4764 62.239
147.1 73.5265 5.42887 16.4265 62.2711
147.2 73.5765 5.39682 16.3765 62.3032
147.3 73.6266 5.36486 16.3266 62.3351
147.4 73.6766 5.33299 16.2767 62.367
147.5 73.7267 5.3012 16.2267 62.3988
147.6 73.7768 5.2695 16.1768 62.4305
147.7 73.8268 5.23789 16.1269 62.4621
147.8 73.8769 5.20636 16.0769 62.4936
147.9 73.927 5.17492 16.027 62.5251
148 73.977 5.14357 15.9771 62.5564
148.1 74.0271 5.11231 15.9271 62.5877
148.2 74.0772 5.08113 15.8772 62.6189
148.3 74.1272 5.05004 15.8272 62.65
148.4 74.1773 5.01904 15.7773 62.681
148.5 74.2273 4.98813 15.7274 62.7119
148.6 74.2774 4.95731 15.6774 62.7427
148.7 74.3275 4.92657 15.6275 62.7734
148.8 74.3775 4.89592 15.5776 62.8041
148.9 74.4276 4.86536 15.5276 62.8346
149 74.4777 4.83489 15.4777 62.8651
149.1 74.5277 4.8045 15.4278 62.8955
149.2 74.5778 4.77421 15.3778 62.9258
149.3 74.6279 4.744 15.3279 62.956
149.4 74.6779 4.71388 15.278 62.9861
149.5 74.728 4.68385 15.228 63.0161
149.6 74.7781 4.65391 15.1781 63.0461
149.7 74.8281 4.62406 15.1282 63.0759
149.8 74.8782 4.5943 15.0782 63.1057
149.9 74.9283 4.56462 15.0283 63.1354
150 74.9783 4.53504 14.9784 63.165
150.1 75.0284 4.50555 14.9284 63.1945
150.2 75.0785 4.47614 14.8785 63.2239
150.3 75.1285 4.44682 14.8285 63.2532
150.4 75.1786 4.4176 14.7786 63.2824
150.5 75.2287 4.38846 14.7287 63.3115
150.6 75.2787 4.35941 14.6787 63.3406
150.7 75.3288 4.33046 14.6288 63.3695
150.8 75.3789 4.30159 14.5789 63.3984
150.9 75.4289 4.27281 14.5289 63.4272
151 75.479 4.24412 14.479 63.4559
151.1 75.529 4.21553 14.4291 63.4845
151.2 75.5791 4.18702 14.3791 63.513
151.3 75.6292 4.1586 14.3292 63.5414
151.4 75.6792 4.13028 14.2793 63.5697
151.5 75.7293 4.10204 14.2293 63.598
151.6 75.7794 4.0739 14.1794 63.6261
151.7 75.8294 4.04584 14.1295 63.6542
151.8 75.8795 4.01788 14.0795 63.6821
151.9 75.9296 3.99001 14.0296 63.71
152 75.9796 3.96222 13.9797 63.7378
152.1 76.0297 3.93453 13.9297 63.7655
152.2 76.0798 3.90693 13.8798 63.7931
152.3 76.1298 3.87943 13.8299 63.8206
152.4 76.1799 3.85201 13.7799 63.848
152.5 76.23 3.82468 13.73 63.8753
152.6 76.28 3.79745 13.6801 63.9026
152.7 76.3301 3.77031 13.6301 63.9297
152.8 76.3802 3.74326 13.5802 63.9567
152.9 76.4303 3.7163 13.5303 63.9837
153 76.4803 3.68943 13.4803 64.0106
153.1 76.5304 3.66265 13.4304 64.0373
153.2 76.5805 3.63597 13.3805 64.064
153.3 76.6305 3.60938 13.3305 64.0906
153.4 76.6806 3.58288 13.2806 64.1171
153.5 76.7307 3.55647 13.2307 64.1435
153.6 76.7807 3.53016 13.1807 64.1698
153.7 76.8308 3.50393 13.1308 64.1961
153.8 76.8809 3.4778 13.0809 64.2222
153.9 76.9309 3.45177 13.031 64.2482
154 76.981 3.42582 12.981 64.2742
154.1 77.0311 3.39997 12.9311 64.3
154.2 77.0811 3.37421 12.8812 64.3258
154.3 77.1312 3.34854 12.8312 64.3515
154.4 77.1813 3.32297 12.7813 64.377
154.5 77.2313 3.29749 12.7314 64.4025
154.6 77.2814 3.2721 12.6814 64.4279
154.7 77.3315 3.24681 12.6315 64.4532
154.8 77.3815 3.2216 12.5816 64.4784
154.9 77.4316 3.1965 12.5316 64.5035
155 77.4817 3.17148 12.4817 64.5285
155.1 77.5317 3.14656 12.4318 64.5534
155.2 77.5818 3.12173 12.3818 64.5783
155.3 77.6319 3.097 12.3319 64.603
155.4 77.682 3.07236 12.282 64.6276
155.5 77.732 3.04781 12.232 64.6522
155.6 77.7821 3.02336 12.1821 64.6766
155.7 77.8322 2.999 12.1322 64.701
155.8 77.8822 2.97473 12.0823 64.7253
155.9 77.9323 2.95056 12.0323 64.7494
156 77.9824 2.92649 11.9824 64.7735
156.1 78.0324 2.9025 11.9325 64.7975
156.2 78.0825 2.87862 11.8825 64.8214
156.3 78.1326 2.85482 11.8326 64.8452
156.4 78.1826 2.83112 11.7827 64.8689
156.5 78.2327 2.80752 11.7327 64.8925
156.6 78.2828 2.78401 11.6828 64.916
156.7 78.3329 2.76059 11.6329 64.9394
156.8 78.3829 2.73727 11.5829 64.9627
156.9 78.433 2.71404 11.533 64.986
157 78.4831 2.69091 11.4831 65.0091
157.1 78.5331 2.66787 11.4332 65.0321
157.2 78.5832 2.64493 11.3832 65.0551
157.3 78.6333 2.62209 11.3333 65.0779
157.4 78.6833 2.59933 11.2834 65.1007
157.5 78.7334 2.57668 11.2334 65.1233
157.6 78.7835 2.55412 11.1835 65.1459
157.7 78.8335 2.53165 11.1336 65.1683
157.8 78.8836 2.50928 11.0836 65.1907
157.9 78.9337 2.48701 11.0337 65.213
158 78.9838 2.46483 10.9838 65.2352
158.1 79.0338 2.44274 10.9339 65.2573
158.2 79.0839 2.42075 10.8839 65.2792
158.3 79.134 2.39886 10.834 65.3011
158.4 79.184 2.37707 10.7841 65.3229
158.5 79.2341 2.35537 10.7341 65.3446
158.6 79.2842 2.33376 10.6842 65.3662
158.7 79.3343 2.31225 10.6343 65.3877
158.8 79.3843 2.29084 10.5843 65.4092
158.9 79.4344 2.26952 10.5344 65.4305
159 79.4845 2.2483 10.4845 65.4517
159.1 79.5345 2.22718 10.4346 65.4728
159.2 79.5846 2.20615 10.3846 65.4938
159.3 79.6347 2.18522 10.3347 65.5148
159.4 79.6847 2.16438 10.2848 65.5356
159.5 79.7348 2.14365 10.2348 65.5564
159.6 79.7849 2.123 10.1849 65.577
159.7 79.835 2.10246 10.135 65.5975
159.8 79.885 2.08201 10.0851 65.618
159.9 79.9351 2.06166 10.0351 65.6383
160 79.9852 2.0414 9.98519 65.6586
160.1 80.0352 2.02125 9.93526 65.6788
160.2 80.0853 2.00119 9.88534 65.6988
160.3 80.1354 1.98122 9.83541 65.7188
160.4 80.1855 1.96136 9.78548 65.7386
160.5 80.2355 1.94159 9.73555 65.7584
160.6 80.2856 1.92191 9.68562 65.7781
160.7 80.3357 1.90234 9.63569 65.7977
160.8 80.3857 1.88286 9.58576 65.8171
160.9 80.4358 1.86348 9.53583 65.8365
161 80.4859 1.8442 9.48591 65.8558
161.1 80.536 1.82501 9.43598 65.875
161.2 80.586 1.80592 9.38605 65.8941
161.3 80.6361 1.78693 9.33612 65.9131
161.4 80.6862 1.76804 9.28619 65.932
161.5 80.7362 1.74924 9.23626 65.9508
161.6 80.7863 1.73055 9.18633 65.9695
161.7 80.8364 1.71195 9.13641 65.9881
161.8 80.8865 1.69345 9.08648 66.0066
161.9 80.9365 1.67504 9.03655 66.025
162 80.9866 1.65674 8.98662 66.0433
162.1 81.0367 1.63853 8.93669 66.0615
162.2 81.0867 1.62042 8.88677 66.0796
162.3 81.1368 1.60241 8.83684 66.0976
162.4 81.1869 1.5845 8.78691 66.1155
162.5 81.237 1.56668 8.73698 66.1333
162.6 81.287 1.54896 8.68705 66.151
162.7 81.3371 1.53135 8.63713 66.1687
162.8 81.3872 1.51383 8.5872 66.1862
162.9 81.4373 1.49641 8.53727 66.2036
163 81.4873 1.47908 8.48734 66.2209
163.1 81.5374 1.46186 8.43741 66.2381
163.2 81.5875 1.44474 8.38749 66.2553
163.3 81.6375 1.42771 8.33756 66.2723
163.4 81.6876 1.41078 8.28763 66.2892
163.5 81.7377 1.39395 8.2377 66.306
163.6 81.7878 1.37722 8.18778 66.3228
163.7 81.8378 1.36059 8.13785 66.3394
163.8 81.8879 1.34406 8.08792 66.3559
163.9 81.938 1.32763 8.03799 66.3724
164 81.988 1.31129 7.98807 66.3887
164.1 82.0381 1.29506 7.93814 66.4049
164.2 82.0882 1.27892 7.88821 66.4211
164.3 82.1383 1.26288 7.83829 66.4371
164.4 82.1883 1.24695 7.78836 66.4531
164.5 82.2384 1.23111 7.73843 66.4689
164.6 82.2885 1.21537 7.6885 66.4846
164.7 82.3386 1.19973 7.63858 66.5003
164.8 82.3886 1.18419 7.58865 66.5158
164.9 82.4387 1.16875 7.53872 66.5312
165 82.4888 1.15341 7.4888 66.5466
165.1 82.5389 1.13817 7.43887 66.5618
165.2 82.5889 1.12303 7.38894 66.577
165.3 82.639 1.10799 7.33901 66.592
165.4 82.6891 1.09304 7.28909 66.607
165.5 82.7391 1.0782 7.23916 66.6218
165.6 82.7892 1.06346 7.18923 66.6365
165.7 82.8393 1.04882 7.13931 66.6512
165.8 82.8894 1.03427 7.08938 66.6657
165.9 82.9394 1.01983 7.03945 66.6802
166 82.9895 1.00549 6.98953 66.6945
166.1 83.0396 0.991247 6.9396 66.7088
166.2 83.0897 0.977105 6.88967 66.7229
166.3 83.1397 0.963062 6.83975 66.7369
166.4 83.1898 0.94912 6.78982 66.7509
166.5 83.2399 0.935278 6.73989 66.7647
166.6 83.29 0.921537 6.68997 66.7785
166.7 83.34 0.907895 6.64004 66.7921
166.8 83.3901 0.894354 6.59011 66.8056
166.9 83.4402 0.880914 6.54019 66.8191
167 83.4902 0.867573 6.49026 66.8324
167.1 83.5403 0.854334 6.44034 66.8457
167.2 83.5904 0.841194 6.39041 66.8588
167.3 83.6405 0.828156 6.34048 66.8718
167.4 83.6905 0.815218 6.29056 66.8848
167.5 83.7406 0.80238 6.24063 66.8976
167.6 83.7907 0.789643 6.1907 66.9104
167.7 83.8408 0.777007 6.14078 66.923
167.8 83.8908 0.764472 6.09085 66.9355
167.9 83.9409 0.752037 6.04093 66.948
168 83.991 0.739704 5.991 66.9603
168.1 84.0411 0.727471 5.94107 66.9725
168.2 84.0911 0.715339 5.89115 66.9847
168.3 84.1412 0.703308 5.84122 66.9967
168.4 84.1913 0.691378 5.7913 67.0086
168.5 84.2414 0.679549 5.74137 67.0205
168.6 84.2914 0.667821 5.69144 67.0322
168.7 84.3415 0.656194 5.64152 67.0438
168.8 84.3916 0.644668 5.59159 67.0553
168.9 84.4417 0.633243 5.54167 67.0668
169 84.4917 0.62192 5.49174 67.0781
169.1 84.5418 0.610698 5.44181 67.0893
169.2 84.5919 0.599577 5.39189 67.1004
169.3 84.642 0.588557 5.34196 67.1114
169.4 84.692 0.577638 5.29204 67.1224
169.5 84.7421 0.566821 5.24211 67.1332
169.6 84.7922 0.556106 5.19219 67.1439
169.7 84.8422 0.545491 5.14226 67.1545
169.8 84.8923 0.534979 5.09233 67.165
169.9 84.9424 0.524567 5.04241 67.1754
170 84.9925 0.514258 4.99248 67.1857
170.1 85.0425 0.504049 4.94256 67.196
170.2 85.0926 0.493943 4.89263 67.2061
170.3 85.1427 0.483938 4.84271 67.2161
170.4 85.1928 0.474034 4.79278 67.226
170.5 85.2428 0.464232 4.74285 67.2358
170.6 85.2929 0.454532 4.69293 67.2455
170.7 85.343 0.444934 4.643 67.2551
170.8 85.3931 0.435437 4.59308 67.2646
170.9 85.4431 0.426043 4.54315 67.274
171 85.4932 0.41675 4.49323 67.2833
171.1 85.5433 0.407559 4.4433 67.2924
171.2 85.5934 0.398469 4.39338 67.3015
171.3 85.6434 0.389482 4.34345 67.3105
171.4 85.6935 0.380597 4.29353 67.3194
171.5 85.7436 0.371813 4.2436 67.3282
171.6 85.7937 0.363132 4.19368 67.3369
171.7 85.8437 0.354552 4.14375 67.3454
171.8 85.8938 0.346075 4.09383 67.3539
171.9 85.9439 0.337699 4.0439 67.3623
172 85.994 0.329426 3.99398 67.3706
172.1 86.044 0.321255 3.94405 67.3787
172.2 86.0941 0.313186 3.89412 67.3868
172.3 86.1442 0.305219 3.8442 67.3948
172.4 86.1943 0.297354 3.79427 67.4026
172.5 86.2443 0.289591 3.74435 67.4104
172.6 86.2944 0.281931 3.69442 67.4181
172.7 86.3445 0.274373 3.6445 67.4256
172.8 86.3946 0.266917 3.59457 67.4331
172.9 86.4446 0.259564 3.54465 67.4404
173 86.4947 0.252313 3.49472 67.4477
173.1 86.5448 0.245164 3.4448 67.4548
173.2 86.5949 0.238118 3.39487 67.4619
173.3 86.6449 0.231174 3.34495 67.4688
173.4 86.695 0.224332 3.29502 67.4757
173.5 86.7451 0.217593 3.2451 67.4824
173.6 86.7952 0.210956 3.19517 67.489
173.7 86.8452 0.204422 3.14525 67.4956
173.8 86.8953 0.19799 3.09532 67.502
173.9 86.9454 0.191661 3.0454 67.5083
174 86.9955 0.185434 2.99547 67.5146
174.1 87.0455 0.17931 2.94555 67.5207
174.2 87.0956 0.173288 2.89563 67.5267
174.3 87.1457 0.167369 2.8457 67.5326
174.4 87.1958 0.161553 2.79578 67.5384
174.5 87.2458 0.155839 2.74585 67.5442
174.6 87.2959 0.150227 2.69593 67.5498
174.7 87.346 0.144719 2.646 67.5553
174.8 87.3961 0.139313 2.59608 67.5607
174.9 87.4461 0.13401 2.54615 67.566
175 87.4962 0.128809 2.49623 67.5712
175.1 87.5463 0.123712 2.4463 67.5763
175.2 87.5964 0.118717 2.39638 67.5813
175.3 87.6464 0.113824 2.34645 67.5862
175.4 87.6965 0.109035 2.29653 67.591
175.5 87.7466 0.104348 2.2466 67.5957
175.6 87.7967 0.0997643 2.19668 67.6002
175.7 87.8467 0.0952832 2.14675 67.6047
175.8 87.8968 0.0909049 2.09683 67.6091
175.9 87.9469 0.0866295 2.0469 67.6134
176 87.997 0.0824569 1.99698 67.6175
176.1 88.0471 0.0783872 1.94706 67.6216
176.2 88.0971 0.0744203 1.89713 67.6256
176.3 88.1472 0.0705563 1.84721 67.6294
176.4 88.1973 0.0667952 1.79728 67.6332
176.5 88.2474 0.0631371 1.74736 67.6369
176.6 88.2974 0.0595818 1.69743 67.6404
176.7 88.3475 0.0561295 1.64751 67.6439
176.8 88.3976 0.0527801 1.59758 67.6472
176.9 88.4477 0.0495337 1.54766 67.6505
177 88.4977 0.0463902 1.49773 67.6536
177.1 88.5478 0.0433498 1.44781 67.6567
177.2 88.5979 0.0404123 1.39789 67.6596
177.3 88.648 0.0375777 1.34796 67.6624
177.4 88.698 0.0348462 1.29804 67.6652
177.5 88.7481 0.0322177 1.24811 67.6678
177.6 88.7982 0.0296922 1.19819 67.6703
177.7 88.8483 0.0272697 1.14826 67.6727
177.8 88.8983 0.0249503 1.09834 67.675
177.9 88.9484 0.0227339 1.04841 67.6773
178 88.9985 0.0206205 0.998489 67.6794
178.1 89.0486 0.0186102 0.948565 67.6814
178.2 89.0986 0.0167029 0.89864 67.6833
178.3 89.1487 0.0148987 0.848716 67.6851
178.4 89.1988 0.0131976 0.798791 67.6868
178.5 89.2489 0.0115995 0.748867 67.6884
178.6 89.2989 0.0101046 0.698942 67.6899
178.7 89.349 0.00871267 0.649018 67.6913
178.8 89.3991 0.00742386 0.599093 67.6926
178.9 89.4492 0.00623814 0.549169 67.6938
179 89.4992 0.00515552 0.499244 67.6948
179.1 89.5493 0.00417599 0.44932 67.6958
179.2 89.5994 0.00329956 0.399396 67.6967
179.3 89.6495 0.00252624 0.349471 67.6975
179.4 89.6995 0.00185602 0.299547 67.6981
179.5 89.7496 0.0012889 0.249622 67.6987
179.6 89.7997 0.000824901 0.199698 67.6992
179.7 89.8498 0.000464007 0.149773 67.6995
179.8 89.8998 0.000206226 0.0998489 67.6998
179.9 89.9499 5.15565e-05 0.0499244 67.6999
180 1.45747 0 3.50305e-15 67.7
