#theta_cm, theta3_lab, Ek3_lab, theta4_lab, Ek4_lab
0 0 63.1813 0 0.0786815
0.1 0.048175 63.1813 1.36652 0.0787295
0.2 0.09635 63.1811 2.7313 0.0788737
0.3 0.144525 63.1809 4.09265 0.079114
0.4 0.1927 63.1805 5.44886 0.0794503
0.5 0.240875 63.1801 6.79829 0.0798828
0.6 0.28905 63.1796 8.13932 0.0804115
0.7 0.337225 63.179 9.47042 0.0810362
0.8 0.3854 63.1782 10.7901 0.081757
0.9 0.433575 63.1774 12.097 0.0825739
1 0.48175 63.1765 13.3897 0.0834869
1.1 0.529925 63.1755 14.6671 0.0844961
1.2 0.5781 63.1744 15.9279 0.0856013
1.3 0.626274 63.1732 17.1713 0.0868026
1.4 0.674449 63.1719 18.3961 0.0881
1.5 0.722624 63.1705 19.6017 0.0894935
1.6 0.770799 63.169 20.7872 0.090983
1.7 0.818973 63.1674 21.9519 0.0925686
1.8 0.867148 63.1657 23.0955 0.0942503
1.9 0.915323 63.164 24.2173 0.0960281
2 0.963497 63.1621 25.3171 0.0979019
2.1 1.01167 63.1601 26.3945 0.0998718
2.2 1.05985 63.1581 27.4494 0.101938
2.3 1.10802 63.1559 28.4816 0.1041
2.4 1.15619 63.1536 29.4911 0.106358
2.5 1.20437 63.1513 30.4778 0.108712
2.6 1.25254 63.1488 31.4419 0.111162
2.7 1.30072 63.1463 32.3835 0.113708
2.8 1.34889 63.1437 33.3027 0.11635
2.9 1.39707 63.1409 34.1997 0.119088
3 1.44524 63.1381 35.0749 0.121922
3.1 1.49341 63.1351 35.9284 0.124852
3.2 1.54159 63.1321 36.7607 0.127878
3.3 1.58976 63.129 37.572 0.131
3.4 1.63793 63.1258 38.3627 0.134218
3.5 1.68611 63.1225 39.1332 0.137532
3.6 1.73428 63.1191 39.8838 0.140942
3.7 1.78246 63.1156 40.6151 0.144447
3.8 1.83063 63.112 41.3274 0.148049
3.9 1.8788 63.1083 42.0211 0.151747
4 1.92697 63.1045 42.6967 0.15554
4.1 1.97515 63.1006 43.3546 0.159429
4.2 2.02332 63.0966 43.9952 0.163414
4.3 2.07149 63.0925 44.619 0.167495
4.4 2.11967 63.0883 45.2264 0.171672
4.5 2.16784 63.0841 45.8178 0.175945
4.6 2.21601 63.0797 46.3936 0.180314
4.7 2.26418 63.0752 46.9543 0.184778
4.8 2.31236 63.0707 47.5003 0.189338
4.9 2.36053 63.066 48.0319 0.193994
5 2.4087 63.0613 48.5496 0.198745
5.1 2.45687 63.0564 49.0538 0.203593
5.2 2.50504 63.0515 49.5447 0.208536
5.3 2.55322 63.0464 50.0229 0.213575
5.4 2.60139 63.0413 50.4887 0.218709
5.5 2.64956 63.0361 50.9423 0.223939
5.6 2.69773 63.0307 51.3843 0.229265
5.7 2.7459 63.0253 51.8148 0.234687
5.8 2.79407 63.0198 52.2343 0.240204
5.9 2.84224 63.0142 52.643 0.245817
6 2.89041 63.0085 53.0413 0.251525
6.1 2.93858 63.0027 53.4294 0.257329
6.2 2.98675 62.9968 53.8077 0.263229
6.3 3.03492 62.9908 54.1764 0.269224
6.4 3.08309 62.9847 54.5358 0.275315
6.5 3.13126 62.9785 54.8862 0.281501
6.6 3.17943 62.9722 55.2278 0.287782
6.7 3.2276 62.9658 55.5609 0.294159
6.8 3.27577 62.9594 55.8857 0.300632
6.9 3.32394 62.9528 56.2025 0.3072
7 3.37211 62.9461 56.5114 0.313863
7.1 3.42028 62.9394 56.8128 0.320622
7.2 3.46845 62.9325 57.1068 0.327477
7.3 3.51662 62.9256 57.3936 0.334426
7.4 3.56479 62.9185 57.6734 0.341471
7.5 3.61295 62.9114 57.9465 0.348611
7.6 3.66112 62.9042 58.2129 0.355847
7.7 3.70929 62.8968 58.473 0.363177
7.8 3.75746 62.8894 58.7268 0.370603
7.9 3.80562 62.8819 58.9745 0.378125
8 3.85379 62.8743 59.2163 0.385741
8.1 3.90196 62.8665 59.4524 0.393453
8.2 3.95013 62.8587 59.6829 0.401259
8.3 3.99829 62.8508 59.908 0.409161
8.4 4.04646 62.8428 60.1278 0.417158
8.5 4.09462 62.8347 60.3424 0.42525
8.6 4.14279 62.8266 60.552 0.433437
8.7 4.19096 62.8183 60.7567 0.44172
8.8 4.23912 62.8099 60.9566 0.450097
8.9 4.28729 62.8014 61.152 0.458569
9 4.33545 62.7929 61.3428 0.467136
9.1 4.38362 62.7842 61.5292 0.475798
9.2 4.43178 62.7754 61.7113 0.484555
9.3 4.47995 62.7666 61.8892 0.493407
9.4 4.52811 62.7576 62.063 0.502353
9.5 4.57628 62.7486 62.2329 0.511395
9.6 4.62444 62.7395 62.3989 0.520531
9.7 4.6726 62.7302 62.5612 0.529762
9.8 4.72077 62.7209 62.7197 0.539088
9.9 4.76893 62.7115 62.8746 0.548508
10 4.81709 62.702 63.0261 0.558024
10.1 4.86525 62.6924 63.1741 0.567633
10.2 4.91342 62.6827 63.3188 0.577338
10.3 4.96158 62.6729 63.4602 0.587137
10.4 5.00974 62.663 63.5984 0.59703
10.5 5.0579 62.653 63.7335 0.607019
10.6 5.10606 62.6429 63.8656 0.617101
10.7 5.15422 62.6327 63.9947 0.627278
10.8 5.20238 62.6225 64.1209 0.63755
10.9 5.25055 62.6121 64.2443 0.647916
11 5.29871 62.6016 64.3649 0.658376
11.1 5.34687 62.5911 64.4828 0.668931
11.2 5.39503 62.5804 64.5981 0.67958
11.3 5.44318 62.5697 64.7108 0.690323
11.4 5.49134 62.5588 64.821 0.701161
11.5 5.5395 62.5479 64.9287 0.712092
11.6 5.58766 62.5369 65.034 0.723118
11.7 5.63582 62.5258 65.1369 0.734238
11.8 5.68398 62.5145 65.2375 0.745453
11.9 5.73213 62.5032 65.3359 0.756761
12 5.78029 62.4918 65.432 0.768163
12.1 5.82845 62.4803 65.526 0.779659
12.2 5.87661 62.4688 65.6179 0.79125
12.3 5.92476 62.4571 65.7077 0.802934
12.4 5.97292 62.4453 65.7954 0.814712
12.5 6.02107 62.4334 65.8812 0.826584
12.6 6.06923 62.4215 65.9651 0.83855
12.7 6.11738 62.4094 66.047 0.85061
12.8 6.16554 62.3972 66.1271 0.862763
12.9 6.21369 62.385 66.2053 0.87501
13 6.26185 62.3726 66.2817 0.887351
13.1 6.31 62.3602 66.3564 0.899785
13.2 6.35816 62.3477 66.4294 0.912314
13.3 6.40631 62.3351 66.5007 0.924935
13.4 6.45446 62.3223 66.5703 0.93765
13.5 6.50261 62.3095 66.6384 0.950459
13.6 6.55077 62.2966 66.7048 0.963361
13.7 6.59892 62.2836 66.7697 0.976357
13.8 6.64707 62.2706 66.833 0.989446
13.9 6.69522 62.2574 66.8949 1.00263
14 6.74337 62.2441 66.9553 1.0159
14.1 6.79152 62.2307 67.0142 1.02927
14.2 6.83967 62.2173 67.0718 1.04273
14.3 6.88782 62.2037 67.1279 1.05629
14.4 6.93597 62.1901 67.1827 1.06994
14.5 6.98412 62.1763 67.2362 1.08368
14.6 7.03227 62.1625 67.2884 1.09751
14.7 7.08042 62.1486 67.3392 1.11144
14.8 7.12857 62.1345 67.3888 1.12546
14.9 7.17671 62.1204 67.4372 1.13958
15 7.22486 62.1062 67.4844 1.15378
15.1 7.27301 62.0919 67.5303 1.16808
15.2 7.32115 62.0775 67.5751 1.18247
15.3 7.3693 62.063 67.6187 1.19696
15.4 7.41745 62.0485 67.6613 1.21153
15.5 7.46559 62.0338 67.7027 1.2262
15.6 7.51374 62.019 67.743 1.24097
15.7 7.56188 62.0042 67.7822 1.25582
15.8 7.61003 61.9892 67.8204 1.27077
15.9 7.65817 61.9742 67.8575 1.28581
16 7.70631 61.9591 67.8936 1.30094
16.1 7.75446 61.9438 67.9288 1.31617
16.2 7.8026 61.9285 67.9629 1.33149
16.3 7.85074 61.9131 67.9961 1.3469
16.4 7.89888 61.8976 68.0283 1.3624
16.5 7.94702 61.882 68.0596 1.37799
16.6 7.99516 61.8663 68.09 1.39368
16.7 8.0433 61.8505 68.1195 1.40946
16.8 8.09144 61.8347 68.1481 1.42533
16.9 8.13958 61.8187 68.1758 1.44129
17 8.18772 61.8027 68.2026 1.45734
17.1 8.23586 61.7865 68.2286 1.47349
17.2 8.284 61.7703 68.2538 1.48973
17.3 8.33214 61.7539 68.2782 1.50606
17.4 8.38028 61.7375 68.3017 1.52248
17.5 8.42841 61.721 68.3245 1.53899
17.6 8.47655 61.7044 68.3465 1.5556
17.7 8.52469 61.6877 68.3677 1.5723
17.8 8.57282 61.6709 68.3882 1.58908
17.9 8.62096 61.654 68.4079 1.60596
18 8.66909 61.6371 68.4269 1.62293
18.1 8.71723 61.62 68.4451 1.64
18.2 8.76536 61.6028 68.4627 1.65715
18.3 8.81349 61.5856 68.4795 1.6744
18.4 8.86163 61.5683 68.4957 1.69173
18.5 8.90976 61.5508 68.5112 1.70916
18.6 8.95789 61.5333 68.526 1.72668
18.7 9.00602 61.5157 68.5402 1.74429
18.8 9.05415 61.498 68.5537 1.76199
18.9 9.10228 61.4802 68.5666 1.77978
19 9.15041 61.4623 68.5789 1.79767
19.1 9.19854 61.4444 68.5905 1.81564
19.2 9.24667 61.4263 68.6015 1.8337
19.3 9.2948 61.4081 68.612 1.85186
19.4 9.34293 61.3899 68.6218 1.87011
19.5 9.39106 61.3716 68.6311 1.88844
19.6 9.43918 61.3531 68.6397 1.90687
19.7 9.48731 61.3346 68.6479 1.92539
19.8 9.53543 61.316 68.6554 1.944
19.9 9.58356 61.2973 68.6624 1.9627
20 9.63169 61.2785 68.6689 1.98149
20.1 9.67981 61.2596 68.6748 2.00036
20.2 9.72793 61.2407 68.6802 2.01933
20.3 9.77606 61.2216 68.6851 2.03839
20.4 9.82418 61.2025 68.6895 2.05755
20.5 9.8723 61.1832 68.6933 2.07679
20.6 9.92042 61.1639 68.6967 2.09612
20.7 9.96855 61.1445 68.6996 2.11554
20.8 10.0167 61.125 68.702 2.13505
20.9 10.0648 61.1054 68.7039 2.15465
21 10.1129 61.0857 68.7053 2.17434
21.1 10.161 61.0659 68.7063 2.19412
21.2 10.2091 61.046 68.7068 2.21398
21.3 10.2573 61.0261 68.7069 2.23394
21.4 10.3054 61.006 68.7065 2.25399
21.5 10.3535 60.9859 68.7057 2.27413
21.6 10.4016 60.9656 68.7044 2.29436
21.7 10.4497 60.9453 68.7027 2.31467
21.8 10.4978 60.9249 68.7006 2.33508
21.9 10.546 60.9044 68.6981 2.35557
22 10.5941 60.8838 68.6951 2.37616
22.1 10.6422 60.8632 68.6918 2.39683
22.2 10.6903 60.8424 68.688 2.41759
22.3 10.7384 60.8216 68.6839 2.43845
22.4 10.7865 60.8006 68.6793 2.45939
22.5 10.8346 60.7796 68.6744 2.48042
22.6 10.8827 60.7585 68.6691 2.50153
22.7 10.9309 60.7373 68.6634 2.52274
22.8 10.979 60.716 68.6573 2.54404
22.9 11.0271 60.6946 68.6509 2.56542
23 11.0752 60.6731 68.6441 2.58689
23.1 11.1233 60.6515 68.637 2.60845
23.2 11.1714 60.6299 68.6295 2.6301
23.3 11.2195 60.6082 68.6216 2.65184
23.4 11.2676 60.5863 68.6134 2.67367
23.5 11.3157 60.5644 68.6049 2.69558
23.6 11.3638 60.5424 68.596 2.71758
23.7 11.4119 60.5203 68.5868 2.73968
23.8 11.46 60.4981 68.5773 2.76185
23.9 11.5081 60.4759 68.5674 2.78412
24 11.5562 60.4535 68.5572 2.80647
24.1 11.6043 60.4311 68.5467 2.82892
24.2 11.6524 60.4086 68.5359 2.85145
24.3 11.7005 60.3859 68.5248 2.87406
24.4 11.7486 60.3632 68.5134 2.89677
24.5 11.7967 60.3404 68.5016 2.91956
24.6 11.8448 60.3176 68.4896 2.94244
24.7 11.8929 60.2946 68.4773 2.96541
24.8 11.941 60.2715 68.4647 2.98846
24.9 11.9891 60.2484 68.4518 3.01161
25 12.0372 60.2252 68.4386 3.03484
25.1 12.0853 60.2018 68.4251 3.05815
25.2 12.1334 60.1784 68.4113 3.08156
25.3 12.1815 60.155 68.3973 3.10505
25.4 12.2296 60.1314 68.383 3.12862
25.5 12.2777 60.1077 68.3685 3.15229
25.6 12.3258 60.084 68.3536 3.17604
25.7 12.3739 60.0601 68.3385 3.19988
25.8 12.422 60.0362 68.3232 3.2238
25.9 12.4701 60.0122 68.3076 3.24781
26 12.5181 59.9881 68.2917 3.27191
26.1 12.5662 59.9639 68.2756 3.29609
26.2 12.6143 59.9396 68.2592 3.32036
26.3 12.6624 59.9153 68.2426 3.34472
26.4 12.7105 59.8908 68.2258 3.36916
26.5 12.7586 59.8663 68.2087 3.39369
26.6 12.8067 59.8417 68.1913 3.4183
26.7 12.8547 59.817 68.1738 3.443
26.8 12.9028 59.7922 68.156 3.46779
26.9 12.9509 59.7673 68.1379 3.49266
27 12.999 59.7424 68.1197 3.51762
27.1 13.0471 59.7173 68.1012 3.54266
27.2 13.0952 59.6922 68.0825 3.56779
27.3 13.1432 59.667 68.0636 3.593
27.4 13.1913 59.6417 68.0444 3.6183
27.5 13.2394 59.6163 68.0251 3.64369
27.6 13.2875 59.5908 68.0055 3.66916
27.7 13.3356 59.5653 67.9857 3.69471
27.8 13.3836 59.5396 67.9657 3.72035
27.9 13.4317 59.5139 67.9455 3.74608
28 13.4798 59.4881 67.9251 3.77189
28.1 13.5279 59.4622 67.9045 3.79779
28.2 13.5759 59.4362 67.8837 3.82377
28.3 13.624 59.4102 67.8627 3.84983
28.4 13.6721 59.384 67.8415 3.87598
28.5 13.7201 59.3578 67.8201 3.90221
28.6 13.7682 59.3315 67.7985 3.92853
28.7 13.8163 59.3051 67.7767 3.95494
28.8 13.8643 59.2786 67.7548 3.98142
28.9 13.9124 59.252 67.7326 4.00799
29 13.9605 59.2253 67.7103 4.03465
29.1 14.0085 59.1986 67.6877 4.06139
29.2 14.0566 59.1718 67.665 4.08821
29.3 14.1047 59.1449 67.6422 4.11512
29.4 14.1527 59.1179 67.6191 4.14211
29.5 14.2008 59.0908 67.5959 4.16919
29.6 14.2489 59.0637 67.5725 4.19635
29.7 14.2969 59.0364 67.5489 4.22359
29.8 14.345 59.0091 67.5251 4.25091
29.9 14.393 58.9817 67.5012 4.27832
30 14.4411 58.9542 67.4771 4.30582
30.1 14.4892 58.9266 67.4529 4.33339
30.2 14.5372 58.8989 67.4284 4.36105
30.3 14.5853 58.8712 67.4039 4.38879
30.4 14.6333 58.8434 67.3791 4.41662
30.5 14.6814 58.8155 67.3542 4.44452
30.6 14.7294 58.7875 67.3292 4.47252
30.7 14.7775 58.7594 67.304 4.50059
30.8 14.8256 58.7313 67.2786 4.52874
30.9 14.8736 58.703 67.2531 4.55698
31 14.9217 58.6747 67.2274 4.5853
31.1 14.9697 58.6463 67.2016 4.61371
31.2 15.0178 58.6178 67.1756 4.64219
31.3 15.0658 58.5892 67.1495 4.67076
31.4 15.1138 58.5606 67.1232 4.69941
31.5 15.1619 58.5319 67.0968 4.72814
31.6 15.2099 58.503 67.0703 4.75696
31.7 15.258 58.4741 67.0436 4.78585
31.8 15.306 58.4452 67.0167 4.81483
31.9 15.3541 58.4161 66.9898 4.84389
32 15.4021 58.387 66.9626 4.87303
32.1 15.4502 58.3577 66.9354 4.90225
32.2 15.4982 58.3284 66.908 4.93156
32.3 15.5462 58.2991 66.8805 4.96094
32.4 15.5943 58.2696 66.8528 4.99041
32.5 15.6423 58.24 66.825 5.01996
32.6 15.6903 58.2104 66.7971 5.04959
32.7 15.7384 58.1807 66.7691 5.0793
32.8 15.7864 58.1509 66.7409 5.10909
32.9 15.8345 58.121 66.7126 5.13896
33 15.8825 58.0911 66.6842 5.16891
33.1 15.9305 58.0611 66.6556 5.19894
33.2 15.9785 58.0309 66.6269 5.22905
33.3 16.0266 58.0008 66.5981 5.25925
33.4 16.0746 57.9705 66.5692 5.28952
33.5 16.1226 57.9401 66.5402 5.31988
33.6 16.1707 57.9097 66.511 5.35031
33.7 16.2187 57.8792 66.4817 5.38082
33.8 16.2667 57.8486 66.4523 5.41142
33.9 16.3147 57.8179 66.4228 5.44209
34 16.3628 57.7872 66.3932 5.47285
34.1 16.4108 57.7563 66.3634 5.50368
34.2 16.4588 57.7254 66.3336 5.53459
34.3 16.5068 57.6944 66.3036 5.56559
34.4 16.5548 57.6633 66.2735 5.59666
34.5 16.6029 57.6322 66.2433 5.62781
34.6 16.6509 57.601 66.213 5.65904
34.7 16.6989 57.5697 66.1826 5.69035
34.8 16.7469 57.5383 66.1521 5.72174
34.9 16.7949 57.5068 66.1215 5.75321
35 16.8429 57.4752 66.0907 5.78475
35.1 16.891 57.4436 66.0599 5.81638
35.2 16.939 57.4119 66.029 5.84808
35.3 16.987 57.3801 65.9979 5.87986
35.4 17.035 57.3483 65.9668 5.91172
35.5 17.083 57.3163 65.9355 5.94366
35.6 17.131 57.2843 65.9042 5.97568
35.7 17.179 57.2522 65.8727 6.00778
35.8 17.227 57.22 65.8412 6.03995
35.9 17.275 57.1878 65.8095 6.0722
36 17.323 57.1555 65.7778 6.10453
36.1 17.371 57.1231 65.7459 6.13694
36.2 17.419 57.0906 65.714 6.16942
36.3 17.467 57.058 65.6819 6.20199
36.4 17.515 57.0254 65.6498 6.23463
36.5 17.563 56.9927 65.6176 6.26734
36.6 17.611 56.9599 65.5853 6.30014
36.7 17.659 56.927 65.5529 6.33301
36.8 17.707 56.894 65.5204 6.36596
36.9 17.755 56.861 65.4878 6.39898
37 17.803 56.8279 65.4551 6.43209
37.1 17.851 56.7947 65.4223 6.46526
37.2 17.899 56.7615 65.3895 6.49852
37.3 17.947 56.7281 65.3565 6.53185
37.4 17.995 56.6947 65.3235 6.56526
37.5 18.043 56.6613 65.2904 6.59875
37.6 18.091 56.6277 65.2572 6.63231
37.7 18.1389 56.5941 65.2239 6.66595
37.8 18.1869 56.5603 65.1905 6.69966
37.9 18.2349 56.5266 65.1571 6.73345
38 18.2829 56.4927 65.1235 6.76732
38.1 18.3309 56.4587 65.0899 6.80126
38.2 18.3789 56.4247 65.0562 6.83527
38.3 18.4268 56.3906 65.0224 6.86937
38.4 18.4748 56.3565 64.9885 6.90353
38.5 18.5228 56.3222 64.9546 6.93778
38.6 18.5708 56.2879 64.9206 6.97209
38.7 18.6187 56.2535 64.8865 7.00649
38.8 18.6667 56.219 64.8523 7.04096
38.9 18.7147 56.1845 64.818 7.0755
39 18.7627 56.1499 64.7837 7.11012
39.1 18.8106 56.1152 64.7493 7.14481
39.2 18.8586 56.0804 64.7148 7.17958
39.3 18.9066 56.0456 64.6802 7.21442
39.4 18.9545 56.0107 64.6456 7.24934
39.5 19.0025 55.9757 64.6109 7.28433
39.6 19.0505 55.9406 64.5761 7.31939
39.7 19.0984 55.9055 64.5412 7.35453
39.8 19.1464 55.8703 64.5063 7.38974
39.9 19.1944 55.835 64.4713 7.42503
40 19.2423 55.7996 64.4362 7.46039
40.1 19.2903 55.7642 64.4011 7.49582
40.2 19.3382 55.7287 64.3658 7.53133
40.3 19.3862 55.6931 64.3305 7.56691
40.4 19.4341 55.6574 64.2952 7.60257
40.5 19.4821 55.6217 64.2598 7.63829
40.6 19.53 55.5859 64.2243 7.6741
40.7 19.578 55.55 64.1887 7.70997
40.8 19.6259 55.5141 64.1531 7.74592
40.9 19.6739 55.4781 64.1174 7.78193
41 19.7218 55.442 64.0816 7.81803
41.1 19.7698 55.4058 64.0458 7.85419
41.2 19.8177 55.3696 64.0099 7.89043
41.3 19.8657 55.3333 63.974 7.92674
41.4 19.9136 55.2969 63.9379 7.96312
41.5 19.9616 55.2604 63.9019 7.99957
41.6 20.0095 55.2239 63.8657 8.0361
41.7 20.0574 55.1873 63.8295 8.07269
41.8 20.1054 55.1506 63.7932 8.10936
41.9 20.1533 55.1139 63.7569 8.1461
42 20.2013 55.0771 63.7205 8.18291
42.1 20.2492 55.0402 63.684 8.2198
42.2 20.2971 55.0032 63.6475 8.25675
42.3 20.3451 54.9662 63.6109 8.29378
42.4 20.393 54.9291 63.5743 8.33088
42.5 20.4409 54.892 63.5376 8.36804
42.6 20.4888 54.8547 63.5008 8.40528
42.7 20.5368 54.8174 63.464 8.44259
42.8 20.5847 54.78 63.4271 8.47997
42.9 20.6326 54.7426 63.3902 8.51742
43 20.6805 54.7051 63.3532 8.55494
43.1 20.7285 54.6675 63.3162 8.59254
43.2 20.7764 54.6298 63.2791 8.6302
43.3 20.8243 54.5921 63.2419 8.66793
43.4 20.8722 54.5543 63.2047 8.70573
43.5 20.9201 54.5164 63.1674 8.7436
43.6 20.9681 54.4785 63.1301 8.78154
43.7 21.016 54.4404 63.0927 8.81956
43.8 21.0639 54.4024 63.0552 8.85764
43.9 21.1118 54.3642 63.0178 8.89579
44 21.1597 54.326 62.9802 8.934
44.1 21.2076 54.2877 62.9426 8.97229
44.2 21.2555 54.2494 62.905 9.01065
44.3 21.3034 54.2109 62.8673 9.04908
44.4 21.3513 54.1724 62.8295 9.08757
44.5 21.3992 54.1339 62.7917 9.12613
44.6 21.4471 54.0952 62.7538 9.16477
44.7 21.495 54.0565 62.7159 9.20347
44.8 21.5429 54.0178 62.678 9.24224
44.9 21.5908 53.9789 62.6399 9.28107
45 21.6387 53.94 62.6019 9.31998
45.1 21.6866 53.901 62.5638 9.35895
45.2 21.7345 53.862 62.5256 9.39799
45.3 21.7824 53.8229 62.4874 9.4371
45.4 21.8303 53.7837 62.4491 9.47628
45.5 21.8782 53.7445 62.4108 9.51552
45.6 21.9261 53.7052 62.3725 9.55483
45.7 21.9739 53.6658 62.3341 9.59421
45.8 22.0218 53.6263 62.2956 9.63366
45.9 22.0697 53.5868 62.2571 9.67317
46 22.1176 53.5473 62.2186 9.71275
46.1 22.1655 53.5076 62.18 9.75239
46.2 22.2134 53.4679 62.1413 9.79211
46.3 22.2612 53.4281 62.1026 9.83189
46.4 22.3091 53.3883 62.0639 9.87173
46.5 22.357 53.3484 62.0251 9.91164
46.6 22.4049 53.3084 61.9863 9.95162
46.7 22.4527 53.2683 61.9474 9.99167
46.8 22.5006 53.2282 61.9085 10.0318
46.9 22.5485 53.188 61.8696 10.072
47 22.5963 53.1478 61.8306 10.1122
47.1 22.6442 53.1075 61.7915 10.1525
47.2 22.6921 53.0671 61.7524 10.1929
47.3 22.7399 53.0267 61.7133 10.2333
47.4 22.7878 52.9862 61.6741 10.2738
47.5 22.8356 52.9456 61.6349 10.3144
47.6 22.8835 52.905 61.5956 10.355
47.7 22.9314 52.8643 61.5563 10.3957
47.8 22.9792 52.8235 61.517 10.4365
47.9 23.0271 52.7827 61.4776 10.4773
48 23.0749 52.7418 61.4382 10.5182
48.1 23.1228 52.7009 61.3987 10.5591
48.2 23.1706 52.6598 61.3592 10.6002
48.3 23.2185 52.6187 61.3197 10.6413
48.4 23.2663 52.5776 61.2801 10.6824
48.5 23.3142 52.5364 61.2404 10.7236
48.6 23.362 52.4951 61.2008 10.7649
48.7 23.4098 52.4538 61.161 10.8062
48.8 23.4577 52.4124 61.1213 10.8476
48.9 23.5055 52.3709 61.0815 10.8891
49 23.5533 52.3294 61.0417 10.9306
49.1 23.6012 52.2878 61.0018 10.9722
49.2 23.649 52.2461 60.9619 11.0139
49.3 23.6968 52.2044 60.922 11.0556
49.4 23.7447 52.1626 60.882 11.0974
49.5 23.7925 52.1208 60.842 11.1392
49.6 23.8403 52.0789 60.8019 11.1811
49.7 23.8882 52.0369 60.7618 11.2231
49.8 23.936 51.9949 60.7217 11.2651
49.9 23.9838 51.9528 60.6815 11.3072
50 24.0316 51.9106 60.6413 11.3494
50.1 24.0794 51.8684 60.6011 11.3916
50.2 24.1273 51.8261 60.5608 11.4339
50.3 24.1751 51.7838 60.5205 11.4762
50.4 24.2229 51.7414 60.4801 11.5186
50.5 24.2707 51.6989 60.4398 11.5611
50.6 24.3185 51.6564 60.3993 11.6036
50.7 24.3663 51.6138 60.3589 11.6462
50.8 24.4141 51.5712 60.3184 11.6888
50.9 24.4619 51.5285 60.2779 11.7315
51 24.5097 51.4857 60.2373 11.7743
51.1 24.5575 51.4429 60.1967 11.8171
51.2 24.6053 51.4 60.1561 11.86
51.3 24.6531 51.3571 60.1154 11.9029
51.4 24.7009 51.3141 60.0747 11.9459
51.5 24.7487 51.271 60.034 11.989
51.6 24.7965 51.2279 59.9932 12.0321
51.7 24.8443 51.1847 59.9524 12.0753
51.8 24.8921 51.1414 59.9116 12.1186
51.9 24.9399 51.0981 59.8708 12.1619
52 24.9877 51.0548 59.8299 12.2052
52.1 25.0355 51.0113 59.7889 12.2487
52.2 25.0832 50.9679 59.748 12.2921
52.3 25.131 50.9243 59.707 12.3357
52.4 25.1788 50.8807 59.666 12.3793
52.5 25.2266 50.8371 59.6249 12.4229
52.6 25.2744 50.7933 59.5838 12.4667
52.7 25.3221 50.7496 59.5427 12.5104
52.8 25.3699 50.7057 59.5016 12.5543
52.9 25.4177 50.6618 59.4604 12.5982
53 25.4654 50.6179 59.4192 12.6421
53.1 25.5132 50.5739 59.3779 12.6861
53.2 25.561 50.5298 59.3367 12.7302
53.3 25.6087 50.4857 59.2954 12.7743
53.4 25.6565 50.4415 59.254 12.8185
53.5 25.7043 50.3973 59.2127 12.8627
53.6 25.752 50.353 59.1713 12.907
53.7 25.7998 50.3086 59.1299 12.9514
53.8 25.8475 50.2642 59.0884 12.9958
53.9 25.8953 50.2197 59.0469 13.0403
54 25.943 50.1752 59.0054 13.0848
54.1 25.9908 50.1306 58.9639 13.1294
54.2 26.0385 50.086 58.9223 13.174
54.3 26.0863 50.0413 58.8807 13.2187
54.4 26.134 49.9966 58.8391 13.2634
54.5 26.1817 49.9518 58.7975 13.3082
54.6 26.2295 49.9069 58.7558 13.3531
54.7 26.2772 49.862 58.7141 13.398
54.8 26.325 49.817 58.6724 13.443
54.9 26.3727 49.772 58.6306 13.488
55 26.4204 49.7269 58.5888 13.5331
55.1 26.4681 49.6818 58.547 13.5782
55.2 26.5159 49.6366 58.5051 13.6234
55.3 26.5636 49.5913 58.4633 13.6687
55.4 26.6113 49.546 58.4214 13.714
55.5 26.659 49.5007 58.3794 13.7593
55.6 26.7068 49.4553 58.3375 13.8047
55.7 26.7545 49.4098 58.2955 13.8502
55.8 26.8022 49.3643 58.2535 13.8957
55.9 26.8499 49.3187 58.2115 13.9413
56 26.8976 49.2731 58.1694 13.9869
56.1 26.9453 49.2274 58.1273 14.0326
56.2 26.993 49.1817 58.0852 14.0783
56.3 27.0407 49.1359 58.0431 14.1241
56.4 27.0885 49.09 58.0009 14.17
56.5 27.1362 49.0441 57.9588 14.2159
56.6 27.1839 48.9982 57.9166 14.2618
56.7 27.2316 48.9522 57.8743 14.3078
56.8 27.2792 48.9061 57.8321 14.3539
56.9 27.3269 48.86 57.7898 14.4
57 27.3746 48.8139 57.7475 14.4461
57.1 27.4223 48.7677 57.7051 14.4923
57.2 27.47 48.7214 57.6628 14.5386
57.3 27.5177 48.6751 57.6204 14.5849
57.4 27.5654 48.6287 57.578 14.6313
57.5 27.6131 48.5823 57.5356 14.6777
57.6 27.6607 48.5358 57.4931 14.7242
57.7 27.7084 48.4893 57.4506 14.7707
57.8 27.7561 48.4427 57.4081 14.8173
57.9 27.8038 48.3961 57.3656 14.8639
58 27.8514 48.3494 57.323 14.9106
58.1 27.8991 48.3027 57.2805 14.9573
58.2 27.9468 48.2559 57.2379 15.0041
58.3 27.9944 48.2091 57.1953 15.0509
58.4 28.0421 48.1622 57.1526 15.0978
58.5 28.0898 48.1153 57.11 15.1447
58.6 28.1374 48.0683 57.0673 15.1917
58.7 28.1851 48.0213 57.0246 15.2387
58.8 28.2327 47.9742 56.9818 15.2858
58.9 28.2804 47.9271 56.9391 15.3329
59 28.328 47.8799 56.8963 15.3801
59.1 28.3757 47.8327 56.8535 15.4273
59.2 28.4233 47.7854 56.8107 15.4746
59.3 28.471 47.7381 56.7678 15.5219
59.4 28.5186 47.6907 56.725 15.5693
59.5 28.5662 47.6433 56.6821 15.6167
59.6 28.6139 47.5958 56.6392 15.6642
59.7 28.6615 47.5483 56.5962 15.7117
59.8 28.7091 47.5007 56.5533 15.7593
59.9 28.7568 47.4531 56.5103 15.8069
60 28.8044 47.4054 56.4673 15.8546
60.1 28.852 47.3577 56.4243 15.9023
60.2 28.8996 47.31 56.3813 15.95
60.3 28.9473 47.2622 56.3382 15.9978
60.4 28.9949 47.2143 56.2951 16.0457
60.5 29.0425 47.1664 56.2521 16.0936
60.6 29.0901 47.1184 56.2089 16.1416
60.7 29.1377 47.0704 56.1658 16.1896
60.8 29.1853 47.0224 56.1226 16.2376
60.9 29.2329 46.9743 56.0795 16.2857
61 29.2805 46.9262 56.0363 16.3338
61.1 29.3282 46.878 55.993 16.382
61.2 29.3758 46.8297 55.9498 16.4303
61.3 29.4233 46.7815 55.9065 16.4785
61.4 29.4709 46.7331 55.8633 16.5269
61.5 29.5185 46.6848 55.82 16.5752
61.6 29.5661 46.6363 55.7766 16.6237
61.7 29.6137 46.5879 55.7333 16.6721
61.8 29.6613 46.5394 55.69 16.7206
61.9 29.7089 46.4908 55.6466 16.7692
62 29.7565 46.4422 55.6032 16.8178
62.1 29.804 46.3936 55.5598 16.8664
62.2 29.8516 46.3449 55.5163 16.9151
62.3 29.8992 46.2961 55.4729 16.9639
62.4 29.9468 46.2474 55.4294 17.0126
62.5 29.9943 46.1985 55.3859 17.0615
62.6 30.0419 46.1497 55.3424 17.1103
62.7 30.0895 46.1008 55.2989 17.1592
62.8 30.137 46.0518 55.2553 17.2082
62.9 30.1846 46.0028 55.2118 17.2572
63 30.2321 45.9538 55.1682 17.3062
63.1 30.2797 45.9047 55.1246 17.3553
63.2 30.3273 45.8555 55.081 17.4045
63.3 30.3748 45.8064 55.0374 17.4536
63.4 30.4223 45.7571 54.9937 17.5029
63.5 30.4699 45.7079 54.95 17.5521
63.6 30.5174 45.6586 54.9063 17.6014
63.7 30.565 45.6092 54.8626 17.6508
63.8 30.6125 45.5598 54.8189 17.7002
63.9 30.66 45.5104 54.7752 17.7496
64 30.7076 45.4609 54.7314 17.7991
64.1 30.7551 45.4114 54.6876 17.8486
64.2 30.8026 45.3619 54.6438 17.8981
64.3 30.8502 45.3123 54.6 17.9477
64.4 30.8977 45.2626 54.5562 17.9974
64.5 30.9452 45.2129 54.5124 18.0471
64.6 30.9927 45.1632 54.4685 18.0968
64.7 31.0402 45.1135 54.4246 18.1465
64.8 31.0877 45.0636 54.3807 18.1964
64.9 31.1352 45.0138 54.3368 18.2462
65 31.1828 44.9639 54.2929 18.2961
65.1 31.2303 44.914 54.2489 18.346
65.2 31.2778 44.864 54.205 18.396
65.3 31.3253 44.814 54.161 18.446
65.4 31.3728 44.764 54.117 18.496
65.5 31.4202 44.7139 54.073 18.5461
65.6 31.4677 44.6637 54.029 18.5963
65.7 31.5152 44.6136 53.9849 18.6464
65.8 31.5627 44.5634 53.9409 18.6966
65.9 31.6102 44.5131 53.8968 18.7469
66 31.6577 44.4628 53.8527 18.7972
66.1 31.7051 44.4125 53.8086 18.8475
66.2 31.7526 44.3621 53.7645 18.8979
66.3 31.8001 44.3117 53.7203 18.9483
66.4 31.8476 44.2613 53.6762 18.9987
66.5 31.895 44.2108 53.632 19.0492
66.6 31.9425 44.1603 53.5878 19.0997
66.7 31.99 44.1097 53.5436 19.1503
66.8 32.0374 44.0591 53.4994 19.2009
66.9 32.0849 44.0085 53.4552 19.2515
67 32.1323 43.9578 53.4109 19.3022
67.1 32.1798 43.9071 53.3667 19.3529
67.2 32.2272 43.8564 53.3224 19.4036
67.3 32.2747 43.8056 53.2781 19.4544
67.4 32.3221 43.7548 53.2338 19.5052
67.5 32.3695 43.7039 53.1895 19.5561
67.6 32.417 43.653 53.1452 19.607
67.7 32.4644 43.6021 53.1008 19.6579
67.8 32.5118 43.5511 53.0565 19.7089
67.9 32.5593 43.5001 53.0121 19.7599
68 32.6067 43.4491 52.9677 19.8109
68.1 32.6541 43.398 52.9233 19.862
68.2 32.7015 43.3469 52.8789 19.9131
68.3 32.7489 43.2957 52.8344 19.9643
68.4 32.7963 43.2445 52.79 20.0155
68.5 32.8438 43.1933 52.7455 20.0667
68.6 32.8912 43.1421 52.701 20.1179
68.7 32.9386 43.0908 52.6565 20.1692
68.8 32.986 43.0395 52.612 20.2205
68.9 33.0334 42.9881 52.5675 20.2719
69 33.0808 42.9367 52.523 20.3233
69.1 33.1281 42.8853 52.4784 20.3747
69.2 33.1755 42.8338 52.4339 20.4262
69.3 33.2229 42.7823 52.3893 20.4777
69.4 33.2703 42.7308 52.3447 20.5292
69.5 33.3177 42.6792 52.3001 20.5808
69.6 33.3651 42.6276 52.2555 20.6324
69.7 33.4124 42.576 52.2109 20.684
69.8 33.4598 42.5243 52.1662 20.7357
69.9 33.5072 42.4726 52.1216 20.7874
70 33.5545 42.4209 52.0769 20.8391
70.1 33.6019 42.3691 52.0322 20.8909
70.2 33.6493 42.3173 51.9875 20.9427
70.3 33.6966 42.2655 51.9428 20.9945
70.4 33.744 42.2136 51.8981 21.0464
70.5 33.7913 42.1618 51.8534 21.0982
70.6 33.8387 42.1098 51.8086 21.1502
70.7 33.886 42.0579 51.7639 21.2021
70.8 33.9333 42.0059 51.7191 21.2541
70.9 33.9807 41.9539 51.6743 21.3061
71 34.028 41.9018 51.6295 21.3582
71.1 34.0753 41.8497 51.5847 21.4103
71.2 34.1227 41.7976 51.5399 21.4624
71.3 34.17 41.7455 51.4951 21.5145
71.4 34.2173 41.6933 51.4502 21.5667
71.5 34.2646 41.6411 51.4053 21.6189
71.6 34.3119 41.5888 51.3605 21.6712
71.7 34.3592 41.5366 51.3156 21.7234
71.8 34.4066 41.4843 51.2707 21.7757
71.9 34.4539 41.4319 51.2258 21.8281
72 34.5012 41.3796 51.1809 21.8804
72.1 34.5485 41.3272 51.1359 21.9328
72.2 34.5958 41.2748 51.091 21.9852
72.3 34.643 41.2223 51.046 22.0377
72.4 34.6903 41.1699 51.0011 22.0901
72.5 34.7376 41.1174 50.9561 22.1426
72.6 34.7849 41.0648 50.9111 22.1952
72.7 34.8322 41.0123 50.8661 22.2477
72.8 34.8794 40.9597 50.8211 22.3003
72.9 34.9267 40.907 50.776 22.353
73 34.974 40.8544 50.731 22.4056
73.1 35.0213 40.8017 50.686 22.4583
73.2 35.0685 40.749 50.6409 22.511
73.3 35.1158 40.6963 50.5958 22.5637
73.4 35.163 40.6435 50.5507 22.6165
73.5 35.2103 40.5907 50.5056 22.6693
73.6 35.2575 40.5379 50.4605 22.7221
73.7 35.3048 40.4851 50.4154 22.7749
73.8 35.352 40.4322 50.3703 22.8278
73.9 35.3992 40.3793 50.3251 22.8807
74 35.4465 40.3264 50.28 22.9336
74.1 35.4937 40.2735 50.2348 22.9865
74.2 35.5409 40.2205 50.1896 23.0395
74.3 35.5882 40.1675 50.1445 23.0925
74.4 35.6354 40.1145 50.0993 23.1455
74.5 35.6826 40.0614 50.0541 23.1986
74.6 35.7298 40.0083 50.0088 23.2517
74.7 35.777 39.9552 49.9636 23.3048
74.8 35.8242 39.9021 49.9184 23.3579
74.9 35.8714 39.8489 49.8731 23.4111
75 35.9186 39.7958 49.8279 23.4642
75.1 35.9658 39.7426 49.7826 23.5174
75.2 36.013 39.6893 49.7373 23.5707
75.3 36.0602 39.6361 49.692 23.6239
75.4 36.1074 39.5828 49.6467 23.6772
75.5 36.1546 39.5295 49.6014 23.7305
75.6 36.2017 39.4762 49.5561 23.7838
75.7 36.2489 39.4228 49.5107 23.8372
75.8 36.2961 39.3694 49.4654 23.8906
75.9 36.3432 39.316 49.42 23.944
76 36.3904 39.2626 49.3747 23.9974
76.1 36.4376 39.2092 49.3293 24.0508
76.2 36.4847 39.1557 49.2839 24.1043
76.3 36.5319 39.1022 49.2385 24.1578
76.4 36.579 39.0487 49.1931 24.2113
76.5 36.6261 38.9952 49.1477 24.2648
76.6 36.6733 38.9416 49.1022 24.3184
76.7 36.7204 38.888 49.0568 24.372
76.8 36.7676 38.8344 49.0114 24.4256
76.9 36.8147 38.7808 48.9659 24.4792
77 36.8618 38.7272 48.9204 24.5328
77.1 36.9089 38.6735 48.875 24.5865
77.2 36.956 38.6198 48.8295 24.6402
77.3 37.0031 38.5661 48.784 24.6939
77.4 37.0503 38.5124 48.7385 24.7476
77.5 37.0974 38.4586 48.693 24.8014
77.6 37.1445 38.4048 48.6474 24.8552
77.7 37.1916 38.351 48.6019 24.909
77.8 37.2387 38.2972 48.5564 24.9628
77.9 37.2857 38.2434 48.5108 25.0166
78 37.3328 38.1895 48.4652 25.0705
78.1 37.3799 38.1357 48.4197 25.1243
78.2 37.427 38.0818 48.3741 25.1782
78.3 37.4741 38.0279 48.3285 25.2321
78.4 37.5211 37.9739 48.2829 25.2861
78.5 37.5682 37.92 48.2373 25.34
78.6 37.6152 37.866 48.1917 25.394
78.7 37.6623 37.812 48.146 25.448
78.8 37.7094 37.758 48.1004 25.502
78.9 37.7564 37.704 48.0547 25.556
79 37.8034 37.6499 48.0091 25.6101
79.1 37.8505 37.5959 47.9634 25.6641
79.2 37.8975 37.5418 47.9178 25.7182
79.3 37.9446 37.4877 47.8721 25.7723
79.4 37.9916 37.4335 47.8264 25.8265
79.5 38.0386 37.3794 47.7807 25.8806
79.6 38.0856 37.3253 47.735 25.9347
79.7 38.1326 37.2711 47.6892 25.9889
79.8 38.1797 37.2169 47.6435 26.0431
79.9 38.2267 37.1627 47.5978 26.0973
80 38.2737 37.1085 47.552 26.1515
80.1 38.3207 37.0542 47.5063 26.2058
80.2 38.3677 37 47.4605 26.26
80.3 38.4146 36.9457 47.4148 26.3143
80.4 38.4616 36.8914 47.369 26.3686
80.5 38.5086 36.8371 47.3232 26.4229
80.6 38.5556 36.7828 47.2774 26.4772
80.7 38.6026 36.7284 47.2316 26.5316
80.8 38.6495 36.6741 47.1858 26.5859
80.9 38.6965 36.6197 47.1399 26.6403
81 38.7435 36.5653 47.0941 26.6947
81.1 38.7904 36.5109 47.0483 26.7491
81.2 38.8374 36.4565 47.0024 26.8035
81.3 38.8843 36.4021 46.9566 26.8579
81.4 38.9312 36.3477 46.9107 26.9123
81.5 38.9782 36.2932 46.8648 26.9668
81.6 39.0251 36.2387 46.819 27.0213
81.7 39.072 36.1843 46.7731 27.0757
81.8 39.119 36.1298 46.7272 27.1302
81.9 39.1659 36.0752 46.6813 27.1848
82 39.2128 36.0207 46.6354 27.2393
82.1 39.2597 35.9662 46.5894 27.2938
82.2 39.3066 35.9116 46.5435 27.3484
82.3 39.3535 35.8571 46.4976 27.4029
82.4 39.4004 35.8025 46.4516 27.4575
82.5 39.4473 35.7479 46.4057 27.5121
82.6 39.4942 35.6933 46.3597 27.5667
82.7 39.5411 35.6387 46.3137 27.6213
82.8 39.588 35.584 46.2678 27.676
82.9 39.6348 35.5294 46.2218 27.7306
83 39.6817 35.4748 46.1758 27.7852
83.1 39.7286 35.4201 46.1298 27.8399
83.2 39.7754 35.3654 46.0838 27.8946
83.3 39.8223 35.3107 46.0378 27.9493
83.4 39.8691 35.256 45.9917 28.004
83.5 39.916 35.2013 45.9457 28.0587
83.6 39.9628 35.1466 45.8997 28.1134
83.7 40.0096 35.0919 45.8536 28.1681
83.8 40.0565 35.0371 45.8076 28.2229
83.9 40.1033 34.9824 45.7615 28.2776
84 40.1501 34.9276 45.7154 28.3324
84.1 40.1969 34.8728 45.6694 28.3872
84.2 40.2438 34.8181 45.6233 28.4419
84.3 40.2906 34.7633 45.5772 28.4967
84.4 40.3374 34.7085 45.5311 28.5515
84.5 40.3842 34.6537 45.485 28.6063
84.6 40.431 34.5988 45.4389 28.6612
84.7 40.4777 34.544 45.3928 28.716
84.8 40.5245 34.4892 45.3466 28.7708
84.9 40.5713 34.4343 45.3005 28.8257
85 40.6181 34.3795 45.2543 28.8805
85.1 40.6648 34.3246 45.2082 28.9354
85.2 40.7116 34.2697 45.162 28.9903
85.3 40.7584 34.2149 45.1159 29.0451
85.4 40.8051 34.16 45.0697 29.1
85.5 40.8519 34.1051 45.0235 29.1549
85.6 40.8986 34.0502 44.9773 29.2098
85.7 40.9453 33.9953 44.9311 29.2647
85.8 40.9921 33.9404 44.8849 29.3196
85.9 41.0388 33.8854 44.8387 29.3746
86 41.0855 33.8305 44.7925 29.4295
86.1 41.1322 33.7756 44.7463 29.4844
86.2 41.1789 33.7206 44.7001 29.5394
86.3 41.2256 33.6657 44.6538 29.5943
86.4 41.2723 33.6107 44.6076 29.6493
86.5 41.319 33.5557 44.5614 29.7043
86.6 41.3657 33.5008 44.5151 29.7592
86.7 41.4124 33.4458 44.4688 29.8142
86.8 41.4591 33.3908 44.4226 29.8692
86.9 41.5058 33.3358 44.3763 29.9242
87 41.5524 33.2809 44.33 29.9791
87.1 41.5991 33.2259 44.2837 30.0341
87.2 41.6457 33.1709 44.2374 30.0891
87.3 41.6924 33.1159 44.1911 30.1441
87.4 41.739 33.0608 44.1448 30.1992
87.5 41.7857 33.0058 44.0985 30.2542
87.6 41.8323 32.9508 44.0522 30.3092
87.7 41.879 32.8958 44.0059 30.3642
87.8 41.9256 32.8408 43.9595 30.4192
87.9 41.9722 32.7857 43.9132 30.4743
88 42.0188 32.7307 43.8668 30.5293
88.1 42.0654 32.6757 43.8205 30.5843
88.2 42.112 32.6206 43.7741 30.6394
88.3 42.1586 32.5656 43.7278 30.6944
88.4 42.2052 32.5105 43.6814 30.7495
88.5 42.2518 32.4555 43.635 30.8045
88.6 42.2984 32.4004 43.5886 30.8596
88.7 42.3449 32.3454 43.5422 30.9146
88.8 42.3915 32.2903 43.4958 30.9697
88.9 42.4381 32.2353 43.4494 31.0247
89 42.4846 32.1802 43.403 31.0798
89.1 42.5312 32.1252 43.3566 31.1348
89.2 42.5777 32.0701 43.3102 31.1899
89.3 42.6243 32.015 43.2637 31.245
89.4 42.6708 31.96 43.2173 31.3
89.5 42.7173 31.9049 43.1709 31.3551
89.6 42.7639 31.8498 43.1244 31.4102
89.7 42.8104 31.7948 43.078 31.4652
89.8 42.8569 31.7397 43.0315 31.5203
89.9 42.9034 31.6846 42.985 31.5754
90 42.9499 31.6296 42.9386 31.6304
90.1 42.9964 31.5745 42.8921 31.6855
90.2 43.0429 31.5194 42.8456 31.7406
90.3 43.0893 31.4644 42.7991 31.7956
90.4 43.1358 31.4093 42.7526 31.8507
90.5 43.1823 31.3542 42.7061 31.9058
90.6 43.2287 31.2992 42.6596 31.9608
90.7 43.2752 31.2441 42.6131 32.0159
90.8 43.3216 31.189 42.5666 32.071
90.9 43.3681 31.134 42.52 32.126
91 43.4145 31.0789 42.4735 32.1811
91.1 43.461 31.0238 42.427 32.2362
91.2 43.5074 30.9688 42.3804 32.2912
91.3 43.5538 30.9137 42.3339 32.3463
91.4 43.6002 30.8587 42.2873 32.4013
91.5 43.6466 30.8036 42.2408 32.4564
91.6 43.693 30.7486 42.1942 32.5114
91.7 43.7394 30.6935 42.1476 32.5665
91.8 43.7858 30.6385 42.101 32.6215
91.9 43.8322 30.5835 42.0545 32.6765
92 43.8786 30.5284 42.0079 32.7316
92.1 43.9249 30.4734 41.9613 32.7866
92.2 43.9713 30.4184 41.9147 32.8416
92.3 44.0176 30.3633 41.8681 32.8967
92.4 44.064 30.3083 41.8215 32.9517
92.5 44.1103 30.2533 41.7748 33.0067
92.6 44.1567 30.1983 41.7282 33.0617
92.7 44.203 30.1433 41.6816 33.1167
92.8 44.2493 30.0883 41.635 33.1717
92.9 44.2956 30.0333 41.5883 33.2267
93 44.3419 29.9783 41.5417 33.2817
93.1 44.3883 29.9233 41.495 33.3367
93.2 44.4345 29.8683 41.4484 33.3917
93.3 44.4808 29.8133 41.4017 33.4467
93.4 44.5271 29.7583 41.3551 33.5017
93.5 44.5734 29.7034 41.3084 33.5566
93.6 44.6197 29.6484 41.2617 33.6116
93.7 44.6659 29.5935 41.215 33.6665
93.8 44.7122 29.5385 41.1683 33.7215
93.9 44.7584 29.4836 41.1216 33.7764
94 44.8047 29.4286 41.075 33.8314
94.1 44.8509 29.3737 41.0282 33.8863
94.2 44.8971 29.3188 40.9815 33.9412
94.3 44.9434 29.2638 40.9348 33.9962
94.4 44.9896 29.2089 40.8881 34.0511
94.5 45.0358 29.154 40.8414 34.106
94.6 45.082 29.0991 40.7947 34.1609
94.7 45.1282 29.0443 40.7479 34.2157
94.8 45.1743 28.9894 40.7012 34.2706
94.9 45.2205 28.9345 40.6544 34.3255
95 45.2667 28.8796 40.6077 34.3804
95.1 45.3129 28.8248 40.5609 34.4352
95.2 45.359 28.7699 40.5142 34.4901
95.3 45.4052 28.7151 40.4674 34.5449
95.4 45.4513 28.6603 40.4206 34.5997
95.5 45.4974 28.6055 40.3739 34.6545
95.6 45.5436 28.5506 40.3271 34.7094
95.7 45.5897 28.4958 40.2803 34.7642
95.8 45.6358 28.4411 40.2335 34.8189
95.9 45.6819 28.3863 40.1867 34.8737
96 45.728 28.3315 40.1399 34.9285
96.1 45.7741 28.2767 40.0931 34.9833
96.2 45.8202 28.222 40.0463 35.038
96.3 45.8663 28.1672 39.9995 35.0928
96.4 45.9123 28.1125 39.9527 35.1475
96.5 45.9584 28.0578 39.9059 35.2022
96.6 46.0044 28.0031 39.859 35.2569
96.7 46.0505 27.9484 39.8122 35.3116
96.8 46.0965 27.8937 39.7654 35.3663
96.9 46.1426 27.839 39.7185 35.421
97 46.1886 27.7844 39.6717 35.4756
97.1 46.2346 27.7297 39.6248 35.5303
97.2 46.2806 27.6751 39.578 35.5849
97.3 46.3266 27.6204 39.5311 35.6396
97.4 46.3726 27.5658 39.4842 35.6942
97.5 46.4186 27.5112 39.4374 35.7488
97.6 46.4646 27.4566 39.3905 35.8034
97.7 46.5105 27.4021 39.3436 35.8579
97.8 46.5565 27.3475 39.2967 35.9125
97.9 46.6024 27.2929 39.2499 35.9671
98 46.6484 27.2384 39.203 36.0216
98.1 46.6943 27.1839 39.1561 36.0761
98.2 46.7402 27.1294 39.1092 36.1306
98.3 46.7862 27.0749 39.0623 36.1851
98.4 46.8321 27.0204 39.0153 36.2396
98.5 46.878 26.9659 38.9684 36.2941
98.6 46.9239 26.9115 38.9215 36.3485
98.7 46.9698 26.857 38.8746 36.403
98.8 47.0156 26.8026 38.8277 36.4574
98.9 47.0615 26.7482 38.7807 36.5118
99 47.1074 26.6938 38.7338 36.5662
99.1 47.1532 26.6394 38.6868 36.6206
99.2 47.1991 26.585 38.6399 36.675
99.3 47.2449 26.5307 38.5929 36.7293
99.4 47.2907 26.4763 38.546 36.7837
99.5 47.3366 26.422 38.499 36.838
99.6 47.3824 26.3677 38.4521 36.8923
99.7 47.4282 26.3134 38.4051 36.9466
99.8 47.474 26.2591 38.3581 37.0009
99.9 47.5198 26.2049 38.3111 37.0551
100 47.5655 26.1507 38.2642 37.1093
100.1 47.6113 26.0964 38.2172 37.1636
100.2 47.6571 26.0422 38.1702 37.2178
100.3 47.7028 25.988 38.1232 37.272
100.4 47.7486 25.9339 38.0762 37.3261
100.5 47.7943 25.8797 38.0292 37.3803
100.6 47.84 25.8256 37.9822 37.4344
100.7 47.8857 25.7715 37.9352 37.4885
100.8 47.9314 25.7173 37.8882 37.5427
100.9 47.9771 25.6633 37.8411 37.5967
101 48.0228 25.6092 37.7941 37.6508
101.1 48.0685 25.5552 37.7471 37.7048
101.2 48.1142 25.5011 37.7001 37.7589
101.3 48.1598 25.4471 37.653 37.8129
101.4 48.2055 25.3931 37.606 37.8669
101.5 48.2511 25.3391 37.5589 37.9209
101.6 48.2968 25.2852 37.5119 37.9748
101.7 48.3424 25.2313 37.4648 38.0287
101.8 48.388 25.1773 37.4178 38.0827
101.9 48.4336 25.1235 37.3707 38.1365
102 48.4792 25.0696 37.3237 38.1904
102.1 48.5248 25.0157 37.2766 38.2443
102.2 48.5704 24.9619 37.2295 38.2981
102.3 48.6159 24.9081 37.1824 38.3519
102.4 48.6615 24.8543 37.1354 38.4057
102.5 48.7071 24.8005 37.0883 38.4595
102.6 48.7526 24.7468 37.0412 38.5132
102.7 48.7981 24.693 36.9941 38.567
102.8 48.8437 24.6393 36.947 38.6207
102.9 48.8892 24.5856 36.8999 38.6744
103 48.9347 24.532 36.8528 38.728
103.1 48.9802 24.4783 36.8057 38.7817
103.2 49.0256 24.4247 36.7586 38.8353
103.3 49.0711 24.3711 36.7115 38.8889
103.4 49.1166 24.3175 36.6643 38.9425
103.5 49.162 24.2639 36.6172 38.9961
103.6 49.2075 24.2104 36.5701 39.0496
103.7 49.2529 24.1569 36.523 39.1031
103.8 49.2983 24.1034 36.4758 39.1566
103.9 49.3437 24.0499 36.4287 39.2101
104 49.3891 23.9965 36.3815 39.2635
104.1 49.4345 23.9431 36.3344 39.3169
104.2 49.4799 23.8897 36.2873 39.3703
104.3 49.5253 23.8363 36.2401 39.4237
104.4 49.5706 23.783 36.1929 39.477
104.5 49.616 23.7296 36.1458 39.5304
104.6 49.6613 23.6763 36.0986 39.5837
104.7 49.7067 23.623 36.0515 39.637
104.8 49.752 23.5698 36.0043 39.6902
104.9 49.7973 23.5166 35.9571 39.7434
105 49.8426 23.4634 35.9099 39.7966
105.1 49.8879 23.4102 35.8627 39.8498
105.2 49.9332 23.357 35.8156 39.903
105.3 49.9784 23.3039 35.7684 39.9561
105.4 50.0237 23.2508 35.7212 40.0092
105.5 50.0689 23.1977 35.674 40.0623
105.6 50.1142 23.1447 35.6268 40.1153
105.7 50.1594 23.0916 35.5796 40.1684
105.8 50.2046 23.0386 35.5324 40.2214
105.9 50.2498 22.9857 35.4852 40.2743
106 50.295 22.9327 35.4379 40.3273
106.1 50.3402 22.8798 35.3907 40.3802
106.2 50.3853 22.8269 35.3435 40.4331
106.3 50.4305 22.774 35.2963 40.486
106.4 50.4757 22.7212 35.2491 40.5388
106.5 50.5208 22.6684 35.2018 40.5916
106.6 50.5659 22.6156 35.1546 40.6444
106.7 50.611 22.5628 35.1073 40.6972
106.8 50.6561 22.5101 35.0601 40.7499
106.9 50.7012 22.4574 35.0129 40.8026
107 50.7463 22.4047 34.9656 40.8553
107.1 50.7914 22.3521 34.9184 40.9079
107.2 50.8364 22.2994 34.8711 40.9606
107.3 50.8815 22.2469 34.8238 41.0131
107.4 50.9265 22.1943 34.7766 41.0657
107.5 50.9715 22.1418 34.7293 41.1182
107.6 51.0165 22.0893 34.682 41.1707
107.7 51.0615 22.0368 34.6348 41.2232
107.8 51.1065 21.9843 34.5875 41.2757
107.9 51.1515 21.9319 34.5402 41.3281
108 51.1964 21.8795 34.4929 41.3805
108.1 51.2414 21.8272 34.4456 41.4328
108.2 51.2863 21.7748 34.3984 41.4852
108.3 51.3312 21.7225 34.3511 41.5375
108.4 51.3762 21.6703 34.3038 41.5897
108.5 51.4211 21.618 34.2565 41.642
108.6 51.4659 21.5658 34.2092 41.6942
108.7 51.5108 21.5137 34.1619 41.7463
108.8 51.5557 21.4615 34.1146 41.7985
108.9 51.6005 21.4094 34.0672 41.8506
109 51.6454 21.3573 34.0199 41.9027
109.1 51.6902 21.3053 33.9726 41.9547
109.2 51.735 21.2532 33.9253 42.0068
109.3 51.7798 21.2012 33.878 42.0588
109.4 51.8246 21.1493 33.8306 42.1107
109.5 51.8694 21.0974 33.7833 42.1626
109.6 51.9141 21.0455 33.736 42.2145
109.7 51.9589 20.9936 33.6886 42.2664
109.8 52.0036 20.9418 33.6413 42.3182
109.9 52.0484 20.89 33.594 42.37
110 52.0931 20.8382 33.5466 42.4218
110.1 52.1378 20.7865 33.4993 42.4735
110.2 52.1824 20.7348 33.4519 42.5252
110.3 52.2271 20.6831 33.4045 42.5769
110.4 52.2718 20.6315 33.3572 42.6285
110.5 52.3164 20.5799 33.3098 42.6801
110.6 52.3611 20.5283 33.2625 42.7317
110.7 52.4057 20.4768 33.2151 42.7832
110.8 52.4503 20.4253 33.1677 42.8347
110.9 52.4949 20.3738 33.1204 42.8862
111 52.5394 20.3224 33.073 42.9376
111.1 52.584 20.271 33.0256 42.989
111.2 52.6286 20.2197 32.9782 43.0403
111.3 52.6731 20.1683 32.9308 43.0917
111.4 52.7176 20.1171 32.8834 43.1429
111.5 52.7621 20.0658 32.836 43.1942
111.6 52.8066 20.0146 32.7887 43.2454
111.7 52.8511 19.9634 32.7413 43.2966
111.8 52.8956 19.9123 32.6939 43.3477
111.9 52.94 19.8611 32.6464 43.3989
112 52.9845 19.8101 32.599 43.4499
112.1 53.0289 19.759 32.5516 43.501
112.2 53.0733 19.708 32.5042 43.552
112.3 53.1177 19.657 32.4568 43.603
112.4 53.1621 19.6061 32.4094 43.6539
112.5 53.2064 19.5552 32.362 43.7048
112.6 53.2508 19.5044 32.3145 43.7556
112.7 53.2951 19.4535 32.2671 43.8065
112.8 53.3394 19.4028 32.2197 43.8572
112.9 53.3837 19.352 32.1723 43.908
113 53.428 19.3013 32.1248 43.9587
113.1 53.4723 19.2506 32.0774 44.0094
113.2 53.5166 19.2 32.0299 44.06
113.3 53.5608 19.1494 31.9825 44.1106
113.4 53.6051 19.0988 31.9351 44.1612
113.5 53.6493 19.0483 31.8876 44.2117
113.6 53.6935 18.9978 31.8402 44.2622
113.7 53.7377 18.9474 31.7927 44.3126
113.8 53.7818 18.897 31.7452 44.363
113.9 53.826 18.8466 31.6978 44.4134
114 53.8701 18.7963 31.6503 44.4637
114.1 53.9142 18.746 31.6029 44.514
114.2 53.9583 18.6958 31.5554 44.5642
114.3 54.0024 18.6456 31.5079 44.6144
114.4 54.0465 18.5954 31.4604 44.6646
114.5 54.0906 18.5453 31.413 44.7147
114.6 54.1346 18.4952 31.3655 44.7648
114.7 54.1786 18.4451 31.318 44.8149
114.8 54.2227 18.3951 31.2705 44.8649
114.9 54.2667 18.3451 31.223 44.9149
115 54.3106 18.2952 31.1755 44.9648
115.1 54.3546 18.2453 31.1281 45.0147
115.2 54.3985 18.1955 31.0806 45.0645
115.3 54.4425 18.1457 31.0331 45.1143
115.4 54.4864 18.0959 30.9856 45.1641
115.5 54.5303 18.0462 30.9381 45.2138
115.6 54.5742 17.9965 30.8906 45.2635
115.7 54.618 17.9469 30.843 45.3131
115.8 54.6619 17.8973 30.7955 45.3627
115.9 54.7057 17.8477 30.748 45.4123
116 54.7495 17.7982 30.7005 45.4618
116.1 54.7933 17.7487 30.653 45.5113
116.2 54.8371 17.6993 30.6055 45.5607
116.3 54.8808 17.6499 30.5579 45.6101
116.4 54.9246 17.6005 30.5104 45.6595
116.5 54.9683 17.5512 30.4629 45.7088
116.6 55.012 17.502 30.4154 45.758
116.7 55.0557 17.4528 30.3678 45.8072
116.8 55.0994 17.4036 30.3203 45.8564
116.9 55.143 17.3544 30.2727 45.9056
117 55.1867 17.3054 30.2252 45.9546
117.1 55.2303 17.2563 30.1777 46.0037
117.2 55.2739 17.2073 30.1301 46.0527
117.3 55.3174 17.1584 30.0826 46.1016
117.4 55.361 17.1094 30.035 46.1506
117.5 55.4046 17.0606 29.9875 46.1994
117.6 55.4481 17.0118 29.9399 46.2482
117.7 55.4916 16.963 29.8924 46.297
117.8 55.5351 16.9142 29.8448 46.3458
117.9 55.5785 16.8655 29.7972 46.3945
118 55.622 16.8169 29.7497 46.4431
118.1 55.6654 16.7683 29.7021 46.4917
118.2 55.7088 16.7198 29.6545 46.5402
118.3 55.7522 16.6712 29.607 46.5888
118.4 55.7956 16.6228 29.5594 46.6372
118.5 55.839 16.5744 29.5118 46.6856
118.6 55.8823 16.526 29.4642 46.734
118.7 55.9256 16.4777 29.4166 46.7823
118.8 55.9689 16.4294 29.3691 46.8306
118.9 56.0122 16.3811 29.3215 46.8789
119 56.0554 16.333 29.2739 46.927
119.1 56.0987 16.2848 29.2263 46.9752
119.2 56.1419 16.2367 29.1787 47.0233
119.3 56.1851 16.1887 29.1311 47.0713
119.4 56.2283 16.1407 29.0835 47.1193
119.5 56.2714 16.0927 29.0359 47.1673
119.6 56.3146 16.0448 28.9883 47.2152
119.7 56.3577 15.997 28.9407 47.263
119.8 56.4008 15.9492 28.8931 47.3108
119.9 56.4439 15.9014 28.8455 47.3586
120 56.4869 15.8537 28.7979 47.4063
120.1 56.5299 15.806 28.7502 47.454
120.2 56.5729 15.7584 28.7026 47.5016
120.3 56.6159 15.7108 28.655 47.5492
120.4 56.6589 15.6633 28.6074 47.5967
120.5 56.7019 15.6158 28.5598 47.6442
120.6 56.7448 15.5684 28.5121 47.6916
120.7 56.7877 15.521 28.4645 47.739
120.8 56.8306 15.4737 28.4169 47.7863
120.9 56.8734 15.4264 28.3693 47.8336
121 56.9163 15.3792 28.3216 47.8808
121.1 56.9591 15.332 28.274 47.928
121.2 57.0019 15.2849 28.2263 47.9751
121.3 57.0447 15.2378 28.1787 48.0222
121.4 57.0874 15.1908 28.1311 48.0692
121.5 57.1301 15.1438 28.0834 48.1162
121.6 57.1728 15.0969 28.0358 48.1631
121.7 57.2155 15.05 27.9881 48.21
121.8 57.2582 15.0032 27.9405 48.2568
121.9 57.3008 14.9564 27.8928 48.3036
122 57.3434 14.9097 27.8452 48.3503
122.1 57.386 14.863 27.7975 48.397
122.2 57.4286 14.8164 27.7498 48.4436
122.3 57.4711 14.7698 27.7022 48.4902
122.4 57.5137 14.7233 27.6545 48.5367
122.5 57.5561 14.6768 27.6068 48.5832
122.6 57.5986 14.6304 27.5592 48.6296
122.7 57.6411 14.584 27.5115 48.676
122.8 57.6835 14.5377 27.4638 48.7223
122.9 57.7259 14.4914 27.4162 48.7686
123 57.7683 14.4452 27.3685 48.8148
123.1 57.8106 14.3991 27.3208 48.8609
123.2 57.853 14.353 27.2731 48.907
123.3 57.8953 14.3069 27.2254 48.9531
123.4 57.9375 14.2609 27.1778 48.9991
123.5 57.9798 14.215 27.1301 49.045
123.6 58.022 14.1691 27.0824 49.0909
123.7 58.0642 14.1232 27.0347 49.1368
123.8 58.1064 14.0775 26.987 49.1825
123.9 58.1485 14.0317 26.9393 49.2283
124 58.1907 13.986 26.8916 49.274
124.1 58.2328 13.9404 26.8439 49.3196
124.2 58.2748 13.8948 26.7962 49.3652
124.3 58.3169 13.8493 26.7485 49.4107
124.4 58.3589 13.8039 26.7008 49.4561
124.5 58.4009 13.7584 26.6531 49.5016
124.6 58.4429 13.7131 26.6054 49.5469
124.7 58.4848 13.6678 26.5577 49.5922
124.8 58.5267 13.6225 26.51 49.6375
124.9 58.5686 13.5773 26.4622 49.6827
125 58.6105 13.5322 26.4145 49.7278
125.1 58.6523 13.4871 26.3668 49.7729
125.2 58.6941 13.4421 26.3191 49.8179
125.3 58.7359 13.3971 26.2714 49.8629
125.4 58.7777 13.3522 26.2236 49.9078
125.5 58.8194 13.3074 26.1759 49.9526
125.6 58.8611 13.2626 26.1282 49.9974
125.7 58.9028 13.2178 26.0805 50.0422
125.8 58.9444 13.1731 26.0327 50.0869
125.9 58.986 13.1285 25.985 50.1315
126 59.0276 13.0839 25.9373 50.1761
126.1 59.0691 13.0394 25.8895 50.2206
126.2 59.1107 12.9949 25.8418 50.2651
126.3 59.1522 12.9505 25.794 50.3095
126.4 59.1936 12.9061 25.7463 50.3539
126.5 59.2351 12.8619 25.6985 50.3981
126.6 59.2765 12.8176 25.6508 50.4424
126.7 59.3179 12.7734 25.603 50.4866
126.8 59.3592 12.7293 25.5553 50.5307
126.9 59.4005 12.6852 25.5075 50.5748
127 59.4418 12.6412 25.4598 50.6188
127.1 59.4831 12.5973 25.412 50.6627
127.2 59.5243 12.5534 25.3643 50.7066
127.3 59.5655 12.5096 25.3165 50.7504
127.4 59.6067 12.4658 25.2688 50.7942
127.5 59.6478 12.4221 25.221 50.8379
127.6 59.6889 12.3784 25.1732 50.8816
127.7 59.73 12.3348 25.1255 50.9252
127.8 59.771 12.2913 25.0777 50.9687
127.9 59.812 12.2478 25.0299 51.0122
128 59.853 12.2044 24.9821 51.0556
128.1 59.8939 12.161 24.9344 51.099
128.2 59.9349 12.1177 24.8866 51.1423
128.3 59.9757 12.0744 24.8388 51.1856
128.4 60.0166 12.0313 24.791 51.2287
128.5 60.0574 11.9881 24.7433 51.2719
128.6 60.0982 11.9451 24.6955 51.3149
128.7 60.1389 11.9021 24.6477 51.3579
128.8 60.1796 11.8591 24.5999 51.4009
128.9 60.2203 11.8162 24.5521 51.4438
129 60.261 11.7734 24.5043 51.4866
129.1 60.3016 11.7306 24.4565 51.5294
129.2 60.3421 11.6879 24.4087 51.5721
129.3 60.3827 11.6453 24.361 51.6147
129.4 60.4232 11.6027 24.3132 51.6573
129.5 60.4637 11.5602 24.2654 51.6998
129.6 60.5041 11.5177 24.2176 51.7423
129.7 60.5445 11.4753 24.1698 51.7847
129.8 60.5849 11.433 24.122 51.827
129.9 60.6252 11.3907 24.0741 51.8693
130 60.6655 11.3485 24.0263 51.9115
130.1 60.7058 11.3063 23.9785 51.9537
130.2 60.746 11.2642 23.9307 51.9958
130.3 60.7862 11.2222 23.8829 52.0378
130.4 60.8263 11.1802 23.8351 52.0798
130.5 60.8664 11.1383 23.7873 52.1217
130.6 60.9065 11.0965 23.7395 52.1635
130.7 60.9465 11.0547 23.6917 52.2053
130.8 60.9865 11.013 23.6438 52.247
130.9 61.0265 10.9713 23.596 52.2887
131 61.0664 10.9297 23.5482 52.3303
131.1 61.1063 10.8882 23.5004 52.3718
131.2 61.1462 10.8467 23.4525 52.4133
131.3 61.186 10.8053 23.4047 52.4547
131.4 61.2257 10.764 23.3569 52.496
131.5 61.2655 10.7227 23.3091 52.5373
131.6 61.3052 10.6815 23.2612 52.5785
131.7 61.3448 10.6404 23.2134 52.6196
131.8 61.3844 10.5993 23.1656 52.6607
131.9 61.424 10.5583 23.1177 52.7017
132 61.4635 10.5173 23.0699 52.7427
132.1 61.503 10.4764 23.022 52.7836
132.2 61.5424 10.4356 22.9742 52.8244
132.3 61.5818 10.3948 22.9264 52.8652
132.4 61.6212 10.3541 22.8785 52.9059
132.5 61.6605 10.3135 22.8307 52.9465
132.6 61.6998 10.2729 22.7828 52.9871
132.7 61.739 10.2324 22.735 53.0276
132.8 61.7782 10.192 22.6871 53.068
132.9 61.8174 10.1516 22.6393 53.1084
133 61.8565 10.1113 22.5914 53.1487
133.1 61.8955 10.0711 22.5436 53.1889
133.2 61.9346 10.0309 22.4957 53.2291
133.3 61.9735 9.99078 22.4478 53.2692
133.4 62.0125 9.95074 22.4 53.3093
133.5 62.0514 9.91076 22.3521 53.3492
133.6 62.0902 9.87085 22.3043 53.3892
133.7 62.129 9.831 22.2564 53.429
133.8 62.1677 9.79122 22.2085 53.4688
133.9 62.2064 9.75151 22.1607 53.5085
134 62.2451 9.71187 22.1128 53.5481
134.1 62.2837 9.67229 22.0649 53.5877
134.2 62.3223 9.63277 22.017 53.6272
134.3 62.3608 9.59333 21.9692 53.6667
134.4 62.3993 9.55395 21.9213 53.7061
134.5 62.4377 9.51464 21.8734 53.7454
134.6 62.4761 9.47539 21.8255 53.7846
134.7 62.5144 9.43622 21.7777 53.8238
134.8 62.5527 9.39711 21.7298 53.8629
134.9 62.5909 9.35807 21.6819 53.9019
135 62.6291 9.3191 21.634 53.9409
135.1 62.6672 9.28019 21.5861 53.9798
135.2 62.7053 9.24135 21.5383 54.0186
135.3 62.7433 9.20258 21.4904 54.0574
135.4 62.7813 9.16388 21.4425 54.0961
135.5 62.8192 9.12525 21.3946 54.1347
135.6 62.8571 9.08669 21.3467 54.1733
135.7 62.8949 9.04819 21.2988 54.2118
135.8 62.9327 9.00977 21.2509 54.2502
135.9 62.9704 8.97141 21.203 54.2886
136 63.0081 8.93312 21.1551 54.3269
136.1 63.0457 8.8949 21.1072 54.3651
136.2 63.0833 8.85675 21.0593 54.4032
136.3 63.1208 8.81867 21.0114 54.4413
136.4 63.1582 8.78066 20.9635 54.4793
136.5 63.1956 8.74272 20.9156 54.5173
136.6 63.233 8.70485 20.8677 54.5552
136.7 63.2703 8.66705 20.8198 54.593
136.8 63.3075 8.62932 20.7719 54.6307
136.9 63.3447 8.59165 20.724 54.6683
137 63.3818 8.55406 20.6761 54.7059
137.1 63.4188 8.51654 20.6282 54.7435
137.2 63.4559 8.47909 20.5803 54.7809
137.3 63.4928 8.44171 20.5323 54.8183
137.4 63.5297 8.4044 20.4844 54.8556
137.5 63.5665 8.36716 20.4365 54.8928
137.6 63.6033 8.32999 20.3886 54.93
137.7 63.64 8.2929 20.3407 54.9671
137.8 63.6767 8.25587 20.2928 55.0041
137.9 63.7133 8.21892 20.2448 55.0411
138 63.7498 8.18203 20.1969 55.078
138.1 63.7863 8.14522 20.149 55.1148
138.2 63.8227 8.10848 20.1011 55.1515
138.3 63.859 8.07181 20.0531 55.1882
138.4 63.8953 8.03521 20.0052 55.2248
138.5 63.9315 7.99869 19.9573 55.2613
138.6 63.9677 7.96223 19.9093 55.2978
138.7 64.0038 7.92585 19.8614 55.3341
138.8 64.0398 7.88954 19.8135 55.3705
138.9 64.0758 7.85331 19.7655 55.4067
139 64.1117 7.81714 19.7176 55.4429
139.1 64.1476 7.78105 19.6697 55.4789
139.2 64.1833 7.74503 19.6217 55.515
139.3 64.219 7.70909 19.5738 55.5509
139.4 64.2547 7.67321 19.5259 55.5868
139.5 64.2903 7.63741 19.4779 55.6226
139.6 64.3258 7.60169 19.43 55.6583
139.7 64.3612 7.56603 19.382 55.694
139.8 64.3966 7.53045 19.3341 55.7295
139.9 64.4319 7.49494 19.2861 55.7651
140 64.4671 7.45951 19.2382 55.8005
140.1 64.5022 7.42415 19.1902 55.8359
140.2 64.5373 7.38886 19.1423 55.8711
140.3 64.5723 7.35365 19.0943 55.9064
140.4 64.6073 7.31851 19.0464 55.9415
140.5 64.6422 7.28345 18.9984 55.9766
140.6 64.677 7.24846 18.9505 56.0115
140.7 64.7117 7.21354 18.9025 56.0465
140.8 64.7463 7.1787 18.8546 56.0813
140.9 64.7809 7.14393 18.8066 56.1161
141 64.8154 7.10924 18.7587 56.1508
141.1 64.8498 7.07462 18.7107 56.1854
141.2 64.8842 7.04007 18.6627 56.2199
141.3 64.9184 7.00561 18.6148 56.2544
141.4 64.9526 6.97121 18.5668 56.2888
141.5 64.9868 6.93689 18.5188 56.3231
141.6 65.0208 6.90265 18.4709 56.3573
141.7 65.0547 6.86848 18.4229 56.3915
141.8 65.0886 6.83439 18.3749 56.4256
141.9 65.1224 6.80037 18.327 56.4596
142 65.1561 6.76643 18.279 56.4936
142.1 65.1898 6.73257 18.231 56.5274
142.2 65.2233 6.69878 18.1831 56.5612
142.3 65.2568 6.66506 18.1351 56.5949
142.4 65.2902 6.63143 18.0871 56.6286
142.5 65.3235 6.59787 18.0391 56.6621
142.6 65.3567 6.56438 17.9911 56.6956
142.7 65.3898 6.53097 17.9432 56.729
142.8 65.4228 6.49764 17.8952 56.7624
142.9 65.4558 6.46438 17.8472 56.7956
143 65.4886 6.4312 17.7992 56.8288
143.1 65.5214 6.3981 17.7512 56.8619
143.2 65.5541 6.36508 17.7033 56.8949
143.3 65.5867 6.33213 17.6553 56.9279
143.4 65.6192 6.29926 17.6073 56.9607
143.5 65.6516 6.26646 17.5593 56.9935
143.6 65.6839 6.23374 17.5113 57.0263
143.7 65.7162 6.2011 17.4633 57.0589
143.8 65.7483 6.16854 17.4153 57.0915
143.9 65.7803 6.13606 17.3673 57.1239
144 65.8123 6.10365 17.3194 57.1564
144.1 65.8441 6.07132 17.2714 57.1887
144.2 65.8759 6.03907 17.2234 57.2209
144.3 65.9075 6.00689 17.1754 57.2531
144.4 65.9391 5.9748 17.1274 57.2852
144.5 65.9705 5.94278 17.0794 57.3172
144.6 66.0019 5.91084 17.0314 57.3492
144.7 66.0331 5.87898 16.9834 57.381
144.8 66.0643 5.8472 16.9354 57.4128
144.9 66.0953 5.8155 16.8874 57.4445
145 66.1263 5.78387 16.8394 57.4761
145.1 66.1571 5.75232 16.7914 57.5077
145.2 66.1879 5.72086 16.7434 57.5391
145.3 66.2185 5.68947 16.6954 57.5705
145.4 66.249 5.65816 16.6474 57.6018
145.5 66.2794 5.62693 16.5994 57.6331
145.6 66.3097 5.59578 16.5513 57.6642
145.7 66.3399 5.5647 16.5033 57.6953
145.8 66.37 5.53371 16.4553 57.7263
145.9 66.4 5.5028 16.4073 57.7572
146 66.4298 5.47196 16.3593 57.788
146.1 66.4596 5.44121 16.3113 57.8188
146.2 66.4892 5.41054 16.2633 57.8495
146.3 66.5187 5.37994 16.2153 57.8801
146.4 66.5481 5.34943 16.1672 57.9106
146.5 66.5774 5.31899 16.1192 57.941
146.6 66.6065 5.28864 16.0712 57.9714
146.7 66.6356 5.25837 16.0232 58.0016
146.8 66.6645 5.22817 15.9752 58.0318
146.9 66.6933 5.19806 15.9272 58.0619
147 66.722 5.16803 15.8791 58.092
147.1 66.7505 5.13807 15.8311 58.1219
147.2 66.7789 5.1082 15.7831 58.1518
147.3 66.8072 5.07841 15.7351 58.1816
147.4 66.8354 5.0487 15.687 58.2113
147.5 66.8634 5.01907 15.639 58.2409
147.6 66.8913 4.98953 15.591 58.2705
147.7 66.9191 4.96006 15.543 58.2999
147.8 66.9467 4.93068 15.4949 58.3293
147.9 66.9743 4.90137 15.4469 58.3586
148 67.0016 4.87215 15.3989 58.3879
148.1 67.0289 4.84301 15.3508 58.417
148.2 67.056 4.81395 15.3028 58.4461
148.3 67.0829 4.78497 15.2548 58.475
148.4 67.1098 4.75608 15.2067 58.5039
148.5 67.1364 4.72726 15.1587 58.5327
148.6 67.163 4.69853 15.1107 58.5615
148.7 67.1894 4.66988 15.0626 58.5901
148.8 67.2156 4.64131 15.0146 58.6187
148.9 67.2417 4.61283 14.9666 58.6472
149 67.2677 4.58442 14.9185 58.6756
149.1 67.2935 4.5561 14.8705 58.7039
149.2 67.3191 4.52786 14.8224 58.7321
149.3 67.3446 4.49971 14.7744 58.7603
149.4 67.37 4.47163 14.7263 58.7884
149.5 67.3952 4.44364 14.6783 58.8164
149.6 67.4202 4.41574 14.6303 58.8443
149.7 67.4451 4.38791 14.5822 58.8721
149.8 67.4698 4.36017 14.5342 58.8998
149.9 67.4944 4.33251 14.4861 58.9275
150 67.5188 4.30493 14.4381 58.9551
150.1 67.543 4.27744 14.39 58.9826
150.2 67.567 4.25003 14.342 59.01
150.3 67.5909 4.22271 14.2939 59.0373
150.4 67.6147 4.19546 14.2459 59.0645
150.5 67.6382 4.16831 14.1978 59.0917
150.6 67.6616 4.14123 14.1498 59.1188
150.7 67.6848 4.11424 14.1017 59.1458
150.8 67.7078 4.08733 14.0537 59.1727
150.9 67.7307 4.06051 14.0056 59.1995
151 67.7534 4.03377 13.9576 59.2262
151.1 67.7758 4.00711 13.9095 59.2529
151.2 67.7981 3.98054 13.8614 59.2795
151.3 67.8203 3.95405 13.8134 59.3059
151.4 67.8422 3.92765 13.7653 59.3323
151.5 67.8639 3.90133 13.7173 59.3587
151.6 67.8855 3.8751 13.6692 59.3849
151.7 67.9068 3.84895 13.6211 59.4111
151.8 67.928 3.82288 13.5731 59.4371
151.9 67.949 3.7969 13.525 59.4631
152 67.9697 3.77101 13.477 59.489
152.1 67.9903 3.7452 13.4289 59.5148
152.2 68.0107 3.71947 13.3808 59.5405
152.3 68.0308 3.69383 13.3328 59.5662
152.4 68.0508 3.66828 13.2847 59.5917
152.5 68.0705 3.64281 13.2366 59.6172
152.6 68.09 3.61742 13.1886 59.6426
152.7 68.1093 3.59212 13.1405 59.6679
152.8 68.1284 3.56691 13.0924 59.6931
152.9 68.1473 3.54178 13.0443 59.7182
153 68.166 3.51674 12.9963 59.7433
153.1 68.1844 3.49178 12.9482 59.7682
153.2 68.2026 3.46691 12.9001 59.7931
153.3 68.2206 3.44212 12.8521 59.8179
153.4 68.2383 3.41742 12.804 59.8426
153.5 68.2558 3.39281 12.7559 59.8672
153.6 68.2731 3.36828 12.7078 59.8917
153.7 68.2901 3.34383 12.6598 59.9162
153.8 68.3069 3.31948 12.6117 59.9405
153.9 68.3235 3.29521 12.5636 59.9648
154 68.3398 3.27103 12.5155 59.989
154.1 68.3558 3.24693 12.4675 60.0131
154.2 68.3716 3.22292 12.4194 60.0371
154.3 68.3871 3.19899 12.3713 60.061
154.4 68.4024 3.17516 12.3232 60.0848
154.5 68.4174 3.15141 12.2751 60.1086
154.6 68.4322 3.12774 12.227 60.1323
154.7 68.4467 3.10416 12.179 60.1558
154.8 68.4609 3.08067 12.1309 60.1793
154.9 68.4748 3.05727 12.0828 60.2027
155 68.4885 3.03395 12.0347 60.226
155.1 68.5019 3.01072 11.9866 60.2493
155.2 68.515 2.98758 11.9385 60.2724
155.3 68.5278 2.96453 11.8905 60.2955
155.4 68.5403 2.94156 11.8424 60.3184
155.5 68.5526 2.91868 11.7943 60.3413
155.6 68.5645 2.89589 11.7462 60.3641
155.7 68.5761 2.87318 11.6981 60.3868
155.8 68.5875 2.85056 11.65 60.4094
155.9 68.5985 2.82803 11.6019 60.432
156 68.6092 2.80559 11.5538 60.4544
156.1 68.6196 2.78324 11.5057 60.4768
156.2 68.6297 2.76097 11.4576 60.499
156.3 68.6394 2.73879 11.4096 60.5212
156.4 68.6488 2.7167 11.3615 60.5433
156.5 68.6579 2.6947 11.3134 60.5653
156.6 68.6667 2.67279 11.2653 60.5872
156.7 68.6751 2.65096 11.2172 60.609
156.8 68.6832 2.62922 11.1691 60.6308
156.9 68.6909 2.60757 11.121 60.6524
157 68.6983 2.58601 11.0729 60.674
157.1 68.7053 2.56454 11.0248 60.6955
157.2 68.712 2.54315 10.9767 60.7168
157.3 68.7183 2.52186 10.9286 60.7381
157.4 68.7242 2.50065 10.8805 60.7593
157.5 68.7297 2.47953 10.8324 60.7805
157.6 68.7349 2.4585 10.7843 60.8015
157.7 68.7397 2.43756 10.7362 60.8224
157.8 68.7441 2.41671 10.6881 60.8433
157.9 68.7481 2.39595 10.64 60.864
158 68.7517 2.37528 10.5919 60.8847
158.1 68.7548 2.35469 10.5438 60.9053
158.2 68.7576 2.3342 10.4957 60.9258
158.3 68.76 2.31379 10.4476 60.9462
158.4 68.7619 2.29347 10.3995 60.9665
158.5 68.7635 2.27325 10.3513 60.9868
158.6 68.7645 2.25311 10.3032 61.0069
158.7 68.7652 2.23306 10.2551 61.0269
158.8 68.7654 2.2131 10.207 61.0469
158.9 68.7651 2.19323 10.1589 61.0668
159 68.7644 2.17345 10.1108 61.0865
159.1 68.7633 2.15376 10.0627 61.1062
159.2 68.7616 2.13416 10.0146 61.1258
159.3 68.7595 2.11465 9.96648 61.1453
159.4 68.7569 2.09523 9.91837 61.1648
159.5 68.7538 2.0759 9.87026 61.1841
159.6 68.7502 2.05666 9.82214 61.2033
159.7 68.7461 2.03751 9.77403 61.2225
159.8 68.7415 2.01845 9.72592 61.2415
159.9 68.7364 1.99948 9.6778 61.2605
160 68.7308 1.9806 9.62969 61.2794
160.1 68.7246 1.96181 9.58157 61.2982
160.2 68.7179 1.94312 9.53346 61.3169
160.3 68.7107 1.92451 9.48534 61.3355
160.4 68.7028 1.90599 9.43723 61.354
160.5 68.6945 1.88756 9.38911 61.3724
160.6 68.6855 1.86922 9.34099 61.3908
160.7 68.676 1.85098 9.29287 61.409
160.8 68.6659 1.83282 9.24476 61.4272
160.9 68.6551 1.81476 9.19664 61.4452
161 68.6438 1.79678 9.14852 61.4632
161.1 68.6319 1.7789 9.1004 61.4811
161.2 68.6193 1.76111 9.05228 61.4989
161.3 68.6061 1.74341 9.00416 61.5166
161.4 68.5923 1.7258 8.95604 61.5342
161.5 68.5778 1.70828 8.90791 61.5517
161.6 68.5626 1.69085 8.85979 61.5691
161.7 68.5468 1.67351 8.81167 61.5865
161.8 68.5303 1.65627 8.76355 61.6037
161.9 68.5131 1.63912 8.71542 61.6209
162 68.4951 1.62205 8.6673 61.6379
162.1 68.4765 1.60508 8.61917 61.6549
162.2 68.4571 1.5882 8.57105 61.6718
162.3 68.437 1.57141 8.52292 61.6886
162.4 68.4162 1.55472 8.4748 61.7053
162.5 68.3946 1.53811 8.42667 61.7219
162.6 68.3722 1.5216 8.37854 61.7384
162.7 68.349 1.50518 8.33042 61.7548
162.8 68.325 1.48885 8.28229 61.7712
162.9 68.3002 1.47261 8.23416 61.7874
163 68.2746 1.45646 8.18603 61.8035
163.1 68.2481 1.44041 8.1379 61.8196
163.2 68.2208 1.42444 8.08977 61.8356
163.3 68.1926 1.40857 8.04164 61.8514
163.4 68.1635 1.3928 7.99351 61.8672
163.5 68.1335 1.37711 7.94538 61.8829
163.6 68.1027 1.36152 7.89725 61.8985
163.7 68.0708 1.34601 7.84912 61.914
163.8 68.0381 1.3306 7.80099 61.9294
163.9 68.0043 1.31529 7.75285 61.9447
164 67.9696 1.30006 7.70472 61.9599
164.1 67.9339 1.28493 7.65659 61.9751
164.2 67.8972 1.26989 7.60845 61.9901
164.3 67.8595 1.25494 7.56032 62.0051
164.4 67.8207 1.24009 7.51219 62.0199
164.5 67.7808 1.22532 7.46405 62.0347
164.6 67.7399 1.21065 7.41592 62.0493
164.7 67.6978 1.19608 7.36778 62.0639
164.8 67.6546 1.18159 7.31964 62.0784
164.9 67.6103 1.1672 7.27151 62.0928
165 67.5648 1.1529 7.22337 62.1071
165.1 67.5181 1.13869 7.17523 62.1213
165.2 67.4702 1.12458 7.1271 62.1354
165.3 67.4211 1.11056 7.07896 62.1494
165.4 67.3707 1.09663 7.03082 62.1634
165.5 67.3191 1.0828 6.98268 62.1772
165.6 67.2661 1.06906 6.93454 62.1909
165.7 67.2118 1.05541 6.8864 62.2046
165.8 67.1562 1.04185 6.83826 62.2181
165.9 67.0991 1.02839 6.79012 62.2316
166 67.0407 1.01502 6.74198 62.245
166.1 66.9808 1.00175 6.69384 62.2583
166.2 66.9195 0.988564 6.6457 62.2714
166.3 66.8567 0.975475 6.59756 62.2845
166.4 66.7924 0.962479 6.54942 62.2975
166.5 66.7265 0.949577 6.50128 62.3104
166.6 66.659 0.936768 6.45313 62.3232
166.7 66.5899 0.924053 6.40499 62.3359
166.8 66.5192 0.911432 6.35685 62.3486
166.9 66.4468 0.898903 6.3087 62.3611
167 66.3727 0.886469 6.26056 62.3735
167.1 66.2968 0.874128 6.21241 62.3859
167.2 66.2192 0.861881 6.16427 62.3981
167.3 66.1397 0.849728 6.11613 62.4103
167.4 66.0584 0.837668 6.06798 62.4223
167.5 65.9752 0.825702 6.01983 62.4343
167.6 65.89 0.81383 5.97169 62.4462
167.7 65.8029 0.802052 5.92354 62.4579
167.8 65.7137 0.790368 5.8754 62.4696
167.9 65.6225 0.778777 5.82725 62.4812
168 65.5291 0.767281 5.7791 62.4927
168.1 65.4336 0.755879 5.73095 62.5041
168.2 65.3359 0.74457 5.68281 62.5154
168.3 65.236 0.733356 5.63466 62.5266
168.4 65.1337 0.722236 5.58651 62.5378
168.5 65.0291 0.71121 5.53836 62.5488
168.6 64.9221 0.700279 5.49021 62.5597
168.7 64.8127 0.689441 5.44206 62.5706
168.8 64.7007 0.678698 5.39392 62.5813
168.9 64.5861 0.668049 5.34577 62.592
169 64.4689 0.657494 5.29762 62.6025
169.1 64.349 0.647034 5.24947 62.613
169.2 64.2264 0.636668 5.20131 62.6233
169.3 64.1009 0.626396 5.15316 62.6336
169.4 63.9725 0.616219 5.10501 62.6438
169.5 63.8412 0.606137 5.05686 62.6539
169.6 63.7069 0.596148 5.00871 62.6639
169.7 63.5694 0.586255 4.96056 62.6737
169.8 63.4288 0.576456 4.91241 62.6835
169.9 63.285 0.566751 4.86425 62.6932
170 63.1377 0.557142 4.8161 62.7029
170.1 62.9871 0.547626 4.76795 62.7124
170.2 62.833 0.538206 4.7198 62.7218
170.3 62.6753 0.52888 4.67164 62.7311
170.4 62.5139 0.519649 4.62349 62.7404
170.5 62.3488 0.510513 4.57533 62.7495
170.6 62.1797 0.501471 4.52718 62.7585
170.7 62.0067 0.492525 4.47903 62.7675
170.8 61.8297 0.483673 4.43087 62.7763
170.9 61.6485 0.474916 4.38272 62.7851
171 61.463 0.466254 4.33456 62.7937
171.1 61.2731 0.457687 4.28641 62.8023
171.2 61.0786 0.449215 4.23825 62.8108
171.3 60.8796 0.440838 4.1901 62.8192
171.4 60.6758 0.432555 4.14194 62.8274
171.5 60.4671 0.424368 4.09378 62.8356
171.6 60.2535 0.416276 4.04563 62.8437
171.7 60.0346 0.408279 3.99747 62.8517
171.8 59.8105 0.400377 3.94931 62.8596
171.9 59.581 0.392571 3.90116 62.8674
172 59.3459 0.384859 3.853 62.8751
172.1 59.105 0.377243 3.80484 62.8828
172.2 58.8582 0.369721 3.75669 62.8903
172.3 58.6054 0.362295 3.70853 62.8977
172.4 58.3464 0.354965 3.66037 62.905
172.5 58.0809 0.347729 3.61221 62.9123
172.6 57.8088 0.340589 3.56405 62.9194
172.7 57.53 0.333544 3.51589 62.9265
172.8 57.2442 0.326594 3.46774 62.9334
172.9 56.9512 0.31974 3.41958 62.9403
173 56.6509 0.312981 3.37142 62.947
173.1 56.3429 0.306318 3.32326 62.9537
173.2 56.0272 0.29975 3.2751 62.9603
173.3 55.7033 0.293277 3.22694 62.9667
173.4 55.3713 0.2869 3.17878 62.9731
173.5 55.0306 0.280619 3.13062 62.9794
173.6 54.6812 0.274433 3.08246 62.9856
173.7 54.3228 0.268342 3.0343 62.9917
173.8 53.9551 0.262347 2.98614 62.9977
173.9 53.5778 0.256447 2.93798 63.0036
174 53.1906 0.250643 2.88982 63.0094
174.1 52.7932 0.244935 2.84166 63.0151
174.2 52.3854 0.239322 2.7935 63.0207
174.3 51.9669 0.233805 2.74534 63.0262
174.4 51.5372 0.228383 2.69718 63.0316
174.5 51.0961 0.223057 2.64901 63.0369
174.6 50.6433 0.217827 2.60085 63.0422
174.7 50.1783 0.212693 2.55269 63.0473
174.8 49.7009 0.207654 2.50453 63.0523
174.9 49.2107 0.202711 2.45637 63.0573
175 48.7072 0.197863 2.40821 63.0621
175.1 48.1902 0.193112 2.36004 63.0669
175.2 47.6591 0.188456 2.31188 63.0715
175.3 47.1137 0.183896 2.26372 63.0761
175.4 46.5535 0.179431 2.21556 63.0806
175.5 45.9781 0.175063 2.16739 63.0849
175.6 45.3871 0.17079 2.11923 63.0892
175.7 44.78 0.166613 2.07107 63.0934
175.8 44.1564 0.162532 2.02291 63.0975
175.9 43.5159 0.158547 1.97474 63.1015
176 42.858 0.154658 1.92658 63.1053
176.1 42.1823 0.150864 1.87842 63.1091
176.2 41.4884 0.147167 1.83025 63.1128
176.3 40.7758 0.143565 1.78209 63.1164
176.4 40.0441 0.14006 1.73393 63.1199
176.5 39.2928 0.13665 1.68576 63.1234
176.6 38.5216 0.133336 1.6376 63.1267
176.7 37.7301 0.130118 1.58943 63.1299
176.8 36.9178 0.126996 1.54127 63.133
176.9 36.0843 0.12397 1.49311 63.136
177 35.2294 0.12104 1.44494 63.139
177.1 34.3526 0.118206 1.39678 63.1418
177.2 33.4538 0.115468 1.34861 63.1445
177.3 32.5326 0.112826 1.30045 63.1472
177.4 31.5888 0.11028 1.25229 63.1497
177.5 30.6223 0.10783 1.20412 63.1522
177.6 29.6328 0.105476 1.15596 63.1545
177.7 28.6204 0.103218 1.10779 63.1568
177.8 27.585 0.101056 1.05963 63.1589
177.9 26.5267 0.0989898 1.01146 63.161
178 25.4455 0.0970199 0.9633 63.163
178.1 24.3417 0.0951461 0.915135 63.1649
178.2 23.2155 0.0933683 0.86697 63.1666
178.3 22.0674 0.0916866 0.818805 63.1683
178.4 20.8977 0.090101 0.770641 63.1699
178.5 19.7071 0.0886114 0.722476 63.1714
178.6 18.4961 0.0872179 0.674311 63.1728
178.7 17.2655 0.0859205 0.626146 63.1741
178.8 16.0161 0.0847192 0.577981 63.1753
178.9 14.749 0.083614 0.529816 63.1764
179 13.4651 0.0826049 0.481651 63.1774
179.1 12.1656 0.0816919 0.433486 63.1783
179.2 10.8517 0.0808749 0.385321 63.1791
179.3 9.52478 0.0801541 0.337156 63.1798
179.4 8.18628 0.0795294 0.288991 63.1805
179.5 6.83768 0.0790008 0.240826 63.181
179.6 5.48055 0.0785683 0.192661 63.1814
179.7 4.11651 0.0782319 0.144495 63.1818
179.8 2.74726 0.0779916 0.0963303 63.182
179.9 1.37451 0.0778475 0.0481651 63.1822
180 9.64659e-14 0.0777994 3.37961e-15 63.1822
